-9359 4 1 191
-11535 3 0
-11679 33 0
-12351 129 0
-12887 4 1 263
-12999 5 0
-13775 322 0
-14024 100663296 0
-15111 524417 0
-15215 34 0
-15615 3 1 347
-16639 4 0
-16904 100663296 0
-17031 5 0
-18135 531 0
-18383 512 0
-19316 8 0
-19415 10 0
-20096 67108864 0
-20180 2 0
-20215 18 0
-20447 132 0
-20487 1 0
-20559 4194317 0
-20679 65537 0
-20735 282 0
-21320 100665362 0
-21743 32 0
-21935 2050 0
-22351 516 0
-22479 32769 0
-22695 4194339 0
-22916 32 0
-23199 1097 0
-23240 102760454 0
-23359 270340 0
-23396 0 0
-23583 5 0
-23684 512 0
-23696 67108864 0
-23775 3 1 317
-23960 201326594 0
-24020 2 0
-24464 67108872 0
-25023 65 0
-25263 5 1 401
-25351 16777216 0
-25424 67108868 0
-25551 33 1 167
-25863 1025 0
-25879 4 0
-26535 65795 0
-26696 100933632 0
-26815 514 0
-26823 1 0
-26864 67633280 0
-26960 67108866 0
-27015 3 0
-27128 201326592 0
-27183 2097 0
-27255 1048707 0
-27536 67108864 0
-27572 65536 0
-27615 7 0
-27956 256 0
-28007 4 0
-28388 8192 0
-28484 0 0
-28640 67108866 0
-28743 131097 0
-28911 129 0
-29103 4194305 0
-29312 67108864 0
-29343 1 0
-29463 65669 0
-29732 0 0
-29784 201850913 0
-30423 1 0
-30615 19 0
-30919 4 1 631
-30944 67108864 0
-30980 2 0
-31095 3 1 691
-31352 201326592 0
-31400 100663298 1 157
-31520 67108866 0
-31527 513 1 113
-31647 13 0
-31688 100663328 0
-31807 32 0
-31940 2 0
-31979 0 1 113
-32072 100663360 0
-32239 0 1 103
-32240 67109394 0
-32599 4 0
-32660 262274 0
-33380 2 0
-33624 201326593 1 467
-33896 100663360 0
-34724 0 0
-34815 11 0
-35143 0 1 113
-35144 100663424 0
-35223 32769 0
-35240 100663298 0
-35264 67109184 0
-35552 83886088 0
-36183 5 0
-36872 100663304 0
-37160 100663298 0
-37436 4 1 191
-37815 3 0
-37863 5 1 601
-37983 9 0
-38180 2097282 0
-38184 100668417 0
-38423 12 0
-38607 33 0
-38756 0 0
-39176 102793216 0
-39248 67108872 0
-39332 0 0
-39368 100664388 0
-39504 67108865 0
-39696 67108865 0
-39864 201326601 0
-39899 32 0
-40160 67108866 0
-40836 2099201 0
-40884 1 0
-40951 512 0
-41007 1 0
-41095 2 0
-41124 129 0
-41492 2184 0
-41780 2 0
-41960 100663298 0
-42135 16387 0
-42152 100663304 0
-42207 9 0
-42272 67108864 0
-42296 201326624 0
-42655 66 0
-42756 5 0
-42807 65 0
-42864 67117121 0
-42975 3 1 191
-43176 100663301 0
-43536 67108865 0
-43940 18 0
-44095 2 0
-44099 72 0
-44196 257 0
-44479 64 0
-44672 67108864 0
-44696 201327616 0
-44823 131073 0
-44895 526339 0
-44912 67108868 0
-45216 67108865 1 157
-45236 4096 0
-45384 100729345 0
-45543 8289 0
-45991 1032 0
-46140 3 0
-46376 100663848 0
-46416 67108865 0
-46536 100663301 0
-46580 34 0
-46596 9 0
-46671 8193 0
-46676 4 0
-46716 33 0
-46835 354 0
-47047 8220 0
-47336 109117440 0
-47504 67108864 0
-47576 201326656 0
-47679 129 0
-47744 67108864 0
-47780 2 0
-47895 515 0
-48011 2048 0
-48264 100663297 0
-48896 67108864 0
-48984 201326609 0
-49184 67125504 0
-49224 100663301 0
-49256 100671488 0
-49404 129 0
-49472 67108864 0
-49716 1 1 1381
-49776 67174433 0
-49863 9 0
-49931 4 1 1019
-50016 67108865 0
-50099 36 0
-50531 144 0
-50935 65538 0
-50948 8192 0
-50987 131072 0
-51024 67108865 0
-51140 2 0
-51548 4 1 263
-51615 1539 0
-51816 100663329 0
-51848 100663296 0
-51936 67108865 0
-51960 201326595 0
-51996 5 0
-52324 0 1 103
-52328 100663808 0
-52464 67108865 0
-52495 2 0
-52576 67125760 0
-52647 133 0
-52680 100663299 0
-52744 100663360 0
-52760 201326594 0
-52935 3 0
-53060 6 0
-53099 256 0
-53103 513 0
-53316 1 1 1481
-53480 100663302 0
-53695 2 0
-53732 16777284 0
-53888 67108864 0
-54055 66 0
-54152 100663300 0
-54304 67108864 0
-54744 201326593 0
-54752 67141888 0
-54895 2 0
-54899 2064 0
-54967 72 0
-54984 101712129 0
-55044 9 1 139
-55096 209977344 0
-55100 322 0
-55280 67108866 0
-55284 33 0
-55460 40962 0
-55524 5 0
-55748 12 0
-56036 0 0
-56048 67109376 0
-56136 100663297 0
-56287 4140 0
-56343 5 0
-56480 67108866 0
-56695 418 0
-57204 5 1 227
-58020 3 0
-58296 201326597 0
-58592 67108864 0
-58615 66 0
-58807 516 0
-58931 512 0
-59296 67108896 0
-59316 1 0
-59732 0 1 109
-59776 67108864 0
-59912 100663296 0
-60084 1 1 1669
-60144 67108869 0
-60367 147488 0
-60444 524417 0
-60660 3 1 337
-60740 2 0
-60860 34 0
-60864 67108865 0
-60936 100663297 0
-61087 1040 0
-61623 2049 1 167
-61783 512 0
-61816 201326592 0
-61896 100663297 0
-61956 1 1 1721
-61984 67108880 0
-62123 525440 0
-62292 257 0
-62376 100663425 0
-62460 3 1 347
-62463 8193 0
-62647 1114128 0
-62648 201328640 0
-62651 12800 0
-62676 1 1 1741
-62815 34 0
-63635 4194330 0
-63796 2048 0
-63816 100663297 0
-63872 67108864 0
-63908 16 0
-63919 2048 0
-64232 100664836 0
-64371 4097 0
-64404 1 1 1789
-64440 201326595 1 179
-64495 2 0
-64592 67108872 0
-64815 259 0
-64832 67108864 0
-64868 0 0
-65240 201326598 0
-65312 67108880 0
-65560 201326602 0
-65716 4 0
-65720 201343490 0
-65732 0 0
-65952 67108865 1 229
-66184 100663296 0
-66272 67108928 0
-66275 10 1 241
-66468 257 0
-66543 2049 0
-66556 4 0
-66727 16384 0
-66740 270338 0
-67160 201851010 0
-67232 67108872 0
-67236 17 0
-67296 67108865 0
-67328 67108864 0
-67416 201342977 0
-67423 0 1 191
-67472 67108864 0
-67656 100663297 0
-67744 67633408 0
-67859 520 0
-67879 4 0
-67904 67108864 0
-68007 1 0
-68052 16385 0
-68124 5 0
-68216 201326592 0
-68343 73 0
-69240 201326595 0
-69275 34 1 163
-69380 2 0
-69456 67108865 0
-69460 130 0
-69624 201326593 1 967
-69659 2048 0
-69731 0 1 103
-69856 67142656 0
-69927 25 0
-70016 67108864 0
-70091 612 0
-70532 12 0
-70760 100729090 0
-70887 1 0
-70920 100663299 1 197
-70931 4 0
-70975 34 1 167
-71099 4 1 1451
-71112 100663297 0
-71139 129 0
-71184 67108865 0
-71247 41 0
-71531 0 1 233
-71544 201326601 0
-71863 8200 0
-72016 67108868 0
-72020 18 0
-72540 531 0
-72708 2621441 0
-72744 100663301 0
-73284 513 0
-73451 4 1 1499
-73532 512 0
-73567 16 0
-73663 64 0
-73760 67108866 0
-73807 128 0
-73876 524424 0
-73952 67108864 0
-74228 12 0
-74263 4 1 103
-74459 12 0
-74571 147461 0
-74600 100663298 1 373
-74768 67108864 0
-74868 33 0
-74943 9 1 757
-75192 201326609 0
-75332 1024 0
-75447 18874369 0
-75515 10 0
-75544 201588804 0
-76112 67502080 0
-76179 131073 0
-76216 201326596 0
-76255 16777218 0
-76400 67108866 1 191
-76499 0 1 227
-76515 3 0
-76571 8 0
-77192 100663296 0
-77451 9 0
-77660 10 0
-77664 67108865 0
-77691 8513 0
-77808 67108865 0
-77844 17 0
-78064 67110948 0
-78131 1052800 0
-78616 201327104 0
-78687 5 1 1249
-78851 256 0
-78916 0 1 109
-78968 201326592 0
-79028 128 0
-79092 17 0
-79235 16530 0
-79328 67240960 0
-79344 67109185 0
-79352 201326612 0
-79547 272 0
-79640 201326602 0
-79728 67108873 0
-79808 67113216 0
-79848 100663297 1 1109
-79992 218103817 0
-80211 1 0
-80420 2 0
-80464 67117056 0
-80584 100663300 0
-80852 2336 0
-80860 18 0
-81256 100663300 0
-81284 4 0
-81440 67108866 0
-81668 32 0
-81683 4 1 1667
-81788 132 0
-81948 1 0
-82236 4194317 0
-82327 68 0
-82615 2578 0
-82716 65537 0
-82940 282 0
-83044 16 0
-83171 8 0
-83588 0 0
-84192 67108865 0
-84256 67108864 0
-84432 67108865 0
-84496 67108864 0
-84552 100663313 0
-84788 10248 0
-84804 1025 0
-84872 100663296 1 103
-85032 100663297 1 1181
-85043 4 0
-85216 67108864 0
-85656 203427841 0
-85748 8388656 0
-86019 16385 0
-86136 209716225 0
-86339 8200 0
-86360 201326626 0
-86816 67108864 0
-86972 32 0
-87060 3 0
-87332 4 0
-87408 67108865 1 607
-87496 100663296 0
-87515 130 0
-87740 2050 0
-87792 67142145 0
-87888 67108865 0
-88144 67108868 0
-88232 100665344 0
-88235 6 0
-88308 9 1 223
-88384 67108864 0
-88392 100663553 0
-88504 201327760 0
-88691 512 0
-88728 201326593 0
-88816 67174420 0
-88928 67108868 0
-89267 4227104 0
-89404 516 0
-89432 201326596 0
-89796 5 0
-89916 32769 0
-90183 129 0
-90244 12 0
-90275 130 1 157
-90360 201326595 1 251
-90456 201326593 0
-90644 4640 0
-90780 4194339 0
-90864 67108865 1 631
-91024 67108864 0
-91464 100664321 0
-91715 2097202 0
-91743 16385 0
-91760 67110402 0
-91863 32769 1 173
-92228 0 0
-92408 201326592 0
-92411 520 0
-92580 3 0
-92644 16576 0
-92796 1097 0
-92824 201328640 0
-92896 67108864 0
-93032 100663552 0
-93099 1 0
-93400 201326594 1 467
-93432 201326625 0
-93436 270340 0
-93672 100663297 1 1301
-94040 201326594 0
-94096 67108864 0
-94115 6 0
-94332 5 0
-94571 32 0
-94696 104857668 0
-94880 67108866 0
-94887 17 1 811
-94980 3 0
-95044 0 0
-95064 201326625 0
-95100 3 1 317
-95112 100663297 1 1321
-95284 2099204 0
-95555 258 0
-95592 100663301 0
-95732 20 0
-95771 16400 0
-95887 136 0
-96347 295040 0
-96528 67108865 0
-96648 100663297 0
-96996 32769 0
-97504 67108872 0
-97716 33 0
-97832 100663300 0
-97955 26 0
-98228 16 0
-98243 32 0
-98363 576 0
-98648 201359432 0
-98760 100663299 0
-99096 201326593 0
-99515 18 0
-99556 0 0
-99572 524808 0
-100092 65 0
-100512 67108865 1 349
-100628 8 0
-100632 201326597 0
-101052 5 1 401
-101104 71565312 0
-101124 16385 0
-101192 100663316 0
-101211 9 0
-101352 100665345 0
-101379 8193 0
-101404 16777216 0
-101588 0 1 109
-101699 16 0
-101748 65537 0
-101776 67108864 0
-101956 262144 0
-102051 417 0
-102204 33 1 167
-102376 100794368 0
-102612 33 0
-102676 68 0
-102744 201326593 1 1427
-102948 129 0
-103044 513 0
-103264 67108868 0
-103447 270848 0
-103452 1025 0
-103516 4 0
-103523 132 0
-103920 67108867 0
-104352 67108865 0
-104360 100663298 0
-104688 67108865 1 727
-104776 100663300 0
-104824 201326592 0
-105007 4 1 2143
-105184 67108928 0
-105376 71304192 0
-105456 67108881 0
-105531 257 0
-105611 8 0
-105659 2228288 0
-105720 201326595 0
-105847 4 0
-105923 524288 0
-105972 1 0
-106024 100663552 0
-106100 2 1 1061
-106140 65795 0
-106464 67108865 0
-106816 67108864 0
-106840 201326594 0
-106884 1 1 2969
-107211 17 0
-107224 201326608 0
-107260 514 0
-107292 1 0
-107371 4104 0
-107424 67108865 1 373
-107492 12 0
-107499 5 0
-107524 0 0
-107664 67108865 0
-107680 67108866 0
-108004 131600 0
-108060 3 0
-108515 10 0
-108732 2097 0
-108888 201326609 0
-109020 1048707 0
-109156 256 0
-109400 201326594 1 547
-109456 67108864 0
-109704 100663301 0
-109720 201326610 0
-109787 16777216 0
-110016 67108865 1 191
-110280 100663299 0
-110287 256 0
-110435 18 0
-110460 7 0
-110664 100679937 0
-110795 2 0
-110820 3 0
-111040 67108866 0
-111312 67108865 1 773
-111332 16 0
-111376 67108864 0
-111424 67108864 0
-111579 17 0
-111632 67108864 0
-111727 12 0
-111784 104857600 0
-112028 4 0
-112144 67112960 0
-112296 100663297 0
-112360 100679682 0
-112656 67108865 0
-112864 67108864 0
-113139 17 1 967
-113176 201338884 0
-113440 67108866 0
-113776 67108880 0
-113907 4097 0
-114024 100663297 0
-114064 67108864 0
-114435 3 1 2543
-114496 67108864 0
-114803 16 0
-114972 131097 0
-115059 5 0
-115087 2052 0
-115284 17 0
-115423 12 0
-115448 201326592 0
-115460 130 0
-115576 201326592 0
-115644 129 0
-115667 8320 0
-116344 201326592 0
-116383 0 1 181
-116412 4194305 0
-116435 524554 0
-116843 0 1 331
-116888 201326656 0
-116904 100663297 0
-117291 1 0
-117372 1 0
-117472 67108864 0
-117852 65669 0
-117988 16 0
-118084 16384 0
-118176 67108865 0
-118240 67108866 0
-118475 6 1 677
-118752 67108865 0
-118804 4 0
-119208 100663297 0
-119256 201326593 0
-119584 83887104 0
-119620 2 0
-119688 100663297 0
-119819 4 0
-119832 201326593 0
-119912 100663312 0
-119944 100671752 0
-121131 4097 1 313
-121187 136 0
-121248 67108865 1 421
-121412 0 1 127
-121428 1 1 3373
-121432 201330688 0
-121488 67108865 0
-121539 265 0
-121584 67108897 0
-121611 5 0
-121692 1 0
-122291 144 0
-122448 67108865 0
-122460 19 0
-122464 71307264 0
-122691 1 0
-122776 201326592 1 103
-123192 201359617 0
-123339 1 0
-123459 5 0
-123676 4 1 631
-123684 9 0
-123888 71303425 0
-123892 8192 0
-124192 67108864 0
-124240 67108866 0
-124380 3 1 691
-124403 512 0
-124448 67108864 0
-124564 72 0
-124776 100663297 1 1733
-124896 67108865 0
-124995 19 0
-125040 67108867 0
-125088 67108865 0
-125320 100663314 0
-125451 16385 1 263
-125776 67108868 0
-125811 5 1 1997
-126108 513 1 113
-126588 13 0
-127080 100663299 1 353
-127228 32 0
-127272 100663297 0
-127336 100663304 0
-127540 6 0
-127971 32769 1 241
-128132 0 1 103
-128208 67108865 0
-128344 201392128 0
-128355 4099 0
-128499 261 0
-128956 0 1 103
-129192 100663301 0
-129396 2049 0
-129552 67108865 0
-129635 10 0
-129812 2097312 0
-129864 100663301 0
-129904 67108992 0
-130068 1 1 3613
-130392 201326593 1 1811
-130396 4 0
-130656 67108865 0
-130756 8388608 0
-130763 4096 0
-131088 67108865 0
-131451 4097 0
-131491 128 0
-131503 0 1 107
-131808 67108865 0
-131832 201326593 1 1831
-132312 201327617 0
-133232 67108872 0
-133336 201326596 0
-133480 100933634 0
-133624 201326592 0
-133635 32771 0
-133688 201326624 0
-134328 201326849 0
-134344 100663300 0
-134436 33 0
-134528 67108864 0
-134544 67108865 0
-134728 100663304 0
-135011 1048576 0
-135128 201326660 0
-135248 68157440 0
-135256 201343240 0
-135492 5 0
-135880 101715970 0
-135940 6 0
-135976 100663424 0
-136115 6 0
-136144 67239936 0
-136395 7 1 433
-136516 0 0
-136560 67108867 0
-136763 8 0
-136804 128 0
-136928 67108872 0
-137028 65 0
-137064 100663297 0
-137184 67108865 0
-137380 2 0
-137440 67108866 0
-137451 1 0
-137508 5 0
-137560 201326658 0
-137568 67108865 0
-137928 100663301 0
-138072 201326601 0
-138084 1025 0
-138099 17 0
-138100 2 1 1381
-138171 1064969 0
-138244 96 0
-138411 21 0
-138515 18 0
-138708 1 1 3853
-138792 100663297 0
-138803 1048580 0
-138856 100663328 0
-138916 0 0
-139032 201326593 1 1931
-139232 67108928 0
-139260 11 0
-139480 201326602 0
-139668 1 1 103
-139687 2048 0
-139812 65537 0
-140176 67108864 0
-140328 100663297 1 1949
-140340 3 0
-140572 0 1 113
-140608 67108880 0
-140892 32769 0
-141035 131074 0
-141072 67108865 0
-141083 4128 0
-141160 100663298 0
-141235 8194 0
-141247 0 1 137
-141363 1 2 113 139
-141459 65537 0
-141544 100663312 0
-141672 100663297 0
-141683 64 0
-141952 67108864 0
-142355 262146 0
-142420 2 0
-142504 100671488 0
-142515 3 1 3167
-142516 1050632 0
-142660 6 0
-142788 524289 0
-143008 67110912 0
-143091 17 1 1223
-143176 100663304 0
-143251 512 0
-143256 201334785 0
-143416 201326612 0
-143432 100663296 0
-143712 67108865 1 499
-143716 66112 0
-143796 129 0
-144456 100663313 0
-144607 2048 0
-144723 65 0
-144732 5 0
-145032 100663297 0
-145187 4 1 2963
-145264 67108868 0
-145312 67108928 0
-145332 9 1 367
-145380 3 0
-145540 66 0
-145780 1026 0
-145872 67108865 1 1013
-145939 64 0
-146068 16400 0
-146451 1 0
-146644 65536 0
-146820 3 0
-146952 100663313 1 157
-147003 65 0
-147195 3 1 3271
-147220 34 0
-147275 4098 1 137
-147348 1 1 4093
-147467 393728 0
-147828 8388609 0
-147984 67108865 0
-148080 67108867 0
-148132 256 0
-148552 100663808 0
-148619 0 1 331
-148744 100663296 0
-148755 8195 0
-148771 16388 0
-149008 67239936 0
-149088 67108865 0
-149112 201326657 1 109
-149147 1280 0
-149392 67108864 0
-149523 137 0
-149860 32770 0
-149956 0 0
-150180 3 0
-150308 16384 0
-150640 67108870 0
-150688 67108896 0
-150792 100728833 0
-150964 532488 0
-150971 0 1 223
-151035 3 0
-151131 1 0
-151168 67108864 0
-151260 3 0
-151264 67109120 0
-151272 100663305 1 191
-151452 5 1 601
-151475 2621442 0
-151480 201326598 0
-151488 67108865 1 263
-151648 67108868 0
-151812 1 1 4217
-151864 201328640 0
-151932 9 0
-152088 201326593 0
-152224 67502080 0
-152260 130 0
-152688 67108865 0
-152740 6 0
-152784 67108865 1 1061
-152912 67108928 0
-153012 2049 0
-153048 201326597 0
-153051 33 0
-153139 4 1 131
-153692 12 0
-153747 9 1 1553
-154152 100663297 1 2141
-154192 67108992 0
-154324 2048 0
-154428 33 0
-154480 67108866 0
-154539 13 1 223
-154756 4 0
-154888 100663360 0
-155392 67108864 0
-155408 67108872 0
-155451 1 0
-155859 9 0
-156216 201326721 0
-156223 256 0
-156304 67108864 0
-156339 257 1 599
-156360 100663299 0
-156448 67108864 0
-156459 1 0
-156792 201334785 0
-157096 101187584 0
-157408 67108864 0
-157536 67108865 1 547
-157540 2 0
-157827 1 0
-157903 0 1 269
-158088 100663301 0
-158440 100663330 0
-158536 100663364 0
-158579 0 1 347
-159035 34 0
-159172 16 0
-159336 100663297 1 2213
-159364 0 0
-159843 1 0
-159888 67108865 0
-159940 10 0
-159988 9344 0
-160059 1 0
-160180 2 0
-160248 201326601 0
-160251 21 0
-160336 67108872 0
-160531 262244 0
-160532 131072 0
-160692 5 0
-161064 100663297 1 2237
-161211 289 0
-161284 65536 0
-161483 32932 0
-161520 67108867 0
-161536 67108864 0
-161555 1048578 0
-161560 201326598 0
-161572 512 0
-161704 100665632 0
-161767 2097152 0
-161787 1 1 199
-161812 4 0
-161859 1 1 163
-161872 67239936 0
-161931 13 0
-161987 524292 0
-162136 201326608 0
-162148 4 0
-162168 201326849 0
-162171 1025 1 487
-162248 100663328 0
-162635 10 0
-162760 100663314 0
-162771 133 0
-162952 100663296 0
-163059 1041 0
-163060 514 0
-163804 512 0
-163907 65536 0
-164028 1 0
-164328 100665345 0
-164380 2 0
-164440 201326594 0
-164483 72 0
-164548 512 0
-164947 0 1 281
-165155 131362 0
-165315 3 1 103
-165555 19 1 283
-165683 4 0
-165771 1 2 113 163
-165803 8 0
-165960 100663299 1 461
-166112 67109120 0
-166248 100663297 1 2309
-166251 1 1 151
-166356 1 1 4621
-166368 67108865 0
-166372 0 0
-166392 201326593 1 2311
-166528 67108864 0
-166683 9 0
-166900 2 1 1669
-167235 3 0
-167307 517 0
-167380 2 0
-167412 5 0
-167560 100958210 0
-167835 131075 0
-167968 67109120 0
-168228 1 1 4673
-168483 262149 0
-168484 524288 0
-168540 16387 0
-168616 100663300 0
-168648 100663297 0
-168828 9 0
-168888 201327105 0
-168947 4096 0
-169744 67108864 1 103
-169780 18 0
-170068 67616 0
-170256 67108865 0
-170259 321 0
-170620 66 0
-170760 100663299 0
-170848 67108928 0
-171027 513 1 613
-171160 201326602 0
-171228 65 0
-171252 393217 0
-171424 67108872 0
-171732 9 0
-171891 262145 1 269
-171900 3 1 191
-172216 201326664 0
-172275 3 1 2297
-172299 1048577 0
-172308 2097153 0
-172312 201326628 0
-172488 100663297 0
-172539 65 1 1009
-173131 4 0
-173584 67108928 0
-173995 4194466 0
-174100 2 1 1741
-174171 1 0
-174203 256 0
-174435 259 0
-174688 67125248 0
-174712 201326592 0
-174891 8388609 0
-174947 2080 0
-175171 32768 0
-175396 16 0
-175491 1569 0
-175632 67108865 0
-175848 100663329 0
-176020 18 0
-176232 100663301 0
-176260 6 0
-176344 201465860 0
-176380 2 0
-176595 65539 0
-176680 100663302 0
-176768 67108864 0
-177108 1 0
-177219 8388869 0
-177267 1025 0
-177528 201326609 0
-177568 67109376 0
-177588 1 1 4933
-177803 32 0
-177916 64 0
-177988 0 0
-178120 101253122 0
-178395 7 0
-178411 128 0
-178419 1 0
-178452 1 1 4957
-178488 201458689 0
-178667 0 1 373
-178755 35 0
-178900 2 1 1789
-179011 4 1 107
-179163 33 1 1171
-179211 10753 0
-179267 4104 0
-179292 131073 0
-179299 16416 0
-179363 2097152 0
-179380 2 0
-179568 67113217 0
-179580 526339 0
-179776 67125248 0
-180088 201326592 0
-180219 17 0
-180436 1048576 0
-180672 67108865 0
-180856 201335824 0
-180859 4 1 3691
-181060 10 0
-181099 8388608 0
-181635 3 0
-181659 65 0
-181696 67108896 0
-181840 67108866 0
-181883 48 0
-182172 8289 0
-182251 32768 0
-182643 129 0
-182644 12 0
-182656 67108864 0
-182691 16385 1 383
-182980 6 0
-183136 75530240 0
-183227 8 0
-183240 100663299 1 509
-183323 4 0
-183376 67633152 0
-183604 0 1 197
-183915 196611 0
-183939 69 0
-183964 1032 0
-184051 4 0
-184203 8388609 1 211
-184219 4 0
-184288 67108880 0
-184308 1 0
-184548 21 0
-184995 3 1 4111
-185003 84 0
-185332 4 0
-185547 1 1 127
-185568 67108865 0
-185603 8200 0
-185620 2 0
-185656 201326720 0
-185659 16896 0
-185715 3 1 4127
-185795 2 0
-185843 4 1 139
-186112 67108864 0
-186155 514 0
-186244 16777216 0
-186315 3 0
-186352 67108928 0
-186459 21 0
-186484 128 0
-186684 8193 0
-186784 67108880 0
-186852 129 0
-186868 520 0
-187108 256 0
-187307 8388608 0
-187579 4 1 127
-187960 201327618 0
-188052 1 0
-188188 8220 0
-188308 0 1 179
-188819 288 0
-188932 0 1 149
-189323 2097152 0
-189408 67108865 0
-189492 1 0
-189592 201326608 0
-189723 1 0
-189880 218112002 0
-189912 201328641 0
-190276 0 0
-190292 0 1 113
-190395 3 1 4231
-190707 9 0
-190716 129 0
-190840 201326610 0
-191139 273 0
-191499 13 0
-191580 515 0
-191776 67108880 0
-192435 3 0
-192580 2 0
-192760 202440706 0
-192819 9 0
-192912 67108865 0
-193540 2 0
-193672 100667392 0
-193720 201326850 0
-193851 37 1 181
-194152 100663300 0
-194787 129 1 941
-194883 81 0
-195336 100663297 1 2713
-195339 193 0
-195355 4194306 0
-195640 201981954 0
-195736 201330688 0
-195819 17 0
-195928 201326656 0
-196552 101711872 0
-196564 0 1 157
-196819 516 0
-196872 100663313 0
-196995 131 0
-197188 0 0
-197352 100663297 1 2741
-197643 1 0
-197691 1041 0
-197728 67109888 0
-197955 2113539 0
-198408 100663301 0
-198520 201326598 0
-198760 100663298 0
-199051 512 0
-199432 109051904 0
-199452 9 0
-199579 0 1 109
-199635 3 0
-199992 201326609 0
-200088 201326597 1 397
-200452 4 0
-200568 201392129 0
-200659 32832 0
-200680 100663554 0
-200688 67109889 0
-200712 100663297 0
-200715 3 0
-200787 545 0
-200835 3 1 4463
-200968 100663296 0
-200980 18 0
-201571 64 1 103
-201587 0 1 199
-201652 8 0
-201796 4 0
-201912 201334785 0
-201928 100667392 0
-201940 130 0
-202072 201457936 0
-202132 4 0
-202308 129 0
-202552 201326596 0
-202699 132 0
-202840 201326602 0
-202852 2105360 0
-203019 34305 0
-203028 5 0
-203088 67108865 0
-203259 5 0
-203267 3146240 0
-203603 8388608 0
-203668 32768 0
-203691 4097 0
-203740 65538 0
-204688 67108872 0
-204939 5 1 3253
-205179 17 0
-205288 100794368 0
-205348 24 0
-205432 201326592 0
-205480 100663306 0
-205779 2053 0
-206019 9 1 2081
-206088 100663809 0
-206460 1539 0
-207195 67 0
-207691 1048584 0
-208059 1 1 223
-208288 67108992 0
-208336 67109120 0
-208475 514 1 269
-208539 8481 0
-209032 100679968 0
-209112 201326593 0
-209187 9 1 2113
-209403 16385 1 439
-209448 100663297 1 2909
-209523 1 1 211
-209907 2097153 1 281
-209980 2 0
-210052 32 0
-210292 64 0
-210372 8193 0
-210520 201326658 0
-210588 133 0
-210676 512 0
-210747 1 0
-210771 9 1 2129
-210819 5 0
-210912 67108881 0
-211012 262144 0
-211060 65538 0
-211080 100663299 0
-211299 73 0
-211323 261 0
-211523 16400 0
-211608 201326593 1 2939
-211611 1 0
-211635 3 1 4703
-211659 5 0
-211740 3 0
-211780 2 0
-211864 201588736 0
-211995 7 1 673
-212003 8 0
-212259 1 0
-212412 513 0
-212740 10 0
-212835 7 0
-212928 67108865 0
-212971 72 0
-213291 17 1 1823
-213328 67239936 0
-213460 18 0
-213480 100663299 1 593
-213579 65 1 1249
-213803 8192 0
-214248 101711873 0
-214555 2105354 0
-214780 2 0
-215011 0 1 127
-215032 201326592 0
-215044 1024 0
-215152 67108900 0
-215867 0 1 139
-215872 67108864 0
-215968 67108896 0
-216099 17 1 1847
-216203 16 0
-216220 66 0
-216339 1025 0
-216484 0 0
-216820 1026 0
-216948 16777217 0
-217204 16 0
-217275 3 1 2897
-217467 524289 1 331
-217803 1048577 0
-217828 294928 0
-217960 100663298 0
-217968 67108929 0
-218011 0 1 311
-218019 1 0
-218059 16777248 0
-218208 67108865 0
-218248 100663296 0
-218272 67108928 0
-218548 8 0
-218632 100663296 0
-218980 2 0
-219027 1 0
-219076 24 0
-219171 4097 0
-219243 1 1 107
-219323 16 0
-219352 201326596 0
-219580 2 0
-219664 67108864 0
-219828 5 0
-219868 72 0
-219880 100663426 0
-219976 100663808 0
-220155 19 0
-220240 67108866 0
-220488 100663297 0
-220595 2 0
-220612 4 0
-220763 0 1 257
-220827 1 0
-220947 8193 0
-221128 100663296 1 131
-221208 201326609 0
-221236 264256 0
-221571 5 1 3517
-221668 0 1 151
-221680 67108898 0
-221715 19 1 379
-221731 32 0
-221824 67108864 0
-222072 201326657 0
-222123 16393 0
-222160 67108866 0
-222283 0 1 199
-222435 3 1 4943
-222672 67108865 0
-222772 2162696 0
-223251 5 0
-223332 1025 0
-223395 16387 0
-223428 4097 0
-223443 66569 0
-223960 201326602 0
-224032 67108864 0
-224068 528 0
-224643 1 1 103
-224680 100665346 0
-224835 19 0
-225028 16777216 0
-225148 4140 0
-225160 100663314 0
-225211 4 0
-225363 4097 0
-225372 5 0
-225467 8 1 103
-225556 544 0
-225891 65 1 1321
-226180 4098 0
-226272 67108865 0
-226291 16 1 103
-226491 33 0
-226780 418 0
-227080 100663302 0
-227123 16 0
-227507 4 1 4643
-227728 67112960 0
-228052 786440 0
-228064 67108864 0
-228372 1 0
-229128 100663297 0
-229275 3 1 1019
-229540 130 0
-230052 65 0
-230176 67108864 0
-230403 1 0
-230619 1 0
-230728 100663296 1 151
-230835 11 0
-230851 128 0
-230955 4194307 0
-231060 3 0
-231064 201326624 0
-231091 4 0
-231099 8201 0
-231232 67108864 0
-231288 201326721 0
-231291 513 1 829
-231507 257 1 887
-231555 4099 0
-231808 67108864 0
-231828 1 0
-232032 67108865 0
-232043 4 0
-232203 289 0
-232276 8 0
-232516 0 0
-232635 19 0
-232996 512 0
-233139 1 0
-233331 2053 0
-234052 20 0
-234195 19 0
-234312 100663313 0
-234460 66 0
-234580 1026 0
-234708 1 0
-234715 146 0
-235228 516 0
-235408 67108864 0
-235419 8388609 0
-235563 1 1 233
-235848 100663809 0
-236580 3 0
-236688 67108865 0
-236692 8192 0
-237280 67108866 0
-237448 100794368 0
-237460 514 0
-237472 67110912 0
-237528 201326593 1 3299
-237592 201326624 0
-237688 201851912 0
-237972 5 0
-238360 218136578 0
-238372 128 0
-238452 513 0
-238635 3 1 5303
-239044 16 0
-239088 67108897 0
-239883 5 0
-239892 1 0
-240243 524289 0
-240499 12324 0
-240520 100663302 0
-240580 130 0
-240592 67108872 0
-240772 4 0
-241048 201326848 0
-241131 9 0
-241171 4 1 131
-241348 0 0
-241371 17 1 2063
-241444 4 0
-241468 147488 0
-241563 5 0
-241635 4194307 0
-241684 263296 0
-241924 512 0
-242020 2 0
-242027 0 1 173
-242283 1 0
-242392 201328640 0
-242712 201326593 1 3371
-243219 97 0
-243268 65536 0
-243363 129 0
-243664 75497472 0
-243867 1041 0
-243912 100663297 0
-244251 5 1 3877
-244275 3 1 3257
-244348 1040 0
-244360 100665346 0
-244848 67108865 0
-244960 67108866 0
-245028 5 0
-245152 67117056 0
-245179 520 0
-245355 11 0
-245635 18 0
-245907 4194305 1 307
-246243 1048577 0
-246328 201328640 0
-246492 2049 1 167
-246532 24 0
-246544 67108928 0
-246592 67108864 0
-246763 8 0
-247132 512 0
-247168 67108864 0
-247179 1 0
-247288 201326592 0
-247396 0 1 127
-247480 201326722 0
-248560 67108882 0
-248740 2 0
-248872 100663312 0
-249316 0 1 157
-249467 4194304 0
-249472 67108864 0
-249555 3 1 127
-249792 67108865 0
-249808 67108880 0
-249852 8193 0
-249963 5 0
-249995 2 0
-250291 32 0
-250467 5 0
-250588 1114128 0
-250728 100663809 0
-250840 201326594 0
-250888 100663304 0
-251115 3 0
-251128 201326592 0
-251152 67108872 0
-251172 1 1 6977
-251260 34 0
-251892 1 1 6997
-252027 2049 1 683
-252219 9 0
-252259 4 0
-252400 67108866 1 631
-252660 3 0
-252819 5 1 4013
-252952 201326596 0
-253059 131073 0
-254104 201326720 0
-254488 201326608 0
-254808 201326593 1 3539
-254867 0 1 281
-255112 100663320 0
-255448 201327616 0
-255619 16404 0
-255676 2048 0
-255688 100663808 0
-255712 67174400 0
-255715 2 1 199
-255768 201326593 0
-256067 4 1 157
-256168 100927496 0
-256171 0 1 113
-256288 67108864 0
-256563 257 1 983
-256648 100663300 0
-256708 256 0
-256992 67108865 0
-257043 8193 0
-257368 201342976 0
-257395 2 0
-257448 100663329 0
-257944 201326656 0
-257980 2 0
-258291 9 1 2609
-258672 67108897 0
-258724 262144 0
-258820 2 0
-259195 2 0
-259260 259 0
-259348 128 0
-259563 513 0
-259699 8 0
-259924 4 0
-260035 2 1 131
-260292 1 1 109
-260320 67108866 0
-260451 4097 1 673
-260452 192 0
-260491 44 0
-260659 132 0
-260835 3 0
-260932 4 0
-261195 11 0
-261528 201326625 0
-261795 515 0
-261952 67108864 0
-261987 41 0
-262084 0 0
-262171 135188 0
-262264 201326592 0
-262299 1 0
-262420 2 0
-262788 65537 0
-263019 524289 0
-263251 16384 0
-263320 201326850 0
-263355 8388611 0
-263368 100663300 0
-263715 3 0
-263752 100663296 0
-264292 4 0
-264603 1 1 193
-264795 3 1 127
-264916 0 1 103
-264947 16384 0
-264952 201326592 0
-265531 4 1 5419
-265732 512 0
-265960 100728834 0
-266035 14 0
-266115 3 1 113
-266172 2049 0
-266427 5 1 4229
-266452 256 0
-266539 16777492 0
-266763 5 0
-266908 16384 0
-267040 67108866 0
-267467 384 0
-267472 67633152 0
-267880 100664322 0
-267987 1 0
-268708 520 0
-268851 9 0
-269248 67108868 0
-269643 9 0
-269692 0 1 191
-270115 4194306 0
-270132 1 0
-270340 6 0
-270532 8192 0
-270595 146 0
-270699 25 0
-270723 264705 0
-270880 67108866 0
-271516 4 0
-271648 67108880 0
-272028 1 0
-272056 201327104 0
-272260 2 0
-272419 4 0
-272491 4096 0
-272523 1 0
-272992 67108928 0
-273003 16793633 0
-273211 8192 0
-273268 16384 0
-273352 100671488 0
-273372 73 0
-273523 4096 0
-274048 67108864 0
-274288 68157956 0
-274552 201326592 0
-275011 136 0
-275139 65 1 1609
-275332 32 0
-275412 32769 0
-275539 1032 0
-275595 67 0
-275728 67108928 0
-276040 100794370 0
-276088 201326592 0
-276148 544 0
-276259 0 1 227
-276312 201326849 0
-276592 67141632 0
-277179 131077 0
-277288 100663432 0
-277768 100663296 0
-277872 67108869 0
-278091 16393 0
-278152 100663300 0
-278440 100663298 0
-278728 100663296 0
-278835 259 0
-278952 100696065 0
-279003 1 0
-279019 16 1 127
-279091 1088 0
-279195 7 0
-279435 19 0
-279448 201326608 0
-279708 25 0
-279979 9348 0
-280008 100663297 1 3889
-280120 201334786 0
-280288 67108928 0
-280363 0 1 139
-280480 67108866 0
-280579 16 1 113
-280900 16386 0
-281067 65 0
-281632 67108880 0
-281851 256 0
-282232 201326592 0
-282448 67108864 1 127
-282628 0 0
-282976 67109888 0
-283083 1 1 127
-283171 4 1 5779
-283192 201326612 0
-283252 64 0
-283264 67108864 0
-283504 67117328 0
-283528 102825988 0
-283548 1 0
-283699 16 1 139
-283900 34 1 167
-283992 201326593 0
-284179 4 0
-284320 67108866 0
-284547 1 0
-284680 100663306 0
-284740 130 0
-284859 513 1 1021
-284872 100663300 0
-284988 41 0
-285067 4194304 0
-285400 201326594 1 1427
-285492 1025 0
-285619 40960 0
-285627 65 0
-285784 201326592 1 139
-285907 69632 0
-286008 201326625 0
-286048 67108868 0
-286288 67109120 0
-286336 67108864 0
-286432 67108864 0
-286531 4 0
-286587 5 1 4549
-286792 100663304 0
-286960 67108898 0
-287188 65544 0
-287379 1025 1 863
-287452 8200 0
-287475 3 1 3833
-287755 82 0
-287763 262149 0
-287787 1 0
-287803 0 1 277
-288147 1 1 139
-288331 262656 0
-288363 65 0
-288628 32768 0
-289107 21 1 353
-289531 8 0
-289587 2097153 0
-289635 3 0
-289828 12 0
-290019 1 1 277
-290059 12 0
-290163 1 1 311
-290371 0 1 139
-290739 1 1 199
-290995 2 0
-291091 32 0
-291160 201326850 0
-291412 1032 0
-291435 3 0
-291571 132 0
-292216 201326592 0
-292307 262272 0
-292308 1 0
-292840 100663298 0
-293272 201326596 0
-293332 16 0
-293451 257 0
-293515 8194 0
-293584 67141632 0
-293728 67239936 0
-293907 1 1 313
-294099 17 0
-294259 4 1 127
-294268 16 0
-294288 67108865 0
-294520 201327618 0
-294652 64 0
-295228 128 0
-295355 66 0
-295540 6 0
-295552 67108864 0
-295744 67108864 0
-295752 100663297 0
-295780 130 0
-296523 8193 1 701
-296772 5 0
-296947 32772 0
-297012 16385 0
-297052 4 1 103
-297412 0 0
-297460 2 1 107
-297592 201326592 0
-297712 67108992 0
-297796 0 0
-297987 262145 0
-298228 4 0
-298291 4100 0
-298468 2097920 0
-298792 100663344 0
-298987 16 1 109
-299155 139330 0
-299380 2 0
-299667 16781441 0
-299772 9 1 757
-300259 262144 0
-300292 1024 0
-300715 2 1 137
-300771 129 1 1453
-300948 513 0
-301240 201326626 0
-301339 256 0
-301672 100663300 0
-301699 32 0
-301788 18874369 0
-302155 12582918 0
-302548 4096 0
-302688 67108865 1 1051
-302883 5 0
-303028 8650760 0
-303192 201326593 1 4211
-303220 2 0
-303748 0 0
-303795 4099 1 157
-303892 2080 0
-304011 33 1 1987
-304035 3 0
-304168 100663296 1 193
-304203 513 0
-304308 1048577 1 107
-304936 100671488 0
-305020 16777218 0
-305211 1 0
-305488 67174400 0
-306387 32769 1 577
-306507 262145 0
-306568 100663296 0
-307563 1 1 157
-307819 96 0
-308020 2 0
-308088 201326601 1 389
-308592 67108865 1 2143
-308667 513 0
-308731 64 0
-309211 4 1 163
-309412 0 1 103
-309472 67108928 0
-309603 133 0
-309963 1 1 277
-310467 1025 0
-311008 67108864 0
-311140 8194 0
-311752 100663364 0
-311955 7 0
-312040 100663554 0
-312243 8389889 0
-312355 2 1 179
-312387 513 0
-312580 2 0
-313272 201326657 1 229
-313384 100667392 0
-313643 8 0
-313732 2048 0
-314152 100663296 1 107
-314248 100663304 0
-314275 18 1 967
-314512 67108872 0
-314595 3 1 6991
-314608 67125252 0
-314748 5 1 1249
-314868 65 0
-314947 8192 0
-315435 35 0
-315448 201330692 0
-315592 100663296 1 103
-315712 67108864 0
-316360 100663306 0
-316408 201326592 0
-316768 67108928 0
-317248 67108864 0
-317251 8 1 151
-317507 0 1 383
-317860 130 0
-317920 67108866 0
-318312 100663297 1 4421
-318880 67108866 0
-319540 18 0
-319984 67108868 0
-320155 10 0
-320235 1027 0
-320608 67112960 0
-320763 1 0
-321363 5 1 5101
-321507 1 2 139 257
-321568 67108880 0
-321627 1 0
-322008 201326593 0
-322788 1025 0
-322840 201326598 0
-323035 16514 0
-323187 33 0
-323395 2 0
-323403 4225 0
-323523 1 2 103 349
-323752 100663320 0
-323843 272 0
-324331 4 1 6619
-324595 2 0
-325011 1 1 131
-325171 2060 0
-325275 3 1 4337
-325392 67108865 0
-325488 67108865 0
-325851 8193 0
-326035 2 1 197
-326475 3 1 1451
-327019 524 0
-327027 131073 0
-327408 67108929 0
-327891 1 0
-327988 0 1 167
-328372 40 0
-328552 100663300 0
-328627 48 0
-329308 68 0
-329488 67108864 0
-329620 2 0
-329652 1 1 9157
-330052 0 1 109
-330460 2578 0
-330627 4105 0
-330987 513 0
-331552 67108880 0
-331795 2 0
-331972 0 1 149
-332452 32 0
-332644 16 0
-333003 9 0
-333040 67108994 0
-333091 8 1 107
-333712 67108864 0
-333832 100663296 0
-333835 2 1 179
-333892 16 0
-333972 1 1 9277
-334203 33 0
-334411 16781324 0
-334627 128 0
-334707 98817 0
-334795 2 0
-335619 4194305 1 419
-335632 67108872 0
-335659 0 1 107
-335787 4161 0
-336019 524288 0
-336088 201330688 0
-336475 4098 1 313
-337275 3 1 1499
-337395 2097155 0
-337467 49 0
-337827 5 0
-339508 16 0
-339571 20480 0
-339963 145 0
-340180 524290 0
-341499 131073 0
-342148 128 0
-342315 3 1 7607
-342667 4112 0
-343012 256 0
-343195 2 0
-343288 203431944 0
-343443 1 1 239
-343480 201327106 0
-343632 67108865 0
-344052 65 1 503
-344187 1 2 167 229
-344355 11 0
-344707 8 0
-344851 2064 0
-344883 13 0
-345363 2621505 0
-345387 5 0
-345507 18433 0
-345595 2 0
-346600 100663298 1 1733
-347035 82 0
-347188 526592 0
-347592 100663301 0
-347715 3 1 7727
-348283 524304 0
-348355 1030 0
-348475 16386 1 263
-348555 67 0
-349035 3 0
-349195 14 0
-349323 16401 0
-349408 67174400 0
-349540 2 0
-349668 9 1 883
-349792 67108896 0
-349795 2 0
-350467 16 0
-350728 100663300 0
-350848 67108864 0
-350995 2 0
-351124 2048 0
-351520 67108882 0
-351640 201359362 0
-351915 259 0
-352228 0 1 173
-352515 262147 0
-353112 201326593 0
-353620 2 0
-353635 2 1 107
-354027 65 0
-354328 201326608 0
-354595 2 0
-355828 8 0
-356308 0 1 281
-356752 67108872 0
-357088 67108864 0
-357187 32 0
-357795 3 1 7951
-358408 100925440 0
-358923 1 1 181
-359043 65 0
-359179 4096 0
-359752 100663296 1 193
-359899 263168 0
-360019 136 0
-360211 4096 0
-360243 17 1 3079
-360292 0 0
-360451 52 0
-360628 4194304 0
-360715 66 0
-360732 129 0
-360739 0 1 151
-361195 24834 0
-361251 4196361 0
-362632 100663296 0
-363652 0 1 229
-364372 262144 0
-364512 67108865 0
-365115 16777219 0
-365355 131 1 353
-365755 50 0
-366235 4194306 0
-366472 100663360 0
-366483 17 0
-366955 1048578 0
-366972 16385 0
-367192 204472324 0
-367195 642 0
-367411 8 1 127
-367452 32769 1 173
-367563 133 0
-368187 1537 0
-368427 1 1 127
-368548 0 1 199
-368643 9 0
-369208 201326660 0
-370051 8 0
-370168 201326592 0
-371988 1 1 10333
-372123 1 2 173 239
-372208 67112960 0
-372211 4 0
-372328 100663304 0
-372352 67108864 0
-372520 100794370 0
-372603 13 0
-372723 81 0
-372832 67174400 0
-373072 67108868 0
-373332 16385 0
-373492 4 0
-373752 201326849 1 179
-374179 16 1 107
-374395 70 0
-374419 256 0
-374755 2 1 241
-374971 0 1 569
-375147 524289 1 571
-375363 1 2 179 233
-375748 0 0
-375859 8200 0
-376123 520 0
-376192 67108864 0
-376539 1 1 313
-376852 4100 0
-377283 65 0
-377332 544 0
-378147 13 0
-378228 4097 0
-379360 67108866 0
-379492 0 0
-379548 17 1 811
-379707 129 0
-380467 16777216 0
-380548 4 0
-382132 2097152 0
-382147 64 0
-382372 0 1 109
-382483 32 1 149
-382923 1 2 157 271
-383299 36 0
-383548 136 0
-383779 8 1 139
-384163 272 0
-384363 5 1 6101
-384475 22 0
-384811 4 0
-384843 1 1 163
-384928 67108992 0
-384979 4100 0
-385107 1 1 137
-385707 5 0
-385828 0 0
-385912 201326592 0
-386163 1 2 107 401
-386355 4099 0
-386635 16386 0
-387748 49664 0
-388123 0 1 193
-388635 19 0
-388707 9 0
-390187 4 1 7963
-390331 524288 0
-390747 133 0
-390772 0 1 211
-391792 67117056 0
-392212 512 0
-392632 201326624 0
-392779 73728 0
-392968 100663296 0
-393339 1 0
-393763 0 1 271
-393880 201330690 0
-394195 2 0
-394219 4 1 199
-394315 34 0
-394480 67108866 0
-395140 130 0
-395475 3 1 5273
-396003 1 0
-396195 65539 0
-396292 16 0
-396832 67108864 0
-397315 2 1 229
-397408 67108872 0
-397579 52 0
-397720 201392130 0
-397728 67108865 1 1381
-397915 6 0
-398619 17 1 3407
-399187 1049088 0
-399315 7 0
-399352 201326592 0
-399592 100663296 1 199
-399963 1 0
-400939 2060 0
-401403 1 0
-401523 33 0
-402123 1 1 311
-402448 67108864 0
-402451 4 0
-403643 0 1 211
-404112 67108865 0
-404187 69 0
-404212 0 1 139
-404248 201326736 0
-404475 3 1 5393
-404688 67108865 0
-406635 3 0
-406707 5 1 107
-406872 201326593 1 5651
-406932 1 0
-408243 4194313 0
-408688 71305220 0
-408772 20 0
-408808 100663296 1 137
-408928 67108880 0
-408955 4194306 0
-409168 67108864 1 107
-409195 2 0
-409227 21 0
-409312 67108864 0
-409387 8 0
-409683 289 0
-410139 1 2 199 229
-410971 8 0
-411195 1048579 0
-411387 1 1 241
-411412 0 1 163
-412203 9 0
-412459 1048704 0
-412707 8193 0
-412795 2 0
-413128 100663296 1 113
-413163 257 1 1583
-413427 5 0
-413571 513 0
-413788 270848 0
-414147 1 1 127
-414555 259 0
-414843 25 0
-415555 518 0
-415587 193 0
-415732 17408 0
-416032 67108864 0
-417003 8388609 0
-417243 129 0
-417667 67584 0
-417747 9 0
-417748 0 1 181
-417880 201327106 0
-419427 257 1 1607
-419635 4196482 0
-419683 8 0
-420028 4 1 2143
-420739 136 0
-420835 34 0
-421027 0 1 241
-421083 98321 0
-421195 2 0
-421435 6 0
-421555 32770 0
-421627 0 1 293
-421787 4128 0
-421915 18 0
-422272 67108864 0
-422323 8 0
-422427 65 0
-422547 65537 0
-422632 100663300 0
-422752 67108872 0
-423388 4 0
-423691 32 0
-423867 129 0
-424432 67110912 0
-424587 1 0
-424795 16390 0
-425187 37 1 397
-425440 67108866 0
-426259 4224 0
-427051 0 1 509
-427147 4 1 139
-427443 65 0
-427492 16 0
-427683 1025 0
-428203 576 0
-428323 4100 0
-428707 256 0
-428827 4 0
-428883 21 0
-429267 97 0
-429328 67108864 0
-429715 26 0
-429843 1 0
-430072 201326592 0
-430651 16 1 157
-431412 1 0
-431488 67108864 0
-431883 8193 1 1021
-432315 19 1 739
-432355 14 0
-432403 0 1 109
-433035 3 1 9623
-433827 36929 0
-434155 514 0
-434275 258 1 599
-434667 1 0
-435507 1 1 179
-436192 67112960 0
-436228 16 0
-437203 16 1 199
-437908 2097152 0
-438208 67110912 0
-438328 201326632 0
-438843 65 0
-439443 1 2 157 311
-439603 96 0
-439707 1 1 103
-439747 12 0
-439923 9 0
-440152 201327616 0
-440395 2 0
-440980 34 0
-441148 256 0
-441643 2097184 0
-441688 201327120 0
-442387 8 1 131
-442600 100663298 1 2213
-442612 160 0
-442867 32 1 109
-443272 100794368 0
-443632 67108900 0
-444091 32 1 151
-444147 4105 0
-444387 1 1 167
-444715 258 0
-445795 8198 0
-446032 67174400 0
-446908 12 0
-447267 8405249 0
-447400 100663298 1 2237
-447627 131105 0
-447808 67108864 0
-449035 514 0
-449043 5 0
-450475 1026 1 487
-450547 192 0
-450667 4 0
-450739 0 1 479
-450843 131073 0
-450963 4194305 1 563
-451672 218107920 0
-452707 32768 0
-452992 67108864 0
-453163 0 1 461
-454363 20 0
-455067 32769 1 857
-455995 2 0
-456555 11 0
-456688 67633312 0
-457227 16777217 1 503
-457347 9 0
-459283 4104 0
-459603 1 2 223 229
-459747 129 1 2221
-460035 3 1 10223
-460243 1028 0
-460348 2052 0
-460552 100663424 0
-460603 24 0
-460707 17 0
-461043 9 1 4657
-461083 4 1 199
-461572 0 1 257
-461659 8 0
-461692 12 0
-461755 1048582 0
-461812 2097168 0
-462091 4 1 251
-462100 2 1 4621
-462963 1 0
-463411 4112 0
-463467 8257 0
-463923 65 1 2713
-464107 4 0
-464752 67109376 0
-465448 101187584 0
-465532 0 1 181
-465547 3407872 0
-465928 100663296 1 139
-466288 67108864 1 151
-466467 65537 0
-466507 4160 0
-466923 16908417 0
-467395 2 0
-467523 2053 1 181
-467563 0 1 499
-468595 2 0
-469003 0 1 173
-469275 3 1 6257
-470308 0 0
-470395 2 0
-471507 524289 0
-473011 12 0
-473427 2049 1 1283
-473515 2097158 0
-473755 2050 0
-474523 4 0
-476515 18 0
-476932 0 0
-477043 132 0
-477211 4 1 9739
-477475 262146 1 269
-479208 100665345 0
-479275 66 1 1009
-479427 81 0
-479635 8210 0
-480523 0 1 139
-480603 1 0
-480883 262160 0
-481555 1090 0
-481587 1 1 229
-482059 0 1 197
-482419 4 0
-482755 22 0
-482883 16385 0
-483652 262160 0
-483928 201326592 1 241
-484323 5 0
-484372 4 0
-485032 100663360 0
-485203 64 0
-485475 3 1 6473
-485608 117440512 0
-487012 0 1 109
-487531 10376 0
-489115 10 0
-489867 5 0
-490107 129 0
-490243 4112 0
-490435 1034 0
-492772 4 0
-493252 0 1 317
-493363 16 0
-494320 67109890 0
-494995 2 0
-495027 17 1 4231
-495268 0 0
-495595 2 0
-495748 72 0
-496035 524291 1 151
-496072 100696064 0
-496683 265 1 173
-497427 5 0
-497467 4224 0
-497683 8192 0
-498019 32896 0
-498243 1 0
-498712 201326688 0
-499107 5 0
-499291 16 1 193
-499492 4 0
-499552 67239936 0
-500035 8388610 0
-500368 67108872 0
-503248 67371008 0
-503371 131080 0
-503755 1030 0
-503787 1 1 307
-503995 2 0
-504147 5 0
-504499 0 1 613
-504963 65 1 2953
-505227 1 0
-506163 5 0
-506643 1 1 281
-506907 1 2 151 373
-506923 32 0
-506995 2 0
-507355 258 0
-507475 16386 1 383
-507507 29 0
-507955 134 0
-508432 67112960 0
-508555 546 0
-508755 19 0
-508803 513 0
-508915 74 0
-509755 2 1 269
-510027 5 1 149
-510235 10 0
-510328 201326612 0
-510667 0 1 127
-510787 512 0
-510832 67108868 0
-511347 65 0
-512548 8388608 0
-512731 0 1 229
-513123 32785 0
-513507 1 0
-513723 37 0
-514035 3 1 11423
-514168 201326592 0
-515043 4194305 1 643
-515083 2080 0
-515971 0 1 227
-516387 4097 0
-518032 67108864 0
-518043 1 0
-518512 67108992 0
-518728 100696068 0
-519387 9 0
-519688 100663376 0
-519712 67108864 1 109
-520468 16 0
-520531 1048584 0
-522195 515 0
-522568 102760448 0
-523348 4 0
-523483 17563648 0
-523587 4211713 0
-524083 4 0
-524272 67109380 0
-524395 2 0
-524443 0 1 367
-524467 32 0
-524715 3 0
-524995 2 0
-525088 67174400 0
-525283 16424 0
-526012 0 1 107
-526267 4 0
-526948 0 1 103
-527395 4106 0
-527403 16897 0
-528283 4 1 163
-528355 2 1 251
-528507 5 1 8389
-530128 67108896 0
-530563 8 1 139
-530755 16777218 0
-530968 201327104 0
-531147 8193 0
-531211 0 1 479
-531232 67108880 0
-531907 1048576 0
-532147 12 0
-532315 131078 0
-534235 18 0
-534907 8256 0
-535027 0 1 571
-536068 65552 0
-536512 85983232 0
-538563 513 0
-538803 1 2 131 457
-538923 13 0
-538963 0 1 311
-539008 67108864 0
-539067 1 0
-539827 0 1 149
-542392 201326592 1 151
-542635 2050 0
-543907 4116 0
-544468 1048576 0
-544923 1 2 191 317
-545248 67108872 0
-545955 35 0
-545995 2 0
-546267 1 0
-546627 1 0
-546787 131072 0
-548403 33 0
-548608 67108864 0
-549043 263240 0
-549928 100679680 0
-550003 131072 0
-550132 8 0
-550435 2 1 283
-551323 64 0
-552052 1048576 0
-552507 4097 0
-552843 81985 0
-552955 8210 0
-553147 68 0
-555472 67108864 1 149
-555667 4 1 163
-556507 4 1 107
-557188 0 0
-557368 201327620 0
-557707 64 1 149
-558667 0 1 421
-558748 2048 0
-558867 1 1 311
-559227 65 0
-559552 67108868 0
-559795 2 0
-560203 4 1 191
-560235 51 0
-561267 32773 1 151
-561619 0 1 463
-561643 256 1 107
-561883 4 1 11467
-562312 100663296 0
-562723 68 0
-563403 131073 0
-563908 0 0
-564363 524289 1 859
-564715 16386 0
-564988 0 1 137
-565888 67108864 0
-565923 6145 0
-566283 385 0
-567483 65541 0
-567763 4 1 11587
-568267 4 0
-568852 262144 0
-569275 6 1 3253
-570243 1 1 131
-571552 67125248 0
-572275 10 1 2081
-572980 2 0
-573547 16 0
-573835 4130 0
-574027 512 0
-574123 133192 0
-574843 0 1 103
-575128 201458944 0
-575467 32 0
-575827 4 0
-578187 33 1 3779
-578227 80 0
-578307 4097 0
-578428 2048 0
-578515 6 0
-579403 8 0
-579523 4 1 11827
-579811 0 1 569
-580027 14340 0
-580723 536 0
-580827 16401 0
-582619 0 1 257
-583123 266240 0
-584227 4 1 11923
-584395 32774 0
-584683 136 0
-584763 65 0
-584827 262144 0
-584992 83886080 0
-585435 515 0
-585475 10 1 2129
-586048 67108864 0
-586888 100663296 0
-587728 67108864 1 109
-587923 8196 0
-590395 530 0
-591147 65 1 3457
-593275 66 1 1249
-593728 67108864 0
-594280 102760450 0
-597139 33024 0
-599307 1 1 107
-603267 133 0
-604228 0 0
-605227 4 0
-608587 4 1 227
-608787 161 1 173
-608883 9 0
-610192 67108872 0
-610555 42 0
-610723 0 1 401
-611059 320 0
-611515 2114 0
-611755 258 0
-611787 9 0
-612747 1 2 103 661
-612963 529 0
-613771 0 1 181
-614427 4105 0
-615475 6 1 3517
-617043 5 0
-618363 1 2 127 541
-620152 205651984 0
-620475 3 1 8273
-621355 2054 0
-621667 128 1 151
-622315 262146 0
-623283 1 1 373
-623368 100794368 0
-623395 2 0
-623995 2 0
-624283 328 0
-624892 256 0
-625923 33 1 4091
-626107 576 0
-626467 4128 0
-627235 6 0
-627475 66 1 1321
-629283 8193 0
-631443 1 0
-631612 0 1 269
-632032 67108864 0
-632643 73 0
-633235 4194306 0
-633483 32769 1 1193
-633952 67108872 0
-634467 65 0
-634803 2065 0
-635035 546 0
-635443 32 0
-636232 100794368 0
-636787 36864 0
-638683 8192 1 107
-638968 201342984 0
-639643 4194304 0
-640123 8 0
-640315 18 0
-642387 1 0
-642475 514 1 829
-642763 262152 0
-644587 65536 0
-645403 136 0
-645859 256 0
-647068 2097152 0
-649267 128 0
-650443 65536 0
-652555 66 0
-653107 20 0
-653248 67141632 0
-653668 0 0
-653827 3072 0
-653923 64 1 127
-653947 4 1 103
-654643 8 0
-654763 0 1 109
-654868 16384 0
-657043 1048576 0
-659355 3 1 113
-659443 32768 0
-659488 67109888 0
-660523 4096 0
-660763 2097216 0
-661312 67108864 0
-661467 1048577 0
-663448 201326592 1 127
-663499 8256 0
-663523 4 0
-663595 1058 0
-666523 1081368 0
-668403 129 1 3229
-669403 4 0
-669508 4 0
-671155 2 1 269
-671563 16384 0
-672907 4096 0
-673563 9 0
-674752 67108880 0
-675235 10 0
-675355 66 0
-676083 1 1 179
-676843 262144 0
-677812 2048 0
-678475 6 1 3877
-678547 262208 0
-678787 0 1 211
-680923 0 1 109
-681163 528900 0
-682795 2 0
-683827 0 1 449
-686203 4 1 167
-686667 4097 0
-686683 132096 0
-687003 524289 0
-688603 8389120 0
-689227 12 0
-689515 2 1 239
-690043 0 1 107
-695587 25427968 0
-696243 1 0
-696259 32768 0
-697627 4 0
-697723 16 1 191
-699763 512 0
-701187 1025 0
-702507 17 0
-703003 4 1 14347
-703483 520 0
-703803 1 1 379
-704083 64 0
-705952 67108880 0
-707323 0 1 673
-707907 2097153 0
-709723 16388 0
-709923 1 0
-711243 17 1 6079
-712107 9 1 7193
-713923 1048580 0
-716851 320 0
-717475 10 1 2609
-718267 168 0
-719667 17 1 6151
-719707 524288 0
-720115 10 0
-720987 131105 0
-722155 8198 0
-722395 2 0
-723307 16 0
-723328 67108864 0
-723403 1048576 0
-723475 4098 1 673
-726187 12 0
-728203 132 0
-728323 0 1 157
-733195 2 0
-733947 1 1 349
-734728 100663296 0
-734827 4224 0
-736123 0 1 223
-736915 66 0
-737323 32768 0
-738483 1025 0
-739083 1 0
-740203 8192 0
-741115 34 0
-743563 32 1 191
-744963 1 1 239
-745627 0 1 373
-746803 8388608 0
-746883 513 1 2677
-747163 0 1 157
-747355 6 1 131
-749683 104 0
-750547 4 1 179
-750715 4194310 0
-751507 1088 0
-753643 8 1 131
-754867 8192 0
-755643 5 0
-756187 16777216 0
-759403 0 1 109
-763987 4 0
-764275 66 1 1609
-766987 2064 0
-769827 1 0
-772123 40 0
-773563 4 1 15787
-780123 1 1 443
-781627 12 0
-783595 2 0
-784987 4 1 127
-787843 260 0
-788131 0 1 827
-788203 16 0
-791275 514 1 1021
-792547 16810052 0
-793963 32768 0
-795067 20 0
-795243 545 0
-795523 2048 0
-797587 260 0
-797923 4 0
-801595 2 0
-805072 67239936 0
-806323 4 1 127
-806899 512 0
-807307 524288 0
-808483 16 0
-810667 24 0
-811363 516 0
-812323 0 1 191
-814867 262272 0
-816523 128 1 131
-818755 6 1 149
-819043 32 0
-819547 512 0
-820843 0 1 751
-825955 8388626 0
-827563 136 0
-828235 2 1 151
-829603 256 0
-829747 4194304 0
-831187 4 1 16963
-832395 3 1 211
-835387 4 1 131
-835723 4 0
-836427 1 0
-836587 32 0
-838707 1 1 263
-840387 1 0
-841747 0 1 647
-842347 524296 0
-842667 5 0
-842755 2050 0
-843483 1048577 0
-846147 129 0
-850627 2048 0
-852835 2 1 281
-853315 34 0
-859027 176 0
-860707 0 1 431
-864763 32768 0
-869323 2068 0
-870067 200 0
-871123 8 0
-873163 1024 0
-874603 4194816 0
-877627 16640 0
-877987 8 0
-885787 4 0
-890827 4 0
-891507 1 0
-893995 2 0
-896083 0 1 337
-896995 8202 0
-897427 64 1 149
-900867 9 0
-903067 16392 0
-909595 2 0
-913147 0 1 743
-913243 16384 0
-915787 17408 0
-917403 1 1 313
-925507 8 0
-927243 1 2 269 383
-928027 128 1 157
-930427 32 1 229
-932275 4194306 1 419
-939163 4096 0
-952627 16 1 127
-958003 262144 1 103
-959203 4 0
-959707 262148 0
-964483 16 1 439
-965563 128 0
-965947 0 1 151
-967803 65 0
-970963 32772 0
-984043 16777216 0
-990427 0 1 859
-992443 32 0
-992755 2 1 211
-997315 10 0
-999427 280 0
-1001443 128 0
-1001515 258 0
-1003027 8192 0
-1007563 0 1 349
-1007587 4 1 20563
-1012003 2048 0
-1012747 0 1 397
-1014427 0 1 223
-1016107 32 0
-1016827 260 0
-1019683 1540 0
-1020643 16 0
-1023355 32770 0
-1030843 520 0
-1033267 2129920 0
-1039747 0 1 131
-1039987 16 0
-1045627 72 0
-1050043 0 1 853
-1055923 32776 0
-1058995 1048582 0
-1060243 262144 1 109
-1061083 8388608 0
-1061803 32 0
-1064107 8 0
-1071403 0 1 839
-1072723 8388608 0
-1073923 0 1 593
-1077715 546 0
-1084603 16 0
-1085683 0 1 1033
-1086883 4 0
-1090867 4224 0
-1098547 512 0
-1099387 0 1 433
-1103635 18 0
-1104643 32 1 181
-1108963 2097664 0
-1121187 1 1 503
-1139275 2 2 199 229
-1146667 1056 0
-1154008 201457664 0
-1158067 512 0
-1162363 64 1 131
-1164667 4 1 379
-1176547 1064960 0
-1195027 2048 0
-1200907 65536 0
-1204483 4 0
-1211995 2 0
-1226283 65537 0
-1228627 8192 0
-1229803 256 0
-1234363 16 0
-1255507 8 1 311
-1256227 4 0
-1278643 64 1 173
-1301763 1 1 397
-1324507 8192 0
-1338187 0 1 277
-1354243 8 0
-1368403 0 1 269
-1376323 16 0
-1381843 0 1 967
-1385707 262400 0
-1391443 0 1 971
-1408555 2050 0
-1415107 131072 0
-1422283 64 0
-1455547 524288 1 127
-1460803 524288 0
-1470163 64 0
-1477963 32 0
-1479307 32768 0
-1516747 0 1 311
-1531363 128 1 139
-1554067 64 1 263
-1644043 0 1 787
-1665547 16 0
-1729267 0 2 103 163
-1753147 8200 0
-1825387 64 1 191
-1853923 0 1 239
