-7631 16 0
-7679 4 0
-8159 2048 0
-8735 2 0
-10415 2 0
-10511 128 0
-11303 4194304 0
-11751 1 0
-12039 1 0
-14199 1 0
-14711 8192 0
-17447 524288 0
-18871 0 1 113
-19015 2 0
-19736 201326592 0
-19959 1 0
-20423 16 0
-20567 0 1 131
-21236 0 0
-22676 0 0
-24399 1 1 2711
-24404 0 0
-25304 201326592 0
-26079 1 0
-27871 8192 0
-28503 1 1 3167
-28783 0 1 107
-29687 4 0
-29911 4 0
-30524 16 0
-30716 4 0
-31412 0 0
-32311 1048576 0
-32636 2048 0
-33127 0 1 157
-33367 65536 0
-33783 1 0
-34940 2 0
-40808 100663296 0
-41660 2 0
-42044 128 0
-43376 67108864 0
-43412 0 0
-43583 2048 0
-45212 4194304 0
-46063 524288 0
-46571 4 0
-47004 1 0
-48156 1 0
-48727 4 0
-49064 100663296 0
-50487 1 0
-50672 67108864 0
-52047 1 1 5783
-55015 2 0
-56796 1 0
-56915 2 0
-58087 256 0
-58516 0 0
-58844 8192 0
-59335 2 0
-59672 201326592 0
-60247 8 0
-63807 1 0
-63967 8192 0
-65047 256 0
-66991 512 0
-67615 2 0
-68291 8192 0
-69788 524288 0
-72411 1 0
-73204 0 0
-74164 0 0
-75484 0 1 113
-76060 2 0
-76807 4194304 0
-76931 64 0
-77767 64 0
-78459 1 0
-79256 201326592 0
-79711 1048576 0
-79836 1 0
-80007 1 0
-80143 4 1 107
-80468 0 0
-81692 16 0
-82268 0 1 131
-84687 1 0
-85423 16 0
-89192 100663296 0
-89651 1024 0
-90964 0 0
-91592 100663296 1 107
-92528 67108864 0
-92607 1 0
-93859 8192 0
-94567 8 0
-94568 100663296 0
-94807 0 1 113
-95699 2097152 0
-96611 32 0
-97287 1 0
-97596 1 1 2711
-100052 0 0
-100139 16 0
-100328 100663296 0
-100423 0 1 233
-100615 2 0
-100756 0 0
-104316 1 0
-106472 100663296 0
-106712 201326592 0
-108083 256 0
-108607 131072 0
-110312 100663296 0
-110571 1 0
-111016 100663296 0
-111484 8192 0
-111703 1024 0
-112187 4096 0
-113579 16384 0
-114012 1 1 3167
-115132 0 1 107
-115288 201326592 0
-116619 1 0
-117583 512 0
-117784 201326592 0
-118748 4 0
-119644 4 0
-120259 0 1 241
-120436 0 0
-124276 0 0
-125187 1 0
-125779 524288 0
-126515 2 0
-126964 0 0
-127235 2 0
-127883 4 0
-128363 128 0
-128488 100663296 0
-129139 4194304 0
-129244 1048576 0
-129364 0 0
-130024 100663296 0
-130187 0 1 211
-131828 0 0
-132508 0 1 157
-132659 16384 0
-133307 0 1 109
-133468 65536 0
-133899 1 0
-134296 201326592 0
-135132 1 0
-135179 8 0
-135323 0 1 131
-135411 1 0
-136891 0 1 367
-136936 100663296 0
-138083 8 0
-139283 512 0
-139504 67108864 0
-139864 201326592 0
-139924 0 0
-141367 0 1 373
-142927 8192 0
-143512 201326592 0
-144488 100663296 0
-144635 2 0
-146627 16 0
-152104 100663296 0
-152552 100663296 0
-152596 0 0
-152619 1 0
-156328 100663296 0
-156628 0 0
-157299 1 0
-158888 100663296 0
-159784 100663296 0
-159976 100663296 0
-160411 8192 0
-160931 128 0
-161979 1 0
-163203 1 0
-163851 1 0
-164056 201326592 0
-165467 0 1 337
-165939 1 0
-167507 0 1 191
-168027 1 0
-169588 0 0
-170584 201326592 0
-170611 4 0
-173627 128 0
-173987 8 0
-174332 2048 0
-176811 1 0
-176963 0 1 271
-177136 67108864 0
-177227 512 0
-178084 0 1 211
-180051 1 0
-180123 1 0
-180267 1 0
-180592 67108864 0
-180724 0 0
-183803 2048 0
-183947 256 0
-184252 524288 0
-184531 0 1 127
-186091 262144 0
-187771 0 1 179
-187939 0 1 163
-188884 0 0
-190643 0 1 311
-190651 2097152 0
-191188 0 0
-191211 1 0
-193299 1 0
-194008 201326592 0
-194908 4 0
-196971 1 0
-197331 1 0
-198411 1 0
-201323 0 1 109
-201364 0 0
-201379 0 1 277
-201948 1 0
-203571 1 1 22619
-204328 100663296 0
-205115 2 0
-205731 1 1 22859
-207412 0 0
-208188 1 1 5783
-211096 201326592 0
-211672 201326592 0
-211779 1 1 23531
-212308 0 0
-212659 0 1 109
-212811 1 0
-213459 1 0
-214384 67108864 0
-214611 1 0
-215547 1 0
-218243 2048 0
-218915 2 0
-219227 2048 0
-219379 0 1 431
-220060 2 0
-225979 16 0
-226216 100663296 0
-230548 0 0
-230872 201326592 0
-231467 0 1 211
-231979 8 0
-232348 256 0
-233123 8 0
-235531 0 1 317
-237340 2 0
-237352 100663296 0
-237723 1 0
-238283 0 1 239
-239627 256 0
-240531 1 0
-240988 8 0
-241588 0 0
-241972 0 0
-244819 0 1 137
-245779 0 1 107
-248728 201326592 0
-249448 100663296 0
-250251 1 0
-251752 100663296 0
-254131 131072 0
-255228 1 0
-255331 0 1 311
-255868 8192 0
-256043 16384 0
-258472 100663296 0
-260188 256 0
-260248 201326592 0
-261243 1 1 29027
-261499 4 0
-262312 100663296 0
-263152 67108864 0
-265723 0 1 467
-267964 512 0
-268648 100663296 0
-268803 1 1 29867
-270460 2 0
-270843 1 0
-271699 128 0
-274203 1 1 30467
-274731 1 0
-275867 524288 0
-276211 16 0
-278779 0 1 149
-280403 4096 0
-282328 201326592 0
-284667 1 0
-286339 0 1 281
-286643 4 0
-286723 256 0
-288139 0 1 467
-288891 1 1 32099
-289579 64 0
-290491 64 0
-290571 1 0
-290779 16777216 0
-296323 16384 0
-297267 1 0
-298203 1 0
-298939 0 1 233
-299067 1 0
-301467 1 1 317
-301947 1 0
-302164 0 0
-303988 0 0
-306923 16384 0
-307228 4194304 0
-309147 1 0
-310587 1 0
-311011 64 0
-311068 64 0
-311152 67108864 0
-311243 0 1 547
-311523 1 0
-312867 1 1 34763
-314968 201326592 0
-315243 1 1 35027
-315352 201326592 0
-316267 4 0
-317272 201326592 0
-318844 1048576 0
-319123 4 0
-320028 1 0
-320368 67108864 0
-320572 4 1 107
-321603 1 0
-322027 4096 0
-322288 67108864 0
-323691 1 0
-327931 1024 0
-328939 16 0
-332243 8192 0
-332907 1 0
-337459 64 0
-338467 4194304 0
-338748 1 0
-338779 4 0
-339683 0 1 131
-340852 0 0
-341692 16 0
-344203 1048576 0
-344723 256 0
-344803 1024 0
-345172 0 0
-346291 8 0
-346363 512 0
-350371 4 0
-350907 1 0
-351107 0 1 479
-353427 1 0
-355227 1 0
-356179 65536 0
-357592 201326592 0
-358443 1 1 39827
-362227 128 0
-365659 4 0
-366739 0 1 257
-369259 8 0
-369931 2097152 0
-370428 1 0
-370459 0 1 127
-372619 16 0
-373531 262144 0
-373651 0 1 491
-373972 0 0
-377968 67108864 0
-378268 8 0
-379228 0 1 113
-380731 16 0
-383035 2 0
-385819 4 0
-387843 1 0
-389148 1 0
-390907 8 0
-393747 1 0
-393883 4 0
-394067 0 1 313
-394083 1 1 43787
-394683 1 0
-395515 2 0
-396243 1 1 44027
-396283 64 0
-398947 0 1 223
-401467 8 0
-401692 0 1 233
-401971 128 0
-402460 2 0
-406312 100663296 0
-411043 32 0
-411139 0 1 197
-413227 4194304 0
-414619 16384 0
-416131 262144 0
-416971 4096 0
-417619 1024 0
-418163 128 0
-420235 2 0
-420259 4 0
-420787 0 1 491
-425483 0 1 179
-427288 201326592 0
-427843 16 0
-428212 0 0
-429808 67108864 0
-432483 1 0
-434428 131072 0
-434635 2 0
-438747 1 0
-442123 8 0
-443752 100663296 0
-445083 1 0
-445411 256 0
-445435 2 0
-445707 1 1 49523
-445972 0 0
-445987 64 0
-446812 1024 0
-447835 2 0
-447892 0 0
-449659 4 0
-452851 4 0
-455128 201326592 0
-455643 1 1 50627
-456667 0 1 313
-461347 4096 0
-464731 0 1 149
-464872 100663296 0
-465235 2 0
-467203 8 0
-470332 512 0
-470971 128 0
-472267 0 1 347
-472459 16 0
-473251 256 0
-473307 1 0
-474387 1 0
-478132 0 0
-478563 1 0
-486952 100663296 0
-487915 2 0
-487923 1 0
-491523 1 0
-491635 2 0
-492307 4096 1 107
-492603 1 0
-496771 8 0
-497008 67108864 0
-497083 0 1 179
-500371 512 0
-500571 1 1 55619
-509272 201326592 0
-510115 2 0
-511107 1 0
-511323 1 0
-517171 0 1 463
-517672 100663296 0
-518707 4 0
-518923 16384 0
-519747 1 0
-524283 1 0
-524539 65536 0
-527227 0 1 139
-527323 32 0
-531952 67108864 0
-533827 4 0
-537112 201326592 0
-539179 65536 0
-540115 2 0
-540747 1 1 60083
-546331 256 0
-546603 1 0
-557547 1 0
-561523 0 1 179
-562563 1 1 62507
-563539 0 1 653
-563683 0 1 151
-565468 0 1 373
-566883 1 1 62987
-569827 1048576 0
-571708 8192 0
-575635 2 0
-576307 262144 0
-578547 1 1 64283
-582003 1 1 64667
-583243 64 0
-583723 4 0
-585267 1 0
-587668 0 0
-588739 0 1 337
-589483 256 0
-591859 128 0
-597547 0 1 491
-597811 8388608 0
-599227 256 0
-605851 1048576 0
-606835 2 0
-607707 1 1 67523
-610003 0 1 743
-621987 1 0
-625648 67108864 0
-631467 1 1 70163
-633163 2048 0
-633172 0 0
-635611 524288 0
-638515 2 0
-639412 0 0
-640147 0 1 277
-647803 16 0
-652963 0 1 157
-654403 0 1 503
-655939 0 1 521
-657259 0 1 281
-657652 0 0
-669067 4 0
-669267 1 1 74363
-678507 1 0
-682243 1024 0
-683803 8192 0
-684952 201326592 0
-690715 2 0
-692947 0 1 271
-705115 2 0
-707611 0 1 487
-717523 0 1 647
-718323 1 0
-722707 2048 0
-728515 2 0
-743323 4 0
-749107 0 1 107
-756907 128 0
-759883 32 0
-761587 0 1 733
-767083 131072 1 107
-770827 0 1 163
-779083 262144 0
-781323 1 0
-783643 4 0
-787603 262144 0
-794539 2048 0
-796243 4 0
-806587 128 0
-808987 0 1 431
-816643 8388608 0
-819403 16 0
-820579 0 1 211
-822427 0 1 599
-824587 0 1 233
-834187 128 0
-835627 16 0
-852307 131072 0
-853483 0 1 229
-860347 131072 0
-861723 1 1 95747
-862747 0 1 191
-870235 2 0
-876667 8 0
-878563 4 0
-881203 8192 0
-884283 1 0
-888787 0 1 103
-901243 4 0
-901972 0 0
-906163 256 0
-908443 0 1 229
-911563 64 0
-912787 8192 0
-917347 0 1 797
-939115 2 0
-943987 8 0
-957163 64 0
-966232 201326592 0
-968683 0 1 109
-973435 2 0
-979435 2 0
-979483 2097152 0
-997588 0 0
-998827 0 1 167
-1004635 2 0
-1008715 2 0
-1010563 256 0
-1013083 0 1 607
-1014883 32 0
-1016467 0 1 239
-1024291 0 1 139
-1036627 16384 0
-1047187 65536 0
-1056763 16777216 0
-1060147 8 0
-1081987 8192 0
-1088635 2 0
-1095763 0 1 383
-1100107 0 1 173
-1102003 4 0
-1107307 256 0
-1109683 0 1 701
-1110883 0 1 197
-1120267 0 1 127
-1123627 0 1 103
-1127107 8192 0
-1128187 256 0
-1128835 2 0
-1129627 0 1 607
-1146163 512 0
-1166587 8192 0
-1183603 128 0
-1190443 32768 0
-1194307 256 0
-1201363 0 1 199
-1218667 256 0
-1273603 131072 0
-1274707 4 0
-1282843 0 1 241
-1290307 1048576 0
-1304587 0 1 491
-1315147 0 1 229
-1323547 32768 0
-1344883 0 1 107
-1354147 0 1 131
-1367683 0 1 509
-1382467 0 1 137
-1406923 4 0
-1413267 1 0
-1520803 32 0
-1720987 0 1 827
-1789747 8388608 0
-1924267 0 1 223
