-119 36 0
-143 24 0
-159 16385 0
-296 100664320 0
-303 16777217 0
-319 264 0
-344 201330688 0
-375 3 0
-415 2097154 0
-423 8193 0
-476 36 0
-488 100728832 0
-500 2 0
-572 24 0
-611 8208 0
-635 2 0
-636 16385 0
-664 203423744 0
-699 1 0
-724 0 0
-752 67117056 0
-779 2112 0
-788 0 0
-803 524296 0
-847 12 0
-851 1152 0
-872 100663296 0
-875 6 0
-916 0 0
-923 262160 0
-968 100663304 0
-1000 100663298 0
-1115 2 0
-1179 1 1 131
-1212 16777217 0
-1264 68157440 0
-1268 0 0
-1276 264 0
-1384 100663296 0
-1444 64 0
-1492 0 0
-1500 3 0
-1576 100663296 0
-1611 1 1 179
-1643 16896 0
-1648 67108864 0
-1660 2097154 0
-1684 0 0
-1688 201326592 0
-1692 8193 0
-1707 1 0
-1779 1 0
-1819 32 0
-1835 2 0
-1875 3 0
-1891 66048 0
-1923 1 0
-2032 67108864 0
-2043 1 1 227
-2152 100663296 0
-2164 0 0
-2299 72 0
-2363 32 0
-2452 0 0
-2500 2 0
-2523 257 0
-2643 1 0
-2776 201326592 0
-2836 0 0
-2875 130 0
-2883 513 0
-2899 16 0
-3028 0 0
-3091 8 0
-3123 1 1 347
-3139 528384 0
-3147 1 0
-3291 1 0
-3388 12 0
-3412 0 0
-3508 0 0
-3635 2 0
-3667 64 0
-3683 256 0
-3811 1024 0
-3859 32 0
-3928 201326592 0
-3987 1 1 443
-4083 1 0
-4227 1 0
-4372 0 0
-4435 2 0
-4579 64 0
-4627 4 0
-4852 0 0
-4915 2 0
-5131 4 0
-5163 1 0
-5203 4104 0
-5272 201326592 0
-5515 2 0
-5611 512 0
-5667 1 0
-5803 4 0
-5875 8194 0
-6115 2 0
-6147 1 1 683
-6259 8 0
-6403 64 0
-6667 32768 0
-7123 32 0
-7363 1024 0
-7387 6291456 0
-7435 2 0
-7483 4 0
-7627 256 0
-8227 64 0
-8523 1 1 947
-8947 128 0
-9307 2048 0
-10147 524288 0
-10483 8 0
-13843 0 1 109
