-9383 8 0
-9575 2 1 383
-10967 8 0
-11015 2 0
-14031 1 1 1559
-15815 2 0
-15999 1 0
-17087 4 0
-17324 327680 0
-17456 67108864 0
-17996 8 0
-18511 0 1 107
-18767 4 1 383
-18927 1 1 701
-19103 4 0
-20191 65536 0
-20927 32 0
-21356 64 0
-21519 1 1 797
-21644 4 0
-21836 16384 0
-22167 1 1 821
-22376 100663296 0
-23551 8 0
-24031 4 0
-24183 1 1 2687
-24944 67108864 0
-25136 67108864 0
-25287 1 0
-26447 16384 0
-26551 4 0
-26924 16384 0
-26984 100663296 0
-27263 0 1 137
-28471 262144 0
-28647 1 1 1061
-28904 100663296 0
-29004 1 0
-29215 2 0
-30079 4 0
-30151 8 0
-31023 1 1 383
-31436 256 0
-31615 2 0
-32204 10485760 0
-32847 1 0
-33079 64 0
-33527 16 0
-33659 8388608 0
-33944 201326592 0
-34712 201326592 0
-34772 0 0
-35687 0 1 127
-37532 8 0
-37652 0 0
-37735 2 0
-38300 2 1 383
-38503 0 1 139
-39276 1 1 1091
-40379 0 1 149
-40496 67108864 0
-41219 8192 0
-41432 201326592 0
-41575 2 1 1663
-42992 67108864 0
-43259 0 1 181
-43647 1 0
-43724 32 0
-43868 8 0
-43892 0 0
-44060 2 0
-44411 4194304 0
-44435 2 0
-44575 2 1 1783
-45251 1024 0
-46232 201326592 0
-46484 0 0
-46887 1 0
-47171 4096 0
-49183 0 1 137
-49903 4 0
-50828 8388608 0
-53168 67108864 0
-53459 4 1 1091
-54515 2 0
-54676 0 0
-55156 0 0
-55403 32 0
-55592 100663296 0
-56103 1 0
-56124 1 1 1559
-56191 2097152 0
-56524 16 0
-56556 1 1 1571
-56583 1 1 6287
-56607 1 0
-56647 1024 0
-57516 1 0
-57740 2 0
-57823 16384 0
-58139 8192 0
-58264 201326592 0
-58956 33 0
-59047 0 1 137
-59288 201326592 0
-59816 100663296 0
-60439 64 0
-60487 4 0
-60559 128 0
-60583 8192 0
-60891 1 0
-60967 2048 0
-61179 1 0
-61836 1 0
-61931 32 0
-62367 1 0
-63116 512 0
-63152 67108864 0
-63260 2 0
-63788 1024 0
-63996 1 0
-65259 1 1 2417
-66511 0 1 227
-67696 67108864 0
-67884 1 0
-68348 4 0
-69032 100663296 0
-69424 67108864 0
-69452 8388608 0
-69799 0 1 223
-69891 1 0
-69943 128 0
-70188 1 0
-70444 8 0
-70767 1 1 2621
-70996 0 0
-71407 16777220 0
-71704 201326592 0
-71819 8 0
-72752 67108864 0
-72899 0 1 269
-73163 128 0
-73868 32768 0
-74044 0 1 107
-74224 67108864 0
-74416 67108864 0
-74931 1 0
-75068 4 1 383
-75308 131072 0
-75708 1 1 701
-76148 0 0
-76412 4 0
-76663 512 0
-76903 16384 0
-76927 4096 0
-76979 4 1 1571
-77236 0 0
-77388 1 0
-77939 32768 0
-80764 65536 0
-80867 0 1 193
-80887 8192 0
-81608 117440512 0
-82019 4 0
-82063 0 1 137
-83075 2 1 3323
-83123 16777216 0
-83708 32 0
-84583 2048 0
-85235 2 0
-85324 2097152 0
-85327 8 0
-85663 32 0
-86076 1 1 797
-86356 0 0
-86379 1 0
-86703 1 0
-87343 64 0
-87367 4 1 1783
-87692 8 0
-87728 67108864 0
-88139 16384 0
-88371 1 1 1091
-88668 1 1 821
-90004 0 0
-90008 201326592 0
-90367 128 0
-90587 4 0
-90924 1 0
-90927 1 1 10103
-91116 1 1 2531
-91211 0 1 197
-92483 128 0
-92588 1048576 0
-93608 100663296 0
-93659 524288 0
-93731 8 0
-94204 8 0
-94444 4 0
-94636 32768 0
-95852 512 0
-96124 4 0
-96732 1 1 2687
-97211 2048 0
-97899 1 0
-98675 2 1 3947
-99212 32 0
-99248 67108864 0
-99304 100663296 0
-99811 0 1 151
-100012 8 0
-100336 67108864 0
-100592 67108864 0
-101139 1 0
-101148 1 0
-101843 4 0
-102064 67108864 0
-103216 67108864 0
-103807 8 0
-105036 1 0
-105371 4 0
-105676 256 0
-105788 16384 0
-106179 1 0
-106188 1 0
-106204 4 0
-106804 0 0
-107147 0 1 109
-107468 131072 0
-107596 1024 0
-108076 2048 0
-108323 0 1 149
-108492 1 0
-108788 0 0
-109052 0 1 137
-109232 67108864 0
-110139 1 0
-110512 67108864 0
-111175 2 1 4447
-112172 256 0
-112211 16777224 0
-112835 2 0
-113603 4 0
-113675 2 1 4547
-113771 4 0
-113884 262144 0
-114588 1 1 1061
-114707 0 1 251
-114731 512 0
-114947 4 0
-115827 1 0
-116140 2 0
-116699 8 1 103
-116860 2 0
-117699 1 0
-118028 64 0
-118307 4 0
-119003 32768 0
-119459 32 0
-119628 1 1 3323
-119859 1 0
-120316 4 0
-120579 1 0
-120604 8 0
-121235 2 0
-122412 16777217 0
-123171 1 0
-123304 100663296 0
-124092 1 1 383
-124259 0 1 137
-125612 512 0
-126128 67108864 0
-126460 2 0
-127208 100663296 0
-127216 67108864 0
-127251 1 1 1571
-127308 1 1 103
-127499 32768 0
-127531 524288 0
-128211 1 0
-128716 4 0
-128963 256 0
-129203 8192 0
-129411 1 1 4793
-131048 100663296 0
-131388 1 0
-132316 64 0
-132387 1 0
-132556 512 0
-132651 33 0
-132939 1 1 14771
-133268 0 0
-133996 0 1 139
-134003 0 1 103
-134019 1 1 14891
-134023 0 1 223
-134108 16 0
-134828 1024 0
-135628 2048 0
-136624 67108864 0
-137075 2 1 5483
-137356 128 0
-137435 2 0
-137968 67108864 0
-138219 1 0
-138419 8388608 0
-138892 16 0
-139131 1 1 5153
-139163 0 1 317
-139696 67108864 0
-140044 0 1 157
-140059 0 1 227
-140435 2 0
-141016 201326592 0
-141299 16777216 0
-142092 1 1 3947
-142748 0 1 127
-144076 0 1 181
-144244 0 0
-145163 32 0
-145491 1 0
-146779 1024 0
-147184 67108864 0
-147948 1 0
-148459 512 0
-148907 8 0
-149488 67108864 0
-150196 0 0
-150376 100663296 0
-150619 4 0
-150772 0 0
-150940 2 0
-151660 2 0
-152179 512 0
-152428 16384 0
-152527 0 1 127
-152739 1 1 5657
-152963 0 1 151
-152979 1 0
-154012 0 1 139
-155075 2 1 6203
-155596 4 0
-156483 1 1 17387
-156568 201326592 0
-157172 0 0
-157283 4 0
-157452 1 0
-157531 8 0
-157923 1 1 5849
-158128 67108864 0
-158211 1 1 17579
-158764 64 0
-159244 2048 0
-159604 0 0
-160067 32768 0
-160852 0 0
-161299 128 0
-161648 67108864 0
-162827 4 1 3323
-163571 64 0
-163692 1 1 4547
-163788 1 0
-164259 1 1 18251
-164848 67108864 0
-165484 8 0
-166171 0 1 107
-166300 2 1 1663
-166312 100663296 0
-166924 256 0
-167019 1 0
-168139 0 1 277
-168460 2 0
-168691 32 0
-170675 2 1 6827
-170803 0 1 109
-170992 67108864 0
-171515 2 0
-172428 1 0
-172675 2 1 6907
-172891 128 0
-173464 201326592 0
-174123 1 1 6449
-174124 16777216 0
-174412 4 0
-174588 1 0
-174651 1 0
-174739 0 1 197
-175803 1 0
-176044 8 0
-176332 16 0
-177556 0 0
-178300 2 1 1783
-178456 201326592 0
-179308 128 0
-179811 1 1 19979
-180016 67108864 0
-180076 16 0
-180244 0 0
-180451 512 0
-181427 0 1 419
-181932 1 0
-183088 67108864 0
-183724 128 0
-183796 0 0
-183948 1 0
-184024 201326592 0
-184067 16 0
-184787 2048 0
-185059 4 0
-186316 16 0
-187548 1 0
-188451 1 1 20939
-188667 1 1 20963
-189083 128 0
-189843 1 0
-189868 4 0
-190312 100663296 0
-191779 4 0
-192844 1024 0
-193403 4 1 3947
-194011 0 1 131
-194515 2 0
-194644 0 0
-195340 2 0
-196108 8 0
-196227 1 1 21803
-196732 0 1 137
-196915 2 0
-197075 2 1 7883
-197267 4 0
-197272 201326592 0
-197388 1 1 5483
-198227 64 0
-199612 4 0
-199792 67108864 0
-200435 2 0
-200627 4 0
-201651 1 0
-202024 100663296 0
-202443 1 0
-202715 2 0
-202803 1 0
-202924 8388608 0
-203572 0 0
-203788 16 0
-204219 1 1 22691
-204436 0 0
-204579 1 1 7577
-204940 2 0
-205011 1 1 2531
-205819 32 0
-206163 1 1 22907
-206512 67108864 0
-207852 1 0
-207916 32768 0
-208643 1024 0
-209008 67108864 0
-209740 2 0
-212172 1 0
-212584 100663296 0
-212611 4 1 4339
-212776 100663296 0
-212812 2097152 0
-213544 100663296 0
-214636 128 0
-215027 128 0
-216172 40 0
-216691 0 1 337
-216748 4 0
-217051 128 0
-217108 0 0
-218032 67108864 0
-218092 4 0
-220587 1 0
-220812 1 0
-221419 8 0
-222147 1 1 24683
-223308 1 1 6203
-224412 1 0
-224764 2097152 0
-225328 67108864 0
-225571 0 1 191
-226332 1 1 6287
-226428 1 0
-226588 1024 0
-226667 4 0
-227899 4 1 4651
-228148 0 0
-229435 2 0
-229492 0 0
-230572 32768 0
-230627 0 1 167
-231292 16384 0
-232835 2 0
-233043 1 0
-233635 2 0
-234508 128 0
-234964 0 0
-236140 2 0
-236188 0 1 137
-236331 1 1 8753
-236403 1 1 26267
-236464 67108864 0
-236788 0 0
-236908 4 0
-237928 100663296 0
-238443 1 0
-238923 1 1 8849
-239011 0 1 457
-239152 67108864 0
-239203 0 1 251
-239451 1 0
-240172 8388608 0
-240268 4 0
-240652 32 0
-241756 64 0
-241948 4 0
-242236 128 0
-242332 8192 0
-243148 4194304 0
-243499 2048 0
-243843 1 0
-243868 2048 0
-243928 201326592 0
-244107 1 1 9041
-245772 1 1 6827
-247075 2 1 9883
-247528 100663296 0
-249468 1 0
-249619 128 0
-250563 33 0
-250827 1 0
-251092 0 0
-251212 16 0
-252748 0 1 179
-253131 1 0
-254092 0 1 139
-254251 262144 0
-254704 67108864 0
-254851 512 0
-254956 16 0
-255363 1 0
-255707 1024 0
-255883 32768 0
-256108 4096 0
-257356 8 0
-259288 201326592 0
-260371 2097152 0
-260824 201326592 0
-260907 1 0
-261172 0 0
-261388 16777216 0
-261859 16 0
-262403 16384 0
-262540 2 0
-262572 1 0
-263148 1 0
-263788 4 0
-263915 2 0
-264379 32768 0
-264835 2 0
-265283 0 1 311
-266044 0 1 227
-266731 128 0
-267184 67108864 0
-268483 0 1 383
-269043 1 0
-269163 1 1 3323
-269659 16 0
-269740 2 0
-270571 4 0
-271828 0 0
-273388 2048 0
-273688 201326592 0
-273748 0 0
-274348 0 1 107
-274408 100663296 0
-275427 16777217 0
-275692 0 1 157
-276027 1 0
-276163 0 1 157
-276547 8388608 0
-277939 2048 0
-279196 0 1 223
-279772 128 0
-280408 201326592 0
-280468 0 0
-281731 0 1 107
-281899 0 1 229
-282747 1 1 307
-283068 1 1 2621
-283788 1 1 7883
-283852 256 0
-284332 512 0
-284908 16 0
-285232 67108864 0
-285628 16777220 0
-286075 2 1 11443
-286443 1 1 103
-286947 1 1 31883
-287212 32768 0
-288940 2 0
-289203 1 0
-290008 201326592 0
-290152 100663296 0
-291003 1 0
-291699 1 1 32411
-291723 1 0
-292779 1 1 32531
-292912 67108864 0
-295683 1 0
-297112 201326592 0
-297868 0 1 113
-298219 2097152 0
-298456 201326592 0
-300939 1 0
-302572 131072 0
-303052 0 1 239
-303451 4096 0
-305035 2 0
-305707 0 1 347
-305740 2 0
-306443 256 0
-306652 512 0
-306868 0 0
-307612 16384 0
-307708 4096 0
-307771 16384 0
-307915 2 0
-308419 512 0
-309352 100663296 0
-310228 0 0
-312827 2097152 0
-312859 16384 0
-313099 128 0
-315340 2 0
-315508 0 0
-317068 512 0
-319408 67108864 0
-319707 1 1 3947
-320427 1 1 35603
-321484 0 1 179
-321612 1 0
-322675 2 1 12907
-323548 8192 0
-323683 0 1 173
-324052 0 0
-324699 1 0
-326068 0 0
-326443 16 0
-326632 100663296 0
-327412 0 0
-327892 0 0
-328252 0 1 137
-329067 1 1 36563
-329128 100663296 0
-330403 0 1 139
-331243 8 0
-332392 100663296 0
-332883 1 1 12329
-333292 8388608 0
-335779 0 1 479
-336723 1 0
-337072 67108864 0
-337083 1 0
-338332 2048 0
-338443 4 1 6907
-339532 256 0
-340675 2 1 13627
-340888 201326592 0
-341308 8 0
-341563 64 0
-342235 2 0
-342652 32 0
-342931 64 0
-343483 4 0
-343907 0 1 241
-343923 1 0
-344899 0 1 311
-345043 0 1 389
-345715 2 0
-346252 0 1 107
-346812 1 0
-347427 1 1 38603
-348148 0 0
-348331 0 1 163
-348532 0 0
-349372 64 0
-349468 4 1 1783
-352075 2 1 14083
-353259 1 1 39251
-353512 100663296 0
-354067 4 0
-354267 1 1 13121
-356392 100663296 0
-357268 0 0
-357963 1 0
-358312 100663296 0
-358339 0 1 293
-359052 1 0
-359131 0 1 197
-361147 0 1 409
-361468 128 0
-361883 16777216 0
-362728 100663296 0
-362860 2 0
-363003 1 0
-363235 2 0
-363708 1 1 10103
-364099 4194304 0
-364492 0 1 293
-365347 32 0
-366412 8192 0
-366619 8 0
-366931 0 1 131
-367348 0 0
-367852 2048 0
-368307 1 1 4547
-368523 1 1 13649
-369235 2 0
-369907 131072 0
-370771 16777216 0
-372003 1 0
-372227 524288 0
-373528 201326592 0
-373675 2 1 14947
-373803 1 0
-374427 1 1 41603
-374632 100663296 0
-375208 100663296 0
-375211 65536 0
-376588 512 0
-377008 67108864 0
-377635 2 0
-379468 64 0
-379915 2 0
-379923 1 0
-380491 32768 0
-386092 4 0
-387379 32 0
-387963 1 1 14369
-390547 0 1 109
-391099 2048 0
-394648 201326592 0
-397107 1 1 44123
-397507 8 0
-397627 0 1 167
-397819 2097152 0
-398512 67108864 0
-402028 8 0
-402387 1 0
-402928 67108864 0
-403288 201326592 0
-403587 1 1 44843
-403827 1 0
-403888 67108864 0
-404611 0 1 311
-404692 0 0
-406099 524288 0
-407128 201326592 0
-409347 1 1 15161
-410947 0 1 131
-412315 2 0
-413883 1 1 15329
-414292 0 0
-415228 8 0
-416035 2 0
-416083 0 1 257
-416371 0 1 233
-417328 67108864 0
-417712 67108864 0
-418411 4 1 8539
-419092 0 0
-419347 0 1 157
-420187 128 0
-421171 1024 0
-422035 2 0
-428059 262144 0
-428779 16 0
-429451 8 0
-429592 201326592 0
-429883 16384 0
-430060 2 0
-430467 1 0
-431971 0 1 251
-432811 0 1 443
-435352 201326592 0
-436648 100663296 0
-437035 2 0
-438283 262144 0
-439027 8192 0
-439267 0 1 509
-440827 32 0
-441267 1 0
-441379 32768 0
-442828 0 1 149
-444123 1 1 5483
-444208 67108864 0
-444700 2 1 4447
-445099 262144 0
-445675 2 1 17827
-445923 1 1 49547
-447003 1 1 49667
-447148 16 0
-447523 0 1 421
-449392 67108864 0
-452035 2 0
-453748 0 0
-453979 0 1 367
-454435 2 0
-456187 4096 1 103
-456643 8 0
-457675 2 1 18307
-459307 0 1 409
-462835 2 0
-464067 1 1 51563
-465147 1 1 51683
-467667 1 1 17321
-467683 256 0
-468283 32768 0
-471643 0 1 109
-471811 0 1 271
-473491 0 1 103
-474868 0 0
-474979 0 1 137
-475467 1 0
-475627 64 0
-476491 128 0
-477387 1 1 17681
-478123 256 0
-478267 0 1 137
-479347 8 0
-479707 0 1 491
-480811 32 0
-481315 2 0
-481947 1 0
-483283 0 1 227
-483427 4 0
-484267 4 1 9883
-487699 262144 0
-490219 64 0
-490363 0 1 439
-492715 2 0
-492963 1 0
-493387 0 1 521
-494092 16777216 0
-496827 1 1 18401
-497227 0 1 487
-499075 2 1 19963
-502443 1 1 6203
-503848 100663296 0
-504267 1 0
-504652 1048576 0
-506032 67108864 0
-506452 0 0
-507112 100663296 0
-508603 0 1 257
-509035 2 0
-510043 512 0
-512403 1 0
-512667 1 1 56963
-514339 4 0
-515107 16384 0
-515419 0 1 107
-516123 1 1 57347
-517627 8 0
-519243 1 0
-520483 0 1 277
-521523 1 1 57947
-526675 2 1 21067
-529483 128 0
-533787 1 0
-534832 67108864 0
-535459 16384 0
-535867 0 1 281
-536092 0 1 223
-539212 128 0
-539611 8388608 0
-544507 524288 0
-545539 0 1 307
-547891 0 1 173
-549123 1 0
-552187 0 1 211
-552987 1 1 6827
-553228 16 0
-557107 32 0
-558028 65536 0
-560212 0 0
-560515 2 0
-560707 4 1 11443
-561147 1 0
-563323 0 1 239
-564043 32 0
-564283 2048 0
-565315 2 0
-566043 1 0
-568147 0 1 131
-574732 16384 0
-575227 0 1 163
-577243 65536 0
-577683 1 1 64187
-578092 4096 0
-579859 4 0
-580387 0 1 349
-580867 4 0
-581548 8 0
-584368 67108864 0
-589075 2 1 23563
-590587 0 1 563
-590787 1 1 21881
-591907 64 0
-592083 1 1 21929
-592867 8 0
-593968 67108864 0
-594883 0 1 653
-600427 0 1 419
-603187 16 0
-603387 1 1 67043
-605035 2 0
-607987 65536 0
-608203 0 1 127
-609835 2 0
-610108 0 1 127
-611563 0 1 283
-611683 0 1 479
-612547 16 0
-617803 128 0
-619963 0 1 331
-621547 64 0
-622507 0 1 509
-622675 2 1 24907
-622939 0 1 137
-629323 32 0
-631075 2 1 25243
-631243 256 0
-632283 1 0
-632443 4 1 12907
-632899 0 1 491
-637435 2 0
-638523 1 1 7883
-642787 32 0
-643603 32 1 131
-645352 100663296 0
-645523 0 1 283
-647347 0 1 199
-649387 1024 0
-651403 512 0
-651723 1 0
-652075 2 1 26083
-652675 2 1 26107
-658627 0 1 751
-659635 2 0
-662827 8 0
-663427 0 1 307
-664267 0 1 157
-665515 2 0
-666763 0 1 457
-667027 512 0
-667723 4 1 13627
-668707 16 0
-674587 0 1 181
-674668 0 1 151
-681115 2 0
-682507 4 0
-683467 16908288 0
-684307 16 0
-687835 2 0
-690067 4 1 14083
-690328 201326592 0
-693907 0 1 131
-694075 2 1 27763
-699715 2 0
-704347 4 0
-705268 0 0
-706867 4 0
-708115 2 0
-709483 0 1 157
-710803 131072 1 103
-716692 0 0
-717187 0 1 463
-718699 0 1 461
-719803 4 0
-720259 0 1 653
-721603 0 1 457
-721987 4 0
-723627 1 1 26801
-723787 128 0
-725083 4194304 0
-725707 0 1 563
-726763 0 1 151
-730627 0 1 109
-739468 0 1 223
-740107 64 0
-742267 0 1 727
-743107 128 0
-752035 2 0
-752347 256 0
-759532 0 1 317
-761107 32 0
-761947 0 1 107
-763723 4096 0
-764227 32768 0
-764803 16 0
-769507 16384 0
-770163 1 0
-776323 0 1 179
-782347 512 0
-788827 16 0
-790267 64 0
-790507 0 1 271
-790675 2 1 31627
-797035 2 0
-804787 1024 0
-807643 512 0
-807867 1 1 29921
-808243 128 0
-811867 4 0
-812707 4 0
-817387 4096 0
-824323 1024 0
-825427 256 0
-827107 0 1 223
-829915 2 0
-834163 8 0
-834472 100663296 0
-835675 2 1 33427
-840283 0 1 823
-844027 2097152 0
-846283 4096 0
-848107 16 0
-849115 2 0
-850987 0 1 173
-852163 16 0
-852547 0 1 233
-861283 0 1 661
-862843 16777216 0
-866803 4 0
-873523 4 1 17827
-879547 0 1 149
-879883 2097152 0
-885907 8 0
-900547 131072 0
-900568 201326592 0
-903907 32 0
-907083 1 1 100787
-910387 0 1 353
-912283 0 1 137
-913075 2 1 36523
-914923 32 0
-915643 0 1 863
-924763 4 0
-927787 4 0
-928075 2 1 37123
-929923 0 1 313
-941347 8 0
-955123 16 0
-969235 2 0
-978187 4 1 19963
-988507 16 0
-998587 16777216 0
-1008403 8 0
-1018843 4 0
-1019323 2097152 0
-1021507 8388608 0
-1022323 0 1 251
-1024363 131072 0
-1037107 0 1 103
-1043947 128 0
-1045267 131072 0
-1059403 128 0
-1068523 1024 0
-1075363 524288 0
-1083883 0 1 463
-1085107 0 1 619
-1097083 16 0
-1101787 32 0
-1106683 32 0
-1111027 0 1 139
-1112587 4 0
-1119763 4096 0
-1140283 0 1 113
-1142563 8388608 0
-1143907 0 1 257
-1149523 32 0
-1164307 65536 0
-1189147 8192 0
-1198387 64 0
-1224787 0 1 827
-1231147 0 1 193
-1231483 8 0
-1237723 4194304 0
-1238323 2048 0
-1261723 32 0
-1274827 0 1 823
-1281403 0 1 211
-1295683 0 1 109
-1312987 16 0
-1368427 0 1 443
-1374235 2 0
-1443187 0 1 557
-1459627 16 0
-1467643 0 1 919
-1471243 0 1 137
-1662763 16777216 1 163
-1765003 0 1 379
