-8711 512 0
-11255 2 0
-13271 128 0
-13631 4096 0
-13823 128 0
-15575 4194310 0
-17559 1 1 1951
-19175 32786 0
-19895 130 0
-20439 1 1 757
-20975 2 1 839
-21167 65536 0
-21455 6 0
-21623 4 0
-21951 1 1 271
-22244 2228224 0
-22359 257 0
-23084 256 0
-23951 4096 0
-24015 3 0
-24047 0 1 139
-24263 64 0
-24983 2101252 0
-25007 32 0
-25223 8 0
-25655 6 0
-26276 0 0
-26295 3 0
-26655 3 0
-26703 4225 0
-27044 0 0
-27951 13 0
-28167 2049 0
-28335 3 0
-28847 20 0
-28959 5 1 197
-29175 3 1 389
-29447 8 0
-29679 17 0
-30687 16385 0
-30695 6 0
-30711 257 0
-30879 532481 0
-31471 8 0
-31724 12 0
-31820 5122 0
-31916 17825792 0
-31935 3 0
-32391 98305 0
-32495 8519682 0
-33335 32770 0
-34311 1 0
-34424 201326608 0
-34463 24 0
-34695 3 1 257
-34844 512 0
-35239 0 1 131
-35335 1026 0
-35415 3 1 787
-35703 1 1 3967
-35959 12 0
-36471 1 0
-36596 4 0
-36944 67108864 0
-37287 1 1 1381
-37316 64 0
-37399 0 1 149
-37556 2048 0
-37575 3 1 167
-37935 3 1 281
-38444 4 0
-38540 10242 0
-38960 67108866 0
-39063 257 0
-39735 3 1 883
-39807 1 1 4423
-40340 2 0
-40791 1 0
-40935 3 0
-41103 1 1 4567
-41255 1026 0
-41295 3 0
-41655 3 0
-41967 1 1 4663
-42176 67108864 0
-42255 3 1 313
-42495 3 0
-42527 4224 0
-42535 8194 0
-42679 131092 0
-42711 129 0
-42879 1 0
-43167 1 0
-43479 1 1 4831
-43592 100663296 0
-43820 6 0
-43944 100663297 0
-44991 1 1 4999
-45020 2 0
-45260 524802 0
-45284 0 0
-45615 3 0
-45704 100663552 0
-45776 67108864 0
-46159 512 0
-46164 1 0
-46335 3 0
-46496 67108864 0
-46503 1 1 5167
-47575 10 1 173
-47624 100663296 0
-47724 8390657 0
-47815 524290 0
-48207 1 0
-48415 130 0
-48775 2 1 1951
-48983 589832 0
-49423 8 0
-49796 32768 0
-50031 33 1 109
-50463 4194309 0
-50479 24 0
-50607 1 1 5623
-51783 2049 0
-51908 64 0
-52119 1 1 5791
-52524 1 1 1459
-52724 4 1 269
-53084 128 0
-53143 64 0
-53192 100728832 0
-53207 12 0
-53240 201326602 0
-53247 1 0
-53364 1 0
-53396 4 0
-53647 8 0
-53696 67108864 0
-54176 67108864 0
-54439 16777228 0
-54524 4096 0
-54543 1 0
-54644 64 0
-54680 201326594 0
-54896 67641344 0
-55019 1024 0
-55116 1 1 1531
-55292 128 0
-55503 5 1 881
-55743 33 0
-56143 128 0
-56456 100663296 0
-56575 524802 0
-56660 2 0
-56703 2049 0
-56780 34 0
-56919 1 0
-57008 67108868 0
-57023 0 1 127
-57087 1 1 6343
-57159 524545 0
-57183 5 1 389
-57295 6 0
-57319 4608 0
-57392 67108896 0
-57396 1 0
-57584 67207168 0
-57655 18 0
-57836 64 0
-58316 65536 0
-58503 1 0
-58691 64 0
-58952 100663296 0
-59076 1 1 547
-59916 1 0
-59959 32 0
-60371 524288 0
-60615 3 1 449
-60696 201326593 1 281
-60920 201326594 0
-61023 1 0
-61164 1 1 1699
-61232 71307264 0
-61279 0 1 233
-61287 513 0
-61407 1 1 6823
-61964 4 0
-62127 32785 0
-62300 4194310 0
-62703 1 1 6967
-62804 4 0
-62852 64 0
-62960 67108866 0
-63020 130 0
-63055 2 0
-63207 1 1 2341
-63284 16 0
-63731 16777216 0
-63980 6 0
-64340 2 0
-64460 10 0
-64687 4 0
-65444 0 0
-65480 100663298 0
-65575 69634 0
-65840 67108866 0
-65900 2 1 659
-66092 2576 0
-66159 1 1 7351
-66200 201326594 1 331
-66608 67108992 0
-66655 2 0
-66656 67108864 0
-66800 67108866 1 167
-66932 256 0
-66956 64 0
-67167 33 1 439
-67279 64 0
-67476 1 0
-68339 1024 0
-68455 2 0
-68536 201326608 0
-68671 4096 0
-68792 201326592 0
-68844 1 0
-68888 202375168 0
-68948 8 0
-69324 16385 0
-69895 6 0
-70028 67588 0
-70095 3 0
-70220 2 0
-70236 1 1 1951
-70343 20 0
-70355 2 0
-70519 8388608 0
-70640 67108866 0
-71335 10 0
-71415 131 0
-71436 1 0
-71444 16384 0
-71575 6 1 409
-71576 201326720 0
-72055 2 0
-72255 3 0
-72807 5 0
-72932 0 0
-73503 1 1 8167
-73604 0 0
-73647 5 1 167
-73927 32772 0
-74239 40 0
-74616 201326593 0
-74672 67108880 0
-75800 201326594 1 379
-76268 128 0
-76292 0 0
-76700 32786 0
-76976 67108896 0
-77124 1 0
-77127 8193 0
-77631 1 1 113
-78032 67108864 0
-78168 201326593 0
-78308 0 0
-78327 1 1 967
-78356 64 0
-78564 1 0
-78659 36 0
-79091 0 1 139
-79095 3 0
-79404 17 0
-79436 4 0
-79567 0 1 251
-79568 67108864 0
-79580 130 0
-79624 100664320 0
-79820 18 0
-79863 5 0
-79896 201326593 0
-80408 201326784 0
-80780 6 0
-80815 6 0
-80936 100794368 0
-80972 512 0
-81356 4104 0
-81548 1344 0
-81756 1 1 757
-82092 1 0
-82112 67108864 0
-82495 6 0
-82807 32 0
-82884 1 0
-83124 1 1 2309
-83404 256 0
-83540 2 0
-83648 67108864 0
-83716 0 0
-83900 2 1 839
-84024 201326593 1 389
-84140 6 0
-84183 9 0
-84419 264448 0
-84668 65536 0
-84724 32768 0
-84855 3 0
-84964 8 0
-85023 139265 0
-85104 67108865 1 197
-85143 16777217 0
-85184 67108872 0
-85460 2 0
-85743 5 1 1361
-85811 264 0
-85820 6 0
-86223 2049 0
-86492 4 0
-86555 6 0
-87144 100663297 0
-87156 1 1 269
-87271 0 1 197
-87428 8 0
-87660 3 1 487
-87736 201326600 0
-87755 2 0
-87804 1 1 271
-88855 18 0
-88887 1 0
-89075 6 1 509
-89436 257 0
-89492 16 0
-89516 132 0
-89531 8650768 0
-89648 67108880 0
-89675 34 1 211
-89720 201326594 0
-89780 131074 0
-89967 1 0
-90184 100663296 0
-90264 201326593 0
-90423 33 1 197
-90655 2 0
-90680 201326594 0
-90799 16777984 0
-90899 32 0
-91135 10 0
-91352 201326656 0
-91379 384 0
-91404 1 1 2539
-91636 512 0
-91820 2 0
-91824 67108865 0
-91832 201326608 0
-91992 201326593 0
-92575 134 0
-93104 67109000 0
-93127 128 0
-93140 2 0
-93247 12 1 173
-93376 67108864 0
-93524 0 1 103
-93635 65538 0
-93776 67108864 0
-93932 128 0
-94287 16385 0
-94624 67108864 0
-94892 4 0
-94896 67108865 1 659
-95364 1 1 883
-95416 201326592 0
-95459 20 0
-95623 8 0
-95675 4198402 0
-95736 201326593 0
-95804 4096 0
-95943 1 0
-96055 2 0
-96056 201326592 0
-96060 3 0
-96188 0 1 139
-96304 67108880 0
-96395 18 0
-96440 201326594 0
-96491 8192 0
-96659 0 1 163
-96776 100663296 0
-97052 64 0
-97064 100663304 0
-97096 100679680 0
-97176 201326593 0
-97208 201326848 0
-97519 0 1 113
-97548 9 0
-97983 65 1 191
-97984 67108864 0
-98239 512 0
-98263 8 0
-98316 1 1 2731
-98672 67108868 0
-99252 1 1 919
-99316 4 0
-99812 0 0
-99888 67108865 0
-99932 2101252 0
-100028 32 0
-100172 1048576 0
-100236 1 0
-100524 1 0
-100664 201326592 0
-100859 16392 0
-100892 8 0
-100983 2049 0
-101312 67108864 0
-101684 8 0
-102131 26624 0
-102223 8 0
-102275 2 1 4091
-102276 1 1 947
-102280 100663298 0
-102620 6 0
-102636 1 1 2851
-102731 32 0
-102996 1 1 2861
-103268 8 0
-103352 201326592 0
-103508 0 1 113
-103659 1 1 109
-103848 100663297 0
-103884 9 0
-103927 0 1 103
-104072 100663296 0
-104075 130 1 181
-104215 66 0
-104616 100663297 1 1453
-105083 2056 0
-105131 16 0
-105180 3 0
-105192 100663297 1 487
-105324 131073 0
-105543 1 1 1303
-105624 201326593 1 163
-106220 8194 0
-106412 1024 0
-106520 201326594 0
-106620 3 0
-106812 4225 0
-106952 100663552 0
-106956 1 1 2971
-107023 4 0
-107263 1040 0
-107344 67108864 0
-107379 8390657 0
-107655 3 0
-107660 6 0
-107768 201326656 0
-107916 161 0
-108016 67112960 0
-108084 1 0
-108200 100663298 1 541
-108332 540676 0
-108535 6 1 443
-108620 2 0
-108728 201326592 0
-108736 67108864 0
-109091 36864 0
-109104 67108865 0
-109144 201326596 0
-109407 1 0
-109796 0 0
-109812 1 0
-109832 100663296 0
-109944 201326593 1 509
-110316 257 0
-110408 100664320 0
-110468 0 0
-110824 100663300 0
-111107 0 1 137
-111371 16 1 659
-111804 13 0
-111828 1 0
-111984 67108865 0
-112148 16512 0
-112668 2049 0
-112684 24 0
-112739 1032 0
-113012 64 0
-113339 32800 0
-113340 3 0
-113556 1 0
-113571 1 1 12619
-113604 1 0
-113744 67108864 0
-113824 67108864 0
-114007 0 1 173
-114367 1032 0
-114655 130 0
-114864 67108865 0
-114871 0 1 313
-115116 16385 0
-115388 20 0
-115428 1 0
-115739 272 0
-115760 67108866 0
-115836 5 1 197
-116076 33 0
-116120 201326594 0
-116132 0 0
-116455 2 0
-116675 18 1 359
-116700 3 1 389
-117140 2 0
-117155 2 0
-117256 100663296 0
-117316 0 1 139
-117396 1 1 1087
-117611 2097168 0
-117636 1 0
-117788 8 0
-118112 67108864 0
-118179 1 1 1459
-118220 130 0
-118448 67108872 0
-118647 1 1 13183
-118716 17 0
-118824 100663297 0
-119315 6 1 487
-119408 67108896 0
-119647 524296 0
-119743 65552 0
-119815 514 0
-120127 4 1 131
-120440 201326594 0
-120468 1 0
-120588 17 0
-120760 201326594 0
-120775 2 1 4831
-120816 67108865 1 839
-120995 6 0
-121355 18 0
-121423 1065216 0
-121451 65544 0
-121499 36 0
-121516 32 0
-121691 524288 0
-121832 109051904 0
-121896 100663297 1 1693
-121936 67108864 0
-122260 2 0
-122348 524288 0
-122352 67108865 0
-122411 0 1 167
-122476 131072 0
-122680 201326594 0
-122732 65536 0
-122748 16385 0
-122780 6 0
-122844 257 0
-122904 201326593 1 569
-123180 3 0
-123368 100663300 0
-123516 532481 0
-123672 201326593 0
-124011 1 1 1531
-124036 8 0
-124063 8388608 0
-124208 67108868 0
-124331 16777216 0
-124864 67108864 0
-124975 2 1 4999
-125292 16385 0
-125296 67110912 0
-125348 0 0
-125420 2 0
-125884 8 0
-125964 1 1 3499
-126008 201326656 0
-126036 1 1 389
-126155 130 0
-126212 0 1 139
-126248 100667392 0
-126264 201326593 0
-126304 67108864 0
-126384 67108865 0
-126576 67108865 1 293
-126636 65537 0
-126680 201326594 0
-127740 3 0
-127884 1 0
-128091 1 0
-128259 1 1 14251
-128268 5 1 509
-128460 3 0
-128527 69636 0
-128588 66080 0
-128648 100663312 0
-128776 100663296 0
-128868 1 0
-129007 1310848 0
-129068 2048 0
-129076 65664 0
-129107 8388616 0
-129132 33 1 211
-129136 67108868 0
-129188 0 0
-129531 1 0
-129564 98305 0
-129604 0 0
-129728 67108864 0
-129755 2 0
-129980 8519682 0
-130383 9 1 439
-130539 16385 0
-130663 208 0
-130764 33 0
-130928 67108868 1 167
-130988 24 0
-131168 67108864 0
-131672 201326592 1 109
-131916 1 0
-132008 100663552 0
-132040 100663298 0
-132072 100663297 0
-132083 4 0
-132244 4 0
-132539 8 0
-132915 3 0
-133100 10 0
-133272 201326593 1 617
-133340 32770 0
-133516 256 0
-133936 67108872 0
-134575 6 1 769
-134583 1 1 113
-134604 1 1 3739
-134811 1 1 4993
-134988 5 0
-135803 0 1 139
-135980 18 0
-136056 201326593 0
-136236 1 0
-136595 34 0
-136663 32 0
-137048 201327616 0
-137244 1 0
-137619 1 1 1699
-137772 4198401 0
-137852 24 0
-137912 201326592 0
-138055 2 0
-138188 0 1 179
-138424 201326616 0
-138459 1 0
-138544 67108868 0
-138732 9 0
-138780 3 1 257
-138847 4096 0
-138948 1 0
-139287 257 0
-139567 0 1 233
-139611 1 1 173
-139652 0 0
-140012 262432 0
-140019 9 0
-140075 18 1 431
-140956 0 1 131
-141048 201326593 1 653
-141340 1026 0
-141420 3 0
-141516 1 1 3931
-141616 67125248 0
-141660 3 1 787
-141668 0 1 107
-141740 66 0
-142451 0 1 167
-142512 67108865 0
-142640 67108866 0
-142812 1 1 3967
-142860 3 0
-143647 4 0
-143648 67239936 0
-143748 9 0
-143836 12 0
-143979 9 0
-144055 8194 0
-144168 100663297 0
-144364 40 0
-144515 6 0
-144516 1 0
-144620 6 0
-144775 2 1 5791
-145036 16777216 0
-145088 67108864 0
-145324 8192 0
-145567 128 0
-145836 1 1 4051
-145884 1 0
-145900 2 1 1459
-145979 544 0
-146220 3 0
-146287 0 1 241
-147212 80 0
-147876 1 0
-148140 3 1 823
-148272 67108865 0
-148516 0 1 107
-148712 100663552 0
-149140 2 0
-149148 1 1 1381
-149300 2 1 1493
-149320 100663298 0
-149339 4224 0
-149412 1 0
-149527 2052 0
-149596 0 1 149
-149644 72 0
-149647 0 1 263
-149691 2049 0
-149868 129 1 181
-149976 201326593 1 2083
-149983 128 0
-149987 0 1 127
-150300 3 1 167
-150435 3 1 3343
-150563 4 1 137
-150635 8194 0
-150731 65540 0
-150736 67108864 0
-151691 32 0
-151740 3 1 281
-151876 4096 0
-152072 100663296 0
-152432 67108868 0
-152436 1 0
-152620 18 0
-152648 100663296 0
-152715 3 0
-152836 64 0
-153100 2 1 1531
-153124 0 0
-153175 10 1 557
-153208 201326600 0
-153467 2101248 0
-153491 16 0
-154116 1 1 1427
-154499 4096 0
-154899 1 1 5737
-154936 201326592 1 107
-155072 67108864 0
-155192 201326656 0
-155979 16385 1 109
-156035 10 0
-156075 3 1 2081
-156252 257 0
-156343 65544 0
-156376 201326600 0
-156708 1 1 1451
-156771 1 1 17419
-156784 67110912 0
-156904 100663304 0
-157011 1 1 199
-157139 1536 0
-157260 3 0
-157547 16 0
-157572 1 1 1459
-157656 201326593 0
-157663 8 1 1303
-158147 8 1 1307
-158244 1 0
-158316 1048577 0
-158868 1 1 1471
-158940 3 1 883
-158963 4 0
-159228 1 1 4423
-159304 100663296 0
-159436 128 0
-159459 129 0
-159812 0 0
-160259 40 0
-160332 513 0
-160451 0 1 281
-160516 0 0
-160620 3 0
-160731 1 1 5953
-160744 100925440 0
-160816 67109056 0
-160868 0 1 131
-160996 8 0
-161195 2 1 103
-161243 0 1 383
-162004 16777216 0
-162348 2097153 0
-162436 0 0
-162484 4 1 829
-162496 67108864 0
-163164 1 0
-163512 201326593 1 757
-163628 64 0
-163715 2 1 137
-163740 3 0
-163924 0 1 107
-164047 16 0
-164412 1 1 4567
-164676 1 0
-165004 2359300 0
-165020 1026 0
-165180 3 0
-165419 2097152 0
-165516 17 0
-165563 32 0
-165604 64 0
-165676 8454148 0
-165823 4 0
-166008 201326593 0
-166128 67108865 0
-166292 4 0
-166620 3 0
-166644 1 1 1543
-166864 67108864 0
-166884 1 0
-166892 8 0
-166960 67108866 0
-167020 6 0
-167236 0 0
-167243 1573120 0
-167556 1 0
-167656 100663360 0
-167820 3 0
-167868 1 1 4663
-168012 17 1 359
-168016 67108864 0
-168048 67108865 1 389
-168219 1 1 18691
-168979 1024 0
-169011 4194305 1 211
-169020 3 1 313
-169264 67371008 0
-169300 2 1 1693
-169403 2097168 0
-169423 1088 0
-169900 2 1 1699
-169980 3 0
-170108 4224 0
-170140 8194 0
-170220 3 0
-170387 16777220 0
-170716 131092 0
-170739 65537 1 311
-170747 524288 0
-170844 129 0
-170916 1 0
-170920 100663298 0
-171064 201326592 0
-171076 64 0
-171371 0 1 409
-171516 1 0
-171660 3 0
-171699 4105 0
-171771 513 0
-172108 32 0
-172668 1 0
-172835 18 0
-173196 33 1 283
-173616 67108865 0
-173668 8 0
-173716 0 1 137
-173739 257 0
-173916 1 1 4831
-174436 0 0
-174784 67108864 0
-174828 33 0
-175216 67117056 0
-175268 4096 0
-175572 1 1 4877
-175692 9 0
-175763 36 1 211
-176196 1 0
-176259 2049 0
-176356 0 0
-176560 67108866 0
-176891 24 0
-176987 288 0
-177324 5 0
-177420 3 0
-177452 1032 0
-177459 1 1 149
-177755 524290 0
-177872 67108864 0
-178372 64 0
-178476 1 1 107
-178659 17 1 509
-179028 1 1 4973
-179064 201326593 1 829
-179331 129 1 113
-179496 100663297 1 277
-179539 2304 0
-179963 8196 0
-179964 1 1 4999
-180528 67108865 0
-180632 201457664 0
-181408 67108864 0
-181452 1 0
-181808 67108872 0
-181848 201326593 0
-181855 1026 0
-182195 18 0
-182419 64 0
-182460 3 0
-182464 67108864 0
-182731 0 1 359
-182963 8 0
-183108 1 0
-183155 6 0
-183275 2 1 7331
-183756 1 0
-183775 2 1 7351
-183968 67108864 0
-184488 100663297 0
-184539 1 1 137
-184636 512 0
-184707 1 1 6841
-184752 67108865 1 1283
-185075 10 1 673
-185263 16 0
-185272 201326592 0
-185284 8 0
-185340 3 0
-185412 1 0
-185548 8 0
-186012 1 1 5167
-186068 0 1 181
-186083 16384 0
-186444 1 1 5179
-187232 67108864 0
-187428 1 0
-187475 2 1 7499
-187523 4198404 0
-187688 100663552 0
-187896 201326593 0
-188152 201326848 0
-188208 67108865 1 1307
-188548 0 0
-188676 1 1 1747
-188771 8 1 131
-189195 3 0
-189512 100663296 0
-189659 4194304 0
-189876 1 0
-190144 67108864 0
-190296 201326593 1 881
-190300 10 1 173
-190715 6 0
-191260 524290 0
-191387 68 0
-191483 0 1 419
-191584 67108864 0
-191603 256 0
-191611 516 0
-191664 67108873 0
-191704 201327104 0
-192203 16777224 0
-192531 257 0
-192556 148 0
-192564 1 1 1783
-192684 1 0
-192828 1 0
-192899 36 0
-193260 3 0
-193272 201326593 0
-193332 1 0
-193396 4 0
-193456 67108864 1 107
-193660 130 0
-193744 67108864 0
-193840 67108866 0
-194075 6 1 1109
-194091 513 0
-194200 201326594 1 971
-194315 10 0
-194555 2 1 167
-194776 209715200 0
-194872 201326592 0
-194884 2097152 0
-194892 1 1 109
-195100 2 1 1951
-195180 3 0
-195204 1 0
-195496 100663300 0
-195555 3 0
-195932 589832 0
-196011 257 1 751
-196355 2 1 173
-196419 1 1 233
-196876 2097152 0
-197235 3 1 487
-197292 2049 0
-197363 128 0
-197483 24 0
-197656 201327104 0
-197692 8 0
-197704 100663312 0
-197843 4096 1 107
-197915 130 0
-198211 1048592 0
-198228 1 0
-198292 4194304 0
-198448 68157440 0
-198563 2304 0
-198608 67108864 0
-198752 67108864 0
-198888 100663297 0
-199059 5 0
-199112 100663296 0
-199128 201326593 0
-199276 12 0
-200116 4 1 1021
-200124 33 1 109
-200211 9 0
-200575 262146 1 113
-201155 2 0
-201612 16385 0
-201635 6 1 823
-201708 17 1 431
-201852 4194309 0
-201916 24 0
-202052 0 0
-202379 0 1 439
-202411 8 0
-202428 1 1 5623
-202491 1 2 149 151
-202532 8 0
-202548 1 0
-202596 1 0
-202804 4 0
-202864 67109376 0
-203404 0 1 211
-203575 34 1 479
-203867 0 1 239
-203987 132 1 181
-204112 67108864 0
-204128 67108864 0
-204448 67108864 0
-204488 100663296 0
-204492 1 0
-204588 1 1 5683
-204616 100663296 0
-204888 201326593 0
-204992 67108864 0
-205420 2 0
-205472 67108864 0
-205579 8 1 1699
-205624 201326592 0
-205659 1 1 2539
-205848 201326593 1 953
-205872 67108865 0
-205927 4096 0
-205932 1 1 131
-206499 33 0
-206776 201326592 0
-206988 8193 0
-207132 2049 0
-207160 201326594 0
-207179 36 0
-207556 64 0
-207688 100663312 0
-207723 33 0
-208019 4 0
-208476 1 1 5791
-208548 1 1 1931
-208752 67108865 0
-208804 0 0
-208812 1 0
-209028 1 0
-209484 137 0
-209708 0 1 103
-209908 8388608 0
-210220 130 0
-210563 0 1 193
-210691 80 0
-210996 1 1 5861
-211651 262152 0
-211808 67108864 0
-212291 4096 0
-212464 67108868 1 271
-212572 64 0
-212664 201326593 0
-212828 12 0
-212896 67108864 0
-212972 1024 0
-212988 1 0
-213288 100663297 0
-213420 3 0
-213452 528416 0
-213612 5 0
-213732 1 1 1979
-214187 64 0
-214208 67108864 0
-214252 256 0
-214408 100663296 0
-214488 201326593 1 331
-214588 8 0
-214764 9 0
-214936 201457664 0
-214996 32768 0
-215176 100663312 0
-215472 67239937 0
-215704 201359360 0
-215956 16 0
-216136 100663296 0
-216171 1 1 24019
-216355 2 0
-216432 67108865 1 167
-216827 16 1 1283
-217012 0 1 227
-217419 129 1 137
-217572 1 0
-217592 201359360 0
-217595 6 0
-217756 16777228 0
-217835 66 0
-218023 528 0
-218172 1 0
-218200 201326594 1 1091
-218220 3 0
-218452 16 0
-218464 67108864 0
-218508 1 1 131
-218571 2049 0
-218604 1 0
-218764 20 0
-218860 514 0
-219315 3 0
-219468 1 0
-219483 9 1 739
-219487 32 0
-219515 4098 0
-219595 1026 0
-219688 100663300 0
-220036 0 0
-220207 16 1 1303
-220355 2 0
-220696 201326596 1 563
-220936 100663296 0
-221211 1 1 2731
-221812 128 0
-221868 1 1 6163
-222012 5 1 881
-222060 3 0
-222604 16777536 0
-222675 3 1 2969
-222972 33 0
-223444 16 0
-223788 33 0
-223852 0 1 191
-223936 67108864 0
-223955 8194 0
-224296 100679808 0
-224304 67108865 0
-224572 128 0
-224908 32768 0
-224944 67108896 0
-224963 128 0
-225083 8192 0
-225275 2 1 9011
-225339 513 0
-225376 67108864 0
-225444 1 0
-225496 201588736 0
-225531 1 1 8353
-225563 16 0
-226067 128 0
-226179 1 1 8377
-226300 524802 0
-226536 100663297 0
-226572 1048577 0
-226812 2049 0
-226835 6 0
-226864 67108872 0
-227112 100663297 0
-227379 1 0
-227676 1 0
-227928 201326593 0
-227952 67108865 1 1583
-228092 0 1 127
-228155 2 0
-228348 1 1 6343
-228579 17 0
-228636 524545 0
-228651 1 1 199
-228683 20 1 359
-228699 1 1 25411
-228732 5 1 389
-228932 4104 0
-228939 131105 0
-229180 6 0
-229208 201326596 0
-229276 4608 0
-229491 4097 1 593
-229772 544 0
-229931 144 0
-229996 16 0
-230056 100663296 1 149
-230148 1 1 2131
-230315 524290 0
-230620 18 0
-230644 128 1 109
-230651 0 1 263
-230712 201326593 0
-230843 1056 0
-230904 201326593 1 1069
-230931 1 1 2851
-230988 1 0
-231052 8192 0
-231160 201326594 0
-231675 3 1 3089
-232660 2 0
-232772 0 0
-233260 2 1 107
-233284 0 0
-233392 67109120 0
-233428 131088 0
-233555 6 0
-233739 9 1 787
-233932 0 1 233
-234012 1 0
-234160 67108866 0
-234256 67108872 0
-234376 100663296 0
-235183 1048592 0
-235308 1 0
-235332 1 1 2179
-235684 0 0
-235692 1 1 6547
-235912 100664320 0
-236235 3 0
-236388 1 0
-236955 3 0
-236979 131073 1 131
-237036 1 0
-237155 2 0
-237819 1 0
-237904 67108864 0
-237923 2052 0
-237924 1 1 2203
-238296 201326593 0
-238468 0 0
-238504 100663300 0
-238563 17 1 2039
-238568 100663304 0
-238579 2184 0
-238704 67108865 0
-238804 0 1 227
-238955 2 0
-239032 201326592 0
-239259 1 1 173
-239296 67108864 0
-239363 32768 0
-239464 100664320 0
-239748 1 0
-239836 32 0
-240019 1040 0
-240083 0 1 409
-240132 1 0
-240171 1 1 223
-240568 201326592 0
-240651 1 1 2971
-240703 32 0
-240771 33 0
-240780 3 0
-240915 3 0
-240976 67108864 0
-241068 1 0
-241272 201326593 1 1117
-241812 1 1 2239
-242099 24 0
-242232 201326593 0
-242284 36 0
-242460 3 1 449
-242764 0 1 137
-242811 161 0
-243384 201326593 0
-243435 3 0
-243640 201326594 0
-243652 0 0
-244092 1 0
-244148 131072 0
-244276 0 1 173
-244515 3 0
-244652 512 0
-244659 1 0
-244744 100663296 0
-245116 0 1 233
-245148 513 0
-245267 8 1 2027
-245316 1 0
-245320 100663298 0
-245592 201326593 1 379
-245628 1 1 6823
-245740 10 0
-246136 201326600 0
-246436 0 0
-246571 16 1 1459
-247011 1 1 137
-247180 34 0
-247283 256 0
-247564 32768 0
-248056 218103808 0
-248211 257 1 317
-248268 33 0
-248339 20 0
-248451 5 0
-248508 32785 0
-248568 201326593 0
-248595 3 0
-248824 201326656 0
-249008 68157440 0
-249588 1 1 2311
-249955 2 0
-250168 201326592 0
-250228 8200 0
-250812 1 1 6967
-251147 16 0
-251148 1 0
-251572 0 1 109
-251584 67108864 0
-251788 64 0
-251987 131072 0
-252220 2 0
-252243 1 1 28027
-252292 0 0
-252364 4 0
-252372 1 0
-252563 1048704 0
-252771 1 1 109
-252828 1 1 2341
-252832 67108864 0
-252856 201326592 0
-252923 8 0
-252972 1 1 7027
-253355 2 0
-253420 2 0
-253499 16384 0
-253576 100663552 0
-253668 1 0
-253740 3 0
-253888 67108864 0
-253900 2 1 2539
-254260 2 0
-254312 102760448 0
-254371 48 0
-254416 67108864 0
-254451 4194305 0
-254680 201326594 0
-254832 67108865 0
-254920 100663298 0
-255052 4 0
-255084 257 0
-255340 34 0
-255396 1 0
-255568 67108864 0
-255820 2 0
-255924 1 1 7109
-256780 1026 0
-256840 100663298 0
-257011 4096 1 139
-257092 8 0
-257164 0 1 239
-257179 524304 0
-257211 1 1 28579
-257464 201326592 0
-257555 2 0
-257688 201326593 1 1193
-257772 1 0
-257971 4 1 137
-257979 1 1 113
-258040 201326594 0
-258347 524288 0
-258739 16 1 1531
-258748 4 0
-259011 16385 1 181
-259060 2 0
-259084 68 0
-259264 67108864 0
-259816 100671488 0
-259888 67109888 0
-260016 67108865 0
-260088 201326593 0
-260460 3 1 1447
-260528 67108928 0
-260620 2097154 0
-260656 67108872 0
-260868 1 0
-261147 1 0
-261171 33 1 569
-261339 17 0
-261556 128 0
-261636 1 0
-261868 32 0
-262219 1088 0
-262300 69634 0
-262667 32 0
-262763 0 1 127
-262779 9 0
-262872 201326593 1 1217
-263188 64 0
-263344 67108864 1 109
-263451 1 1 137
-263820 3 0
-263892 1 0
-263972 0 0
-264451 264 0
-264571 1048608 0
-264588 33 0
-264636 1 1 7351
-264651 65 0
-264804 1 0
-264939 8193 0
-265324 0 1 113
-265384 100663300 1 677
-265752 201326593 1 3691
-265835 1048578 0
-266200 201326602 0
-266363 1152 0
-266371 4 0
-266499 1 1 29611
-266508 9 1 673
-266620 2 0
-267492 1 0
-267627 1 0
-267640 201326594 0
-267700 2 1 2677
-267891 17 0
-268072 100663300 0
-268120 201326594 0
-268152 201326593 0
-268635 3 0
-268668 33 1 439
-269112 201326593 0
-269116 64 0
-269267 0 1 293
-269272 209715200 0
-269315 65538 0
-269452 18944 0
-269755 2 0
-270252 1 1 7507
-270339 8388609 0
-271060 2 0
-271084 16842760 0
-271323 17 1 773
-271331 8320 0
-272112 67108865 0
-272584 100663312 0
-272632 201342976 0
-272872 100663424 0
-273100 2 1 2731
-273147 5 0
-273708 1 1 7603
-273820 2 0
-273891 1 0
-274060 262146 0
-274252 136 0
-274307 8 1 2267
-274308 1 0
-274315 2097154 0
-274352 67108880 0
-274355 1026 0
-274547 20 1 431
-274576 67108864 1 131
-274684 4096 0
-274955 2 1 127
-275416 201326592 1 173
-276136 100663300 0
-276139 0 1 461
-276267 33 0
-276603 1 1 137
-276676 0 1 263
-276819 16385 0
-276940 65538 0
-277139 0 1 373
-277155 3 1 2053
-277204 1024 0
-277459 20 0
-277651 4104 0
-277755 3 0
-278068 4 0
-278328 201326593 0
-278572 4 0
-278860 524290 0
-278968 201326592 0
-279468 5 1 1109
-279555 3 0
-279580 6 0
-279844 4096 0
-280132 32768 0
-280380 3 0
-280660 2 0
-280876 266368 0
-280971 1 1 31219
-281011 0 1 151
-281211 5 1 1913
-281272 201326592 0
-281372 20 0
-281392 67112960 0
-281832 100663297 0
-281868 2097153 0
-281907 16385 1 197
-282075 3 1 3761
-282076 8388608 0
-282148 0 0
-282443 4 1 157
-282587 64 1 107
-282947 2097156 0
-283072 67108864 0
-283144 100663296 0
-283212 1 1 7867
-283323 1 0
-283419 1 1 3499
-283512 201326593 0
-283555 2 0
-283595 18 0
-283684 0 0
-283755 3 0
-284019 33 0
-284075 10 1 1033
-284139 1 2 131 241
-284272 67108864 1 109
-284371 0 1 199
-284464 67108992 0
-284931 65537 1 173
-285100 2 1 2851
-285340 10 0
-285412 0 0
-285660 131 0
-285708 257 0
-286232 201327616 0
-286300 6 1 409
-286632 100663297 1 1327
-286648 201326592 0
-287088 67108865 0
-287128 201326656 0
-287131 16 1 1699
-287148 1 0
-287152 67108864 1 131
-287308 516 0
-287331 9 0
-287652 1 0
-287739 1 1 10657
-288220 2 0
-288323 4 0
-288531 1 1 32059
-288603 5 1 509
-288675 3 1 1283
-288827 524 0
-289020 3 0
-289035 3 1 2141
-289252 0 0
-289840 67108866 0
-289851 1048577 0
-289932 1025 0
-289996 4 0
-290139 33 0
-290259 1 1 32251
-290547 33 1 211
-291012 1 0
-291147 1 1 107
-291228 5 0
-291556 0 0
-291700 2 1 2917
-291888 67108865 1 2027
-291916 192 0
-292163 64 0
-292272 67108865 0
-292288 67108864 0
-292692 1 0
-292827 1 0
-293320 100663298 0
-293971 524288 0
-294012 1 1 8167
-294072 201326593 0
-294075 3 1 1307
-294219 33 1 641
-294220 8194 0
-294363 1 1 32707
-294588 5 1 167
-294931 20 1 463
-295128 201326593 1 4099
-295264 67108864 0
-295332 1 0
-295523 512 0
-295692 2049 0
-295708 32772 0
-295732 32 0
-295763 16 0
-295888 67108864 0
-295908 1 0
-295923 1 0
-296611 4 0
-296680 100663298 0
-296811 1 1 10993
-296844 257 0
-296956 40 0
-297048 201326593 0
-297100 2 1 2971
-297195 3 0
-297544 100663312 0
-298059 524289 0
-298432 67108864 0
-298443 16385 0
-299779 32768 0
-299848 100664320 0
-299863 544 0
-299872 67108864 0
-300035 130 0
-300155 2 1 173
-300172 16777216 0
-300747 33 0
-300859 16 0
-301260 3 0
-301360 67108866 0
-301851 9 1 3049
-301960 100663298 0
-301992 100663297 0
-302052 1 0
-302380 18 0
-302859 1 1 3739
-303448 203423744 0
-303468 73 0
-303723 5 1 1607
-303792 67108865 0
-303948 1 1 8443
-304084 8 0
-304131 1 0
-304132 0 1 139
-304299 1 1 33811
-304324 0 0
-304660 2 0
-304932 1 0
-305907 5 1 2081
-306292 4 0
-306508 1088 0
-306531 1 1 11353
-306683 528 0
-307219 8 1 2539
-307308 1 0
-307555 2 0
-307668 1 0
-307683 33 1 2011
-307752 100663297 0
-307888 67108868 0
-308056 201326596 0
-308508 8193 0
-308571 524289 0
-308908 256 0
-309040 67108866 0
-309184 67108864 0
-309328 67108864 0
-309432 201326593 0
-309928 100663360 0
-309987 4198401 0
-310075 1048578 1 157
-310355 2 0
-310524 1 1 113
-310792 100679680 0
-311020 2 0
-311172 1 0
-311608 201326600 0
-312147 9 1 1051
-312531 65 0
-312723 1 1 34747
-312843 1 0
-312888 201326593 0
-312947 0 1 373
-313308 1 1 967
-313324 8 0
-313336 201342976 0
-313515 3 1 6967
-313612 1040 0
-313835 130 0
-313848 201326593 1 1453
-313996 128 0
-314052 1 0
-314644 8 0
-314788 0 0
-315372 2049 0
-315475 2 1 12619
-315660 3 0
-315820 2 0
-316380 3 0
-316696 201327104 0
-316812 33 0
-316955 2 0
-316972 0 1 109
-317187 17 1 2711
-317355 3 0
-317851 64 0
-318195 3 1 2357
-318268 0 1 251
-318315 3 0
-318376 100663328 0
-318411 1 1 3931
-319204 0 0
-319452 5 0
-319564 16777220 0
-319848 100663297 0
-319907 132 0
-319936 67108864 0
-320908 524292 0
-320940 3 1 1783
-320955 3 0
-321435 3 1 2381
-321544 100663296 0
-321675 3 1 4289
-321747 129 0
-322156 4096 0
-322395 3 0
-322923 1 0
-323208 100794369 0
-323260 6 0
-323628 1 1 149
-323907 16777217 0
-324259 16 0
-324268 1028 0
-324304 67108864 0
-324627 1 1 241
-325067 0 1 173
-325427 128 0
-325432 201326656 0
-325523 16777224 0
-325588 128 0
-326448 67108865 1 2267
-327108 1 0
-327123 65 1 1913
-327436 0 1 109
-328131 1 1 4051
-328840 100663298 0
-328995 3 1 2437
-329572 0 0
-329712 67108865 0
-329772 1 0
-329980 6 0
-330088 100663816 0
-330412 4128 0
-330451 8 1 2731
-330688 67108864 0
-331115 8194 0
-331203 1 1 113
-331228 32 0
-331235 514 0
-331456 67108864 0
-331828 4 1 1693
-331864 201326608 0
-332212 128 1 157
-332379 1 1 36931
-332483 0 1 503
-332532 1 1 3079
-332620 2 0
-333048 201326593 0
-333112 201326608 0
-333288 100663297 1 1543
-333315 3 1 823
-333387 33 1 2179
-333460 2 0
-333496 201326592 0
-333688 201342976 0
-334188 1 1 9283
-334408 100663296 0
-334828 8208 0
-334996 4194304 0
-335019 33 0
-335267 0 1 179
-335980 2 1 107
-336675 131075 0
-336732 9 0
-337203 129 1 181
-337315 10 0
-337371 1 1 107
-338179 512 0
-338472 100663297 1 1567
-338508 1 1 9403
-338595 3 0
-338680 201326594 0
-338932 8 0
-339267 1 0
-339420 3 0
-339515 10 0
-339555 3 0
-339628 0 1 197
-339832 201326592 1 107
-340083 257 1 1303
-340092 139265 0
-340475 2 1 13619
-340572 16777217 0
-340660 2 0
-340883 128 0
-341011 264 0
-341068 20 0
-341232 67108865 0
-341272 201326848 0
-341356 65536 0
-341428 32 0
-341731 8388624 0
-341740 6 0
-341800 100663298 1 1709
-341908 4 0
-342499 32 0
-342563 16 1 2027
-342772 131072 0
-342972 5 1 1361
-342979 20 0
-343240 100663298 0
-343428 1 0
-343515 3 0
-343564 16 0
-344035 2097154 0
-344163 4194305 0
-344404 256 0
-344728 201328640 0
-344892 2049 0
-345112 201326592 1 179
-345531 1 1 149
-345976 201359360 0
-346060 26 0
-346531 17309696 0
-346612 4 0
-347020 2 0
-347148 1 1 9643
-347860 2 0
-348211 32 0
-348267 1 0
-348275 2 1 13931
-348787 10240 0
-348891 33 0
-348912 67108865 1 2423
-349084 0 1 197
-349168 67108864 1 139
-349336 201326608 0
-349555 2 0
-349900 2 1 3499
-350251 40 0
-350568 100663297 1 541
-350787 1 0
-350988 9 0
-351108 1 1 3251
-351136 67108864 0
-351227 32768 0
-351688 100663296 0
-351928 201326592 0
-351947 262144 0
-352235 18 0
-352332 1 1 9787
-352396 8 0
-352752 67108865 0
-352827 1 2 197 199
-352955 524290 0
-353140 2 0
-353163 1 0
-353243 40 0
-353268 1 1 3271
-353491 0 1 151
-353571 65 0
-353740 130 0
-353752 201326596 0
-353835 3 1 2621
-353868 1025 0
-354211 24 0
-355128 201326593 0
-355188 1 0
-355420 18 0
-355548 1 0
-355720 100663298 0
-356003 2112 0
-356147 8 0
-356211 1048577 1 167
-356275 2 1 14251
-356539 0 1 109
-356692 4 0
-356835 3 0
-356899 0 1 173
-357827 1088 0
-358264 201326656 0
-358611 9 0
-358755 3 0
-359248 67108864 0
-359308 4096 0
-359428 32768 0
-359491 8 1 2971
-359571 257 0
-359868 1 0
-359872 67108864 0
-360004 0 0
-360747 513 1 431
-361107 1 1 40123
-361264 67239936 0
-361355 2 0
-361392 67108865 0
-361395 3 1 2677
-361403 36 0
-361692 33 1 197
-361936 67108864 0
-362011 16 0
-362032 67108904 0
-362091 1 1 137
-362620 2 0
-363196 16777984 0
-363252 1 0
-363387 4194305 0
-363499 16875520 0
-363700 2 1 3637
-363712 67108864 0
-363760 67108866 0
-363916 2052 0
-363952 67113088 0
-363976 100663296 0
-364540 10 0
-364675 258 1 503
-365011 8667136 0
-365019 1 1 281
-365080 201326594 0
-365152 67108864 0
-365283 2097153 1 163
-365688 201326593 1 1693
-366004 1024 0
-366451 512 0
-366468 1 0
-366499 2052 0
-367792 67108864 1 127
-367948 36 0
-367972 8 0
-368011 68 0
-368611 32 0
-368787 1 0
-368848 67108864 0
-369048 201326593 0
-369107 0 1 157
-369132 65 0
-369507 1 0
-369571 0 1 167
-369580 34 0
-369891 524289 1 563
-369928 100663312 0
-370252 0 1 151
-370300 134 0
-370308 1 0
-370371 1 0
-370539 17 1 3167
-370624 67108864 0
-370648 201326592 1 107
-370659 1 0
-370768 67108864 0
-371020 18 0
-371044 0 0
-371352 201326593 0
-371368 100728832 0
-371451 1 0
-371928 201326593 0
-372172 2129984 0
-372340 2 0
-372411 17 1 1061
-372436 32 0
-372508 128 0
-372651 513 0
-372931 16 0
-372987 1 1 41443
-372988 12 1 173
-373668 1 0
-373900 2 1 3739
-374003 16777348 0
-374028 262145 0
-374068 32 0
-374499 1 1 41611
-374635 514 0
-375448 201588736 0
-375555 3 0
-375792 67108865 0
-375811 256 0
-376012 20 0
-376107 1 1 283
-377019 1 2 163 257
-377028 1 1 3491
-377131 192 0
-377148 16385 0
-377224 100728832 0
-377452 0 1 197
-377595 3 1 2797
-377603 0 1 107
-377892 1 1 3499
-378016 67108864 0
-378027 17 1 359
-378028 132 0
-378808 201326592 0
-379372 36 0
-380067 1 1 151
-380200 100663298 1 1901
-380368 67108864 0
-380451 257 0
-380632 201326596 1 971
-380659 0 1 347
-380748 1 0
-380995 130 0
-381112 201326592 0
-381292 320 0
-381411 1 1 42379
-381635 2 1 127
-381979 16 0
-382188 1 0
-382288 67108864 0
-382408 100663312 0
-382475 2 1 15299
-382492 8 0
-382819 16896 0
-382995 3 1 2837
-383368 100663296 1 173
-383392 67108864 0
-383539 16 1 163
-383772 1 0
-383980 524290 0
-384220 2 0
-384352 67108864 0
-384484 64 0
-384976 67108864 0
-385128 100663297 1 1783
-385339 96 0
-385347 1 0
-385995 3 0
-386235 3 1 2861
-386755 2 0
-386800 67108866 1 967
-386872 201327616 0
-387051 5 1 2633
-387340 2 1 107
-387592 100663296 0
-387739 16777224 0
-387888 67108865 0
-387987 129 0
-388308 1 0
-388492 528 0
-388768 67108864 0
-389075 1048578 1 197
-389356 8 0
-389691 33 1 283
-389748 1 0
-389764 0 0
-390076 0 1 113
-390252 33 0
-390832 67108880 0
-390988 524304 0
-391683 1 1 137
-391932 65 1 191
-392148 1 1 3631
-392488 100925440 0
-392620 131074 0
-392643 1 1 43627
-392956 512 0
-393052 8 0
-393100 2 1 3931
-393363 33 1 857
-393443 256 0
-393619 0 1 167
-393748 0 1 173
-393976 201327624 0
-394348 0 1 311
-394432 67108864 0
-394444 512 0
-394804 4194304 0
-394907 0 1 109
-395155 2 0
-395163 2097281 0
-395307 9 0
-395368 101187584 0
-395376 67108865 0
-395512 201326608 0
-395532 1 1 10987
-395755 2 0
-395800 201326594 1 1979
-395980 18 0
-396232 100663296 0
-396571 4 1 181
-396587 64 0
-396652 16384 0
-396683 65540 0
-397611 1 1 44179
-397843 0 1 461
-398308 0 0
-398355 3 0
-398740 2 0
-398920 100663298 0
-398979 5 1 2111
-399019 64 0
-399052 131072 0
-399195 3 1 2957
-399532 68 0
-399939 257 0
-400212 1 1 11117
-400219 0 1 467
-400755 3 0
-400891 0 1 503
-400972 24 0
-401187 1 1 173
-401571 1 2 107 139
-401747 0 1 241
-401752 201326608 0
-401779 4 0
-401979 1 0
-402203 32800 0
-402616 201359360 0
-402979 1048576 0
-403192 218103808 0
-403428 1 0
-403540 2 0
-403624 100663312 0
-403912 100663552 0
-403932 2049 0
-404027 16 0
-404548 64 0
-404944 67108864 0
-404987 8 1 3347
-405100 2 1 4051
-405203 2048 0
-405268 262144 0
-405508 0 0
-405563 8192 0
-405580 6 0
-405712 67108864 0
-405736 100665344 0
-405859 2112 0
-405952 67108864 0
-406075 1026 1 439
-406192 67125248 0
-406212 1 0
-406348 768 0
-407075 66 1 857
-407427 131073 0
-408112 67108992 0
-408267 1 1 15121
-408892 8 0
-409068 9 1 1033
-409531 16384 0
-410011 4 0
-410179 12 1 761
-411148 2176 0
-411243 5 0
-411627 1 0
-411628 65540 0
-412912 67108864 1 131
-413187 4097 0
-413451 1 1 15313
-413488 67112960 0
-413928 100663297 1 5749
-414412 0 1 313
-414891 1 1 46099
-414988 4 0
-415099 0 1 151
-415291 0 1 601
-415408 67108868 0
-415475 2 1 16619
-415483 256 0
-415588 0 1 107
-415636 16 0
-415708 0 1 103
-416739 16385 0
-416747 0 1 347
-416860 66 0
-417228 5 0
-417484 98560 0
-417652 0 1 193
-417832 100663552 0
-417988 2097152 0
-418123 0 1 317
-418156 0 1 107
-418915 6 0
-419008 67108864 0
-419251 16777220 0
-419499 1 1 5179
-419692 20 0
-420139 32768 0
-420232 100663296 0
-420723 1 1 46747
-420867 16777217 1 463
-420940 18 0
-420952 201326596 0
-421168 67108872 0
-421272 201326593 1 5851
-421563 1 0
-421732 32768 0
-421771 4194308 0
-421828 8 0
-422104 201326656 0
-422172 1 1 1303
-422284 0 1 193
-422371 0 1 137
-422548 4 0
-422635 2 1 181
-422728 100679680 0
-423252 1 1 3919
-423267 17 0
-423379 8 1 3499
-423732 1 0
-423768 201326593 0
-423820 2 0
-424227 2049 0
-424531 256 0
-424780 131074 0
-425028 1 0
-425403 9 1 4297
-425668 0 0
-425811 1 0
-425932 16 0
-426619 8448 0
-427395 3 0
-427672 201326596 1 1091
-428092 4 0
-428115 3 0
-428152 201326592 1 109
-428675 18 1 1319
-428747 8 0
-428812 1081472 0
-429052 1040 0
-429091 16 1 2539
-429171 257 0
-429580 8194 0
-429603 4194305 0
-429811 32 1 131
-430195 8388610 0
-430620 3 0
-430648 201326592 0
-430763 32 0
-431428 0 0
-432195 3 0
-432555 3 0
-433132 516 0
-433228 160 0
-433392 67108865 0
-433444 8 0
-433531 4 0
-433539 1 1 16057
-433699 16388 1 167
-434140 6 1 443
-434536 100663552 0
-434587 4194368 0
-434680 201326594 0
-434755 2 0
-434764 2056 0
-434835 3 1 3221
-435180 3 0
-435219 1 1 239
-435235 65538 0
-435387 33 0
-435475 2 1 17419
-435691 0 1 293
-435723 65537 0
-436067 32 1 113
-436443 5 1 2969
-436643 0 1 257
-436672 67108864 0
-437123 0 1 271
-437508 1 1 4051
-437628 1 0
-437691 1 0
-437899 8204 0
-438507 1 2 109 149
-438531 1 1 127
-438683 260 0
-439155 3 1 3253
-439212 33 0
-439408 67109120 0
-439675 4098 1 409
-439768 201326596 0
-439819 1024 0
-440068 0 0
-440652 1 0
-440692 4 0
-440812 0 1 193
-441172 16384 0
-441208 201326592 1 131
-441435 3 0
-441483 5 0
-441715 130 1 167
-441892 2097160 0
-441904 67371008 0
-442408 100663328 0
-443020 34 0
-443116 8192 0
-443172 1 0
-443251 2112 0
-443307 1 0
-443320 201326594 0
-443803 4096 0
-443907 2049 1 401
-444019 65792 0
-444139 0 1 601
-444228 1 0
-444267 1 1 49363
-444268 136 0
-444411 131081 0
-444747 1 0
-445036 8390144 0
-445131 1 1 49459
-445516 0 1 127
-445819 8 0
-445888 67108864 0
-445947 129 1 281
-446851 0 1 149
-446868 1 1 12413
-447192 201326593 1 6211
-447771 1 0
-447923 65540 0
-447952 67108864 0
-448468 0 1 191
-448611 1 1 229
-448675 2 2 131 137
-448888 201326600 0
-449260 6 0
-449403 32769 0
-449491 4 1 157
-449635 66 0
-449728 67108864 0
-449740 2 1 113
-449772 1025 0
-450532 0 1 163
-450808 201327616 0
-450867 1 1 137
-451083 16385 0
-451427 0 1 193
-451459 64 0
-451555 18 0
-452187 8193 1 1069
-452251 1056 0
-452272 67108992 0
-452632 201326848 0
-452667 1 0
-452824 201326720 1 107
-453172 0 1 277
-453627 16385 1 317
-453843 17 1 431
-453859 132 0
-454083 5 1 3089
-454787 0 1 127
-454883 24 0
-454888 100663300 0
-455092 8 0
-455212 0 1 317
-455371 4 0
-455851 264 0
-456028 0 1 173
-456075 3 1 2027
-456675 3 1 6089
-456907 524296 0
-457132 32784 0
-457228 0 1 151
-457468 1032 0
-457667 4 0
-457907 4224 0
-458088 100663297 0
-458392 201326600 0
-458620 130 0
-458739 1 1 50971
-459288 201326593 1 6379
-459484 0 1 313
-459768 201326593 0
-459771 17 0
-459820 2097154 0
-459972 1 1 4259
-460107 1 1 17041
-460323 1 1 5683
-460555 2 0
-460819 32 0
-461080 201326594 0
-461179 0 1 109
-461232 67108865 1 3203
-461363 36 0
-461515 2 1 241
-461539 16 1 2731
-462115 258 0
-462312 100663297 1 6421
-462568 100794368 0
-462595 6 0
-462628 0 0
-463035 3 0
-463347 1 1 131
-463635 3 1 10303
-464515 65538 0
-464547 1 0
-464908 262144 0
-464971 8208 0
-465363 257 1 1783
-465723 8193 1 367
-465820 2 0
-465835 2 1 151
-466152 100663297 0
-466219 16 0
-466228 4 0
-466348 1152 0
-466948 0 1 107
-467179 0 1 139
-467275 2 1 18691
-467483 32 1 107
-467632 67108872 0
-467952 67108865 0
-468108 1 1 13003
-468340 2 0
-468355 8194 0
-468388 64 0
-468907 65536 0
-469291 0 1 439
-469795 34 0
-469827 1 1 17401
-470387 0 1 173
-470464 67108864 0
-470632 104857600 0
-470892 1 0
-471027 1 1 197
-471339 137 0
-472672 67108864 0
-472792 201326592 1 113
-472819 131072 0
-472827 1 1 397
-472840 100663298 0
-472972 8405120 0
-473299 65536 0
-473320 100663298 0
-473988 1 0
-474160 67108866 0
-474531 1 1 367
-474588 1 1 13183
-474675 3 1 6329
-474723 1 1 52747
-475291 0 1 461
-475339 1280 0
-475528 100663296 0
-475651 8 1 3931
-476488 100663296 0
-476568 201326593 1 6619
-477227 128 0
-477232 67108868 0
-477292 32 0
-477612 1 1 13267
-477931 524288 0
-478120 100663298 0
-478468 0 0
-478588 524296 0
-478972 65552 0
-479260 514 0
-479587 32 0
-479627 0 1 269
-479643 65537 0
-479980 2 1 103
-480195 3 1 3557
-480208 67108864 0
-480291 5 0
-480448 67108864 0
-480508 4 1 131
-480627 5 1 2543
-480723 129 0
-480955 4098 0
-481075 6 1 2749
-481420 2 0
-481548 1 0
-481627 2080 0
-481819 16 1 2851
-481828 0 1 163
-481968 67108865 1 3347
-482115 3 0
-482667 1 1 349
-482728 102760448 0
-482920 100663298 0
-483100 2 1 4831
-483219 9 1 1627
-483352 201327104 0
-483555 3 0
-483732 1 1 1493
-483760 67108866 0
-484635 3 0
-484891 40 0
-485508 1 0
-485692 1065216 0
-485851 4210688 0
-486280 100663298 0
-486592 67108864 0
-486819 1 1 54091
-486963 65537 1 887
-487555 2 0
-487788 5 0
-487972 0 0
-488272 67108864 0
-488323 8 1 103
-488608 67108864 0
-489091 0 1 383
-489147 1 1 103
-489748 4 0
-490171 8 1 4051
-490252 4 0
-490408 100696064 0
-490491 1 1 54499
-490755 3 0
-490923 1 1 54547
-490995 3 1 3637
-491128 201326600 0
-491131 64 0
-491628 16385 0
-491643 1 2 131 139
-491788 8 0
-491800 201326594 1 2459
-491859 1 1 18217
-492019 8 0
-492472 201326592 0
-492499 196 0
-492808 100663296 1 229
-493459 32 0
-493803 1 1 18289
-493872 67108865 0
-493992 100663297 1 2287
-494355 3 0
-494659 8 1 193
-494692 8 0
-494872 201326596 0
-495091 32 0
-495532 135168 0
-495628 516 0
-495828 1 1 4591
-496168 100663296 1 109
-496252 8388608 0
-496312 201326592 0
-496932 1 0
-497260 8322 0
-497547 32769 1 937
-497787 524289 0
-498028 64 0
-498051 1 1 55339
-499024 67108864 0
-499203 1 1 6163
-499635 3 1 3701
-499707 17 1 4271
-499827 1 0
-499900 2 1 4999
-499907 33792 0
-500755 2 0
-501040 67108866 0
-501195 3 0
-501352 100663552 0
-501739 4 1 229
-501787 280 0
-502539 1 1 127
-502587 1 1 55843
-502768 67239940 0
-502963 0 1 113
-503395 2097154 0
-503488 67108864 0
-503523 33 1 1097
-504555 3 0
-504568 201359360 0
-504736 67108864 0
-504763 4 0
-505012 0 1 251
-505108 0 1 197
-505420 1026 0
-505572 1 0
-505708 4 0
-506235 3 0
-506427 257 0
-507700 2 1 5077
-507852 1 1 14107
-508507 128 0
-508523 1050624 0
-509068 4 0
-509179 2056 0
-509427 129 1 107
-509608 100663304 0
-509752 201326592 0
-509787 1048577 1 239
-509800 100663298 1 2549
-510075 3 1 2267
-510280 100663298 0
-510412 4 0
-511204 0 1 227
-511240 100663298 0
-511315 6 1 2087
-511432 100663296 0
-512083 24 0
-512155 6 0
-512248 201326600 0
-512755 2 0
-512920 201326594 0
-513195 3 0
-513592 201330688 0
-513688 201326596 0
-513859 32 1 167
-514108 69636 0
-514291 65536 0
-514515 3 0
-514555 2 0
-516028 1310848 0
-516139 16 0
-516235 131202 0
-516331 8388608 0
-516403 256 0
-516691 4 1 223
-516739 1049088 0
-516888 201326593 1 2393
-517227 16385 0
-517883 8388672 0
-517900 2 1 5179
-518092 96 0
-518307 1 1 197
-518523 1 1 307
-518547 1 0
-518632 100663296 1 241
-518680 201326594 0
-518715 3 1 11527
-519379 4 0
-519508 8 0
-519723 1 1 19249
-520528 67108864 0
-520888 201326592 0
-521200 67108866 1 1303
-521371 8192 0
-521532 9 1 439
-521643 2049 0
-521656 201326592 1 197
-521731 524292 0
-521779 262144 0
-522139 64 0
-522652 208 0
-522688 67108864 0
-523163 16384 0
-523267 4096 1 283
-523308 1 0
-523443 1 0
-523507 32832 0
-524056 201326608 0
-524059 288 0
-524692 4 1 2677
-524728 201326592 1 107
-525243 1 0
-525267 1 1 58363
-526408 100663552 0
-526432 67108864 0
-526632 100663297 0
-526648 201326592 0
-526852 0 0
-526971 1 1 269
-527020 18 0
-527059 16 0
-527212 68 0
-527860 2 0
-527928 201326593 0
-528307 16 0
-528331 16777216 0
-528588 1 1 14683
-528652 0 1 149
-529443 1 1 19609
-529755 3 0
-530307 1 1 6547
-530380 130 0
-530907 17 0
-530979 1 1 379
-530995 34 0
-531148 524320 0
-532083 33 0
-532888 201359360 0
-533307 33 0
-533331 1 1 19753
-533388 1 0
-533731 8 1 401
-533755 2 0
-533835 3 1 11863
-534508 80 0
-534619 4096 0
-535347 33 1 3499
-535555 130 0
-535563 5 1 8501
-535947 1 1 227
-536211 17 1 4583
-537443 0 1 149
-537499 525312 0
-538252 24 0
-538288 67108896 0
-538300 6 1 769
-538332 1 1 113
-538528 67108864 0
-538672 67108864 1 131
-539848 100663296 0
-540003 1 0
-540352 67108864 0
-540472 201326592 0
-540532 32 0
-540715 6 1 2207
-541032 100663297 0
-541147 0 1 127
-541227 257 0
-541608 100663297 0
-541755 3 1 4013
-542395 6 0
-542403 1 1 20089
-542419 32 0
-542859 32769 0
-543363 262145 0
-543587 8 0
-543835 130 0
-543955 2 0
-544048 67109888 0
-544240 67108866 0
-545595 3 0
-546652 32 0
-546747 513 0
-546955 2 0
-547227 2049 1 1483
-547660 2 1 139
-548392 100663312 0
-548971 1048576 0
-549292 16384 0
-550155 3 0
-550192 67108864 1 137
-550372 0 0
-550468 64 0
-550488 201326593 0
-550579 32 1 139
-550888 100663312 0
-551092 0 1 311
-551827 40960 0
-552220 2 0
-552472 201342976 0
-552563 8 1 191
-552612 1 0
-552867 5 1 3761
-553003 8 0
-553072 67108880 0
-553315 6 0
-554152 100663296 1 113
-555027 9 1 139
-555388 4096 0
-555451 16 0
-555483 1 0
-555627 4194305 0
-556264 100663808 0
-557148 257 0
-557971 0 1 109
-558243 5 1 8861
-558268 0 1 233
-558472 100663296 0
-558603 33 1 1217
-558627 257 0
-559155 3 0
-559363 2052 0
-559435 2 1 127
-560011 0 1 103
-560268 1048577 1 197
-560523 1 0
-560752 83886080 0
-561292 128 0
-561388 0 1 293
-561592 201326592 0
-561595 34 0
-561828 1 0
-561940 2 0
-562060 2 1 157
-562252 1280 0
-562648 201342976 0
-563395 6 0
-563755 2 1 137
-564012 1 1 15667
-564139 1049600 0
-564208 67108864 1 179
-564652 2056 0
-564675 3 1 7529
-564972 4194433 0
-565083 1 1 20929
-565552 67108880 0
-565675 42 0
-565720 201326594 0
-566483 0 1 643
-567088 67240064 0
-567091 4 0
-567352 201326592 0
-567643 4096 1 307
-568408 201326592 1 227
-568612 8 0
-568675 4226 0
-568827 5 1 9029
-568899 1 1 63211
-569187 1 1 7027
-569512 100663296 1 257
-569608 100663312 0
-569668 8 1 107
-569979 1 1 63331
-570387 1 0
-570867 9 0
-570915 3 1 4229
-571243 1024 0
-571732 4 1 2917
-572308 8 0
-572563 0 1 337
-572752 67108864 0
-573259 8192 0
-573603 1 1 263
-573667 64 1 109
-573939 257 1 733
-574588 4 0
-574675 2 2 127 181
-574960 67108866 0
-575052 1 1 173
-575212 40 0
-575268 1 0
-575307 8388609 1 659
-575908 0 0
-576088 201326592 1 107
-576220 8194 0
-576331 4 1 281
-576387 5 1 1307
-577492 32768 0
-578707 81920 0
-579100 2 1 5791
-579412 2048 0
-579952 67239936 0
-579979 16896 0
-579987 1 1 21481
-580587 5 0
-580683 2049 0
-580768 67108864 0
-580972 4 0
-581011 3072 0
-581032 100696064 0
-581083 2097152 0
-581352 100663297 0
-581428 0 1 137
-581707 4 0
-582052 0 0
-582268 128 0
-582595 18 0
-582603 5 0
-583515 3 1 12967
-583555 6 0
-583563 1 0
-583588 0 0
-583720 100663298 0
-584035 34 0
-584059 4 0
-584443 544 0
-584620 2 0
-584908 4211200 0
-585148 0 1 241
-585160 100663298 0
-585211 8 0
-586035 3 1 1447
-586168 201326600 0
-586188 65 1 857
-586747 4 1 109
-587619 1 2 109 599
-587643 5 0
-587707 32 1 181
-587788 128 0
-587812 0 0
-587907 1 1 65323
-588091 260 0
-588172 16 0
-588268 2080 0
-588355 2 0
-588499 8388608 0
-589051 2105344 0
-589108 16 0
-589315 4098 0
-590032 67108864 0
-590115 3 0
-590179 8448 0
-590668 1040 0
-591019 24 0
-592552 100663328 0
-592707 1 0
-593091 1 1 65899
-593595 3 1 4397
-593635 6 1 2423
-593755 2 0
-593812 16384 0
-594112 67108864 0
-594451 24 0
-595323 33 1 1297
-595372 0 1 251
-595563 131073 0
-595587 1 0
-596923 4194368 0
-597172 128 0
-597388 8 0
-597612 1 0
-597627 1 1 66403
-598003 4 0
-598108 2052 0
-598588 0 1 263
-598683 1 1 197
-599643 9 1 673
-599755 18 0
-599851 131076 0
-599932 128 0
-600195 3 0
-600363 2049 1 1627
-600475 2 1 24019
-600520 100663298 0
-600952 201326600 0
-601323 1 1 227
-601395 3 0
-601435 1026 0
-601612 8 1 113
-601707 1 0
-601792 67108864 0
-602188 0 1 151
-602491 0 1 643
-603208 100663296 0
-604612 0 0
-605452 128 0
-605992 100663296 1 211
-605995 18 0
-606075 3 1 8081
-606763 1664 0
-606827 16 0
-607732 0 1 137
-607747 1048580 1 157
-608059 0 1 461
-608067 1 1 7507
-609115 18 0
-609331 524320 0
-609412 0 1 131
-609507 1 1 67723
-610459 0 1 193
-610627 128 1 139
-610675 18 1 1879
-611020 2 1 137
-611272 100663296 1 109
-612208 69206016 0
-612355 2 0
-612700 10 1 557
-613003 32 1 107
-613012 0 1 331
-613288 100663312 0
-614323 147456 0
-614392 201392128 0
-614515 10 0
-615355 18 0
-615507 1 1 199
-615619 64 0
-615843 1 1 7603
-615867 5 0
-616803 9 0
-616867 16384 1 103
-617152 67108864 0
-617292 17 1 1319
-617347 0 1 127
-617667 1 1 227
-618139 16384 1 107
-618163 20 0
-618195 3 0
-618220 2 0
-619468 0 1 251
-619672 201326848 0
-620515 6 0
-620692 64 0
-620707 0 1 107
-620908 160 0
-621472 67108864 0
-622171 8 1 163
-622308 1 0
-623008 67108864 0
-625372 65544 0
-625603 8 0
-626067 17 1 5351
-626368 67108864 0
-626452 0 1 199
-626587 16 1 157
-626635 130 0
-626659 8 1 5179
-627148 2097152 0
-628411 4 1 107
-628507 40 0
-628803 5 1 1109
-629080 201326594 0
-629260 524290 0
-629332 8 0
-629715 3 0
-630312 100663297 0
-630568 100663424 1 149
-630652 8 1 1303
-630688 67108864 0
-631227 33 0
-632003 0 1 613
-632547 131073 1 1049
-633451 20 0
-634083 33 0
-634203 2097153 1 283
-634675 16386 1 479
-635275 2 1 25411
-635419 256 0
-635539 0 1 599
-635572 4 0
-635755 4098 0
-636387 129 1 401
-636435 3 1 14143
-636472 201326592 0
-637227 1 1 7867
-637675 130 1 1109
-638083 1050624 0
-638092 20 0
-638548 65536 0
-639472 67108896 0
-640588 8388624 0
-640819 0 1 241
-642280 100663298 0
-642843 257 1 821
-643123 65552 0
-643827 1 1 317
-644428 512 0
-644620 2 1 167
-644755 2 0
-645619 16 0
-645712 67108864 0
-645723 17 1 5519
-645963 1 1 197
-646075 4098 1 601
-646083 1 1 23929
-646603 0 1 241
-646888 100663304 0
-647812 8 0
-647848 100671488 0
-648628 0 1 167
-648652 32 0
-648708 1 0
-649072 67108864 1 113
-649075 6 1 3709
-649552 67108864 0
-649779 17 0
-650755 6 0
-651187 64 0
-651760 67108866 0
-652312 201457664 0
-652347 1025 1 653
-653011 64 0
-653403 1 1 353
-653731 16 0
-654915 3 0
-655012 0 0
-655348 64 0
-655372 32768 0
-655432 100663296 0
-655468 8 0
-655483 0 1 347
-656155 2 0
-656188 16 0
-657328 67108868 0
-657651 1 0
-657955 2 0
-658027 32832 0
-658075 10 1 2393
-658228 1048576 0
-659883 131077 0
-660172 0 1 151
-660363 9 0
-660691 65536 0
-660808 100663296 0
-661420 2 0
-662188 64 0
-663292 4 0
-663700 2 1 6637
-663928 201327616 0
-664555 2 0
-664627 1056768 0
-665307 2049 1 601
-666040 201326594 0
-666220 2 0
-666859 32 0
-667771 528 0
-667899 257 1 853
-668299 0 1 173
-668488 100663296 0
-668987 65544 0
-669040 67108866 0
-669139 8320 0
-669243 2049 0
-670552 202375168 0
-671955 3 0
-672123 1 0
-672307 8388864 0
-674515 2 1 313
-674611 36 0
-674872 201326600 0
-675019 32800 0
-675532 24 0
-676132 4096 0
-677428 0 1 163
-677515 2 1 179
-677667 1 0
-677692 1088 0
-677835 3 1 5021
-678147 33 0
-679027 0 1 769
-679099 4128 0
-679147 4 0
-679768 201327104 0
-679939 16 1 193
-680163 9 0
-680187 33 0
-681043 16777224 0
-681123 257 0
-681667 4 0
-682555 2 0
-682732 2176 0
-682803 73 0
-682843 4 0
-682947 1 1 75883
-683883 1 1 8443
-684483 1 1 151
-684748 256 0
-686587 8 0
-686635 4194306 0
-686899 0 1 151
-686931 5 1 4673
-687619 256 1 131
-688051 20 0
-688443 5 0
-688563 1 1 76507
-688683 1 0
-688699 8 1 137
-688891 36 1 827
-688923 2049 1 1867
-689347 1536 0
-690160 67108866 0
-690628 0 0
-691443 1 1 25609
-692332 524288 0
-692899 66560 0
-693043 4194320 0
-693331 0 1 277
-693555 3 0
-693955 8194 0
-695307 16385 0
-695363 0 1 467
-695707 0 1 311
-695731 16384 0
-696739 128 0
-697411 24 0
-699163 0 1 743
-699568 67108992 0
-699643 4 1 127
-699907 48 0
-699955 2 0
-699988 0 1 103
-700003 1024 0
-700107 1 1 109
-700771 4096 1 379
-700888 202375168 0
-701755 2 0
-701899 8 0
-702795 3 0
-702928 67108864 0
-703168 67108864 0
-703203 1 1 157
-703555 1026 0
-703579 32 0
-703707 1 1 127
-703828 0 1 179
-704491 0 1 433
-705235 8194 0
-705772 8388640 0
-706083 5 0
-706675 130 1 1229
-707512 201326608 0
-707755 2 0
-707788 131136 0
-708688 67108864 0
-709243 0 1 443
-709443 5 1 11261
-709587 2049 1 641
-709987 128 0
-710152 100663552 0
-710235 3 1 5261
-711208 100663360 0
-712012 32772 0
-712827 33 1 1553
-713659 64 0
-713755 6 0
-714475 2 1 28579
-714763 260 1 503
-715372 260 0
-715555 2 0
-716611 132 0
-716955 3 0
-716995 2 1 193
-717115 6 1 2927
-717292 0 1 103
-717388 4 0
-717451 36 0
-718348 8192 0
-718587 1 1 79843
-718768 67108864 1 167
-718843 131072 0
-718987 0 1 199
-720675 3 1 3203
-720952 201326592 1 227
-721747 32784 0
-722115 3 1 1783
-722347 32 0
-722932 4 0
-723883 0 1 163
-724467 1 0
-724648 100663296 1 239
-725203 288 0
-725755 1026 0
-726147 1 1 80683
-726555 3 0
-727420 1026 0
-727651 160 0
-727723 0 1 373
-727792 67108880 0
-728163 1 2 149 181
-728547 8193 0
-728632 201326592 0
-728643 4194305 0
-729292 256 0
-729388 8 1 137
-729955 2 0
-730675 10 1 2657
-731083 1024 0
-731131 0 1 107
-731563 2052 0
-731763 1 1 81307
-732235 6 0
-732972 33 0
-733219 0 1 277
-733419 65 1 4289
-734923 131076 0
-735100 2 1 7351
-736411 1040 0
-736563 1 0
-737419 0 1 787
-737755 2 0
-737923 4096 1 131
-737995 2 1 103
-738259 32 0
-738532 0 0
-738628 8 0
-738787 4 0
-739291 4 0
-739792 67108864 0
-740275 2 1 29611
-740547 1 2 107 769
-740643 1 1 271
-741052 16 0
-741483 1 1 82387
-741652 1048576 0
-741808 67371008 0
-741987 1 1 27481
-742027 24 0
-742683 1 1 281
-743395 2 1 157
-743443 0 1 163
-744955 2 0
-745515 3 1 16567
-745675 6 1 4261
-745723 8 1 6163
-746403 5 0
-746635 514 0
-746755 2 0
-747067 66560 0
-747748 0 1 131
-748155 3 0
-748435 2 1 181
-749452 8 0
-750232 201326596 0
-751108 64 0
-751480 201326594 0
-751923 1 1 9283
-752995 524290 0
-753075 3 1 3347
-753235 6 0
-754219 131072 0
-755283 1 0
-755763 65 0
-756267 1048577 0
-756283 8 1 197
-756603 1 1 84067
-757027 32 0
-757288 100663300 0
-759259 4194368 0
-760387 1024 0
-760507 8200 0
-760827 1 0
-761392 67108992 0
-761643 1 1 9403
-762427 128 0
-762448 67108864 0
-762988 114688 0
-764707 0 1 401
-765088 67108864 0
-765835 6 0
-765979 512 0
-766203 8388609 0
-766228 0 1 223
-766672 67108864 0
-766768 67108896 0
-767020 2 0
-767067 5 0
-767251 0 1 109
-768003 32769 0
-769315 2 1 251
-769323 1 0
-770547 1 1 113
-770632 100663296 0
-770851 0 1 421
-771355 18 0
-771555 3 0
-771675 3 1 10289
-772347 16777217 0
-772555 6 0
-772755 3 0
-772795 2 1 127
-773443 8 0
-773467 128 0
-773488 67109120 0
-773872 67108872 0
-774355 2 0
-774859 2048 0
-775768 201326596 1 1979
-776083 12 0
-776680 100663298 0
-776787 9 0
-776827 2048 0
-777268 4096 0
-777795 3 0
-779155 18 0
-779188 0 1 131
-779251 8 0
-779368 100664320 0
-779419 0 1 149
-780112 67108864 0
-780307 8 0
-780475 2 1 31219
-780532 2097152 0
-780907 0 1 269
-781083 1 1 9643
-781683 5 0
-782515 66 0
-783568 67108864 0
-785523 257 0
-785827 4 0
-786123 17 1 6719
-786403 32 1 167
-786667 2052 0
-786955 18 0
-787027 4195328 0
-787267 144 0
-788008 100663312 0
-788523 131073 0
-789595 131074 0
-789723 9 1 2659
-789891 1 1 281
-790120 100663298 0
-790435 2 1 113
-791923 8 0
-792115 34 0
-792268 65568 0
-792499 0 1 467
-792747 1 1 9787
-792763 512 1 107
-793552 67108864 0
-794707 0 1 313
-794872 201326608 0
-795568 67108928 0
-795907 1028 1 439
-796003 16 0
-796203 1025 1 797
-796443 1 1 257
-796651 192 0
-796972 32776 0
-798571 1024 1 113
-798595 6 0
-799387 64 0
-799528 100663296 1 139
-799635 3 0
-799803 1 1 88867
-801475 2 1 32059
-801627 1 1 191
-802132 0 1 127
-802195 2097154 0
-802288 67110912 0
-802300 262146 1 113
-802827 1 1 89203
-806248 100663808 0
-806275 2 1 32251
-806683 64 0
-807115 2 1 337
-808315 2050 0
-809043 65537 0
-809092 131072 0
-810523 4194308 0
-811947 4194305 0
-812755 16386 0
-813955 2 0
-814192 67108864 1 151
-814300 34 1 479
-814923 1 1 90547
-814987 256 1 157
-816148 0 1 211
-816283 16 0
-816568 201326592 0
-816963 5 0
-818491 0 1 521
-821083 32 0
-821227 8 1 617
-821368 203423744 0
-821515 4098 0
-822712 201326600 0
-823708 4096 0
-823795 6 0
-824635 6 0
-825355 130 0
-826323 16385 0
-826747 16448 0
-826827 129 1 521
-828139 16 0
-828172 96 0
-828763 1040 0
-828955 2 1 317
-828963 1 1 92107
-829563 5 0
-829795 131074 0
-830043 1 1 92227
-830251 0 1 761
-830547 65 1 1619
-830659 0 1 191
-832192 67108864 0
-833163 1 1 167
-833848 201326592 0
-834052 0 0
-834067 2097168 0
-834355 2 0
-835147 0 1 373
-836152 201326656 0
-836539 8 1 113
-837763 0 1 811
-838051 2097280 0
-838195 16386 0
-838531 1024 1 131
-839092 4194304 0
-839248 67108864 0
-839443 131112 0
-839995 18 0
-840172 10240 0
-840835 2 1 211
-841075 34 1 1979
-841243 16 1 163
-841563 262145 1 439
-841675 2 2 131 257
-841867 528 0
-842523 9 1 211
-843172 8 0
-843712 67108864 0
-843835 262146 0
-844083 1 1 93787
-844552 100663296 1 229
-844723 2056 0
-845067 16777217 0
-845128 100663296 1 149
-845188 0 0
-845275 2 1 33811
-845392 67108864 0
-845755 2 0
-846003 1 0
-849088 67108864 0
-850075 1026 1 919
-850267 8 1 7027
-850411 4096 0
-851563 8388608 0
-851755 2 0
-852691 4 1 181
-852867 1 2 193 491
-854011 0 1 257
-855955 2 1 193
-856108 8 0
-856531 2064 0
-856683 1 1 31729
-857635 4098 0
-858988 16 0
-859552 67108864 0
-859675 2 2 137 251
-859923 1 1 31849
-859963 2097168 0
-860755 6 0
-861232 67108928 0
-861763 4100 1 409
-862507 1024 0
-862555 2 1 167
-862948 0 0
-863467 8 0
-863787 33 0
-864592 67108864 0
-866188 2097152 0
-867115 65538 0
-867163 520 0
-868099 0 1 151
-869827 4 1 313
-870043 65568 0
-871083 1 1 96787
-871171 132 1 773
-871387 1032 0
-871723 128 1 151
-872092 528 0
-872272 67108864 0
-872523 257 1 3343
-873412 131072 0
-873555 3 0
-873868 262176 0
-874963 16777216 0
-876243 1 0
-876507 129 0
-877948 32 0
-878035 131074 0
-878067 33 1 1913
-879027 1 1 113
-879403 4 2 131 137
-879915 3 0
-880467 5 0
-880828 16 1 1303
-883267 12 0
-883408 67108864 0
-883675 18 1 2719
-884307 1 1 281
-885643 8 0
-886075 131202 0
-886468 8 0
-887035 2050 0
-887635 6 1 3623
-888043 16 0
-888547 8 0
-889947 1 1 10987
-890547 5 0
-891283 0 1 601
-893092 0 0
-893923 2048 0
-894363 8193 0
-894523 36 0
-895123 0 1 131
-895267 0 1 617
-895555 2 0
-896872 100925440 0
-897843 1 0
-897892 0 0
-898555 6 0
-898843 2056 0
-900123 5 0
-902848 67108864 0
-903283 0 1 109
-904072 100663312 0
-905515 18 0
-905899 0 1 109
-906355 34 0
-907003 64 0
-908347 8 1 7507
-909955 2 1 127
-909987 17 0
-910288 67108864 0
-910323 2049 1 2467
-910347 65 0
-910372 0 0
-911667 1 0
-912472 201326600 0
-913315 18 0
-913603 2048 0
-914032 67108868 0
-915355 6 0
-915387 9 0
-916195 6 0
-916203 1 0
-917203 4 1 283
-917683 524304 0
-918187 32 0
-918667 0 1 167
-919723 2097156 0
-920403 9 1 1033
-920731 516 0
-921283 65544 0
-921355 2 0
-922168 201326608 0
-922707 1 1 102523
-922747 65540 0
-922915 6 1 3767
-923275 2 1 36931
-923899 32 0
-924603 1 1 311
-925483 16 0
-925827 5 0
-926011 0 1 277
-926827 8 1 109
-927427 512 0
-928467 262145 1 1453
-929307 1 0
-929635 6 0
-929755 2 0
-929812 16 0
-930363 5 1 6329
-931795 2 1 157
-931947 1 1 241
-932467 32 0
-932827 4 0
-933507 1 1 103723
-934315 131074 0
-934707 1 0
-934987 0 1 857
-935155 18 0
-935347 8196 0
-935947 0 1 197
-936523 4 1 337
-937123 8 0
-938403 1 2 127 821
-938763 5 1 4967
-939712 67108864 0
-940732 1048592 0
-940747 131136 0
-941908 8 0
-943555 2 0
-944812 8 1 109
-944848 67108864 0
-946363 8 1 227
-946771 516 0
-946795 130 0
-947368 101711872 0
-947515 514 0
-947683 16777224 0
-948163 0 1 179
-948595 2 1 193
-950803 4 0
-951028 16 0
-955768 201326600 0
-956187 1 1 106243
-956547 129 1 4621
-956707 4160 0
-957027 1 1 149
-959883 16385 0
-961107 5 0
-961603 0 1 137
-962812 32 0
-962907 9 0
-964243 4 1 139
-964923 1025 0
-966123 1 1 107347
-967443 1 1 389
-967467 1 1 197
-968155 2 1 227
-968755 2 0
-969643 0 1 179
-970467 4097 0
-970843 1088 0
-971667 1 2 107 1009
-972043 32 0
-972643 2052 0
-974163 1 1 173
-976723 8 0
-977659 0 1 107
-979027 4 0
-979147 16 1 109
-979155 3 1 7253
-979588 0 0
-979603 8388608 0
-980907 1025 0
-980947 131080 0
-981355 2 0
-981507 16385 0
-983812 0 1 419
-984787 0 1 937
-985083 9 0
-986155 2 1 127
-988227 33 1 2153
-990283 4 1 193
-991083 33 0
-991467 1 1 36721
-992107 16384 0
-992467 260 0
-993003 9 0
-993307 2052 0
-993427 2097152 0
-994947 2049 0
-998043 16385 0
-998328 201326593 0
-999187 4 1 349
-999747 5 1 2267
-1000363 20 0
-1002043 4 1 257
-1002688 67108864 0
-1002723 2097153 0
-1003192 201326592 0
-1004947 32768 0
-1005691 256 0
-1006072 201457664 0
-1006363 33792 0
-1006723 32 0
-1006867 64 1 197
-1006923 1 0
-1011403 4096 1 547
-1011987 1025 1 1013
-1012432 67108864 0
-1013443 4227072 0
-1014003 65537 1 1847
-1014148 0 0
-1014187 0 1 373
-1014435 3 1 22543
-1015243 1152 0
-1015483 4 0
-1016283 1 0
-1020963 1 0
-1021612 256 0
-1026163 8650752 0
-1027075 6 1 5869
-1027123 544 0
-1027492 0 0
-1028563 1024 0
-1029043 128 0
-1030003 16 0
-1030852 0 0
-1032483 1 0
-1033827 129 0
-1033963 4 0
-1034155 2 1 107
-1034203 0 1 199
-1037155 6 0
-1038667 4 0
-1040275 2 1 41611
-1040635 130 0
-1041448 100794624 0
-1041547 16 1 6163
-1043107 16 0
-1043128 218103808 0
-1043667 1 1 115963
-1043848 100663312 0
-1044355 18 0
-1047643 0 1 139
-1047832 201326592 1 227
-1049035 18 0
-1049547 1 0
-1050547 0 1 463
-1050603 65537 0
-1051219 16 0
-1051387 0 1 257
-1051915 16777218 0
-1052443 4 1 251
-1053243 1 1 13003
-1054915 139266 0
-1055299 2052 0
-1056907 32 0
-1057323 1 0
-1057435 65538 0
-1057627 512 1 109
-1058787 1 1 117643
-1059475 2 1 42379
-1059507 1 1 39241
-1060027 0 1 479
-1060987 32 1 139
-1063843 40 0
-1064083 1024 0
-1065835 32770 0
-1067763 2049 0
-1069315 18 0
-1069555 34 0
-1070083 32772 0
-1070467 262144 0
-1074187 0 1 103
-1074627 1 1 13267
-1074868 64 0
-1074955 6 0
-1075987 264 0
-1077547 64 0
-1081963 0 1 199
-1082995 2 1 167
-1083483 1 1 40129
-1085547 1 1 233
-1088203 4194304 0
-1088563 4 0
-1089883 8192 0
-1090123 0 1 887
-1091827 8 0
-1092547 0 1 523
-1092715 18 0
-1092883 524296 0
-1093075 130 1 1901
-1093387 1280 0
-1094395 8194 0
-1095963 9 0
-1096803 1 1 121867
-1097523 5 1 5807
-1097611 2112 0
-1098843 1 1 157
-1099603 1024 1 113
-1101640 100663298 0
-1104475 2 1 44179
-1105867 36 0
-1106163 16385 1 773
-1106763 5 1 7529
-1107451 2048 0
-1108723 44 0
-1109155 2 0
-1109947 32 1 109
-1111555 2 0
-1116123 257 0
-1118587 64 1 113
-1118632 100794368 0
-1118683 0 1 103
-1120683 1 0
-1122787 0 1 229
-1123075 2 2 167 269
-1123507 12 0
-1125235 2 1 313
-1126267 8388640 0
-1126363 4 2 127 181
-1126867 4 0
-1130187 1 0
-1131267 1 1 557
-1134547 64 1 211
-1135267 4 1 157
-1137123 17 1 9719
-1137763 8 1 9403
-1138915 34 0
-1141387 80 0
-1142107 256 0
-1142667 1 1 14107
-1142803 256 1 157
-1143748 0 0
-1144123 64 0
-1144507 20 0
-1144843 2052 0
-1147483 32 0
-1147723 128 1 139
-1147939 16 1 227
-1148227 64 1 223
-1150923 257 0
-1152475 2 1 46099
-1153443 1 0
-1156243 8 1 257
-1157755 2 0
-1159075 262146 1 653
-1159363 0 1 541
-1159387 0 1 619
-1160427 1 0
-1161787 520 0
-1162683 1 1 129187
-1165003 4 0
-1165803 1048577 0
-1166155 2 0
-1167187 4 0
-1167532 0 1 151
-1168483 512 0
-1171507 4194304 0
-1174083 1 1 229
-1174987 8 1 223
-1175227 524320 0
-1177443 1 1 43609
-1178083 160 1 131
-1179355 2 0
-1182523 0 1 433
-1182603 1 0
-1182955 2 1 103
-1183363 33280 0
-1183891 0 1 463
-1184995 6 0
-1185892 0 0
-1186707 1 1 449
-1188907 4096 1 643
-1189323 1 1 14683
-1189675 130 1 2069
-1189827 524289 1 1811
-1190707 4 0
-1190827 264 0
-1191723 17 0
-1192888 201326592 0
-1195888 67110912 0
-1197267 1 1 593
-1198075 34 1 2819
-1198563 4325377 0
-1198987 512 0
-1199452 544 0
-1200123 1 1 44449
-1202272 67108864 0
-1206808 201326592 1 251
-1207867 32 1 227
-1207987 8 1 193
-1208083 0 1 113
-1208563 2097152 0
-1208995 130 0
-1209112 201326592 1 359
-1211515 2 1 337
-1211907 1 0
-1212163 16384 0
-1216747 16777220 0
-1219243 0 1 379
-1220968 100663300 0
-1221355 2 1 137
-1222827 33 0
-1223803 4 0
-1223947 1048576 0
-1225555 130 0
-1226947 0 1 127
-1227067 0 1 113
-1227955 2 0
-1229515 6 0
-1232323 0 1 353
-1236475 2 1 49459
-1238427 1025 1 3719
-1239667 24 0
-1242547 32 0
-1242928 67108864 1 131
-1243075 66 1 2617
-1243795 6 0
-1243963 16388 1 479
-1246003 8 1 227
-1247395 2 1 317
-1248787 1024 0
-1249843 132 1 1109
-1250803 0 1 911
-1252435 2 1 107
-1253203 4 0
-1254355 2 0
-1255195 34 0
-1260603 1048577 1 197
-1261243 32768 0
-1263163 8 0
-1263763 1048608 0
-1266307 4100 1 601
-1267123 24 0
-1268083 524544 0
-1269027 1 1 15667
-1271187 4194433 0
-1273651 1280 0
-1274275 2 1 50971
-1276627 4104 0
-1276972 4194336 0
-1279107 1 1 142123
-1279468 16777216 0
-1279867 1024 0
-1289827 12 1 2393
-1292347 132 1 349
-1292803 0 1 491
-1293163 0 1 229
-1293867 1 2 173 277
-1295067 2049 0
-1296163 8 0
-1298203 2097152 0
-1298803 262152 0
-1300387 8 1 977
-1301155 2 0
-1303027 8 0
-1304515 2 1 139
-1308283 1088 0
-1308955 2 0
-1309555 18 0
-1311907 32 0
-1312507 8388612 0
-1315363 4 0
-1315483 8208 0
-1317955 2 0
-1318923 65 1 857
-1319035 2 1 331
-1320643 1572864 0
-1323067 4352 0
-1324747 0 1 337
-1324843 16 1 223
-1326163 4096 0
-1328947 0 1 257
-1329427 8 1 10987
-1332667 65540 0
-1336027 12 0
-1339528 100663296 0
-1341067 20 0
-1344627 1 1 49801
-1345387 0 1 109
-1345675 66 1 2833
-1347448 201330688 0
-1347907 8 1 181
-1350043 0 1 157
-1351443 1 0
-1352275 2 1 54091
-1353307 0 1 839
-1354483 528 0
-1355827 136 1 233
-1358212 2097152 0
-1362187 16777216 0
-1362475 2 1 54499
-1367587 16 0
-1368112 67109888 0
-1375003 4 0
-1375603 0 1 229
-1376587 65536 0
-1380043 36 0
-1383475 2 1 55339
-1384147 0 1 739
-1385155 16386 0
-1385547 1 1 193
-1388907 17 1 1319
-1390915 2 1 149
-1399483 524352 0
-1401667 2080 0
-1404187 1024 0
-1404715 18 0
-1406227 0 1 283
-1408747 0 1 197
-1414939 8388864 0
-1415227 8 0
-1416163 4 0
-1417243 0 1 463
-1420027 36 0
-1421443 512 0
-1421907 1 1 149
-1422835 1026 0
-1425403 4 1 157
-1425715 2 1 313
-1426315 10 0
-1428163 1288 0
-1430203 2048 0
-1430227 32 0
-1431123 1025 0
-1433803 4 1 257
-1435603 16 0
-1441003 65536 0
-1444347 1 1 160483
-1444867 256 0
-1446867 1 2 373 431
-1448395 18 0
-1448995 34 0
-1455955 2 0
-1457523 1 1 161947
-1463883 131073 0
-1466083 512 0
-1474363 8 0
-1477107 2049 1 4003
-1478107 0 1 829
-1481467 2097168 0
-1483168 67108864 0
-1486483 0 1 353
-1488547 1024 0
-1490395 2 1 173
-1498603 0 1 467
-1499635 16386 0
-1504563 1 1 241
-1506523 160 0
-1510387 8388736 0
-1511323 8 0
-1512907 8 0
-1514083 0 1 487
-1515067 0 1 433
-1519555 2 1 127
-1525603 768 0
-1526683 8388608 0
-1526947 128 1 197
-1527892 32 0
-1530643 0 1 1013
-1531387 24 0
-1533043 544 0
-1537243 2097152 0
-1538035 2 1 139
-1543987 16777216 0
-1544155 16386 0
-1549507 64 0
-1550683 128 0
-1551907 524292 0
-1553883 32769 0
-1568827 16 1 9283
-1569547 4 0
-1570867 16384 1 107
-1572043 8 1 241
-1573363 8 1 13003
-1577283 4097 0
-1579923 1 2 349 503
-1580275 2 1 63211
-1581507 1 1 175723
-1583275 2 1 63331
-1583803 144 0
-1589107 16 1 9403
-1590843 33 0
-1591843 8200 0
-1601587 48 0
-1605307 8 1 13267
-1607323 2048 1 197
-1613203 0 1 347
-1622083 2048 0
-1629667 16 1 9643
-1632667 4096 1 883
-1636468 0 1 599
-1643107 0 1 1117
-1647475 2 1 65899
-1649187 33 1 3593
-1651827 1 0
-1654603 1024 1 197
-1662067 65544 0
-1671187 4 1 193
-1671307 8 0
-1671763 288 0
-1677043 4096 1 907
-1677652 0 1 197
-1681507 384 0
-1684963 4 2 137 251
-1688395 4098 0
-1692163 40 0
-1696627 8388608 0
-1698715 4098 0
-1699483 0 1 223
-1706947 8 1 14107
-1708987 4 0
-1710163 20 0
-1711315 130 1 647
-1711483 0 1 317
-1721083 20 0
-1722403 0 1 1163
-1724067 1 1 191563
-1727707 0 1 137
-1733587 0 1 271
-1735363 4 1 173
-1741027 4160 0
-1741147 2048 0
-1747603 16777240 0
-1752907 16 0
-1760683 0 1 827
-1763227 0 1 151
-1771267 0 1 313
-1772323 8196 0
-1776643 8 1 14683
-1786387 16777344 0
-1790083 288 0
-1791003 2049 0
-1805323 80 0
-1821043 4 1 157
-1828387 8 1 359
-1830427 66560 0
-1835803 4194304 0
-1836907 0 1 571
-1845547 8 0
-1846387 32 1 313
-1846483 4194304 0
-1855963 2129920 0
-1857787 0 1 617
-1870555 2 0
-1871587 8192 0
-1874203 0 1 1193
-1877467 128 0
-1881643 0 1 139
-1890907 512 1 181
-1893523 0 1 193
-1895707 8 1 15667
-1904947 8 0
-1905115 4098 0
-1905187 64 1 197
-1907563 524292 0
-1917147 1 0
-1922083 0 1 103
-1927627 16 0
-1928347 0 1 139
-1929907 132 0
-1932547 1088 0
-1933387 16384 0
-1942075 2 2 131 593
-1946107 540672 0
-1947355 131074 0
-1951723 2048 1 181
-1955947 4 0
-1959043 0 1 1321
-1982563 8 0
-1990627 278656 0
-2000923 3072 0
-2003787 1 1 222643
-2012467 1024 1 109
-2020627 4 0
-2036827 16 0
-2038723 4194304 0
-2041603 0 1 449
-2056723 0 1 313
-2069587 16 0
-2074963 8 0
-2080747 8388672 0
-2083027 96 0
-2091643 128 1 211
-2094163 1024 0
-2096803 0 1 1103
-2110747 0 1 233
-2126083 0 1 719
-2131123 4352 0
-2135947 8 1 277
-2137675 1026 1 2311
-2139547 0 1 229
-2143387 4194304 0
-2163907 0 1 569
-2193787 2048 0
-2197507 16 1 13003
-2203987 0 1 1217
-2232763 48 0
-2265547 1024 0
-2266147 272 0
-2287987 4112 0
-2288707 128 1 151
-2290267 8388612 0
-2343427 0 1 953
-2361307 16 0
-2364763 8388608 0
-2386483 8 1 163
-2386987 32 0
-2420947 33792 0
-2453683 0 1 431
-2454307 160 0
-2484883 1024 1 239
-2526643 4 0
-2588755 18 0
-2616307 1536 0
-2651803 12 0
-2684515 2 1 137
-2911987 16 0
-2945083 0 1 1033
-3000187 0 1 277
-3064483 0 2 131 149
-3347227 16 1 197
