-9911 16424 0
-10199 8708 0
-12359 32 0
-14471 256 0
-14735 6 0
-15279 9 0
-16295 2 0
-17015 2099202 0
-17423 68 0
-17871 1157 0
-18095 8206 0
-18471 8193 0
-18551 16 0
-19071 17 1 163
-19703 65632 0
-20687 0 1 137
-20919 65 0
-22839 129 0
-22847 131592 0
-22935 11 0
-24879 1 0
-24951 1 0
-25479 65 1 149
-25607 256 0
-26255 4227074 0
-26311 2097152 0
-26391 65 0
-26751 1025 0
-26975 2097170 0
-27231 257 0
-27279 5 1 433
-28496 67108880 0
-29636 512 0
-31119 2185 0
-31136 67108868 0
-31503 1 0
-31976 100663300 0
-32007 8193 0
-32151 5 0
-32336 67121152 0
-33159 5 0
-34119 33 1 223
-34343 65536 0
-34376 100663296 0
-34383 524289 0
-34711 0 1 103
-35624 101253120 0
-35631 1025 1 107
-35780 2 0
-36344 201359372 0
-36440 201326594 0
-36495 3 1 811
-37495 2 0
-37743 129 0
-38247 65609 0
-38391 131073 0
-38479 132 0
-38727 17 1 331
-39296 67108864 0
-39303 9 1 397
-39560 100667522 0
-39644 16424 0
-40424 100663808 0
-40796 8708 0
-41384 100663300 0
-41720 201326598 0
-41727 5 0
-41855 10 0
-42351 65 0
-42656 67113472 0
-42663 1 0
-43256 201326592 0
-43367 32 0
-43615 65562 0
-43616 67117312 0
-44343 17 1 379
-44423 512 0
-44655 19 0
-44864 67108864 0
-44996 4 0
-45255 7 0
-45295 2 0
-45296 67108928 0
-45415 514 0
-46095 7 0
-46304 67108864 0
-46879 1028 0
-46916 1024 0
-47559 2097153 0
-47583 33 1 311
-47960 201326602 0
-47967 32769 0
-48559 4 1 991
-48807 297 0
-49436 32 0
-49951 72 0
-50007 1048577 0
-50055 270339 0
-50244 1064961 0
-50420 2 0
-50676 2049 0
-50720 67108866 0
-50996 65608 0
-51204 33 0
-52399 65536 0
-52520 117440530 0
-52975 18 1 163
-53095 3078 0
-53624 201326592 0
-53799 1048577 0
-54032 67108872 0
-55160 201326598 0
-55656 100663297 1 773
-55824 67108865 0
-55839 5 0
-55959 129 0
-56612 0 0
-56823 8721 0
-57032 100663296 0
-57104 69210112 0
-57199 8192 0
-57384 100663297 1 797
-57799 132 0
-57831 1025 0
-57851 2099232 0
-57884 256 0
-58184 100663300 0
-58340 2 0
-58479 16777217 0
-58940 6 0
-59016 100663297 0
-59144 100663296 0
-59367 13 0
-59487 1048577 0
-59775 3 1 797
-59815 6 0
-59972 8456 0
-60128 67108864 0
-60324 9 0
-60576 67108865 0
-60656 67108896 0
-61116 9 0
-61400 201326594 1 307
-61536 67108865 0
-61604 0 0
-61640 100794498 0
-61663 132 0
-62036 16 0
-62228 8192 0
-62544 67108865 0
-62664 100663301 0
-63087 33 0
-63344 67109888 0
-63696 67108865 0
-63903 37 0
-64116 17 1 137
-64351 260 0
-64544 67108864 0
-64880 67108866 0
-64904 100728900 0
-64964 0 1 109
-65180 2 0
-65819 2162704 0
-65943 33 1 431
-65960 109051938 0
-66008 201327616 0
-66031 4 0
-66055 10 0
-66164 36 0
-66216 104858113 0
-66899 68 0
-67040 67108866 0
-67335 131075 0
-67503 1 0
-67640 205520962 0
-67735 706 0
-68055 19 0
-68060 2099202 0
-68303 0 1 167
-68304 67108865 0
-68456 100667392 0
-68847 16385 0
-68939 16 0
-69056 69206032 0
-69080 201326602 0
-69087 1 0
-69399 9 1 701
-69447 5 0
-69524 20 0
-69560 201335810 0
-69692 68 0
-69860 6 0
-69872 67108872 0
-70056 100663301 1 139
-70100 2 1 701
-70280 100663302 0
-70544 67108864 0
-70735 12294 0
-71048 102760448 0
-71252 8192 0
-71484 1157 0
-71967 133 0
-72380 8206 0
-72423 17 1 619
-72607 32 0
-72756 12289 0
-72936 100663297 1 1013
-73044 1 1 2029
-73176 201326593 0
-73380 3 0
-73616 67112960 0
-73619 20 0
-73884 8193 0
-74127 1 0
-74204 16 0
-74276 512 0
-74295 19 1 127
-74720 67108866 0
-74724 17 0
-74936 201326944 0
-75207 20489 0
-75296 67108880 0
-75512 201326592 0
-75775 6 1 433
-75864 201326849 0
-76284 17 1 163
-76580 6 0
-76584 100663297 0
-76656 67108865 0
-76760 218103874 0
-76772 32 0
-76916 133124 0
-76996 0 0
-77311 80 0
-77415 19 0
-77556 129 0
-78020 2105346 0
-78036 5 0
-78135 3 0
-78216 100663297 0
-78392 201328640 0
-78419 8 0
-78608 67108896 0
-78692 0 1 103
-78812 65632 0
-79112 100664072 0
-79499 2052 0
-80216 201327616 0
-80543 0 1 239
-80612 4 0
-80616 100663297 0
-80660 1026 0
-81055 4370 0
-81487 4 1 1663
-81543 13 0
-81632 67108864 0
-81728 67108864 0
-82023 65 0
-82340 130 0
-82416 83886113 0
-82536 100663361 0
-82592 71303424 0
-82628 20 0
-82715 262146 0
-82748 0 1 137
-83007 129 1 401
-83343 17 0
-83408 67108880 0
-83676 65 0
-83743 136 0
-83784 100663297 0
-84207 1 0
-84260 10 0
-84296 100665344 0
-84703 262144 0
-85139 64 0
-85764 5 0
-85815 3 1 1907
-85952 68157472 0
-86004 1 1 2389
-86276 0 0
-86367 1 0
-86424 201326609 0
-86768 67109160 0
-87056 67108864 0
-87327 513 1 313
-87423 133 0
-87560 100663306 0
-87576 205522945 0
-87608 201334784 0
-87927 1064965 0
-87956 8 0
-88416 67108865 1 307
-88424 100663300 0
-88519 2080 0
-88760 201326598 0
-88931 0 1 113
-89220 3 0
-89247 262145 0
-89416 100663296 0
-89556 33 0
-89579 131076 0
-89583 17 0
-90055 2097670 0
-90344 100663424 0
-90447 557061 0
-90560 67108866 0
-90752 67108864 0
-90856 100665344 0
-91356 129 0
-91388 131592 0
-91740 11 0
-92024 201326592 0
-92415 16842755 0
-92420 2 0
-92552 100663424 0
-92704 67108864 0
-92856 201867265 0
-93063 131073 0
-93156 5 0
-93336 201326593 0
-93392 67108880 0
-93728 83886336 0
-93920 67108866 0
-94148 0 0
-94979 1056 0
-95108 33296 0
-95263 516 0
-95492 0 0
-95604 513 0
-95784 100663313 0
-95939 0 1 197
-95952 67108865 0
-95976 100667905 0
-96008 100663304 0
-96020 2 0
-96303 8193 0
-96584 100663296 0
-96692 128 0
-97455 4718595 0
-97736 100663360 0
-97791 1025 0
-97808 67108864 0
-98048 67108864 0
-98136 201335041 0
-98287 68 0
-98455 8388870 0
-98503 0 1 137
-98612 4194304 0
-98944 67108864 0
-98967 9 0
-99512 201326596 0
-99516 1 0
-99624 100663301 0
-99703 0 1 179
-99716 8388608 0
-99804 1 0
-100424 100663296 0
-100704 67108865 0
-100944 67108865 1 701
-101095 2 0
-101099 96 0
-101464 201326600 0
-101816 205520920 0
-101916 65 1 149
-101959 664 0
-102016 67108864 0
-102020 2 0
-102084 8193 0
-102428 256 0
-102727 4096 0
-102984 100663301 0
-102992 67110912 0
-103111 8388608 0
-103204 0 0
-103460 6 0
-103940 2 0
-104120 201326658 0
-104184 201326593 1 1447
-104304 67127297 0
-104336 67108864 0
-104404 4096 0
-104408 201327104 0
-105020 4227074 0
-105059 512 0
-105092 12304 0
-105124 2048 0
-105244 2097152 0
-105488 67108928 0
-105564 65 0
-105823 4224 0
-107004 1025 0
-107736 201457665 0
-107796 17 0
-107828 4 0
-107900 2097170 0
-107972 0 0
-108068 0 0
-108275 327682 0
-108276 5 0
-108299 1024 0
-108419 0 1 181
-108704 68161536 0
-108752 67108868 0
-108903 513 0
-108924 257 0
-109116 5 1 433
-109135 524434 0
-109284 5 0
-109328 67108864 0
-109508 4 0
-109656 201326593 1 1523
-109776 67108865 0
-110072 201326592 0
-110223 1025 1 331
-110568 100663329 0
-110704 67109928 0
-110792 100663304 0
-110847 9 0
-110912 67108864 0
-111624 100663297 0
-112251 262689 0
-112475 10 1 409
-112516 128 0
-113095 2 0
-113195 2 0
-113407 36 0
-113411 8256 0
-113540 6 0
-113588 524288 0
-113736 100663301 0
-113888 67108864 0
-113943 65 0
-114120 100663299 1 317
-114152 100663360 0
-114384 67108865 0
-114447 1 0
-114635 16777218 0
-114820 2 0
-115216 67108928 0
-115232 67108880 0
-115540 16386 0
-115656 101777409 0
-115744 67108864 0
-115832 201326592 0
-115860 3 0
-115896 201326601 0
-116196 129 0
-116244 1 1 3229
-116291 1028 0
-116315 4098 0
-116376 201326609 0
-116436 513 0
-116448 67108865 0
-116723 0 1 151
-116823 5 0
-116943 33 0
-117035 4194306 0
-117044 256 0
-117055 2050 0
-117108 1 1 3253
-117152 67108868 0
-117415 130 0
-118235 50 0
-118416 67108865 0
-118519 128 0
-118564 0 0
-118836 1 1 3301
-119143 0 1 283
-119219 256 0
-119312 67108864 0
-119748 33 0
-119776 67108928 0
-120128 67108864 0
-120144 67108865 0
-120152 201326720 0
-120212 2048 0
-120632 201326624 0
-120696 201334785 0
-120819 161 0
-120964 0 0
-121232 67108864 0
-121476 16385 0
-121572 9 1 307
-121647 6273 0
-122023 8 0
-122420 2 0
-122784 67108865 0
-122811 139281 0
-122979 1 0
-123103 0 1 257
-123144 100663301 0
-123272 100663360 0
-123488 67108896 0
-123515 6 0
-123616 67108864 0
-123680 67108866 0
-123780 3 0
-123927 16777217 0
-124019 4 1 2531
-124327 4 0
-124436 16 0
-124476 2185 0
-125335 6 0
-125528 201588784 0
-125768 101711872 0
-125880 201326595 0
-125940 3 0
-126007 8196 0
-126012 1 0
-126035 22 0
-126664 100925440 0
-126696 100663297 0
-126724 16 0
-126803 32 0
-127176 100663301 0
-127179 17 1 1087
-127571 2113792 0
-127716 257 0
-127952 67108872 0
-128028 8193 0
-128280 201326595 0
-128360 100663298 0
-128484 2101249 0
-128604 5 0
-128647 0 1 103
-129099 129 0
-129140 10 0
-129184 67108872 0
-129544 100663296 0
-129664 67108864 0
-129796 1024 0
-129856 67108864 0
-130091 16 0
-130135 34 0
-130283 64 0
-130388 1024 0
-130520 201326610 0
-130611 49 0
-130776 201326593 0
-131012 4 0
-131176 100663360 0
-131219 1048584 0
-131383 4 1 137
-131492 262144 0
-132080 67108882 0
-132184 201329168 0
-132276 524289 0
-132636 5 0
-132964 16 0
-133015 1026 0
-133475 66 1 281
-133687 4096 0
-133783 2064 0
-134304 67108865 0
-134484 5 0
-134531 256 0
-134571 513 0
-134592 67108865 0
-134660 2 0
-134795 2 0
-135024 75497729 0
-135144 100663297 1 1877
-135275 6 1 773
-135288 201326593 1 1879
-135616 67108880 0
-135895 2 0
-135908 65536 0
-136196 1048576 0
-136255 38 0
-136475 16386 1 103
-136476 33 1 223
-136760 201326610 0
-137120 67108866 0
-137127 4097 0
-137372 65536 0
-137496 201326625 0
-137532 524289 0
-137720 201326602 0
-137888 67109376 0
-138576 67108865 0
-138632 100667920 0
-138724 1048576 0
-138827 32784 0
-138844 0 1 103
-138936 201326597 0
-139368 100663297 0
-139379 1024 0
-139407 513 0
-139472 67108992 0
-140196 5 0
-140651 262148 0
-140792 201326592 0
-140808 100663297 0
-140811 41 0
-140948 0 1 167
-141008 67108868 0
-141155 1030 0
-141280 67108866 0
-141295 14 0
-141496 201326720 0
-142115 4098 0
-142160 67108866 0
-142340 10 0
-142392 201326625 0
-142456 201326592 0
-142524 1025 1 107
-142704 67108865 1 991
-142744 201326596 0
-142868 40 0
-142976 67108864 0
-143524 16384 0
-144032 67108868 0
-144367 512 0
-144912 67108865 0
-144996 4097 0
-145047 5 0
-145112 209715240 0
-145120 67108866 0
-145160 100663362 0
-145224 100663297 1 2017
-145851 65537 0
-145880 201326598 0
-145952 67108864 0
-145980 3 1 811
-146104 201326596 0
-146379 32769 0
-146468 4 0
-146528 67108928 0
-146656 67108864 0
-146904 201326593 0
-147035 6 0
-147140 6 0
-147252 5 0
-147411 9 1 1489
-147752 101187720 0
-147819 5 0
-148011 1 1 103
-148064 67108868 0
-148135 20498 0
-148452 4194305 0
-148772 16 0
-148848 67108869 0
-149028 9 0
-149048 201327104 0
-149216 67108864 0
-149312 67108864 0
-149480 117441538 0
-149732 2099208 0
-149980 2 0
-150152 100663296 1 137
-150155 32770 0
-150520 201605122 0
-150560 67108866 0
-150708 65 0
-150728 102760448 0
-150756 33 0
-150840 201326595 1 419
-150972 129 0
-151328 67108864 0
-151384 201326592 1 127
-151460 2 0
-151752 100663297 0
-151811 1032 0
-152356 2048 0
-152580 3 0
-152664 201326593 0
-152896 67108864 0
-152988 65609 0
-153024 67108865 0
-153096 100663297 0
-153376 67108864 0
-153396 1 1 4261
-153444 65 0
-153492 1 0
-153539 64 0
-153564 131073 0
-153696 67108865 0
-153916 132 0
-153992 100663296 0
-154084 4 0
-154088 100663336 0
-154264 201326600 0
-154371 5 0
-154600 100663298 1 773
-154628 4864 0
-154908 17 1 331
-155012 24 0
-155023 40 0
-155363 1136 0
-155376 69206033 0
-155544 201326593 0
-156515 130 0
-156655 8388706 0
-156664 201326592 0
-156804 524289 0
-157112 201328640 0
-157115 131078 0
-157212 9 1 397
-157216 67108896 0
-157611 1 1 107
-157632 67108865 0
-157684 1048576 0
-158263 132 0
-158288 67108880 0
-158352 67108865 0
-158499 9 1 1601
-158627 4644 0
-158704 67108884 0
-158724 1 1 4409
-158852 0 1 151
-158884 136 0
-158980 2 0
-159016 100663320 0
-159096 201326597 0
-159400 100663298 1 797
-159440 67108866 0
-159771 65 0
-159968 67108864 0
-160656 67108865 0
-161139 73 0
-161508 4097 0
-161604 131073 0
-161747 64 0
-161860 2 0
-161915 24594 0
-161944 201327104 0
-162415 10 0
-163087 262144 0
-163088 67108864 0
-163848 100663297 0
-164132 1024 0
-164176 67109376 0
-164180 2 0
-164184 201326593 0
-164383 4194304 0
-164887 131200 0
-164896 67108864 0
-165136 67108864 0
-165227 0 1 127
-165251 0 1 257
-165487 8196 0
-165636 4097 1 107
-165720 201326595 0
-165732 5 0
-165784 201343136 0
-165895 2 0
-166036 528 0
-166096 67108868 0
-166224 67108865 0
-166804 40 0
-166816 67108880 0
-166908 5 0
-167108 0 0
-167420 10 0
-167555 8834 0
-167880 100663299 0
-168120 201326595 1 467
-168275 16386 1 127
-168304 67239936 0
-168339 1 0
-168744 105906177 0
-168872 117440584 0
-168904 100667392 0
-168976 67141632 0
-169140 3 0
-169368 201326593 0
-169404 65 0
-169416 100663313 1 181
-169456 71303204 0
-169499 72 0
-169576 100673544 0
-169636 0 0
-169983 16777257 0
-170143 256 0
-170232 201328641 0
-170436 5 0
-170499 133 0
-170652 1 0
-170832 67108865 0
-171048 100663297 0
-171051 132225 0
-171232 67108864 0
-171432 100663297 1 2381
-171924 1 0
-171943 0 1 139
-172240 67108866 0
-172392 100663305 0
-172996 65536 0
-173171 0 1 157
-173176 201326592 0
-173220 3 0
-173468 32 0
-173920 67108866 0
-174291 2065 0
-174460 65562 0
-174728 100663296 0
-174880 67108866 0
-175015 262434 0
-175344 67108881 0
-175476 5 0
-175520 67108866 0
-175684 0 1 167
-175908 1 1 107
-176776 100663360 0
-176852 80 0
-176868 33 0
-177367 0 1 193
-177372 17 1 379
-177692 512 0
-177771 9 0
-178619 1048676 0
-178620 19 0
-178720 67108866 0
-179115 3 0
-179540 8194 0
-179556 17 0
-179560 100794370 0
-179592 100663301 0
-179880 100663299 0
-179896 201326592 1 113
-180192 67108865 0
-180223 0 1 229
-180676 32 0
-180760 201326594 0
-180795 35 0
-181020 7 0
-181028 0 1 167
-181180 2 0
-181275 3 1 2417
-181380 3 0
-181392 67108865 0
-181595 2 0
-181636 20 0
-181660 514 0
-182291 32 0
-182407 8192 0
-182435 522 0
-182596 0 1 191
-182811 1 0
-183428 4 0
-183668 525344 0
-183672 201326593 1 2551
-183844 34880 0
-183888 67108865 1 1277
-183976 100729104 0
-184264 100663808 0
-184380 7 0
-184592 69206016 0
-184804 8192 0
-184848 67108865 0
-185647 12 0
-185768 100663304 0
-185832 104857857 0
-185928 100728833 0
-186072 201326593 0
-186468 2049 0
-186676 32772 0
-186752 67108864 0
-187092 1 1 5197
-187516 1028 0
-187667 131072 0
-187668 17 1 401
-187748 40 0
-188168 100667392 0
-188176 67108928 0
-188296 100663296 0
-188499 65 0
-188612 65536 0
-188792 201326592 0
-189124 16 0
-189204 1 0
-189348 513 0
-189364 4 0
-189736 100664320 0
-189768 100663297 0
-189939 1 0
-189995 1049618 0
-190179 41 1 113
-190236 2097153 0
-190264 201326624 0
-190332 33 1 311
-191195 2 0
-191555 22 0
-191712 67108865 0
-191767 64 0
-191868 32769 0
-191979 2097153 1 257
-192016 67108872 0
-192035 2 1 193
-192072 100679681 0
-192120 201326595 0
-192484 0 0
-192775 10 1 701
-192792 201326849 0
-192948 5 0
-193168 67108864 0
-193392 68157473 0
-193684 2048 0
-193691 256 0
-193812 513 0
-193984 67108868 0
-194072 201326624 0
-194080 67108866 0
-194160 67108867 0
-194236 4 1 991
-194260 10 0
-194520 201326595 0
-194704 67112960 0
-194720 67108866 0
-194843 8 0
-194888 100663328 0
-194944 67108864 0
-195228 297 0
-195316 136 0
-195828 1 0
-195864 201326593 0
-195876 1 1 5441
-196324 0 0
-196456 100663312 0
-196475 258 1 271
-197348 0 1 103
-197940 3 0
-198247 4 1 127
-198340 8194 0
-198395 2 0
-198651 129 0
-198672 67108865 0
-198727 3072 0
-198868 2097152 0
-198948 32769 0
-199804 72 0
-199816 100663296 0
-200028 1048577 0
-200052 1 1 5557
-200220 270339 0
-200288 67108872 0
-200532 33 0
-200808 100663297 1 2789
-200836 33920 0
-201256 100663304 0
-201275 10485762 0
-201736 100663296 1 151
-202564 4194304 0
-202600 100663298 1 1013
-202632 100663297 0
-202900 2 1 2029
-203115 11 0
-203176 100663296 1 109
-203195 2 0
-203352 201327617 0
-203488 67108864 0
-203712 67108865 0
-203739 1 1 113
-203760 67108867 1 283
-204192 67108865 1 709
-204456 100663301 0
-204832 67109888 0
-205636 16777216 0
-206020 2 0
-206212 512 0
-206459 8 1 137
-206656 67108864 0
-206835 3 0
-206931 129 0
-207395 2 0
-207459 4195333 0
-207555 16777219 0
-207696 67108865 0
-207844 20 0
-208036 0 0
-208068 5 0
-208192 67108864 0
-208360 100663298 0
-208372 0 1 113
-208564 128 0
-208580 2 0
-208771 384 0
-208788 1 1 127
-208851 4097 0
-209596 65536 0
-209843 0 1 223
-210064 67108928 0
-210132 17 1 449
-210315 7 0
-210360 201326595 0
-210368 67108928 0
-210408 100663305 0
-210552 201327105 0
-210648 201457665 0
-210848 67108872 0
-210888 117440769 0
-210947 8 1 127
-211264 67108864 0
-211320 201326595 1 587
-211336 100663296 0
-211440 67108867 0
-211480 201326626 0
-211900 18 1 163
-211984 67108864 0
-212132 0 1 181
-212147 16 0
-212164 33536 0
-212380 3078 0
-212448 67108865 0
-212499 5 1 3373
-212568 201326625 0
-212648 100663360 0
-212795 540682 0
-212931 32769 1 401
-213083 1040 0
-213252 17 0
-213707 48 0
-213728 67108864 0
-213796 4104 0
-213979 2080 0
-214036 524288 0
-214360 201326722 0
-214419 1 0
-214672 67108864 0
-214824 100663297 0
-215080 100663362 0
-215196 1048577 0
-215236 4 0
-215320 201326598 0
-215555 66 0
-215584 67108864 0
-215592 100663313 0
-215620 2 0
-215731 4352 0
-215912 100663296 1 137
-216084 9 0
-216420 3 0
-216664 201867268 0
-217032 100663297 0
-217235 130 0
-217332 1 1 6037
-217903 4 1 4447
-217992 100663809 0
-218056 109051904 0
-218091 1 1 139
-218436 1 1 109
-218440 100667394 0
-218568 100663301 0
-218964 262145 0
-219188 1024 0
-219272 100663296 0
-219396 8193 0
-219435 3 0
-219803 524288 0
-219827 131104 0
-219940 6 0
-220008 104857601 0
-220068 1 1 6113
-220128 67108865 0
-220171 262148 0
-220360 100663302 0
-220419 65 1 1289
-220608 67108865 1 383
-221195 2099218 0
-221667 1025 0
-221720 201326722 0
-221835 131 0
-221979 65537 0
-221988 17 0
-222171 1 1 103
-222212 524288 0
-222544 67108868 0
-222608 67108864 0
-222691 260 0
-222803 4 1 4547
-222847 128 0
-223028 16 0
-223060 66 0
-223179 9 0
-223188 5 0
-223356 5 0
-223400 100663298 1 1117
-223456 67108864 0
-223836 129 0
-223864 201326592 0
-223876 8388608 0
-223924 4195360 0
-224272 67108864 1 107
-224331 13313 0
-224440 201327106 0
-224584 100794368 0
-224868 5 0
-225027 9 1 2273
-225259 4194304 0
-225316 20 0
-225588 9 0
-226032 67108897 0
-226251 129 1 1093
-226416 71319553 0
-226504 100663424 0
-226543 16777216 0
-226564 16 0
-226955 66 0
-227263 2176 0
-227292 8721 0
-227348 8 0
-227648 67108864 0
-227704 201326592 0
-227779 0 1 379
-228432 67108865 0
-228472 201326592 0
-228640 67108866 0
-228796 8192 0
-229043 0 1 227
-229092 33 0
-229179 1048577 0
-229272 201328641 0
-229380 3 0
-229488 67108869 0
-230139 21 1 281
-230164 8 0
-230235 3 0
-230243 4194320 0
-230363 4 0
-230536 100663296 0
-230811 261 0
-230920 100663426 0
-231196 132 0
-231324 1025 0
-231515 66 0
-231576 201326593 0
-231732 2049 1 157
-231748 136 0
-232008 100663301 0
-232024 209715344 0
-232212 1025 0
-232628 40 0
-232728 201326593 0
-232824 205520897 0
-232884 1 1 6469
-232899 257 0
-233299 8 1 127
-233328 67108865 0
-233380 6 0
-233499 5 0
-233916 16777217 0
-233931 1 0
-234072 201326593 1 3251
-234336 67108865 0
-234395 1030 0
-234459 1 2 109 239
-234480 67108867 0
-234651 4129 0
-234756 1 1 6521
-234867 1048577 0
-235252 0 1 103
-235328 67108864 0
-235403 4 0
-235443 17 0
-235632 67108865 0
-235668 2049 0
-235763 8 0
-235812 4097 0
-235936 84410368 0
-236472 201359361 0
-236536 201326592 0
-236896 67108872 0
-236944 67141632 0
-237192 100663297 0
-237348 65 1 347
-237444 8193 0
-237468 13 0
-237648 67108865 0
-237712 69206016 0
-237732 9 0
-237771 257 1 911
-237948 1048577 0
-238008 201334785 0
-238063 262148 0
-238232 209715200 0
-238595 38 0
-238731 545 0
-238755 11 0
-238872 201327617 0
-238900 2 1 2389
-239100 3 1 797
-239140 10 0
-239236 0 0
-239260 6 0
-239472 67108865 1 1663
-239723 1608 0
-239859 257 1 919
-239952 67108865 0
-239979 1 1 167
-239987 8 0
-240256 67108864 0
-240272 67108864 0
-240288 67108865 0
-240323 256 0
-240376 201326592 0
-241091 64 0
-241192 101220356 0
-241368 205520897 0
-241571 8 0
-241928 100663296 0
-242040 201326595 0
-242091 1025 1 727
-242128 67109888 0
-242292 65537 0
-242448 67108865 0
-242835 3 0
-243088 67108864 0
-243171 2049 1 659
-243220 2 0
-243347 16 0
-243563 0 1 151
-243768 201326597 0
-243988 0 1 181
-244084 0 1 139
-244584 101715969 0
-244692 5 1 971
-244788 1 0
-245019 147585 0
-245259 37 1 229
-245475 3 1 1091
-245860 66 0
-245988 1 1 6833
-246259 80 0
-246652 132 0
-246880 67108866 0
-247012 1024 0
-247204 128 0
-247423 2097160 0
-247588 40 0
-247827 1 0
-247956 1 0
-248208 67108865 0
-248272 67141632 0
-248356 256 0
-249076 524288 0
-249124 65536 0
-249387 8388609 0
-249552 67108865 1 1733
-249672 117440513 0
-250264 201328644 0
-250648 209715296 0
-251112 100663297 0
-251352 201326593 1 3491
-251552 67108868 0
-251779 8200 0
-252035 70 0
-252348 33 0
-252619 768 0
-253264 67108872 0
-253371 1 0
-253696 67108864 0
-253892 0 0
-254811 1 1 157
-255072 67108865 0
-255195 16387 1 107
-255252 4194305 0
-255376 67108872 0
-255411 33809 0
-255539 8192 0
-255612 37 0
-255635 6402 0
-255723 3145745 0
-256059 129 1 1237
-256096 67125248 0
-256248 201326593 1 3559
-256667 12288 0
-256752 67108865 1 1783
-257056 67109120 0
-257404 260 0
-258016 67108872 0
-258184 100696064 0
-258280 100663306 0
-258459 16777217 0
-258915 2051 0
-259187 32896 0
-259272 100663313 1 277
-259368 117440513 0
-259539 37 0
-259972 0 1 103
-260020 2 0
-260232 100663301 0
-260368 67108864 0
-260571 1 0
-261315 3 1 5807
-261496 201326592 0
-261940 6 0
-261947 132 0
-262091 0 1 149
-262360 201326598 0
-262468 0 0
-262756 528 0
-262851 2049 0
-263211 49 0
-263392 67108864 0
-263435 41026 0
-263536 67108884 0
-263592 100663301 1 523
-263652 1 1 127
-263772 33 1 431
-263824 67108872 0
-263988 1 1 7333
-264124 4 0
-264220 10 0
-264504 201326593 1 103
-264544 67108868 0
-264580 2 0
-265156 0 1 151
-265272 201326597 0
-265380 3 0
-265444 0 0
-265504 67108864 0
-265643 4 1 137
-265715 66 0
-265755 7 0
-266019 81 0
-266056 100663300 0
-266211 9 1 2689
-266404 0 0
-266472 100663297 1 3701
-266555 4194306 0
-266595 7 0
-266795 2 0
-266980 6 0
-266987 4100 0
-267155 38 0
-267160 201326594 0
-267252 1 0
-267488 67108880 0
-267496 100663552 0
-267592 102760976 0
-267939 5 1 4253
-267988 36 0
-268452 1 1 7457
-268667 4 1 5483
-268788 17 0
-268968 100663301 0
-269224 101187584 0
-269263 8224 0
-269340 131075 0
-269507 4 0
-269652 129 0
-269688 201326625 0
-269768 100663296 0
-269988 1 1 149
-270012 1 0
-270288 67108865 1 1877
-270312 100663301 0
-270544 67109888 0
-270708 33 0
-270739 4 0
-270940 706 0
-271192 201326592 1 109
-271480 201326602 0
-271579 12 0
-271780 2 1 107
-272088 201326593 1 3779
-272220 19 0
-272704 67108864 0
-272772 1 1 7577
-272792 201396240 0
-272859 65 0
-272867 36 0
-273076 0 1 233
-273099 1 0
-273212 0 1 167
-273275 34 1 643
-273395 2 0
-273563 262144 0
-273648 67108865 0
-273923 80 0
-274888 100663296 0
-275112 100663297 1 3821
-275128 201326628 0
-275388 16385 0
-275392 67108880 0
-275715 11 1 557
-276348 1 0
-276388 4 0
-276832 67110912 0
-277011 5 1 4397
-277152 67108865 0
-277272 201326593 1 3851
-277392 67108865 0
-277403 132 0
-277596 9 1 701
-277715 131074 0
-277788 5 0
-277848 201326625 1 227
-278112 67108865 0
-278115 3 0
-278187 21 0
-278232 201326593 0
-278280 100663299 1 773
-278584 209715200 0
-278776 201326592 0
-278851 8224 0
-278931 1 1 109
-278963 2097152 0
-279208 100663328 0
-279915 3 0
-279952 67108864 0
-280011 1 0
-280032 67108865 0
-280852 24 0
-281307 17 0
-281460 3 0
-281499 1 1 103
-281620 2 0
-281712 67108865 0
-281824 67108864 0
-282395 2 0
-282651 262145 0
-282676 32 0
-282795 35 0
-282940 12294 0
-283179 16401 0
-283731 32773 0
-283780 6 0
-283899 13 0
-283971 1 1 103
-284451 16385 0
-284772 65 0
-284907 5 0
-284980 2 0
-285016 201326720 0
-285115 2 1 127
-285843 1 1 151
-286036 4096 0
-286312 100663312 0
-286320 67108867 0
-286408 100663296 0
-286539 73 0
-286635 8388611 0
-287112 100663301 0
-287115 3 0
-287187 257 0
-287296 67239936 0
-287320 201326602 0
-287868 133 0
-287892 9 1 727
-288148 2052 0
-288184 201326640 0
-288372 5 0
-288484 4 0
-288771 5 0
-289320 100663299 0
-289368 201326593 1 4019
-289552 67108864 0
-289611 5 1 4597
-289692 17 1 619
-290212 16 0
-290235 11 0
-290388 5 0
-290404 1048576 0
-290428 32 0
-290568 100663297 0
-290704 67108864 0
-290968 201327616 0
-291076 16384 0
-291252 17 0
-291288 201342977 0
-291379 8 0
-291552 67108865 0
-291915 19 1 499
-292744 100668544 0
-293163 17 0
-293259 131073 0
-293352 100663329 0
-293764 0 1 271
-294132 1 1 127
-294515 146 0
-294640 67109122 0
-294699 129 0
-294808 201330688 0
-295059 32769 0
-295188 33 0
-295480 207618050 0
-296052 1 0
-296164 16392 0
-296508 1 0
-297180 19 1 127
-297323 16 0
-297568 67108896 0
-297732 4097 0
-297939 65 0
-297979 8 1 103
-298251 513 1 1069
-298515 7 0
-299123 262152 0
-299272 100663296 0
-299412 1 1 8317
-299555 2 1 181
-299668 64 0
-299867 0 1 227
-300084 33 0
-300304 67108864 1 137
-300520 100663306 0
-300760 201850882 0
-300795 11 0
-300827 262208 0
-300828 20489 0
-301152 67108865 0
-301204 0 1 257
-301456 69206016 0
-301491 1 2 139 241
-301768 100794368 0
-301812 5 0
-301971 545 0
-302032 67112960 0
-302192 83886120 0
-302352 67108865 0
-302499 65857 0
-303064 201330688 0
-303100 6 1 433
-303184 67108868 0
-303304 100663808 0
-303496 100696064 0
-303595 2 0
-303947 4 1 6203
-304171 68 0
-304600 201326594 1 1523
-304708 32 0
-304768 67108864 0
-304804 0 1 181
-304827 4129 0
-305163 2049 1 827
-305179 4 0
-305435 1042 0
-305608 100663296 0
-305779 32 0
-305824 67108928 0
-306160 71307266 0
-306184 100663296 0
-306436 2359312 0
-306640 67108866 0
-307092 1 1 157
-307235 4098 0
-307336 100665344 0
-307448 201326592 0
-307643 262148 0
-307652 0 0
-307812 1 1 113
-308059 0 1 179
-308091 37 0
-308520 100663299 1 857
-308692 0 1 229
-308884 25088 0
-308955 4099 0
-309051 129 1 1493
-309088 67108880 0
-309232 67108876 0
-309244 80 0
-309660 19 0
-309856 67108992 0
-309972 17 0
-310216 100663328 0
-310248 100663809 1 139
-310251 65 0
-310276 0 0
-310512 67108865 0
-310672 67108864 0
-311115 7 0
-311592 100663297 0
-311723 2048 0
-311843 4 0
-311920 67108870 0
-311987 16 1 103
-312004 12 0
-312227 64 0
-312411 9 0
-312507 17 1 2671
-312540 3 0
-312571 4 1 6379
-312587 8 1 157
-312676 20 0
-312803 0 1 421
-312820 2 0
-312904 100663296 0
-313192 100663304 0
-313812 129 1 379
-314440 100663302 0
-314867 516 0
-314872 201326592 0
-314980 2 0
-315099 1 2 157 223
-315160 201326594 0
-315203 1028 0
-315328 67108880 0
-315347 8388608 0
-315363 513 0
-315443 0 1 331
-315651 5 0
-315832 209716232 0
-315859 640 0
-315939 17 0
-316099 4 1 6451
-316248 201326593 0
-316324 512 0
-316632 202375169 0
-316971 2049 1 859
-317268 5 1 1259
-317344 67117056 0
-317795 2 0
-317892 32769 0
-318180 3 0
-318280 101187586 0
-318340 10 0
-318819 1 0
-318867 1 1 157
-319144 100665348 0
-319368 100663301 0
-319860 3 1 1777
-320043 1 0
-320251 526336 0
-320691 5 0
-320872 100663360 0
-320920 201588738 0
-321035 26 0
-321696 67108865 1 1117
-321784 201851200 0
-321988 16777216 0
-322036 24 0
-322168 201326604 0
-322172 0 1 239
-322187 16384 0
-322548 1 0
-322803 4194833 0
-322819 4 1 107
-322900 2 1 3229
-323011 16 0
-323188 4096 0
-323536 67633152 0
-324072 100663301 1 643
-324139 160 0
-324168 100663313 0
-324171 1 2 181 199
-324220 4370 0
-324531 1 2 107 337
-324715 16777218 0
-324760 201326722 0
-325336 201326600 0
-325408 67108864 0
-325948 4 1 1663
-326172 13 0
-326176 67108864 0
-326451 1057 0
-326667 73 0
-327099 1 1 107
-327364 0 1 223
-327568 67141632 0
-327732 513 0
-328048 83886340 0
-328092 65 0
-328392 100663297 1 4561
-328452 16777217 0
-328912 67174400 0
-329224 100663300 0
-329380 4098 0
-329688 201326657 1 241
-330040 201327618 0
-330072 201326625 0
-330100 2 1 3301
-330180 3 0
-330979 8 0
-331131 129 0
-331144 100941832 0
-331156 4 0
-331684 16777216 0
-331860 3 0
-332028 129 1 401
-332040 100663299 0
-332128 75497472 0
-332448 67108865 0
-332491 0 1 233
-332512 67108864 0
-332608 67108864 0
-332740 2 1 127
-332747 2097216 0
-332772 9 0
-332952 201326593 0
-333144 201326597 1 661
-333372 17 0
-333411 2097169 0
-333424 67108884 0
-333579 1 1 251
-334084 32 0
-334308 17 0
-334371 1 1 227
-334419 65 0
-334523 4 1 6827
-334576 67108872 0
-334608 67108865 0
-334708 8 0
-334840 201326602 0
-334972 136 0
-335179 32976 0
-335211 257 0
-335355 1048579 0
-335379 9 0
-335451 513 0
-335736 201326593 1 4663
-335892 129 0
-335952 67108865 1 2333
-336340 131074 0
-336828 1 0
-336856 202377232 0
-337115 2 1 191
-337251 1048577 0
-337331 32 0
-337539 32769 0
-338368 67108896 0
-338691 289 0
-338760 100663299 1 941
-338812 262144 0
-338920 100664322 0
-339088 67108864 0
-339115 6 0
-339232 67108864 0
-339268 4194304 0
-339364 1024 0
-339748 0 1 157
-340219 8 1 157
-340360 100794370 0
-340488 100663297 1 4729
-340960 67108866 0
-341032 100671488 0
-341044 136 0
-341224 100663344 0
-341235 3 1 7583
-341488 67108868 0
-341728 67141632 0
-341979 4105 0
-341992 100663812 0
-342571 131072 0
-342939 1048577 0
-342963 16385 1 719
-343011 4097 0
-343260 3 1 1907
-343528 100663424 0
-343540 4194306 0
-343968 67108865 0
-344452 0 0
-344688 67112961 0
-345468 1 0
-345668 0 1 103
-345712 67111456 0
-345931 81920 0
-345952 67108928 0
-346371 1 1 263
-346452 1 0
-346947 1 1 109
-346948 4 0
-347332 262144 0
-347368 100663300 0
-347451 32785 0
-348528 67125249 0
-348568 201326632 0
-348727 0 1 241
-348832 67108872 0
-349152 67108865 0
-349252 0 0
-349308 513 1 313
-349348 0 0
-349467 65 0
-349531 148 0
-349587 517 1 179
-349692 133 0
-349755 7 0
-349768 100663296 0
-349924 0 0
-350091 5 1 5557
-351184 67117056 0
-351211 4 1 131
-351323 516 0
-351376 67108864 0
-351708 1064965 0
-352051 68 0
-352248 201326609 0
-352779 5 1 107
-352788 1 0
-353155 10 0
-353275 18 1 1087
-353475 3 1 1571
-353508 4194305 0
-353812 0 1 197
-354076 2080 0
-354628 0 0
-354939 81 0
-355336 100663296 0
-355648 67108864 0
-355755 1027 0
-356080 67108866 0
-356148 17 1 761
-356267 4194304 0
-356280 201326595 0
-356388 33 0
-356611 64 1 137
-356680 100664322 0
-356811 21 0
-356952 201326593 1 107
-356988 262145 0
-356992 67108864 0
-357160 100663298 0
-357203 12 0
-357219 65 1 2089
-357748 32 0
-357792 67108865 0
-357844 0 1 137
-357856 67125248 0
-357904 67108864 0
-358163 16 0
-358299 2049 1 971
-358332 17 0
-358659 5 1 5693
-358740 3 1 1993
-359008 67108880 0
-359475 3 1 4793
-359928 201326593 1 4999
-360160 67108866 0
-360168 100667393 0
-360196 32 0
-360220 2097670 0
-360340 4098 0
-360760 201326850 0
-360795 131075 0
-360819 8193 1 853
-360948 5 0
-361060 6 0
-361291 4 0
-361428 1 0
-361512 100663297 1 5021
-361788 557061 0
-362131 12 0
-362356 0 1 157
-362512 67108864 1 139
-362883 524289 0
-362980 2 0
-363192 201327617 0
-363588 2049 0
-363616 67108872 0
-363748 12 0
-364035 7 0
-364107 1 0
-364243 8 0
-364371 5 0
-364548 33 0
-364651 4 1 113
-364819 84 0
-365172 1 0
-365235 19 0
-365307 1 1 263
-365379 5 1 127
-365387 32776 0
-365392 67110912 0
-365451 65537 0
-365920 67108866 0
-366072 201326597 0
-366587 16 1 163
-366612 1 1 137
-366772 4 0
-366820 2 0
-366891 5 0
-366916 520 0
-366948 1 1 10193
-367008 67108865 0
-367288 201327104 0
-367523 48 0
-368020 2 0
-368067 37 0
-368212 8912912 0
-368328 100663297 1 103
-368344 201328640 0
-368452 4 0
-368475 35 0
-369003 1 0
-369492 2049 0
-369555 262147 0
-369660 16842755 0
-369843 77825 0
-370216 100663308 0
-370420 2 0
-370763 2048 0
-370840 201850882 0
-370912 67239936 0
-371243 128 0
-371272 100663304 0
-371568 67108865 0
-371635 266 0
-371668 8 0
-371688 100663329 0
-372192 67108865 0
-372252 131073 0
-372339 9 1 3761
-372408 201359361 0
-372432 67108865 0
-372760 201326594 0
-372947 0 1 149
-373179 65 0
-373384 100663304 0
-375316 16777216 0
-375400 100663298 1 1877
-375432 100663297 0
-375579 257 1 1439
-375592 100663364 0
-376212 1 1 107
-376288 67108872 0
-376827 73 0
-377435 322 0
-377476 136 0
-377611 528 0
-377652 9 0
-377860 6 0
-378040 201326610 0
-378088 100663296 1 167
-378355 514 0
-378436 1024 0
-378760 100663330 0
-379035 3 1 8423
-379059 257 0
-379288 201326612 0
-379432 100667392 0
-379552 67109120 0
-379651 0 1 443
-380488 100663296 1 199
-381052 516 0
-381172 8 0
-381192 100663301 0
-381459 17 0
-381832 100663304 0
-382020 3 0
-382240 67108866 0
-382624 67108872 0
-383067 513 1 1373
-383187 262149 0
-383412 4194305 0
-383860 34 0
-384123 193 0
-384168 100663297 0
-384772 768 0
-384795 35 1 503
-385108 4096 0
-385212 8193 0
-385348 0 0
-385396 72 0
-385611 33 0
-385651 1028 0
-385888 67109376 0
-386267 4 1 7883
-386368 67108864 0
-386475 3 1 5153
-386548 2048 0
-387016 100663300 0
-387435 131 0
-388420 2 0
-388948 260 0
-389067 8388613 0
-389728 67108928 0
-389820 4718595 0
-389832 100664321 0
-389908 0 1 107
-389920 67108866 0
-390203 72 0
-390243 5 0
-390352 67109376 0
-390408 100663297 0
-390435 3 0
-390712 201326596 0
-391008 67108865 0
-391164 1025 0
-391779 16777217 1 431
-391924 16 0
-392427 5 1 6229
-392992 67108864 0
-393040 67108898 0
-393139 128 0
-393148 68 0
-393220 2 0
-393411 262145 0
-393820 8388870 0
-393892 0 0
-394012 0 1 137
-394051 2052 0
-394475 514 1 509
-394696 100663296 1 103
-394771 16 0
-394779 13 0
-394788 1 1 167
-394864 67110272 0
-394920 100663299 1 1097
-395032 201457672 0
-395043 9 0
-395188 512 0
-395211 1 1 103
-395483 8 1 157
-395508 129 0
-395848 100663296 0
-395868 9 0
-395899 132 0
-396004 4 0
-396088 201326604 0
-396099 9 1 4001
-396112 67108928 0
-396400 67108866 1 991
-396568 201326656 0
-396747 17 1 3391
-396787 0 1 149
-397291 1056768 0
-397492 4096 0
-397659 83969 0
-398068 2097160 0
-398315 133378 0
-398427 32769 0
-398812 0 1 179
-398971 3072 0
-399003 9 1 107
-399072 67108865 0
-399112 100663300 0
-399184 67174400 0
-400096 67108864 0
-400267 4 1 211
-400528 67108864 0
-400683 129 0
-400888 201326592 0
-401160 100663299 0
-401416 100663296 0
-401592 201326849 0
-401811 1 1 151
-403348 4194312 0
-403443 129 1 1949
-403908 8388609 0
-404283 9 0
-404328 100663329 0
-404355 7 0
-404380 2 0
-404403 1 1 163
-404452 0 0
-404776 100663360 0
-404899 8 0
-404980 2 0
-405171 17 1 3463
-405192 100663297 0
-405496 201326612 0
-405528 201392129 0
-405832 100663300 0
-405923 4 1 103
-406011 97 0
-406072 201326592 1 193
-406240 67108866 0
-406624 75497472 0
-406840 201326598 0
-407235 35 0
-407499 2049 0
-407688 100663297 0
-407836 664 0
-408331 12 0
-408340 34 0
-408435 524291 0
-408499 131092 0
-408552 100663553 0
-408676 262144 0
-408712 100671488 0
-408987 257 1 1567
-409108 68 0
-409219 256 1 103
-409299 1048585 0
-409755 32771 0
-409888 67108864 0
-410632 100663296 0
-410908 4096 0
-411160 201326658 0
-412444 8388608 0
-412692 37 0
-412699 324 0
-412888 218628100 0
-413352 100663297 1 5741
-413379 129 1 1997
-413620 2 0
-413680 67108866 0
-413931 133 0
-414016 67108864 0
-414040 201326602 0
-414195 16387 0
-414408 100663809 0
-414739 65552 0
-414852 1 1 181
-415312 83886080 0
-415332 2097153 1 139
-416115 7 1 1321
-416128 67108864 0
-416272 67108864 0
-416308 0 1 199
-416656 67108864 0
-417048 201326593 0
-417796 0 1 149
-418099 8 1 191
-418107 1 0
-418228 64 0
-418435 16386 0
-418576 67108864 0
-419011 0 1 353
-419140 66 0
-419211 17 1 3583
-419259 1 0
-419332 1048576 0
-419611 32 0
-419764 32 0
-420051 1 1 163
-420192 67108865 1 1459
-420388 0 0
-420648 100663329 0
-421360 67108994 0
-421491 5 0
-422027 32896 0
-422260 4098 0
-422472 100663553 0
-422491 0 1 647
-422608 67174400 0
-422920 109051906 0
-422963 0 1 229
-423292 4224 0
-423312 67108865 0
-423712 67108864 0
-423723 1 0
-424120 201326722 0
-424275 3 1 5657
-424523 8 0
-425140 258 0
-425355 7 0
-425728 67108864 0
-425867 10288 0
-425992 100663300 0
-426064 67109376 0
-426083 4 0
-426100 2 1 4261
-426792 100663297 0
-426835 66 0
-427011 17 0
-427168 67108868 0
-427203 5 1 6781
-427531 16 0
-427651 4 1 199
-427744 67108864 0
-427819 4 1 8731
-427876 2048 0
-428179 4194336 0
-428320 67108866 0
-428403 65537 0
-429160 100663298 0
-429528 201326601 0
-430168 201326624 0
-430339 20 0
-430787 1050692 0
-430792 100663296 0
-431088 67108869 0
-431620 6 0
-431627 4 1 197
-431848 100663424 0
-432112 67108864 1 113
-432280 218103810 0
-432352 67141632 0
-432520 100663306 0
-433492 16778496 0
-433803 129 0
-433899 1025 1 1303
-434272 67110912 0
-434296 201326592 0
-434739 321 0
-435448 202391568 0
-435568 67108868 0
-435595 2 0
-435612 513 0
-435771 5 1 6917
-436368 67108865 0
-436515 3 0
-436540 524434 0
-436635 515 1 313
-436755 11 0
-437028 1048577 0
-437251 0 1 331
-437715 262147 1 137
-437739 1048577 0
-437755 258 0
-438120 100663299 1 1217
-438315 3 0
-438432 67108865 0
-439035 3 0
-439072 67108864 0
-439240 101711874 0
-439272 100663297 1 6101
-439515 3 1 9767
-439732 8192 0
-439840 67108866 0
-439939 0 1 173
-440008 100663296 0
-440011 56 0
-440275 10 1 1601
-440328 100663301 0
-440892 1025 1 331
-440968 100663304 0
-441028 68 0
-441112 201326596 0
-441243 9 1 4457
-441507 41 0
-441940 66 0
-442720 67108866 0
-442768 67108864 0
-443388 9 0
-443571 1 1 199
-444280 201326850 0
-444340 18 0
-444507 65541 0
-444819 513 0
-444843 133 1 307
-445155 32771 0
-445291 12 0
-446259 9 0
-446523 13 0
-446532 1 1 127
-446848 67108864 0
-446955 2097155 0
-447091 131072 0
-447619 2097152 0
-447739 0 1 389
-447748 4 0
-447832 201326604 0
-448900 131074 0
-449320 100671490 0
-449520 67108867 0
-449608 100667392 0
-449835 3 0
-449992 100663296 0
-450499 4 1 139
-450648 201326601 1 569
-450868 8 0
-451011 1048585 0
-451348 16384 0
-451635 3 0
-451947 1 0
-452283 17 0
-452380 2 0
-452571 133 0
-452715 3 0
-453268 8192 0
-453280 67108866 0
-453628 36 0
-453880 201326598 0
-454084 65536 0
-454552 201326596 0
-454643 4 1 107
-454696 100663304 0
-455172 2097153 0
-455187 1 0
-455592 100665345 0
-455772 65 0
-456067 1048704 0
-456123 1 0
-456388 262144 0
-456448 67108864 0
-456528 67108865 0
-456579 8388609 1 523
-457035 3 0
-457788 1 0
-457840 75530242 0
-458523 17 1 3919
-458848 67108880 0
-458931 9 0
-459012 257 0
-459496 100663360 0
-460299 133 0
-460372 8 0
-460419 1 1 167
-460660 514 0
-461115 3 1 10247
-462232 201326656 0
-462387 1048577 0
-463588 128 0
-463683 9 0
-464187 1 1 359
-464392 100663296 0
-464451 17 0
-464608 67108864 0
-464739 9 0
-464920 201359362 0
-465707 8 0
-466683 262149 0
-466852 0 1 127
-467292 5 0
-467772 33 0
-467811 32769 1 881
-468220 2050 0
-468280 201326722 0
-468928 67108896 0
-469035 7 1 1489
-469060 8194 0
-469072 67108928 0
-469312 67108864 0
-469660 130 0
-470115 515 1 337
-470548 16 0
-470608 67239936 0
-470659 262148 0
-470788 1024 0
-470979 4097 1 1217
-471355 514 0
-471592 100663432 0
-471648 67108897 0
-471760 67108866 0
-471795 262147 0
-471915 3 1 10487
-472195 2 0
-472283 147524 0
-472555 258 0
-472912 67108872 0
-473232 67108865 0
-473328 67108929 1 173
-473512 100663568 0
-473728 67108864 0
-473787 65537 1 863
-474076 128 0
-474091 0 1 127
-474243 13 0
-474292 20 0
-474408 100663305 1 599
-474915 7 0
-475204 0 0
-475248 67108865 0
-475408 67112960 0
-475588 0 0
-475720 100663302 0
-476379 2049 1 1291
-476572 0 1 283
-476643 1 0
-476787 1 1 103
-477467 0 1 367
-478360 201326594 0
-478432 67108864 0
-478827 2097153 1 641
-479067 16513 0
-479140 2 0
-479992 201326592 0
-480235 6 0
-480292 0 1 167
-480580 2 0
-480736 69206016 0
-480888 201326593 1 6679
-481539 1 1 151
-481891 8192 0
-481972 16777216 0
-482212 256 0
-482472 100663297 1 6701
-482512 67125248 0
-482515 522 0
-482568 100663297 0
-482643 8197 1 163
-482931 129 1 2333
-483688 100663296 1 103
-483712 67108864 0
-484131 1 0
-484395 4099 0
-484467 1 1 167
-484720 69730306 0
-484792 201326604 0
-485043 17 0
-485139 5243009 0
-485152 67108864 0
-485235 2051 1 263
-485412 65 0
-485620 2 0
-486387 41 0
-486507 5 0
-486547 2048 0
-486588 6273 0
-486979 640 0
-487492 131104 0
-487683 5 1 7741
-487720 104857602 0
-487768 201326656 0
-488092 8 0
-488307 1 1 139
-488308 4128 0
-488635 134 0
-488691 5 1 7757
-488787 2097169 0
-489088 67108864 0
-489387 1 0
-489508 16384 0
-489707 512 0
-490083 9 0
-490155 2051 0
-490707 5 1 7789
-491332 0 0
-491419 32 1 137
-491428 4 0
-491491 28 0
-491515 2 1 197
-491547 4194309 0
-491971 16777216 0
-492412 0 1 257
-492832 67108864 0
-492928 67108864 0
-493408 67108896 0
-493504 67108872 0
-493891 0 1 277
-494515 262150 0
-494728 101056528 0
-494824 100663304 0
-494955 35 1 647
-495235 82 0
-495259 65664 0
-495691 68 0
-495708 16777217 0
-495811 128 0
-496728 201326593 1 6899
-496752 68157441 0
-497172 17 0
-497308 4 0
-497508 9 0
-497627 16777232 0
-498628 4112 0
-499219 4 0
-499440 67108867 0
-499699 256 0
-500403 65 0
-500712 100663809 0
-500763 262145 0
-500868 1 1 13913
-500987 0 1 157
-501340 6 0
-501843 1 1 409
-502048 67109120 0
-502467 262149 0
-502939 4194304 0
-503008 67108872 0
-503152 67143696 0
-503232 67108865 0
-503752 100663296 0
-503899 72 0
-503908 0 1 263
-504028 8196 0
-504051 1089 0
-504355 66 0
-504595 22 0
-504827 8320 0
-504859 0 1 401
-504987 5 1 139
-505240 201326626 0
-505323 21 1 617
-506680 201342978 0
-507252 2049 0
-508152 201327105 0
-508971 1 0
-508995 3 1 11311
-509523 69 0
-509776 67108864 1 151
-510315 19 0
-510952 100663344 0
-511048 100663296 1 127
-511635 131 0
-511683 1048609 0
-511915 4098 0
-512208 67108865 1 3557
-512260 6 0
-512472 201326593 1 131
-512851 0 1 107
-513291 4225 0
-513339 1 1 137
-513492 5 0
-513867 1 1 103
-513928 100663296 1 227
-514155 3 1 151
-514392 201326593 0
-514411 1024 0
-514432 67108864 0
-514443 1 0
-514588 0 1 103
-514612 4 0
-514840 201392130 0
-515008 67108880 0
-515067 5 0
-515152 67108872 0
-515747 512 1 127
-516115 2 1 109
-516208 67108876 0
-516219 9 0
-516388 0 0
-516595 2 0
-516859 8196 0
-517395 35 0
-517683 1 0
-517731 577 0
-518308 4 1 107
-518787 32769 1 977
-519259 32784 0
-519880 100665346 0
-520323 1 1 251
-520408 201326596 0
-520459 512 1 103
-520540 34 0
-521488 67108872 0
-521955 7 1 1657
-522699 1057 0
-523128 201588737 0
-523408 67108864 0
-523792 67108928 0
-524067 524289 0
-524920 201326602 0
-525508 1048576 0
-525532 4 1 137
-525792 67108865 0
-525867 32769 0
-526043 4 0
-526552 203489296 0
-527163 21 0
-527643 129 1 2549
-527763 8257 0
-527955 65539 0
-527968 67108868 0
-528019 0 1 409
-528123 1 0
-528280 201334786 0
-528619 1044 0
-528747 9437313 0
-528819 33 0
-528987 1 0
-529488 67108865 1 3677
-529523 8404992 0
-530355 7 0
-530371 16384 0
-530512 67371008 0
-531195 7 0
-531315 3 1 11807
-531472 67141632 0
-532003 294912 0
-532060 1026 0
-532192 67108864 0
-532288 67108864 0
-532491 16417 0
-532552 100663296 0
-532563 1 1 167
-533043 5 1 8461
-533128 100663296 1 103
-533275 2097154 1 257
-533572 528 0
-533603 516 0
-533883 5 0
-534748 4096 0
-534928 67239936 0
-535060 514 0
-535132 2064 0
-535312 67108864 0
-535408 67108864 1 109
-535528 101187588 0
-535995 4099 1 277
-536008 100663304 0
-536595 2097155 0
-537235 2 1 139
-537328 67375112 0
-537955 10 0
-538099 64 1 127
-538243 0 1 631
-538312 100663296 0
-538531 4 1 107
-538552 201359364 0
-538648 201326600 0
-539235 131 1 521
-539284 256 0
-540052 4197376 0
-540339 2177 0
-540387 8388609 1 619
-540427 0 1 277
-540467 4096 0
-540603 5 1 8581
-540612 1 1 15017
-541288 100663304 0
-541467 33 1 3539
-541552 67108904 0
-541648 75497472 0
-541827 25 1 421
-542035 530 0
-542595 65539 0
-542952 100663297 1 7541
-543160 201327618 0
-543172 68 0
-543315 259 0
-543376 67108864 0
-543580 2 0
-543931 270336 0
-544072 100671488 0
-544203 137 1 239
-544755 131 0
-544915 6 0
-545020 38 0
-545488 67108864 1 103
-545560 201326722 0
-546340 32770 0
-546408 100663297 1 7589
-546568 100663304 0
-546931 12 0
-547083 4194305 1 683
-547099 4 0
-547219 2097216 0
-547315 8226 0
-547347 4097 0
-547684 0 1 269
-547779 1 0
-548368 67108864 0
-548508 4097 0
-548632 226492420 0
-549147 1 1 163
-549172 32784 0
-549411 4097 0
-549460 2097154 0
-549603 1048577 1 773
-549651 65 0
-549867 1 0
-551299 4 1 11251
-551307 1 1 127
-551752 100663328 0
-552147 133121 0
-552203 8704 0
-552435 19 0
-552651 9 0
-553480 117440514 0
-553512 100663297 0
-553611 1 1 109
-553828 2056 0
-553939 512 1 107
-554008 201326612 0
-554491 4 1 113
-554515 82 0
-555267 1 0
-555387 16389 0
-555832 201523232 0
-556387 16 1 127
-556420 4098 0
-556648 100663328 0
-556948 4 0
-557355 524291 0
-557428 2621568 0
-557512 100663296 1 227
-557628 513 0
-557680 67108866 0
-557755 10 0
-558019 12 0
-558132 1 0
-558160 67108866 0
-558699 331777 0
-558859 260 0
-559540 16777218 0
-559723 8192 0
-560112 67108869 0
-560403 262145 1 877
-560427 5 0
-561232 67108868 0
-562672 67109000 0
-562731 8209 0
-562947 13 0
-563088 67108865 0
-563491 0 1 163
-563763 1 0
-563995 2 0
-564083 16 0
-564091 72 0
-564292 0 0
-564468 33 0
-564699 65 0
-564723 33 1 3691
-564760 201326598 0
-564852 1 1 103
-565012 36 0
-565180 14 0
-565227 17 1 4831
-565587 265 1 197
-565963 0 1 167
-565992 100663301 1 1123
-566308 512 0
-566560 67108866 0
-567267 1 1 173
-567268 16 0
-567363 1 1 379
-567568 67108928 0
-567939 129 0
-568072 100663328 0
-568275 3 1 7577
-568395 35 1 743
-568587 1 0
-568683 1 2 179 353
-569155 4194306 0
-569283 25 0
-569320 100667394 0
-569475 3 1 2531
-569779 132 0
-569883 1 0
-570307 512 0
-571323 1 1 157
-571507 0 1 353
-571707 1 2 139 457
-571768 201326592 0
-572128 67108928 0
-572155 2050 0
-572539 524936 0
-573067 32776 0
-573187 0 1 229
-573412 4 0
-573651 17 1 4903
-574408 100663360 0
-574707 5 0
-575320 201326658 0
-575632 67108864 0
-576243 4097 1 1489
-576451 0 1 257
-576595 2 0
-576723 261 0
-577468 512 0
-577555 10 0
-577923 65 0
-578452 524292 0
-579051 9 1 5849
-579315 11 0
-579387 1 1 151
-579808 67108864 0
-579835 4194306 0
-580188 5 0
-580948 0 1 311
-581368 201326592 0
-581419 262208 0
-581787 1 2 127 509
-582483 73 0
-582628 0 1 113
-583107 5 0
-583528 100663368 0
-583672 201326592 0
-584131 128 1 109
-584248 201326596 0
-586155 131 0
-586531 262152 0
-586651 16 0
-586891 1048800 0
-588123 16777217 1 647
-588235 262146 0
-588387 2097185 0
-588643 32776 0
-589072 67108872 0
-589195 2 0
-589443 65537 0
-589444 4224 0
-590163 5 1 157
-590272 67108992 0
-590275 6 1 3373
-590507 262144 0
-590715 3 1 13127
-591267 1 0
-591307 8320 0
-591475 32770 1 401
-591507 2053 1 229
-591547 8 0
-591931 0 1 193
-592120 201326594 1 113
-592228 20 0
-592540 20498 0
-592948 0 1 271
-593355 7 0
-593523 5 1 9421
-593883 193 1 151
-593992 100663300 0
-594148 0 0
-594235 34 0
-594315 8195 1 281
-596299 8 1 151
-596355 2097155 0
-596632 201328672 0
-596907 257 1 2287
-597748 256 0
-597883 1048 0
-598312 100663320 0
-598515 3 0
-598555 32770 0
-598635 16387 1 251
-598827 8705 0
-599608 201326592 1 241
-599731 8 0
-600292 12 0
-600907 0 1 233
-601348 1048584 0
-601848 201326609 1 643
-602043 4113 0
-602232 201326721 0
-602763 5 0
-603172 16777216 0
-603232 67108868 0
-603643 2048 0
-603688 100696064 0
-604435 50 0
-606040 201326594 1 109
-606411 786449 0
-606691 16384 0
-606859 4104 0
-606915 3 1 13487
-607888 67108864 0
-608419 132 0
-608547 1 1 109
-608920 201326610 0
-609187 0 1 421
-610240 67108866 0
-610528 67108864 0
-610707 1 0
-610888 100663360 0
-611731 128 0
-611995 2 0
-612088 201326592 0
-612628 128 0
-612723 1 1 167
-612760 201326594 0
-612955 2097158 0
-613083 1 0
-613459 524 0
-613972 32 0
-614635 38 0
-614692 16 0
-615112 100663424 0
-615115 4098 0
-615123 2049 1 1667
-615235 258 0
-616195 2 0
-616483 4 0
-616771 65536 0
-616792 201330696 0
-617227 1048592 0
-617283 1 2 107 641
-617488 67108864 0
-617668 0 0
-617851 16 0
-618091 524288 0
-618123 9 0
-618715 290 0
-619432 100663304 0
-620092 40 0
-620307 1 2 157 439
-620992 67109376 0
-621112 201326624 0
-621115 138 0
-621363 1 0
-621595 524306 0
-622083 13 0
-622395 3 1 13831
-622792 100663296 0
-623067 97 0
-623883 49 0
-624352 67108864 1 109
-624499 16384 0
-624592 67108864 1 103
-625083 1 1 139
-626083 128 1 163
-626620 8388706 0
-626872 201326592 1 127
-627652 0 0
-627715 16777226 0
-628035 3 1 149
-628048 67108896 0
-628531 12288 0
-628643 32 0
-629128 100663360 0
-629155 258 0
-629419 4 0
-629608 100663300 0
-629643 5 0
-629947 65664 0
-630323 512 0
-630355 524298 0
-630520 201326602 0
-630643 16 1 139
-630820 2 0
-631795 2 0
-632419 0 1 269
-632635 258 0
-633052 132 0
-633363 65537 0
-634720 67108866 0
-634827 65537 0
-635395 2 0
-635908 20 0
-636747 65 0
-636772 0 0
-637515 515 1 457
-637648 67108872 0
-638152 100663296 0
-638667 257 1 2447
-638707 32 0
-638752 67108864 0
-639003 513 0
-639195 4099 0
-639291 1 0
-639355 262146 0
-639747 513 1 2293
-640368 67108865 1 4447
-640603 0 1 751
-640971 1 2 229 311
-641043 17 1 5479
-642688 67108864 0
-642811 16 1 197
-643168 83886080 0
-643531 4 1 149
-643812 17 0
-644128 67108864 0
-644680 100925442 0
-644932 0 0
-645211 4 0
-645483 1 0
-646048 67108880 0
-646227 32769 1 1217
-646419 4097 0
-646612 1056 0
-646651 0 1 293
-646900 2 1 6469
-646915 2 1 109
-646923 1 1 223
-646948 0 1 197
-647491 16 0
-647923 2048 0
-648147 2097217 0
-648292 165888 0
-648451 64 0
-649660 10 0
-649828 0 0
-650067 9 0
-650115 3 1 14447
-650148 33 0
-651235 4114 0
-651315 7 0
-651352 201326608 0
-651387 9 0
-651592 101711872 0
-652192 71303168 0
-652348 262144 0
-652372 132 0
-652483 16400 0
-653907 1 0
-654115 14 0
-654147 17 1 5591
-654627 513 0
-654667 16 0
-654880 67108866 0
-656475 3 1 8753
-656643 17 1 113
-656835 3 0
-657115 66 0
-657435 2051 0
-657448 100663816 0
-657532 4194304 0
-657808 67108864 0
-657988 0 1 271
-658147 4 1 167
-658947 1 0
-659155 1030 0
-659548 131200 0
-659667 1 0
-659848 100663300 0
-660027 1 0
-660187 8 0
-660388 256 0
-660475 258 1 911
-660723 524293 0
-661948 8196 0
-662068 2056 0
-662292 1 1 18397
-662403 5 0
-663580 2 0
-664288 67108864 0
-664372 132096 0
-664840 100663306 0
-664915 262146 0
-665427 5 0
-667032 201326593 0
-667563 17 0
-670203 1 2 113 659
-670795 194 0
-671092 262176 0
-671755 38 0
-671812 0 0
-672267 129 0
-672475 1026 1 727
-672571 32 0
-672592 67108864 1 127
-672715 2097154 0
-672952 201392132 0
-673435 262150 0
-674011 16 1 139
-675475 2050 1 659
-675723 1 0
-675928 201326600 0
-677188 1048576 0
-677392 67108864 0
-677635 70 0
-678808 201392144 0
-679459 72 0
-679515 4194307 0
-679932 16777257 0
-680572 256 0
-680787 131073 1 1129
-680843 8388608 0
-681268 260 0
-681547 8224 0
-681867 1 2 239 317
-682203 129 0
-682707 1 0
-682852 16384 0
-683067 13 0
-683512 201326592 0
-683707 0 1 433
-684043 128 0
-684627 65 0
-684688 67108864 0
-685792 67109120 0
-685795 1034 0
-686227 256 0
-686883 1 0
-686992 67108864 0
-686995 2 0
-687772 0 1 139
-687915 3 1 15287
-687988 4 0
-689812 512 0
-690267 1 0
-692787 1 0
-694563 1 1 127
-695883 1 0
-696532 131200 0
-696568 201326592 0
-697803 1 1 163
-697972 264 0
-698932 16 0
-699843 1 1 263
-700060 262434 0
-700347 8193 0
-701668 1032 0
-702340 2 0
-702747 1 2 113 691
-704368 67108932 0
-704883 1 0
-704907 131077 1 167
-704971 512 0
-705859 4194316 0
-706243 0 1 167
-707371 4 1 139
-707523 33 0
-708040 100663810 0
-708472 202408000 0
-709108 256 0
-709192 100663304 0
-709387 4 0
-709468 0 1 193
-709515 3 1 15767
-709747 8192 0
-709828 16777220 0
-710308 0 1 239
-710920 100663302 0
-711003 1 1 347
-711172 12 0
-711592 109051908 0
-712195 138 0
-712947 131073 0
-713403 513 1 2557
-713568 67108865 0
-713803 0 1 691
-714568 100663296 1 179
-714723 65 0
-715219 4096 0
-715432 100664320 0
-715528 100671496 0
-717112 201326856 0
-717163 128 0
-717283 4100 0
-717843 5 0
-718048 67108928 0
-719392 67108864 0
-719515 2 1 151
-719907 1 1 317
-720363 5 0
-720867 5 0
-720892 0 1 229
-721515 3 1 103
-721587 513 0
-721912 201326592 0
-721947 129 0
-722068 8388608 0
-722827 516 0
-722883 261 0
-723339 1 2 179 449
-723619 16 0
-723640 202375170 0
-724171 4 1 14779
-724347 2065 1 151
-724507 2101508 0
-724603 72 0
-725043 9 1 127
-726115 18 0
-726403 0 1 733
-726532 1024 0
-726547 640 0
-726672 67108865 0
-726979 8 0
-727059 65793 0
-727819 0 1 389
-728395 2 0
-728427 5 0
-728923 8208 0
-729208 201326592 0
-729499 65536 0
-729628 8192 0
-729892 0 0
-730243 32768 0
-731032 201326976 0
-732403 4 1 14947
-732691 0 1 439
-733683 1 0
-733912 201326592 1 199
-734715 259 1 563
-734848 67108864 0
-735172 65664 0
-735355 65538 0
-735603 9 0
-736939 4 0
-737115 3 1 157
-738123 2081 0
-738292 0 1 379
-738667 32 0
-739555 2 1 211
-739795 134 0
-739803 65 0
-740163 161 0
-740523 5 1 179
-740968 100663424 0
-741715 18 0
-742588 12 0
-743659 644 0
-743995 262 0
-745035 3 0
-745203 1 0
-745528 201326596 0
-746272 67108864 0
-746491 16777280 0
-747091 0 1 347
-747403 64 1 139
-748192 67108864 1 103
-748707 1 1 103
-748768 67108864 0
-748792 201457672 0
-749235 3 1 199
-749907 8388609 1 859
-751195 2 0
-751492 4 0
-751563 1 2 113 739
-752152 201326592 1 149
-752323 24 0
-752392 100663296 0
-752539 32 0
-752763 9 0
-753027 73 0
-753403 4100 0
-754243 16452 0
-754795 2 0
-755787 1 1 191
-755848 100663296 1 107
-756931 262148 0
-757828 8448 0
-757867 8 0
-758212 20 0
-760552 100925456 0
-760852 131104 0
-761667 1 1 307
-761827 8 0
-762043 262144 0
-762267 9 0
-762883 8 1 223
-763203 5 0
-763651 4 1 127
-763947 257 1 2927
-764635 65666 0
-764731 72 0
-765451 262144 0
-766603 1024 0
-766707 65 0
-766852 8192 0
-767068 64 0
-767848 100665344 0
-768355 262 0
-769035 3 1 167
-769972 4 1 107
-770467 0 1 197
-771100 10 1 701
-771307 32800 0
-772563 2057 0
-772579 0 1 193
-772720 67108882 0
-773067 1 0
-773707 1032 0
-773931 1 1 107
-774163 560 0
-775072 67125248 0
-775083 33025 0
-775923 8193 0
-777172 40 0
-777595 22 0
-777940 8388610 0
-778227 1 1 149
-779035 1026 0
-779067 1 2 107 809
-780715 18 0
-780928 67108864 0
-780955 16390 0
-781435 2 1 373
-782488 205520900 0
-782563 0 1 163
-783808 67109888 0
-784003 8 1 263
-784459 16 0
-784708 0 0
-785128 100663456 0
-785992 100663360 0
-786472 100664320 0
-786867 524289 0
-787147 256 0
-787395 7 0
-788715 35 1 1031
-788907 5 0
-789835 8194 0
-789963 65 0
-790420 2 0
-791032 222298120 0
-791659 1048584 0
-791763 1029 0
-792928 67371008 0
-792988 4 1 127
-793060 66 0
-793072 76021764 0
-794107 256 1 139
-794908 3072 0
-795147 1 1 127
-796747 4100 0
-798123 4225 0
-798267 1 0
-799411 128 0
-800272 67108872 0
-800395 2 0
-800755 66 0
-800947 516 0
-801091 32 0
-801760 67108866 0
-802792 100663424 0
-802939 266240 0
-804052 32768 0
-804475 6 1 4597
-804507 9 0
-804819 32769 0
-804952 201326592 1 239
-805291 32768 0
-805732 2080 0
-805915 10 0
-805987 52 0
-807412 262144 0
-807507 2105473 0
-807640 201392130 0
-808507 68 0
-809395 2 0
-809659 8388640 0
-809908 1048584 0
-812452 128 0
-813043 12 0
-813307 8 1 107
-813403 0 1 233
-814443 5 0
-814515 19 0
-815067 9 1 8233
-815227 4 0
-815707 0 1 239
-815992 201326592 0
-816435 3 1 18143
-817048 201353216 0
-817627 192 0
-818251 4 1 16699
-820107 1 2 293 311
-820315 2 1 359
-820768 67108880 0
-821283 513 0
-822843 1029 1 353
-823288 201326592 0
-823435 1026 0
-824427 8193 1 1949
-825091 262144 0
-825163 32 0
-826003 0 1 229
-826243 520 0
-826771 8 0
-827128 201326592 0
-827248 67108864 1 149
-827667 2049 1 2243
-828475 514 1 1069
-828832 67141632 0
-829012 128 0
-829027 64 0
-829315 8194 0
-830032 67108868 0
-830643 9 0
-830715 3 0
-831403 131072 0
-831523 12 0
-831595 2 0
-832323 8193 0
-832888 201326596 1 107
-835323 1 1 383
-835587 1 2 227 409
-837475 2 2 139 241
-838267 0 1 607
-838435 18 0
-840123 97 0
-840147 13 0
-841432 201326752 0
-842403 65 0
-843208 100663296 0
-844147 0 1 139
-845467 4 1 269
-847027 0 1 347
-847323 513 1 3037
-850180 2 0
-850747 8320 0
-851272 109051904 0
-851680 67108866 0
-852283 576 0
-852483 1 0
-853252 64 1 103
-853435 32778 0
-853803 65 1 4993
-853867 4 1 223
-854715 67 0
-855355 290 0
-855688 100663296 0
-857728 67108864 0
-858027 1 0
-858475 130 1 1493
-858715 26 0
-859587 1 1 349
-859588 32 0
-860043 36865 0
-861172 16 0
-861448 100663300 0
-862288 67108868 0
-863203 8388616 0
-863608 201326592 0
-863643 9 0
-864715 2 1 163
-866523 5 0
-867315 131075 0
-868315 6 0
-868707 5 1 13789
-869883 133 0
-869968 67108872 0
-871612 4 1 4447
-871819 16 1 199
-873147 9 0
-873187 1048580 0
-873307 8224 0
-873987 33 0
-874083 5 1 107
-875275 2 2 157 223
-875587 128 0
-875707 4 0
-876088 201328640 0
-876627 1 2 257 379
-878187 1 1 199
-878347 128 0
-878587 0 1 167
-881008 68159520 0
-881107 384 0
-881392 67109376 0
-881787 133121 0
-882427 20 0
-883072 67108864 0
-884163 262149 0
-884467 135168 0
-886888 100696064 0
-887128 201326632 0
-887427 1 2 151 653
-889072 67108864 1 181
-890043 13 0
-891388 128 0
-891412 32 0
-893608 100663360 0
-893908 0 1 199
-894160 67108866 0
-894532 0 0
-894931 65568 0
-895192 201326592 1 149
-895435 16898 0
-895827 129 0
-896203 12 1 103
-896659 786432 0
-897043 4 1 18307
-897523 8 1 139
-898528 67112960 0
-898683 1 1 463
-899523 4194305 1 1123
-900403 4 0
-900475 2 2 181 199
-902203 0 1 421
-902763 1025 1 2711
-903835 2 1 163
-904563 9 1 9137
-904891 8208 0
-904963 0 1 173
-905179 327752 0
-905907 131073 0
-906003 524293 1 197
-906172 16777216 0
-906787 4 1 281
-907012 0 0
-907027 8 0
-907432 100663808 0
-909052 2176 0
-909427 16384 0
-909667 2056 0
-910947 1 0
-911163 9 0
-911835 131 1 881
-912643 0 1 317
-913672 100663360 0
-915832 201326592 0
-916747 8388624 0
-918747 4195841 0
-919395 3 1 20431
-920392 100663304 0
-922219 262656 0
-924427 2052 0
-926115 259 0
-926683 512 1 167
-926788 0 1 223
-927928 201326624 0
-927987 1 1 181
-928288 67108864 0
-928579 8320 0
-928627 4 0
-928915 530 0
-931987 4 1 211
-932523 1 1 163
-933595 16402 0
-933892 128 0
-934563 5 1 191
-934843 20 0
-935227 0 1 181
-936723 1 0
-937843 512 0
-938667 1 1 139
-939523 16 0
-940795 2 0
-941395 22 0
-941523 9 1 103
-942523 0 1 109
-943072 67108880 0
-943915 6 1 149
-944248 201343008 0
-945427 4 1 131
-945627 1 1 383
-945795 35 0
-946627 8200 0
-947332 8192 0
-948123 65545 1 157
-949683 2053 0
-949795 14 0
-951267 1 0
-952252 262148 0
-952708 4352 0
-953115 3 0
-953323 4 0
-954835 6 0
-955315 34 0
-955563 5 0
-956307 9 0
-956755 2 1 179
-958035 51 0
-958507 1048584 0
-959392 67108868 0
-964048 71303168 0
-965248 67108864 0
-965515 1058 0
-965668 40 0
-966243 49153 0
-966739 526432 0
-967635 3 1 21503
-968203 0 1 757
-968212 4 1 151
-969028 0 0
-969523 2097152 0
-969928 100663808 0
-971392 67108864 0
-971763 17 0
-972148 8192 0
-972475 6 1 5557
-973243 0 1 157
-973732 0 0
-975283 5120 0
-975363 1 1 139
-975667 12 0
-976683 1 1 379
-977320 100679682 0
-979168 67109888 0
-982468 32896 0
-982987 0 1 113
-985252 32 0
-988912 67108928 0
-988915 8388610 0
-989032 100663304 0
-989692 2097160 0
-990091 65536 0
-990355 2050 0
-991435 2097154 0
-992275 66 1 2089
-994195 2 0
-994507 0 1 499
-994648 218103808 0
-995083 0 1 103
-995275 2050 1 971
-996363 1 2 149 743
-996483 1 0
-997672 100679696 0
-998995 2 0
-999867 2057 0
-1000267 0 1 191
-1002283 16384 0
-1002808 201326592 1 103
-1003171 16 0
-1003195 2 0
-1005123 133 0
-1006083 17 1 8599
-1006168 201326592 1 173
-1006203 9 0
-1006555 10 0
-1007035 4719106 0
-1007539 8396848 0
-1007752 100663296 1 103
-1007763 1 1 283
-1008987 133 0
-1009267 516 0
-1010827 262272 0
-1010947 4 1 139
-1011571 8 0
-1011595 1048594 0
-1012795 70 0
-1014307 8196 0
-1016803 0 1 569
-1017163 4 1 331
-1017835 22 0
-1019083 16 1 277
-1019187 529 1 281
-1020292 20 0
-1020867 1057 0
-1023787 4352 0
-1026235 6 1 109
-1026628 128 0
-1031067 161 1 293
-1032283 4 1 21067
-1032355 8322 0
-1033243 32 0
-1034275 10 1 3761
-1035808 67108864 0
-1040995 1058 0
-1041595 2 0
-1041748 0 1 137
-1041987 1 0
-1043275 258 1 1439
-1044388 0 1 191
-1045195 2 0
-1046035 2 1 131
-1049323 8 0
-1049812 128 0
-1050427 4 0
-1050907 24 0
-1050987 5 0
-1051780 4098 0
-1053787 8196 0
-1054923 524289 0
-1054963 20 0
-1056067 0 1 521
-1056595 2 0
-1056808 100696064 0
-1057203 8388613 1 173
-1057243 8 1 223
-1058128 67110912 0
-1059027 1 1 223
-1060267 16 0
-1060312 201326600 0
-1061643 16393 0
-1063099 524288 0
-1063707 33 0
-1064308 4 0
-1065507 1 1 173
-1065955 10 0
-1066603 524352 0
-1066747 1032 0
-1066795 2 0
-1068907 4 1 311
-1069243 4 1 103
-1069348 4 1 181
-1069720 201334786 0
-1069828 262144 0
-1071835 8194 0
-1074547 0 1 127
-1076035 2 1 307
-1076395 2 0
-1077052 8224 0
-1078555 2 1 109
-1078627 8 0
-1078963 0 1 857
-1082427 513 1 103
-1082788 4 0
-1084612 0 1 263
-1085155 514 0
-1085715 131 1 1049
-1088011 0 1 227
-1088275 16777218 1 431
-1089547 32 0
-1091512 201330752 0
-1091643 5 1 227
-1092763 4 0
-1093227 1 1 307
-1094907 9 0
-1098091 4096 0
-1099347 32769 0
-1100275 10 1 4001
-1101027 513 0
-1102315 2 1 113
-1107043 4 1 167
-1107268 0 0
-1107507 1 0
-1108243 0 1 239
-1109635 130 0
-1110187 1056912 0
-1110328 201334784 0
-1110715 2 1 193
-1111707 16777217 1 1223
-1112395 162 0
-1113835 4194306 0
-1114963 256 0
-1116355 258 0
-1116763 16448 0
-1117963 12 0
-1118968 201326592 0
-1119603 289 0
-1120987 4 0
-1121092 4 0
-1122867 2081 1 179
-1123315 65794 0
-1125475 18 1 3463
-1125547 0 1 827
-1126003 0 1 137
-1126203 131089 0
-1130068 8192 0
-1131355 66 0
-1133923 132 0
-1135467 1048577 1 1597
-1135803 1 0
-1138432 67108864 0
-1139323 288 0
-1141627 0 1 173
-1141723 8 1 271
-1141827 32769 0
-1144963 131200 0
-1145643 16777281 0
-1147315 82 0
-1148275 130 1 1997
-1149115 42 0
-1150132 2048 0
-1150723 4100 0
-1151107 17408 0
-1154587 4 1 23563
-1155547 1024 0
-1157947 4100 0
-1162987 292 0
-1164475 18 1 3583
-1167387 1041 0
-1167499 0 1 109
-1169067 129 0
-1170379 4 0
-1175995 2 0
-1176235 2 1 367
-1177408 67108864 0
-1178248 100663808 0
-1178443 1048580 0
-1180587 8388609 0
-1181227 262144 1 127
-1181427 17 0
-1181728 67108864 0
-1181947 163984 0
-1182595 2 0
-1186987 64 0
-1188187 28 0
-1189819 1048576 0
-1189963 0 1 353
-1189987 131072 0
-1191955 1058 0
-1193467 8 0
-1195195 194 0
-1197112 201326596 0
-1197403 1048704 0
-1198803 1 0
-1202467 4 1 283
-1205275 1026 1 1303
-1210147 512 1 103
-1210168 201326720 0
-1211043 1 0
-1213227 129 1 5861
-1214803 96 0
-1215355 514 0
-1216723 128 0
-1218387 1 1 103
-1218835 4098 0
-1218907 64 0
-1219603 8204 0
-1220443 4 1 24907
-1222363 0 1 397
-1223347 128 0
-1224507 1 0
-1225492 512 0
-1226467 8 0
-1227523 8 0
-1227835 6 0
-1227843 1 2 227 601
-1229035 2 1 373
-1230483 16777729 0
-1230763 64 1 211
-1231315 4194306 0
-1231323 1025 0
-1233163 32 1 251
-1235067 65569 0
-1235635 2 1 421
-1236907 4 1 25243
-1237243 1060 0
-1237555 10 0
-1240915 50 0
-1243627 524 0
-1243867 0 1 337
-1244467 4 1 139
-1244763 17 1 10639
-1246147 4 0
-1248592 67633152 0
-1250467 0 1 349
-1250587 16 0
-1251523 52 0
-1254163 33024 0
-1255363 128 0
-1255555 262 0
-1255563 65537 1 2287
-1256728 201326600 0
-1262227 576 0
-1263283 4 1 251
-1264323 1 1 151
-1264963 68 0
-1265803 44 0
-1267203 5 0
-1268275 8388610 1 523
-1269403 20480 0
-1275787 128 0
-1277907 33 0
-1278067 4 1 26083
-1278355 262162 0
-1279243 4 1 26107
-1281963 1 1 331
-1284628 64 0
-1285915 4098 0
-1287115 2 1 137
-1291243 640 0
-1293043 0 1 317
-1293147 16385 1 2711
-1293187 1028 0
-1294603 65600 0
-1295155 2 1 431
-1297587 32769 0
-1298523 1048577 0
-1299435 3 0
-1299475 32770 1 881
-1299907 4 1 233
-1300707 4097 1 3361
-1301668 2048 0
-1302403 512 0
-1306123 532 0
-1306627 524292 0
-1308043 8 0
-1308483 9 1 13217
-1309771 0 1 809
-1310107 16448 0
-1310395 2 0
-1310731 262144 0
-1310827 4 1 271
-1314723 1 0
-1317387 1 1 157
-1318027 68128 0
-1318867 8200 0
-1319827 1024 0
-1321923 1 0
-1325283 129 0
-1327243 256 0
-1330483 1036 0
-1331752 100728832 0
-1331803 2056 0
-1332403 8192 0
-1335787 8396800 0
-1338547 4100 0
-1340035 2097154 0
-1340971 0 1 113
-1341475 130 1 2333
-1342555 8450 0
-1342587 1 1 311
-1343587 4 1 367
-1343707 4096 0
-1343827 0 1 811
-1351603 328 0
-1351707 5 1 191
-1352707 8224 0
-1354203 16417 1 167
-1359763 16777216 0
-1359955 2097410 0
-1360387 4 1 27763
-1360627 0 1 239
-1361683 32 1 173
-1368115 6 0
-1369267 65536 0
-1370107 512 1 193
-1370755 8258 0
-1371715 2 1 251
-1373827 532 0
-1374963 129 0
-1375627 1048584 0
-1375795 2 0
-1378723 0 1 503
-1383627 2053 0
-1386763 4 0
-1389243 1 1 571
-1390867 1024 0
-1393483 20 0
-1394227 786432 0
-1394908 0 1 241
-1397803 2097160 0
-1397827 8192 0
-1399267 0 1 941
-1403347 8 1 113
-1404043 64 0
-1404907 4 1 419
-1405555 2 1 109
-1410115 6 0
-1410963 1 1 137
-1415395 2 0
-1418883 8449 0
-1419355 6 1 107
-1420827 1 1 137
-1421707 2097156 0
-1423027 1048576 0
-1429723 0 1 593
-1437955 2 1 139
-1440187 4 1 283
-1443643 262144 0
-1447051 4456448 0
-1450603 12 0
-1452523 256 0
-1452643 0 1 109
-1458627 1 1 601
-1458867 129 0
-1460635 10 0
-1460683 262148 0
-1460827 32 0
-1462363 644 0
-1462827 1 1 283
-1463707 4 1 211
-1464387 193 0
-1464643 2048 1 139
-1468987 176 0
-1469203 262144 0
-1472395 2 0
-1480867 0 1 179
-1481995 69634 0
-1486048 67108864 0
-1501963 32768 0
-1503595 2 0
-1505067 1 1 367
-1510723 512 0
-1515787 20 0
-1515907 160 0
-1516123 32772 0
-1517947 288 0
-1518003 1 2 151 1117
-1524187 132 0
-1529203 1048592 0
-1542027 1 0
-1549723 4 1 31627
-1551355 274 0
-1556683 0 1 449
-1558027 0 1 107
-1559803 4 1 443
-1574203 0 1 113
-1576387 0 1 223
-1578427 33280 0
-1579147 96 0
-1580083 65536 0
-1583635 546 0
-1584907 128 0
-1589947 16384 1 131
-1591027 2097408 0
-1592827 64 0
-1593475 18 1 4903
-1593547 2048 0
-1595563 1048640 0
-1595707 524288 0
-1603603 0 1 557
-1604227 192 0
-1606147 0 1 463
-1607587 0 1 487
-1608475 10 1 5849
-1612843 16384 0
-1622203 4194312 0
-1622307 1 0
-1624683 163841 0
-1625563 16384 0
-1626787 8389120 0
-1633963 0 1 131
-1637395 2 0
-1637923 4 1 33427
-1640683 8 0
-1644427 32 0
-1647328 67108864 0
-1651147 128 0
-1656715 2 1 127
-1663803 1 2 223 829
-1663915 10 0
-1664587 0 1 241
-1669123 0 1 113
-1669915 146 0
-1670323 0 1 157
-1673443 0 1 317
-1678747 132 0
-1682347 0 1 281
-1685803 4 0
-1688227 0 1 431
-1695835 262178 0
-1704235 18 1 157
-1707283 32832 0
-1708947 1 2 317 599
-1711507 4 1 139
-1711803 1 0
-1711963 8 1 103
-1713163 4096 0
-1714603 16424 0
-1733467 0 1 239
-1736035 6 1 193
-1751107 256 0
-1752067 262144 0
-1769467 4 1 113
-1773667 4 0
-1775467 256 0
-1779523 2048 0
-1783147 32 0
-1789627 4 1 36523
-1792627 12288 0
-1794643 1048576 0
-1795003 4 1 149
-1795467 1 0
-1796587 16 1 113
-1804147 0 1 1259
-1809067 131600 0
-1809283 4 0
-1811947 0 1 821
-1814563 32 0
-1819027 4 1 37123
-1819147 32776 0
-1820707 260 0
-1820995 10 1 113
-1822723 16420 0
-1830907 16 0
-1831195 2 0
-1840147 1048576 0
-1844803 0 1 499
-1847203 32 1 193
-1849387 6144 0
-1857307 131136 0
-1863955 16777218 0
-1868227 0 1 173
-1878307 0 1 139
-1888243 4 0
-1889827 2097152 0
-1891723 0 1 571
-1900243 32 0
-1906507 1048576 0
-1916803 196612 0
-1917883 1048584 0
-1935427 144 0
-1948003 32768 1 137
-1954243 0 1 227
-1956355 2 1 521
-1962907 4096 1 191
-1974043 64 1 107
-1983067 32 1 157
-2000667 1 0
-2007163 16384 0
-2009275 2 2 179 449
-2012803 336 0
-2017387 33280 0
-2026123 8200 0
-2034043 8 0
-2037547 128 0
-2050147 8 0
-2051107 2112 0
-2065123 2097152 1 139
-2074363 4160 0
-2079043 1048576 0
-2079547 0 1 227
-2083603 512 0
-2090467 133120 0
-2115667 8388640 0
-2117635 18 0
-2122387 0 1 811
-2128627 192 0
-2156107 0 1 397
-2159347 2048 0
-2165227 256 1 197
-2175427 4194304 0
-2208427 80 0
-2209603 4260872 0
-2219347 1048592 0
-2229403 72 0
-2235027 65 1 113
-2247667 65536 0
-2249395 2 0
-2263867 128 0
-2270587 8 1 151
-2303827 512 0
-2307547 16908808 0
-2316307 132 0
-2329867 544 0
-2340163 4 1 197
-2363923 2097216 0
-2366683 8 0
-2399587 262144 0
-2403283 0 1 673
-2426587 512 0
-2446123 0 1 211
-2473123 65536 0
-2483083 264192 0
-2488627 0 1 367
-2498827 34816 0
-2511763 131072 0
-2518723 0 1 857
-2569963 8 1 167
-2574163 0 1 127
-2626507 16 1 281
-2642347 512 0
-2656483 131584 0
-2739067 512 1 149
-2772907 16384 1 113
-2824963 0 1 409
-2852683 0 1 317
-2863723 0 1 127
-2915803 8 1 139
-2961883 4096 0
-3016843 0 1 509
-3082123 72 0
