-13199 131072 0
-16719 1 0
-18983 2048 0
-20135 2 0
-24503 0 1 107
-26991 1 1 2999
-27815 2 0
-31316 0 0
-34247 128 0
-36511 256 0
-37519 32 0
-38063 32 0
-42356 0 0
-43039 0 1 193
-43496 100663296 0
-45231 1 0
-45719 0 1 131
-46616 201326592 0
-46868 0 0
-47984 67108864 0
-48536 201326592 0
-52796 131072 0
-53127 1 1 5903
-55383 1 0
-55976 100663296 0
-60783 1 0
-61759 0 1 151
-62324 0 0
-62911 16384 0
-63704 201326592 0
-64916 0 0
-65768 100663296 0
-66631 128 0
-66876 1 0
-69199 16 0
-69271 16384 0
-70447 16 0
-71215 2 0
-71223 1 0
-71291 8 0
-73844 0 0
-74264 201326592 0
-75092 0 0
-75932 2048 0
-78164 0 0
-78491 4 0
-79047 1 1 8783
-79859 16 0
-80540 2 0
-80551 0 1 109
-80891 128 0
-86447 0 1 137
-87611 1048576 0
-89007 1 0
-91736 201326592 0
-92423 256 0
-94448 67108864 0
-95411 524288 0
-98012 0 1 107
-100148 0 0
-101435 2 0
-102659 0 1 251
-103988 0 0
-105223 0 1 139
-106292 0 0
-106931 8 0
-107964 1 1 2999
-108308 0 0
-109351 8 0
-110335 2 0
-110463 1 0
-110579 4 0
-111223 4 0
-111260 2 0
-113576 100663296 0
-113768 100663296 0
-114783 1 0
-115543 0 1 227
-117347 4096 0
-118292 0 0
-118835 2 0
-120343 32 0
-120488 100663296 0
-121876 0 0
-123179 4 0
-123943 2048 0
-127067 0 1 283
-129323 1048576 0
-131416 201326592 0
-132212 0 0
-133615 2 0
-136988 128 0
-138487 1048576 0
-140528 67108864 0
-140648 100663296 0
-141976 201326592 0
-142207 16 0
-142279 1048576 0
-142971 1 0
-144104 100663296 0
-145067 16 0
-145811 0 1 139
-146044 256 0
-146463 1 0
-146503 4 0
-146708 0 0
-147304 100663296 0
-149236 0 0
-149267 65536 0
-150004 0 0
-150076 32 0
-150727 64 0
-152023 131072 0
-152223 1 0
-152252 32 0
-153752 201326592 0
-154023 1 0
-154676 0 0
-156248 201326592 0
-157912 201326592 0
-158164 0 0
-159323 0 1 107
-159567 1 0
-159971 4 0
-160015 2 0
-160187 2048 0
-160447 4 0
-160936 100663296 0
-161012 0 0
-163187 16384 0
-168244 0 0
-169816 201326592 0
-172156 0 1 193
-175739 512 0
-176104 100663296 0
-180924 1 0
-180976 67108864 0
-181144 201326592 0
-181411 1024 0
-182363 4096 0
-182876 0 1 131
-185236 0 0
-188312 201326592 0
-188948 0 0
-188987 8192 0
-189179 0 1 139
-191732 0 0
-192127 16 0
-192823 2048 0
-193651 0 1 197
-194603 128 0
-197716 0 0
-205748 0 0
-207323 0 1 151
-209723 0 1 401
-211183 4 0
-212508 1 1 5903
-212596 0 0
-213103 8 0
-213784 201326592 0
-215252 0 0
-217303 64 0
-221532 1 0
-222232 201326592 0
-222727 262144 0
-225247 8 0
-225832 100663296 0
-227252 0 0
-228952 201326592 0
-230531 4 0
-232927 0 1 163
-232984 201326592 0
-234699 1 0
-237443 64 0
-241019 256 0
-241448 100663296 0
-243132 1 0
-244523 0 1 439
-245288 100663296 0
-246107 64 0
-246219 1 0
-247036 0 1 151
-247619 0 1 193
-248915 2 0
-248944 67108864 0
-249635 2 0
-250115 2 0
-251619 1 0
-251632 67108864 0
-251644 16384 0
-252083 16 0
-253899 1 1 28211
-257267 0 1 367
-258683 0 1 167
-260584 100663296 0
-263747 8 0
-264035 2 0
-265763 512 0
-266524 128 0
-269291 8 0
-270616 201326592 0
-271384 201326592 0
-271979 0 1 211
-272747 0 1 311
-273128 100663296 0
-273179 4096 0
-274763 32768 0
-276459 1 0
-276796 16 0
-277084 16384 0
-278507 128 0
-278739 1 1 30971
-279467 16777216 0
-279771 1 0
-281788 16 0
-283048 100663296 0
-284860 2 0
-284892 1 0
-287243 8 0
-287635 2 0
-289307 0 1 193
-290483 1048576 0
-291219 1 0
-293011 1048576 0
-293627 0 1 479
-294443 64 0
-296308 0 0
-302811 1 0
-304435 2 0
-306088 100663296 0
-308008 100663296 0
-308131 128 0
-311536 67108864 0
-311739 1 0
-316188 1 1 8783
-317619 1 1 35291
-321364 0 0
-322204 0 1 109
-324563 0 1 463
-330107 256 0
-330664 100663296 0
-332824 201326592 0
-334779 1 0
-335252 0 0
-337819 0 1 359
-338356 0 0
-338363 0 1 563
-340547 256 0
-341331 1 0
-343396 0 1 293
-345788 0 1 137
-347867 16 0
-349611 1 0
-349883 0 1 439
-352059 1 0
-352372 0 0
-353008 67108864 0
-356028 1 0
-356315 2 0
-357172 0 0
-357635 2 0
-358251 1 0
-360515 2 0
-360699 1 0
-360931 0 1 277
-361067 4 0
-363835 2 0
-364456 100663296 0
-365091 1 0
-365812 0 0
-369692 256 0
-372579 1 0
-374059 4 0
-374163 1 0
-376219 64 0
-378712 201326592 0
-381867 1 0
-384099 1 0
-385467 1 0
-385971 1 0
-386307 1 1 42923
-388203 1 0
-388235 2 0
-392603 0 1 419
-402811 0 1 229
-407188 0 0
-410283 1 1 45587
-410867 0 1 103
-415851 1 0
-418227 1 0
-419091 1 0
-420891 1 0
-420892 0 1 139
-421299 1 1 46811
-424043 131072 0
-424651 262144 0
-426267 1 1 47363
-426499 1024 0
-426651 1 0
-427411 0 1 277
-429515 2 0
-432088 201326592 0
-433427 0 1 367
-434068 0 0
-434899 512 0
-435091 128 0
-437404 8 0
-440971 64 0
-441340 2 0
-441748 0 0
-441852 1 0
-444892 4 0
-445492 0 0
-450459 1 1 50051
-451291 32768 0
-452899 0 1 353
-457915 2 0
-458691 1 0
-459132 1 0
-460912 67108864 0
-462172 0 1 227
-463819 0 1 293
-465811 0 1 239
-475531 4 0
-475731 1 1 52859
-481372 32 0
-483739 8388608 0
-484483 32 0
-486467 0 1 109
-489507 1 0
-490051 0 1 523
-493411 64 0
-493539 1 0
-494548 0 0
-495772 2048 0
-498139 512 0
-501099 1 0
-501283 0 1 137
-502323 1 0
-503515 2 0
-505576 100663296 0
-507083 8192 0
-507651 1 0
-511348 0 0
-512763 1 0
-514907 0 1 223
-519891 1 0
-521083 0 1 157
-522979 0 1 173
-525424 67108864 0
-525748 0 0
-527811 1 0
-527883 1 0
-528467 256 0
-528571 4194304 0
-530515 2 0
-531304 100663296 0
-533539 64 0
-534460 2 0
-534808 201326592 0
-536859 1 1 59651
-537076 0 0
-539059 512 0
-547163 0 1 181
-547523 64 0
-547864 201326592 0
-547939 4 0
-548308 0 0
-550915 2 0
-553227 1 0
-553948 1048576 0
-554787 1 1 61643
-557299 0 1 181
-559348 0 0
-560923 8 0
-566548 0 0
-567379 0 1 211
-568828 16 0
-569116 1048576 0
-569123 8192 0
-570211 0 1 223
-574036 0 0
-576244 0 0
-578163 1 1 439
-578491 512 0
-582376 100663296 0
-585243 1 1 65027
-585763 0 1 491
-585852 1 0
-586012 4 0
-586699 256 0
-586708 0 0
-588211 16 0
-589411 0 1 173
-590443 4 0
-590872 201326592 0
-590883 1 0
-592323 1 0
-596283 1 0
-600891 1 0
-602908 64 0
-603571 262144 0
-607252 0 0
-607603 4194304 0
-608092 131072 0
-608892 1 0
-611368 100663296 0
-615211 0 1 191
-616092 1 0
-619291 0 1 421
-620027 64 0
-622715 2 0
-625432 201326592 0
-635011 16 0
-638003 0 1 223
-638268 1 0
-638331 1 0
-638488 201326592 0
-638619 1 0
-638907 1 0
-640060 2 0
-641788 4 0
-643427 0 1 109
-647899 4 0
-648787 0 1 643
-650392 201326592 0
-651939 1 0
-654292 0 0
-655147 1048576 0
-657123 1 0
-657907 0 1 151
-659731 2048 0
-666411 1 0
-666712 201326592 0
-670531 32 0
-672387 1 0
-673012 0 0
-674467 512 0
-676372 0 0
-676627 4 0
-683971 0 1 191
-685528 201326592 0
-686659 2097152 0
-688579 64 0
-689008 67108864 0
-689443 8192 0
-700939 0 1 113
-702267 1 0
-705723 1 0
-708052 0 0
-708763 8 0
-708835 2 0
-712003 8192 0
-712552 100663296 0
-719728 67108864 0
-721507 1048576 0
-726387 1 0
-726691 4 0
-728667 1 1 80963
-732451 0 1 509
-733371 1 0
-739348 0 0
-740491 0 1 311
-741067 0 1 131
-741835 2 0
-753243 1 0
-757051 512 0
-757672 100663296 0
-759643 0 1 173
-759835 2 0
-760987 0 1 283
-761512 100663296 0
-768508 16 0
-770667 1 0
-771292 2048 0
-771547 4 0
-776515 2 0
-779032 201326592 0
-779179 0 1 733
-779992 201326592 0
-780019 0 1 103
-781827 1 0
-781972 0 0
-783099 1 1 87011
-783163 131072 0
-783403 128 0
-789352 100663296 0
-791092 0 0
-791512 201326592 0
-793048 201326592 0
-798003 1 1 88667
-800803 0 1 131
-802411 2048 0
-802843 0 1 619
-804811 4 0
-806779 0 1 563
-810931 8 0
-813451 0 1 613
-823792 67108864 0
-825235 2 0
-827907 1 0
-828979 2048 0
-835048 100663296 0
-835243 0 1 191
-836083 8192 0
-838132 0 0
-840211 0 1 149
-840379 512 0
-844732 4 0
-845608 100663296 0
-846211 0 1 593
-848035 2 0
-848152 201326592 0
-849163 4 0
-849172 0 0
-849363 1 0
-852412 8 0
-860308 0 0
-862027 8192 0
-862867 0 1 283
-864088 201326592 0
-867379 0 1 311
-869212 64 0
-875752 100663296 0
-876043 4 0
-882331 8192 0
-888187 0 1 163
-888232 100663296 0
-890059 0 1 331
-890908 262144 0
-896827 0 1 283
-897643 0 1 193
-898648 201326592 0
-899907 1 0
-900988 8 0
-902107 0 1 419
-903523 1048576 0
-903667 524288 0
-910507 16 0
-910891 0 1 107
-914883 1 0
-914947 8 0
-919339 1024 0
-922227 1 0
-925171 16 0
-928003 4194304 0
-931443 1 0
-931459 0 1 113
-931708 0 1 163
-936027 1 1 104003
-938932 0 0
-939867 1 0
-942232 201326592 0
-942283 0 1 131
-947467 524288 0
-955651 8192 0
-955707 1 0
-959011 0 1 191
-961083 1 1 106787
-962032 67108864 0
-968427 1 1 107603
-969747 1 0
-977083 8192 0
-987352 201326592 0
-987835 2 0
-989403 1 0
-993523 0 1 239
-1002667 0 1 419
-1002907 256 0
-1009563 1 0
-1010707 16777216 0
-1011147 1 0
-1012963 4 0
-1016212 0 0
-1017619 0 1 139
-1020147 1 0
-1020787 0 1 137
-1021227 1 0
-1029835 2 0
-1034728 100663296 0
-1036147 4 0
-1038739 16 0
-1038832 67108864 0
-1039507 4 0
-1042723 8 0
-1045291 16 0
-1046187 1 1 116243
-1049947 0 1 601
-1050723 1 1 116747
-1053763 0 1 421
-1056987 1 1 117443
-1060363 65536 0
-1066963 0 1 167
-1079083 2097152 0
-1083523 4 0
-1087315 2 0
-1088368 67108864 0
-1107163 0 1 409
-1109032 100663296 0
-1112227 0 1 263
-1113963 1 0
-1114627 8388608 0
-1116043 0 1 491
-1116067 32 0
-1119211 8192 0
-1123027 0 1 109
-1130992 67108864 0
-1136787 1 0
-1143043 8 0
-1143235 2 0
-1144467 1 1 127163
-1146723 1 0
-1151587 128 0
-1153315 2 0
-1154392 201326592 0
-1156123 0 1 191
-1157467 16384 0
-1162228 0 0
-1170843 1 0
-1173232 67108864 0
-1177003 0 1 719
-1179667 0 1 829
-1183443 1 0
-1186027 1048576 0
-1191115 2 0
-1191787 0 1 157
-1194715 2 0
-1207483 4096 0
-1209643 0 1 1033
-1215988 0 0
-1220323 16 0
-1225915 2 0
-1240051 524288 0
-1242235 2 0
-1245715 2 0
-1246987 4 0
-1254283 1048576 0
-1255483 0 1 331
-1264243 4096 0
-1276843 524288 0
-1278547 128 0
-1288435 2 0
-1289347 0 1 733
-1296843 1 0
-1299547 0 1 367
-1309947 1 0
-1333347 1 0
-1334587 262144 0
-1334683 4 0
-1335835 2 0
-1341667 524288 0
-1345003 8 0
-1346347 0 1 857
-1347403 32 0
-1370427 1 0
-1374643 0 1 331
-1380667 128 0
-1382203 0 1 227
-1388107 4 0
-1390123 4 0
-1392715 2 0
-1398787 16 0
-1402507 0 1 947
-1406035 2 0
-1406043 1 1 156227
-1408387 0 1 271
-1409563 262144 0
-1411915 2 0
-1414363 0 1 331
-1419667 0 1 167
-1423867 0 1 109
-1426507 0 1 269
-1428907 8388608 0
-1431403 64 0
-1441867 4 0
-1453963 4 0
-1455667 512 0
-1458163 4 0
-1460083 0 1 691
-1468363 16 0
-1479787 0 1 167
-1481643 1 1 164627
-1483315 2 0
-1488307 128 0
-1495243 64 0
-1498123 8 0
-1504003 2048 0
-1505947 0 1 271
-1516003 0 1 1109
-1534747 0 1 227
-1535851 0 1 433
-1540771 262144 0
-1543627 0 1 349
-1546603 0 1 311
-1556515 2 0
-1568227 16777216 0
-1574763 1 0
-1578307 8192 0
-1582843 0 1 1163
-1597803 1 0
-1601803 4 0
-1603387 2048 0
-1626403 16777216 0
-1635883 0 1 211
-1657723 32768 0
-1663363 16 0
-1676035 2 0
-1682563 65536 0
-1686427 0 1 107
-1690963 2048 0
-1696003 0 1 857
-1742827 0 1 593
-1762387 8 0
-1762483 0 1 211
-1768363 0 1 167
-1782547 16 0
-1804987 32768 0
-1805083 4 0
-1805707 128 0
-1840987 524288 0
-1854427 0 1 773
-1862107 16 0
-1877803 32 0
-1892587 1024 0
-1894963 4 0
-1903267 0 1 277
-1912267 4 0
-1914235 2 0
-1915699 0 1 271
-1918963 8192 0
-1937827 0 1 379
-1947883 4 0
-1949203 32 0
-1979707 0 1 479
-1980427 64 0
-1989667 0 1 307
-2001427 32 0
-2004307 0 1 349
-2018083 0 1 439
-2056387 0 1 521
-2179963 128 0
-2182987 32 0
-2198683 0 1 401
-2216443 32 0
-2224315 2 0
-2235643 0 1 257
-2284363 4194304 0
-2296123 2048 0
-2306803 512 0
-2321323 0 1 151
-2325283 0 1 1033
-2328547 16 0
-2333923 1024 0
-2347507 64 0
-2350987 8192 0
-2416747 16384 0
-2417227 0 1 149
-2436403 0 1 1181
-2465107 16777216 0
-2503363 2097152 0
-2520043 0 1 613
-2639443 0 1 593
-2718787 0 1 109
-2733763 0 1 1153
-2838427 0 1 457
-2842387 0 1 127
-3113947 128 0
-3124867 2097152 0
-3131083 0 1 167
-3199123 0 1 601
-3373987 524288 0
-3873643 0 1 173
-4034347 0 1 1153
-4272403 0 1 107
