-15935 2 0
-20351 8192 0
-22415 2 0
-23631 1 0
-27215 2 0
-27887 1048576 0
-29135 2 0
-29431 64 0
-30399 1 0
-32559 1 0
-34791 1 0
-34856 100663296 0
-35567 4 0
-35783 8 0
-39519 1 1 4391
-46967 131072 0
-47327 4 0
-48591 1 1 5399
-51335 2 0
-52135 2 0
-53311 4194304 0
-55124 0 0
-55159 16 0
-58196 0 0
-60871 256 0
-61639 16384 0
-62599 32768 0
-63263 2048 0
-63383 0 1 241
-63740 2 0
-64143 1 1 7127
-70256 67108864 0
-71239 4 0
-74216 100663296 0
-74911 128 0
-75224 201326592 0
-76904 100663296 0
-78271 256 0
-78527 64 0
-78927 1 0
-79519 8 0
-80792 201326592 0
-81404 8192 0
-81539 131072 0
-82743 1 0
-82951 8 0
-85364 0 0
-86384 67108864 0
-86804 0 0
-88135 2 0
-89660 2 0
-91351 16 0
-92007 1 1 10223
-92696 201326592 0
-94524 1 0
-94759 4 0
-95171 64 0
-96319 65536 0
-97351 131072 0
-98023 2097152 0
-98339 256 0
-101823 1 0
-102899 4096 0
-102903 1 0
-107527 4 0
-108860 2 0
-110767 0 1 257
-111548 1048576 0
-114032 67108864 0
-114703 64 0
-116264 100663296 0
-116540 2 0
-117724 64 0
-118383 1 0
-119463 1 0
-121167 1 1 13463
-121596 1 0
-121903 0 1 139
-122407 0 1 109
-124952 201326592 0
-125703 1 1 13967
-125767 512 0
-127383 1 0
-130236 1 0
-130931 0 1 311
-131407 0 1 331
-131791 8 0
-132419 4 0
-134104 201326592 0
-135848 100663296 0
-138356 0 0
-138659 0 1 313
-139164 1 0
-140823 1 1 15647
-142268 4 0
-142423 524288 0
-143132 8 0
-144344 201326592 0
-144436 0 0
-149315 2 0
-150531 1 0
-151444 0 0
-151763 8192 0
-156535 2 0
-158076 1 1 4391
-160143 1 0
-160971 1 0
-161691 1 0
-161939 131072 0
-162303 1 0
-163568 67108864 0
-164167 0 1 181
-164884 0 0
-164891 0 1 181
-166011 1 0
-167651 8 0
-168467 16 0
-171967 0 1 383
-172543 4 1 157
-174107 4096 0
-176815 2 0
-179315 2 0
-181327 0 1 179
-183699 1 1 20411
-184883 0 1 293
-186152 100663296 0
-186819 1 0
-187868 131072 0
-189308 4 0
-190427 0 1 191
-190964 0 0
-191192 201326592 0
-192327 1 0
-192947 128 0
-193351 0 1 239
-194364 1 1 5399
-197192 100663296 1 157
-197503 0 1 313
-197867 256 0
-198819 1 1 22091
-199156 0 0
-200051 64 0
-200331 1 1 22259
-201368 201326592 0
-205340 2 0
-207439 0 1 283
-208540 2 0
-209483 0 1 271
-210136 201326592 0
-213244 4194304 0
-214859 1024 0
-215408 67108864 0
-216724 0 0
-217688 201326592 0
-219703 8 0
-220636 16 0
-221503 0 1 359
-222539 0 1 139
-223472 67108864 0
-226388 0 0
-228931 64 0
-233379 1 1 25931
-233483 0 1 149
-234011 0 1 241
-234371 262144 0
-238187 32 0
-239219 0 1 139
-242776 201326592 0
-243051 1 0
-243484 256 0
-244643 4 0
-245416 100663296 0
-245819 4 0
-246556 16384 0
-247371 1 0
-247447 8388608 0
-248499 1 1 27611
-250352 67108864 0
-250396 32768 0
-250864 67108864 0
-252347 0 1 277
-253052 2048 0
-253268 0 0
-253532 0 1 241
-254171 0 1 433
-254267 16 0
-255823 0 1 109
-256232 100663296 0
-256572 1 1 7127
-257819 0 1 311
-260579 8 0
-262087 4 0
-264856 201326592 0
-266536 100663296 0
-270331 2097152 0
-271448 201326592 0
-274291 32768 0
-274419 1 1 30491
-275048 100663296 0
-275411 0 1 193
-280131 1 0
-280216 201326592 0
-281192 100663296 0
-282136 201326592 0
-282803 0 1 389
-284956 4 0
-286179 1 0
-290211 1 0
-294587 32768 0
-294851 4096 0
-295907 0 1 499
-297368 201326592 0
-297587 0 1 523
-298615 2 0
-298763 0 1 167
-299644 128 0
-304043 8192 0
-305332 0 0
-308123 64 0
-309635 2 0
-311251 0 1 439
-312651 1 1 34739
-312891 1 0
-313084 256 0
-314108 64 0
-315019 16777216 0
-315091 4 0
-315708 1 0
-315979 32 0
-316504 201326592 0
-318076 8 0
-318827 0 1 277
-320752 67108864 0
-321304 201326592 0
-323331 1 0
-324724 0 0
-325096 100663296 0
-327003 1 0
-330972 1 0
-331804 8 0
-336451 0 1 157
-336659 65536 0
-337835 2 0
-339499 0 1 211
-340072 100663296 0
-344296 100663296 0
-345467 1048576 0
-346659 1 0
-347603 512 0
-350419 0 1 139
-351668 0 0
-352540 2 0
-352699 32 0
-353776 67108864 0
-355444 0 0
-356067 1 1 39563
-358936 201326592 0
-359704 201326592 0
-362344 100663296 0
-363739 16384 0
-364564 0 0
-364948 0 0
-365404 16 0
-366292 0 0
-367083 1 1 40787
-367543 8 0
-368028 1 1 10223
-371499 1 0
-372923 1024 0
-374019 1 0
-374307 1 0
-374379 1 0
-377003 8 0
-377747 0 1 181
-379036 4 0
-382203 1 1 42467
-383848 100663296 0
-384628 0 0
-385276 65536 0
-389404 131072 0
-390859 4 0
-391491 1 1 43499
-391643 4 0
-392092 2097152 0
-392451 1 0
-392523 1 0
-395476 0 0
-396771 1 0
-397411 4 0
-398056 100663296 0
-398836 0 0
-401392 67108864 0
-401659 32 0
-401956 0 1 317
-403819 16 0
-404451 1 1 44939
-405235 2 0
-406611 1 1 45179
-407292 1 0
-407656 100663296 0
-409931 1048576 0
-411612 1 0
-412763 16 0
-413131 0 1 127
-413332 0 0
-413979 1 0
-414952 100663296 0
-415348 0 0
-415768 201326592 0
-417083 0 1 113
-418371 1 0
-418708 0 0
-420947 2048 0
-421528 201326592 0
-422068 0 0
-422164 0 0
-426352 67108864 0
-427624 100663296 0
-428308 0 0
-430108 4 0
-432148 0 0
-433547 524288 0
-435867 1 0
-437611 4096 0
-438579 1 1 48731
-438808 201326592 0
-440243 128 0
-442131 1 0
-443068 0 1 257
-443779 4 0
-445651 0 1 613
-447707 16 0
-448251 1 0
-449907 1 0
-453483 1 1 50387
-456347 0 1 137
-456891 1 0
-458812 64 0
-459531 1 1 51059
-459827 524288 0
-459892 0 0
-462587 32 0
-463732 0 0
-466403 4 0
-468987 1 0
-469915 2 0
-469923 1 0
-471563 32 0
-472984 201326592 0
-473532 1 0
-473667 1 0
-475715 2 0
-476435 2 0
-477852 1 0
-481443 1 0
-483316 0 0
-484668 1 1 13463
-487419 1 0
-487612 0 1 139
-489628 0 1 109
-490667 0 1 239
-493723 131072 0
-502812 1 1 13967
-503068 512 0
-505539 1 1 56171
-506003 0 1 107
-506992 67108864 0
-507379 2097152 0
-509532 1 0
-510868 0 0
-513091 0 1 389
-513451 32 0
-514203 1 0
-522771 1 0
-525115 2 0
-525628 0 1 331
-525683 256 0
-527164 8 0
-531587 4 0
-533843 64 0
-534256 67108864 0
-535792 67108864 0
-537172 0 0
-538179 1 0
-543028 0 0
-545603 0 1 337
-548203 0 1 293
-549859 0 1 271
-551011 128 0
-551251 8388608 0
-553876 0 0
-555459 1 0
-561443 524288 0
-563188 0 0
-563292 1 1 15647
-564931 0 1 397
-565108 0 0
-569692 524288 0
-572212 0 0
-573592 201326592 0
-574579 64 0
-575403 1 0
-575419 16 0
-582331 64 0
-583435 2 0
-583771 131072 0
-589283 128 0
-589672 100663296 0
-590299 0 1 719
-592315 2 0
-592803 1 1 65867
-596683 32 0
-598939 8 0
-602923 0 1 443
-603987 1 0
-604203 1 0
-607435 2 0
-609904 67108864 0
-611539 1048576 0
-612532 0 0
-615139 4 0
-616099 8 0
-618739 8 0
-619371 1 1 68819
-620267 32768 0
-623587 256 0
-626019 1 0
-626140 2 0
-626932 0 0
-633715 2 0
-636451 0 1 109
-640572 1 0
-642139 0 1 433
-647883 1 1 71987
-649212 1 0
-651451 0 1 263
-652083 1 0
-652888 201326592 0
-654952 100663296 0
-656668 0 1 181
-662379 1 0
-662787 1 1 73643
-664731 1 1 73859
-664819 32 0
-665467 8 0
-671267 0 1 271
-673867 65536 0
-673963 0 1 227
-675267 1 0
-677851 32768 0
-679792 67108864 0
-683547 1 0
-684259 4096 0
-684843 1 0
-686211 1 0
-687868 0 1 383
-690172 4 1 157
-690347 4 0
-690451 4096 0
-690691 0 1 139
-690811 8 0
-691312 67108864 0
-691963 0 1 181
-696683 16 0
-698731 8 0
-699507 1 1 77723
-702483 1 0
-706339 1048576 0
-707260 2 0
-707803 256 0
-707987 4 0
-712168 100663296 0
-714523 0 1 409
-718483 0 1 389
-720472 201326592 0
-725308 0 1 179
-726203 0 1 179
-727315 2 0
-727627 2048 0
-728187 1 0
-728371 4 0
-730531 64 0
-742939 0 1 103
-743707 0 1 109
-744619 0 1 211
-745435 2 0
-749403 1 1 83267
-750979 0 1 503
-751771 0 1 443
-752443 0 1 263
-752923 65536 0
-755032 201326592 0
-756883 0 1 509
-759592 100663296 0
-760315 2 0
-766435 2 0
-767563 65536 0
-768147 1 0
-769308 1 0
-769603 128 0
-773404 0 1 239
-774232 201326592 0
-779059 32 0
-779668 0 0
-780859 512 0
-784027 0 1 613
-786067 512 0
-790012 0 1 313
-792835 2 0
-796912 67108864 0
-797812 0 0
-798484 0 0
-798891 1 0
-801643 0 1 829
-801715 2 0
-803683 0 1 157
-804835 2 0
-816139 2097152 0
-816211 8 0
-816787 16777216 0
-820467 1 1 91163
-823491 1 1 91499
-825451 8 0
-829347 1 0
-829756 0 1 283
-833803 0 1 563
-838611 1 1 93179
-843112 100663296 0
-844372 0 0
-850867 32 0
-851307 1 0
-861715 2 0
-864859 4096 0
-866251 0 1 137
-867931 2097152 0
-868435 2 0
-871467 1 0
-872635 2 0
-877459 8 0
-878523 1 0
-878812 8 0
-886012 0 1 359
-886659 1 0
-887539 0 1 739
-892912 67108864 0
-897268 0 0
-902427 1 0
-903259 4 0
-904083 1 0
-912052 0 0
-912267 1 1 101363
-913819 256 0
-921139 64 0
-924187 8 0
-927019 0 1 281
-928792 201326592 0
-932251 0 1 877
-932347 16 0
-932899 8 0
-946171 65536 0
-952827 1 0
-954843 1 0
-956763 1 1 106307
-958059 1 1 106451
-959179 16 0
-962371 0 1 211
-965187 1 1 107243
-965539 2097152 0
-969307 0 1 617
-972483 1 0
-976891 0 1 199
-977707 128 0
-980632 201326592 0
-982291 32768 0
-983067 1 0
-984403 4 0
-985843 0 1 277
-986728 100663296 0
-989788 8388608 0
-995779 0 1 983
-998187 1 0
-1000867 4 0
-1001227 0 1 337
-1001907 1 1 111323
-1002019 0 1 131
-1002067 8 0
-1006843 0 1 167
-1010347 16 0
-1012888 201326592 0
-1014403 16 0
-1017667 4 0
-1020235 2 0
-1020532 0 0
-1020947 128 0
-1023292 0 1 109
-1023507 1 1 113723
-1025827 8 0
-1028848 67108864 0
-1035907 0 1 389
-1042027 4 0
-1044067 0 1 127
-1048348 4 0
-1053859 0 1 233
-1056339 1 1 117371
-1057507 8 0
-1059907 4096 1 157
-1063252 0 0
-1063267 128 0
-1072779 1 0
-1073827 0 1 239
-1074043 32 0
-1075003 65536 0
-1075435 2 0
-1075915 2 0
-1080067 1024 0
-1081867 2048 0
-1081972 0 0
-1085428 0 0
-1093012 0 0
-1093579 0 1 521
-1095715 2 0
-1097035 2 0
-1106539 4 0
-1107747 1 1 123083
-1114408 100663296 0
-1122388 0 0
-1124043 1 0
-1124563 8 0
-1129243 0 1 193
-1132843 0 1 907
-1133043 1 0
-1135723 0 1 557
-1136283 1 0
-1140523 1048576 0
-1141459 8 0
-1147027 4 0
-1153747 4 0
-1153987 0 1 887
-1156651 2048 0
-1159467 1 0
-1159603 2048 0
-1159963 4 0
-1161187 8388608 0
-1168963 1048576 0
-1170835 2 0
-1176907 256 0
-1177432 201326592 0
-1180419 1 0
-1180699 16 0
-1186672 67108864 0
-1187547 1 0
-1188835 2 0
-1194460 2 0
-1195267 512 0
-1198915 2 0
-1203028 0 0
-1203568 67108864 0
-1208179 4 0
-1208635 2 0
-1211667 1 0
-1216627 64 0
-1219315 2 0
-1225291 64 0
-1227627 1 1 136403
-1229523 1 0
-1239715 2 0
-1240747 0 1 109
-1240948 0 0
-1244323 128 0
-1244427 1 0
-1255603 32 0
-1255987 4096 0
-1258963 8388608 0
-1259347 0 1 167
-1260148 0 0
-1274347 256 0
-1277587 8388608 0
-1277707 0 1 281
-1278715 2 0
-1279051 0 1 859
-1285843 16 0
-1313107 2048 0
-1314787 0 1 883
-1316283 1 0
-1318243 0 1 277
-1320027 1 0
-1322883 1 1 146987
-1322899 0 1 401
-1329667 0 1 269
-1334827 16 0
-1337587 1024 0
-1339683 1 0
-1340763 1 0
-1346203 32768 0
-1347028 0 0
-1347952 67108864 0
-1348579 0 1 103
-1352635 2 0
-1358347 8192 0
-1358707 4 0
-1361908 0 0
-1363707 1 1 151523
-1364083 4 0
-1379347 0 1 127
-1391227 65536 0
-1393243 4096 0
-1411435 2 0
-1420323 1 0
-1421683 0 1 811
-1422499 16 0
-1427467 256 0
-1429147 0 1 677
-1430515 2 0
-1432435 2 0
-1442032 67108864 0
-1443907 32768 0
-1448107 0 1 743
-1451419 0 1 953
-1458843 1 0
-1464187 0 1 131
-1464747 1 0
-1465507 8192 0
-1470172 8 0
-1470883 0 1 547
-1474747 0 1 443
-1474867 0 1 863
-1476931 0 1 151
-1477939 0 1 173
-1478635 2 0
-1483243 0 1 317
-1484203 4 0
-1491352 201326592 0
-1492267 4 0
-1500427 0 1 853
-1507963 0 1 971
-1515763 64 0
-1516507 0 1 127
-1518667 128 0
-1520187 1 0
-1522411 8 0
-1527283 2097152 0
-1539187 16 0
-1544635 2 0
-1545163 128 0
-1547515 2 0
-1551067 4 0
-1552363 8192 0
-1553323 0 1 1087
-1556899 0 1 911
-1557307 128 0
-1560163 8 0
-1560232 100663296 0
-1565347 4 0
-1571203 0 1 353
-1571947 16 0
-1579987 0 1 167
-1580683 16 0
-1587307 32 0
-1599187 0 1 491
-1599763 8 0
-1610827 65536 0
-1611043 4 0
-1621867 16 0
-1624123 0 1 677
-1625683 8192 0
-1632283 0 1 523
-1636083 1 1 181787
-1636315 2 0
-1637035 2 0
-1643923 256 0
-1663435 2 0
-1664107 256 0
-1665763 8 0
-1669987 8 0
-1670307 1 0
-1672123 128 0
-1672435 2 0
-1685587 0 1 373
-1686883 8 0
-1692835 2 0
-1693843 0 1 173
-1703923 16 0
-1708107 1 0
-1709563 64 0
-1713811 8 0
-1719283 0 1 443
-1729099 0 1 449
-1729291 32 0
-1740907 4 0
-1743403 1024 0
-1745587 64 0
-1748308 0 0
-1751523 1 0
-1756003 131072 0
-1758523 16 0
-1769107 262144 0
-1779427 16 0
-1781083 0 1 1201
-1781683 0 1 127
-1787443 4 0
-1798843 0 1 857
-1807843 0 1 311
-1813947 1 0
-1817323 0 1 773
-1817347 4 0
-1818763 0 1 479
-1821451 16384 0
-1842283 256 0
-1842472 100663296 0
-1864923 1 0
-1872067 0 1 367
-1874563 0 1 1049
-1875283 512 0
-1882315 2 0
-1895947 0 1 241
-1905523 32768 0
-1908187 0 1 151
-1913515 2 0
-1915363 256 0
-1925107 256 0
-1925347 32768 0
-1926307 0 1 151
-1936123 4 0
-1936267 0 1 719
-1941067 8388608 0
-1943635 2 0
-1971643 32 0
-1988443 256 0
-2007787 64 0
-2018515 2 0
-2024323 4 0
-2035483 0 1 617
-2045443 131072 0
-2051827 0 1 701
-2063947 0 1 401
-2073688 201326592 0
-2083123 4 0
-2087611 0 1 257
-2096347 8 0
-2104267 8 0
-2105107 16384 0
-2107123 65536 0
-2110483 4096 0
-2115547 4 0
-2128723 32 0
-2133163 0 1 541
-2134147 128 0
-2161483 8192 0
-2166283 4 0
-2192227 512 0
-2199283 128 0
-2199667 512 0
-2203363 4096 0
-2216467 8 0
-2225227 128 0
-2232283 0 1 997
-2239843 512 0
-2241835 2 0
-2252707 524288 0
-2254123 0 1 127
-2262163 512 0
-2280427 128 0
-2305843 0 1 349
-2309827 16 0
-2316427 0 1 827
-2323483 128 0
-2347843 4096 0
-2361643 64 0
-2361907 0 1 1171
-2386147 0 1 1483
-2395843 64 0
-2409787 0 1 313
-2415627 1 1 268403
-2430283 0 1 179
-2456563 0 1 149
-2512027 4 0
-2512603 2048 0
-2548267 0 1 157
-2568883 0 1 1373
-2587267 4096 0
-2604067 262144 0
-2608027 1048576 0
-2632963 64 0
-2636043 1 0
-2650915 2 0
-2671267 64 0
-2711347 32 0
-2730883 512 0
-2734747 16384 0
-2753083 0 1 827
-2789467 1024 0
-2801947 0 1 379
-2847667 0 1 293
-2859235 2 0
-2869147 0 1 521
-2887963 16 0
-2935003 256 0
-2938747 4 0
-2962243 0 1 307
-2981227 0 1 431
-2993323 8388608 0
-3093787 0 1 293
-3114763 131072 0
-3161563 0 1 661
-3163843 0 1 461
-3184267 64 0
-3206443 256 0
-3244987 512 0
-3265243 0 1 577
-3284803 0 1 743
-3349483 0 1 139
-3459163 4194304 0
-3772147 32 0
-3798307 16777216 0
-3828427 1024 0
-4017787 0 2 157 163
-4415107 0 1 631
-5029627 524288 0
