-24551
-27527
-31247
-32303
-40343
-59791
-60271
-64591
-77171
-78031
-80191
-82279
-89959
-92959
-96487
-98204
-104287
-105319
-109903
-110108
-111919
-115931
-115979
-117731
-118571
-124988
-129212
-131939
-132851
-134263
-138967
-140143
-160207
-161372
-170383
-173651
-174347
-177487
-186419
-187043
-188791
-193283
-195659
-201251
-202087
-203383
-206291
-211643
-234271
-239164
-241084
-241663
-243367
-246131
-248723
-249463
-251983
-253907
-258131
-258364
-265459
-265571
-266059
-271903
-288731
-291103
-299603
-305243
-306847
-307091
-312124
-320764
-321371
-324931
-327707
-329116
-330563
-331283
-334043
-334447
-334783
-335747
-351707
-353867
-359836
-371251
-371836
-374603
-374987
-375091
-375467
-375563
-379187
-385948
-386219
-386891
-389539
-406807
-407383
-417148
-419651
-421276
-426707
-427283
-439612
-447676
-449851
-450259
-450803
-463787
-468691
-492083
-493219
-518291
-519307
-524243
-527627
-537052
-544667
-546619
-548003
-555868
-556651
-557747
-560572
-571339
-571939
-586667
-598219
-599251
-606091
-611419
-617843
-626963
-628171
-629371
-632363
-635363
-638923
-640828
-641747
-650851
-664459
-674059
-679067
-680387
-681532
-705883
-709948
-712843
-723739
-735451
-755164
-773779
-774083
-777571
-782539
-790051
-792443
-808348
-810259
-811819
-813532
-813907
-814643
-822347
-838667
-839611
-840331
-841147
-845659
-863251
-865003
-867211
-871459
-883699
-885331
-890683
-891571
-894547
-895627
-897499
-898787
-902179
-909379
-910771
-912523
-915547
-919147
-933523
-936283
-937084
-941947
-944003
-958339
-966652
-973468
-978931
-981067
-997852
-1007932
-1010843
-1016083
-1016971
-1020931
-1022491
-1027643
-1030291
-1031323
-1059571
-1063123
-1069099
-1075843
-1080347
-1087483
-1087612
-1087987
-1090003
-1091267
-1091371
-1115899
-1116547
-1153027
-1157011
-1164412
-1165819
-1166131
-1169587
-1175467
-1177987
-1178123
-1178707
-1187227
-1192339
-1192603
-1199203
-1199467
-1209163
-1210747
-1227388
-1231387
-1240483
-1243939
-1245379
-1245451
-1258267
-1279507
-1283731
-1289083
-1312603
-1323307
-1336267
-1337788
-1339132
-1340827
-1396723
-1414267
-1415803
-1426723
-1438483
-1445107
-1462099
-1478203
-1482763
-1514563
-1538083
-1538227
-1560883
-1564747
-1594123
-1597147
-1603963
-1609771
-1627228
-1629532
-1633843
-1645867
-1651171
-1651747
-1663747
-1672747
-1674787
-1702867
-1707787
-1723003
-1748707
-1750747
-1759627
-1771963
-1778443
-1779163
-1791043
-1798003
-1802803
-1806643
-1807171
-1813387
-1836811
-1860163
-1889803
-1903483
-1917667
-1929163
-1941403
-1946947
-1979323
-2015347
-2029003
-2042923
-2061427
-2078827
-2082667
-2094523
-2107603
-2119483
-2163163
-2176483
-2200843
-2219683
-2223043
-2223187
-2237467
-2240827
-2255947
-2306107
-2309323
-2310043
-2313403
-2330203
-2343643
-2362483
-2368963
-2400907
-2407267
-2431003
-2439067
-2455147
-2480227
-2485627
-2500747
-2508067
-2513443
-2561323
-2572747
-2578027
-2594923
-2656987
-2684707
-2718907
-2725003
-2766787
-2773747
-2904427
-2942227
-2967787
-2976187
-3076483
-3202483
-3226147
-3275707
-3344443
-3376627
-3418963
-3422707
-3436987
-3463387
-3488227
-3489907
-3696883
-3737563
-3757147
-3803347
-3804067
-4024507
-4093027
-4273483
-4279507
-4554643
-5284987
