-40039
-41231
-45631
-49823
-51263
-57047
-59663
-60679
-73039
-73471
-81703
-87751
-88951
-90011
-91639
-92699
-94687
-98807
-98911
-99559
-105251
-106207
-115831
-124543
-125863
-126223
-126491
-129439
-131143
-139619
-148763
-158047
-158647
-160091
-160156
-164924
-168991
-179099
-179579
-182524
-186299
-195127
-199292
-205052
-214783
-215503
-215843
-217907
-220543
-225583
-228188
-230507
-238652
-242716
-245527
-249419
-255971
-258539
-260483
-261467
-280303
-292156
-293884
-317267
-318347
-322807
-323123
-326812
-328067
-341507
-341603
-351004
-352423
-355804
-358691
-366227
-366556
-372131
-375931
-376307
-376787
-377123
-378748
-379927
-385531
-391403
-395228
-395644
-398236
-399379
-401243
-403339
-410507
-411211
-414923
-424828
-455627
-462467
-463324
-491251
-498172
-502171
-503452
-504892
-507499
-517756
-524572
-531203
-537587
-538771
-546739
-552707
-556763
-575371
-577219
-592219
-595043
-595547
-596179
-596507
-601771
-622043
-624763
-626947
-628651
-632188
-634588
-636563
-639091
-654739
-659419
-675964
-684547
-706099
-710443
-711923
-733123
-735283
-738499
-738707
-746227
-751747
-751867
-758203
-759547
-780508
-783379
-802987
-812011
-822803
-826867
-837923
-840187
-841219
-859132
-859603
-862012
-872419
-876107
-878107
-878131
-882172
-902332
-920371
-925579
-934723
-947659
-954451
-960499
-965491
-968731
-973003
-982108
-982603
-988483
-989803
-990643
-991867
-994867
-998419
-999067
-1001347
-1009963
-1044451
-1070683
-1071787
-1084939
-1095931
-1102747
-1104403
-1110643
-1117099
-1121212
-1133683
-1135963
-1149403
-1151443
-1163611
-1176187
-1184347
-1200307
-1210123
-1252507
-1261627
-1262851
-1291228
-1306387
-1328563
-1331587
-1337443
-1341883
-1352203
-1356067
-1398427
-1409692
-1438747
-1454587
-1466323
-1476043
-1478683
-1480243
-1498843
-1510867
-1519708
-1548763
-1556251
-1557667
-1566163
-1568107
-1572547
-1580107
-1585027
-1585291
-1611667
-1639987
-1640803
-1646947
-1666387
-1689067
-1720363
-1724923
-1756483
-1762843
-1798171
-1829227
-1875043
-1909027
-1922803
-1940563
-1962307
-1962787
-1973203
-2061067
-2083387
-2102083
-2111803
-2144707
-2183707
-2226163
-2264803
-2305483
-2352403
-2398603
-2449987
-2464963
-2479387
-2511307
-2540563
-2577283
-2580187
-2629867
-2691187
-2707387
-2777107
-2809867
-2841763
-2853307
-2865787
-2956123
-3027523
-3054283
-3100843
-3122827
-3169483
-3238867
-3258523
-3276067
-3298843
-3664747
-3799027
-3932947
-3979627
-4330747
-4962787
