-23183 8388608 0
-26615 2 0
-26639 32 0
-32135 2 0
-32567 256 0
-33551 4 0
-34391 36 0
-35375 2 1 283
-36711 1 1 4079
-38679 1 0
-39896 201326592 0
-40839 1 0
-41359 32768 0
-44456 100663296 0
-45519 1 0
-50335 2 0
-56751 1 0
-57471 1 0
-60056 201326592 0
-60063 1 0
-60596 0 0
-63711 1 1 7079
-64359 1 1 7151
-65264 67108864 0
-66399 1 0
-67159 0 1 239
-68911 0 1 137
-71935 2 0
-76951 4 0
-77183 1048576 0
-80084 0 0
-80335 2 0
-80935 2 0
-83959 0 1 113
-84527 0 1 181
-84543 1 0
-88727 2097152 0
-88967 4096 0
-89576 100663296 0
-92732 8388608 0
-92743 4 0
-93416 100663296 0
-94196 0 0
-95863 32 0
-96639 1 0
-96788 0 0
-97304 201326592 0
-101912 201326592 0
-102056 100663296 0
-102779 1048576 0
-103211 256 0
-104756 0 0
-105991 2097152 0
-106460 2 0
-106556 32 0
-107819 0 1 137
-109887 1 0
-110996 0 0
-111183 1 0
-112231 4 0
-112232 100663296 0
-113264 67108864 0
-114416 67108864 0
-114539 8192 0
-117716 0 0
-118015 2 0
-119167 0 1 269
-120728 201326592 0
-121015 2 0
-121111 0 1 281
-122063 1024 0
-122771 8 0
-122959 2048 0
-123764 0 0
-126296 201326592 0
-128023 4 0
-128540 2 0
-130015 2 0
-130268 256 0
-130623 1 0
-131636 0 0
-132011 8 1 1091
-132376 201326592 0
-134132 0 0
-134204 4 0
-134383 65536 0
-136159 8192 0
-136835 2 0
-137564 36 0
-138607 4 0
-141500 2 1 283
-142091 0 1 151
-142503 1 0
-143099 8 0
-143912 100663296 0
-145876 0 0
-145927 524288 0
-146844 1 1 4079
-146915 2 0
-147608 201326592 0
-148999 1024 0
-149012 0 0
-149311 32 0
-149743 8 0
-150031 4 0
-150823 8192 0
-153179 16 0
-154716 1 0
-156635 2 0
-157087 4 0
-159007 256 0
-159703 256 0
-161127 1 1 17903
-162535 2 0
-163356 1 0
-164139 1 0
-164527 8 0
-164959 0 1 293
-165436 32768 0
-167828 0 0
-169451 0 1 239
-172756 0 0
-173435 2 0
-179387 16 0
-180943 4 0
-182076 1 0
-182527 0 1 349
-182935 2 0
-185816 201326592 0
-187279 0 1 137
-188824 201326592 0
-191476 0 0
-191656 100663296 0
-191931 1 0
-192367 4 0
-195124 0 0
-199063 64 0
-199619 4 0
-200372 0 0
-200411 0 1 107
-200527 0 1 193
-200939 4096 0
-201223 8 1 1663
-201340 2 0
-202927 0 1 307
-203171 0 1 137
-203828 0 0
-204731 32 0
-204788 0 0
-205567 0 1 199
-205684 0 0
-205844 0 0
-206104 201326592 0
-206287 128 0
-207891 1 1 23099
-208135 2 0
-208447 32768 0
-212767 0 1 263
-214835 2 0
-214868 0 0
-215699 8 0
-221524 0 0
-222064 67108864 0
-222484 0 0
-224747 0 1 379
-225923 0 1 157
-226472 100663296 0
-227004 1 0
-227767 0 1 239
-227935 2 0
-228692 0 0
-228971 0 1 401
-229259 262144 0
-229303 256 0
-229884 1 0
-230287 0 1 421
-230623 0 1 211
-230896 67108864 0
-233176 201326592 0
-234491 0 1 227
-235112 100663296 0
-235667 0 1 463
-238375 2 1 1907
-238715 2 0
-238936 201326592 0
-240252 1 0
-240731 131072 0
-243092 0 0
-247592 100663296 0
-248623 16384 0
-248852 0 0
-249083 2097152 0
-250067 256 0
-251176 100663296 0
-251815 2 0
-252376 201326592 0
-254143 1048576 0
-254531 0 1 359
-254844 1 1 7079
-257436 1 1 7151
-259283 0 1 251
-260116 0 0
-260867 0 1 353
-261539 2048 0
-262571 0 1 139
-265596 1 0
-266164 0 0
-266407 32 0
-266648 201326592 0
-268179 1 0
-268423 0 1 181
-268523 0 1 263
-268619 16 0
-268636 0 1 239
-269459 0 1 467
-270367 256 0
-272387 0 1 421
-272723 8 0
-274327 0 1 397
-275644 0 1 137
-277208 201326592 0
-279635 2 0
-280251 1 1 31139
-280491 1 0
-280571 1024 0
-280835 2 0
-281584 67108864 0
-282515 2 0
-282923 128 0
-283219 262144 0
-283928 201326592 0
-286448 67108864 0
-287740 2 0
-288059 64 0
-290363 0 1 293
-291736 201326592 0
-292303 8 0
-292715 2 0
-294171 1 0
-294487 0 1 181
-298864 67108864 0
-300515 2 0
-304327 512 0
-305012 0 0
-307804 4 0
-308732 1048576 0
-308859 1 0
-309139 8388608 0
-312327 1 1 34703
-313771 4096 0
-315124 0 0
-316019 8 0
-316539 1 1 35171
-318676 0 0
-321340 2 0
-321923 4 0
-322651 4 0
-323503 16777216 0
-323740 2 0
-323887 0 1 419
-327064 201326592 0
-329051 0 1 281
-329407 16 0
-331348 0 0
-332056 201326592 0
-335387 16 0
-335836 0 1 113
-335867 4 0
-336083 8 0
-338108 0 1 181
-338131 0 1 179
-338172 1 0
-341672 100663296 0
-344116 0 0
-345064 100663296 0
-354908 2097152 0
-354964 0 0
-355187 4 0
-355868 4096 0
-355883 8 0
-357891 1 0
-359339 256 0
-360875 2 1 2887
-361492 0 0
-364115 2 0
-369064 100663296 0
-369128 100663296 0
-370063 64 0
-370972 4 0
-371123 0 1 131
-371915 2 0
-373739 0 1 251
-374843 4 0
-375619 16777216 0
-375827 0 1 263
-378292 0 0
-378771 1 0
-379096 201326592 0
-379179 1 1 42131
-382307 256 0
-383452 32 0
-386387 8192 0
-386556 1 0
-388427 16 0
-389211 1 0
-389979 1 1 43331
-391024 67108864 0
-391547 16 0
-392123 0 1 191
-392219 128 0
-392296 100663296 0
-393219 1 1 43691
-394139 256 0
-394283 8192 0
-394388 0 0
-395723 0 1 307
-396052 0 0
-406427 4 0
-409715 2 0
-410723 64 0
-412063 32 0
-416047 128 0
-417923 8 0
-419387 64 0
-420227 8192 0
-423964 2097152 0
-424835 2 0
-425179 0 1 193
-425428 0 0
-425512 100663296 0
-427048 100663296 0
-427211 512 0
-429323 0 1 373
-430371 1 1 47819
-431435 2 0
-433891 32 0
-439548 1 0
-440123 131072 0
-440331 1 0
-440884 0 0
-441691 262144 0
-443491 16777216 0
-444732 1 0
-448924 4 0
-449619 1 0
-451907 256 0
-452596 0 0
-453235 2 0
-453611 32 0
-455956 0 0
-456856 201326592 0
-458287 256 0
-459451 512 0
-462064 67108864 0
-462203 4 0
-463835 2 0
-465027 1 0
-465203 4194304 0
-465832 100663296 0
-466672 67108864 0
-466883 0 1 541
-466971 1 0
-467331 1 0
-469643 0 1 271
-471979 64 0
-472060 2 0
-473128 100663296 0
-474139 0 1 251
-476668 0 1 269
-477016 201326592 0
-477459 1 1 53051
-479507 4 0
-482344 100663296 0
-484060 2 0
-484444 0 1 281
-485003 16384 0
-487192 201326592 0
-488252 1024 0
-488491 0 1 179
-489107 32 0
-489339 1 1 54371
-490819 4 0
-491836 2048 0
-494435 2 0
-495123 1 0
-495683 0 1 163
-496787 262144 0
-496792 201326592 0
-497499 1 0
-497752 201326592 0
-499115 2 0
-501211 32 0
-501232 67108864 0
-507343 0 1 181
-512092 4 0
-512267 4 0
-517051 2048 0
-517947 1 0
-518435 2 0
-518507 8 0
-519028 0 0
-520060 2 0
-522091 32768 0
-522492 1 0
-523339 0 1 577
-523352 201326592 0
-525107 8 0
-525443 0 1 181
-525691 32 1 107
-526059 1 1 58451
-526187 0 1 197
-526192 67108864 0
-526939 4 0
-528628 0 0
-529783 0 1 563
-530356 0 0
-530547 1 0
-536308 0 0
-537532 65536 0
-540443 0 1 353
-540451 16777216 0
-540563 0 1 241
-541491 1 0
-541851 1 0
-542459 0 1 457
-543763 8 0
-544636 8192 0
-554251 32 0
-554428 4 0
-554539 16384 0
-555248 67108864 0
-558616 201326592 0
-561571 0 1 593
-561859 0 1 131
-566451 1 1 62939
-566611 4096 0
-567571 128 0
-568203 1 0
-570012 1 0
-570979 32 0
-571715 2 0
-574312 100663296 0
-576339 1 0
-579739 256 0
-580299 1 0
-581379 1 0
-582867 1 1 64763
-583708 524288 0
-589427 8192 0
-594963 1 1 66107
-595996 1024 0
-596788 0 0
-597244 32 0
-598972 8 0
-600124 4 0
-602059 1048576 0
-602523 1 1 66947
-602608 67108864 0
-603292 8192 0
-604315 2 0
-606003 1 0
-606568 100663296 0
-611619 1 0
-611635 2 0
-612411 1 0
-614932 0 0
-615331 1048576 0
-619699 65536 0
-620779 0 1 569
-625384 100663296 0
-625459 32768 0
-626091 1 0
-626131 8 0
-628348 4 0
-628763 32768 0
-629635 2 0
-632308 0 0
-636028 256 0
-636243 1 0
-636523 512 0
-637363 524288 0
-638243 65536 0
-638812 256 0
-644212 0 0
-644508 1 1 17903
-644884 0 0
-647259 1 0
-647476 0 0
-649435 2 0
-649763 0 1 661
-650140 2 0
-651283 262144 0
-651499 0 1 449
-655051 0 1 661
-658108 8 0
-659779 256 0
-659836 0 1 293
-661771 8 0
-662731 1048576 0
-663083 16384 0
-668968 100663296 0
-669076 0 0
-669619 0 1 337
-671179 0 1 197
-671523 1 0
-672459 1 0
-675499 8 0
-676939 0 1 163
-677608 100663296 0
-679011 1 0
-679819 4 0
-681172 0 0
-681531 1 0
-682907 32 1 139
-684811 32 0
-686603 64 0
-687859 512 0
-689428 0 0
-689971 65536 0
-690827 1024 0
-692212 0 0
-692683 64 0
-696051 1 1 77339
-698515 2 0
-701044 0 0
-701971 0 1 337
-702499 4 0
-703291 0 1 179
-705091 0 1 229
-712468 0 0
-715048 100663296 0
-719547 1 0
-719668 0 0
-722035 2 0
-723772 4 0
-725875 2 1 5807
-726931 0 1 449
-730108 0 1 349
-730203 1 0
-731740 2 0
-740419 2048 0
-743635 2 0
-744571 131072 0
-744883 0 1 151
-747443 0 1 293
-748912 67108864 0
-749116 0 1 137
-750507 1 0
-750563 8 1 6203
-751435 2 0
-753067 4 0
-756091 4 0
-761563 8 0
-763507 524288 0
-766219 0 1 131
-768916 0 0
-769468 4 0
-771859 8 1 6379
-775252 0 0
-777243 1 1 509
-778219 16 0
-778612 0 0
-779387 4 0
-782296 201326592 0
-786987 1 1 87443
-787672 201326592 0
-787947 1 0
-793384 100663296 0
-795579 1 0
-796252 64 0
-797899 0 1 107
-798115 2 0
-800872 100663296 0
-801211 64 0
-802108 0 1 193
-804163 65536 0
-804892 8 1 1663
-805883 16 0
-806971 8 0
-808168 100663296 0
-808371 1 1 89819
-808411 0 1 433
-809027 0 1 107
-809971 0 1 239
-810627 1 0
-810715 2 0
-811708 0 1 307
-812635 2 0
-815107 0 1 367
-815371 32 0
-817227 1 1 90803
-819683 0 1 139
-821371 0 1 421
-821539 0 1 829
-822268 0 1 199
-824203 16384 0
-824347 32 0
-824371 0 1 809
-825148 128 0
-825364 0 0
-825859 0 1 281
-826067 8 1 6827
-832540 2 0
-832852 0 0
-833788 32768 0
-834211 4 0
-835732 0 0
-835747 8 1 6907
-839067 1 0
-843859 1024 0
-845739 1 1 93971
-848427 1 0
-850648 201326592 0
-851035 2 0
-851068 0 1 263
-852328 100663296 0
-854548 0 0
-855843 1 0
-856168 100663296 0
-857368 201326592 0
-860788 0 0
-866611 0 1 523
-869163 1 0
-871651 8 0
-876859 0 1 601
-879243 1 0
-879387 1 0
-880323 1 0
-881043 1 0
-881059 32 0
-881851 0 1 727
-884419 128 0
-885208 201326592 0
-885667 0 1 191
-885739 0 1 293
-886843 8192 0
-889323 1 0
-889531 0 1 241
-889939 128 0
-890187 1 0
-893272 201326592 0
-896523 1 0
-898387 4 0
-900148 0 0
-902283 1 0
-902452 0 0
-902896 67108864 0
-904408 201326592 0
-906819 1 0
-910291 262144 0
-910363 128 0
-910411 0 1 283
-911068 0 1 239
-911740 2 0
-912244 0 0
-914707 0 1 641
-916459 4096 0
-916483 0 1 269
-917212 256 0
-917603 0 1 229
-919459 4194304 0
-921148 0 1 421
-922492 0 1 211
-924568 201326592 0
-925611 1 0
-929723 0 1 107
-930147 1 0
-933139 16777216 0
-933235 2 0
-934312 100663296 0
-934683 1 0
-935299 0 1 137
-941163 1 0
-944947 0 1 313
-945963 1 1 105107
-946072 201326592 0
-946707 1 0
-947323 16 0
-947875 2 1 7583
-950683 0 1 317
-950932 0 0
-953500 2 1 1907
-953843 8 1 7883
-955888 67108864 0
-956011 4 0
-957147 1 0
-959128 201326592 0
-960235 2 0
-964123 16384 0
-968788 0 0
-971188 0 0
-971248 67108864 0
-971403 1 0
-976387 0 1 193
-977491 2097152 0
-979315 2 0
-980739 1 1 108971
-981907 0 1 673
-987499 0 1 269
-987963 1 0
-989899 0 1 163
-990235 2 0
-990667 512 0
-990987 1 0
-991291 4 0
-994492 16384 0
-997467 1 0
-1000843 0 1 227
-1004467 0 1 919
-1004788 0 0
-1006427 2048 0
-1007260 2 0
-1011787 4 0
-1011952 67108864 0
-1016572 1048576 0
-1018603 0 1 191
-1022347 1024 0
-1022667 1 0
-1027219 0 1 103
-1028539 0 1 617
-1028779 0 1 557
-1028899 0 1 691
-1030915 2 0
-1032628 0 0
-1035123 1 0
-1035203 16 0
-1036648 100663296 0
-1039083 1 0
-1039819 8 0
-1041867 1 1 115763
-1044243 1 1 116027
-1044627 1 0
-1044891 1 1 116099
-1048227 1 0
-1049379 1 0
-1052875 2 1 8423
-1055272 100663296 0
-1056147 1 0
-1056451 8 1 8731
-1056931 0 1 967
-1062627 1 0
-1064203 4 0
-1065115 2 0
-1065403 0 1 127
-1065628 32 0
-1067587 0 1 431
-1073692 0 1 181
-1074292 0 0
-1078771 256 0
-1081468 256 0
-1087243 0 1 197
-1088483 8 0
-1097308 0 1 397
-1097371 8 0
-1099027 0 1 167
-1099915 2 0
-1103299 0 1 547
-1104387 1 0
-1107859 16384 0
-1108827 1 1 123203
-1110363 1 0
-1111587 1 0
-1113283 0 1 419
-1114123 0 1 859
-1114227 1 1 123803
-1115251 32 1 227
-1116235 2 0
-1117552 67108864 0
-1119451 0 1 191
-1121587 262144 0
-1124187 1 0
-1129048 201326592 0
-1129987 64 0
-1130227 4 0
-1133443 0 1 149
-1134571 16384 0
-1136507 8192 0
-1140907 2048 0
-1145211 1 0
-1150315 2 0
-1151947 0 1 839
-1153627 32768 0
-1153723 16777216 0
-1154728 100663296 0
-1157608 100663296 0
-1157731 0 1 139
-1160515 2 0
-1162027 0 1 163
-1165915 2 0
-1166443 0 1 883
-1167363 1 1 129707
-1167412 0 0
-1167979 1024 0
-1169212 8 0
-1171171 0 1 167
-1171843 0 1 787
-1173352 100663296 0
-1174315 2 0
-1175443 0 1 683
-1177948 0 1 181
-1178907 1 0
-1179627 1 0
-1180579 0 1 109
-1184971 0 1 251
-1185963 1 0
-1188532 0 0
-1192507 16777216 0
-1192552 100663296 0
-1193923 0 1 307
-1197843 1 0
-1203715 2 0
-1205587 0 1 257
-1208491 262144 0
-1212027 1 0
-1215019 16 0
-1215163 0 1 457
-1215811 0 1 131
-1216819 1024 0
-1217308 512 0
-1217491 8 0
-1218235 2 0
-1219947 1 0
-1220875 2 1 9767
-1221963 1 0
-1222939 0 1 857
-1224427 32768 0
-1229883 1 0
-1232368 67108864 0
-1234507 0 1 137
-1234707 1 0
-1236267 1 1 137363
-1241368 201326592 0
-1243048 100663296 0
-1245283 16 0
-1246708 0 0
-1248907 8 0
-1249308 1 1 34703
-1251139 0 1 139
-1251883 0 1 601
-1252531 4 0
-1254507 1 0
-1256667 1 0
-1258843 0 1 349
-1261027 0 1 181
-1261915 2 0
-1261987 128 0
-1263208 100663296 0
-1264099 0 1 137
-1274883 1 0
-1275187 32 0
-1276312 201326592 0
-1277032 100663296 0
-1277563 4 0
-1280875 2 1 10247
-1282923 1 1 142547
-1289683 131072 0
-1294012 16777216 0
-1295548 0 1 419
-1298323 16 0
-1304203 8192 0
-1305019 16384 0
-1306003 64 0
-1306771 0 1 163
-1307763 1 1 145307
-1310875 2 1 10487
-1311412 0 0
-1312852 0 0
-1315315 2 0
-1316083 128 0
-1317628 16 0
-1319683 64 0
-1322803 0 1 619
-1329547 0 1 251
-1333819 64 0
-1336372 0 0
-1342003 16 0
-1351408 67108864 0
-1351435 2 0
-1353427 64 0
-1353547 16 0
-1354723 128 0
-1355107 16 0
-1355179 4 0
-1356835 2 0
-1360923 1 0
-1361203 0 1 367
-1366147 1048576 0
-1366891 1024 0
-1368987 1 0
-1371379 0 1 659
-1371403 8 0
-1375867 0 1 271
-1376035 2 0
-1377307 0 1 733
-1379851 8 0
-1384267 0 1 449
-1386123 1 0
-1394515 2 0
-1395787 4194304 0
-1398835 2 0
-1399363 4 0
-1400083 8192 0
-1401115 2 0
-1405588 0 0
-1412392 100663296 0
-1417012 0 0
-1426219 0 1 599
-1431835 2 0
-1434667 16 0
-1435003 0 1 1103
-1435432 100663296 0
-1435443 1 0
-1439467 0 1 463
-1440067 64 0
-1440112 67108864 0
-1441819 8192 0
-1448035 2 0
-1452787 4 0
-1453843 16384 0
-1454643 1 1 161627
-1456827 1 0
-1458187 0 1 593
-1458451 0 1 877
-1462483 8 0
-1465291 16384 0
-1466763 1 0
-1468072 100663296 0
-1472227 32768 0
-1472827 0 1 739
-1474387 0 1 157
-1475707 0 1 367
-1475875 2 1 11807
-1476451 2048 0
-1476532 0 0
-1477603 65536 0
-1478283 1 0
-1478587 8 0
-1480252 64 0
-1484667 1 1 164963
-1490803 256 0
-1491523 8 0
-1498443 1 0
-1499323 4 0
-1499787 1 1 166643
-1501267 0 1 127
-1510888 100663296 0
-1523659 32 0
-1524643 0 1 107
-1546339 0 1 103
-1550872 201326592 0
-1552552 100663296 0
-1553539 16 0
-1554907 0 1 347
-1560115 2 0
-1562227 0 1 127
-1566832 67108864 0
-1570003 128 0
-1571032 201326592 0
-1572403 4 0
-1573492 0 0
-1575787 0 1 577
-1578163 0 1 373
-1582507 0 1 1019
-1582627 0 1 991
-1583187 1 0
-1587259 4096 0
-1587363 1 0
-1590387 1 0
-1590691 0 1 233
-1594707 1 0
-1599163 0 1 307
-1599448 201326592 0
-1607299 32 0
-1612147 8192 0
-1612648 100663296 0
-1635523 0 1 179
-1636603 64 0
-1638235 2 0
-1640875 2 1 13127
-1647643 0 1 181
-1648252 32 0
-1650147 1 0
-1652788 0 0
-1653523 524288 0
-1656547 512 0
-1658347 262144 0
-1660443 1 0
-1660915 2 0
-1664188 128 0
-1679227 8 0
-1683427 0 1 223
-1684467 1 1 187163
-1685875 2 1 13487
-1687483 4 0
-1690683 1 0
-1692403 0 1 331
-1693528 201326592 0
-1695115 2 0
-1699267 0 1 107
-1699315 2 0
-1699963 0 1 179
-1705123 4 0
-1706443 32 0
-1707115 2 0
-1708123 0 1 233
-1710067 4096 0
-1712547 1 1 190283
-1718827 8 0
-1721707 16 0
-1722088 100663296 0
-1728523 32768 0
-1731307 2048 0
-1732603 0 1 859
-1741747 4 0
-1744003 0 1 131
-1752235 2 0
-1756603 0 1 739
-1757107 8 0
-1758043 4 0
-1767643 32 0
-1768483 0 1 619
-1769035 2 0
-1775643 1 0
-1777987 0 1 311
-1779835 2 0
-1781635 2 0
-1784083 4 0
-1786507 65536 0
-1788259 8 1 14779
-1804387 16 0
-1804867 64 0
-1805875 2 1 14447
-1806787 256 0
-1808203 16777216 0
-1808827 0 1 313
-1815235 2 0
-1816747 128 0
-1820515 2 0
-1821283 64 0
-1833148 256 0
-1836547 0 1 127
-1836643 1024 0
-1840363 4 0
-1844107 0 1 509
-1850083 0 1 277
-1853347 0 1 107
-1856107 8 0
-1857643 4096 0
-1864627 0 1 373
-1867987 8 0
-1873435 2 0
-1883203 4 0
-1887715 2 0
-1887787 8 0
-1893067 8 0
-1904923 256 0
-1910283 1 0
-1910875 2 1 15287
-1912003 0 1 797
-1915603 0 1 991
-1923387 1 0
-1926115 2 0
-1935123 1 0
-1939963 0 1 239
-1942312 100663296 0
-1944547 8 0
-1950243 1 0
-1951363 524288 0
-1952203 8 0
-1953268 0 0
-1957387 0 1 839
-1968387 1 0
-1970875 2 1 15767
-1974835 2 0
-1982947 0 1 131
-1984483 0 1 173
-1989843 1 0
-1994923 4 0
-1997563 32768 0
-2007523 4 0
-2012707 128 0
-2026291 0 1 281
-2027803 512 0
-2029372 0 1 181
-2037835 2 0
-2037907 0 1 911
-2041323 1 0
-2046643 0 1 137
-2047843 4 0
-2050315 2 0
-2054515 2 0
-2058547 32 1 419
-2063803 4 0
-2070163 0 1 593
-2074003 524288 0
-2076067 4 0
-2084707 0 1 449
-2085523 8 0
-2086387 0 1 181
-2086963 16777216 0
-2094667 0 1 479
-2095963 0 1 137
-2097907 4 0
-2098387 0 1 241
-2102923 0 1 811
-2106787 0 1 227
-2114403 1 0
-2119132 0 1 563
-2124283 4 0
-2140747 4 0
-2147803 4 0
-2148787 2097152 0
-2157067 8 1 17827
-2165923 256 0
-2170435 2 0
-2172307 1024 0
-2175643 32 0
-2190883 0 1 163
-2196835 2 0
-2201683 8 0
-2202715 2 0
-2209363 16 0
-2213227 16384 0
-2213563 8 0
-2247883 8 0
-2257027 4096 0
-2257963 524288 0
-2259987 1 0
-2260987 0 1 109
-2267875 2 1 18143
-2270107 4 0
-2281603 0 1 1031
-2283747 1 0
-2286667 0 1 137
-2287267 2048 0
-2290723 0 1 383
-2294323 0 1 373
-2294587 8192 0
-2297128 100663296 0
-2302315 2 0
-2304883 4 0
-2313283 4 0
-2316187 0 1 1019
-2323435 2 0
-2357107 0 1 283
-2366323 512 0
-2374507 512 0
-2377867 2097152 0
-2378227 512 0
-2394043 32768 0
-2399203 131072 0
-2399923 65536 0
-2401963 0 1 431
-2404627 128 0
-2412403 4 0
-2414707 0 1 563
-2414787 1 0
-2422435 2 0
-2425483 64 0
-2429443 32768 0
-2435827 16384 0
-2445307 65536 0
-2451403 0 1 131
-2459347 8 0
-2460427 32 0
-2469835 2 0
-2474763 1 0
-2489827 512 0
-2517523 2048 0
-2524603 1048576 0
-2533843 16 0
-2542915 2 0
-2549107 8 1 21067
-2550067 16 0
-2553643 65536 0
-2558707 0 1 823
-2574307 0 1 727
-2574427 0 1 193
-2585643 1 0
-2590267 512 0
-2595352 201326592 0
-2598187 0 1 617
-2600563 4 0
-2602387 0 1 1319
-2607763 128 0
-2609707 64 0
-2612107 32768 0
-2624923 4 0
-2645203 8 0
-2654323 4 0
-2655307 64 0
-2657923 0 1 563
-2658427 16384 0
-2687875 2 1 21503
-2698243 0 1 257
-2730667 0 1 283
-2745667 0 1 139
-2746027 32 0
-2754667 2048 0
-2762923 64 0
-2793667 4096 0
-2805427 0 1 251
-2812843 8 0
-2816227 4194304 0
-2825947 65536 0
-2829643 0 1 1069
-2860867 0 1 223
-2869267 512 0
-2902747 512 0
-2914627 0 1 641
-2933547 1 0
-2943523 8 0
-2963227 0 1 443
-2972643 1 0
-2994523 4 0
-3006067 524288 0
-3010603 4194304 0
-3032635 2 0
-3051427 1024 0
-3055627 262144 0
-3063547 0 1 197
-3065203 0 1 569
-3073267 0 1 1697
-3085483 32 0
-3087667 8 0
-3096307 0 1 607
-3136963 0 1 599
-3155443 0 1 1039
-3156043 8 1 26083
-3180643 2097152 0
-3187123 131072 0
-3187867 0 1 509
-3189307 8 0
-3190363 8 0
-3221563 524288 0
-3225643 512 0
-3237067 256 0
-3248323 16 0
-3286987 8 0
-3344947 256 0
-3347323 4 0
-3359323 8 1 27763
-3364603 8 0
-3406267 0 1 127
-3415483 0 1 601
-3469027 0 1 1667
-3472723 4096 0
-3561163 0 1 409
-3584443 16384 0
-3593923 512 0
-3596443 0 1 241
-3745267 8388608 0
-3756043 0 1 983
-3760915 2 0
-3826867 8 1 31627
-3868027 32 0
-3987547 0 1 109
-4077283 4 0
-4197187 4096 0
-4247587 32768 0
-4263043 0 1 239
-4291123 32 0
-4403107 0 1 1367
-4736587 0 1 433
-4845163 0 1 487
