-22871
-23831
-25247
-28751
-31991
-37199
-38303
-39511
-41183
-41687
-51407
-56807
-63559
-73772
-82508
-83047
-84631
-91484
-91967
-93836
-94399
-95324
-98887
-99692
-100988
-103471
-106759
-108799
-109807
-111116
-115004
-121019
-126668
-127964
-130087
-132511
-132751
-133711
-138668
-139571
-141179
-141199
-147596
-148796
-152959
-153212
-154604
-158044
-159223
-160019
-162011
-163259
-164291
-164732
-166748
-167084
-168908
-169639
-170647
-173804
-182828
-184876
-187423
-188204
-188459
-193484
-194284
-196379
-203051
-205379
-205628
-206764
-208907
-209311
-212012
-215191
-219059
-224524
-225068
-227228
-228251
-231436
-232268
-233143
-234103
-235148
-236407
-239027
-239287
-240364
-241207
-248044
-254236
-255587
-256687
-258443
-258487
-261011
-261463
-263411
-265543
-270316
-271067
-271811
-279596
-283564
-295468
-295819
-297659
-304163
-312251
-314723
-317132
-318107
-321964
-327251
-330227
-330247
-332188
-332887
-335171
-335372
-336683
-338027
-338524
-340588
-340787
-343411
-348827
-348844
-354587
-359263
-359483
-364543
-367868
-370828
-370892
-377596
-377779
-386963
-390211
-392908
-394411
-395548
-395611
-402796
-408019
-411083
-413884
-414703
-419788
-425164
-425363
-426508
-426796
-427036
-431731
-433931
-435196
-438499
-439228
-439532
-440939
-441811
-449164
-450028
-451859
-457651
-470891
-472939
-474443
-478787
-485131
-492364
-496459
-499787
-502924
-505819
-512507
-515539
-520348
-523459
-530044
-531004
-534844
-538828
-540172
-541708
-542251
-542284
-542299
-546604
-551731
-553699
-558139
-558188
-558587
-560908
-561931
-564796
-565771
-570683
-572387
-575723
-583948
-588827
-592547
-592684
-593179
-594508
-594827
-596251
-604291
-607756
-610252
-611836
-617164
-617731
-620332
-636892
-638668
-642508
-644363
-646291
-649427
-659539
-665387
-665452
-667643
-668428
-668963
-674572
-678556
-680003
-682588
-683308
-685819
-686731
-694828
-695116
-697579
-701179
-702451
-704419
-726787
-728428
-732331
-732467
-735628
-737179
-741292
-744844
-749692
-753772
-754099
-756268
-760579
-760972
-769963
-770284
-771739
-772972
-775531
-777619
-782371
-782659
-790732
-792691
-794587
-804652
-809356
-811123
-813091
-815123
-817708
-821507
-830131
-830188
-837244
-838099
-846259
-852259
-854092
-857539
-857932
-858859
-860764
-862219
-869299
-871027
-880939
-888691
-893227
-898819
-904147
-904492
-904667
-907843
-911788
-932572
-936412
-942892
-942988
-943003
-945628
-946987
-948091
-948707
-952507
-957091
-957148
-962747
-964828
-965659
-971371
-971563
-976588
-979171
-982403
-983491
-986507
-989011
-993451
-994667
-1000547
-1002427
-1009132
-1013827
-1019443
-1026748
-1033948
-1035211
-1036291
-1036459
-1037548
-1045852
-1045963
-1047148
-1048867
-1050811
-1062172
-1067788
-1084108
-1086331
-1092172
-1092643
-1100332
-1107619
-1110979
-1113187
-1117483
-1122139
-1132123
-1133227
-1133947
-1153132
-1156972
-1163507
-1169563
-1169932
-1173787
-1178059
-1183939
-1189612
-1190011
-1190587
-1197907
-1206979
-1219123
-1222307
-1225459
-1226347
-1228651
-1231339
-1232227
-1240363
-1250572
-1254467
-1256107
-1270651
-1271692
-1273099
-1275499
-1280947
-1293979
-1296907
-1299211
-1301347
-1301467
-1319212
-1320988
-1321867
-1331548
-1340419
-1342531
-1342963
-1351291
-1353763
-1361707
-1362643
-1363267
-1364491
-1369483
-1370323
-1373611
-1378099
-1380307
-1387579
-1406947
-1418107
-1421011
-1422907
-1425547
-1425667
-1430419
-1437052
-1439443
-1448428
-1453939
-1458172
-1459123
-1461868
-1462723
-1481947
-1488763
-1496827
-1507291
-1512652
-1518379
-1524931
-1527563
-1529068
-1529452
-1532659
-1569859
-1572427
-1573723
-1575283
-1581211
-1587532
-1598563
-1610923
-1618003
-1622947
-1630483
-1634923
-1635547
-1658812
-1667779
-1687963
-1692907
-1702243
-1703707
-1724347
-1726147
-1729843
-1733227
-1737403
-1738843
-1744243
-1744579
-1746763
-1747027
-1756267
-1761187
-1761883
-1765147
-1769947
-1771027
-1781803
-1790539
-1811443
-1832947
-1847539
-1848667
-1853611
-1867147
-1897228
-1899907
-1900147
-1900867
-1903987
-1935091
-1942363
-1963747
-1973467
-1983643
-2006923
-2008339
-2010667
-2013043
-2037067
-2087467
-2094187
-2098867
-2109403
-2109739
-2118643
-2123731
-2158627
-2164843
-2170387
-2180107
-2193547
-2198227
-2219947
-2235283
-2241427
-2260603
-2268043
-2280163
-2282923
-2292403
-2329027
-2343163
-2354587
-2358547
-2367187
-2373907
-2398027
-2400883
-2414107
-2416003
-2424907
-2425627
-2443747
-2444203
-2464003
-2485123
-2492443
-2521003
-2537803
-2549683
-2604907
-2632627
-2633563
-2649067
-2667883
-2723323
-2738467
-2773123
-2782147
-2790187
-2800627
-2808667
-2818027
-2827507
-2837803
-2859763
-2884963
-2908483
-2918563
-2946043
-2978539
-3012067
-3023563
-3029947
-3050107
-3077827
-3108163
-3138283
-3172747
-3174187
-3216403
-3231187
-3236347
-3239107
-3280867
-3304123
-3316987
-3323923
-3327787
-3339403
-3376363
-3450283
-3522667
-3534763
-3554107
-3565867
-3584323
-3598723
-3609523
-3685147
-3693187
-3744787
-3751603
-3877603
-3882547
-3911227
-3912547
-4020307
-4060387
-4138843
-4164427
-4314403
-4352947
-4500043
-4573627
-4649803
-4689547
-4873243
-5066587
-5149747
-5155483
-5455627
