-17519
-20639
-21599
-33647
-34607
-40487
-46639
-48119
-51503
-57559
-60631
-63391
-70076
-82556
-86396
-90679
-96059
-101527
-109379
-114371
-115783
-131959
-134588
-138007
-138428
-142019
-144847
-150151
-152939
-161599
-161948
-162079
-162343
-162847
-163211
-164431
-178859
-179383
-183971
-185099
-186556
-192476
-206012
-206407
-210967
-221987
-230236
-234343
-236627
-240203
-241739
-242171
-242524
-244619
-252611
-253564
-253763
-262643
-266047
-266767
-288007
-288583
-297247
-297487
-310883
-323027
-330203
-331423
-331883
-338339
-341863
-349579
-355811
-362716
-365983
-396103
-406108
-409163
-413867
-416243
-425003
-425059
-432587
-436087
-439459
-439771
-441127
-443123
-443243
-443987
-444607
-449419
-454907
-463132
-463643
-467527
-467963
-468967
-476027
-478411
-479419
-496339
-508771
-511523
-517411
-520547
-527836
-534367
-540803
-545731
-545947
-549331
-552028
-552859
-561947
-579388
-579571
-584659
-586459
-588683
-590963
-590987
-600604
-603091
-615827
-628267
-629003
-646396
-647147
-648316
-649372
-651388
-657499
-657724
-660811
-663587
-668611
-676387
-688187
-717532
-722243
-755483
-760891
-766067
-768979
-779011
-783259
-789331
-789739
-793699
-798139
-799891
-825628
-831811
-842627
-843868
-848707
-856939
-872243
-874427
-891091
-891523
-899851
-908419
-920011
-923347
-926179
-926867
-933979
-934603
-937372
-939451
-941299
-961507
-1015051
-1018651
-1024987
-1028107
-1036363
-1039651
-1050331
-1058203
-1064188
-1066987
-1067068
-1072147
-1077499
-1083923
-1099459
-1105171
-1105651
-1111219
-1126963
-1130131
-1133659
-1135363
-1152028
-1152979
-1154332
-1166107
-1173163
-1173979
-1174267
-1188988
-1189948
-1190611
-1198051
-1200643
-1200883
-1206619
-1209979
-1218787
-1219147
-1233019
-1243483
-1253059
-1268803
-1272043
-1272811
-1280987
-1282363
-1288939
-1294627
-1299763
-1314043
-1317259
-1325692
-1330867
-1331779
-1334491
-1344283
-1367452
-1370587
-1376203
-1392163
-1410307
-1412779
-1415083
-1424443
-1436779
-1444459
-1454443
-1455403
-1461403
-1463932
-1472203
-1473803
-1516027
-1527187
-1532827
-1534171
-1546939
-1548307
-1566043
-1584412
-1599523
-1616803
-1616827
-1626451
-1635811
-1694227
-1732867
-1744348
-1747387
-1747579
-1749091
-1764508
-1767763
-1778428
-1783723
-1790707
-1798963
-1810363
-1816387
-1816987
-1863787
-1864507
-1870108
-1875868
-1876747
-1909603
-1919947
-1921819
-1939771
-1951843
-1969147
-1977259
-1994203
-2060563
-2063323
-2067547
-2079403
-2084107
-2103403
-2137468
-2154643
-2155723
-2167939
-2169883
-2214907
-2236627
-2238763
-2242363
-2271163
-2282323
-2311147
-2320363
-2364643
-2391043
-2423227
-2441563
-2444467
-2484931
-2538307
-2638003
-2651683
-2681347
-2681827
-2734243
-2742547
-2754907
-2761987
-2800267
-2815507
-2823283
-2879083
-2907067
-2966923
-2990443
-3013147
-3021643
-3026827
-3036427
-3037963
-3180907
-3198427
-3227827
-3236083
-3314347
-3339043
-3469867
-3476947
-3526867
-3581827
-3613747
-3793003
-3801403
-3895747
-3985843
-4127467
-4163707
-4194523
-4274827
-4372747
-4592347
-4711963
-4938187
