-13751
-15959
-19751
-22343
-23159
-31271
-36551
-39679
-41719
-41927
-45599
-53324
-53479
-53996
-55004
-63836
-65543
-66764
-68311
-69164
-70951
-72236
-72524
-76343
-76556
-77167
-79004
-79231
-80599
-84059
-85868
-86743
-89228
-89372
-92636
-102539
-105727
-106591
-111871
-113996
-115916
-116588
-120364
-122051
-123724
-125084
-132428
-138079
-144332
-145451
-145543
-146204
-153836
-156703
-158716
-161132
-163052
-166876
-167708
-171916
-173743
-177964
-182396
-185228
-188588
-188939
-189223
-189548
-193036
-194167
-194767
-197644
-197963
-199148
-199831
-202892
-203339
-205883
-212167
-213916
-214063
-216127
-217307
-217324
-217979
-220684
-220876
-228556
-230647
-236492
-239023
-239383
-240011
-241543
-245023
-250892
-257627
-259183
-260012
-260411
-261676
-262156
-262172
-262739
-268207
-273244
-275339
-278956
-279436
-280396
-281527
-283804
-285539
-286043
-286459
-288908
-292091
-295187
-295628
-297971
-298924
-304663
-305372
-308027
-308668
-313868
-316259
-316924
-318683
-319427
-319691
-322396
-323579
-325691
-327247
-327443
-328667
-334171
-339148
-339788
-340211
-341219
-341644
-346972
-347099
-355532
-364396
-364499
-365644
-367531
-367547
-368539
-376876
-377164
-377708
-380428
-382828
-383884
-383963
-385331
-385403
-385804
-386851
-387227
-387724
-388903
-391283
-392099
-395767
-402139
-403948
-406067
-411707
-412492
-415372
-416419
-416579
-422908
-424492
-426364
-427307
-429851
-443147
-447484
-451372
-453347
-458123
-461843
-466819
-466828
-471532
-472543
-473147
-475763
-476332
-477196
-478636
-480091
-482476
-482956
-484459
-492227
-494267
-496283
-499276
-501103
-505051
-505772
-507139
-510707
-521491
-521932
-522127
-525004
-527143
-530027
-530188
-530476
-538051
-538763
-542131
-546019
-548123
-552316
-553667
-554887
-560491
-562348
-575788
-578419
-582172
-583403
-590284
-590659
-593987
-595411
-595564
-597004
-597292
-598651
-612811
-625643
-626812
-627619
-637699
-643883
-644867
-657827
-658219
-659371
-660844
-663979
-665267
-666412
-666508
-669931
-678563
-679051
-688403
-691948
-694156
-694972
-695059
-695843
-695867
-696364
-700012
-704131
-705388
-714827
-719692
-721228
-735052
-740059
-742732
-743731
-744076
-747052
-747532
-748108
-756892
-757363
-758188
-758572
-768172
-769036
-771403
-776668
-778828
-779068
-779899
-780172
-780707
-784012
-784204
-790043
-790747
-791899
-795323
-799324
-805228
-806188
-808699
-813292
-814067
-820163
-821851
-822571
-829819
-836107
-846067
-846187
-846892
-848668
-852139
-856012
-856252
-858892
-859948
-863003
-864508
-870811
-875692
-878419
-880531
-884899
-893107
-894028
-896491
-897772
-898483
-902507
-903323
-908524
-911308
-917923
-919531
-920539
-922588
-925339
-931003
-934732
-937883
-939443
-942163
-944428
-952291
-953068
-954307
-956092
-957532
-958787
-959788
-960172
-963532
-965452
-966172
-969347
-969868
-971692
-980092
-980428
-982339
-986572
-987211
-989059
-992812
-994828
-996187
-999091
-1007788
-1015603
-1022467
-1023643
-1024171
-1024307
-1025443
-1028683
-1035052
-1036732
-1038412
-1042819
-1047859
-1052851
-1053259
-1057051
-1057291
-1058779
-1060723
-1061251
-1061932
-1062547
-1072828
-1073131
-1079059
-1086763
-1088851
-1104748
-1108747
-1110019
-1112611
-1115683
-1116859
-1122412
-1125907
-1126108
-1129228
-1147387
-1147948
-1157059
-1160611
-1166083
-1166188
-1166827
-1177843
-1179883
-1180507
-1184332
-1186252
-1187308
-1202251
-1206187
-1207363
-1218652
-1241467
-1247947
-1250971
-1255948
-1256923
-1259308
-1259371
-1266323
-1272163
-1286371
-1287163
-1288003
-1305571
-1308988
-1318963
-1319788
-1331299
-1332547
-1338907
-1345612
-1351747
-1360747
-1367323
-1373068
-1377427
-1377811
-1387123
-1393228
-1396411
-1398412
-1404979
-1412812
-1424323
-1425139
-1427347
-1431532
-1445371
-1489051
-1490347
-1494067
-1495003
-1495852
-1501723
-1502323
-1503163
-1504627
-1507867
-1509163
-1522579
-1545547
-1554043
-1555612
-1578883
-1579027
-1583068
-1597243
-1599931
-1614307
-1615483
-1625347
-1627627
-1658827
-1659547
-1661827
-1673107
-1678267
-1688971
-1692043
-1702339
-1711123
-1723627
-1723723
-1726411
-1727587
-1730683
-1734787
-1748083
-1751683
-1753459
-1756747
-1770427
-1776091
-1793107
-1795363
-1802347
-1820347
-1823308
-1829563
-1847563
-1853587
-1890172
-1890547
-1895083
-1902643
-1902763
-1903147
-1904428
-1906843
-1909363
-1920403
-1920427
-1927867
-1931323
-1934707
-1945843
-1948147
-1951483
-1954003
-1957027
-1967683
-1978348
-1978507
-1989787
-1996723
-2004412
-2011363
-2021563
-2037523
-2049547
-2052163
-2056363
-2058163
-2070427
-2086507
-2088508
-2093827
-2108572
-2114347
-2134267
-2142523
-2142883
-2158027
-2161987
-2192563
-2212723
-2219548
-2226403
-2236747
-2237107
-2245483
-2259643
-2266027
-2267203
-2271067
-2288323
-2289163
-2291227
-2291563
-2293267
-2304283
-2305747
-2315107
-2321923
-2328307
-2336947
-2371147
-2379283
-2392492
-2419723
-2463532
-2471947
-2481187
-2483707
-2489923
-2535187
-2537347
-2540323
-2557843
-2560603
-2574763
-2589427
-2591587
-2596147
-2614627
-2633467
-2645827
-2685187
-2691067
-2700427
-2723827
-2752003
-2785843
-2813947
-2836243
-2846083
-2847643
-2904763
-2915323
-2952427
-2957683
-2959867
-2964427
-2971747
-2993083
-3026587
-3028027
-3031267
-3045043
-3045883
-3058603
-3124027
-3145123
-3171547
-3191323
-3220627
-3247003
-3252043
-3269443
-3273307
-3277387
-3320683
-3333163
-3342067
-3356347
-3392803
-3416323
-3437443
-3494107
-3504043
-3511243
-3547867
-3594067
-3603667
-3723427
-3859003
-3932707
-4028707
-4037707
-4071307
-4168123
-4307227
-4334467
-4425787
-4449307
-4539907
-5046787
