-24071
-50839
-58151
-64231
-67943
-69991
-70487
-73943
-73999
-77431
-86927
-90071
-96284
-105899
-109103
-115183
-120539
-120919
-124739
-125219
-129419
-131743
-134291
-136711
-142591
-145207
-156007
-167891
-171659
-172759
-180511
-182339
-203356
-205019
-209579
-211663
-218287
-225683
-232604
-234847
-236771
-245863
-246923
-250687
-256924
-261323
-271772
-272959
-274403
-279964
-281948
-284723
-295772
-295996
-309131
-309724
-317983
-328931
-332767
-337327
-347708
-350899
-353819
-360284
-383651
-386411
-391903
-392363
-394571
-395287
-402823
-402847
-403787
-411923
-417203
-429931
-436412
-438967
-439303
-451051
-451547
-460732
-471179
-478099
-480107
-483676
-489539
-493523
-520763
-522251
-526972
-530267
-536699
-537379
-539507
-546844
-554419
-556403
-557059
-563987
-564979
-565667
-568523
-570364
-580828
-603227
-616579
-620579
-624028
-627091
-639211
-655651
-660251
-661267
-665123
-683899
-691036
-692299
-695627
-707299
-719027
-722044
-743507
-752627
-758299
-773147
-779971
-781883
-782251
-790219
-790819
-801379
-802651
-824179
-827251
-830899
-835099
-846652
-849019
-859939
-873148
-877651
-881611
-882139
-883339
-883667
-895283
-896723
-928771
-936451
-939388
-953747
-954619
-966499
-970987
-979883
-980491
-983123
-983452
-995243
-996019
-997219
-1002748
-1026427
-1029499
-1031731
-1033387
-1036579
-1039187
-1041619
-1053739
-1060403
-1069219
-1075507
-1083571
-1084051
-1091836
-1096219
-1098187
-1099867
-1104139
-1107811
-1109987
-1118011
-1121899
-1130123
-1139483
-1147099
-1151659
-1157851
-1160179
-1174163
-1180771
-1193443
-1204507
-1210483
-1256611
-1257859
-1271932
-1275019
-1302787
-1309163
-1331068
-1339339
-1342291
-1343899
-1349308
-1361443
-1363603
-1364731
-1388011
-1394299
-1404859
-1411099
-1420123
-1432411
-1434067
-1443067
-1443331
-1449067
-1450051
-1466371
-1499683
-1508131
-1515571
-1519939
-1522387
-1523707
-1524403
-1531147
-1532899
-1536643
-1552531
-1558099
-1563811
-1567612
-1580707
-1581148
-1604611
-1611292
-1611388
-1615363
-1627459
-1644931
-1645123
-1675747
-1694851
-1704067
-1708507
-1719643
-1740787
-1741699
-1741891
-1755868
-1757212
-1769563
-1786363
-1804963
-1818499
-1827307
-1827379
-1860427
-1941763
-1946851
-1959283
-1976011
-1978531
-1990507
-2008483
-2029243
-2035507
-2056963
-2081467
-2091667
-2094787
-2107747
-2119363
-2137243
-2151283
-2168827
-2199907
-2216803
-2220187
-2224627
-2234923
-2246323
-2322163
-2327323
-2331283
-2364163
-2372563
-2392147
-2393707
-2398147
-2398267
-2414947
-2426491
-2428003
-2440003
-2452123
-2476363
-2480683
-2490811
-2513347
-2520907
-2526427
-2534491
-2544907
-2556163
-2579923
-2583547
-2588203
-2590387
-2625067
-2636107
-2662507
-2679643
-2688883
-2699803
-2750827
-2761147
-2766163
-2805643
-2833723
-2846323
-2852467
-2863387
-2885947
-2913619
-2996443
-3022507
-3052963
-3071707
-3074923
-3095563
-3102787
-3116587
-3135283
-3150907
-3188803
-3210043
-3210643
-3246307
-3250123
-3254227
-3264403
-3279763
-3298387
-3360043
-3370987
-3376003
-3393427
-3409387
-3414427
-3450427
-3527659
-3533443
-3553267
-3614587
-3617443
-3633403
-3673987
-3723787
-3809947
-3890083
-3903187
-3935947
-3936307
-3975547
-4013227
-4066987
-4087843
-4117843
-4135363
-4147483
-4204027
-4575187
-4647283
-4676323
-4856923
-4890043
-4895587
-4957243
-5152387
-5370667
-5827963
-7544947
