-24671
-28439
-43271
-57383
-85247
-86423
-106103
-121487
-122207
-126631
-133979
-134327
-135647
-141079
-145903
-156659
-157303
-159079
-163019
-164743
-167087
-168527
-179119
-185767
-188863
-194839
-200171
-205663
-215771
-221219
-222127
-222731
-224239
-228559
-236339
-238691
-258127
-260647
-270131
-270583
-271499
-271787
-279607
-281023
-281579
-286063
-287503
-301927
-308219
-310711
-316903
-323647
-331543
-339323
-347983
-349907
-349931
-353603
-354251
-359171
-364739
-372607
-374123
-376931
-377387
-380299
-389723
-397687
-402343
-404527
-405323
-415523
-415543
-416387
-417251
-425819
-430019
-443983
-447443
-472163
-474779
-480419
-491483
-493643
-495323
-503647
-505663
-506339
-513419
-515579
-515611
-515651
-516371
-518743
-532283
-536099
-540367
-549443
-555931
-563047
-565907
-580291
-581407
-601451
-609227
-614147
-614267
-618587
-625939
-638047
-645571
-667427
-671939
-686131
-692779
-702379
-702827
-718051
-719659
-723563
-737147
-741343
-744203
-754651
-756323
-757291
-758731
-768203
-774107
-775091
-788387
-788971
-796459
-798923
-807379
-828379
-842483
-847883
-856043
-857963
-867259
-872251
-873083
-878539
-882019
-892531
-900331
-902299
-920971
-921259
-928883
-935059
-935971
-965131
-979907
-980131
-981467
-984091
-989123
-989419
-990259
-992011
-992371
-1003747
-1014331
-1019899
-1038563
-1044227
-1045643
-1047283
-1057003
-1068323
-1069291
-1080043
-1080811
-1082243
-1094011
-1115363
-1124267
-1151747
-1152091
-1160491
-1172147
-1186699
-1189339
-1199899
-1202987
-1210883
-1218307
-1222219
-1223723
-1224259
-1243843
-1245091
-1272379
-1274803
-1276747
-1278803
-1287691
-1294123
-1302019
-1317451
-1317691
-1321171
-1324579
-1326499
-1332427
-1340323
-1342051
-1344979
-1360699
-1360819
-1365571
-1388323
-1390339
-1396579
-1412347
-1415971
-1440499
-1444291
-1449523
-1451539
-1453171
-1458883
-1459411
-1461091
-1465987
-1477771
-1480291
-1496563
-1500043
-1501411
-1525099
-1525123
-1530691
-1533283
-1535011
-1535563
-1556003
-1562707
-1571419
-1575547
-1578091
-1588963
-1598963
-1601059
-1601659
-1603363
-1607131
-1653451
-1665523
-1666843
-1679659
-1686259
-1687843
-1699427
-1702627
-1711651
-1727563
-1727851
-1751083
-1754971
-1772107
-1797067
-1802107
-1803667
-1814347
-1818107
-1837027
-1840651
-1842619
-1849483
-1852771
-1862611
-1863067
-1865443
-1867867
-1883971
-1885459
-1896883
-1910059
-1921027
-1921267
-1923787
-1967587
-1971427
-1976707
-1983427
-1993699
-2009467
-2014651
-2017027
-2020387
-2038363
-2041147
-2042419
-2067019
-2067451
-2085931
-2092099
-2092963
-2095459
-2105947
-2111443
-2113819
-2132467
-2136163
-2139043
-2140843
-2153083
-2160787
-2162947
-2164003
-2180083
-2191723
-2218171
-2225203
-2228011
-2233123
-2234587
-2239651
-2239723
-2256043
-2268547
-2269027
-2287531
-2297731
-2300203
-2307979
-2311051
-2314843
-2315347
-2316667
-2326267
-2352043
-2355307
-2359723
-2370523
-2400667
-2404483
-2405563
-2408587
-2424283
-2424739
-2476651
-2485507
-2498707
-2508619
-2528923
-2529187
-2545363
-2581003
-2585251
-2588347
-2599867
-2611027
-2618779
-2622691
-2623267
-2629267
-2648419
-2653723
-2654059
-2672203
-2675203
-2676643
-2683147
-2704027
-2729347
-2745283
-2764147
-2770387
-2779507
-2784283
-2789707
-2793883
-2794963
-2807179
-2810371
-2812867
-2816083
-2832163
-2834467
-2835331
-2870443
-2870683
-2882323
-2890003
-2898187
-2903323
-2909323
-2918323
-2934067
-2970787
-2970907
-2975227
-2985163
-2986531
-3001147
-3003379
-3007747
-3008107
-3026203
-3027763
-3027907
-3036643
-3041803
-3065563
-3066211
-3068827
-3069427
-3072067
-3078883
-3097123
-3124747
-3124963
-3142507
-3148867
-3167587
-3178267
-3186163
-3201067
-3208507
-3233443
-3238243
-3278347
-3288163
-3297163
-3297907
-3305227
-3307747
-3319003
-3321763
-3375667
-3378307
-3383683
-3402787
-3435283
-3466003
-3492043
-3494947
-3555043
-3556123
-3575707
-3584107
-3587347
-3627067
-3719467
-3730267
-3737203
-3742267
-3751243
-3761227
-3763363
-3787123
-3792427
-3803587
-3809107
-3821827
-3832627
-3846523
-3858163
-3875323
-3877507
-3892123
-3901867
-3919603
-3925123
-3926707
-3926827
-3937147
-3951187
-3964963
-3976267
-3994699
-4010203
-4017547
-4018627
-4042627
-4063963
-4084147
-4088923
-4113547
-4167307
-4169443
-4191763
-4222243
-4237843
-4298683
-4301347
-4304323
-4309363
-4309867
-4332043
-4335787
-4379467
-4387363
-4428643
-4440067
-4465723
-4470043
-4479883
-4482787
-4485643
-4518187
-4545643
-4569667
-4571107
-4580227
-4589467
-4626043
-4628227
-4728043
-4734787
-4755067
-4801507
-4806211
-4828363
-4851907
-4897267
-4920763
-4940587
-5048467
-5074987
-5131963
-5253763
-5260747
-5364067
-5411323
-5442067
-5489443
-5499187
-5501563
-5540803
-5579347
-5597587
-5737363
-5738947
-5765323
-5789347
-5845387
-5877523
-5917627
-5922667
-5965507
-6062347
