-591 1 0
-623 4194308 0
-767 32784 0
-871 131088 0
-879 1 0
-1076 0 0
-1111 16777224 0
-1167 1 0
-1304 201326592 0
-1503 1 1 167
-1556 0 0
-1591 5120 0
-1639 8 0
-1903 8 0
-2215 2 0
-2216 100663296 0
-2263 524800 0
-2364 1 0
-2435 2 0
-2492 4194308 0
-2623 69632 0
-2648 201326592 0
-2672 67108864 0
-2815 2 0
-2863 4 0
-2935 2 0
-3032 201326592 0
-3068 32784 0
-3151 128 0
-3316 0 0
-3484 131088 0
-3516 1 0
-3563 4 0
-3587 32 0
-3703 132 0
-3827 4198400 0
-4084 0 0
-4115 2 0
-4163 128 0
-4328 100663296 0
-4336 67108864 0
-4444 16777224 0
-4456 100663296 0
-4504 201326592 0
-4667 16 0
-4668 1 0
-4811 32 0
-5383 4 0
-5416 100663296 0
-5603 16 0
-5716 0 0
-5739 1 0
-5819 136 0
-5931 1 1 659
-5972 0 0
-6012 1 1 167
-6019 16 0
-6127 8 0
-6243 1 0
-6364 5120 0
-6556 8 0
-6616 201326592 0
-6772 0 0
-6819 1 0
-7179 1 0
-7235 2 0
-7396 4096 0
-7403 8 0
-7612 8 0
-7763 4 0
-7768 201326592 0
-7899 1 0
-8023 262144 0
-8143 32 0
-8371 8 0
-8659 4 0
-8728 201326592 0
-8851 16384 0
-8860 2 0
-8907 1 0
-8915 2 0
-9052 524800 0
-9267 1 0
-9304 201326592 0
-9496 201326592 0
-10051 192 0
-10435 2 0
-10492 69632 0
-10579 262144 0
-10648 201326600 0
-10708 0 0
-10851 1 0
-11035 2 0
-11260 2 0
-11283 1 0
-11363 8 0
-11452 4 0
-11547 1 1 1283
-11668 0 0
-11740 2 0
-11763 1 1 1307
-11979 9 0
-12091 0 1 107
-12115 2 0
-12403 1048576 0
-12604 128 0
-12867 1 0
-13467 131073 0
-13672 100663296 0
-14019 1 0
-14059 32 0
-14179 8 0
-14548 0 0
-14587 256 0
-14635 2 0
-14812 132 0
-15208 100663296 0
-15472 67108864 0
-15563 1048576 0
-15832 201326592 0
-16243 1024 0
-16251 1 0
-16283 64 0
-16291 8 0
-16459 0 1 109
-17147 16 0
-17587 4096 0
-17779 128 0
-17947 0 1 131
-18115 2 0
-18243 1 1 2027
-18267 1 0
-18835 2 0
-18987 1 0
-19243 4 0
-19315 2 0
-19672 201326592 0
-20308 0 0
-20392 100663296 0
-20403 1 1 2267
-20848 67108864 0
-21532 4 0
-22579 131072 0
-22587 1 0
-22627 40 0
-22747 4224 0
-22987 0 1 127
-24243 1 0
-24427 16 0
-24508 8 0
-25387 16384 0
-25507 128 0
-25843 4096 0
-25963 4 0
-26323 8 0
-26548 0 0
-27619 262144 0
-28267 128 0
-28827 1 1 3203
-29227 8 0
-29635 2 0
-29827 4 0
-30123 1 1 3347
-30235 2 0
-30867 1 0
-31315 2 0
-32092 262144 0
-32572 32 0
-33643 32 0
-33667 0 1 131
-34003 1024 0
-34387 0 1 137
-35347 16 0
-35443 131200 0
-41083 4 0
-43723 128 0
-44923 0 1 167
-46363 262144 0
-47587 128 0
-47923 32 0
-49723 64 0
-53827 64 0
-77683 0 1 131
-85507 1024 0
