-44111
-47087
-48767
-52583
-55103
-62591
-80039
-105407
-106703
-110567
-118471
-125791
-127739
-136399
-140551
-143687
-144899
-159503
-160739
-160807
-172351
-179651
-187211
-203771
-208279
-208759
-214259
-218551
-219871
-222367
-224071
-246539
-247259
-252823
-258779
-260551
-267391
-268063
-291779
-299171
-303703
-303731
-315127
-318007
-344483
-364691
-366419
-375247
-375251
-375607
-385327
-389047
-411727
-412903
-414539
-427523
-428023
-436523
-437867
-441179
-451663
-451903
-461819
-462851
-464143
-474707
-482627
-498103
-500459
-513731
-515887
-527603
-541447
-542723
-543463
-547087
-584027
-584603
-587131
-607043
-609683
-609923
-615107
-615343
-622547
-632747
-651803
-658211
-689963
-694763
-701383
-715499
-737339
-741467
-753587
-765227
-767243
-769579
-772403
-773723
-787207
-789419
-789587
-794659
-819083
-835819
-840451
-845167
-883163
-888091
-909203
-921467
-923603
-934891
-937891
-965779
-971723
-975083
-977243
-1000579
-1003819
-1006163
-1020583
-1035323
-1036747
-1043899
-1047979
-1052899
-1057411
-1057883
-1069171
-1070843
-1074259
-1074379
-1077827
-1080091
-1094491
-1105427
-1126771
-1136627
-1140619
-1157627
-1168819
-1179379
-1191947
-1216763
-1219963
-1232299
-1249403
-1259299
-1259803
-1266091
-1271747
-1300963
-1315723
-1319107
-1322011
-1323571
-1366291
-1369339
-1369411
-1376747
-1389163
-1400923
-1404211
-1405099
-1410859
-1424539
-1454731
-1469467
-1471411
-1482883
-1497667
-1523563
-1544659
-1561243
-1561891
-1567771
-1580483
-1586027
-1600387
-1604419
-1643683
-1645099
-1651291
-1653499
-1674931
-1692283
-1703123
-1705387
-1715059
-1723219
-1729363
-1751011
-1762603
-1763491
-1766803
-1789603
-1790203
-1807027
-1810531
-1826899
-1830211
-1833163
-1835467
-1844299
-1854163
-1863403
-1878979
-1891387
-1893187
-1923763
-1925179
-1926403
-1935707
-1949539
-1950763
-1955467
-1955827
-1980523
-1990987
-2011987
-2017627
-2039467
-2044963
-2046787
-2055187
-2060803
-2064187
-2064427
-2084611
-2104507
-2106619
-2114323
-2129587
-2136451
-2183227
-2186059
-2188531
-2202547
-2209003
-2220331
-2264923
-2288467
-2305003
-2309803
-2317267
-2317387
-2323987
-2338747
-2340187
-2363707
-2382451
-2408723
-2422099
-2427067
-2437219
-2470003
-2487739
-2491171
-2492587
-2502259
-2505163
-2516947
-2519899
-2538427
-2631259
-2677291
-2681443
-2682307
-2697043
-2727763
-2735323
-2736451
-2754523
-2762083
-2768203
-2778067
-2794147
-2797723
-2799163
-2815843
-2833843
-2834539
-2834683
-2839747
-2848507
-2849947
-2884723
-2916763
-2926603
-2930419
-2935507
-2971987
-2987947
-2994643
-3035587
-3066187
-3067003
-3068227
-3132763
-3165427
-3179107
-3181579
-3216667
-3225787
-3253963
-3263803
-3268483
-3274987
-3278083
-3353107
-3358723
-3378187
-3389107
-3490363
-3494923
-3495643
-3496387
-3512227
-3512923
-3520987
-3544171
-3547723
-3554587
-3580747
-3587707
-3609379
-3611347
-3611563
-3634027
-3669763
-3713587
-3716827
-3719563
-3736723
-3781747
-3788227
-3839707
-3881803
-3887683
-3996283
-4027123
-4178827
-4196347
-4224427
-4236187
-4279267
-4300363
-4327387
-4426363
-4463467
-4483123
-4581523
-4612843
-4616803
-4667323
-4712947
-4810843
-4843243
-4843603
-4901947
-5014123
-5028307
-5036683
-5052763
-5058523
-5126083
-5142883
-5178163
-5226307
-5340883
-5429323
-5429803
-5514763
-5613547
-5743147
-5776387
-5798227
-5824723
-5938003
-5982043
-6012043
