-25031
-28031
-30911
-40823
-46703
-49367
-51839
-59999
-81199
-91127
-93983
-97007
-101839
-114679
-119191
-124471
-126751
-127103
-127591
-130639
-131063
-131311
-132151
-132647
-133327
-135607
-146891
-147503
-148639
-151499
-154247
-161411
-168151
-176459
-176651
-177539
-178951
-180679
-184711
-193607
-194771
-196687
-197383
-198491
-199499
-201011
-208223
-210631
-218459
-219971
-227743
-229499
-235519
-240943
-242863
-245071
-246511
-257407
-258031
-263383
-264007
-264371
-274931
-275503
-290767
-300851
-304331
-306727
-316859
-319211
-324151
-324491
-327343
-329143
-331063
-332411
-342059
-346259
-346303
-351011
-359243
-363343
-363371
-366463
-373207
-374939
-378083
-389003
-391451
-399851
-403063
-413863
-419171
-421423
-423103
-424019
-424139
-429899
-435247
-456683
-460211
-463763
-468059
-473167
-481883
-493447
-499883
-500287
-503963
-517547
-519611
-529687
-534091
-540203
-540587
-542579
-543227
-544883
-565979
-569843
-570487
-571019
-572843
-575647
-576203
-587747
-589451
-613651
-614863
-621443
-624259
-626363
-629743
-634979
-636967
-644747
-646523
-647263
-649307
-651811
-655687
-663563
-665527
-669419
-672443
-674371
-674767
-676051
-681019
-686611
-688939
-693487
-700643
-706523
-715423
-717811
-722723
-724099
-724939
-725371
-725723
-733099
-733427
-736403
-738827
-744083
-747563
-747827
-753499
-754939
-761051
-762367
-762563
-776483
-777683
-778819
-790523
-802643
-819827
-824147
-826907
-831443
-833491
-834299
-839963
-843211
-846323
-847051
-851899
-859787
-863843
-866963
-868531
-874763
-874891
-881779
-895667
-906107
-911371
-913771
-921331
-926963
-929483
-947539
-949307
-949523
-951331
-967819
-968147
-971027
-986131
-986851
-988147
-998539
-999563
-1006171
-1007299
-1011163
-1015043
-1015403
-1035499
-1045819
-1053707
-1055867
-1063219
-1068619
-1070987
-1075787
-1079011
-1085179
-1085611
-1086859
-1106179
-1110331
-1125931
-1127011
-1127803
-1150939
-1154947
-1156171
-1174891
-1187947
-1191107
-1192651
-1198187
-1202027
-1203827
-1215787
-1215923
-1222003
-1223003
-1229131
-1233107
-1242811
-1246579
-1260979
-1265179
-1265611
-1269379
-1273787
-1275107
-1277299
-1293283
-1296571
-1297171
-1297243
-1302571
-1312867
-1325867
-1331243
-1331347
-1338803
-1348891
-1350331
-1356499
-1358491
-1377043
-1386499
-1394539
-1406539
-1407619
-1414067
-1421083
-1424963
-1432891
-1457083
-1461931
-1467859
-1478611
-1488931
-1489819
-1490371
-1491739
-1496227
-1498531
-1503091
-1503787
-1503811
-1512323
-1518691
-1520131
-1540243
-1557499
-1558643
-1562971
-1565611
-1571467
-1589923
-1600531
-1604059
-1605187
-1608259
-1610123
-1618627
-1623883
-1627651
-1629163
-1632019
-1648291
-1649419
-1651219
-1654403
-1662571
-1679059
-1691659
-1695763
-1707067
-1707379
-1709923
-1712707
-1714651
-1714963
-1730299
-1732579
-1736851
-1738987
-1747003
-1749499
-1771747
-1777771
-1787323
-1787899
-1793731
-1812907
-1815739
-1825963
-1829923
-1839787
-1862587
-1863331
-1867819
-1877299
-1881587
-1888651
-1911787
-1913827
-1916611
-1918363
-1930603
-1932379
-1933147
-1948267
-1961899
-1967803
-1969411
-2011531
-2030563
-2033179
-2037643
-2043931
-2051923
-2053459
-2053699
-2061691
-2063539
-2067427
-2074243
-2080003
-2080963
-2086363
-2090251
-2119267
-2123083
-2126611
-2132563
-2133811
-2148163
-2156083
-2158603
-2160283
-2176387
-2182819
-2183899
-2200339
-2200699
-2201539
-2209843
-2210371
-2220403
-2222443
-2225491
-2227963
-2234707
-2243203
-2244691
-2247523
-2258419
-2258947
-2260723
-2262499
-2275747
-2276707
-2292691
-2300563
-2308843
-2309347
-2311411
-2311843
-2315539
-2334259
-2337667
-2343787
-2349643
-2352787
-2373211
-2378539
-2381179
-2381971
-2413987
-2417827
-2434483
-2438203
-2440579
-2468227
-2470099
-2475163
-2476699
-2484523
-2490307
-2499667
-2501803
-2507467
-2508043
-2509963
-2516467
-2518267
-2519947
-2524003
-2524579
-2526187
-2546563
-2578963
-2579179
-2584147
-2601787
-2609947
-2634403
-2656867
-2661283
-2691043
-2695267
-2696299
-2722843
-2729827
-2739643
-2742283
-2746459
-2758771
-2759803
-2773171
-2775667
-2776747
-2789587
-2790859
-2794243
-2821459
-2843899
-2844067
-2847763
-2853883
-2855323
-2861347
-2863603
-2869987
-2875987
-2880883
-2882923
-2892667
-2909827
-2919667
-2932843
-2947891
-2947939
-2968243
-2981707
-2998483
-2999707
-3014107
-3052003
-3059467
-3060667
-3070867
-3118243
-3138403
-3154363
-3155203
-3164803
-3172987
-3179227
-3183307
-3185107
-3210283
-3223291
-3226843
-3230347
-3241627
-3247483
-3267883
-3273763
-3283627
-3287083
-3301147
-3301603
-3310267
-3317203
-3317563
-3336643
-3339067
-3342307
-3345259
-3366043
-3382003
-3397483
-3407203
-3408547
-3416467
-3418603
-3444667
-3496147
-3501331
-3507883
-3518323
-3523027
-3528067
-3558403
-3571627
-3595027
-3595387
-3597043
-3621907
-3642643
-3651763
-3667723
-3679603
-3680203
-3690187
-3694147
-3715363
-3719323
-3719347
-3722827
-3731947
-3746227
-3754363
-3757723
-3766387
-3773947
-3786403
-3796363
-3814387
-3838027
-3838867
-3840523
-3847243
-3848707
-3849787
-3862363
-3879163
-3880627
-3891763
-3906043
-3927067
-3934507
-3962107
-3969307
-3973747
-3979363
-3995587
-3997963
-4002307
-4025347
-4045147
-4053163
-4055923
-4058107
-4059763
-4064083
-4073203
-4079707
-4088947
-4106587
-4111867
-4127083
-4130683
-4165963
-4168627
-4177123
-4202923
-4206283
-4217203
-4235947
-4252147
-4264627
-4280467
-4287067
-4303723
-4358803
-4359307
-4436947
-4441483
-4446787
-4469203
-4478083
-4489843
-4507507
-4544443
-4556203
-4603867
-4628803
-4644907
-4721467
-4746163
-4780483
-4786147
-4794067
-4836283
-4849723
-4858627
-4860307
-4871227
-4874587
-4880803
-4887187
-4899547
-4922923
-4924147
-4932883
-4947763
-4950067
-4960603
-4966483
-4970947
-5047123
-5173723
-5230843
-5241667
-5262667
-5280907
-5281123
-5281147
-5318923
-5346427
-5377747
-5378563
-5422003
-5426947
-5446387
-5461243
-5484187
-5495323
-5503843
-5575747
-5668483
-5713843
-5725843
-5779867
-5806243
-5812867
-5867467
-5894683
-5947027
-5977603
-6021667
