-33071
-34031
-42071
-80239
-81919
-83063
-83431
-86239
-87767
-90647
-94583
-111623
-122327
-139967
-155423
-156131
-157231
-162527
-163063
-168743
-174799
-176699
-178807
-190639
-198943
-205211
-212411
-213611
-223211
-227167
-230239
-233599
-235979
-238879
-244303
-254047
-281623
-285631
-285823
-286543
-294131
-298159
-302411
-303371
-308051
-319811
-323767
-336247
-340687
-350767
-354247
-364571
-392263
-393919
-400207
-404051
-407047
-407699
-411679
-413579
-414971
-416291
-426731
-429971
-459443
-461411
-465419
-472523
-473939
-480563
-481447
-484691
-486943
-494147
-505619
-509287
-512891
-514531
-521603
-530507
-536267
-539843
-541543
-543607
-553211
-567659
-572659
-576683
-583447
-586291
-595579
-601883
-605867
-608743
-609619
-609779
-622187
-624203
-624347
-625819
-640891
-654499
-666707
-678499
-679403
-688411
-690323
-704747
-704771
-719011
-723727
-734771
-740123
-740659
-761623
-770611
-779747
-781163
-782723
-783323
-786931
-787667
-791419
-792227
-798443
-801947
-802811
-808307
-809147
-814403
-818963
-825947
-826883
-837979
-840083
-840979
-841327
-847531
-853403
-861019
-861139
-871771
-905299
-906203
-930323
-935147
-948331
-948487
-961067
-965963
-973891
-979291
-980363
-991883
-995987
-1040371
-1040419
-1050139
-1062443
-1071683
-1081051
-1081907
-1084723
-1089259
-1110467
-1110667
-1118779
-1126459
-1131323
-1136299
-1136363
-1140691
-1141219
-1142851
-1143587
-1156291
-1156819
-1167547
-1169059
-1173947
-1179203
-1203739
-1219651
-1225891
-1226179
-1239499
-1240699
-1267531
-1269691
-1272451
-1275467
-1284739
-1295131
-1303283
-1308499
-1308523
-1309339
-1310251
-1319371
-1326739
-1328387
-1329379
-1331851
-1334563
-1357771
-1369051
-1373419
-1377923
-1386947
-1391899
-1429187
-1438267
-1439027
-1457371
-1463899
-1478843
-1485947
-1488211
-1497619
-1499779
-1516651
-1525963
-1527859
-1556059
-1556963
-1567627
-1576363
-1580251
-1581379
-1585603
-1592963
-1600483
-1605587
-1615891
-1626227
-1629091
-1630771
-1640299
-1654267
-1655659
-1656323
-1659643
-1665619
-1667251
-1670659
-1690603
-1706491
-1709611
-1710091
-1719667
-1730899
-1736419
-1740283
-1741651
-1749259
-1773067
-1776067
-1792027
-1797331
-1801339
-1829827
-1836427
-1847347
-1848331
-1851163
-1858651
-1886107
-1897219
-1900363
-1923979
-1930627
-1940131
-1945651
-1951603
-1952227
-1961059
-1976419
-1976731
-1977571
-1993627
-1998019
-2020819
-2047387
-2074339
-2126227
-2141899
-2142499
-2146387
-2151139
-2153227
-2166691
-2177587
-2180179
-2182027
-2186827
-2197651
-2198659
-2208091
-2235067
-2238091
-2240659
-2252779
-2262451
-2291803
-2301547
-2303779
-2304451
-2315227
-2315611
-2326459
-2358043
-2358091
-2362747
-2376643
-2398987
-2402203
-2412019
-2419939
-2428099
-2434963
-2442547
-2449147
-2452147
-2478643
-2479027
-2482771
-2483827
-2522419
-2554963
-2564323
-2575843
-2575939
-2577763
-2580667
-2581651
-2587099
-2591779
-2595979
-2599627
-2602267
-2609107
-2621947
-2628163
-2630323
-2636323
-2639587
-2647003
-2660587
-2662291
-2690851
-2697931
-2710867
-2738059
-2748643
-2751883
-2775907
-2777251
-2781067
-2787907
-2795227
-2801707
-2806387
-2817667
-2819587
-2828107
-2835523
-2843587
-2847067
-2859019
-2896627
-2924227
-2938219
-2951827
-2953243
-2965483
-2972323
-2977963
-2981059
-2981827
-2996827
-3022339
-3033307
-3065947
-3076243
-3104347
-3112987
-3119131
-3129787
-3165523
-3173683
-3205003
-3215347
-3232987
-3234667
-3241963
-3257707
-3276667
-3291283
-3291667
-3303667
-3310987
-3311683
-3328987
-3330427
-3330787
-3333283
-3340507
-3351643
-3352147
-3357043
-3361507
-3385579
-3390043
-3391963
-3392083
-3393331
-3395803
-3397027
-3407947
-3420523
-3434467
-3476587
-3485563
-3492787
-3509347
-3509587
-3544843
-3560419
-3576043
-3604603
-3615571
-3624667
-3645307
-3680947
-3691003
-3695803
-3720667
-3722947
-3764923
-3767227
-3781243
-3814123
-3814627
-3823243
-3856987
-3906547
-3938923
-3948883
-4021867
-4044763
-4053523
-4080787
-4083787
-4085827
-4086427
-4092523
-4104043
-4125427
-4147963
-4166563
-4184107
-4188403
-4230283
-4249627
-4254763
-4261027
-4271587
-4298443
-4302523
-4310347
-4323883
-4330867
-4336987
-4337083
-4356307
-4369891
-4373107
-4375387
-4379923
-4383667
-4448347
-4463827
-4520563
-4548091
-4562707
-4575283
-4589803
-4592947
-4607227
-4614163
-4673323
-4754443
-4770067
-4803283
-4805707
-4820203
-4831507
-4884643
-4887667
-4894843
-4924243
-4946827
-4969843
-5038867
-5063563
-5150203
-5220427
-5221003
-5223187
-5320387
-5327347
-5402083
-5416483
-5502043
-5522203
-5551627
-5728867
-5791843
-5852443
-5970763
-5974627
-6002467
