-27599 24 1 193
-30455 2 1 6091
-32591 144 1 109
-44183 160 1 113
-49679 8196 1 151
-50615 16386 1 191
-53495 18 1 823
-54359 64 1 2861
-56135 2 2 103 109
-58655 2 1 11731
-59495 524290 1 163
-62759 8388608 1 647
-63935 66 1 673
-67655 6 1 1933
-71135 2050 1 347
-73103 2048 1 1783
-73439 640 1 103
-73519 1024 1 1987
-75416 33554440 1 857
-81871 576 1 139
-82484 32 1 1213
-83684 0 1 20921
-85343 512 1 2753
-85399 1056896 0
-87935 4098 1 409
-90287 8224 1 113
-91415 8194 1 389
-96836 4096 1 563
-97844 65536 1 401
-98936 35651584 1 149
-100639 12 1 1307
-102167 272 1 271
-106424 33570816 1 251
-109967 24 1 769
-111319 16 1 8563
-112591 1056 1 179
-113924 64 1 1499
-116599 4 1 16657
-119924 4 1 4283
-123044 64 1 1619
-123335 34 1 1451
-123935 6 1 3541
-124472 33554432 1 15559
-125599 327936 0
-128456 67108864 1 16057
-129895 2097154 1 313
-130727 512 1 4217
-134095 18 1 2063
-134423 0 2 229 587
-138295 34 1 1627
-138919 524296 1 173
-140303 0 2 173 811
-145495 6 1 4157
-147656 67108864 1 18457
-149215 10 1 2713
-149432 33554432 1 18679
-150884 131072 1 563
-150895 2 2 103 293
-151519 0 2 277 547
-151544 33554496 1 997
-152743 384 1 229
-155767 16384 1 2939
-156344 33554432 1 19543
-158456 33554688 1 683
-160184 33554432 1 20023
-160628 16 1 3089
-161695 524290 1 443
-162047 0 2 131 1237
-162920 67108866 1 4073
-165716 32 1 2437
-166279 0 2 257 647
-168223 2056 1 373
-168356 0 1 42089
-168535 1026 1 911
-169124 0 1 42281
-169535 2050 1 827
-170120 67108866 1 4253
-173480 67108866 1 4337
-175256 33554496 1 1153
-176071 4 1 25153
-179192 33554448 1 1723
-180644 0 1 45161
-181139 4 2 113 229
-181351 0 2 151 1201
-187583 8 1 17053
-189764 0 1 47441
-189908 0 2 197 241
-190136 33554432 1 23767
-191743 32 1 11279
-193855 2 2 137 283
-195128 33554432 1 24391
-196471 16392 1 337
-196916 64 1 2591
-197684 524288 1 677
-199951 32768 1 3389
-201032 67108880 1 1933
-202979 4 2 107 271
-203540 2 1 10177
-204164 4096 1 1187
-205591 2097152 1 2477
-206516 32 1 3037
-207908 0 1 51977
-210644 4 1 7523
-210872 33558528 1 613
-214595 2 2 167 257
-214724 0 1 53681
-215336 67108872 1 2447
-215348 4 1 7691
-216871 0 2 137 1583
-217016 33554432 1 27127
-219919 4194308 1 353
-221108 0 2 167 331
-221459 36 1 1861
-222851 1088 1 317
-223172 0 1 55793
-223255 2 1 44651
-223396 0 1 55849
-224411 136 1 887
-225140 2 1 11257
-226615 65538 1 743
-228371 24 1 1597
-230791 8 1 20981
-231188 256 1 1993
-231764 16 1 4457
-233815 16777218 1 463
-234631 16448 1 233
-236887 4100 1 787
-237224 67108880 1 2281
-237391 12 1 3083
-237727 4 1 33961
-237779 262176 1 197
-238472 67108880 1 2293
-238615 18 1 3671
-242503 0 2 281 863
-243179 8388736 1 109
-244088 33554448 1 2347
-245167 16 1 18859
-246055 2 1 49211
-247807 4 1 35401
-247880 67108866 1 6197
-248120 33554434 1 6203
-248771 1187840 0
-251480 33554434 1 6287
-251624 67371008 1 443
-252392 67108868 1 4507
-252755 2 1 50551
-253211 65540 1 593
-253832 67108864 1 31729
-256324 0 1 64081
-256388 8 1 5827
-256495 4098 1 1193
-257743 0 2 373 691
-257876 128 1 2803
-258223 1028 1 997
-260287 65568 1 251
-261796 0 1 65449
-264056 33554448 1 2539
-266383 528 1 661
-268232 67108864 1 33529
-268516 0 1 67129
-269672 67108880 1 2593
-270535 65538 1 887
-271444 1048576 1 859
-272312 33554432 1 34039
-273512 67108864 2 179 191
-274303 64 1 14437
-274567 544 1 521
-275051 4 1 39293
-275444 16 1 5297
-279539 16 1 21503
-280264 67125248 1 661
-281987 0 2 419 673
-284719 16777216 1 2819
-284888 33554432 2 149 239
-286139 2052 1 997
-286292 64 1 3767
-286663 16 1 22051
-287236 0 1 71809
-289748 32 1 4261
-290296 33554432 2 131 277
-291304 67108880 1 2801
-292664 33554432 1 36583
-292735 2 2 127 461
-294755 2 2 167 353
-297179 64 1 15641
-297224 67125248 1 701
-298903 264 1 937
-300728 33554432 1 37591
-300788 256 1 2593
-300968 67108896 1 2213
-300971 8 1 27361
-301355 2 1 60271
-302531 262144 1 4261
-303080 67108866 1 7577
-303272 67108864 2 167 227
-303512 33554440 1 3449
-304472 33554436 1 5437
-305795 6 1 8737
-306484 0 2 193 397
-307412 4 1 10979
-308120 33554434 1 7703
-308228 0 2 251 307
-309179 48 1 1399
-309236 8388608 1 797
-310135 6 1 8861
-311096 33555456 1 1051
-314312 83886080 1 389
-314555 16386 1 1187
-315320 33554434 1 7883
-315415 2 2 199 317
-315556 0 1 78889
-316591 40 1 1693
-318248 67108868 1 5683
-318436 0 1 79609
-318755 1026 1 1723
-318968 33554448 1 3067
-320660 2 1 16033
-321659 16 2 109 227
-325451 68 1 2447
-325508 64 1 4283
-325619 4 2 181 257
-327415 10 1 5953
-328523 1040 1 683
-329239 32 2 107 181
-329843 128 1 14341
-330463 36 1 2777
-331019 16 1 25463
-335672 33554432 1 41959
-335704 33554688 1 1447
-335828 32768 1 1423
-336467 128 1 14629
-338740 2 1 16937
-338948 0 1 84737
-339823 8 1 30893
-339908 0 1 84977
-340091 0 2 199 1709
-340328 67108928 1 2239
-341335 66 1 3593
-342436 32768 1 1451
-342511 16 1 26347
-342728 67108864 1 42841
-344743 36 1 2897
-345080 33554434 1 8627
-345992 67174400 1 709
-347219 0 2 331 1049
-350315 6 1 10009
-350527 262144 1 4937
-351512 33554436 1 6277
-352136 67108864 1 44017
-352547 8208 1 577
-352595 8388610 1 727
-355172 0 1 88793
-356456 67108896 1 2621
-357128 67108864 1 44641
-358532 0 1 89633
-359411 16 1 27647
-360055 2 2 107 673
-360155 2 1 72031
-364355 2 1 72871
-366904 33554432 1 45863
-367156 64 1 4831
-367783 80 1 1489
-369395 18 1 5683
-370615 6 1 10589
-372083 0 2 271 1373
-372419 96 1 1153
-372632 33554448 1 3583
-373096 67108864 2 149 313
-373279 16384 1 7043
-375752 67108880 1 3613
-375860 2 1 18793
-376331 0 2 269 1399
-376715 32770 1 1277
-377167 4 1 53881
-377432 33554440 1 4289
-378680 33554434 1 9467
-378731 0 2 103 3677
-378899 0 2 563 673
-381320 67108866 1 9533
-382063 8200 1 739
-383288 33554432 1 47911
-383492 0 1 95873
-383972 32768 1 1627
-385412 0 1 96353
-386536 67108928 1 2543
-386627 32768 1 6553
-387332 8 1 8803
-389012 16 1 7481
-389095 6 1 11117
-393731 528 1 977
-395764 0 2 163 607
-396347 2052 1 1381
-397903 65544 1 593
-398708 0 2 263 379
-398948 8 1 9067
-399655 131074 1 1193
-399823 288 1 811
-400447 2048 1 9767
-400687 4 1 57241
-401819 8 1 36529
-402872 33554432 1 50359
-402968 33554464 1 2963
-404383 2052 1 1409
-405107 0 2 193 2099
-406855 2 1 81371
-408055 2 1 81611
-409927 4 2 157 373
-410627 4 1 58661
-411272 83886080 1 509
-413012 1048576 1 1307
-417463 0 2 157 2659
-417848 33554496 1 2749
-418280 67108866 1 10457
-418735 2097154 1 1009
-419236 0 2 163 643
-419503 4 1 59929
-419956 131072 1 1567
-421955 2 1 84391
-422503 1088 1 601
-422531 0 2 521 811
-422915 2050 1 2063
-423560 67108866 1 10589
-425287 0 2 103 4129
-427396 32768 1 1811
-427643 0 2 499 857
-429059 0 2 503 853
-431767 4 1 61681
-433423 131072 1 6469
-434120 67108866 1 10853
-434356 16 1 8353
-435412 0 2 199 547
-437396 4096 1 2543
-437432 33554432 1 54679
-439352 33554432 1 54919
-440455 2 2 137 643
-440612 32768 1 1867
-441419 8 1 40129
-442955 2 1 88591
-443743 1050624 1 137
-444184 33554448 1 4271
-444247 262144 1 6257
-445396 4 1 15907
-446168 33558528 1 1297
-446435 10 1 8117
-447128 33554440 1 5081
-447544 33558528 1 1301
-449435 6 1 12841
-451096 33554432 2 113 499
-451379 131072 1 6737
-451807 1024 1 12211
-451931 16384 1 8527
-454163 0 2 313 1451
-454564 8 1 10331
-455476 4 1 16267
-455944 67108864 1 56993
-459428 0 2 331 347
-460984 33554688 1 1987
-462635 131074 1 1381
-463955 2 1 92791
-464147 0 2 179 2593
-465607 0 2 353 1319
-465812 16777216 1 1153
-467192 33554440 1 5309
-467219 256 1 16111
-467588 8 1 10627
-467764 8 1 10631
-469115 34 1 5519
-470888 67108872 1 5351
-472667 16 2 103 353
-473843 524288 1 6491
-474251 0 2 647 733
-475636 4 1 16987
-477515 4098 1 2221
-478303 4 1 68329
-478456 33554440 1 5437
-478543 16 2 131 281
-478772 4 1 17099
-479459 0 2 113 4243
-480488 67108896 1 3533
-481931 131072 1 7193
-483203 4 1 69029
-485527 4 2 139 499
-486308 0 1 121577
-486452 512 1 3923
-486487 147456 1 137
-486740 2 1 24337
-486755 131074 1 1453
-486968 33554688 1 2099
-487931 16777216 1 4831
-488296 67239936 1 911
-489016 33554440 1 5557
-490115 2097154 1 1181
-491147 32 2 167 173
-491524 8 1 11171
-491891 64 1 25889
-493112 33570816 1 1163
-494372 0 1 123593
-495188 4096 1 2879
-496216 33554436 1 8861
-496628 8 1 11287
-497956 0 1 124489
-498323 4 2 257 277
-499543 8 1 45413
-499955 2 1 99991
-501940 2 1 25097
-502292 4 1 17939
-502456 33554432 2 181 347
-504004 0 1 126001
-504491 16 2 151 257
-506404 0 1 126601
-506852 0 1 126713
-510008 33555456 1 1723
-510035 2097154 1 1229
-511156 32 1 7517
-512411 64 2 149 181
-513515 514 1 3313
-513736 67108864 1 64217
-514628 0 1 128657
-515768 33554440 1 5861
-515987 0 2 149 3463
-517028 64 1 6803
-517423 16785408 1 109
-517715 10 1 9413
-519908 32768 1 2203
-521651 16 1 40127
-522463 2048 1 12743
-524267 2112 1 673
-524299 4198400 1 137
-526232 33554436 1 9397
-527224 33587200 1 1117
-527524 4096 1 3067
-528424 67108880 1 5081
-528851 0 2 509 1039
-528964 0 1 132241
-530623 0 2 293 1811
-530863 128 1 23081
-530884 0 1 132721
-531124 8 1 12071
-531496 67108868 1 9491
-531880 67108866 1 13297
-531995 2 2 103 1033
-532571 262160 1 577
-533987 16777248 1 311
-534184 67108868 1 9539
-534779 4 2 241 317
-535903 0 2 167 3209
-536507 8388608 1 5531
-537827 4194304 1 6043
-539060 2 1 26953
-540088 33554432 1 67511
-540244 0 2 131 1031
-542648 33554688 1 2339
-542888 68157440 1 859
-546632 67108864 1 68329
-548356 0 1 137089
-555203 40 1 2969
-555332 64 1 7307
-556543 528 1 1381
-556564 65536 1 2281
-557459 8388612 1 821
-557915 2 2 241 463
-559060 2 1 27953
-559336 67108864 2 139 503
-559567 128 1 24329
-559903 4352 1 449
-563387 8 1 51217
-565187 4 2 263 307
-566287 32 1 33311
-567847 132 1 3527
-568763 131088 1 653
-570811 0 2 283 2017
-571636 16 1 10993
-573539 32768 1 9721
-576280 33554434 1 14407
-577207 8192 1 12281
-579347 128 1 25189
-580451 128 1 25237
-581147 65540 1 1361
-582212 32768 1 2467
-583204 0 2 211 691
-584507 12 1 7591
-584968 67108864 1 73121
-585016 33554432 1 73127
-587027 36 1 4933
-589384 67108864 1 73673
-590219 4 1 84317
-590776 33554432 1 73847
-590795 2 2 173 683
-592891 32784 1 773
-593176 33570816 1 1399
-593416 67108864 1 74177
-594347 16 2 131 349
-595307 0 2 499 1193
-596408 33554432 1 74551
-596536 33554432 1 74567
-597880 33554434 1 14947
-599795 6 1 17137
-600488 67108868 1 10723
-601892 0 1 150473
-602740 2 1 30137
-604255 2 1 120851
-604472 33554440 1 6869
-607807 0 2 397 1531
-607835 34 1 7151
-608179 24 1 4253
-608623 768 1 677
-608983 1024 2 109 151
-609823 0 2 269 2267
-615155 2 1 123031
-616043 0 2 103 5981
-616276 4096 1 3583
-616499 8208 1 1009
-619448 33554432 1 77431
-620123 4 1 88589
-620243 16 1 47711
-620387 1048576 1 7853
-621640 67108866 1 15541
-623860 2 1 31193
-626168 33554688 1 2699
-626228 8192 1 3331
-630212 8 1 14323
-631480 33554434 1 15787
-631771 36 1 5309
-631907 32 1 37171
-633035 18 1 9739
-633811 160 1 1621
-634148 0 1 158537
-639251 544 1 1213
-642724 0 1 160681
-642964 4 1 22963
-643480 33554434 1 16087
-643828 262144 1 2267
-644435 10 1 11717
-644635 2 2 229 563
-644723 0 2 149 4327
-648136 67108864 1 81017
-648868 8 1 14747
-649547 0 2 139 4673
-652216 33554432 1 81527
-652423 0 2 787 829
-652547 524292 1 1277
-654424 33554432 2 179 457
-656356 0 1 164089
-657295 8194 1 2797
-659219 8 1 59929
-661928 75497472 1 853
-663556 64 1 8731
-663611 16 1 51047
-665284 32768 1 2819
-666923 0 2 337 1979
-669112 33554432 1 83639
-669316 0 1 167329
-670403 1024 1 18119
-670648 33554440 1 7621
-671387 2097152 1 8089
-671992 33554496 1 4421
-672136 67108864 1 84017
-673156 8 1 15299
-673955 1026 1 3643
-674555 6 1 19273
-675064 33554448 1 6491
-675812 0 2 107 1579
-675995 2 2 353 383
-677003 16777216 1 6703
-677140 2 1 33857
-678520 33554434 1 16963
-678847 1048592 1 661
-681107 4 1 97301
-681796 64 1 8971
-681988 0 1 170497
-682163 81920 1 211
-682564 0 1 170641
-682663 131200 1 443
-682792 67108872 1 7759
-682903 16 2 131 401
-689123 16777216 1 6823
-690916 64 1 9091
-693583 40 1 3709
-695195 2 2 163 853
-695747 16 2 109 491
-696472 33554436 1 12437
-697163 0 2 239 2917
-697492 2048 1 4253
-698363 4096 2 109 149
-698884 0 1 174721
-700379 256 1 24151
-702136 33554432 1 87767
-703619 4 1 100517
-707492 2097152 1 2131
-708004 8 1 16091
-708280 33554434 1 17707
-709579 16 1 54583
-709816 35651584 1 1069
-710404 0 1 177601
-712228 8 1 16187
-712328 67108864 1 89041
-712648 67108864 2 229 389
-714052 0 1 178513
-714155 18 1 10987
-716356 0 1 179089
-718067 68 1 5399
-723091 1024 1 19543
-723499 4 1 103357
-725044 2048 1 4421
-726563 1048608 1 541
-726583 24 1 5081
-727219 4194304 1 8171
-728072 67108864 1 91009
-728147 4 1 104021
-729443 24 1 5101
-730043 128 1 31741
-730216 75497472 1 941
-730792 67108864 2 167 547
-732083 8 1 66553
-733115 66 1 7717
-733163 0 2 587 1249
-734851 16 1 56527
-735880 67108866 1 18397
-737108 0 2 127 1451
-737992 67109120 1 3181
-739339 0 2 227 3257
-740027 16777248 1 431
-740299 36 1 6221
-740555 1026 1 4003
-740680 67108866 1 18517
-740867 64 1 38993
-741688 35651584 1 1117
-742171 4194816 1 269
-742403 0 2 137 5419
-743371 2048 1 18131
-746963 36 1 6277
-747364 0 1 186841
-748579 4194320 1 647
-749044 0 2 271 691
-749176 33555456 1 2531
-749419 8 2 193 353
-750280 67108866 1 18757
-751588 0 1 187897
-751816 67108880 1 7229
-752824 33554432 2 139 677
-753892 0 1 188473
-753967 32 1 44351
-755224 33685504 1 1409
-755672 33587200 1 1601
-757043 2097156 1 1303
-758603 0 2 743 1021
-759844 0 1 189961
-761267 528 1 1889
-762707 8 1 69337
-765259 524296 1 953
-771604 128 1 8387
-771976 67108864 1 96497
-776068 0 1 194017
-776584 67108864 1 97073
-777064 67108864 2 137 709
-780488 67108864 1 97561
-785179 32 1 46187
-785192 67174400 1 1609
-788963 2052 1 2749
-789928 67108864 2 293 337
-790555 4098 1 3677
-792211 4 1 113173
-796807 40 1 4261
-798019 8388672 1 433
-798856 67174400 1 1637
-799787 2048 1 19507
-802216 67108864 2 149 673
-802555 18 1 12347
-803555 2 1 160711
-804724 128 1 8747
-805816 33554440 1 9157
-808660 2 1 40433
-808787 4100 1 2687
-810467 4 1 115781
-811768 33554688 1 3499
-812987 4 1 116141
-818212 32768 1 3467
-818872 33554432 1 102359
-819515 2 2 251 653
-820955 2 1 164191
-821524 8 1 18671
-823211 0 2 373 2207
-823864 33554432 1 102983
-824027 1024 1 22271
-824152 33554436 1 14717
-824659 65544 1 1229
-824872 67108992 1 4483
-825304 33816576 1 1453
-826552 33554432 1 103319
-827716 64 1 10891
-829355 1026 1 4483
-829508 0 1 207377
-829531 0 2 271 3061
-833867 32 2 181 271
-834436 0 1 208609
-834803 16448 1 829
-836755 1026 1 4523
-836987 16777216 1 8287
-842488 33570816 1 1987
-842963 8 2 197 389
-843316 4096 1 4903
-844955 2 1 168991
-846035 2050 1 4127
-846724 0 1 211681
-847268 0 1 211817
-850532 0 1 212633
-853432 33554432 2 107 997
-854596 0 1 213649
-854891 2304 1 719
-854987 131076 1 1823
-856435 2 2 157 1091
-858808 33554432 1 107351
-860488 67109120 1 3709
-861515 16386 1 3251
-862699 544 1 1637
-863416 33554432 1 107927
-865907 4 1 123701
-870052 0 2 443 491
-870379 524288 1 11923
-871480 33554434 1 21787
-871540 2 1 43577
-875963 8 1 79633
-876811 16 1 67447
-877283 8 2 173 461
-877480 67108866 1 21937
-879107 131072 1 13121
-879124 0 2 271 811
-880787 32 2 197 263
-881299 512 1 28429
-881476 0 1 220369
-885988 0 1 221497
-888083 4 2 293 433
-888539 32 1 52267
-889156 0 1 222289
-889384 67108864 2 107 1039
-891083 256 1 30727
-891304 67112960 1 2591
-892408 33554440 1 10141
-894803 20 1 9833
-895012 0 1 223753
-895240 67108866 1 22381
-895411 8 1 81401
-895448 33554432 2 173 647
-899512 33554432 2 229 491
-899755 2 1 179951
-900379 8192 1 19157
-901096 67108868 1 16091
-901624 33558528 1 2621
-901939 0 2 433 2083
-904516 0 1 226129
-904715 6 1 25849
-905224 67108864 1 113153
-906635 2 2 179 1013
-911243 0 2 331 2753
-912947 2052 1 3181
-913531 0 2 281 3251
-913595 524290 1 2503
-914539 0 2 389 2351
-916456 75497472 1 1181
-918227 256 1 31663
-918635 2 2 269 683
-919864 33554440 1 10453
-919915 2 2 251 733
-922307 4198400 1 241
-922708 0 2 389 593
-925787 0 2 487 1901
-929683 2097280 1 487
-929716 2048 1 5669
-930712 33554432 2 317 367
-931876 8 1 21179
-932404 8 1 21191
-933304 33554432 1 116663
-933859 1048576 1 11821
-934699 256 2 167 193
-936916 262144 1 3299
-937912 33554432 1 117239
-938344 67108872 1 10663
-939604 0 2 467 503
-940115 10 1 17093
-940955 2 2 307 613
-941704 67125248 1 2221
-943288 33554432 1 117911
-944788 16 1 18169
-946264 33554440 1 10753
-946927 262144 1 13337
-947524 0 1 236881
-948307 32768 1 16073
-949327 0 2 919 1033
-953080 33554434 1 23827
-953512 67108868 1 17027
-954083 1048592 1 929
-956548 0 1 239137
-957451 8 1 87041
-959080 67108866 1 23977
-960532 0 2 439 547
-961411 262152 1 1231
-963155 2 1 192631
-965320 67108866 1 24133
-966563 16 2 149 499
-967732 0 2 113 2141
-968008 67108864 1 121001
-971987 2048 2 151 157
-974884 0 2 251 971
-975032 33554432 2 307 397
-975112 67108864 1 121889
-976468 16777216 1 2417
-976787 132 1 6067
-978035 4098 1 4549
-978923 8 1 88993
-979864 33570816 1 2311
-980248 33554496 1 6449
-981028 0 1 245257
-987019 16392 1 1693
-987172 0 1 246793
-988115 2097154 1 2381
-990823 66560 1 439
-991432 67108880 1 9533
-995032 33619968 1 2039
-996244 0 2 263 947
-996683 64 1 52457
-996952 33554440 1 11329
-997096 67108992 1 5419
-998491 4194320 1 863
-999604 0 2 269 929
-999988 8 1 22727
-1000468 4 1 35731
-1001512 67108992 1 5443
-1003480 33554434 1 25087
-1006643 8 1 91513
-1007908 8 1 22907
-1010008 33554432 2 191 661
-1010932 16 1 19441
-1011844 0 2 131 1931
-1014235 262146 1 2857
-1014712 33554432 1 126839
-1015688 67108864 1 126961
-1020388 0 1 255097
-1022488 33554560 1 5557
-1022731 0 2 127 8053
-1024804 8 1 23291
-1026244 0 1 256561
-1027667 65568 1 991
-1027763 8 2 233 401
-1029571 262176 1 853
-1029892 0 1 257473
-1030936 33554944 1 4157
-1031659 0 2 859 1201
-1031843 262144 1 14533
-1032563 36 1 8677
-1036456 67108896 1 7621
-1037044 0 2 107 2423
-1039531 128 1 45197
-1040867 18432 1 479
-1041107 0 2 257 4051
-1042120 67108866 1 26053
-1042747 512 1 33637
-1045348 0 1 261337
-1046968 33554448 1 10067
-1047619 5242880 1 149
-1047707 512 1 33797
-1048427 0 2 251 4177
-1049507 0 2 229 4583
-1050052 0 1 262513
-1050808 33554440 1 11941
-1051576 33554432 1 131447
-1054568 67174400 1 2161
-1054643 2304 1 887
-1058152 67109120 1 4561
-1058371 512 1 34141
-1058872 33554432 2 107 1237
-1059556 0 1 264889
-1059563 6144 1 601
-1060756 0 2 509 521
-1065715 6 1 30449
-1065880 33554434 1 26647
-1065928 67108864 1 133241
-1071955 2 1 214391
-1073416 67108864 1 134177
-1074331 32768 2 131 139
-1078564 0 1 269641
-1080424 67109120 1 4657
-1082968 33554464 1 7963
-1086616 33555456 1 3671
-1089683 36 1 9157
-1089827 0 2 227 4801
-1091764 128 1 11867
-1091987 80 1 4421
-1092155 130 1 9497
-1094659 2048 1 26699
-1094795 18 1 16843
-1094932 64 1 14407
-1096660 2 1 54833
-1097987 8 1 99817
-1098155 8194 1 4673
-1101112 33554432 1 137639
-1102195 34 1 12967
-1102531 2048 1 26891
-1104568 33554432 1 138071
-1104715 2 2 109 2027
-1105291 4194312 1 1129
-1108276 16 1 21313
-1109011 64 1 58369
-1109092 0 1 277273
-1109332 4 1 39619
-1109560 33554434 1 27739
-1110520 33554434 1 27763
-1113347 1048608 1 829
-1113940 2 1 55697
-1115908 64 1 14683
-1117555 2 2 397 563
-1119667 1048576 1 14173
-1121080 33554434 1 28027
-1121755 2 1 224351
-1124395 16386 1 4243
-1126852 64 1 14827
-1128340 2 1 56417
-1129267 0 2 389 2903
-1131683 4 2 269 601
-1133476 0 1 283369
-1134019 2080 1 1627
-1134472 67108864 2 109 1301
-1136003 65544 1 1693
-1136728 33554432 2 151 941
-1136971 2056 1 2521
-1139524 0 1 284881
-1142251 8 1 103841
-1142920 67108866 1 28573
-1143668 262144 1 4027
-1145243 8 1 104113
-1145267 0 2 313 3659
-1145363 0 2 149 7687
-1147348 0 2 373 769
-1148308 4 1 41011
-1149467 2097160 1 1259
-1150915 2 2 383 601
-1154755 6 1 32993
-1156996 0 1 289249
-1157320 67108866 1 28933
-1159883 0 2 103 11261
-1163419 16777216 1 11519
-1163716 32768 1 4931
-1166731 2097152 1 14057
-1168531 20 1 12841
-1172872 67108864 1 146609
-1173544 67108896 1 8629
-1173835 18 1 18059
-1173955 2 1 234791
-1175560 67108866 1 29389
-1176443 256 2 113 359
-1176568 33619968 1 2411
-1176595 6 1 33617
-1180667 32 2 199 349
-1181011 16 1 90847
-1181368 33554432 1 147671
-1181503 512 1 38113
-1181867 0 2 113 10459
-1185208 33554432 1 148151
-1185355 2 1 237071
-1187512 33554432 1 148439
-1187860 2 1 59393
-1188955 2 1 237791
-1190299 8 2 241 449
-1190548 0 2 367 811
-1191451 8650752 1 173
-1196483 128 1 52021
-1198036 4 1 42787
-1199627 24 1 8389
-1200859 8 1 109169
-1200955 6 1 34313
-1201051 0 2 379 3169
-1201891 0 2 577 2083
-1202851 131088 1 1381
-1203640 33554434 1 30091
-1204283 256 2 131 317
-1204291 8 1 109481
-1204360 67108866 1 30109
-1207427 16 2 131 709
-1207555 2 1 241511
-1212724 0 2 137 2213
-1212803 4194304 1 13627
-1213012 256 1 10457
-1213291 0 2 389 3119
-1214788 2097152 1 3659
-1217572 0 1 304393
-1219099 4 1 174157
-1219699 48 1 5519
-1220536 33554432 1 152567
-1221412 0 1 305353
-1223635 6 1 34961
-1225235 10 1 22277
-1229899 40 1 6577
-1230715 34 1 14479
-1230952 67108864 2 151 1019
-1234915 10 1 22453
-1235512 33554432 1 154439
-1236292 64 1 16267
-1236571 4 2 241 733
-1236772 0 1 309193
-1237048 50331648 1 1531
-1237339 2048 2 103 293
-1240459 136 1 4903
-1242520 33554434 1 31063
-1242587 2048 1 30307
-1243672 35651584 1 1873
-1244248 33558528 1 3617
-1246819 4 1 178117
-1249348 0 2 547 571
-1249555 2 1 249911
-1253755 2 1 250751
-1254292 16 1 24121
-1255108 0 1 313777
-1255531 16777728 1 401
-1260379 16777216 1 12479
-1260931 65540 1 2953
-1262467 8192 1 26861
-1262995 1026 1 6827
-1264219 8 2 281 409
-1265147 16 2 307 317
-1266739 0 2 151 8389
-1270888 67108992 1 6907
-1272083 0 2 677 1879
-1273643 16388 1 3433
-1274483 8388612 1 1877
-1276315 1026 1 6899
-1276699 2048 1 31139
-1279540 2 1 63977
-1280068 64 1 16843
-1289464 33554440 1 14653
-1289668 0 1 322417
-1290040 33554434 1 32251
-1290088 67108864 2 131 1231
-1290331 4 1 184333
-1291171 4 2 139 1327
-1291972 8 1 29363
-1294408 67109888 1 4373
-1295419 0 2 167 7757
-1295752 67108864 1 161969
-1296376 33554432 2 131 1237
-1296520 67108866 1 32413
-1297051 4 2 127 1459
-1298872 33554432 1 162359
-1304440 33554434 1 32611
-1304491 4224 1 1319
-1304611 12 1 16943
-1306219 2048 1 31859
-1306547 2056 1 2897
-1307992 33554436 1 23357
-1308472 33554440 1 14869
-1309732 0 1 327433
-1311595 2 2 277 947
-1311880 67108866 1 32797
-1315763 0 2 197 6679
-1315912 67108880 1 12653
-1318435 34 1 15511
-1319755 2 1 263951
-1319987 64 1 69473
-1320155 2 1 264031
-1322491 1536 1 1153
-1324315 2 2 173 1531
-1325956 0 1 331489
-1326868 131072 1 4951
-1327204 0 1 331801
-1328723 8 2 199 607
-1329259 4160 1 1627
-1329859 32 2 137 571
-1332091 128 1 57917
-1332811 256 1 45959
-1338563 262176 1 1109
-1339099 0 2 179 7481
-1339987 65544 1 1997
-1340452 0 1 335113
-1343011 0 2 137 9803
-1344712 67108864 1 168089
-1345972 8388608 1 3469
-1346155 2 1 269231
-1348003 2097152 2 109 149
-1349896 67108864 1 168737
-1350616 33554464 1 9931
-1350907 1280 1 1259
-1352971 64 1 71209
-1354552 33554432 1 169319
-1354763 2048 2 173 191
-1361320 67108866 1 34033
-1368035 2 2 419 653
-1371268 64 1 18043
-1373188 0 2 211 1627
-1373752 33554432 1 171719
-1373755 2 1 274751
-1377619 0 2 211 6529
-1377691 8388612 1 2029
-1377883 2097168 1 1277
-1377940 2 1 68897
-1378627 0 2 829 1663
-1381720 33554434 1 34543
-1382299 262144 1 19469
-1382971 4196352 1 379
-1388155 2 2 313 887
-1389880 33554434 1 34747
-1398955 8194 1 5953
-1401467 0 2 467 3001
-1401827 132 1 8707
-1402072 33554436 1 25037
-1409188 8 1 32027
-1411771 512 1 45541
-1412308 64 1 18583
-1412723 16 2 271 401
-1414120 67108866 1 35353
-1415752 67108880 1 13613
-1416427 2048 2 179 193
-1419448 33554432 1 177431
-1419691 20 1 15601
-1421635 2 2 157 1811
-1422955 2 1 284591
-1428347 2097152 1 17209
-1429355 2 1 285871
-1433092 0 1 358273
-1433512 67108928 1 9431
-1434523 528384 1 457
-1436995 6 1 41057
-1437352 67108868 1 25667
-1439572 0 2 487 739
-1440019 36 1 12101
-1442452 8 1 32783
-1442963 33792 1 661
-1445899 20 1 15889
-1445908 8192 1 7691
-1446568 67633152 1 2477
-1447288 33554432 2 131 1381
-1452280 33554434 1 36307
-1457320 67108866 1 36433
-1457668 0 1 364417
-1458115 2 2 193 1511
-1458355 1026 1 7883
-1458628 0 1 364657
-1460011 36 1 12269
-1460243 8192 1 31069
-1460995 8194 1 6217
-1462387 266240 1 479
-1462555 524290 1 4007
-1464227 32 1 86131
-1465528 33554432 1 183191
-1466011 0 2 149 9839
-1472131 0 2 1009 1459
-1472155 2 1 294431
-1479160 33554434 1 36979
-1485803 8 2 293 461
-1489579 20 1 16369
-1491928 33558528 1 4337
-1492123 512 2 127 379
-1493179 1050624 1 461
-1494163 2056 1 3313
-1494691 40 1 7993
-1495096 33555456 1 5051
-1496971 1048580 1 2707
-1499371 0 2 103 14557
-1499707 8 1 136337
-1501432 33587200 1 3181
-1508483 4096 1 35081
-1508611 16 1 116047
-1509880 33554434 1 37747
-1509955 2 1 301991
-1511059 8 1 137369
-1511131 4194304 1 16979
-1513195 131074 1 4517
-1515172 0 1 378793
-1515352 33554432 2 307 617
-1519459 0 2 173 8783
-1522552 35651584 1 2293
-1524067 1056 1 2423
-1532728 33554432 2 283 677
-1533787 512 1 49477
-1536259 0 2 269 5711
-1536571 8192 1 32693
-1538371 0 2 997 1543
-1539835 10 1 27997
-1540852 0 2 569 677
-1542328 33554432 1 192791
-1543771 0 2 739 2089
-1544035 66 1 16253
-1544299 0 2 967 1597
-1546372 64 1 20347
-1546723 8192 1 32909
-1546819 128 2 109 617
-1547188 0 2 181 2137
-1548568 33554436 1 27653
-1549339 65544 1 2309
-1550932 64 1 20407
-1551508 4 1 55411
-1555828 512 1 12547
-1561051 65536 2 157 163
-1561291 0 2 359 4349
-1565752 33554496 1 10301
-1566019 20 1 17209
-1566331 262160 1 1697
-1567699 4 2 281 797
-1568467 1024 1 42391
-1572691 131072 1 23473
-1574971 128 1 68477
-1575592 67108992 1 8563
-1579715 1026 1 8539
-1580035 4098 1 7349
-1581619 4194320 1 1367
-1582612 512 1 12763
-1584739 16 2 139 877
-1587043 2097152 1 19121
-1587859 20 1 17449
-1589779 1024 1 42967
-1590235 2 2 557 571
-1592788 0 2 233 1709
-1595368 67117056 1 4243
-1596091 4 1 228013
-1597795 2 2 223 1433
-1598779 20 1 17569
-1599508 4194304 1 4493
-1599892 4 1 57139
-1600468 512 1 12907
-1600939 0 2 229 6991
-1602523 16 2 131 941
-1603480 33554434 1 40087
-1604083 16 2 163 757
-1607731 256 1 55439
-1608595 2 2 433 743
-1611619 0 2 401 4019
-1611859 16777216 1 15959
-1612339 262144 1 22709
-1613428 0 2 251 1607
-1613992 67108864 2 229 881
-1618555 2 1 323711
-1618612 0 2 113 3581
-1619971 1024 1 43783
-1620091 520 1 4751
-1621720 33554434 1 40543
-1622155 2 1 324431
-1622179 16 1 124783
-1623067 2560 1 1277
-1623259 8 2 173 853
-1623352 33554432 2 131 1549
-1624888 50331648 1 2011
-1625992 67108864 1 203249
-1626772 4 1 58099
-1627843 4 1 232549
-1630123 8 1 148193
-1630888 67108868 1 29123
-1632724 128 1 17747
-1634755 2 1 326951
-1639219 8192 1 34877
-1640488 67117056 1 4363
-1641880 33554434 1 41047
-1644196 0 1 411049
-1645403 0 2 173 9511
-1646083 4096 1 38281
-1646707 256 1 56783
-1651588 0 2 283 1459
-1651912 67108864 1 206489
-1652587 2080 1 2371
-1653235 262146 1 4657
-1657123 80 1 6709
-1659235 258 1 11443
-1659832 33554432 1 207479
-1660219 8 1 150929
-1662088 67108864 2 373 557
-1663555 2 1 332711
-1664155 2 2 167 1993
-1664788 4096 1 9679
-1665667 0 2 383 4349
-1667908 8 1 37907
-1667923 66560 1 739
-1668628 16 1 32089
-1669672 67108896 1 12277
-1670035 16777218 1 3307
-1671832 33570816 1 3943
-1672723 16 2 223 577
-1673515 2 2 197 1699
-1677460 2 1 83873
-1677859 0 2 157 10687
-1680683 16448 1 1669
-1683592 67108864 2 389 541
-1684132 0 1 421033
-1684699 0 2 283 5953
-1684792 33554432 1 210599
-1684852 16 1 32401
-1686568 67108880 1 16217
-1687876 0 2 571 739
-1689268 4 1 60331
-1689355 2 1 337871
-1690435 16386 1 6379
-1690819 16 2 113 1151
-1693915 2050 1 8263
-1695211 4 1 242173
-1696312 33554432 1 212039
-1697320 67108866 1 42433
-1699891 1024 1 45943
-1702955 2 1 340591
-1704091 64 1 89689
-1705432 33554688 1 7351
-1706995 1026 1 9227
-1707652 0 1 426913
-1708372 0 2 239 1787
-1708408 33554448 1 16427
-1716307 256 1 59183
-1716772 2097152 1 5171
-1717912 33554436 1 30677
-1717939 128 2 113 661
-1718755 2 2 173 1987
-1722520 33554434 1 43063
-1722772 0 2 167 2579
-1727147 2097152 1 20809
-1728859 524296 1 2153
-1732651 0 2 107 16193
-1732852 8 1 39383
-1733572 0 1 433393
-1735003 32 1 102059
-1737091 0 2 163 10657
-1737211 2052 1 6053
-1739428 0 1 434857
-1739668 4 1 62131
-1744555 2 1 348911
-1747883 8192 1 37189
-1748779 64 1 92041
-1749619 1024 1 47287
-1749691 96 1 5417
-1750120 67108866 1 43753
-1753267 640 1 2459
-1756555 2 1 351311
-1757635 10 1 31957
-1758803 32 2 307 337
-1761955 18 1 27107
-1762888 67108864 1 220361
-1764595 6 1 50417
-1766152 67108864 2 277 797
-1766443 4 2 127 1987
-1768792 33554560 1 9613
-1768852 0 2 109 4057
-1769971 4 2 149 1697
-1771907 0 2 191 9277
-1772068 0 1 443017
-1774387 16384 1 33479
-1774840 33554434 1 44371
-1775131 0 2 269 6599
-1776184 33554432 1 222023
-1779643 256 2 109 563
-1782628 0 1 445657
-1784003 16 2 109 1259
-1785652 8 1 40583
-1788868 0 1 447217
-1789012 32 1 26309
-1789387 256 1 61703
-1790392 33554432 2 163 1373
-1793752 33554496 1 11801
-1799368 67108864 1 224921
-1800763 64 1 94777
-1801891 20 1 19801
-1805635 18 1 27779
-1809451 524292 1 3541
-1811563 16 2 331 421
-1812280 33554434 1 45307
-1814659 12 1 23567
-1816267 64 2 109 877
-1818235 34 1 21391
-1821355 2 1 364271
-1823627 16 2 151 929
-1824115 2 2 109 3347
-1824628 16 1 35089
-1825972 0 2 269 1697
-1826803 40 1 9769
-1826932 0 2 443 1031
-1828219 0 2 593 3083
-1834120 67108866 1 45853
-1834795 131074 1 5477
-1835179 0 2 131 14009
-1836043 2097160 1 2011
-1837411 288 1 3727
-1838107 256 2 241 263
-1840312 33554432 2 461 499
-1840883 8 2 113 1481
-1852612 4096 1 10771
-1854931 8388624 1 1471
-1857523 0 2 971 1913
-1859155 2 1 371831
-1863835 4098 1 8669
-1866595 2 2 577 647
-1874323 8 1 170393
-1876372 0 2 293 1601
-1876648 67109120 1 8089
-1879027 32 2 107 1033
-1884715 6 1 53849
-1886692 0 1 471673
-1888660 2 1 94433
-1889395 2 2 443 853
-1889923 1028 1 7297
-1893928 67174400 1 3881
-1897291 8 2 173 997
-1899748 0 1 474937
-1899955 4098 1 8837
-1901092 0 1 475273
-1907011 320 1 3461
-1907284 16777216 1 4721
-1908595 18 1 29363
-1909699 8 2 127 1367
-1910347 1024 1 51631
-1911508 0 2 113 4229
-1911571 64 1 100609
-1911835 2 2 137 2791
-1911955 2 1 382391
-1913971 768 1 2129
-1916155 34 1 22543
-1917907 0 2 397 4831
-1918648 33554432 1 239831
-1920340 2 1 96017
-1922659 69632 1 733
-1922707 0 2 421 4567
-1926052 0 1 481513
-1926628 8 1 43787
-1928923 0 2 349 5527
-1929979 65792 1 1091
-1932232 67108864 2 149 1621
-1932595 6 1 55217
-1934035 2 2 503 769
-1935172 4096 1 11251
-1935880 67108866 1 48397
-1937812 0 2 239 2027
-1938307 4 1 276901
-1944955 2 1 388991
-1948819 0 2 1093 1783
-1949395 6 1 55697
-1954051 8 2 349 509
-1955299 128 2 151 563
-1955731 288 1 3967
-1955752 67108864 2 151 1619
-1960883 0 2 277 7079
-1961572 0 1 490393
-1964971 4096 1 45697
-1966651 131072 2 149 197
-1968595 8194 1 8377
-1969972 0 2 587 839
-1970059 20 1 21649
-1970488 33554448 1 18947
-1970971 1114112 1 409
-1971748 2097152 1 5939
-1976395 2 2 277 1427
-1976452 4096 1 11491
-1977283 12 1 25679
-1978468 0 1 494617
-1983928 33554432 1 247991
-1984339 131076 1 4231
-1985347 20 1 21817
-1986811 16448 1 1973
-1987915 2 2 151 2633
-1990132 0 2 157 3169
-1990603 512 2 157 409
-1992211 16 1 153247
-2003635 131074 1 5981
-2007115 10 1 36493
-2011219 36 1 16901
-2012755 2 1 402551
-2014552 33554432 2 419 601
-2015659 0 2 1259 1601
-2020099 64 1 106321
-2020372 256 1 17417
-2020792 33555456 1 6827
-2024152 33554448 1 19463
-2024395 2 2 113 3583
-2026723 288 1 4111
-2027608 33554440 1 23041
-2027668 0 2 541 937
-2028328 67371008 1 3571
-2028691 4 2 353 821
-2028955 4098 1 9437
-2032408 33554436 1 36293
-2032555 6 1 58073
-2033515 10 1 36973
-2035627 8 1 185057
-2035963 0 2 227 8969
-2038627 32768 2 109 317
-2038667 0 2 1301 1567
-2039272 67108992 1 11083
-2039668 2048 1 12437
-2040532 16 1 39241
-2041003 32 2 211 569
-2042155 2 1 408431
-2042371 4096 1 47497
-2050651 1088 1 2917
-2055691 40 1 10993
-2056411 4 1 293773
-2058499 0 2 773 2663
-2060248 33554560 1 11197
-2061115 6 1 58889
-2064259 544 1 3917
-2064955 2 2 167 2473
-2065003 768 1 2297
-2065747 1536 1 1801
-2068168 67108864 1 258521
-2069659 0 2 137 15107
-2071864 33554432 1 258983
-2074915 65538 1 6803
-2074987 0 2 829 2503
-2076139 272 1 5507
-2079307 4259840 1 383
-2079352 33554440 1 23629
-2083483 16448 1 2069
-2084155 2 2 523 797
-2084632 33554440 1 23689
-2086819 4 2 241 1237
-2088739 32 1 122867
-2090515 6 1 59729
-2091907 4096 1 48649
-2092792 33554448 1 20123
-2094043 36 1 17597
-2094307 0 2 197 10631
-2094355 2 1 418871
-2101444 0 1 525361
-2104552 67108864 2 503 523
-2104939 4325376 1 353
-2113171 1048704 1 1163
-2114872 33554432 1 264359
-2116612 0 1 529153
-2121508 0 2 179 2963
-2121592 33554440 1 24109
-2123515 2 2 239 1777
-2124868 0 2 163 3259
-2125432 33554432 2 379 701
-2125867 160 1 5437
-2126299 4194308 1 3413
-2126392 33554432 2 131 2029
-2130163 4 2 113 2693
-2130955 2 2 563 757
-2134099 72 1 10211
-2134987 0 2 239 8933
-2140555 34 1 25183
-2140915 6 1 61169
-2141539 0 2 797 2687
-2141848 34603008 1 3389
-2142827 8388608 1 22091
-2143555 2 2 577 743
-2147563 16777224 1 1933
-2149219 1280 1 2003
-2150920 67108866 1 53773
-2158387 12 1 28031
-2158555 6 1 61673
-2160955 34 1 25423
-2161768 67108868 1 38603
-2163592 67108864 2 229 1181
-2164099 4 1 309157
-2168803 20 1 23833
-2171812 0 2 163 3331
-2176792 33554496 1 14321
-2181859 0 2 269 8111
-2183059 32768 2 163 227
-2185915 2050 1 10663
-2187235 2 2 151 2897
-2190952 67117056 1 5827
-2197099 0 2 887 2477
-2198923 4194816 1 797
-2199268 0 1 549817
-2203699 128 1 95813
-2205955 2 1 441191
-2207272 67109888 1 7457
-2207608 33554448 1 21227
-2212291 0 2 941 2351
-2212915 2 2 157 2819
-2214019 0 2 449 4931
-2221291 32768 1 37649
-2223235 6 1 63521
-2224072 67108864 2 317 877
-2224243 65540 1 5209
-2226232 33554432 1 278279
-2228395 18 1 34283
-2228692 0 2 631 883
-2229643 144 1 7457
-2230372 64 1 29347
-2231203 32784 1 2909
-2231827 16 1 171679
-2234728 67109376 1 9011
-2235832 33554432 1 279479
-2239427 32 1 131731
-2240452 0 1 560113
-2241355 2 2 113 3967
-2242051 4 1 320293
-2242339 136 1 8863
-2247187 64 1 118273
-2247235 2 2 509 883
-2251012 0 1 562753
-2251459 4 2 181 1777
-2252371 2097160 1 2467
-2257507 4 1 322501
-2262772 1024 1 15289
-2268523 0 2 1303 1741
-2272915 2 2 233 1951
-2274355 130 1 19777
-2276299 8389120 1 757
-2277427 2048 1 55547
-2279683 36 1 19157
-2282467 8 1 207497
-2282872 33554432 2 461 619
-2284891 4100 1 7591
-2288851 0 2 277 8263
-2290099 4 2 479 683
-2291419 80 1 9277
-2294308 4096 1 13339
-2296315 6 1 65609
-2304667 1048576 1 29173
-2307892 64 1 30367
-2308408 33554432 1 288551
-2311348 16 1 44449
-2313028 0 2 331 1747
-2314372 2097152 1 6971
-2314627 4 1 330661
-2317003 16 1 178231
-2319739 2304 1 1951
-2322952 67108864 1 290369
-2323171 512 1 74941
-2324563 32 1 136739
-2325115 18 1 35771
-2328292 0 2 163 3571
-2328907 32772 1 5639
-2329972 0 2 313 1861
-2330035 2 2 641 727
-2330107 144 1 7793
-2333032 67108880 1 22433
-2333368 33555456 1 7883
-2333827 64 1 122833
-2337112 33554432 2 389 751
-2337931 64 1 123049
-2339572 0 2 197 2969
-2342131 8 2 149 1429
-2342488 33554432 2 349 839
-2347720 67108866 1 58693
-2348392 67108992 1 12763
-2350168 33554432 2 263 1117
-2350555 2 2 317 1483
-2352307 32 1 138371
-2352595 6 1 67217
-2359627 512 2 103 739
-2365723 16809984 1 397
-2367115 66 1 24917
-2369443 1056 1 3767
-2369992 67108864 1 296249
-2373259 4 2 197 1721
-2373787 16 1 182599
-2375323 64 1 125017
-2376043 16384 2 127 353
-2378728 67108872 1 27031
-2379448 33558528 1 6917
-2380792 33554432 2 139 2141
-2382472 67108864 1 297809
-2383963 4096 1 55441
-2384440 33554434 1 59611
-2384707 16 1 183439
-2389603 2048 2 167 349
-2391355 2 1 478271
-2393035 130 1 20809
-2393731 0 2 1117 2143
-2393812 0 2 359 1667
-2394379 131088 1 2749
-2394763 4 2 313 1093
-2395987 131080 1 3251
-2401843 4194304 1 26987
-2403643 8 1 218513
-2406532 0 2 163 3691
-2406547 24 1 16829
-2408872 67108864 2 353 853
-2410699 128 2 281 373
-2411707 512 1 77797
-2414347 16 2 229 811
-2423347 65536 1 39727
-2425819 8 1 220529
-2428315 258 1 16747
-2429032 67108864 2 211 1439
-2432788 0 2 739 823
-2434555 16386 1 9187
-2440888 33554432 1 305111
-2441251 32 2 163 881
-2448907 512 2 197 401
-2450995 130 1 21313
-2451859 32 2 233 619
-2452468 131072 1 9151
-2457955 2 1 491591
-2458027 24 1 17189
-2458339 16 2 127 1489
-2461507 64 1 129553
-2466283 0 2 151 16333
-2466808 33554496 1 16229
-2471659 65536 1 40519
-2472115 2 2 139 3557
-2474899 4 1 353557
-2478163 2048 1 60443
-2483323 0 2 307 8089
-2483443 2097152 1 29921
-2483539 0 2 881 2819
-2483779 0 2 739 3361
-2494267 1048576 1 31573
-2496067 4 2 293 1217
-2499352 33554432 2 151 2069
-2506747 524416 1 1493
-2512123 64 2 109 1213
-2514115 65538 1 8243
-2514355 2 2 157 3203
-2514691 16416 1 2791
-2516155 2 1 503231
-2520307 0 2 103 24469
-2521555 2 1 504311
-2523307 640 1 3539
-2531659 16 2 149 1307
-2531908 0 1 632977
-2531947 1032 1 6221
-2533027 524292 1 4957
-2534827 0 2 277 9151
-2535427 0 2 1229 2063
-2539027 64 1 133633
-2541352 67108872 1 28879
-2543107 2052 1 8861
-2546467 12 1 33071
-2547115 514 1 16433
-2547883 16 1 195991
-2549572 64 1 33547
-2550472 67108864 1 318809
-2561155 2 2 223 2297
-2563339 256 2 157 563
-2569507 0 2 113 22739
-2569555 2 2 653 787
-2569795 2 2 193 2663
-2573755 2 1 514751
-2584555 2 1 516911
-2585515 2 2 367 1409
-2585755 2 1 517151
-2586763 0 2 547 4729
-2589379 16 2 409 487
-2595067 160 1 6637
-2598772 8 1 59063
-2599603 524288 2 149 239
-2603827 0 2 359 7253
-2604955 2097154 1 6277
-2611288 33619968 1 5351
-2613667 65540 1 6121
-2616163 4104 1 5531
-2623912 67633152 1 4493
-2625235 514 1 16937
-2625595 6 1 75017
-2628091 0 2 1361 1931
-2629699 2560 1 2069
-2633035 262146 1 7417
-2635867 48 1 11927
-2639515 2 2 643 821
-2640043 4 2 131 2879
-2641003 0 2 457 5779
-2644819 64 1 139201
-2651251 4096 1 61657
-2652955 2 2 173 3067
-2654587 32784 1 3461
-2655955 2 2 283 1877
-2657572 4096 1 15451
-2670883 0 2 1483 1801
-2671915 258 1 18427
-2682763 0 2 349 7687
-2686843 0 2 811 3313
-2689771 4 1 384253
-2689843 16 1 206911
-2692792 33554432 1 336599
-2694523 80 1 10909
-2697067 32800 1 2689
-2702323 8388624 1 2143
-2704243 0 2 137 19739
-2707828 32 1 39821
-2707915 6 1 77369
-2710555 2 1 542111
-2711587 256 1 93503
-2714347 0 2 739 3673
-2714611 32 1 159683
-2716555 2 1 543311
-2718955 2 1 543791
-2719723 33280 1 1487
-2721139 32800 1 2713
-2723683 1048704 1 1499
-2726227 4 1 389461
-2727283 16 2 193 1087
-2728387 16384 1 51479
-2731435 6 1 78041
-2732755 524290 1 7487
-2734627 4 2 241 1621
-2734915 8388610 1 5639
-2736547 8 2 193 1289
-2738068 4096 1 15919
-2739955 2 2 443 1237
-2745355 2 1 549071
-2750227 1049088 1 1123
-2758147 4 2 349 1129
-2758459 136 1 10903
-2763259 16777216 2 109 251
-2763427 128 2 137 877
-2763832 33554432 1 345479
-2764603 1024 1 74719
-2765635 130 1 24049
-2767483 64 2 113 1289
-2768107 16777216 1 27407
-2771347 0 2 829 3343
-2777803 16777220 1 3929
-2793928 67108864 1 349241
-2800939 0 2 107 26177
-2802115 2 2 103 5441
-2802955 4098 1 13037
-2805283 528 1 6961
-2807227 1056 1 4463
-2809555 6 1 80273
-2810203 8 1 255473
-2814772 32768 1 11927
-2825659 4096 1 65713
-2828227 0 2 1009 2803
-2830147 147456 1 797
-2837203 0 2 337 8419
-2838883 0 2 1163 2441
-2840227 16 1 218479
-2842363 128 1 123581
-2842939 8 1 258449
-2844235 4098 1 13229
-2850043 4 1 407149
-2850307 0 2 241 11827
-2851195 130 1 24793
-2856763 20 1 31393
-2858755 2 1 571751
-2859448 33554432 1 357431
-2863492 0 1 715873
-2870083 64 1 151057
-2872699 0 2 131 21929
-2872867 0 2 127 22621
-2874139 32 1 169067
-2876323 0 2 1193 2411
-2888083 8 1 262553
-2888251 0 2 107 26993
-2893243 256 1 99767
-2893963 0 2 1303 2221
-2900452 0 1 725113
-2900968 67108868 1 51803
-2902843 0 2 179 16217
-2904715 10 1 52813
-2906563 72 1 13907
-2908795 2 2 107 5437
-2910139 2048 1 70979
-2910883 32768 2 103 479
-2913355 2 2 103 5657
-2919715 2 2 241 2423
-2923627 32772 1 7079
-2924803 68 1 21991
-2926372 0 1 731593
-2934427 0 2 283 10369
-2935867 8 1 266897
-2940283 0 2 587 5009
-2940568 33554432 2 137 2683
-2941768 67108864 1 367721
-2943307 4096 1 68449
-2951908 0 2 227 3251
-2959672 33554432 1 369959
-2961235 8194 1 12601
-2961652 0 2 797 929
-2970547 0 2 499 5953
-2970955 18 1 45707
-2972443 0 2 239 12437
-2975635 18 1 45779
-2979667 65536 1 48847
-2983555 4098 1 13877
-2985763 262152 1 3823
-2989363 16 2 227 1013
-2991163 4 1 427309
-2998027 128 1 130349
-3001555 2 1 600311
-3013123 8192 1 64109
-3013432 33554432 1 376679
-3025723 0 2 197 15359
-3028723 0 2 149 20327
-3030955 2 2 733 827
-3037987 0 2 1013 2999
-3039403 256 2 311 337
-3042523 8 1 276593
-3048547 0 2 733 4159
-3058147 32800 1 3049
-3060547 4 2 409 1069
-3062443 262144 1 43133
-3067579 2176 1 3253
-3077419 10240 1 1597
-3077467 4096 1 71569
-3086707 48 1 13967
-3087763 4 1 441109
-3088987 8 1 280817
-3095332 0 2 251 3083
-3104635 2 2 353 1759
-3105043 17039360 1 433
-3106555 2 2 277 2243
-3107347 512 1 100237
-3109192 67125248 1 7333
-3109195 2 2 113 5503
-3111028 0 2 181 4297
-3115192 33554432 1 389399
-3117892 0 2 307 2539
-3119092 32 1 45869
-3120427 64 1 164233
-3124555 6 1 89273
-3127555 2 2 557 1123
-3128755 6 1 89393
-3129235 131074 1 9341
-3132547 8 1 284777
-3136435 2 2 311 2017
-3136483 36 1 26357
-3148027 65536 1 51607
-3152227 16 1 242479
-3157123 2048 1 77003
-3160003 12 1 41039
-3162667 65536 2 139 373
-3167572 0 2 263 3011
-3176563 16 1 244351
-3187528 67108864 1 398441
-3189907 4 1 455701
-3190003 0 2 233 13691
-3191428 32768 1 13523
-3194323 8 1 290393
-3195667 64 1 168193
-3202555 2097154 1 7717
-3207283 262144 2 199 227
-3210427 8 1 291857
-3212563 0 2 953 3371
-3215755 4098 1 14957
-3216712 67108864 1 402089
-3221155 6 1 92033
-3231067 4 1 461581
-3231907 2052 1 11261
-3233635 2 2 179 3613
-3234643 16384 1 61031
-3235147 32768 1 54833
-3236443 36 1 27197
-3236467 8208 1 5297
-3237307 0 2 367 8821
-3238723 8192 1 68909
-3241243 256 1 111767
-3241435 2 2 193 3359
-3242827 4 1 463261
-3244651 69632 1 1237
-3248659 0 2 353 9203
-3251971 4259840 1 599
-3252379 272 1 8627
-3260707 0 2 349 9343
-3271483 4096 1 76081
-3277432 33554432 2 499 821
-3281419 1024 2 131 677
-3287827 128 1 142949
-3288868 8 1 74747
-3294712 33554432 2 269 1531
-3295627 1024 1 89071
-3297667 0 2 677 4871
-3297715 2 2 293 2251
-3297988 0 1 824497
-3302035 10 1 60037
-3305635 2 2 157 4211
-3316603 0 2 239 13877
-3318835 18 1 51059
-3320587 131328 1 1709
-3324211 8 2 233 1297
-3335563 12 1 43319
-3339235 2 2 277 2411
-3339835 2 2 149 4483
-3340267 132 1 20747
-3343099 133120 1 1217
-3343363 0 2 601 5563
-3345379 32 2 307 641
-3349768 67108864 1 418721
-3351067 0 2 1249 2683
-3356683 8 2 197 1549
-3356803 32 2 379 521
-3360067 32 1 197651
-3360235 4098 1 15629
-3363547 8 2 167 1831
-3363763 2064 1 6311
-3369235 514 1 21737
-3371272 67108864 1 421409
-3371635 2050 1 16447
-3372499 32784 1 4397
-3375163 40 1 18049
-3376723 4 2 257 1877
-3377683 262144 2 113 421
-3379987 1040 1 7027
-3382483 16 1 260191
-3389323 516 1 15619
-3389332 0 2 107 7919
-3401035 10 1 61837
-3408715 130 1 29641
-3423355 18 1 52667
-3424603 20 1 37633
-3429427 32 1 201731
-3432787 1048640 1 2287
-3437155 2 1 687431
-3449227 131072 1 51481
-3456163 0 2 881 3923
-3457003 264 1 10837
-3457363 20 1 37993
-3459043 4 2 113 4373
-3459955 2 1 691991
-3462547 8 1 314777
-3467107 4 1 495301
-3467227 128 2 127 1187
-3470107 65536 2 163 349
-3475843 4 1 496549
-3479707 12 1 45191
-3481363 256 1 120047
-3481459 0 2 107 32537
-3484363 557056 1 809
-3486715 2 2 683 1021
-3487747 2048 2 257 331
-3490027 32768 2 149 397
-3494395 4098 1 16253
-3510523 1049600 1 1201
-3512947 0 3 127 139 199
-3525523 0 2 233 15131
-3527035 2 2 241 2927
-3533827 8 2 103 3119
-3535723 0 2 1021 3463
-3545323 0 2 277 12799
-3553012 8192 1 18899
-3554035 1026 1 19211
-3555595 2 2 257 2767
-3557635 2 2 677 1051
-3565123 262144 2 149 337
-3565627 16 2 157 1747
-3569923 4 1 509989
-3573427 24 1 24989
-3573835 514 1 23057
-3579787 1536 1 3121
-3587467 16 2 163 1693
-3589363 32 2 199 1061
-3595123 68 1 27031
-3604723 32768 2 107 571
-3609907 4 1 515701
-3615283 4 1 516469
-3616363 0 2 139 26017
-3622483 64 1 190657
-3630355 2 1 726071
-3636307 0 2 317 11471
-3641947 1024 2 257 383
-3642283 512 2 293 401
-3648907 0 2 557 6551
-3650515 10 1 66373
-3652867 16809984 1 613
-3662947 0 2 193 18979
-3663283 16 1 281791
-3671908 0 2 619 1483
-3680803 4 2 421 1249
-3685987 256 1 127103
-3686443 0 2 337 10939
-3686755 2 1 737351
-3690547 36 1 31013
-3697003 1024 2 163 613
-3706747 8 1 336977
-3708835 18 1 57059
-3709363 4 2 313 1693
-3709387 8 1 337217
-3712507 2097152 1 44729
-3714115 2 2 127 5849
-3716923 4 1 530989
-3724843 65536 2 227 269
-3726163 4194308 1 5981
-3726427 0 2 613 6079
-3728083 1056 1 5927
-3729412 0 1 932353
-3732187 128 1 162269
-3736483 64 1 196657
-3746443 544 1 7109
-3752827 16 1 288679
-3756883 16 1 288991
-3768427 16 2 227 1277
-3769123 0 2 1583 2381
-3773107 2064 1 7079
-3775387 12 1 49031
-3777523 64 1 198817
-3781915 2 2 107 7069
-3783427 256 2 283 461
-3785563 0 2 587 6449
-3788731 0 2 109 34759
-3790627 0 2 1693 2239
-3791131 1049600 1 1297
-3797707 2048 1 92627
-3800323 64 1 200017
-3804403 1048576 1 48157
-3805243 16 1 292711
-3807547 2048 1 92867
-3807787 256 1 131303
-3808555 2 1 761711
-3811267 320 1 6917
-3819643 8192 2 181 449
-3824587 16 1 294199
-3828643 20 1 42073
-3829555 2 2 313 2447
-3829627 0 2 1097 3491
-3833347 36 1 32213
-3833467 8 2 563 619
-3837163 8 1 348833
-3838195 1026 1 20747
-3857995 8194 1 16417
-3861307 0 2 163 23689
-3867667 0 2 1433 2699
-3879883 4 1 554269
-3886243 0 2 269 14447
-3892963 8192 2 113 733
-3893323 36 1 32717
-3900787 8 2 131 2707
-3912907 32 2 337 683
-3914827 32772 1 9479
-3916867 0 2 761 5147
-3919843 288 1 7951
-3922363 524288 1 53731
-3924715 258 1 27067
-3925987 16 1 301999
-3939763 4194304 1 44267
-3951763 65536 1 64783
-3956107 0 2 233 16979
-3960163 128 1 172181
-3963067 0 2 1123 3529
-3966547 16 1 305119
-3989395 2097154 1 9613
-3990427 36 1 33533
-3994243 8 2 149 2437
-4004347 16779264 1 967
-4008067 4 1 572581
-4010563 16896 1 2441
-4014307 8 1 364937
-4035187 32784 1 5261
-4040803 16 1 310831
-4055272 67108880 1 38993
-4060963 4096 1 94441
-4063843 4 1 580549
-4064587 0 2 829 4903
-4079587 0 2 443 9209
-4087003 2099200 1 1201
-4090483 0 2 881 4643
-4093387 0 2 769 5323
-4100803 260 1 20201
-4104283 256 2 307 461
-4104787 128 1 178469
-4105915 10 1 74653
-4113187 16 2 107 2957
-4115035 2 2 181 4547
-4131523 8 1 375593
-4140187 0 2 349 11863
-4140907 0 2 1709 2423
-4150003 24 1 29021
-4151323 8 1 377393
-4153843 4096 1 96601
-4157707 32 2 199 1229
-4159192 34603008 1 6581
-4160923 16 2 263 1217
-4166827 4 1 595261
-4171315 2 2 127 6569
-4178923 36 1 35117
-4181947 12 1 54311
-4185667 0 2 769 5443
-4185955 2 1 837191
-4197715 65538 1 13763
-4198987 16 1 322999
-4221667 64 1 222193
-4224355 2 2 683 1237
-4229803 1024 1 114319
-4239307 288 1 8599
-4245547 128 2 197 937
-4247203 192 1 9719
-4253923 8448 1 3121
-4261555 130 1 37057
-4267915 2 2 409 2087
-4273003 4 1 610429
-4275307 65536 2 109 643
-4281043 16 2 127 2593
-4281355 18 1 65867
-4285387 131072 2 167 383
-4290883 0 2 607 7069
-4299163 264 1 13477
-4311427 4194304 2 193 251
-4316203 128 1 187661
-4320115 1048578 1 10937
-4323403 262148 1 8699
-4331203 0 2 419 10337
-4334155 6 1 123833
-4337323 0 2 1531 2833
-4348147 0 2 2029 2143
-4359667 48 1 19727
-4362163 16 2 307 1093
-4367323 0 2 431 10133
-4372243 256 1 150767
-4383187 2048 1 106907
-4389643 1280 1 4091
-4390555 18 1 67547
-4400155 2 1 880031
-4400683 4 2 131 4799
-4400827 0 2 211 20857
-4409827 256 1 152063
-4413355 130 1 38377
-4413907 4224 1 4463
-4421827 0 2 401 11027
-4433947 524292 1 8677
-4442323 0 2 577 7699
-4447003 8 1 404273
-4448203 32 2 233 1123
-4450363 16777216 2 139 317
-4459387 0 2 233 19139
-4461163 4 1 637309
-4467787 1056 1 7103
-4470547 0 2 509 8783
-4479715 2 2 751 1193
-4482523 0 2 223 20101
-4489507 8 1 408137
-4495387 32784 1 5861
-4500643 1028 1 17377
-4522147 4 2 113 5717
-4525315 34 1 53239
-4534315 2 2 251 3613
-4536907 0 3 107 109 389
-4547587 8 1 413417
-4553203 256 1 157007
-4563427 8 1 414857
-4572835 4098 1 21269
-4574563 4 2 599 1091
-4575523 64 2 281 857
-4578043 131072 1 68329
-4579843 0 2 181 25303
-4598155 2 1 919631
-4605595 2 2 157 5867
-4609987 4096 1 107209
-4614355 2 2 113 8167
-4643227 32 1 273131
-4644187 524288 2 113 563
-4647883 2048 1 113363
-4663723 0 2 1187 3929
-4669795 18 1 71843
-4679467 32784 1 6101
-4681483 0 2 311 15053
-4683067 16777216 2 199 233
-4687363 4194304 1 52667
-4688107 8388640 1 2843
-4690723 0 2 103 45541
-4699363 256 2 131 1237
-4709923 512 2 137 1109
-4716427 1088 1 6709
-4719955 2 2 127 7433
-4734283 0 2 167 28349
-4735243 0 2 1061 4463
-4737427 2048 1 115547
-4742803 16 2 137 2663
-4743715 2 2 691 1373
-4747243 4096 2 113 977
-4748515 16777218 1 9403
-4751443 4194304 2 197 271
-4756123 2048 2 311 373
-4759315 10 1 86533
-4790947 4 2 383 1787
-4792027 4194432 1 2341
-4793563 65536 1 78583
-4794883 0 2 541 8863
-4798123 1032 1 11789
-4801003 8192 1 102149
-4801867 524292 1 9397
-4808923 4 1 686989
-4829155 2 2 103 9377
-4832923 0 2 353 13691
-4834195 2 2 617 1567
-4840483 8192 2 181 569
-4848547 8 2 379 1163
-4852747 16777344 1 2089
-4860067 64 2 229 1117
-4861459 0 2 509 9551
-4879843 0 2 1249 3907
-4882123 0 2 1069 4567
-4894363 0 2 151 32413
-4902283 8388608 1 50539
-4904323 0 2 193 25411
-4911547 8704 1 3371
-4945603 16 2 557 683
-4960267 16 1 381559
-4966987 0 2 227 21881
-4988827 0 2 571 8737
-4990483 64 1 262657
-4990507 8192 1 106181
-5009635 66 1 52733
-5010427 32 1 294731
-5039083 262148 1 10139
-5044747 64 1 265513
-5051467 128 1 219629
-5068123 0 2 797 6359
-5069443 0 2 373 13591
-5079355 2 1 1015871
-5081035 2 2 109 9323
-5089147 4 1 727021
-5089987 36 1 42773
-5092123 0 2 607 8389
-5093155 8194 1 21673
-5106187 0 2 1373 3719
-5122027 0 2 193 26539
-5129923 16384 2 151 641
-5143747 4 2 389 1889
-5153227 32 2 107 2833
-5157667 0 2 227 22721
-5166667 2097160 1 5659
-5180443 0 2 109 47527
-5185147 2056 1 11497
-5188003 0 2 181 28663
-5194795 16386 1 19603
-5214643 4 1 744949
-5221483 128 2 379 599
-5228323 256 1 180287
-5243203 2052 1 18269
-5274907 524296 1 6569
-5277883 16 1 405991
-5289043 4096 1 123001
-5295403 1024 2 167 857
-5299723 24 1 37061
-5307883 4 1 758269
-5320555 2 2 233 4567
-5326843 2048 2 173 751
-5352523 16392 1 9181
-5371867 0 2 1361 3947
-5375923 4 2 647 1187
-5378947 4 2 307 2503
-5383963 16 2 137 3023
-5386627 0 2 503 10709
-5399683 0 2 1039 5197
-5406955 130 1 47017
-5410483 2064 1 10151
-5455123 0 2 109 50047
-5483347 131072 2 223 367
-5503243 256 1 189767
-5519707 67584 1 2207
-5531227 16 2 139 3061
-5583307 0 3 109 181 283
-5604883 32 2 487 677
-5607907 64 1 295153
-5638627 0 2 743 7589
-5665363 72 1 27107
-5665627 8 2 601 857
-5671003 16 1 436231
-5675923 8 1 515993
-5676883 16512 1 4657
-5683243 16384 2 157 683
-5701147 16785408 1 1201
-5712403 0 2 211 27073
-5716243 16 2 167 2633
-5724643 64 2 503 599
-5741107 2560 1 4517
-5774827 16384 1 108959
-5790907 1024 1 156511
-5803603 528 1 14401
-5819923 16777472 1 1987
-5834467 16842752 1 947
-5851363 4 1 835909
-5866963 12288 1 2903
-5875027 512 1 189517
-5876203 32 1 345659
-5886307 4 2 193 4357
-5888443 40 1 31489
-5900203 64 2 193 1609
-5912467 8 1 537497
-5919643 2621440 1 977
-5931907 524416 1 3533
-5943163 0 2 149 39887
-5944915 2 2 1033 1151
-5976667 0 2 727 8221
-6003187 4096 1 139609
