-37511
-41399
-45959
-47951
-55511
-64223
-94343
-105263
-107839
-114167
-122839
-156943
-158071
-158959
-160367
-163487
-165343
-166247
-179819
-200671
-214831
-222659
-228539
-237179
-237631
-248099
-257239
-259451
-265619
-270799
-272983
-317503
-328331
-333491
-336463
-345727
-357563
-361183
-365531
-368507
-369419
-384107
-389891
-394259
-400307
-409831
-413243
-419791
-425123
-428531
-428579
-450011
-484787
-486103
-491171
-509123
-512147
-518767
-524099
-544403
-545939
-546967
-548963
-575579
-578167
-597419
-639703
-671131
-698527
-718427
-735979
-750203
-789323
-793099
-803659
-805339
-821027
-822343
-826339
-827851
-838403
-847339
-854387
-857267
-862819
-869371
-872731
-881939
-924827
-929059
-940787
-941971
-984587
-989507
-997427
-999907
-1006307
-1016419
-1020619
-1024099
-1036163
-1040059
-1063067
-1066283
-1078411
-1102427
-1102523
-1116107
-1125379
-1128979
-1147183
-1165051
-1168763
-1183411
-1188587
-1206587
-1250611
-1271059
-1292971
-1309411
-1332379
-1346363
-1355243
-1361963
-1374019
-1376603
-1378219
-1378339
-1381147
-1382123
-1383331
-1402771
-1403491
-1403747
-1409851
-1446619
-1448059
-1468507
-1477363
-1477547
-1489507
-1513123
-1514363
-1521547
-1525819
-1529963
-1534051
-1546627
-1555819
-1556371
-1571611
-1608283
-1620331
-1630051
-1633603
-1655483
-1686563
-1701019
-1705579
-1757779
-1794427
-1800451
-1819819
-1840123
-1858579
-1860571
-1875067
-1877347
-1882939
-1900267
-1903339
-1916779
-1921771
-1933747
-1949371
-1955587
-1959619
-1964419
-2012083
-2013163
-2050771
-2067811
-2068387
-2069443
-2071723
-2072491
-2105251
-2107051
-2117747
-2121187
-2133403
-2134963
-2151451
-2160931
-2170291
-2178643
-2202139
-2204107
-2209043
-2276779
-2299603
-2303227
-2319883
-2408083
-2417923
-2430763
-2439907
-2458411
-2467459
-2485939
-2487139
-2519107
-2519467
-2551651
-2554171
-2567827
-2569003
-2620339
-2635267
-2698027
-2705539
-2737723
-2751163
-2763667
-2823451
-2859427
-2889331
-2932147
-2977003
-2981899
-2987251
-3047731
-3048043
-3101947
-3144283
-3150643
-3162283
-3171787
-3184747
-3195547
-3212347
-3216523
-3222643
-3237643
-3272707
-3284443
-3331651
-3356707
-3429763
-3472387
-3473443
-3486283
-3489883
-3494563
-3532603
-3673867
-3691747
-3691843
-3754507
-3759883
-3773179
-3776683
-3796027
-3813427
-3817339
-3836683
-3916027
-3964627
-3967147
-3995443
-4008523
-4030363
-4038043
-4095667
-4102963
-4124707
-4144963
-4153867
-4235683
-4242547
-4261867
-4280083
-4323307
-4327867
-4331827
-4391227
-4421587
-4564627
-4597363
-4679707
-4748683
-4754107
-4756747
-4793587
-4806187
-4812523
-4828987
-4842427
-4864003
-4879363
-4923427
-4940443
-4969267
-4970347
-4981027
-5001907
-5082043
-5114803
-5153443
-5207707
-5290147
-5329867
-5339107
-5341627
-5390443
-5415523
-5432443
-5532283
-5650507
-5658643
-5726323
-5749027
-5841067
-5984227
-5993947
-6095587
