-695 2 0
-759 137 0
-999 1025 0
-1127 132 0
-1191 1 0
-1196 144 0
-1316 8196 0
-1351 4 0
-1407 131077 0
-1424 71303168 0
-1484 16388 0
-1575 7 0
-1580 1048578 0
-1615 98 0
-1647 65537 0
-1664 67108880 0
-1700 34 0
-1704 100925441 0
-1736 100663812 0
-1743 2097157 0
-1760 67108874 0
-1815 11 0
-1856 67109120 0
-1988 262148 0
-2064 67112961 0
-2156 12 0
-2168 201326592 0
-2184 100663317 0
-2196 65537 0
-2219 4 0
-2223 81 0
-2240 67108870 0
-2316 1 0
-2372 0 0
-2376 100663305 0
-2408 100667396 0
-2420 10 0
-2432 67108928 0
-2479 132096 0
-2480 67109378 0
-2484 129 0
-2600 100663314 0
-2604 517 0
-2660 70 0
-2695 14 0
-2696 100663296 0
-2720 67108898 0
-2736 67108929 0
-2780 2 0
-2784 67109121 0
-2816 67108872 0
-2820 8195 0
-2824 100663296 0
-2852 640 0
-2856 100663333 0
-2900 258 0
-2912 67108884 0
-2915 16394 0
-2964 81 0
-2976 67109377 0
-3024 67108869 0
-3036 137 0
-3059 196 0
-3064 201326592 0
-3120 67108883 0
-3127 49152 0
-3128 201326752 0
-3200 67108866 0
-3204 4194305 0
-3216 67239937 0
-3240 100663299 0
-3248 67109124 0
-3264 67108897 0
-3276 21 0
-3300 11 0
-3332 36 0
-3392 67125248 0
-3444 2053 0
-3456 67108865 0
-3504 67633153 0
-3540 32771 0
-3552 67109889 0
-3560 104857602 0
-3604 16416 0
-3620 2 0
-3660 65539 0
-3696 67108877 0
-3720 100663811 0
-3728 67108864 0
-3744 67108881 0
-3756 1 0
-3780 7 0
-3792 68157441 0
-3816 100679681 0
-3856 67108864 0
-3864 201326725 0
-3876 97 0
-3891 1 0
-3899 4 0
-3904 67174400 0
-3912 100663297 0
-3916 4194312 0
-3920 67108870 0
-3924 1 1 109
-3936 67110913 0
-3940 2 0
-3948 8197 0
-3960 201326603 0
-3980 2 0
-3984 69206017 0
-3996 1025 0
-4059 2057 0
-4063 32 0
-4080 67108899 0
-4104 100663361 0
-4140 131 0
-4144 67109892 0
-4172 4 0
-4176 67109121 0
-4200 100663303 0
-4212 17 0
-4232 100663424 0
-4248 201359361 0
-4292 1280 0
-4308 1 0
-4320 67108867 0
-4356 9 0
-4384 67108864 0
-4400 67108874 0
-4464 67109377 0
-4503 1048641 0
-4508 132 0
-4524 273 0
-4536 201326597 0
-4564 4 0
-4576 67108888 0
-4580 2 0
-4595 2 0
-4620 15 0
-4632 201326593 0
-4656 75497473 0
-4692 161 0
-4704 67108869 0
-4715 2178 0
-4744 100663296 0
-4752 67108873 0
-4764 1 0
-4780 2 0
-4800 67108867 0
-4808 100663296 0
-4832 67108864 0
-4864 67108928 0
-4872 100663557 0
-4920 201328643 0
-4936 100663296 0
-4944 67108865 0
-4968 100663425 0
-5016 201326665 0
-5040 67108871 0
-5075 262 0
-5076 8193 0
-5088 67125249 0
-5100 35 0
-5124 65541 0
-5168 67108960 0
-5172 1 0
-5184 67108865 0
-5196 1 0
-5200 67108882 0
-5211 1 1 193
-5219 32 0
-5232 67108865 0
-5235 3 0
-5236 44 0
-5243 4 1 107
-5252 16777232 0
-5284 0 0
-5320 100663366 0
-5344 67108864 0
-5348 4 0
-5356 16 0
-5379 9 0
-5400 201326595 0
-5404 4 0
-5432 209715204 0
-5448 100663297 0
-5472 67108929 0
-5508 33 0
-5555 16777226 0
-5568 67109121 0
-5580 515 0
-5588 8 0
-5616 67108881 0
-5620 2 0
-5628 131077 0
-5652 1 1 157
-5680 67371010 0
-5691 5 0
-5699 2048 0
-5700 67 0
-5747 4 0
-5748 1 0
-5768 100663300 0
-5772 1041 0
-5808 67108873 0
-5824 67108884 0
-5828 8704 0
-5856 67174401 0
-5859 517 0
-5888 67108992 0
-5915 22 0
-5920 67109890 0
-5928 100663377 0
-5940 11 0
-5963 4325376 0
-5979 1 0
-6004 1048640 0
-6008 201326592 0
-6024 100663297 0
-6048 67108869 0
-6072 201326729 0
-6083 1048588 0
-6084 17 0
-6100 65538 0
-6120 100663331 0
-6132 524293 0
-6180 3 0
-6192 67112961 0
-6216 100664325 0
-6251 8260 0
-6288 67108865 0
-6295 2 0
-6300 7 0
-6336 67108873 0
-6340 2 0
-6348 129 0
-6411 1 0
-6460 98 0
-6468 13 0
-6480 67108867 0
-6531 5 0
-6540 3 0
-6552 201326613 0
-6555 195 0
-6579 4129 0
-6588 65537 0
-6604 16 0
-6636 1048581 0
-6664 100663332 0
-6672 67108865 0
-6699 269 0
-6732 41 0
-6760 100663314 0
-6784 67125248 0
-6795 3 1 151
-6880 67112962 0
-6888 100665349 0
-6904 201326592 0
-6912 67108865 0
-6916 84 0
-6924 1 0
-6928 67108864 0
-6960 67109123 0
-6972 2097157 0
-6976 67108864 0
-7048 100663296 0
-7084 140 0
-7108 0 0
-7128 201326601 0
-7180 2 0
-7188 1 0
-7200 67108867 0
-7212 1 0
-7248 67108865 0
-7260 11 0
-7272 117440513 0
-7300 524290 0
-7308 261 0
-7320 201392131 0
-7332 8209 0
-7348 8 0
-7360 67108994 0
-7371 21 0
-7419 1 0
-7512 201326593 0
-7515 3 1 167
-7531 32 0
-7552 67141632 0
-7560 100663303 0
-7563 1 0
-7568 67112968 0
-7600 67108930 0
-7620 3 0
-7632 67125249 0
-7668 262145 0
-7704 201326593 1 107
-7728 67108997 0
-7744 67108872 0
-7756 4 0
-7764 1 0
-7779 1 0
-7788 32777 0
-7800 201326611 0
-7840 67108870 0
-7872 67110913 0
-7888 67109152 0
-7928 201326592 0
-7936 67109376 0
-7960 201326594 0
-7972 0 0
-7980 71 0
-8075 98 0
-8088 201326593 0
-8100 3 0
-8112 67108881 0
-8115 3 0
-8140 1034 0
-8148 8388613 0
-8200 100665346 0
-8208 67108929 0
-8211 165 0
-8235 65539 0
-8236 262400 0
-8260 32774 0
-8268 16401 0
-8272 67117064 0
-8328 100663297 0
-8344 201326596 0
-8379 69 0
-8388 1 1 233
-8392 100663296 0
-8416 67108864 0
-8428 4100 0
-8451 1 1 313
-8460 8195 0
-8464 67108992 0
-8475 3 1 113
-8499 1 0
-8528 67110928 0
-8556 641 0
-8592 67108865 0
-8603 4 0
-8619 49 0
-8628 1 0
-8640 67108867 0
-8652 5 0
-8688 67108865 0
-8740 194 0
-8760 201850883 0
-8763 129 0
-8772 4129 0
-8800 67108874 0
-8820 7 0
-8836 8192 0
-8880 67109891 0
-8883 8197 0
-8892 81 0
-8979 526337 0
-9028 66560 0
-9040 67108866 0
-9048 201326865 0
-9072 67108869 0
-9075 11 0
-9083 512 0
-9100 22 0
-9112 201457696 0
-9220 2 0
-9228 1 0
-9259 8192 0
-9268 4 0
-9288 100667393 0
-9292 16777344 0
-9300 515 0
-9315 131 0
-9347 16 0
-9352 100663300 0
-9379 2097152 0
-9384 100663457 0
-9395 2 0
-9408 67108869 0
-9432 201326593 1 131
-9451 16 0
-9480 101711875 0
-9492 5 0
-9520 67108902 0
-9552 67108865 0
-9555 23 0
-9580 2 0
-9603 8388617 0
-9648 67239937 0
-9652 64 0
-9672 100663825 0
-9675 4099 0
-9676 34816 0
-9696 83886081 0
-9700 8388610 0
-9715 131330 0
-9723 5 0
-9760 67174402 0
-9804 4161 0
-9823 8264 0
-9828 21 0
-9872 67108864 0
-9888 67108865 0
-9891 5 1 157
-9900 11 0
-9915 3 0
-9916 132096 0
-9928 101187616 0
-9940 262150 0
-9952 67108864 0
-9972 1 1 277
-10011 270337 0
-10032 67108937 0
-10048 67108864 0
-10059 5 0
-10068 1 0
-10120 100663434 0
-10152 100671489 0
-10179 273 0
-10180 2 0
-10187 65536 0
-10192 67108884 0
-10200 201326627 0
-10212 1153 0
-10248 100728837 0
-10275 3 1 137
-10283 20 0
-10323 1537 0
-10339 4 1 211
-10348 16 0
-10355 66 0
-10360 201327622 0
-10368 67108865 0
-10372 0 0
-10392 201326593 0
-10395 15 0
-10444 4 0
-10452 131089 0
-10480 67108866 0
-10488 201326785 0
-10516 8 0
-10600 100679682 0
-10612 4 0
-10632 100663297 0
-10668 5 0
-10672 67109248 0
-10699 16 0
-10704 67108865 0
-10720 67239938 0
-10728 100663297 1 149
-10740 3 0
-10756 0 0
-10768 67108864 0
-10780 14 0
-10788 769 0
-10792 100925504 0
-10816 67108880 0
-10840 201326594 0
-10852 0 0
-10860 3 0
-10872 201326593 1 151
-10900 2 1 109
-10912 67109384 0
-10923 9 0
-10960 67108866 0
-10971 16513 0
-10992 67108865 0
-11008 67112960 0
-11011 28 0
-11019 1 0
-11020 322 0
-11032 201326596 0
-11115 83 0
-11139 1056769 0
-11176 100663304 0
-11200 67108870 0
-11208 100663297 0
-11211 16778241 0
-11232 67108881 0
-11235 7 0
-11267 64 0
-11275 2058 0
-11307 1 0
-11308 8 0
-11403 5 1 181
-11440 67108890 0
-11475 35 0
-11488 67108864 0
-11568 67108865 0
-11603 2048 0
-11620 2097158 0
-11627 12 0
-11628 97 0
-11656 100672000 0
-11667 1 0
-11680 67633154 0
-11691 1 1 433
-11748 4194313 0
-11752 100663312 0
-11788 4 0
-11811 513 0
-11812 0 0
-11835 3 1 263
-11880 100663307 0
-11908 16 0
-11928 201588741 0
-11968 67108904 0
-11980 2 0
-11988 1025 0
-12012 29 0
-12048 67108865 0
-12072 100663297 0
-12075 135 0
-12083 4096 0
-12100 10 0
-12192 67108865 0
-12195 3 1 271
-12208 67108868 0
-12243 16397 0
-12267 8449 0
-12292 4 0
-12376 201326644 0
-12400 67109378 0
-12408 201334793 0
-12420 131 0
-12435 3 0
-12507 9 0
-12508 49152 0
-12552 100663297 0
-12555 515 0
-12628 2060 0
-12675 19 0
-12720 67125251 0
-12760 201326858 0
-12808 100663296 0
-12820 2 0
-12832 67108864 0
-12852 37 0
-12888 201326593 1 179
-12891 1 0
-12928 83886080 0
-12972 8321 0
-12987 1041 0
-13008 67108865 0
-13024 67109896 0
-13035 1048587 0
-13060 2 0
-13072 67113024 0
-13080 201326595 0
-13132 131076 0
-13216 67141636 0
-13248 67108993 0
-13252 0 0
-13260 51 0
-13275 32771 0
-13300 70 0
-13348 270336 0
-13392 67109377 0
-13395 8259 0
-13420 65546 0
-13427 256 0
-13444 0 0
-13512 100663297 0
-13531 4 0
-13539 1 0
-13540 2 0
-13587 5 0
-13611 17 0
-13612 2099200 0
-13668 131105 0
-13696 67108864 0
-13699 68 0
-13732 0 0
-13780 16402 0
-13912 201335808 0
-13915 138 0
-13923 53 0
-14028 5 0
-14035 6 0
-14043 513 0
-14200 201588738 0
-14212 104 0
-14235 524307 0
-14260 642 0
-14283 129 0
-14292 1 1 397
-14308 524292 0
-14368 67108864 0
-14380 2 0
-14392 201326596 0
-14427 5 1 229
-14508 529 0
-14523 8193 0
-14532 5 0
-14536 101712000 0
-14539 131588 0
-14555 264194 0
-14595 7 0
-14608 69206024 0
-14611 64 0
-14632 100696576 0
-14688 67108897 0
-14715 3 1 109
-14800 67109890 0
-14835 4227 0
-14872 201326616 0
-14907 1 0
-14931 1048581 0
-14952 104857605 0
-14968 201326592 0
-14980 6 0
-15019 128 0
-15040 67117058 0
-15072 67108865 0
-15075 131075 0
-15112 100663296 0
-15123 262145 0
-15147 41 0
-15148 4 0
-15184 67633168 0
-15267 5 0
-15280 67108866 0
-15339 1 0
-15372 65541 0
-15411 9 0
-15460 2 0
-15483 17 0
-15520 75497474 0
-15528 100663297 0
-15532 8 0
-15555 65571 0
-15568 67108868 0
-15579 1 1 577
-15595 2 0
-15640 201326754 0
-15652 4116 0
-15675 75 0
-15747 257 0
-15748 512 0
-15768 201850881 0
-15808 67108944 0
-15828 1 0
-15843 1 0
-15852 1 0
-15867 6145 0
-15888 67108865 0
-15931 4194304 0
-15940 2 0
-15987 524289 0
-15988 4 0
-16048 67141664 0
-16072 100665348 0
-16107 32789 0
-16132 1024 0
-16219 4 1 331
-16227 1 1 601
-16252 32 0
-16315 18 0
-16360 100663298 0
-16432 68157456 0
-16443 261 0
-16468 128 0
-16480 67108866 0
-16492 580 0
-16528 67108864 0
-16563 1 0
-16587 8388673 0
-16608 67108865 0
-16632 201326605 0
-16672 67108864 0
-16675 386 0
-16768 67108864 0
-16780 2 0
-16795 2 0
-16827 1310721 0
-16872 100664385 0
-16888 201326592 0
-16900 18 0
-16907 16648 0
-16948 64 0
-17028 4105 0
-17032 100663296 0
-17043 209 0
-17059 4 0
-17068 32 0
-17088 71303169 0
-17092 0 0
-17152 67239936 0
-17235 3 1 383
-17283 5 0
-17292 9 0
-17395 262150 0
-17440 67108866 0
-17523 32777 0
-17548 2048 0
-17560 201326594 0
-17572 128 0
-17595 163 0
-17620 2 0
-17667 17 1 151
-17668 4 0
-17700 32771 0
-17728 67108864 0
-17752 201326596 0
-17787 13 0
-17812 589824 0
-17843 4 0
-17908 1032 0
-17928 102760449 0
-17955 71 0
-18012 1048641 0
-18040 201328650 0
-18052 0 0
-18075 3 1 241
-18088 100663396 0
-18132 1 0
-18148 16 0
-18208 67108864 0
-18340 6 0
-18507 513 0
-18568 100663304 0
-18571 4 1 379
-18579 9 0
-18592 69206020 0
-18595 2 0
-18603 16401 0
-18627 5 0
-18628 0 0
-18667 8 0
-18763 256 0
-18792 100663553 0
-18795 7 0
-18811 16 0
-18832 67108872 0
-18867 65 0
-18868 4210688 0
-18915 8388627 0
-18988 16785408 0
-19012 8388612 0
-19035 8195 0
-19072 67108864 0
-19075 6 1 109
-19168 67108864 0
-19188 2065 0
-19203 1025 0
-19251 641 0
-19275 3 1 257
-19300 2 1 193
-19372 256 0
-19467 5 1 103
-19468 512 0
-19528 100663296 0
-19552 67117072 0
-19579 4 0
-19587 1 0
-19627 64 0
-19632 67108865 0
-19768 201326596 0
-19803 2181 0
-19888 67108872 0
-19912 100663360 0
-19915 6 0
-20043 33 1 131
-20080 67108866 0
-20128 67109920 0
-20260 2 0
-20307 5 0
-20332 176 0
-20355 32899 0
-20427 9 0
-20491 512 0
-20512 67108864 0
-20560 67108866 0
-20659 524288 0
-20692 4 0
-20728 201326592 0
-20752 67108864 0
-20763 1 1 769
-20803 262144 0
-20932 0 0
-20955 11 0
-20980 2 0
-20995 114 0
-21112 201326868 0
-21172 1179648 0
-21352 100663328 0
-21400 201326594 1 107
-21443 2048 0
-21448 100663300 0
-21483 525 0
-21603 65 0
-21747 9 0
-21868 262156 0
-21963 1 0
-21987 5 1 349
-21988 128 0
-22059 4161 0
-22072 205521408 0
-22107 1 0
-22180 2 0
-22192 67633216 0
-22212 1 1 617
-22275 11 0
-22323 5 0
-22339 4194304 0
-22348 1024 0
-22576 69206048 0
-22635 3 1 503
-22803 9 0
-22828 16 0
-22852 256 0
-22867 16 0
-22912 67108864 0
-22939 260 0
-22960 67110918 0
-22995 524295 0
-23032 201326592 0
-23035 34 0
-23067 9 1 233
-23107 4 0
-23115 131203 0
-23188 552 0
-23200 67109122 0
-23235 3 0
-23275 70 0
-23307 33 0
-23368 100663424 0
-23472 67108865 1 163
-23643 263169 0
-23752 100663296 0
-23788 64 0
-23907 17 0
-23995 2 0
-24003 5 1 127
-24112 67108872 0
-24115 16406 0
-24123 4137 0
-24292 0 0
-24315 3 0
-24388 131092 0
-24435 3 1 181
-24451 4 1 499
-24507 5 1 389
-24595 2 0
-24627 1 0
-24628 8192 0
-24643 64 0
-24843 21 0
-24880 67108866 0
-24915 11 0
-24928 67110976 0
-24952 201326592 0
-24955 646 0
-25048 218104320 0
-25075 32802 0
-25155 4115 0
-25180 2 0
-25195 2 0
-25228 16420 0
-25300 138 0
-25347 262181 0
-25408 67108864 0
-25467 17 0
-25488 67141633 0
-25675 1048594 0
-25683 5 0
-25707 2121 0
-25732 4 0
-25755 16777251 0
-25792 67109392 0
-25795 131086 0
-25803 73729 0
-25888 67108864 0
-25915 786434 0
-25923 1 0
-25972 4096 0
-25987 16 0
-26035 2050 0
-26163 97 0
-26187 4357 0
-26307 1049601 0
-26395 2 0
-26427 129 0
-26467 68 0
-26475 3 1 353
-26643 2097153 0
-26728 100663312 0
-26803 4 1 547
-26995 2 0
-27027 29 0
-27115 298 0
-27163 128 0
-27267 65537 0
-27328 67174404 0
-27435 33283 0
-27448 201859072 0
-27475 6 1 157
-27523 32 0
-27643 12 0
-27652 512 0
-27907 36872 0
-28072 100663560 0
-28243 65536 0
-28315 6 0
-28347 9 0
-28372 2048 0
-28435 8202 0
-28459 0 1 149
-28747 4194400 0
-28891 0 1 167
-28912 67108880 0
-29115 3 1 647
-29128 100663304 0
-29187 8321 0
-29283 4097 0
-29323 294916 0
-29395 2 0
-29563 9248 0
-29659 68 0
-29668 0 0
-29755 10 0
-29835 51 0
-29923 128 0
-29968 67108864 0
-30088 100663296 0
-30163 516 0
-30363 257 0
-30387 5 0
-30475 16514 0
-30523 0 1 131
-30667 20 0
-30675 3 1 409
-30739 32768 0
-30843 129 1 149
-30907 512 0
-30955 2050 0
-30979 16 0
-31075 10 1 113
-31252 16 0
-31348 32 0
-31563 5 1 167
-31579 128 0
-31648 67113088 0
-31683 32769 0
-31707 17 1 271
-31795 2 0
-31915 18 0
-31948 4 1 163
-32008 100663296 0
-32043 9 0
-32155 32770 0
-32272 67108864 0
-32307 4194313 0
-32547 65 0
-32635 65538 0
-32643 529 0
-32883 8388609 0
-32992 67108864 0
-33067 4096 0
-33187 12 0
-33867 278529 0
-33883 512 0
-34203 17 0
-34363 4 0
-34587 65541 0
-34675 524354 0
-34827 8273 0
-34923 5 0
-35667 1 1 1321
-36003 9 0
-36043 68 0
-36547 132 0
-36675 3 1 163
-36723 1 0
-36763 8388608 0
-36883 12 0
-37227 1 0
-37555 1286 0
-37563 65 0
-37675 10 1 137
-38227 4100 0
-38443 1024 0
-38467 24 0
-38907 9 1 131
-39292 8264 0
-39603 4097 0
-39643 256 0
-39715 8210 0
-39787 8 0
-40147 64 0
-40195 2 0
-40747 4 0
-41035 258 0
-41563 4194304 0
-41728 67108864 0
-42067 33408 0
-42163 8 0
-42267 524289 0
-42387 262145 0
-42427 332 0
-42835 18 0
-43267 4 1 883
-43483 163848 0
-44163 5 1 701
-44443 4 1 907
-44947 4 0
-45115 6 0
-45787 516 0
-46195 2 0
-46243 0 1 131
-46267 16 0
-46795 6 1 191
-47203 16 0
-47443 72 0
-47707 8 0
-48547 4096 0
-49107 1 0
-49267 64 0
-49387 272 0
-49987 1028 0
-50323 1048596 0
-50395 2 0
-51667 65548 0
-52123 8192 0
-52915 66 0
-54307 8 0
-55867 132 0
-56947 520 0
-57523 67712 0
-60523 256 0
-60883 0 1 107
-61147 8192 0
-62155 514 0
-62203 32 0
-63043 128 0
-64267 4 0
-79363 64 0
-84043 0 1 229
-84547 32768 0
-86227 128 1 163
-111763 524288 0
