-27431
-30071
-35759
-69767
-82007
-94439
-95191
-99679
-125687
-127711
-133831
-137191
-161339
-163567
-172279
-195991
-198391
-213319
-216991
-224047
-224579
-234799
-253063
-260651
-279127
-283831
-286019
-288199
-320267
-325783
-334331
-335771
-342799
-357103
-358979
-382763
-386363
-388711
-417419
-422267
-429463
-434383
-438391
-441011
-445691
-457571
-473887
-474059
-475907
-480707
-491867
-496063
-510031
-514903
-516727
-523403
-527987
-528487
-538927
-543971
-546583
-558007
-580187
-582247
-593507
-618859
-638051
-661259
-681367
-681731
-690127
-701023
-707887
-713939
-737483
-741563
-762491
-768323
-780371
-787427
-791003
-803819
-811259
-811523
-815491
-816227
-830887
-840823
-844427
-845219
-860819
-864587
-875363
-877411
-885083
-890843
-901063
-909683
-925307
-934051
-937459
-942091
-946459
-958459
-970787
-973099
-978347
-980731
-980899
-985499
-987587
-1005331
-1007483
-1009787
-1010747
-1014571
-1023227
-1029827
-1038251
-1053467
-1079123
-1081219
-1092827
-1105619
-1110103
-1128811
-1160987
-1165187
-1174339
-1181723
-1210051
-1215083
-1217131
-1230227
-1235243
-1264699
-1268747
-1275931
-1283539
-1304131
-1349147
-1349683
-1385147
-1388627
-1391419
-1410803
-1417067
-1422563
-1429283
-1437379
-1440107
-1441411
-1443859
-1460167
-1472971
-1475899
-1479139
-1502419
-1532611
-1532803
-1560203
-1568419
-1572803
-1575443
-1628059
-1631723
-1632467
-1634371
-1636651
-1661899
-1662547
-1673627
-1679267
-1681027
-1693763
-1707163
-1729051
-1751587
-1753403
-1761139
-1780147
-1799627
-1804939
-1828667
-1829963
-1836091
-1846963
-1873523
-1873771
-1938907
-1946627
-1953379
-1976851
-1979779
-1982083
-1985419
-2000659
-2025427
-2107243
-2116747
-2131267
-2157563
-2160211
-2162059
-2169227
-2181139
-2183683
-2201107
-2201443
-2206163
-2206507
-2218771
-2221459
-2227339
-2238619
-2244139
-2269867
-2280547
-2281099
-2290627
-2306179
-2324779
-2329699
-2362363
-2373403
-2381507
-2388499
-2389507
-2400259
-2412379
-2416867
-2420251
-2428123
-2433979
-2451307
-2454787
-2460883
-2468443
-2470891
-2536147
-2539267
-2546539
-2549203
-2559283
-2571451
-2576467
-2580323
-2581699
-2585507
-2597611
-2601979
-2624467
-2636203
-2638651
-2651419
-2657059
-2670571
-2686819
-2719699
-2729059
-2732179
-2739523
-2758099
-2770627
-2791387
-2793067
-2795059
-2800219
-2805043
-2805091
-2837059
-2841523
-2847043
-2850763
-2872459
-2873947
-2879803
-2892403
-2901043
-2902483
-2914843
-2927611
-2930563
-2930947
-2970523
-2971603
-2984803
-2992723
-2997667
-3023659
-3042163
-3066067
-3090523
-3105979
-3128443
-3141331
-3153643
-3162787
-3199051
-3228187
-3235411
-3240163
-3243043
-3250627
-3257203
-3259723
-3294763
-3297787
-3312163
-3333907
-3341251
-3350827
-3358123
-3369643
-3376987
-3386563
-3400123
-3406723
-3412987
-3423643
-3429067
-3435163
-3452923
-3481483
-3483523
-3490867
-3491947
-3493747
-3502699
-3502987
-3510163
-3518083
-3523363
-3549331
-3563467
-3572707
-3606947
-3638227
-3649003
-3682867
-3700363
-3727123
-3745867
-3755803
-3772243
-3811627
-3834499
-3839587
-3863347
-3872059
-3872971
-3874987
-3881467
-3894763
-3899947
-3946507
-3976003
-3977587
-4010707
-4027171
-4049131
-4049803
-4066507
-4087747
-4097227
-4111123
-4134667
-4155187
-4191427
-4192603
-4231627
-4265683
-4296043
-4349227
-4408891
-4426843
-4433203
-4441747
-4444507
-4506331
-4507603
-4516051
-4519747
-4522963
-4524283
-4525747
-4578547
-4612723
-4617643
-4662667
-4680811
-4706083
-4802947
-4816963
-4825627
-4841323
-4852387
-4870867
-4892827
-4993627
-5009803
-5019787
-5073763
-5090563
-5111563
-5119027
-5132923
-5217787
-5233867
-5245003
-5247379
-5261923
-5330803
-5377243
-5401243
-5431843
-5434123
-5439667
-5448403
-5471827
-5473147
-5552947
-5577643
-5620987
-5674267
-5684083
-5756347
-5757403
-5800243
-5855347
-5868307
-5899363
-5996587
-5997643
-6078763
