-30551 0 2 137 223
-31631 8192 1 673
-46367 0 2 199 233
-46799 16384 1 883
-48047 128 1 2089
-50783 4096 1 1181
-51311 16 1 3947
-56351 1024 1 1523
-64751 524288 1 887
-74207 4 1 10601
-75791 64 1 3989
-81287 256 1 2803
-85784 33554432 1 10723
-85871 4096 1 1997
-88039 4 1 12577
-88127 16 1 6779
-92591 16384 1 1747
-92663 64 1 4877
-94271 512 1 3041
-96335 2 1 19267
-97247 512 1 3137
-102164 0 1 25541
-104744 67108864 1 13093
-104903 128 1 4561
-109016 33554432 1 13627
-112007 4 1 16001
-113384 67108864 1 14173
-115015 2 1 23003
-120151 16384 1 2267
-120983 0 2 337 359
-127519 4 1 18217
-129716 0 1 32429
-131239 1024 1 3547
-132596 0 1 33149
-135167 32 1 7951
-135919 4 1 19417
-137551 131072 1 2053
-137684 0 1 34421
-139639 0 2 311 449
-143839 2097152 1 1733
-144151 4 1 20593
-148415 2 1 29683
-150296 33554432 1 18787
-153983 4096 1 3581
-167527 0 2 233 719
-167927 512 1 5417
-174164 0 1 43541
-176335 2 1 35267
-177512 67108864 1 22189
-178004 0 1 44501
-183271 8 1 16661
-184091 64 1 9689
-189103 0 2 127 1489
-194171 0 2 281 691
-194719 4 1 27817
-198371 0 2 163 1217
-200599 4 1 28657
-200936 67108864 1 25117
-201332 0 1 50333
-203503 0 2 109 1867
-207011 4 1 29573
-209023 4096 1 4861
-212407 16 1 16339
-220615 2 1 44123
-223127 4096 1 5189
-227479 4 1 32497
-228596 0 1 57149
-229451 32768 1 3889
-237247 131072 1 3541
-241591 4 1 34513
-242839 64 1 12781
-244735 2 1 48947
-246179 0 2 173 1423
-247924 0 1 61981
-248767 64 1 13093
-250856 67108864 1 31357
-254287 8 1 23117
-254579 16 1 19583
-257435 2 1 51487
-259736 33554432 1 32467
-261319 256 1 9011
-263339 262144 1 3709
-263771 0 2 191 1381
-265931 32 1 15643
-278771 0 2 113 2467
-278791 1048576 1 3529
-278836 0 1 69709
-285716 0 1 71429
-287192 33554432 1 35899
-287935 2 1 57587
-289496 33554432 1 36187
-289615 2 1 57923
-290215 2 1 58043
-292135 2 1 58427
-292571 0 2 307 953
-292903 16 1 22531
-296372 0 1 74093
-301019 32 1 17707
-302516 0 1 75629
-303179 0 2 113 2683
-306932 0 1 76733
-308948 0 1 77237
-311263 0 2 107 2909
-315943 1024 1 8539
-318779 0 2 191 1669
-319619 4096 1 7433
-319951 512 1 10321
-322015 2 1 64403
-323096 33554432 1 40387
-323983 8 1 29453
-326551 0 2 251 1301
-326552 33554432 1 40819
-329099 64 1 17321
-329915 2 1 65983
-330487 128 1 14369
-330559 65536 1 5419
-330851 0 2 373 887
-331879 1048576 1 4201
-335623 16777216 1 3323
-345847 0 2 317 1091
-351371 128 1 15277
-353972 0 1 88493
-354607 8 1 32237
-359144 67108864 1 44893
-361135 2 1 72227
-361519 8388608 1 3727
-364519 0 2 479 761
-368071 8 1 33461
-371048 67108864 1 46381
-375131 512 1 12101
-376067 64 1 19793
-376139 0 2 227 1657
-376835 2 1 75367
-377027 4 1 53861
-377588 0 1 94397
-381779 0 2 293 1303
-382183 16384 1 7211
-383704 33554432 1 47963
-384596 0 1 96149
-387323 0 2 409 947
-388139 0 2 487 797
-388811 0 2 293 1327
-390004 0 1 97501
-390127 64 1 20533
-394783 4096 1 9181
-397571 0 2 379 1049
-397783 32 1 23399
-403412 0 1 100853
-406379 512 1 13109
-408371 4096 1 9497
-423607 0 2 149 2843
-427135 2 1 85427
-428056 33554432 1 53507
-428771 4 1 61253
-432127 0 2 193 2239
-435971 1024 1 11783
-439543 16 1 33811
-439927 4194304 1 4943
-442567 64 1 23293
-443732 0 1 110933
-446023 0 2 193 2311
-457567 8 1 41597
-458263 16 1 35251
-460303 0 2 293 1571
-467011 0 2 179 2609
-479099 524288 1 6563
-480308 0 1 120077
-481739 0 2 311 1549
-482047 0 2 179 2693
-484756 0 1 121189
-487115 2 1 97423
-487156 0 1 121789
-488344 33554432 1 61043
-491123 0 2 661 743
-492035 2 1 98407
-496084 0 1 124021
-496523 0 2 233 2131
-499864 33554432 1 62483
-503027 4 1 71861
-503732 0 1 125933
-504583 64 1 26557
-505783 131072 1 7549
-509003 8 1 46273
-509459 0 2 131 3889
-511508 0 1 127877
-517336 33554432 1 64667
-519323 4 1 74189
-520984 33554432 1 65123
-521704 67108864 1 65213
-522484 0 1 130621
-523139 0 2 149 3511
-523931 512 1 16901
-532207 16 1 40939
-534011 0 2 379 1409
-534419 0 2 547 977
-537256 67108864 1 67157
-538643 4 1 76949
-543251 0 2 167 3253
-543443 0 2 419 1297
-546659 4096 1 12713
-550327 0 2 353 1559
-556643 64 1 29297
-557771 0 2 541 1031
-557939 524288 1 7643
-560219 8 1 50929
-563956 0 1 140989
-564008 67108864 1 70501
-567539 4 1 81077
-569291 32768 1 9649
-569339 0 2 199 2861
-572003 4194304 1 6427
-573428 0 1 143357
-573731 0 2 523 1097
-578623 0 2 227 2549
-580264 67108864 1 72533
-589907 0 2 619 953
-590056 67108864 1 73757
-592283 0 2 587 1009
-594731 524288 1 8147
-596072 67108864 1 74509
-597076 0 1 149269
-598516 0 1 149629
-598744 33554432 1 74843
-605651 2097152 1 7297
-607811 256 1 20959
-608867 4 1 86981
-610132 0 1 152533
-614287 0 2 107 5741
-615635 2 1 123127
-618004 0 1 154501
-618223 0 2 113 5471
-622235 2 1 124447
-623843 8 1 56713
-627827 32 1 36931
-630691 0 2 547 1153
-632023 4 1 90289
-634763 32 1 37339
-638627 8 1 58057
-640235 2 1 128047
-641236 0 1 160309
-641699 32 1 37747
-642484 0 1 160621
-650708 0 1 162677
-652807 0 2 107 6101
-654452 0 1 163613
-655183 0 2 103 6361
-658804 0 1 164701
-659527 8 1 59957
-664024 33554432 1 83003
-664523 0 2 277 2399
-666611 8 1 60601
-667139 8 1 60649
-667816 67108864 1 83477
-670708 0 1 167677
-672083 128 1 29221
-674435 2 1 134887
-677819 0 2 277 2447
-678616 33554432 1 84827
-679043 0 2 619 1097
-681379 2048 1 16619
-682072 33554432 1 85259
-684308 0 1 171077
-686248 67108864 1 85781
-687899 0 2 109 6311
-688547 256 1 23743
-689363 131072 1 10289
-690068 0 1 172517
-690152 67108864 1 86269
-690463 512 1 22273
-691412 0 1 172853
-693587 0 2 389 1783
-693803 8 1 63073
-695848 67108864 1 86981
-697043 1024 1 18839
-701891 128 1 30517
-714968 33554432 1 89371
-715331 64 1 37649
-718996 0 1 179749
-721183 64 1 37957
-722863 131072 1 10789
-731284 0 1 182821
-734983 0 2 107 6869
-735683 16 1 56591
-735892 0 1 183973
-736019 0 2 571 1289
-737243 16 1 56711
-739019 0 2 499 1481
-743315 2 1 148663
-744563 0 2 419 1777
-749147 4 1 107021
-751499 4 1 107357
-751892 0 1 187973
-754331 128 1 32797
-755476 0 1 188869
-766427 524288 1 10499
-767407 0 2 211 3637
-786868 0 1 196717
-792323 4 1 113189
-795227 0 2 311 2557
-803507 262144 1 11317
-804136 67108864 1 100517
-805787 0 2 631 1277
-806987 64 1 42473
-807515 2 1 161503
-811403 0 2 127 6389
-812824 33554432 1 101603
-813016 33554432 1 101627
-813172 0 1 203293
-814696 67108864 1 101837
-815896 33554432 1 101987
-818299 0 2 811 1009
-824507 512 1 26597
-826835 2 1 165367
-827315 2 1 165463
-828931 0 2 359 2309
-829403 128 1 36061
-837076 0 1 209269
-837908 0 1 209477
-841315 2 1 168263
-847988 0 1 211997
-851668 0 1 212917
-852619 0 2 773 1103
-856763 8192 1 18229
-856984 33554432 1 107123
-858923 16 1 66071
-858947 0 2 157 5471
-859099 32768 1 14561
-859412 0 1 214853
-861451 2048 1 21011
-863963 0 2 277 3119
-868235 2 1 173647
-869236 0 1 217309
-871768 33554432 1 108971
-872468 0 1 218117
-875764 0 1 218941
-875867 4096 1 20369
-878603 8 1 79873
-878623 128 1 38201
-880084 0 1 220021
-882583 16 1 67891
-885499 4096 1 20593
-892427 0 2 821 1087
-893747 0 2 179 4993
-897112 33554432 1 112139
-898547 16 1 69119
-898651 16 1 69127
-900083 0 2 523 1721
-905371 131072 1 13513
-905699 256 1 31231
-905704 67108864 1 113213
-910772 0 1 227693
-916756 0 1 229189
-923251 4 1 131893
-930703 0 2 761 1223
-934663 2097152 1 11261
-942323 0 2 859 1097
-944315 2 1 188863
-948379 32 1 55787
-951739 0 2 137 6947
-954931 2048 1 23291
-959971 0 2 313 3067
-971059 65536 1 15919
-971368 67108864 1 121421
-971963 0 2 823 1181
-983887 0 2 659 1493
-984635 2 1 196927
-984692 0 1 246173
-985108 0 1 246277
-985187 4 1 140741
-986548 0 1 246637
-986584 33554432 1 123323
-987947 0 2 523 1889
-989524 0 1 247381
-991339 2048 1 24179
-992731 64 1 52249
-995843 32 1 58579
-1004056 33554432 1 125507
-1012219 16 1 77863
-1013464 33554432 1 126683
-1014499 4096 1 23593
-1014811 4 1 144973
-1015763 4 1 145109
-1021528 33554432 1 127691
-1023976 67108864 1 127997
-1024283 16 1 78791
-1033043 8 1 93913
-1037656 33554432 1 129707
-1041467 4 1 148781
-1044635 2 1 208927
-1045315 2 1 209063
-1046147 4096 1 24329
-1046411 0 2 547 1913
-1047083 0 2 131 7993
-1048948 0 1 262237
-1049723 2048 1 25603
-1054211 0 2 269 3919
-1067608 33554432 1 133451
-1070488 33554432 1 133811
-1070867 4 1 152981
-1071019 512 1 34549
-1082503 0 2 727 1489
-1082867 64 1 56993
-1084411 512 1 34981
-1093819 0 2 157 6967
-1095988 0 1 273997
-1097491 128 1 47717
-1103764 0 1 275941
-1107235 2 1 221447
-1109371 1024 1 29983
-1117288 67108864 1 139661
-1121747 8 1 101977
-1122523 0 2 439 2557
-1132312 33554432 1 141539
-1132372 0 1 283093
-1133899 16 1 87223
-1135768 33554432 1 141971
-1141891 2048 1 27851
-1144363 8 1 104033
-1146328 33554432 1 143291
-1147864 33554432 1 143483
-1149331 1024 1 31063
-1150283 0 2 197 5839
-1155508 0 1 288877
-1164223 1048576 1 14737
-1169908 0 1 292477
-1173635 2 1 234727
-1179211 8 1 107201
-1187779 0 2 593 2003
-1191976 67108864 1 148997
-1194472 67108864 1 149309
-1194772 0 1 298693
-1201204 0 1 300301
-1201972 0 1 300493
-1203304 67108864 1 150413
-1208059 0 2 173 6983
-1211956 0 1 302989
-1212628 0 1 303157
-1217176 33554432 1 152147
-1218323 0 2 383 3181
-1219252 0 1 304813
-1224331 65536 1 20071
-1228771 0 2 719 1709
-1229779 0 2 113 10883
-1230803 4 1 175829
-1232371 4 1 176053
-1233688 33554432 1 154211
-1236619 131072 1 18457
-1239691 32 1 72923
-1250968 33554432 1 156371
-1252099 2048 1 30539
-1253731 0 2 173 7247
-1257811 0 2 139 9049
-1262123 0 2 157 8039
-1269227 65536 1 20807
-1269976 33554432 1 158747
-1273547 8 1 115777
-1275091 524288 1 17467
-1283284 0 1 320821
-1285043 512 1 41453
-1285723 128 1 55901
-1289419 0 2 1063 1213
-1295011 0 2 463 2797
-1298548 0 1 324637
-1309667 16777216 1 12967
-1309972 0 1 327493
-1314379 8 1 119489
-1320499 128 1 57413
-1334027 0 2 859 1553
-1339048 67108864 1 167381
-1340539 32768 1 22721
-1346584 33554432 1 168323
-1348264 67108864 1 168533
-1348771 65536 1 22111
-1351144 67108864 1 168893
-1351163 8 1 122833
-1368232 67108864 1 171029
-1368859 32768 1 23201
-1369048 33554432 1 171131
-1370851 512 1 44221
-1373656 33554432 1 171707
-1378072 33554432 1 172259
-1381672 67108864 1 172709
-1383028 0 1 345757
-1387651 0 2 227 6113
-1389571 0 2 937 1483
-1392808 67108864 1 174101
-1396264 67108864 1 174533
-1397272 33554432 1 174659
-1398691 4 1 199813
-1415299 0 2 257 5507
-1416619 1024 1 38287
-1424987 0 2 151 9437
-1427572 0 1 356893
-1433243 4 1 204749
-1433611 0 2 179 8009
-1433899 32 1 84347
-1437523 128 1 62501
-1437859 0 2 461 3119
-1440739 0 2 313 4603
-1448843 8 1 131713
-1450171 0 2 107 13553
-1456003 256 1 50207
-1459699 0 2 449 3251
-1460779 0 2 613 2383
-1461547 2097152 1 17609
-1463059 16 1 112543
-1465459 1024 1 39607
-1466536 67108864 1 183317
-1471828 0 1 367957
-1472308 0 1 368077
-1473227 4 1 210461
-1475419 8 1 134129
-1475779 0 2 167 8837
-1480387 2048 1 36107
-1485091 4096 1 34537
-1485403 0 2 223 6661
-1487107 8388608 1 15331
-1490491 0 2 293 5087
-1497448 67108864 1 187181
-1499572 0 1 374893
-1499747 0 2 751 1997
-1499851 256 1 51719
-1500587 8 1 136417
-1507915 2 1 301583
-1515035 2 1 303007
-1516579 0 2 199 7621
-1520059 65536 1 24919
-1525012 0 1 381253
-1526548 0 1 381637
-1528099 0 2 113 13523
-1529483 0 2 281 5443
-1530859 8 1 139169
-1532299 512 1 49429
-1539379 0 2 719 2141
-1545707 64 1 81353
-1546408 67108864 1 193301
-1546651 524288 1 21187
-1551139 4096 1 36073
-1557235 2 1 311447
-1560628 0 1 390157
-1564531 4194304 1 17579
-1568884 0 1 392221
-1569107 0 2 463 3389
-1570315 2 1 314063
-1571443 262144 1 22133
-1571572 0 1 392893
-1581451 0 2 269 5879
-1582987 4 1 226141
-1583011 65536 1 25951
-1585907 0 2 421 3767
-1586131 16384 1 29927
-1596323 64 1 84017
-1598635 2 1 319727
-1599635 2 1 319927
-1609051 0 2 149 10799
-1614811 8 1 146801
-1615339 8 1 146849
-1617323 0 2 457 3539
-1620163 0 2 503 3221
-1633147 0 2 109 14983
-1635467 512 1 52757
-1635496 67108864 1 204437
-1647683 524288 1 22571
-1648051 0 2 701 2351
-1650787 2097152 1 19889
-1654243 4194304 1 18587
-1655272 67108864 1 206909
-1655923 0 2 353 4691
-1660852 0 1 415213
-1664899 0 2 887 1877
-1666915 2 1 333383
-1675267 8 1 152297
-1676107 0 2 239 7013
-1676632 33554432 1 209579
-1676747 0 2 109 15383
-1677635 2 1 335527
-1680827 4096 1 39089
-1685851 64 1 88729
-1693243 0 2 383 4421
-1702612 0 1 425653
-1710451 0 2 173 9887
-1719619 8 1 156329
-1730968 33554432 1 216371
-1743931 4 1 249133
-1748363 2048 1 42643
-1750051 0 2 887 1973
-1755115 2 1 351023
-1755859 4 1 250837
-1757251 0 2 251 7001
-1760035 2 1 352007
-1762291 262144 1 24821
-1773556 0 1 443389
-1776707 4194304 1 19963
-1776979 0 2 419 4241
-1778987 4 1 254141
-1780531 0 2 827 2153
-1783528 67108864 1 222941
-1787944 67108864 1 223493
-1789099 16 1 137623
-1791571 0 2 139 12889
-1792651 4 1 256093
-1795723 4096 1 41761
-1796008 67108864 1 224501
-1797211 16 1 138247
-1800107 524288 1 24659
-1824787 2048 1 44507
-1826392 33554432 1 228299
-1826635 2 1 365327
-1831252 0 1 457813
-1833691 0 2 563 3257
-1836712 67108864 1 229589
-1837651 0 2 271 6781
-1839083 131072 1 27449
-1841563 0 2 1307 1409
-1842859 1024 1 49807
-1859092 0 1 464773
-1862387 512 1 60077
-1864787 256 1 64303
-1865851 16 1 143527
-1871963 8192 1 39829
-1872619 4 1 267517
-1887412 0 1 471853
-1889752 33554432 1 236219
-1891432 67108864 1 236429
-1892035 2 1 378407
-1893499 262144 1 26669
-1894483 256 1 65327
-1899427 32 1 111731
-1914619 4 1 273517
-1916827 8 1 174257
-1927348 0 1 481837
-1930072 33554432 1 241259
-1935256 33554432 1 241907
-1940731 16 1 149287
-1949299 8 1 177209
-1949608 67108864 1 243701
-1955323 32 1 115019
-1957096 67108864 1 244637
-1962088 67108864 1 245261
-1962427 0 2 349 5623
-1966771 262144 1 27701
-1971283 0 2 853 2311
-1972531 8 1 179321
-1973603 0 2 191 10333
-1973635 2 1 394727
-1977683 0 2 197 10039
-1999411 1048576 1 25309
-2009368 33554432 1 251171
-2020843 8 1 183713
-2020888 33554432 1 252611
-2022451 0 2 1321 1531
-2032603 16384 1 38351
-2042731 256 1 70439
-2043979 4 1 291997
-2046883 0 2 709 2887
-2047768 33554432 1 255971
-2056651 256 1 70919
-2061715 2 1 412343
-2062387 128 1 89669
-2064835 2 1 412967
-2065891 32 1 121523
-2066068 0 1 516517
-2067508 0 1 516877
-2070259 64 1 108961
-2083348 0 1 520837
-2084539 16777216 1 20639
-2088808 67108864 1 261101
-2092456 67108864 1 261557
-2095243 0 2 293 7151
-2100211 0 2 389 5399
-2101012 0 1 525253
-2104099 0 2 359 5861
-2105683 0 2 607 3469
-2126035 2 1 425207
-2131579 32 1 125387
-2135491 131072 1 31873
-2137027 0 2 307 6961
-2146171 0 2 601 3571
-2150488 33554432 1 268811
-2150827 4 1 307261
-2153332 0 1 538333
-2154947 65536 1 35327
-2156632 33554432 1 269579
-2158315 2 1 431663
-2179048 67108864 1 272381
-2195491 0 2 919 2389
-2197315 2 1 439463
-2200267 4096 1 51169
-2203819 0 2 239 9221
-2204248 33554432 1 275531
-2204947 0 2 1429 1543
-2205571 0 2 1237 1783
-2221108 0 1 555277
-2223115 2 1 444623
-2224531 0 2 683 3257
-2234611 128 1 97157
-2240707 4 1 320101
-2242603 8 1 203873
-2247715 2 1 449543
-2249323 0 2 167 13469
-2250691 8388608 1 23203
-2252308 0 1 563077
-2252563 0 2 563 4001
-2260243 0 2 727 3109
-2261539 4 1 323077
-2269123 0 2 163 13921
-2270872 33554432 1 283859
-2279179 4 1 325597
-2284171 32 1 134363
-2295115 2 1 459023
-2303707 4 1 329101
-2305972 0 1 576493
-2306035 2 1 461207
-2307667 32768 1 39113
-2320459 0 2 191 12149
-2321227 0 2 307 7561
-2331403 0 2 149 15647
-2332411 0 2 503 4637
-2337715 2 1 467543
-2340331 4 1 334333
-2354707 0 2 127 18541
-2354827 0 2 673 3499
-2358307 4 1 336901
-2368147 16777216 1 23447
-2369131 1048576 1 29989
-2372899 0 2 1123 2113
-2373352 67108864 1 296669
-2373739 0 2 227 10457
-2375515 2 1 475103
-2378347 4194304 1 26723
-2395147 32 1 140891
-2397643 0 2 733 3271
-2399563 0 2 787 3049
-2403427 16 1 184879
-2405227 8 1 218657
-2408788 0 1 602197
-2409619 32768 1 40841
-2412427 0 2 311 7757
-2416387 0 2 157 15391
-2417539 8192 1 51437
-2426251 0 2 131 18521
-2432107 0 2 1361 1787
-2438035 2 1 487607
-2439715 2 1 487943
-2446315 2 1 489263
-2452315 2 1 490463
-2455252 0 1 613813
-2458072 33554432 1 307259
-2461972 0 1 615493
-2474635 2 1 494927
-2481163 8388608 1 25579
-2484187 0 2 487 5101
-2484532 0 1 621133
-2489443 8 1 226313
-2490499 8 1 226409
-2499347 0 2 691 3617
-2500603 4 1 357229
-2503723 131072 1 37369
-2503987 128 1 108869
-2511235 2 1 502247
-2511448 33554432 1 313931
-2517715 2 1 503543
-2520883 256 1 86927
-2524387 0 2 311 8117
-2532163 0 2 139 18217
-2534452 0 1 633613
-2540059 0 2 1153 2203
-2540227 0 2 719 3533
-2544235 2 1 508847
-2545507 0 2 139 18313
-2545747 0 2 1423 1789
-2550979 2048 1 62219
-2551411 32 1 150083
-2553091 0 2 271 9421
-2559019 512 1 82549
-2575363 4 1 367909
-2576872 67108864 1 322109
-2583508 0 1 645877
-2583683 0 2 137 18859
-2592715 2 1 518543
-2593723 8 1 235793
-2599387 4 1 371341
-2599987 16 1 199999
-2602819 32 1 153107
-2611459 131072 1 38977
-2616067 8192 1 55661
-2619307 0 2 179 14633
-2640619 16384 1 49823
-2649667 0 2 149 17783
-2653507 512 1 85597
-2656723 0 2 1039 2557
-2662411 128 1 115757
-2664979 0 2 263 10133
-2666323 8 1 242393
-2668387 512 1 86077
-2669467 0 2 479 5573
-2672035 2 1 534407
-2672971 4 1 381853
-2673907 0 2 457 5851
-2676979 8192 1 56957
-2679448 33554432 1 334931
-2683048 67108864 1 335381
-2686132 0 1 671533
-2695747 0 2 1277 2111
-2711272 67108864 1 338909
-2726872 33554432 1 340859
-2729923 4 1 389989
-2732683 0 2 683 4001
-2734003 2048 1 66683
-2739187 8 1 249017
-2744179 1024 1 74167
-2744803 32 1 161459
-2748667 0 2 757 3631
-2767699 8 1 251609
-2772187 8 1 252017
-2773963 0 2 179 15497
-2777419 0 2 239 11621
-2777947 0 2 151 18397
-2785867 4 1 397981
-2803432 67108864 1 350429
-2804971 16 1 215767
-2824843 4 1 403549
-2829067 0 2 139 20353
-2831731 4 1 404533
-2833972 0 1 708493
-2838331 0 2 379 7489
-2839387 0 2 673 4219
-2844115 2 1 568823
-2852392 67108864 1 356549
-2854531 0 2 167 17093
-2867635 2 1 573527
-2868883 256 1 98927
-2871043 4 1 410149
-2872627 0 2 733 3919
-2873443 0 2 241 11923
-2890792 67108864 1 361349
-2890963 0 2 1103 2621
-2891827 65536 1 47407
-2892443 8388608 1 29819
-2900563 262144 1 40853
-2908459 1024 1 78607
-2916403 4 1 416629
-2924563 256 1 100847
-2930203 0 2 113 25931
-2932315 2 1 586463
-2938603 32 1 172859
-2948632 33554432 1 368579
-2949979 262144 1 41549
-2952883 32 1 173699
-2970307 0 2 829 3583
-2971003 4 1 424429
-2974027 4 1 424861
-2975563 0 2 107 27809
-2990563 8192 1 63629
-2993659 64 1 157561
-2994787 0 2 127 23581
-2998312 67108864 1 374789
-2999635 2 1 599927
-3004003 0 2 1609 1867
-3004948 0 1 751237
-3017515 2 1 603503
-3020308 0 1 755077
-3021115 2 1 604223
-3021715 2 1 604343
-3031219 32 1 178307
-3041035 2 1 608207
-3043147 0 2 389 7823
-3045235 2 1 609047
-3047443 4 1 435349
-3050968 33554432 1 381371
-3056347 4 1 436621
-3057268 0 1 764317
-3063832 33554432 1 382979
-3075139 32768 1 52121
-3075763 0 2 523 5881
-3090883 4096 1 71881
-3102163 0 2 157 19759
-3110248 67108864 1 388781
-3110419 16 1 239263
-3121963 16 1 240151
-3130408 67108864 1 391301
-3146323 0 2 181 17383
-3146452 0 1 786613
-3154027 32 1 185531
-3157747 0 2 739 4273
-3159283 0 2 281 11243
-3167131 8 1 287921
-3167203 16 1 243631
-3183163 65536 1 52183
-3192763 4 1 456109
-3194347 16 1 245719
-3195307 256 1 110183
-3204403 4096 1 74521
-3210907 4 1 458701
-3215323 32768 1 54497
-3219523 0 2 107 30089
-3249787 0 2 541 6007
-3252883 0 2 157 20719
-3258787 4 1 465541
-3270859 0 2 431 7589
-3275587 4 1 467941
-3279208 67108864 1 409901
-3280699 512 1 105829
-3293803 0 2 307 10729
-3294043 0 2 103 31981
-3301867 0 2 157 21031
-3311848 67108864 1 413981
-3325267 8 1 302297
-3325771 32768 1 56369
-3326203 32 1 195659
-3326467 128 1 144629
-3328579 0 2 131 25409
-3329347 4 1 475621
-3338008 33554432 1 417251
-3339928 33554432 1 417491
-3342619 4 1 477517
-3349723 16 1 257671
-3360715 2 1 672143
-3362587 32768 1 56993
-3363163 0 2 131 25673
-3373003 0 2 1471 2293
-3380392 67108864 1 422549
-3386083 128 1 147221
-3386587 32 1 199211
-3391732 0 1 847933
-3395923 16777216 1 33623
-3409915 2 1 681983
-3420019 64 1 180001
-3421387 64 1 180073
-3422467 0 2 1091 3137
-3432427 0 2 1063 3229
-3435643 8388608 1 35419
-3455803 16 1 265831
-3458779 64 1 182041
-3459307 4096 1 80449
-3460507 0 2 607 5701
-3466027 0 2 1259 2753
-3466072 33554432 1 433259
-3471187 0 2 107 32441
-3478603 512 1 112213
-3479347 512 1 112237
-3488803 0 2 971 3593
-3503347 2097152 1 42209
-3519427 64 1 185233
-3521368 33554432 1 440171
-3522292 0 1 880573
-3539203 2097152 1 42641
-3546187 0 2 103 34429
-3557467 512 1 114757
-3558547 0 2 103 34549
-3560083 0 2 163 21841
-3571891 0 2 191 18701
-3573643 262144 1 50333
-3573667 0 2 1069 3343
-3576115 2 1 715223
-3576148 0 1 894037
-3583387 0 2 223 16069
-3583627 0 2 197 18191
-3588523 0 2 307 11689
-3602635 2 1 720527
-3603139 0 2 1009 3571
-3608707 8192 1 76781
-3610315 2 1 722063
-3613843 32 1 212579
-3618643 4 1 516949
-3626707 4 1 518101
-3649627 0 2 863 4229
-3654043 2048 1 89123
-3661912 33554432 1 457739
-3685243 32 1 216779
-3694123 4194304 1 41507
-3697243 8 1 336113
-3697987 0 2 1097 3371
-3705643 32 1 217979
-3707467 0 2 443 8369
-3710635 2 1 742127
-3714283 0 2 103 36061
-3725131 0 2 1109 3359
-3725683 16 1 286591
-3726283 8 1 338753
-3728107 0 2 461 8087
-3751339 32 1 220667
-3755035 2 1 751007
-3755467 0 2 571 6577
-3758923 4 1 536989
-3759307 0 2 131 28697
-3769987 16 1 289999
-3777403 4 1 539629
-3779491 32 1 222323
-3779563 4194304 1 42467
-3787987 4 1 541141
-3797083 8192 1 80789
-3806548 0 1 951637
-3809707 8 1 346337
-3826267 0 2 1607 2381
-3835003 0 2 769 4987
-3835363 4 1 547909
-3848443 32 1 226379
-3850123 0 2 431 8933
-3878827 0 2 373 10399
-3889747 0 2 251 15497
-3892843 16777216 1 38543
-3893947 0 2 127 30661
-3915307 8 1 355937
-3936787 16384 1 74279
-3939523 4 1 562789
-3950107 4 1 564301
-3952507 16 1 304039
-3953035 2 1 790607
-3977227 0 2 1669 2383
-3983347 128 1 173189
-3993403 0 2 181 22063
-3997027 0 2 1427 2801
-4007707 8 1 364337
-4014067 0 2 397 10111
-4031683 0 2 1087 3709
-4032235 2 1 806447
-4034227 0 2 337 11971
-4037035 2 1 807407
-4057603 8 1 368873
-4063768 33554432 1 507971
-4109659 1048576 1 52021
-4113523 0 2 691 5953
-4114507 64 1 216553
-4120267 0 2 1301 3167
-4126243 8 1 375113
-4133467 16 1 317959
-4136683 0 2 601 6883
-4136827 0 2 907 4561
-4168243 0 2 2003 2081
-4171435 2 1 834287
-4172227 1048576 1 52813
-4180003 0 2 673 6211
-4191163 32 1 246539
-4208443 64 1 221497
-4216147 16 1 324319
-4238947 0 2 701 6047
-4239403 4 1 605629
-4249243 0 2 2011 2113
-4254772 0 1 1063693
-4266187 0 2 773 5519
-4269283 128 1 185621
-4293523 16 1 330271
-4306243 0 2 701 6143
-4308712 67108864 1 538589
-4317763 65536 1 70783
-4321843 0 2 773 5591
-4336243 0 2 317 13679
-4348963 262144 1 61253
-4350427 128 1 189149
-4362667 0 2 1571 2777
-4368835 2 1 873767
-4376923 128 1 190301
-4405507 0 2 1699 2593
-4406563 4 1 629509
-4408387 128 1 191669
-4410235 2 1 882047
-4426987 32 1 260411
-4431835 2 1 886367
-4448707 0 2 421 10567
-4465003 0 2 107 41729
-4470403 4 1 638629
-4508683 0 2 733 6151
-4511803 0 2 1777 2539
-4517563 32 1 265739
-4519243 0 2 523 8641
-4526803 524288 1 62011
-4534363 1048576 1 57397
-4540243 0 2 863 5261
-4548835 2 1 909767
-4558123 0 2 181 25183
-4573507 0 2 223 20509
-4576147 0 2 109 41983
-4595683 16384 1 86711
-4596883 524288 1 62971
-4605187 0 2 661 6967
-4606627 8388608 1 47491
-4612603 4194304 1 51827
-4649563 0 2 193 24091
-4666363 16 1 358951
-4685587 0 2 1321 3547
-4697323 0 2 1423 3301
-4728763 16 1 363751
-4734307 0 2 283 16729
-4740187 0 2 659 7193
-4742683 8 1 431153
-4767907 16777216 1 47207
-4795003 32 1 282059
-4799803 1048576 1 60757
-4801843 16777216 1 47543
-4809043 262144 1 67733
-4815283 8 1 437753
-4826467 0 2 167 28901
-4834867 0 2 137 35291
-4837627 0 2 641 7547
-4838299 0 2 1933 2503
-4840987 0 2 1847 2621
-4858483 4 1 694069
-4862827 4096 1 113089
-4887283 256 1 168527
-4898107 0 2 509 9623
-4902907 1024 1 132511
-4904707 2048 1 119627
-4930507 0 2 103 47869
-4951387 4 1 707341
-4956163 32 1 291539
-4984387 0 2 751 6637
-4990627 0 2 233 21419
-4991443 0 2 107 46649
-4994347 0 2 1277 3911
-4998427 4 1 714061
-5009563 16 1 385351
-5016523 0 2 367 13669
-5022427 16777216 1 49727
-5030587 512 1 162277
-5042683 0 2 157 32119
-5044915 2 1 1008983
-5052067 0 2 977 5171
-5053987 0 2 157 32191
-5055163 0 2 137 36899
-5058067 4 1 722581
-5059723 0 2 389 13007
-5072467 0 2 1307 3881
-5097115 2 1 1019423
-5116003 0 2 929 5507
-5122747 4 1 731821
-5150803 4 1 735829
-5181763 0 2 1117 4639
-5214067 0 2 181 28807
-5260483 512 1 169693
-5262163 32 1 309539
-5272915 2 1 1054583
-5278387 0 2 643 8209
-5295763 8 1 481433
-5303512 33554432 1 662939
-5329123 128 1 231701
-5332867 0 2 151 35317
-5358907 0 2 1459 3673
-5376163 16 1 413551
-5379427 4194304 1 60443
-5399923 0 2 283 19081
-5402467 4 1 771781
-5403787 0 2 977 5531
-5443027 0 2 461 11807
-5458315 2 1 1091663
-5476963 0 2 163 33601
-5506867 128 1 239429
-5512747 0 2 107 51521
-5518363 0 2 1187 4649
-5533243 262144 1 77933
-5545747 0 2 197 28151
-5549083 64 1 292057
-5549203 8 1 504473
-5573803 4194304 1 62627
-5607067 0 2 1597 3511
-5609563 0 2 613 9151
-5614603 256 1 193607
-5631907 0 2 2311 2437
-5653747 8 1 513977
-5697283 64 1 299857
-5728003 0 2 1523 3761
-5739883 256 1 197927
-5745547 0 2 233 24659
-5756563 64 1 302977
-5790283 0 2 233 24851
-5817547 1024 1 157231
-5833963 0 2 157 37159
-5848147 0 2 139 42073
-5896027 128 1 256349
-5937523 512 1 191533
-5961883 32 1 350699
-5983387 2097152 1 72089
-6016747 8 1 546977
