-27719 16384 1 523
-36119 64 1 1901
-41495 4098 1 193
-44591 69664 0
-46895 2097154 1 113
-49055 2 1 9811
-50855 6 1 1453
-53351 512 1 1721
-53423 2048 1 1303
-54671 128 1 2377
-60023 0 2 193 311
-60143 0 2 137 439
-64823 2359304 0
-65135 6 1 1861
-67703 1048576 1 857
-70103 8 1 6373
-70295 34 1 827
-70463 512 1 2273
-74359 82048 0
-75631 16384 1 1427
-76127 0 2 269 283
-78536 67108864 1 9817
-80324 4096 1 467
-80423 4 1 11489
-88895 130 1 773
-89144 33554440 1 1013
-89687 16 1 6899
-90296 33554432 1 11287
-94055 18 1 1447
-94184 67174400 1 193
-94607 4194304 1 1063
-97799 16 1 7523
-99524 0 2 139 179
-99695 2 2 127 157
-100223 82432 0
-100399 16 1 7723
-101543 524304 1 107
-104324 8 1 2371
-104936 67108880 1 1009
-105416 67108864 1 13177
-105511 4 1 15073
-107063 8 1 9733
-107447 0 2 139 773
-108047 0 2 103 1049
-109055 34 1 1283
-112655 2 1 22531
-113335 66 1 1193
-113791 16448 1 113
-114047 32768 1 1933
-114919 4 1 16417
-114935 2 2 127 181
-116207 20 1 1277
-116783 256 1 4027
-116815 65538 1 383
-117080 33554434 1 2927
-119336 67108868 1 2131
-120356 0 1 30089
-122303 2112 1 157
-123383 16 1 9491
-123751 8192 1 2633
-124244 4194304 1 349
-124904 67108880 1 1201
-125191 72 1 599
-126884 0 1 31721
-127496 67108864 1 15937
-128791 16 1 9907
-128936 67371008 1 227
-131204 0 1 32801
-135560 67108866 1 3389
-138455 2 1 27691
-138991 0 2 131 1061
-140671 534528 0
-143924 8 1 3271
-144644 0 1 36161
-144920 33554434 1 3623
-146504 67108864 1 18313
-146791 0 2 181 811
-147055 2 1 29411
-148904 67108868 1 2659
-151556 0 1 37889
-152504 33554440 1 1733
-152792 33816576 1 269
-154436 0 1 38609
-156680 67108866 1 3917
-157544 67117056 1 419
-158191 524296 1 197
-158408 67108864 1 19801
-160111 4194308 1 257
-160760 33554434 1 4019
-161768 67633152 1 277
-162991 0 2 389 419
-164744 67108864 1 20593
-167012 4096 1 971
-167411 2097152 1 2017
-167839 4 1 23977
-167959 8 1 15269
-169160 67108866 1 4229
-171199 1028 1 661
-171668 4 1 6131
-172135 2 2 173 199
-176263 64 1 9277
-176359 512 1 5689
-177151 16 1 13627
-178136 33554436 1 3181
-178232 33554432 1 22279
-180383 524292 1 353
-180776 67141632 1 383
-181015 2050 1 883
-181255 2 1 36251
-181604 2097152 1 547
-183295 6 1 5237
-184063 264 1 577
-184327 24 1 1289
-184376 33554496 1 1213
-184639 20 1 2029
-185215 34 1 2179
-186836 16 1 3593
-186884 64 1 2459
-187855 2 1 37571
-187999 4 2 107 251
-188660 2 1 9433
-188959 1024 1 5107
-190916 8 1 4339
-191396 32768 1 811
-191839 2048 1 4679
-193796 0 1 48449
-194411 4 1 27773
-194744 33554440 1 2213
-195176 67109376 1 787
-195944 67108868 1 3499
-197252 8 1 4483
-197335 65538 1 647
-197924 0 1 49481
-198164 0 2 107 463
-198299 32768 1 3361
-199604 0 2 139 359
-200287 16384 1 3779
-200516 0 1 50129
-200719 32 1 11807
-202724 32768 1 859
-202951 1048580 1 367
-203396 0 1 50849
-205159 0 2 193 1063
-205796 0 1 51449
-207559 8 1 18869
-207731 512 1 6701
-208007 1048576 1 2633
-211999 16777216 1 2099
-212455 2 1 42491
-212819 192 1 487
-213704 67108864 1 26713
-213767 0 2 241 887
-214423 16777224 1 193
-216152 33556480 1 659
-216655 2 1 43331
-219284 16 1 4217
-219319 262144 1 3089
-220159 0 2 137 1607
-221636 131072 1 827
-222295 130 1 1933
-222452 64 1 2927
-222872 33554448 1 2143
-223591 1024 1 6043
-223835 4194306 1 503
-224543 8 2 137 149
-225236 8 1 5119
-226040 33554434 1 5651
-226351 0 2 461 491
-227924 64 1 2999
-228367 128 1 9929
-229364 32 1 3373
-230852 0 1 57713
-233816 33554440 1 2657
-234199 4 1 33457
-236120 33554434 1 5903
-236291 8 1 21481
-238436 8 1 5419
-238951 4096 1 5557
-239311 0 2 167 1433
-240463 8520704 0
-243572 4 1 8699
-243655 2 1 48731
-243896 33558528 1 709
-244739 72 1 1171
-245099 2097152 1 2953
-245192 67108864 1 30649
-245240 33554434 1 6131
-246692 0 1 61673
-248671 0 2 139 1789
-248863 32 1 14639
-248996 8 1 5659
-249415 2097154 1 601
-250472 67108864 2 131 239
-250484 16 1 4817
-250520 33554434 1 6263
-252055 2 1 50411
-252344 33554432 1 31543
-253508 0 1 63377
-255727 8192 1 5441
-256331 256 1 8839
-256571 4 1 36653
-256916 8 1 5839
-256955 34 1 3023
-257956 0 1 64489
-258872 33554432 1 32359
-258964 16777216 1 641
-260216 33554440 1 2957
-261559 524288 1 3583
-262639 4194320 1 227
-263192 33554432 2 167 197
-263315 18 1 4051
-263887 16400 1 383
-265019 2097664 1 103
-265351 2097280 1 139
-265355 524290 1 727
-265556 0 2 197 337
-268004 8 1 6091
-268040 67108866 1 6701
-268148 4096 1 1559
-270179 20 1 2969
-270611 524296 1 337
-271112 67108864 1 33889
-272024 33555456 1 919
-272084 0 2 251 271
-273092 131072 1 1019
-273284 8 1 6211
-273319 6292480 0
-273992 67109120 1 1181
-274571 8 2 109 229
-278551 20 1 3061
-279011 32768 1 4729
-279032 33554448 1 2683
-280088 33554432 2 157 223
-282199 1280 1 263
-282247 65540 1 661
-282415 6 1 8069
-282655 2 1 56531
-283091 0 2 131 2161
-284287 256 1 9803
-284695 8388610 1 587
-285391 4096 1 6637
-285491 262144 1 4021
-285896 67108880 1 2749
-286628 0 2 131 547
-287095 131074 1 857
-287699 0 2 173 1663
-289091 2056 1 641
-289976 33685504 1 541
-291059 2560 1 229
-291463 0 2 383 761
-292088 33554688 1 1259
-294884 0 1 73721
-295124 4194304 1 829
-295495 2 2 113 523
-296276 32 1 4357
-296887 66048 1 157
-297236 64 1 3911
-297320 67108866 1 7433
-298280 67108866 1 7457
-300179 264 1 941
-301135 2 2 229 263
-303668 4194304 1 853
-304955 6 1 8713
-305224 67108864 1 38153
-305503 8 1 27773
-305527 0 2 109 2803
-306452 128 1 3331
-306539 0 2 317 967
-306995 18 1 4723
-307231 1048576 1 3889
-307303 640 1 431
-308579 64 2 109 149
-308695 2 2 107 577
-311944 67108864 1 38993
-312127 8448 1 229
-312659 524288 1 4283
-313115 10 1 5693
-313876 0 2 131 599
-314815 1048578 1 797
-315823 2048 1 7703
-316639 8192 1 6737
-316964 0 1 79241
-316999 288 1 643
-319111 16 1 24547
-319135 2097154 1 769
-321844 32 1 4733
-324008 83886080 1 401
-324152 33554432 1 40519
-324920 33554434 1 8123
-325688 33554440 1 3701
-327659 0 2 157 2087
-328340 2 1 16417
-330127 4 1 47161
-330632 67109888 1 1117
-331619 32 1 19507
-332408 33555456 1 1123
-333524 0 2 199 419
-335912 67108864 2 199 211
-337592 33554496 1 2221
-337976 35651584 1 509
-338404 8 1 7691
-339092 16 1 6521
-339131 80 1 1373
-340388 4096 1 1979
-340691 524304 1 359
-341671 4194312 1 349
-342247 64 1 18013
-342611 0 2 397 863
-342964 0 2 179 479
-343211 2056 1 761
-343331 256 1 11839
-344324 32768 1 1459
-344527 64 1 18133
-344939 4 1 49277
-345188 0 1 86297
-345572 64 1 4547
-348007 40 1 1861
-348104 67125248 1 821
-349447 4 1 49921
-350552 33554688 1 1511
-351908 0 1 87977
-352052 0 2 283 311
-352807 20 1 3877
-354487 4194308 1 569
-354655 6 1 10133
-355615 18 1 5471
-357803 20480 1 157
-358084 0 1 89521
-358211 524292 1 701
-358804 0 2 271 331
-358952 67108872 1 4079
-358964 4096 1 2087
-360103 2048 1 8783
-360419 0 2 439 821
-360731 260 1 1777
-361235 6 1 10321
-362360 33554434 1 9059
-362383 4 1 51769
-362771 0 2 281 1291
-363332 0 1 90833
-365480 67108866 1 9137
-366008 33554432 1 45751
-367624 67108864 1 45953
-368767 4 2 139 379
-369059 0 2 181 2039
-370280 67108866 1 9257
-371768 33554432 1 46471
-372676 0 1 93169
-372824 33554688 1 1607
-372920 33554434 1 9323
-373172 256 1 3217
-373876 0 2 151 619
-375035 2 2 107 701
-375295 8194 1 1597
-375539 0 2 127 2957
-375611 16448 1 373
-376088 33570816 1 887
-376772 8 1 8563
-378539 36 1 3181
-379423 40 1 2029
-379855 6 1 10853
-380888 33562624 1 1013
-380984 33554432 1 47623
-381560 33554434 1 9539
-385384 67239936 1 719
-386132 1024 1 2609
-386479 64 1 20341
-387032 50331648 1 479
-387059 147456 1 109
-387251 128 2 113 149
-387512 33587200 1 821
-387995 524290 1 1063
-388979 0 2 541 719
-389048 33554440 1 4421
-389476 0 1 97369
-390299 20 1 4289
-392036 0 1 98009
-392596 65536 1 1609
-392815 2 2 251 313
-393320 67108866 1 9833
-394355 18 1 6067
-394979 144 1 1321
-395716 0 1 98929
-395983 4 1 56569
-396367 0 2 127 3121
-396487 20 1 4357
-397864 67110912 1 1213
-399779 16448 1 397
-402184 67108864 1 50273
-402308 4096 1 2339
-402856 67109888 1 1361
-403667 8 1 36697
-404215 6 1 11549
-404824 33554436 1 7229
-406303 0 2 353 1151
-406712 33554432 1 50839
-407432 67108864 1 50929
-407531 4194368 1 241
-407732 16 1 7841
-407983 32 2 103 233
-408484 0 1 102121
-408728 33554496 1 2689
-409019 524304 1 431
-410215 18 1 6311
-410531 8 1 37321
-411323 65544 1 613
-411539 384 1 617
-412183 128 1 17921
-412532 0 2 151 683
-413647 8208 1 677
-414488 33554432 2 197 263
-417415 514 1 2693
-418327 20 1 4597
-418955 2 1 83791
-419167 4 2 233 257
-420244 8 1 9551
-421619 8 1 38329
-421816 33554432 1 52727
-422647 4096 1 9829
-424964 0 2 131 811
-425335 2 2 257 331
-425764 0 1 106441
-426683 96 1 1321
-429668 0 2 163 659
-429752 33554432 1 53719
-433903 2112 1 557
-434143 0 2 191 2273
-435967 65540 1 1021
-436936 67108864 1 54617
-437288 67117056 1 1163
-439864 33554432 1 54983
-440195 6 1 12577
-440644 0 1 110161
-441848 33554440 1 5021
-442211 12 1 5743
-443060 2 1 22153
-444520 67108866 1 11113
-444755 2 1 88951
-444847 80 1 1801
-445115 10 1 8093
-445576 67108864 1 55697
-445855 130 1 3877
-446344 67108864 1 55793
-446507 0 2 151 2957
-446791 0 2 109 4099
-449215 18 1 6911
-449528 35651584 1 677
-449647 2056 1 997
-450440 67108866 1 11261
-450871 24576 1 181
-454472 67108864 1 56809
-454715 2 2 199 457
-454811 4100 1 1511
-457619 0 2 443 1033
-458099 32 1 26947
-458228 8388608 1 1181
-459320 33554434 1 11483
-459851 4 2 179 367
-460283 0 2 181 2543
-460811 16 1 35447
-461123 1048592 1 449
-461383 16 1 35491
-461704 67108864 1 57713
-461960 67108866 1 11549
-462371 20 1 5081
-462472 67108864 1 57809
-462611 1024 1 12503
-463091 40960 1 167
-463619 80 1 1877
-464228 4096 1 2699
-464296 67108868 1 8291
-465035 34 1 5471
-465131 4352 1 373
-465323 0 2 193 2411
-465848 33554432 1 58231
-466996 0 2 313 373
-468127 8 1 42557
-468184 33558528 1 1361
-468680 67108866 1 11717
-469816 33554432 1 58727
-470027 0 2 127 3701
-471011 16384 1 8887
-471844 0 2 179 659
-472495 16386 1 1783
-472835 10 1 8597
-472955 6 1 13513
-474068 4 1 16931
-475567 0 2 109 4363
-475931 1088 1 677
-477083 0 2 349 1367
-477607 16 1 36739
-477971 16 1 36767
-478712 33554448 1 4603
-478868 16 1 9209
-480971 2048 1 11731
-481835 258 1 3323
-481859 68 1 3623
-482023 0 2 509 947
-482116 4096 1 2803
-482723 0 2 241 2003
-484499 512 1 15629
-484804 64 1 6379
-486823 256 1 16787
-487576 33587200 1 1033
-487864 33554448 1 4691
-492343 0 2 193 2551
-492971 4194560 1 191
-495463 4194368 1 293
-497320 67108866 1 12433
-497480 67108866 1 12437
-497492 0 2 277 449
-497944 33685504 1 929
-499451 0 2 173 2887
-500948 4 1 17891
-501607 128 2 113 193
-501823 36 1 4217
-502024 67108864 1 62753
-503320 33554434 1 12583
-503795 34 1 5927
-504227 0 2 449 1123
-506888 67108864 1 63361
-507655 2 1 101531
-510155 2 1 102031
-511403 0 2 179 2857
-513032 67108880 1 4933
-513796 0 1 128449
-514804 0 2 179 719
-515972 0 1 128993
-517451 8 1 47041
-517640 67108866 1 12941
-518312 67239936 1 967
-521411 8 2 107 443
-521480 67108866 1 13037
-521672 67174400 1 1069
-522755 2 1 104551
-523495 6 1 14957
-523876 0 1 130969
-525371 12 1 6823
-526207 8 1 47837
-526388 32 1 7741
-528548 0 1 132137
-529208 35651584 1 797
-531371 66048 1 281
-531683 0 2 107 4969
-531899 8192 1 11317
-533863 8 1 48533
-534803 32 2 163 193
-535691 4194320 1 463
-536888 33554440 1 6101
-537803 4 1 76829
-538232 33554496 1 3541
-538355 2 1 107671
-538403 4160 1 659
-538952 67108864 1 67369
-539960 33554434 1 13499
-540152 33554432 2 251 269
-540616 67108864 1 67577
-541412 0 1 135353
-542612 4 1 19379
-542867 16 1 41759
-543055 2 2 313 347
-543848 67108864 2 157 433
-544499 262144 1 7669
-545192 67108992 1 2963
-545348 0 1 136337
-546247 16 1 42019
-546872 33554432 2 197 347
-547688 67108864 2 223 307
-547988 4 1 19571
-548644 64 1 7219
-548795 18 1 8443
-549076 8 1 12479
-551672 33554440 1 6269
-552155 2 1 110431
-552340 2 1 27617
-552539 80 1 2237
-553268 0 2 157 881
-553327 0 2 191 2897
-553427 4 2 173 457
-553508 64 1 7283
-554983 24 1 3881
-555304 67110912 1 1693
-556595 18 1 8563
-556996 8 1 12659
-557048 33554432 2 179 389
-561995 6 1 16057
-562547 32 1 33091
-562696 67109888 1 1901
-565960 67108866 1 14149
-566072 33554448 1 5443
-567428 4096 1 3299
-567572 8192 1 3019
-567784 67108868 1 10139
-568331 4096 1 13217
-568840 67108866 1 14221
-569483 32 2 139 241
-569891 36 1 4789
-570136 33554436 1 10181
-570731 4 1 81533
-571448 33619968 1 1171
-571499 18432 1 263
-571576 33555456 1 1931
-571667 0 2 113 5059
-571672 33554496 1 3761
-571748 64 1 7523
-571876 0 1 142969
-572507 8208 1 937
-572552 67108864 1 71569
-572584 67108928 1 3767
-574115 2 2 199 577
-575539 0 2 373 1543
-576904 67109888 1 1949
-577543 64 2 113 269
-578372 0 1 144593
-578507 0 2 257 2251
-578531 64 1 30449
-578824 67108864 1 72353
-579016 67108864 2 157 461
-580211 0 2 271 2141
-580403 24576 1 233
-581435 2 2 103 1129
-581960 67108866 1 14549
-582635 66 1 6133
-583883 0 2 157 3719
-587503 36 1 4937
-588823 128 1 25601
-588923 0 2 283 2081
-590404 131072 1 2203
-590888 67108864 2 233 317
-591076 0 1 147769
-591160 33554434 1 14779
-592232 67108864 2 181 409
-593795 2 2 103 1153
-595864 33554432 2 211 353
-597655 130 1 5197
-598355 2 1 119671
-598667 128 1 26029
-599236 8 1 13619
-599531 1048576 1 7589
-600539 0 2 223 2693
-600632 33554432 1 75079
-601643 65540 1 1409
-602228 8 1 13687
-602644 4 1 21523
-603332 0 1 150833
-604088 33554432 1 75511
-604523 64 1 31817
-605435 66 1 6373
-605579 1040 1 1259
-606035 65538 1 1987
-606964 2048 1 3701
-608408 33587200 1 1289
-609083 64 1 32057
-609848 33554432 1 76231
-610084 4096 1 3547
-610087 0 2 113 5399
-611795 1026 1 3307
-613327 24 1 4289
-614164 16384 1 2897
-614651 0 2 109 5639
-615995 34 1 7247
-619576 33554432 1 77447
-619720 67108866 1 15493
-622072 33554440 1 7069
-623483 4 1 89069
-624424 71303168 1 877
-625139 0 2 233 2683
-625928 67108864 1 78241
-626344 67141632 1 1327
-626852 131072 1 2339
-627155 4098 1 2917
-627320 33554434 1 15683
-627752 67108864 2 131 599
-629851 1280 1 587
-631336 67125248 1 1489
-631715 6 1 18049
-631864 33554496 1 4157
-631955 8388610 1 1303
-632387 65540 1 1481
-633731 4 1 90533
-633752 33554436 1 11317
-634744 33554440 1 7213
-636419 4 1 90917
-637204 0 2 241 661
-637571 8 2 149 389
-638555 2 1 127711
-638708 4 1 22811
-638852 32768 1 2707
-638948 0 1 159737
-639332 0 1 159833
-641464 33554432 2 181 443
-643091 0 2 227 2833
-644219 0 2 701 919
-644555 34 1 7583
-645943 64 1 33997
-646456 33554496 1 4253
-647656 67633152 1 1109
-649144 33570816 1 1531
-649811 0 2 107 6073
-650219 2048 1 15859
-650747 0 2 337 1931
-650824 67108864 1 81353
-652927 8 1 59357
-653896 67108864 1 81737
-656243 4 2 241 389
-656507 64 2 109 317
-656851 16 1 50527
-656888 33554432 2 157 523
-658772 0 2 157 1049
-659188 0 2 223 739
-660196 0 1 165049
-660203 1114112 1 137
-660803 24 1 4621
-661087 4 1 94441
-661156 131072 1 2467
-662468 0 1 165617
-663515 2 2 131 1013
-664984 50331648 1 823
-665171 80 1 2693
-665767 262144 1 9377
-666280 67108866 1 16657
-667156 4 1 23827
-667864 33554944 1 2693
-669395 2097154 1 1613
-669491 0 2 631 1061
-669563 0 2 139 4817
-669635 2 2 199 673
-672979 544 1 1277
-673423 4096 1 15661
-674836 0 2 113 1493
-674948 0 1 168737
-676996 0 1 169249
-677027 80 1 2741
-678308 131072 1 2531
-678587 20 1 7457
-678683 512 1 21893
-678827 524320 1 547
-679108 0 1 169777
-679508 0 2 257 661
-680051 32 2 109 367
-680408 33554464 1 5003
-682516 32 1 10037
-682691 2048 1 16651
-683723 1056 1 1087
-684035 10 1 12437
-684340 2 1 34217
-686459 256 1 23671
-687064 33554436 1 12269
-687347 4194304 1 7723
-688024 33554464 1 5059
-688207 16 2 167 317
-690280 67108866 1 17257
-690931 8388640 1 419
-693076 0 2 163 1063
-693563 528 1 1721
-695147 32 2 103 397
-695896 33555456 1 2351
-696103 64 1 36637
-696376 33619968 1 1427
-696635 66 1 7333
-697156 0 1 174289
-697384 67108864 2 179 487
-698056 67108864 1 87257
-699412 4 1 24979
-699496 67108868 1 12491
-700148 0 2 113 1549
-700324 0 1 175081
-701768 67108864 1 87721
-702004 0 2 223 787
-702452 0 2 151 1163
-703019 64 2 163 227
-703859 272 1 1867
-704056 33554432 1 88007
-704788 4 1 25171
-705343 66048 1 373
-706355 18 1 10867
-709592 33554448 1 6823
-709876 0 2 103 1723
-709960 67108866 1 17749
-710267 131072 1 10601
-710536 67108864 1 88817
-710632 67108880 1 6833
-711943 32 1 41879
-713531 20 1 7841
-713716 64 1 9391
-713851 2176 1 757
-714635 8194 1 3041
-714664 67108864 2 157 569
-714967 8 1 64997
-716104 67108864 1 89513
-716596 512 1 5779
-718948 0 1 179737
-719044 131072 1 2683
-719672 33554432 1 89959
-720755 6 1 20593
-721592 33554432 1 90199
-721684 32 1 10613
-722267 20 1 7937
-724468 0 2 139 1303
-725195 4098 1 3373
-725407 262176 1 601
-725656 33619968 1 1487
-726571 69632 1 277
-727060 2 1 36353
-728507 16 1 56039
-728692 131072 1 2719
-730595 130 1 6353
-730927 0 2 199 3673
-732155 2 2 127 1153
-733063 0 2 491 1493
-733907 160 1 1877
-735587 16384 1 13879
-736355 34 1 8663
-736955 2 1 147391
-737272 33554432 2 157 587
-737524 8192 1 3923
-739864 33554560 1 4021
-741155 2 2 227 653
-741752 33554440 1 8429
-742612 16 1 14281
-743032 33554432 2 131 709
-743224 33619968 1 1523
-743348 2097152 1 2239
-744259 1048576 1 9421
-745163 0 2 701 1063
-745480 67108866 1 18637
-745508 0 1 186377
-745684 0 2 277 673
-746051 128 2 163 199
-746296 33554432 1 93287
-748595 34 1 8807
-749023 8 2 149 457
-749572 0 1 187393
-749668 0 1 187417
-751303 260 1 3701
-751819 262144 1 10589
-751835 6 1 21481
-753323 0 2 619 1217
-753608 67108864 1 94201
-754735 2 2 271 557
-755819 0 2 271 2789
-756484 0 2 379 499
-756680 67108866 1 18917
-756779 0 2 859 881
-757859 0 2 197 3847
-758132 32 1 11149
-758164 8 1 17231
-759064 33554432 2 239 397
-759139 0 2 179 4241
-761651 40 1 4073
-762484 32 1 11213
-764363 2048 2 103 181
-764536 33554432 2 227 421
-764647 16 2 131 449
-765367 65536 1 12547
-766859 64 1 40361
-767099 0 2 643 1193
-767704 33554436 1 13709
-768520 67108866 1 19213
-770824 67108864 1 96353
-770920 67108866 1 19273
-771016 67108864 1 96377
-772355 2 2 113 1367
-772423 0 2 139 5557
-775903 8388672 1 421
-776779 128 1 33773
-778936 33554432 1 97367
-779243 0 2 557 1399
-780107 18432 1 359
-780244 0 2 107 1823
-780328 67108864 2 103 947
-780943 0 2 113 6911
-781067 4 1 111581
-782195 524290 1 2143
-782987 4096 2 131 139
-783316 0 2 113 1733
-783592 67110912 1 2389
-784043 2064 1 1471
-784063 16777220 1 1109
-784523 32768 1 13297
-785348 0 1 196337
-786136 33554448 1 7559
-786244 0 1 196561
-786755 2 1 157351
-788123 4 1 112589
-789347 16 1 60719
-792139 0 2 281 2819
-792616 67108872 1 9007
-794047 2048 2 107 181
-794168 33555456 1 2683
-794440 67108866 1 19861
-795755 2 2 167 953
-796187 4 2 107 1063
-797108 16 1 15329
-799060 2 1 39953
-799144 67108864 2 191 523
-799883 4 1 114269
-799972 4096 1 4651
-800339 0 2 647 1237
-800920 33554434 1 20023
-801827 1040 1 1667
-802043 40 1 4289
-803704 33554440 1 9133
-804520 67108866 1 20113
-804859 72 1 3851
-806692 0 1 201673
-807155 1026 1 4363
-808091 1064960 1 193
-808712 67108864 1 101089
-811204 0 2 139 1459
-811912 67108864 1 101489
-811988 32 1 11941
-812059 0 2 727 1117
-812555 2 2 163 997
-813412 0 1 203353
-813923 65544 1 1213
-815215 8194 1 3469
-816755 2 1 163351
-817139 262176 1 677
-817171 2112 1 1049
-817288 67108864 1 102161
-818267 16384 1 15439
-818776 33554436 1 14621
-818915 130 1 7121
-819611 131088 1 941
-821528 33554432 2 103 997
-822964 0 2 283 727
-825251 516 1 3803
-825496 33554436 1 14741
-825688 33554688 1 3559
-826132 32 1 12149
-826531 32768 1 14009
-826543 4195328 1 251
-827416 33587200 1 1753
-827704 33554432 2 157 659
-828323 4196352 1 227
-829112 33619968 1 1699
-831784 67108864 2 173 601
-832651 0 2 109 7639
-832696 33554432 1 104087
-833003 524288 1 11411
-834971 0 2 757 1103
-835763 0 2 173 4831
-837364 8 1 19031
-837512 67108880 1 8053
-837880 33554434 1 20947
-837940 2 1 41897
-839387 512 1 27077
-839939 0 2 163 5153
-840340 2 1 42017
-840388 0 1 210097
-840619 16 1 64663
-840755 2 1 168151
-841643 72 1 4027
-841955 2 1 168391
-842723 4 2 131 919
-843035 2 2 139 1213
-844859 128 2 109 337
-845044 64 1 11119
-845140 2 1 42257
-845672 67109888 1 2857
-846008 33554432 1 105751
-848392 67108864 2 173 613
-848723 128 1 36901
-849784 33554448 1 8171
-851627 4 1 121661
-852388 0 1 213097
-852611 16384 1 16087
-853067 0 2 683 1249
-854795 130 1 7433
-856355 2 1 171271
-856936 67108896 1 6301
-857483 8 2 137 569
-857764 4096 1 4987
-859396 0 1 214849
-859748 32768 1 3643
-859960 33554434 1 21499
-862516 0 2 383 563
-863128 33554436 1 15413
-864520 67108866 1 21613
-864851 262160 1 937
-866056 67109120 1 3733
-866104 33554432 1 108263
-866651 33792 1 397
-866920 67108866 1 21673
-868163 0 2 263 3301
-868772 4096 1 5051
-870347 0 2 599 1453
-870467 16 1 66959
-871663 80 1 3529
-871828 32 1 12821
-871876 0 1 217969
-872152 33556480 1 2659
-874163 0 2 131 6673
-875507 16384 1 16519
-875527 0 2 263 3329
-876931 264 1 2749
-877432 33685504 1 1637
-878059 20 1 9649
-878404 4096 1 5107
-880228 0 1 220057
-880355 6 1 25153
-881080 33554434 1 22027
-881387 16 2 151 449
-881507 8 2 127 631
-881944 33554436 1 15749
-881971 0 2 607 1453
-885352 67108880 1 8513
-885784 33554432 2 263 421
-885979 256 2 137 223
-887368 67108864 1 110921
-887752 67108864 1 110969
-888587 65540 1 2081
-889144 33554432 1 111143
-890555 2 2 277 643
-891364 0 1 222841
-891755 2 1 178351
-892564 0 2 227 983
-893611 8192 1 19013
-896971 96 1 2777
-897683 0 2 521 1723
-898451 0 2 569 1579
-899608 33554432 2 139 809
-900664 33554432 1 112583
-901576 67108880 1 8669
-901883 8704 1 619
-902536 83886080 1 1117
-904024 33554440 1 10273
-905971 8 1 82361
-906499 136 1 3583
-908824 33554436 1 16229
-909563 0 2 337 2699
-912232 83886080 1 1129
-912379 16 1 70183
-912443 4 1 130349
-914104 33554432 2 163 701
-914603 1088 1 1301
-914632 67108864 1 114329
-914740 2 1 45737
-915571 2048 2 137 163
-917704 67108864 1 114713
-917812 4 1 32779
-918395 2097154 1 2213
-919043 33792 1 421
-920680 67108866 1 23017
-921587 160 1 2357
-921848 33554432 2 139 829
-923867 4 2 191 691
-924808 67108864 1 115601
-925355 2 1 185071
-925720 33554434 1 23143
-926371 128 1 40277
-927796 0 2 163 1423
-928168 67108864 2 181 641
-931432 67108864 2 173 673
-931835 2 2 227 821
-932872 67109120 1 4021
-933691 40 1 4993
-935524 0 1 233881
-936683 40 1 5009
-937432 33555456 1 3167
-937492 0 2 223 1051
-938131 4096 1 21817
-940036 0 1 235009
-940708 0 1 235177
-940891 4 2 139 967
-942803 544 1 1789
-942923 16384 1 17791
-942967 0 2 191 4937
-944168 67108864 2 107 1103
-944779 8 1 85889
-944795 1026 1 5107
-946456 33554436 1 16901
-947555 6 1 27073
-947764 0 2 313 757
-949252 0 1 237313
-951395 130 1 8273
-953371 0 2 239 3989
-954443 32772 1 2311
-954587 0 2 499 1913
-959147 524292 1 1877
-959635 32770 1 3253
-960367 0 2 727 1321
-960923 0 2 257 3739
-962987 128 2 149 281
-963076 0 1 240769
-963091 64 2 173 293
-963640 33554434 1 24091
-963796 2097152 1 2903
-964216 33554440 1 10957
-964427 32 1 56731
-964948 0 2 317 761
-966436 0 2 307 787
-967291 1040 1 2011
-972136 67108872 1 11047
-972728 33554432 1 121591
-972995 34 1 11447
-973667 0 2 389 2503
-975160 33554434 1 24379
-975395 2 2 373 523
-977140 2 1 48857
-977603 8 1 88873
-979912 67108864 1 122489
-981304 33554432 1 122663
-981592 33554688 1 4231
-984916 524288 1 3373
-985444 0 1 246361
-986867 36 1 8293
-987064 33554448 1 9491
-987155 18 1 15187
-988228 64 1 13003
-989963 16 2 271 281
-992851 32 1 58403
-993227 0 2 827 1201
-993347 128 1 43189
-993499 16 1 76423
-994360 33554434 1 24859
-997051 8 1 90641
-998056 67633152 1 1709
-998404 8 1 22691
-998680 33554434 1 24967
-999508 1048576 1 3163
-1000312 33554496 1 6581
-1000504 33554432 1 125063
-1001555 34 1 11783
-1002947 524296 1 1249
-1003579 0 2 353 2843
-1005563 16 1 77351
-1005995 2 2 173 1163
-1006355 6 1 28753
-1007603 0 2 487 2069
-1010867 24 1 7069
-1012612 0 1 253153
-1013123 4096 1 23561
-1013483 512 1 32693
-1013515 65538 1 3323
-1013659 32 1 59627
-1013764 64 1 13339
-1014691 128 2 157 281
-1015235 18 1 15619
-1015876 0 1 253969
-1016164 0 1 254041
-1017028 0 1 254257
-1017395 131074 1 3037
-1017467 40 1 5441
-1018372 0 1 254593
-1018516 4194304 1 2861
-1019668 16 1 19609
-1019779 32 2 223 269
-1020196 0 1 255049
-1022312 67108896 1 7517
-1022987 4 1 146141
-1023064 33554436 1 18269
-1024067 8 1 93097
-1025428 0 2 269 953
-1026904 33554560 1 5581
-1029604 0 1 257401
-1030531 4194304 1 11579
-1031908 0 2 107 2411
-1032451 1048580 1 1867
-1033355 2 2 233 887
-1035331 8 1 94121
-1036403 128 1 45061
-1038923 5120 1 653
-1039595 16386 1 3923
-1040603 16777216 1 10303
-1040680 67108866 1 26017
-1040843 65536 2 113 151
-1041988 0 2 331 787
-1043320 33554434 1 26083
-1043908 0 2 499 523
-1044856 33554432 2 131 997
-1046152 67108864 1 130769
-1048339 32 1 61667
-1048667 8388672 1 569
-1049284 0 1 262321
-1050712 33554448 1 10103
-1051864 33554440 1 11953
-1052963 160 1 2693
-1053635 10 1 19157
-1053652 0 2 241 1093
-1054355 2 2 433 487
-1054804 64 1 13879
-1054936 33554432 2 163 809
-1055752 67108864 1 131969
-1057528 33685504 1 1973
-1058267 36 1 8893
-1062211 32 1 62483
-1062451 16 1 81727
-1063307 4 1 151901
-1063531 4 2 137 1109
-1063876 8 1 24179
-1064963 8388608 1 10979
-1065352 67108864 1 133169
-1066168 33554432 1 133271
-1067092 16 1 20521
-1067656 67108864 2 317 421
-1068091 2048 2 109 239
-1069240 33554434 1 26731
-1070056 67108880 1 10289
-1070267 8 2 149 653
-1071931 4 1 153133
-1073284 0 2 179 1499
-1074424 33554448 1 10331
-1077028 0 1 269257
-1077107 5120 1 677
-1078667 32 2 107 593
-1079243 2056 1 2393
-1079608 33554432 1 134951
-1080715 2 2 331 653
-1083203 8 1 98473
-1084408 33554448 1 10427
-1085092 0 1 271273
-1085752 33554432 1 135719
-1088788 0 2 293 929
-1088963 32768 1 18457
-1090307 0 2 163 6689
-1090667 0 2 103 10589
-1090835 258 1 7523
-1091896 33554448 1 10499
-1093480 67108866 1 27337
-1093787 0 2 311 3517
-1094483 16 1 84191
-1095803 524320 1 883
-1097395 18 1 16883
-1099732 0 2 211 1303
-1100392 67108864 2 263 523
-1101227 0 2 109 10103
-1103507 512 1 35597
-1103608 33554440 1 12541
-1105028 0 1 276257
-1105876 64 1 14551
-1106147 260 1 5449
-1108216 35651584 1 1669
-1108564 0 2 191 1451
-1109572 4096 1 6451
-1110323 256 1 38287
-1110808 33554560 1 6037
-1110947 512 1 35837
-1112968 67108864 1 139121
-1113880 33554434 1 27847
-1114024 67108864 2 131 1063
-1116004 0 1 279001
-1116340 2 1 55817
-1117523 72 1 5347
-1117531 0 2 467 2393
-1119739 32 1 65867
-1119928 33554432 1 139991
-1120948 262144 1 3947
-1122280 67108866 1 28057
-1123480 33554434 1 28087
-1123912 67109888 1 3797
-1128088 33554448 1 10847
-1128139 32768 1 19121
-1128211 16388 1 3041
-1128395 2 2 127 1777
-1129348 8 1 25667
-1129579 264 1 3541
-1129907 16384 1 21319
-1130243 128 2 157 313
-1131880 67108866 1 28297
-1133908 131072 1 4231
-1134931 524292 1 2221
-1135480 33554434 1 28387
-1136195 34 1 13367
-1138516 0 2 379 751
-1142248 67371008 1 2011
-1144099 8 1 104009
-1144132 8 1 26003
-1146379 16 2 163 541
-1147108 0 1 286777
-1149028 0 1 287257
-1149124 0 1 287281
-1151299 16777216 1 11399
-1151560 67108866 1 28789
-1152115 514 1 7433
-1152155 2 1 230431
-1152587 1024 1 31151
-1153528 33554496 1 7589
-1154680 33554434 1 28867
-1155347 16384 1 21799
-1156531 8388608 1 11923
-1157944 33570816 1 2731
-1159588 0 1 289897
-1159667 4096 2 149 181
-1160536 33554448 1 11159
-1160539 96 1 3593
-1161928 67174400 1 2381
-1162852 131072 1 4339
-1163851 16 1 89527
-1164088 33554432 1 145511
-1164232 67108864 2 269 541
-1164868 0 1 291217
-1165523 16384 1 21991
-1165891 262144 1 16421
-1166248 67633152 1 1997
-1166356 1048576 1 3691
-1168228 0 1 292057
-1168312 33555456 1 3947
-1168787 2304 1 983
-1168840 67108866 1 29221
-1171883 16384 1 22111
-1176115 262146 1 3313
-1177492 0 2 431 683
-1178920 67108866 1 29473
-1179112 67108872 1 13399
-1179347 2097168 1 1093
-1179707 1048576 2 109 137
-1180552 67108864 2 173 853
-1180612 0 1 295153
-1181656 33554436 1 21101
-1181896 67108864 2 157 941
-1182088 67108864 1 147761
-1182196 0 2 337 877
-1183171 264 1 3709
-1183928 33554496 1 7789
-1185412 0 1 296353
-1185499 4 2 163 1039
-1185691 16 2 223 409
-1186792 67108864 2 109 1361
-1188083 32784 1 1549
-1188547 0 2 239 4973
-1188712 67108868 1 21227
-1188923 0 2 379 3137
-1189427 0 2 151 7877
-1190435 2050 1 5807
-1192283 0 2 281 4243
-1193059 2052 1 4157
-1193476 0 1 298369
-1194115 18 1 18371
-1194331 0 2 569 2099
-1195427 262144 2 113 149
-1196680 67108866 1 29917
-1197832 67108864 1 149729
-1198315 2 2 443 541
-1199908 0 1 299977
-1200227 516 1 5531
-1201384 67108864 2 263 571
-1205299 65536 1 19759
-1206292 8388608 1 3109
-1207187 32 1 71011
-1207955 6 1 34513
-1209323 32768 2 103 199
-1210120 67108866 1 30253
-1210291 0 2 661 1831
-1210360 33554434 1 30259
-1211188 8 1 27527
-1211387 640 1 1699
-1213252 0 1 303313
-1214611 512 1 39181
-1214932 1024 1 8209
-1215028 4194304 1 3413
-1216312 33554432 1 152039
-1217992 67108864 1 152249
-1218643 2048 1 29723
-1219163 8 2 137 809
-1219355 2 1 243871
-1220308 8192 1 6491
-1221259 1040 1 2539
-1221931 4096 2 157 181
-1222228 4 1 43651
-1222804 8 1 27791
-1223395 2 2 307 797
-1223428 0 1 305857
-1224691 16 1 94207
-1225876 0 2 137 2237
-1226488 33554496 1 8069
-1227355 2 1 245471
-1228132 0 1 307033
-1228531 0 2 163 7537
-1229179 4194308 1 1973
-1230280 67108866 1 30757
-1230755 2 1 246151
-1230964 4 1 43963
-1231699 4 2 179 983
-1233112 33554464 1 9067
-1233160 67108866 1 30829
-1233323 20 1 13553
-1234907 8388864 1 439
-1235723 0 2 131 9433
-1236484 0 1 309121
-1236808 67125248 1 2917
-1238147 0 2 761 1627
-1238632 67108864 2 107 1447
-1239748 0 1 309937
-1239955 2 1 247991
-1239988 16384 1 5849
-1241092 0 1 310273
-1241908 128 1 13499
-1242040 33554434 1 31051
-1244179 32 2 163 449
-1244867 528 1 3089
-1244872 67108864 1 155609
-1245748 4 1 44491
-1246648 33554448 1 11987
-1247512 33554436 1 22277
-1247608 33554432 2 277 563
-1248340 2 1 62417
-1248724 0 2 263 1187
-1248868 0 1 312217
-1248952 33554432 1 156119
-1249291 384 1 1873
-1249307 8256 1 1399
-1249651 8388624 1 991
-1250011 4 2 283 631
-1250419 0 2 677 1847
-1251355 6 1 35753
-1252276 512 1 10099
-1252852 8388608 1 3229
-1252939 0 2 313 4003
-1253128 67108864 1 156641
-1253387 4194304 1 14083
-1255051 2052 1 4373
-1255864 33554432 2 179 877
-1259080 67108866 1 31477
-1260712 67141632 1 2671
-1262680 33554434 1 31567
-1262920 67108866 1 31573
-1263467 16896 1 769
-1264036 0 2 251 1259
-1264307 40 1 6761
-1266979 8196 1 3851
-1269515 18 1 19531
-1270708 0 2 491 647
-1270891 64 1 66889
-1272947 16 1 97919
-1273187 4352 1 1021
-1274692 4096 1 7411
-1275139 1048576 1 16141
-1280488 67108872 1 14551
-1280779 0 2 797 1607
-1282360 33554434 1 32059
-1282699 264 1 4021
-1283507 4160 1 1571
-1283812 0 1 320953
-1285883 1050624 1 397
-1285972 1024 1 8689
-1287412 4 1 45979
-1288660 2 1 64433
-1288996 0 1 322249
-1289176 33554436 1 23021
-1289320 67108866 1 32233
-1289539 8192 1 27437
-1290347 64 2 113 601
-1290532 0 1 322633
-1291960 33554434 1 32299
-1292728 33554432 1 161591
-1293707 0 2 239 5413
-1297283 524304 1 1367
-1297291 0 2 157 8263
-1297435 8194 1 5521
-1297720 33554434 1 32443
-1299083 16384 2 127 193
-1299995 1026 1 7027
-1300187 4 2 281 661
-1302520 33554434 1 32563
-1302979 0 2 151 8629
-1303096 33554496 1 8573
-1303195 8388610 1 2687
-1304932 0 2 139 2347
-1305028 0 1 326257
-1306120 67108866 1 32653
-1306939 0 2 733 1783
-1309960 67108866 1 32749
-1311587 0 2 571 2297
-1312555 2 1 262511
-1313243 0 2 173 7591
-1314499 1024 1 35527
-1315588 0 1 328897
-1316131 18874368 1 157
-1316536 33554448 1 12659
-1317208 33554432 2 229 719
-1317979 16 1 101383
-1319123 272 1 3499
-1325723 4 1 189389
-1325752 33554432 1 165719
-1327819 1056 1 2111
-1327907 4 1 189701
-1328056 33554432 2 109 1523
-1329208 33554432 1 166151
-1331755 2 1 266351
-1332347 256 1 45943
-1332676 0 2 211 1579
-1332859 8 1 121169
-1333459 8421376 1 233
-1334731 64 1 70249
-1335019 4 1 190717
-1335107 69632 1 509
-1335352 33554432 1 166919
-1336307 4 1 190901
-1337435 10 1 24317
-1338760 67108866 1 33469
-1341091 512 1 43261
-1343435 2 2 139 1933
-1343779 0 2 439 3061
-1343992 33554448 1 12923
-1345624 33554436 1 24029
-1346131 64 1 70849
-1346299 512 2 137 317
-1346872 33554496 1 8861
-1348555 18 1 20747
-1349387 144 1 4513
-1349491 24 1 9437
-1349723 1024 1 36479
-1350091 0 2 151 8941
-1350532 0 1 337633
-1354228 2097152 1 4079
-1354708 0 2 149 2273
-1356052 0 2 181 1873
-1356379 160 1 3469
-1358152 67108864 1 169769
-1359304 67108864 1 169913
-1360088 33554432 2 197 863
-1360276 4194304 1 3821
-1361243 16 1 104711
-1361251 4096 1 31657
-1361419 0 2 233 5843
-1363819 0 2 241 5659
-1364836 8 1 31019
-1364920 33554434 1 34123
-1368052 4 1 48859
-1368964 0 1 342241
-1371235 2 2 139 1973
-1371811 4 1 195973
-1371923 1028 1 5297
-1375555 34 1 16183
-1376011 20 1 15121
-1376308 0 2 337 1021
-1376776 67108864 1 172097
-1378228 8192 1 7331
-1378283 256 1 47527
-1378699 4194308 1 2213
-1382443 65536 2 131 173
-1386712 41943040 1 1787
-1387720 67108866 1 34693
-1388635 2 2 193 1439
-1388795 1026 1 7507
-1388971 540672 1 359
-1389460 2 1 69473
-1391476 0 2 233 1493
-1392203 65792 1 787
-1392280 33554434 1 34807
-1392388 0 1 348097
-1392628 16384 1 6569
-1393348 8 1 31667
-1396291 80 1 5653
-1396504 33554432 2 227 769
-1397752 33554432 2 379 461
-1399771 0 2 223 6277
-1399915 10 1 25453
-1401451 0 2 631 2221
-1401563 0 2 607 2309
-1402643 264 1 4397
-1404355 2 1 280871
-1404571 4 2 163 1231
-1405915 6 1 40169
-1406164 0 2 419 839
-1406452 0 2 587 599
-1408852 4096 1 8191
-1408939 4 2 431 467
-1409956 0 1 352489
-1411096 33554560 1 7669
-1411651 1048576 2 107 167
-1412315 130 1 12281
-1412395 2 2 163 1733
-1413235 130 1 12289
-1413403 0 2 109 12967
-1414195 2 2 113 2503
-1414411 16384 1 26687
-1415011 4194320 1 1223
-1415747 64 2 269 277
-1416019 8 2 109 1181
-1416532 16 1 27241
-1417027 256 2 131 373
-1418027 80 1 5741
-1420228 0 1 355057
-1420360 67108866 1 35509
-1421764 0 1 355441
-1421843 0 2 619 2297
-1421923 8388608 2 107 137
-1424179 0 2 1093 1303
-1425979 0 2 373 3823
-1426468 0 2 227 1571
-1428707 4 1 204101
-1429939 1028 1 5521
-1430803 8 1 130073
-1431352 33554448 1 13763
-1432888 33554432 1 179111
-1433027 0 2 167 8581
-1435099 0 2 103 13933
-1438699 64 1 75721
-1439243 16 1 110711
-1440923 264 1 4517
-1441012 0 2 337 1069
-1441387 384 1 2161
-1441528 33554440 1 16381
-1441651 32 2 137 619
-1442755 2 1 288551
-1443499 0 2 691 2089
-1443691 32 2 163 521
-1444219 4 2 193 1069
-1446772 0 2 311 1163
-1447763 4194304 1 16267
-1447819 64 2 181 421
-1448248 33554432 1 181031
-1449160 67108866 1 36229
-1449643 80 1 5869
-1452347 8208 1 2377
-1453459 4194308 1 2333
-1455083 4 1 207869
-1457428 4 1 52051
-1458724 131072 1 5443
-1458760 67108866 1 36469
-1459267 0 2 199 7333
-1459547 327680 1 337
-1461947 0 2 163 8969
-1462283 0 2 277 5279
-1463755 2 2 167 1753
-1464388 0 1 366097
-1464427 65536 1 24007
-1464712 67108864 1 183089
-1465480 67108866 1 36637
-1467448 33587200 1 3109
-1468612 0 2 571 643
-1470211 32 2 197 439
-1470259 4 1 210037
-1470952 67108868 1 26267
-1472251 40 1 7873
-1472899 64 1 77521
-1474408 67108880 1 14177
-1474804 131072 1 5503
-1476835 4098 1 6869
-1477048 33554432 1 184631
-1478011 1064960 1 353
-1478212 0 1 369553
-1478392 33554432 2 283 653
-1481035 131074 1 4421
-1482244 0 1 370561
-1483192 33554432 2 397 467
-1483204 0 1 370801
-1483219 1024 1 40087
-1483540 2 1 74177
-1484011 0 2 547 2713
-1485928 67108864 2 281 661
-1488472 33685504 1 2777
-1489459 16384 2 157 179
-1489891 528 1 3697
-1491955 2 2 103 2897
-1493467 32800 1 1489
-1494232 33554464 1 10987
-1496248 33554448 1 14387
-1496299 32772 1 3623
-1497331 520 1 4391
-1498744 33554448 1 14411
-1498907 1056 1 2383
-1499272 67108864 1 187409
-1499723 8224 1 1877
-1500107 68 1 11279
-1501108 4 1 53611
-1501960 67108866 1 37549
-1503379 2129920 1 307
-1503688 83886080 1 1861
-1504072 67108864 2 229 821
-1504612 0 1 376153
-1507060 2 1 75353
-1508452 8 1 34283
-1509211 8 1 137201
-1512148 8 1 34367
-1512211 512 1 48781
-1512712 67108864 2 173 1093
-1514116 4096 1 8803
-1514836 32 1 22277
-1515307 64 2 173 461
-1515667 65536 1 24847
-1515811 2056 1 3361
-1516219 64 1 79801
-1516888 33554432 2 127 1493
-1517464 33554448 1 14591
-1518859 0 2 337 4507
-1519067 8 2 197 701
-1520515 1026 1 8219
-1522339 20 1 16729
-1523395 2 2 547 557
-1523747 256 1 52543
-1524520 67108866 1 38113
-1525043 524304 1 1607
-1526680 33554434 1 38167
-1526755 2 1 305351
-1526851 0 2 599 2549
-1527112 67108864 1 190889
-1530587 16384 1 28879
-1530739 4 1 218677
-1531492 0 1 382873
-1531699 32784 1 1997
-1531912 67125248 1 3613
-1531924 2048 1 9341
-1532251 262148 1 3083
-1534459 64 1 80761
-1534699 65536 2 139 181
-1535608 33554688 1 6619
-1536004 0 1 384001
-1537555 2 1 307511
-1538395 2 2 313 983
-1538440 67108866 1 38461
-1539268 0 1 384817
-1539355 2 1 307871
-1539571 40 1 8233
-1539907 0 2 167 9221
-1540219 256 2 173 307
-1541507 4104 1 3259
-1542424 33554448 1 14831
-1544440 33554434 1 38611
-1546852 0 1 386713
-1547128 33554440 1 17581
-1547179 768 1 1721
-1547668 2048 1 9437
-1548376 33555456 1 5231
-1549067 16 1 119159
-1549672 75497472 1 1997
-1550059 1048580 1 2803
-1550728 67108864 1 193841
-1550923 8 2 277 509
-1551091 0 2 227 6833
-1551331 64 1 81649
-1552763 32 2 241 379
-1554628 0 1 388657
-1555339 0 2 1093 1423
-1556131 0 2 127 12253
-1556788 4194304 1 4373
-1558579 8 1 141689
-1559971 36 1 13109
-1560811 4 2 293 761
-1561195 34 1 18367
-1561432 33816576 1 2749
-1562008 33554436 1 27893
-1564403 64 2 137 601
-1564852 131072 1 5839
-1565243 4198400 1 409
-1565731 0 2 107 14633
-1566115 2 2 103 3041
-1567883 65536 1 25703
-1568452 0 1 392113
-1569595 16386 1 5923
-1571755 2 1 314351
-1572211 160 1 4021
-1572595 2 2 367 857
-1572707 0 2 103 15269
-1576099 4 1 225157
-1576315 18 1 24251
-1577179 8320 1 1459
-1577284 0 2 251 1571
-1581227 128 1 68749
-1581835 2 2 257 1231
-1582792 67125248 1 3733
-1584043 32 1 93179
-1585048 33554432 2 239 829
-1588795 18 1 24443
-1591732 0 2 107 3719
-1591771 1048576 1 20149
-1593412 0 1 398353
-1593748 16 1 30649
-1595851 0 2 1109 1439
-1597588 0 2 347 1151
-1599619 4 1 228517
-1599652 0 1 399913
-1602499 32768 2 157 173
-1603396 0 1 400849
-1604152 33554440 1 18229
-1605976 33554432 2 103 1949
-1607851 4 1 229693
-1607971 524288 1 22027
-1608955 2097154 1 3877
-1609252 0 1 402313
-1609528 33554496 1 10589
-1609912 33619968 1 3299
-1610152 67110912 1 4909
-1610260 2 1 80513
-1610611 64 2 103 823
-1610803 0 2 173 9311
-1611508 0 2 379 1063
-1611715 6 1 46049
-1617748 8 1 36767
-1618852 0 1 404713
-1619704 33554432 2 293 691
-1621435 2 2 139 2333
-1621507 0 2 197 8231
-1621523 128 1 70501
-1621795 6 1 46337
-1622147 0 2 103 15749
-1622308 0 1 405577
-1623172 0 2 179 2267
-1625656 33554432 1 203207
-1625812 32 1 23909
-1626355 2 1 325271
-1627492 0 1 406873
-1627828 256 1 14033
-1628011 12 1 21143
-1631371 36 1 13709
-1631539 20 1 17929
-1632388 131072 1 6091
-1632520 67108866 1 40813
-1632964 0 1 408241
-1633891 2052 1 5693
-1634452 0 2 317 1289
-1635259 0 2 223 7333
-1637635 2 2 107 3061
-1638619 132096 1 661
-1641739 8 1 149249
-1642552 33554432 1 205319
-1643188 0 2 547 751
-1643860 2 1 82193
-1645048 33619968 1 3371
-1646404 0 2 523 787
-1647571 0 2 127 12973
-1647928 33554432 1 205991
-1649155 2 2 227 1453
-1651243 4104 1 3491
-1652179 32 1 97187
-1652395 8388610 1 3407
-1653268 8388608 1 4261
-1653688 33554432 2 421 491
-1655299 64 1 87121
-1655539 2048 2 149 271
-1655987 288 1 3359
-1656955 2 1 331391
-1657252 0 1 414313
-1658491 2112 1 2129
-1658584 33554432 2 151 1373
-1658680 33554434 1 41467
-1658995 18 1 25523
-1663171 0 2 347 4793
-1664356 0 1 416089
-1664968 67108864 1 208121
-1665203 524288 1 22811
-1665715 1048578 1 4217
-1665811 4 1 237973
-1666792 71303168 1 2341
-1667731 16 1 128287
-1669291 524304 1 1759
-1669555 2 1 333911
-1670740 2 1 83537
-1673755 2 1 334751
-1674292 0 2 641 653
-1674628 0 1 418657
-1675108 4096 1 9739
-1675819 64 2 193 457
-1675864 33554432 2 271 773
-1675939 256 1 57791
-1678763 4096 1 39041
-1680568 33554432 1 210071
-1681672 67108864 1 210209
-1682035 131074 1 5021
-1686292 256 1 14537
-1687492 4096 1 9811
-1687819 4 1 241117
-1688603 4 1 241229
-1688755 2 1 337751
-1689227 8192 2 127 283
-1689259 24 1 11813
-1690312 67108880 1 16253
-1690411 64 1 88969
-1690867 64 1 88993
-1691011 1028 1 6529
-1691539 0 2 137 12347
-1692859 4 2 257 941
-1693960 67108866 1 42349
-1694740 2 1 84737
-1696132 32768 1 7187
-1696243 32 2 113 883
-1697092 0 1 424273
-1697140 2 1 84857
-1697731 4 1 242533
-1700131 73728 1 593
-1700419 4 2 421 577
-1701652 512 1 13723
-1701688 33554432 2 347 613
-1703860 2 1 85193
-1706152 67108868 1 30467
-1706296 33554432 1 213287
-1706683 8 1 155153
-1706779 0 2 211 8089
-1709035 4098 1 7949
-1710148 8 1 38867
-1710292 32768 1 7247
-1710712 33558528 1 4973
-1711480 33554434 1 42787
-1712659 16 1 131743
-1713448 67108872 1 19471
-1714360 33554434 1 42859
-1716467 1152 1 2017
-1717651 1040 1 3571
-1717819 0 2 397 4327
-1718539 1024 1 46447
-1718627 256 1 59263
-1718632 67108896 1 12637
-1719748 0 1 429937
-1719787 768 1 1913
-1720459 4194320 1 1487
-1720699 1048704 1 947
-1721539 32 1 101267
-1726963 4 1 246709
-1727092 0 2 113 3821
-1727128 33554448 1 16607
-1728211 17039360 1 241
-1728952 33554432 1 216119
-1729531 384 1 2593
-1731691 528 1 4297
-1731883 131072 1 25849
-1732408 33554432 1 216551
-1732907 8 2 263 599
-1733971 1056768 1 467
-1734019 4 1 247717
-1734923 0 2 709 2447
-1735864 33554448 1 16691
-1738888 67108864 1 217361
-1739851 33792 1 797
-1740163 2048 1 42443
-1742299 16 2 223 601
-1742347 32 2 113 907
-1743331 128 1 75797
-1746760 67108866 1 43669
-1751368 67109120 1 7549
-1751395 1026 1 9467
-1752259 0 2 1201 1459
-1752427 64 1 92233
-1754179 36 1 14741
-1754680 33554434 1 43867
-1756219 32 1 103307
-1756963 16 1 135151
-1758520 33554434 1 43963
-1758868 64 1 23143
-1758931 0 2 103 17077
-1759267 64 1 92593
-1763419 4 1 251917
-1763635 258 1 12163
-1763659 0 2 277 6367
-1763731 4096 1 41017
-1765012 8388608 1 4549
-1765411 128 1 76757
-1767112 67108864 1 220889
-1768888 33554440 1 20101
-1769131 20 1 19441
-1771651 2052 1 6173
-1772243 8 2 367 439
-1772248 33554688 1 7639
-1773955 2 1 354791
-1775188 0 2 311 1427
-1776340 2 1 88817
-1776443 64 1 93497
-1777195 6 1 50777
-1777243 16 1 136711
-1777588 32 1 26141
-1777723 65536 2 151 193
-1778212 0 1 444553
-1778491 24 1 12437
-1779107 8 2 197 821
-1779892 2048 1 10853
-1781179 0 2 103 17293
-1783171 524304 1 1879
-1783459 2048 1 43499
-1786891 0 2 137 13043
-1787155 2 1 357431
-1787284 128 1 19427
-1788691 1280 1 1667
-1790723 8 2 173 941
-1792867 256 2 211 293
-1793267 4 1 256181
-1793491 4 2 173 1481
-1794292 0 2 607 739
-1795348 64 1 23623
-1796659 64 1 94561
-1798948 4096 1 10459
-1799572 2048 1 10973
-1799752 67108864 1 224969
-1800355 2 1 360071
-1801051 4 1 257293
-1803019 0 2 127 14197
-1803928 33554436 1 32213
-1806307 0 2 521 3467
-1806436 0 1 451609
-1808011 0 2 523 3457
-1810372 0 2 499 907
-1811779 1152 1 2129
-1812979 2052 1 6317
-1813480 67108866 1 45337
-1813555 1026 1 9803
-1813828 0 2 467 971
-1814387 0 2 439 4133
-1814404 0 1 453601
-1814872 33619968 1 3719
-1814968 33554432 1 226871
-1815412 64 1 23887
-1817683 8388612 1 2677
-1818691 4 1 259813
-1819547 256 1 62743
-1820179 81920 1 563
-1820779 0 2 229 7951
-1821604 0 1 455401
-1821619 0 2 643 2833
-1821643 65536 1 29863
-1824211 9216 1 1049
-1825243 4 2 239 1091
-1825828 0 1 456457
-1826507 256 1 62983
-1828660 2 1 91433
-1829032 75497472 1 2357
-1833835 2 2 353 1039
-1835731 524288 1 25147
-1835755 1026 1 9923
-1837252 0 1 459313
-1839208 67108868 1 32843
-1839268 0 1 459817
-1839835 2 2 227 1621
-1840555 2 1 368111
-1840819 0 2 317 5807
-1840948 64 1 24223
-1842331 0 2 233 7907
-1843195 4098 1 8573
-1843348 16 1 35449
-1844728 33554432 2 293 787
-1845859 0 2 659 2801
-1845955 2 1 369191
-1847272 67108868 1 32987
-1847848 67109376 1 7451
-1848091 4 1 264013
-1848232 67108864 2 103 2243
-1848523 0 2 167 11069
-1848955 2 1 369791
-1849348 0 1 462337
-1849768 67141632 1 3919
-1849891 0 2 811 2281
-1850035 10 1 33637
-1850155 8194 1 7873
-1850203 0 2 151 12253
-1850395 2 2 103 3593
-1850731 512 2 227 263
-1851715 32770 1 6277
-1852555 2 1 370511
-1855012 0 1 463753
-1855291 3072 1 1223
-1856035 2 2 317 1171
-1856131 0 2 829 2239
-1856248 33554432 2 331 701
-1856723 40 1 9929
-1857256 67112960 1 5399
-1859179 8196 1 5651
-1859512 33554432 1 232439
-1861771 4352 1 1493
-1862179 2056 1 4129
-1863832 33562624 1 4957
-1866691 1048576 1 23629
-1866808 33554432 2 229 1019
-1867672 33554432 2 157 1487
-1868155 2 1 373631
-1868491 65536 1 30631
-1868635 130 1 16249
-1868731 256 1 64439
-1869091 4 2 137 1949
-1870051 2080 1 2683
-1871992 33554432 2 211 1109
-1874104 33554432 2 317 739
-1875652 0 1 468913
-1876579 32 2 167 661
-1877659 4 1 268237
-1878835 6 1 53681
-1880203 65552 1 2371
-1881931 1088 1 2677
-1883848 67108864 2 181 1301
-1885528 33570816 1 4447
-1892155 2 2 223 1697
-1892971 0 2 509 3719
-1893448 67108864 1 236681
-1893667 2048 1 46187
-1894228 4 1 67651
-1894315 2 2 227 1669
-1894459 4 2 127 2131
-1894552 33554440 1 21529
-1897492 64 1 24967
-1897771 81920 1 587
-1898755 2 1 379751
-1898899 0 2 1277 1487
-1901603 40 1 10169
-1902499 0 2 421 4519
-1904539 20 1 20929
-1905067 128 2 113 733
-1906403 64 2 269 373
-1906459 2048 1 46499
-1906948 0 1 476737
-1908571 1028 1 7369
-1910488 33554496 1 12569
-1910987 48 1 8647
-1911827 1024 2 163 317
-1911907 0 2 1217 1571
-1912027 80 1 7741
-1912219 0 2 1249 1531
-1913611 4 2 461 593
-1914331 2048 1 46691
-1915723 2097152 1 23081
-1916491 0 2 907 2113
-1916692 16384 1 9041
-1916968 69206016 1 2887
-1917316 0 2 131 3659
-1917379 32 1 112787
-1917619 8 1 174329
-1918708 8 1 43607
-1919080 67108866 1 47977
-1920763 262160 1 2081
-1921651 0 2 191 10061
-1923331 524288 1 26347
-1924411 256 1 66359
-1924648 67108872 1 21871
-1926379 20 1 21169
-1928932 0 1 482233
-1929172 4 1 68899
-1932520 67108866 1 48313
-1933483 0 2 977 1979
-1935499 0 2 353 5483
-1937611 16 2 113 1319
-1938232 33554432 1 242279
-1940248 33554432 2 283 857
-1941208 33554432 2 167 1453
-1941412 8 1 44123
-1942699 8 1 176609
-1944907 8192 1 41381
-1945672 67108864 1 243209
-1946659 24 1 13613
-1948888 33587200 1 4129
-1950859 256 1 67271
-1950955 2 1 390191
-1951163 0 2 373 5231
-1952392 67108880 1 18773
-1953739 16384 2 191 193
-1955707 16 1 150439
-1955755 2 1 391151
-1956163 8 2 163 1091
-1957315 8194 1 8329
-1958131 4 2 467 599
-1958212 0 1 489553
-1959563 0 2 823 2381
-1964443 16 2 137 1103
-1964680 67108866 1 49117
-1965892 64 1 25867
-1967539 516 1 9067
-1970392 33816576 1 3469
-1970611 16777216 2 109 179
-1970947 8 2 233 769
-1971019 0 2 137 14387
-1972051 32 2 311 373
-1972195 4098 1 9173
-1974520 33554434 1 49363
-1974595 6 1 56417
-1975492 0 1 493873
-1976104 67108880 1 19001
-1976539 32 2 233 499
-1977115 6 1 56489
-1977547 24 1 13829
-1977592 33554432 2 179 1381
-1977691 64 1 104089
-1978843 0 2 389 5087
-1978915 4194306 1 4447
-1980187 520 1 5807
-1982155 6 1 56633
-1982755 2 2 257 1543
-1984555 130 1 17257
-1987459 4194304 2 137 163
-1989331 0 2 809 2459
-1990531 256 1 68639
-1992811 0 2 167 11933
-1997827 16 2 227 677
-1998883 256 1 68927
-1999432 67108864 2 293 853
-2001403 64 1 105337
-2001667 384 1 3001
-2002852 0 1 500713
-2003243 8 2 269 677
-2003899 0 2 137 14627
-2005096 67125248 1 4729
-2005363 2098176 1 653
-2006068 32 1 29501
-2006728 67108864 1 250841
-2008168 67108864 2 283 887
-2008648 67108864 1 251081
-2009512 67108864 2 239 1051
-2009627 0 2 163 12329
-2010808 33554496 1 13229
-2011307 0 2 229 8783
-2012392 67108896 1 14797
-2014579 1048580 1 3643
-2015587 260 1 9929
-2015848 67109120 1 8689
-2016283 256 2 251 277
-2016683 0 2 307 6569
-2017435 6 1 57641
-2018131 512 1 65101
-2018452 16384 1 9521
-2019880 67108866 1 50497
-2020132 0 1 505033
-2022808 33554688 1 8719
-2023403 0 2 331 6113
-2027908 64 1 26683
-2029108 524288 1 6949
-2029339 1040 1 4219
-2031715 6 1 58049
-2031928 33554432 2 499 509
-2034163 0 2 1031 1973
-2035915 6 1 58169
-2037187 0 2 479 4253
-2037595 6 1 58217
-2038072 33554432 2 373 683
-2039707 576 1 3463
-2039995 1026 1 11027
-2040707 0 2 347 5881
-2048299 264 1 6421
-2050612 0 2 601 853
-2051371 32772 1 4967
-2051608 33554448 1 19727
-2056555 2 1 411311
-2058355 18 1 31667
-2061955 6 1 58913
-2063467 4 1 294781
-2064203 131072 1 30809
-2064712 67108880 1 19853
-2065651 4 2 269 1097
-2066387 0 2 1087 1901
-2066731 8192 1 43973
-2066920 67108866 1 51673
-2068708 0 1 517177
-2069971 32 1 121763
-2069992 67108864 2 353 733
-2070292 4 1 73939
-2070787 2080 1 2971
-2071192 33554432 2 199 1301
-2071555 2 1 414311
-2074267 16 2 379 421
-2074723 2052 1 7229
-2075035 4194306 1 4663
-2077672 67108896 1 15277
-2079688 67108880 1 19997
-2080552 67108864 2 139 1871
-2081272 33554688 1 8971
-2083291 4 1 297613
-2083507 1024 1 56311
-2083972 8 1 47363
-2084515 524290 1 5711
-2087731 8388608 1 21523
-2088355 2 1 417671
-2088563 4194816 1 757
-2089108 4 1 74611
-2091355 6 1 59753
-2091883 0 2 317 6599
-2092168 67108880 1 20117
-2093723 0 2 1279 1637
-2093848 33554432 2 227 1153
-2094115 2 2 491 853
-2094712 33554496 1 13781
-2097667 24 1 14669
-2098219 0 2 557 3767
-2099371 8388736 1 941
-2099803 65792 1 1187
-2102872 33558528 1 6113
-2103211 8 2 263 727
-2108731 32 2 163 761
-2108899 528 1 5233
-2111299 64 1 111121
-2111347 4194308 1 3389
-2112619 640 1 2963
-2114155 2 2 547 773
-2115955 2 1 423191
-2116195 131074 1 6317
-2119795 130 1 18433
-2121283 0 2 131 16193
-2123080 67108866 1 53077
-2124355 1026 1 11483
-2125972 65536 1 8713
-2126059 16 1 163543
-2127028 0 2 283 1879
-2127448 33554464 1 15643
-2128435 4194306 1 4783
-2129128 67109888 1 7193
-2129755 2 2 193 2207
-2129992 67109120 1 9181
-2131348 1024 1 14401
-2132747 256 2 251 293
-2134939 66048 1 1129
-2135368 67108864 1 266921
-2137531 8 2 317 613
-2138131 0 2 1361 1571
-2141092 0 1 535273
-2143912 67109120 1 9241
-2145619 4 1 306517
-2148259 8388608 1 22147
-2148952 33554448 1 20663
-2150152 67108864 2 397 677
-2150179 0 2 1009 2131
-2150371 0 2 227 9473
-2151163 36 1 18077
-2151172 0 1 537793
-2151187 0 2 311 6917
-2151355 2 2 587 733
-2152792 33587200 1 4561
-2154328 33554440 1 24481
-2154772 0 2 199 2707
-2156680 67108866 1 53917
-2157688 33554448 1 20747
-2157940 2 1 107897
-2158819 16 1 166063
-2159443 24 1 15101
-2159992 35651584 1 3253
-2160427 0 2 1151 1877
-2162932 512 1 17443
-2162995 34 1 25447
-2164408 33554432 1 270551
-2164555 8388610 1 4463
-2164579 0 2 181 11959
-2164867 8192 1 46061
-2165332 16 1 41641
-2167540 2 1 108377
-2168692 0 2 463 1171
-2169451 0 2 1019 2129
-2170312 67108864 1 271289
-2171080 67108866 1 54277
-2172388 0 1 543097
-2176123 0 2 439 4957
-2176747 1024 1 58831
-2178472 67108864 2 307 887
-2180755 2 1 436151
-2183155 18 1 33587
-2183659 0 2 883 2473
-2184643 2097152 1 26321
-2187451 68 1 16447
-2188883 1024 1 59159
-2189755 2 2 107 4093
-2190808 33570816 1 5167
-2191939 8192 2 149 313
-2192723 528 1 5441
-2194027 8 1 199457
-2195128 33554448 1 21107
-2195947 528 1 5449
-2196403 8 1 199673
-2196772 0 1 549193
-2198587 2097152 1 26489
-2199547 4 2 199 1579
-2199691 2064 1 4127
-2199955 2 1 439991
-2202803 64 2 191 607
-2203123 16 1 169471
-2208043 0 2 1283 1721
-2208355 2 2 443 997
-2208691 32 2 173 751
-2211379 33792 1 1013
-2212867 0 2 107 20681
-2216488 67108864 2 461 601
-2216707 1024 2 181 331
-2217028 8 1 50387
-2222323 133120 1 809
-2223028 0 2 311 1787
-2223112 67108864 1 277889
-2225155 2 1 445031
-2225467 0 2 773 2879
-2225668 0 2 139 4003
-2228179 524288 2 131 233
-2228212 4 1 79579
-2228467 2097152 1 26849
-2230795 6 1 63737
-2231608 33554688 1 9619
-2231635 6 1 63761
-2231860 2 1 111593
-2235523 256 2 157 491
-2237188 0 1 559297
-2238952 67108864 2 239 1171
-2239195 6 1 63977
-2240227 8 1 203657
-2240923 32 2 193 683
-2241331 544 1 4253
-2241352 67109120 1 9661
-2242915 2 2 293 1531
-2244355 2 1 448871
-2244979 8 2 127 1607
-2245048 33554448 1 21587
-2246155 2 2 457 983
-2246392 33554432 2 227 1237
-2247139 0 2 601 3739
-2247955 2 1 449591
-2248363 8388624 1 1783
-2248483 0 2 331 6793
-2251528 67108864 2 229 1229
-2251672 33555456 1 7607
-2251843 2056 1 4993
-2254939 64 1 118681
-2255611 32 2 277 479
-2255683 0 2 311 7253
-2257651 40 1 12073
-2259283 48 1 10223
-2259412 0 2 107 5279
-2260531 20 1 24841
-2261011 0 2 263 8597
-2261563 278528 1 601
-2263459 8 2 149 1381
-2265667 0 2 157 14431
-2268772 8 1 51563
-2269012 0 2 599 947
-2269195 16386 1 8563
-2269603 516 1 10459
-2270947 4 2 439 739
-2271172 0 1 567793
-2271187 16777216 2 113 199
-2271691 0 2 547 4153
-2272792 33554432 2 127 2237
-2274979 4 1 324997
-2275867 8 1 206897
-2277115 130 1 19801
-2277268 4 1 81331
-2277355 2 1 455471
-2278267 2097152 1 27449
-2279155 2 1 455831
-2279755 1026 1 12323
-2280328 67109120 1 9829
-2280883 16777224 1 2053
-2282611 0 2 193 11827
-2284067 32768 1 38713
-2284648 67108864 2 347 823
-2287828 64 1 30103
-2288632 33558528 1 6653
-2288755 6 1 65393
-2292187 3072 1 1511
-2294212 64 1 30187
-2294683 131328 1 1181
-2295811 4 2 157 2089
-2297299 0 2 317 7247
-2297572 0 1 574393
-2298955 2 1 459791
-2299427 524304 1 2423
-2302771 1048576 2 103 283
-2303755 34 1 27103
-2304619 1024 2 199 313
-2306371 128 2 149 673
-2306731 4 1 329533
-2307811 8 1 209801
-2308315 2 2 509 907
-2309683 128 2 137 733
-2313508 32768 1 9803
-2314552 33554432 1 289319
-2314987 16896 1 1409
-2316808 67108880 1 22277
-2317195 131074 1 6917
-2319928 33554448 1 22307
-2320312 33554432 1 290039
-2322292 4 1 82939
-2322328 33554432 2 107 2713
-2323540 2 1 116177
-2326435 16386 1 8779
-2328859 16 1 179143
-2329099 0 2 173 13463
-2329108 0 2 181 3217
-2333635 2 2 563 829
-2334347 131072 1 34841
-2337403 32768 2 173 229
-2339899 4259840 1 431
-2342491 64 1 123289
-2344315 66 1 24677
-2346691 0 2 151 15541
-2347003 32 1 138059
-2348035 2 2 373 1259
-2349139 16 2 137 1319
-2351332 0 1 587833
-2351587 4 1 335941
-2354155 2 1 470831
-2354419 16896 1 1433
-2357563 16 2 151 1201
-2361331 524292 1 4621
-2361715 2 2 191 2473
-2362435 8388610 1 4871
-2362648 33554432 2 281 1051
-2363755 2 1 472751
-2364952 33554560 1 12853
-2365528 33554440 1 26881
-2365672 67109376 1 9539
-2366803 0 2 457 5179
-2370232 33554432 1 296279
-2370979 16 2 271 673
-2371435 10 1 43117
-2372968 67108880 1 22817
-2374276 0 2 691 859
-2374408 67108864 1 296801
-2376712 67108880 1 22853
-2377315 16386 1 8971
-2377720 33554434 1 59443
-2378323 1024 1 64279
-2378779 2064 1 4463
-2378827 40 1 12721
-2379619 8 1 216329
-2379955 2 1 475991
-2380291 256 2 211 389
-2380891 65664 1 1697
-2381947 512 1 76837
-2382388 16777216 1 5897
-2383027 0 2 179 13313
-2386360 33554434 1 59659
-2388691 0 2 887 2693
-2391955 2 1 478391
-2396515 10 1 43573
-2396971 1024 1 64783
-2397163 0 2 653 3671
-2397448 67108864 1 299681
-2398003 160 1 6133
-2402083 16777248 1 1399
-2404168 67108880 1 23117
-2404171 12 1 31223
-2405320 67108866 1 60133
-2406283 136 1 9511
-2406328 33619968 1 4931
-2406835 130 1 20929
-2408539 4 2 337 1021
-2408995 8388610 1 4967
-2410723 4 2 241 1429
-2411155 2 1 482231
-2416627 17039360 1 337
-2418388 4 1 86371
-2419915 2 2 379 1277
-2422459 16 1 186343
-2423908 0 1 605977
-2424808 83886080 1 3001
-2425267 16 2 197 947
-2425651 16384 1 45767
-2426488 33554688 1 10459
-2426539 131072 1 36217
-2428939 1024 1 65647
-2429995 2 2 197 2467
-2431603 1024 1 65719
-2432299 0 2 1039 2341
-2433832 68157440 1 3851
-2440123 4 2 359 971
-2441371 1024 1 65983
-2441635 6 1 69761
-2442931 256 1 84239
-2443555 2 1 488711
-2443723 2112 1 3137
-2444843 524288 2 107 313
-2445019 33024 1 1429
-2446387 0 2 631 3877
-2446411 264 1 7669
-2446507 4 2 373 937
-2446795 18 1 37643
-2447563 0 2 1109 2207
-2448259 8 2 131 1699
-2448523 12 1 31799
-2448595 34 1 28807
-2449348 8 1 55667
-2451691 8 2 107 2083
-2455048 67108864 2 397 773
-2456059 0 2 179 13721
-2457187 0 2 109 22543
-2459443 524292 1 4813
-2461771 16 2 409 463
-2462227 0 2 199 12373
-2463643 20 1 27073
-2463955 18 1 37907
-2464459 5120 1 1549
-2464987 4 2 349 1009
-2465347 1152 1 2897
-2465908 0 2 449 1373
-2465992 67108864 1 308249
-2466139 48 1 11159
-2466763 528 1 6121
-2470612 524288 1 8461
-2472619 0 2 967 2557
-2472955 2 1 494591
-2474068 0 2 613 1009
-2474587 65536 2 113 359
-2476843 4096 1 57601
-2479315 2 2 347 1429
-2479768 33554560 1 13477
-2480755 2 2 103 4817
-2481571 64 2 211 619
-2481880 33554434 1 62047
-2483860 2 1 124193
-2484067 6144 1 1409
-2484907 32 2 313 467
-2488243 0 2 263 9461
-2489203 0 2 1009 2467
-2489320 67108866 1 62233
-2490259 4352 1 1997
-2490772 32 1 36629
-2491627 0 2 281 8867
-2492755 2 1 498551
-2492968 67112960 1 7247
-2493715 6 1 71249
-2495131 8388864 1 887
-2495539 1024 1 67447
-2499508 8 1 56807
-2499571 128 1 108677
-2500771 20 1 27481
-2503048 67109120 1 10789
-2503123 4 2 353 1013
-2503579 16 1 192583
-2504419 1024 2 113 599
-2505595 2 2 337 1487
-2505892 0 2 139 4507
-2506963 256 2 137 631
-2507083 1024 1 67759
-2508979 40 1 13417
-2509651 2048 1 61211
-2510068 8 1 57047
-2511283 0 2 619 4057
-2511931 4096 1 58417
-2512003 524304 1 2647
-2512699 4 2 433 829
-2513563 16 2 239 809
-2514499 16 1 193423
-2516011 16777472 1 859
-2516203 0 2 179 14057
-2516308 1048576 1 7963
-2516755 2 1 503351
-2517139 96 1 7793
-2518552 35651584 1 3793
-2518963 64 2 233 569
-2519752 67109120 1 10861
-2522899 98304 1 701
-2523355 2 1 504671
-2523448 33619968 1 5171
-2525611 8 1 229601
-2529451 131136 1 1987
-2529667 4 2 389 929
-2534203 262148 1 5099
-2537011 0 2 353 7187
-2537155 2 1 507431
-2540728 33554432 1 317591
-2542411 0 2 331 7681
-2542948 0 1 635737
-2543851 256 1 87719
-2545123 4 1 363589
-2547595 130 1 22153
-2548027 2304 1 2143
-2551432 67108880 1 24533
-2552083 0 2 1559 1637
-2552152 33554432 2 263 1213
-2555467 32768 1 43313
-2555755 2 1 511151
-2555995 18 1 39323
-2556835 1048578 1 6473
-2558827 0 2 191 13397
-2560315 8388610 1 5279
-2560660 2 1 128033
-2563012 0 2 163 3931
-2565307 8192 1 54581
-2567251 0 2 107 23993
-2567323 40 1 13729
-2568571 128 2 181 617
-2569339 16777216 1 25439
-2571043 32768 1 43577
-2572795 1026 1 13907
-2573227 64 1 135433
-2574691 4 2 103 3571
-2579608 33554688 1 11119
-2579908 0 1 644977
-2581291 0 2 197 13103
-2581891 80 1 10453
-2582155 2 1 516431
-2585848 33558528 1 7517
-2586307 16777472 1 883
-2586355 2 2 127 4073
-2587387 2056 1 5737
-2588539 32 1 152267
-2588851 0 2 1553 1667
-2589955 2 1 517991
-2591128 33554432 2 157 2063
-2592811 16 1 199447
-2593459 4104 1 5483
-2593732 0 1 648433
-2594068 0 2 179 3623
-2594395 2 2 397 1307
-2595427 0 2 1361 1907
-2597032 67117056 1 6907
-2597092 0 1 649273
-2603491 8 1 236681
-2604088 33554432 2 163 1997
-2606107 132 1 16187
-2606851 16 2 193 1039
-2607883 320 1 4733
-2608120 33554434 1 65203
-2608195 2 2 467 1117
-2610628 0 1 652657
-2613235 2 2 211 2477
-2615443 4194304 1 29387
-2615992 33554432 1 326999
-2616091 64 2 157 877
-2616763 0 2 109 24007
-2617672 67108864 1 327209
-2621443 8 1 238313
-2622643 0 2 293 8951
-2622883 2097152 1 31601
-2623588 8 1 59627
-2629003 16 1 202231
-2629747 32 1 154691
-2631832 33554436 1 46997
-2632483 8388612 1 3877
-2635363 128 2 149 769
-2639092 512 1 21283
-2639512 33558528 1 7673
-2640307 0 2 109 24223
-2642923 0 2 109 24247
-2643811 0 2 311 8501
-2648872 67108896 1 19477
-2649112 33554432 2 269 1231
-2651147 0 2 139 19073
-2651371 160 1 6781
-2652388 0 1 663097
-2652499 0 2 163 16273
-2656228 0 2 443 1499
-2656648 67108864 1 332081
-2660452 0 1 665113
-2661619 0 2 1249 2131
-2667091 2052 1 9293
-2667523 0 2 307 8689
-2668339 0 2 131 20369
-2669368 33554448 1 25667
-2671723 64 1 140617
-2671771 32 1 157163
-2672347 128 1 116189
-2673187 524296 1 3329
-2674243 24 1 18701
-2675635 262146 1 7537
-2675755 2 1 535151
-2675899 0 2 1193 2243
-2680372 0 2 163 4111
-2681512 67108896 1 19717
-2683723 4 2 151 2539
-2684728 33554432 1 335591
-2686795 2 2 443 1213
-2688340 2 1 134417
-2688763 12 1 34919
-2691283 4 1 384469
-2691448 50331648 1 3331
-2694388 0 2 257 2621
-2694451 1024 1 72823
-2697955 18 1 41507
-2698267 24 1 18869
-2700443 4096 1 62801
-2701771 0 2 787 3433
-2703043 4 1 386149
-2703307 0 2 149 18143
-2705515 2 2 191 2833
-2706232 33554432 1 338279
-2711155 131074 1 8093
-2712292 8 1 61643
-2716648 67108872 1 30871
-2719507 36 1 22853
-2721547 32 1 160091
-2723227 8208 1 4457
-2723572 0 2 719 947
-2723851 16 2 191 1097
-2724907 0 2 199 13693
-2725915 2 2 311 1753
-2726803 32768 2 113 409
-2727571 12 1 35423
-2731123 8192 1 58109
-2732788 0 2 167 4091
-2733928 67108864 2 563 607
-2737651 4 2 113 3461
-2738827 20 1 30097
-2740411 2097152 2 137 241
-2741107 16384 1 51719
-2746228 512 1 22147
-2746948 0 1 686737
-2747443 0 2 1619 1697
-2749219 8 2 293 853
-2749627 128 1 119549
-2749651 0 2 227 12113
-2750755 6 1 78593
-2752627 0 2 929 2963
-2752852 0 2 127 5419
-2753752 33554432 2 107 3217
-2753827 16384 2 223 233
-2754355 2097154 1 6637
-2756692 0 2 103 6691
-2761012 128 1 30011
-2768872 67108864 2 283 1223
-2769691 32 2 191 853
-2770195 2 2 113 4903
-2770555 2 2 547 1013
-2770795 2 2 347 1597
-2771443 256 2 227 421
-2773267 4 1 396181
-2774995 34 1 32647
-2776555 524290 1 7607
-2776819 8388608 1 28627
-2778307 524292 1 5437
-2778667 1048608 1 2069
-2779252 4 1 99259
-2779435 130 1 24169
-2782228 0 2 349 1993
-2782387 0 2 167 16661
-2789395 6 1 79697
-2792107 64 1 146953
-2794867 4194816 1 1013
-2799067 32 2 229 719
-2800312 33554432 1 350039
-2801131 0 2 727 3853
-2803147 32 2 181 911
-2805268 65536 1 11497
-2807107 1048576 1 35533
-2808232 67108868 1 50147
-2810947 0 2 191 14717
-2811355 2 1 562271
-2811907 4 2 127 3163
-2813539 64 2 373 397
-2815891 16 1 216607
-2816851 532480 1 821
-2820955 2 1 564191
-2821051 8388608 2 127 229
-2821195 18 1 43403
-2821492 0 2 211 3343
-2821747 64 1 148513
-2822515 16386 1 10651
-2823835 6 1 80681
-2825587 262176 1 2341
-2826499 2064 1 5303
-2827192 50331648 1 3499
-2827195 6 1 80777
-2827339 32768 2 173 277
-2829451 2048 1 69011
-2830888 67174400 1 5801
-2831395 6 1 80897
-2831923 0 2 461 6143
-2833603 64 2 293 509
-2833987 16 2 277 787
-2839603 144 1 9497
-2841955 2 1 568391
-2843203 4104 1 6011
-2846587 0 2 181 15727
-2846923 1048576 1 36037
-2848792 33554464 1 20947
-2850907 0 2 1061 2687
-2851480 33554434 1 71287
-2851699 32 1 167747
-2852059 4 1 407437
-2856235 2 2 739 773
-2856835 2 2 743 769
-2857528 33554432 2 547 653
-2858692 0 1 714673
-2860795 6 1 81737
-2863939 48 1 12959
-2868403 98304 1 797
-2868952 33619968 1 5879
-2871403 0 2 977 2939
-2872228 4096 1 16699
-2872888 33554432 1 359111
-2876731 24 1 20117
-2878435 6 1 82241
-2880355 4098 1 13397
-2881147 40960 1 1039
-2881387 4096 2 113 593
-2881939 64 1 151681
-2883955 2 1 576791
-2885635 514 1 18617
-2885683 0 3 107 149 181
-2887483 0 2 523 5521
-2890699 1028 1 11161
-2892472 33554440 1 32869
-2892907 32 2 379 449
-2894035 2 2 193 2999
-2894515 18 1 44531
-2895652 0 1 723913
-2896840 67108866 1 72421
-2897923 4 2 173 2393
-2898523 0 3 103 107 263
-2899003 16777216 1 28703
-2899243 0 2 641 4523
-2900788 8 1 65927
-2901955 6 1 82913
-2906755 2 1 581351
-2908228 32768 1 12323
-2908867 16 1 223759
-2909428 0 2 109 6673
-2911252 256 1 25097
-2912452 0 1 728113
-2912539 4 1 416077
-2913892 32768 1 12347
-2914795 18 1 44843
-2915155 2 1 583031
-2916163 32 1 171539
-2919652 0 1 729913
-2920867 1048576 1 36973
-2921059 32 1 171827
-2921752 34078720 1 5003
-2922763 1048576 1 36997
-2924155 18 1 44987
-2925355 2 1 585071
-2928235 131074 1 8741
-2930107 0 2 401 7307
-2934628 0 2 467 1571
-2935483 512 1 94693
-2939083 4 2 293 1433
-2940088 33587200 1 6229
-2940715 2 2 727 809
-2941867 32 2 131 1321
-2942851 0 2 241 12211
-2944771 0 2 1291 2281
-2944963 4 2 257 1637
-2945272 33554440 1 33469
-2946163 8 1 267833
-2947771 0 2 1237 2383
-2948635 2 2 241 2447
-2950315 258 1 20347
-2950387 65544 1 4397
-2951947 32768 1 50033
-2952547 16 2 383 593
-2956948 8388608 1 7621
-2957032 67108880 1 28433
-2958148 64 1 38923
-2958403 8388612 1 4357
-2959588 0 2 139 5323
-2962579 1048576 1 37501
-2962603 4 1 423229
-2963995 2 2 137 4327
-2965843 64 2 139 1123
-2967067 1024 1 80191
-2968867 8 1 269897
-2973835 262146 1 8377
-2974195 6 1 84977
-2974435 2 2 577 1031
-2974708 8 1 67607
-2975083 2048 2 149 487
-2975515 2 2 397 1499
-2981092 0 1 745273
-2981155 2 1 596231
-2982868 4 1 106531
-2985019 0 2 163 18313
-2986243 16 1 229711
-2987539 128 1 129893
-2988715 4098 1 13901
-2989243 4194304 1 33587
-2989435 8194 1 12721
-2991955 130 1 26017
-2992819 9216 1 1721
-2994043 16 1 230311
-2994115 66 1 31517
-2994187 4 2 521 821
-2995195 6 1 85577
-2995723 32 2 313 563
-2996635 2 2 587 1021
-2996755 2 2 163 3677
-2997043 4 1 428149
-2997115 10 1 54493
-2998132 4096 1 17431
-3002467 16 1 230959
-3002755 6 1 85793
-3002995 130 1 26113
-3003547 128 1 130589
-3004852 32 1 44189
-3005587 2064 1 5639
-3006115 6 1 85889
-3010267 16 1 231559
-3010987 68 1 22639
-3011467 1024 2 199 409
-3013387 16 1 231799
-3016555 2 1 603311
-3017203 4 1 431029
-3019795 34 1 35527
-3020515 2 2 503 1201
-3020947 16384 1 56999
-3022051 0 2 227 13313
-3031435 10 1 55117
-3031912 67108880 1 29153
-3032203 512 1 97813
-3034168 33554432 2 347 1093
-3035683 8196 1 9227
-3039547 4 1 434221
-3040603 32 1 178859
-3040723 4 1 434389
-3041107 524288 1 41659
-3042232 33554432 2 163 2333
-3042883 256 2 317 331
-3043555 2 2 127 4793
-3044587 20 1 33457
-3049720 33554434 1 76243
-3052051 131072 1 45553
-3052228 0 2 523 1459
-3056323 0 2 263 11621
-3056563 16793600 1 571
-3058612 0 2 337 2269
-3058939 16 2 167 1409
-3067147 4096 1 71329
-3067348 2097152 1 9239
-3068347 32 1 180491
-3069283 16388 1 8273
-3074227 16 1 236479
-3074899 256 1 106031
-3076027 0 2 967 3181
-3077155 2 1 615431
-3078328 33554440 1 34981
-3079771 288 1 6247
-3081427 0 2 239 12893
-3081955 2 1 616391
-3082531 0 2 251 12281
-3083572 0 2 761 1013
-3083635 32770 1 10453
-3083899 20 1 33889
-3084307 2048 1 75227
-3090739 0 2 1117 2767
-3090907 16640 1 2011
-3091387 1040 1 6427
-3097252 0 1 774313
-3097348 0 1 774337
-3097768 67109376 1 12491
-3101587 0 2 1489 2083
-3101803 160 1 7933
-3106483 1024 2 113 743
-3108088 33554432 2 443 877
-3108787 8 1 282617
-3108955 2 2 373 1667
-3109348 8 1 70667
-3110755 2 1 622151
-3113467 4 2 157 2833
-3117955 2 1 623591
-3119587 16908288 1 461
-3121108 0 2 223 3499
-3127315 2 2 239 2617
-3128728 33554432 2 103 3797
-3130939 4 2 313 1429
-3132163 4224 1 3167
-3132292 4096 1 18211
-3135355 2 1 627071
-3136219 0 2 433 7243
-3136627 4194320 1 2711
-3136987 4 1 448141
-3139387 4096 1 73009
-3140152 33554432 1 392519
-3142723 524288 1 43051
-3145603 16384 1 59351
-3150379 128 1 136973
-3151219 2048 2 151 509
-3155467 4 2 353 1277
-3156595 18 1 48563
-3157003 128 2 317 433
-3158059 0 2 193 16363
-3159955 2 1 631991
-3164227 40 1 16921
-3170035 10 1 57637
-3170539 0 2 347 9137
-3170731 0 2 107 29633
-3172267 4 1 453181
-3175555 8194 1 13513
-3176347 0 2 887 3581
-3176683 8192 1 67589
-3179323 36 1 26717
-3182707 2056 1 7057
-3183499 136 1 12583
-3184723 576 1 5407
-3185203 4 2 293 1553
-3186787 0 2 479 6653
-3188971 0 2 1667 1913
-3189715 2 2 359 1777
-3195208 67108864 1 399401
-3196195 130 1 27793
-3196915 32770 1 10837
-3198307 4 1 456901
-3198715 18 1 49211
-3203683 4 1 457669
-3204883 8200 1 6199
-3213787 0 2 1447 2221
-3214603 4 1 459229
-3216595 1026 1 17387
-3217483 1024 1 86959
-3218548 0 2 547 1471
-3219955 2 1 643991
-3222067 4196352 1 883
-3222088 67108864 1 402761
-3222451 256 1 111119
-3222907 0 2 193 16699
-3223843 260 1 15881
-3224947 8 1 293177
-3227707 4 1 461101
-3228355 18 1 49667
-3228763 128 1 140381
-3229147 0 2 233 13859
-3231355 2 1 646271
-3232363 32 2 107 1777
-3233203 0 2 181 17863
-3237259 32 2 191 997
-3239608 33554432 1 404951
-3240115 34 1 38119
-3241795 131074 1 9677
-3243571 0 2 1427 2273
-3245188 0 1 811297
-3245755 2 1 649151
-3249460 2 1 162473
-3251443 131088 1 3733
-3251587 264192 1 1117
-3254392 33554432 2 331 1229
-3254755 6 1 92993
-3255043 8 2 199 1487
-3255352 33554432 2 149 2731
-3255928 33554448 1 31307
-3256147 512 1 105037
-3259027 8192 1 69341
-3259288 33570816 1 7687
-3263323 4 2 311 1499
-3265747 128 2 107 1327
-3265867 8 2 337 881
-3267283 0 2 487 6709
-3272131 0 2 1747 1873
-3272872 67109888 1 11057
-3273787 8 1 297617
-3273907 20 1 35977
-3276772 4096 1 19051
-3279043 32768 2 149 373
-3280435 16386 1 12379
-3280483 64 1 172657
-3286507 4 1 469501
-3288187 4 2 113 4157
-3288235 66 1 34613
-3290632 67109888 1 11117
-3293179 0 2 311 10589
-3293947 0 2 317 10391
-3294163 64 2 281 617
-3295219 4096 2 197 389
-3296995 18 1 50723
-3297643 32 1 193979
-3299272 67109120 1 14221
-3302539 32 1 194267
-3306043 144 1 11057
-3306067 0 2 709 4663
-3307507 4194308 1 5309
-3308152 33619968 1 6779
-3314587 8388608 1 34171
-3314755 2 1 662951
-3314947 0 2 1259 2633
-3316168 67108864 1 414521
-3317683 8192 1 70589
-3319435 6 1 94841
-3324955 16386 1 12547
-3325315 6 1 95009
-3325732 0 1 831433
-3331003 4194320 1 2879
-3332443 0 2 179 18617
-3334867 0 2 131 25457
-3336043 0 2 151 22093
-3336568 33587200 1 7069
-3337555 18 1 51347
-3338491 262160 1 3617
-3340363 16 2 263 977
-3342163 264 1 10477
-3342403 0 2 919 3637
-3343027 128 1 145349
-3343747 40 1 17881
-3347083 0 2 157 21319
-3349507 8388612 1 4933
-3350251 64 1 176329
-3356587 528 1 8329
-3356728 33554432 1 419591
-3359035 130 1 29209
-3361915 2097154 1 8101
-3362395 131074 1 10037
-3367123 64 1 177217
-3368155 6 1 96233
-3369832 67239936 1 6287
-3370483 524288 1 46171
-3371908 0 1 842977
-3377515 2 2 373 1811
-3379747 260 1 16649
-3381739 0 2 787 4297
-3383443 2052 1 11789
-3384859 512 2 137 797
-3385027 0 2 193 17539
-3386299 4 1 483757
-3390907 32784 1 4421
-3394267 2048 1 82787
-3398299 0 2 439 7741
-3400243 12 1 44159
-3404515 66 1 35837
-3405355 34 1 40063
-3405571 16 2 241 1087
-3405667 8192 1 72461
-3405928 67108864 2 271 1571
-3406963 4 2 181 2689
-3409219 8 1 309929
-3409795 2 2 263 2593
-3412243 131072 1 50929
-3412627 0 2 617 5531
-3412915 10 1 62053
-3414328 33554432 2 173 2467
-3415339 128 2 163 911
-3418027 4352 1 2741
-3421507 256 2 127 929
-3422923 4 2 241 2029
-3427348 0 2 307 2791
-3427972 0 1 856993
-3428467 260 1 16889
-3429211 0 2 113 30347
-3431467 48 1 15527
-3431827 4 2 521 941
-3433987 0 2 883 3889
-3434323 32 2 269 751
-3434347 16388 1 9257
-3435448 33554432 1 429431
-3439267 16 1 264559
-3440035 34 1 40471
-3441523 0 2 739 4657
-3442915 6 1 98369
-3447163 0 2 1721 2003
-3450403 8 2 181 1733
-3453235 2 2 599 1153
-3454648 33554432 1 431831
-3458683 8192 1 73589
-3461035 2 2 631 1097
-3462292 131072 1 12919
-3469243 0 2 257 13499
-3471235 16386 1 13099
-3471715 18 1 53411
-3472987 2052 1 12101
-3473515 2 2 293 2371
-3475003 1028 1 13417
-3477883 4352 1 2789
-3482803 0 2 179 19457
-3482923 0 2 139 25057
-3484072 67108864 2 397 1097
-3490987 1024 1 94351
-3492307 20 1 38377
-3493795 2 2 197 3547
-3493963 8 2 191 1663
-3498667 262144 1 49277
-3506107 8 1 318737
-3509755 2 1 701951
-3510067 8 1 319097
-3515227 0 2 557 6311
-3518155 2 1 703631
-3520168 67108928 1 23159
-3521107 4194304 1 39563
-3522547 4 2 107 4703
-3526219 512 1 113749
-3526555 2 2 823 857
-3528187 16 2 127 2137
-3529027 0 2 173 20399
-3530035 2 2 229 3083
-3537592 33554432 2 229 1931
-3538795 18 1 54443
-3538963 1048576 1 44797
-3539755 2 1 707951
-3541363 16777220 1 5009
-3542212 0 1 885553
-3543307 65792 1 2003
-3543667 32 2 149 1399
-3543688 67108864 1 442961
-3544699 256 1 122231
-3544723 20 1 38953
-3546067 4 2 587 863
-3549427 4 2 257 1973
-3552067 0 2 1319 2693
-3553027 0 2 1823 1949
-3553771 16 1 273367
-3553795 6 1 101537
-3554683 40 1 19009
-3558355 34 1 41863
-3559243 0 2 331 10753
-3560155 2 2 587 1213
-3560395 34 1 41887
-3560947 16 1 273919
-3561307 0 2 709 5023
-3562243 32768 2 173 349
-3564520 67108866 1 89113
-3564955 524290 1 9767
-3565555 6 1 101873
-3566392 33554432 1 445799
-3569155 2 1 713831
-3570763 4100 1 11863
-3575995 8194 1 15217
-3579955 2 1 715991
-3581227 2064 1 6719
-3581572 0 1 895393
-3582811 64 2 269 701
-3586243 4096 1 83401
-3590683 262144 2 103 491
-3591763 4 1 513109
-3592555 2 1 718511
-3595483 32 1 211499
-3597715 10 1 65413
-3597763 16 2 109 2539
-3598987 260 1 17729
-3602692 0 1 900673
-3604243 64 1 189697
-3606907 32 2 331 641
-3607267 0 2 197 18311
-3607747 24 1 25229
-3611107 0 2 257 14051
-3611155 16386 1 13627
-3612043 4096 2 167 503
-3614788 64 1 47563
-3615880 67108866 1 90397
-3616963 4 1 516709
-3619867 256 1 124823
-3622312 67108928 1 23831
-3623083 0 2 1499 2417
-3631912 71303168 1 5101
-3634003 0 2 283 12841
-3638347 128 1 158189
-3647203 32772 1 8831
-3651715 1026 1 19739
-3651988 0 2 211 4327
-3652363 24 1 25541
-3652603 1056 1 5807
-3654643 32 2 179 1201
-3661003 0 2 199 18397
-3666307 131072 1 54721
-3669355 2 1 733871
-3669955 2 1 733991
-3670459 16 2 331 853
-3672355 2 1 734471
-3672859 0 2 587 6257
-3674995 4098 1 17093
-3676627 0 2 107 34361
-3677755 8388610 1 7583
-3679723 256 2 223 569
-3680347 40 1 19681
-3684883 0 2 199 18517
-3688483 2048 1 89963
-3690283 0 2 149 24767
-3691387 516 1 17011
-3695563 73728 1 1289
-3695659 8 2 191 1759
-3697267 68 1 27799
-3700195 16386 1 13963
-3700315 514 1 23873
-3702667 4194304 1 41603
-3702955 2 1 740591
-3703003 0 2 251 14753
-3704968 67108864 2 173 2677
-3705235 34 1 43591
-3706963 16 1 285151
-3710443 8 1 337313
-3712948 65536 1 15217
-3712987 1056 1 5903
-3716155 131074 1 11093
-3718843 0 2 1619 2297
-3721723 0 2 787 4729
-3723955 2 1 744791
-3736315 10 1 67933
-3738163 24 1 26141
-3740452 0 1 935113
-3741427 0 2 421 8887
-3743227 128 1 162749
-3744763 8 2 277 1229
-3746827 4 2 241 2221
-3749428 4096 1 21799
-3750091 0 2 479 7829
-3751555 2 1 750311
-3752872 67141632 1 7951
-3756523 4096 2 199 439
-3760267 4 1 537181
-3760867 8 2 229 1493
-3761608 67108864 1 470201
-3762763 32 2 211 1049
-3762907 65536 1 61687
-3768328 67108864 1 471041
-3770707 1024 2 223 457
-3772867 4 2 157 3433
-3773203 8388612 1 5557
-3773587 128 2 191 859
-3773995 2 2 173 4363
-3774187 32 1 222011
-3775195 524290 1 10343
-3776203 512 2 181 673
-3776323 0 2 1609 2347
-3778027 2056 1 8377
-3779059 16384 2 113 631
-3779587 1028 1 14593
-3781555 2 2 487 1553
-3782395 2 2 353 2143
-3783163 32 2 139 1601
-3789043 128 2 151 1091
-3791188 2048 1 23117
-3792835 2 2 359 2113
-3794728 67108868 1 67763
-3795763 64 1 199777
-3798712 33554432 1 474839
-3799363 0 2 389 9767
-3801787 1032 1 9341
-3802555 2 1 760511
-3805972 32768 1 16127
-3808387 8 1 346217
-3811867 0 2 149 25583
-3813547 64 1 200713
-3816715 6 1 109049
-3820747 524292 1 7477
-3821155 18 1 58787
-3825547 8 2 457 761
-3832987 0 2 127 30181
-3837892 0 1 959473
-3838267 524288 1 52579
-3839563 20 1 42193
-3841123 24 1 26861
-3845803 16 1 295831
-3849547 272 1 10211
-3852955 2 1 770591
-3853963 0 2 269 14327
-3854995 2 2 113 6823
-3856843 1024 1 104239
-3859867 40 1 20641
-3860323 0 2 1051 3673
-3863923 65540 1 9049
-3864427 4 2 277 1993
-3864907 0 2 137 28211
-3868195 2 2 137 5647
-3868603 16777216 1 38303
-3869035 258 1 26683
-3869707 0 2 647 5981
-3869755 2 1 773951
-3871939 1024 2 227 461
-3873508 0 1 968377
-3877435 2 2 103 7529
-3878227 32 1 228131
-3878851 0 2 887 4373
-3881035 66 1 40853
-3881923 0 2 131 29633
-3883555 18 1 59747
-3884035 1048578 1 9833
-3885067 8192 2 131 631
-3893923 136 1 15391
-3894115 2 2 149 5227
-3894808 33554432 2 439 1109
-3896755 2 1 779351
-3899683 0 2 103 37861
-3899707 516 1 17971
-3906163 4096 1 90841
-3907387 16777224 1 3517
-3907528 67108864 1 488441
-3912427 0 2 271 14437
-3917803 32 2 317 727
-3918115 1026 1 21179
-3918163 1048576 1 49597
-3924292 0 1 981073
-3924427 16 2 127 2377
-3930523 0 2 127 30949
-3933307 36 1 33053
-3936835 6 1 112481
-3940603 16384 2 149 499
-3941323 16777216 1 39023
-3945715 2 2 617 1279
-3947563 2097152 2 199 239
-3954043 0 2 1429 2767
-3954595 16386 1 14923
-3954787 8388608 1 40771
-3954883 0 2 971 4073
-3958648 33554432 2 443 1117
-3958795 4098 1 18413
-3959827 4128 1 5417
-3960808 67109376 1 15971
-3960859 4100 1 13159
-3966187 0 2 113 35099
-3969595 6 1 113417
-3970243 0 2 151 26293
-3970891 2048 1 96851
-3972235 66 1 41813
-3975643 4 1 567949
-3975907 16 1 305839
-3984883 4 1 569269
-3985048 33555456 1 13463
-3990787 4096 1 92809
-3995635 6 1 114161
-3999643 262144 1 56333
-4000243 16 1 307711
-4003843 4194304 1 44987
-4004083 0 2 919 4357
-4005115 34 1 47119
-4009027 8 2 281 1297
-4009747 4 1 572821
-4010467 1024 2 107 1013
-4010827 32 2 131 1801
-4011907 64 1 211153
-4014355 2 2 283 2837
-4014523 4198400 1 1049
-4016947 40 1 21481
-4020427 8192 2 113 757
-4026355 2 1 805271
-4026547 4 2 131 4391
-4029811 256 1 138959
-4031443 16 1 310111
-4033747 4259840 1 743
-4034563 16 2 503 617
-4036792 33554432 1 504599
-4038067 8 1 367097
-4039732 0 2 353 2861
-4042459 64 2 137 1553
-4042483 0 2 109 37087
-4043572 16 1 77761
-4044280 33554434 1 101107
-4044835 2 2 113 7159
-4047163 2097152 1 48761
-4052563 8390656 1 1019
-4052755 6 1 115793
-4057387 0 2 727 5581
-4057435 514 1 26177
-4059955 2 1 811991
-4064827 16 1 312679
-4065763 16 2 149 2099
-4069195 18 1 62603
-4069507 262160 1 4409
-4071412 4096 1 23671
-4074067 32 2 367 653
-4075843 8388608 1 42019
-4081435 262146 1 11497
-4082947 8 1 371177
-4083403 256 2 139 1013
-4088155 16386 1 15427
-4088683 512 1 131893
-4091035 18 1 62939
-4095283 32 1 240899
-4096555 2 1 819311
-4097107 4 2 277 2113
-4100035 2 2 109 7523
-4101091 65536 1 67231
-4101787 0 2 113 36299
-4108531 4 1 586933
-4110355 2 2 127 6473
-4111528 67125248 1 9697
-4114387 0 2 1471 2797
-4120027 0 2 419 9833
-4120123 65540 1 9649
-4120579 1056 1 6551
-4121443 2048 1 100523
-4122283 8 1 374753
-4125067 32 2 167 1453
-4125667 20 1 45337
-4127923 32 1 242819
-4129195 6 1 117977
-4129267 0 2 661 6247
-4132843 24 1 28901
-4133707 0 2 149 27743
-4144123 16384 1 78191
-4151827 0 3 103 173 233
-4159507 8 1 378137
-4160683 0 2 227 18329
-4166155 6 1 119033
-4170067 8 1 379097
-4170523 516 1 19219
-4174123 1048576 1 52837
-4176427 0 2 821 5087
-4178227 0 2 347 12041
-4181467 2048 1 101987
-4182067 128 2 349 521
-4186312 67108880 1 40253
-4189123 544 1 7949
-4189387 0 2 409 10243
-4190563 16 1 322351
-4192435 18 1 64499
-4193659 128 1 182333
-4206955 2 1 841391
-4208563 128 1 182981
-4214995 2 2 367 2297
-4220155 130 1 36697
-4224595 8194 1 17977
-4226035 10 1 76837
-4236355 2 1 847271
-4238392 33554432 2 523 1013
-4238467 4096 2 241 409
-4244587 0 2 521 8147
-4251307 64 1 223753
-4256683 0 2 617 6899
-4259083 0 2 113 37691
-4260235 6 1 121721
-4263883 16 2 431 761
-4264843 8 2 109 3557
-4267048 83886080 1 5281
-4270003 64 1 224737
-4278547 20 1 47017
-4287907 16 2 499 661
-4293283 512 1 138493
-4296403 1024 2 151 769
-4296643 131088 1 4933
-4296835 34 1 50551
-4309627 4 1 615661
-4313347 0 2 929 4643
-4313827 4 1 616261
-4318867 36 1 36293
-4320163 64 1 227377
-4333747 8 1 393977
-4337188 0 1 1084297
-4340923 256 2 181 827
-4343035 8194 1 18481
-4349755 2 1 869951
-4353523 0 3 131 167 199
-4354987 20 1 47857
-4369555 2 2 167 5233
-4369747 128 1 189989
-4370683 32 1 257099
-4376563 0 2 1697 2579
-4377163 68 1 32911
-4378168 33554432 1 547271
-4380187 4 2 173 3617
-4380907 0 2 193 22699
-4393363 16 2 331 1021
-4400467 32 2 313 827
-4402363 4 1 628909
-4405843 16 2 227 1493
-4405963 0 2 1657 2659
-4409203 131072 1 65809
-4414435 2 2 433 2039
-4416283 1024 1 119359
-4420243 65536 2 233 311
-4426867 64 2 151 1543
-4427923 256 2 179 853
-4428547 16777216 2 163 269
-4429363 128 1 192581
-4433227 128 1 192749
-4433443 4 2 127 4987
-4449043 1048576 2 199 283
-4449427 32 2 227 1153
-4463083 4194304 1 50147
-4465435 18 1 68699
-4477027 16777280 1 2333
-4478923 4096 1 104161
-4481107 1024 2 281 431
-4483627 0 2 457 9811
-4498123 4 2 313 2053
-4498195 18 1 69203
-4499467 132 1 27947
-4500115 514 1 29033
-4501555 16386 1 16987
-4502947 0 2 659 6833
-4518283 12 1 58679
-4518523 64 2 163 1459
-4521187 264 1 14173
-4532152 33554432 2 397 1427
-4538395 2 2 193 4703
-4544323 524292 1 8893
-4545172 0 2 569 1997
-4551955 2 2 383 2377
-4556563 8 2 401 1033
-4560907 1048592 1 4441
-4563787 0 2 139 32833
-4565467 1024 2 163 757
-4566067 8 1 415097
-4567747 4194336 1 3019
-4568083 16 1 351391
-4568635 8194 1 19441
-4569112 33554432 2 439 1301
-4569763 8200 1 8839
-4578715 66 1 48197
-4583035 2 2 131 6997
-4587955 2 1 917591
-4591027 68 1 34519
-4592107 1040 1 9547
-4593883 1028 1 17737
-4601587 32896 1 3391
-4604803 4 2 397 1657
-4607827 4 1 658261
-4607923 16781312 1 1061
-4608643 16 2 241 1471
-4609867 1152 1 5417
-4610467 4194304 1 51803
-4613323 24 1 32261
-4622203 0 2 743 6221
-4622395 16386 1 17443
-4625923 0 2 431 10733
-4629067 256 1 159623
-4636027 264 1 14533
-4637227 4 2 773 857
-4638067 4 2 353 1877
-4639507 256 2 157 1019
-4640155 18 1 71387
-4642747 16384 2 251 349
-4644763 2097152 2 107 523
-4646203 8388672 1 2521
-4647427 512 2 197 761
-4648123 1048608 1 3461
-4651315 2 2 179 5197
-4653883 16 2 271 1321
-4655347 0 2 131 35537
-4657555 6 1 133073
-4658203 524296 1 5801
-4660747 20 1 51217
-4666435 2 2 797 1171
-4670107 16 2 149 2411
-4671883 0 2 233 20051
-4675867 36 1 39293
-4676107 128 1 203309
-4676347 16 1 359719
-4684507 64 2 373 661
-4685923 8 2 313 1361
-4687195 2 2 587 1597
-4687288 33554432 1 585911
-4687963 32772 1 11351
-4692667 132 1 29147
-4692955 2 1 938591
-4697443 16384 2 263 337
-4699507 512 1 151597
-4699627 0 2 1483 3169
-4699723 4 2 683 983
-4700347 32 2 283 977
-4702987 2048 2 251 457
-4704067 0 2 1913 2459
-4705243 32 1 276779
-4705963 4096 1 109441
-4707067 0 2 499 9433
-4707523 0 2 523 9001
-4709707 0 2 1489 3163
-4717027 262148 1 9491
-4717603 8 1 428873
-4719787 8192 2 137 733
-4728187 0 2 1069 4423
-4735795 2 2 383 2473
-4736755 2 1 947351
-4739707 4 2 431 1571
-4740235 2 2 131 7237
-4741048 33554448 1 45587
-4743355 2 1 948671
-4743523 0 2 947 5009
-4744987 16 2 383 953
-4745227 32 1 279131
-4746235 18 1 73019
-4746907 8 2 439 983
-4747843 0 2 821 5783
-4753435 4098 1 22109
-4753483 4 2 127 5347
-4761163 8 1 432833
-4761667 128 1 207029
-4765483 16777472 1 1627
-4766827 524304 1 5023
-4769083 8 2 491 883
-4769347 8 1 433577
-4769587 8388608 1 49171
-4777747 16 1 367519
-4778995 18 1 73523
-4783963 0 3 127 139 271
-4785427 4096 2 109 1021
-4787512 33554432 1 598439
-4792132 0 1 1198033
-4792627 260 1 23609
-4803115 2 2 131 7333
-4805923 0 2 2039 2357
-4809403 0 2 131 36713
-4810507 48 1 21767
-4814587 32 1 283211
-4815187 16 1 370399
-4815427 0 2 643 7489
-4815955 2 1 963191
-4818283 16384 1 90911
-4824667 0 2 109 44263
-4825195 34 1 56767
-4825867 64 1 253993
-4826083 17039360 1 673
-4832683 512 1 155893
-4844107 64 2 193 1321
-4845883 4 1 692269
-4846963 1032 1 11909
-4847572 128 1 52691
-4853443 4 2 109 6361
-4853947 4 1 693421
-4857763 0 2 577 8419
-4862683 132 1 30203
-4870987 8 1 442817
-4873867 0 2 593 8219
-4875523 147456 1 1373
-4879147 20 1 53617
-4879483 4 1 697069
-4886968 33554432 2 421 1451
-4893043 128 2 229 929
-4897843 0 2 241 20323
-4902403 8 2 349 1277
-4903483 524304 1 5167
-4904827 65536 1 80407
-4909507 4194304 1 55163
-4912747 4 2 269 2609
-4917187 8200 1 9511
-4923235 8388610 1 10151
-4928155 2 1 985631
-4944427 64 2 433 601
-4945003 4 2 109 6481
-4950523 0 2 199 24877
-4950667 0 2 467 10601
-4951843 16400 1 7187
-4953307 32 1 291371
-4956883 256 1 170927
-4967323 256 2 157 1091
-4968715 258 1 34267
-4969363 4 1 709909
-4969651 18432 1 2287
-4973683 24 1 34781
-4975243 20 1 54673
-4981867 40 1 26641
-4991107 8 1 453737
-5000683 128 1 217421
-5009323 8 1 455393
-5013187 0 2 2069 2423
-5020603 4 1 717229
-5025163 24 1 35141
-5026939 0 2 199 25261
-5028067 8 1 457097
-5029915 10 1 91453
-5030635 32770 1 17053
-5038483 0 2 1231 4093
-5051755 2 2 367 2753
-5052523 4 2 191 3779
-5053315 2 2 337 2999
-5055043 4 1 722149
-5057347 32 2 521 571
-5066755 2 2 257 3943
-5074483 544 1 9629
-5075323 8 1 461393
-5080987 0 2 1193 4259
-5085403 16384 2 229 419
-5103235 2 2 379 2693
-5106259 1024 1 138007
-5108755 34 1 60103
-5109787 65536 2 211 397
-5110792 67108864 2 109 5861
-5110891 2097152 2 139 443
-5115163 0 2 1873 2731
-5115307 0 2 809 6323
-5118547 36 1 43013
-5131603 1048608 1 3821
-5133403 8 1 466673
-5134915 2 2 239 4297
-5136763 0 2 179 28697
-5142643 16392 1 8821
-5143627 16777216 2 127 401
-5146747 2129920 1 1051
-5154667 4 1 736381
-5156923 131136 1 4051
-5157763 1040 1 10723
-5158099 65536 1 84559
-5159155 2 1 1031831
-5161507 272 1 13691
-5163403 4 1 737629
-5163643 0 2 457 11299
-5169595 130 1 44953
-5170147 192 1 11831
-5170243 16 2 137 2903
-5173987 20 1 56857
-5194627 0 2 191 27197
-5196115 2 2 131 7933
-5196283 0 2 257 20219
-5202163 1152 1 6113
-5204563 20 1 57193
-5210395 2 2 223 4673
-5218147 1032 1 12821
-5223883 4 2 661 1129
-5226523 262144 1 73613
-5236267 64 1 275593
-5239723 32 1 308219
-5240083 65536 1 85903
-5245387 68 1 39439
-5248483 0 2 373 14071
-5250547 0 2 383 13709
-5250763 16388 1 14153
-5252443 4 2 137 5477
-5263195 6 1 150377
-5271187 0 2 613 8599
-5272243 2097152 1 63521
-5276083 0 2 113 46691
-5278795 2 2 113 9343
-5286547 4 2 773 977
-5291995 131074 1 15797
-5294755 2 1 1058951
-5299747 0 2 229 23143
-5302123 2097152 2 127 503
-5310403 4 1 758629
-5312587 4 1 758941
-5313667 128 2 103 2243
-5325835 2 2 193 5519
-5328667 32 2 463 677
-5343892 524288 1 18301
-5346643 256 2 331 557
-5348083 8208 1 8753
-5360467 4 1 765781
-5375227 24 1 37589
-5377387 0 2 137 39251
-5377723 16 2 499 829
-5379187 8 2 293 1669
-5395723 16779264 1 1303
-5408203 0 2 619 8737
-5408995 8194 1 23017
-5412355 18 1 83267
-5426803 0 2 233 23291
-5427643 16 1 417511
-5430163 2304 1 4567
-5433355 2 2 277 3923
-5434027 0 2 331 16417
-5438827 32 1 319931
-5444707 8388608 1 56131
-5446435 2 2 137 7951
-5453827 65792 1 3083
-5463283 4 1 780469
-5467267 131088 1 6277
-5476507 128 1 238109
-5477635 2 2 293 3739
-5480467 1048576 2 173 401
-5490907 0 2 397 13831
-5493139 2048 1 133979
-5495107 16779264 1 1327
-5496043 4 2 769 1021
-5496187 64 1 289273
-5499643 1024 1 148639
-5500555 2 2 617 1783
-5505043 0 2 107 51449
-5505523 0 2 331 16633
-5509627 128 2 421 569
-5511787 0 2 227 24281
-5516323 32768 1 93497
-5521987 32768 2 173 541
-5524387 8 1 502217
-5524612 0 1 1381153
-5531467 16777216 1 54767
-5536003 8 2 613 821
-5544043 1024 1 149839
-5544235 2 2 233 4759
-5544907 32 1 326171
-5546923 512 1 178933
-5547523 65536 2 199 457
-5551123 2105344 1 1423
-5557147 32 2 109 2999
-5576083 0 2 293 19031
-5577763 2048 1 136043
-5590603 8224 1 6997
-5590795 6 1 159737
-5593963 0 2 491 11393
-5596123 1048592 1 5449
-5596915 16777218 1 11083
-5602003 8 2 607 839
-5602027 32 2 229 1439
-5602387 4 2 313 2557
-5610787 20 1 61657
-5617483 64 2 173 1709
-5620363 4 1 802909
-5621995 2 2 317 3547
-5628043 65536 2 257 359
-5633947 8 2 239 2143
-5634715 514 1 36353
-5641507 0 2 211 26737
-5641603 40 1 30169
-5642707 2052 1 19661
-5642827 524320 1 4547
-5648563 4194304 1 63467
-5657323 65540 1 13249
-5669035 65538 1 18587
-5693755 2 1 1138751
-5695267 0 2 151 37717
-5700403 1081344 1 1223
-5706523 0 2 1879 3037
-5718355 4098 1 26597
-5722747 0 2 127 45061
-5726155 131074 1 17093
-5727787 16 2 593 743
-5732563 0 2 521 11003
-5733787 0 2 199 28813
-5734435 6 1 163841
-5738203 0 2 179 32057
-5750035 514 1 37097
-5752987 32 1 338411
-5753995 18 1 88523
-5759707 512 1 185797
-5766763 1048576 1 72997
-5768947 0 2 1663 3469
-5769355 2 1 1153871
-5772523 64 1 303817
-5779123 4 2 661 1249
-5779768 33554432 2 709 1019
-5780107 8320 1 5347
-5785627 160 1 14797
-5792707 0 2 563 10289
-5805787 16 2 197 2267
-5822947 528 1 14449
-5825827 4 2 431 1931
-5845963 1024 1 157999
-5854627 128 2 457 557
-5868403 25165824 1 599
-5878147 8 2 113 4729
-5880667 16 2 317 1427
-5884363 32 1 346139
-5886532 0 1 1471633
-5888563 131072 2 179 491
-5892595 2 2 167 7057
-5898547 10240 1 3061
-5899147 0 2 349 16903
-5902507 16 1 454039
-5903923 0 2 401 14723
-5903947 36 1 49613
-5904787 516 1 27211
-5912923 32 2 109 3191
-5920315 130 1 51481
-5942827 2056 1 13177
-5950123 65664 1 4241
-5959507 128 2 113 2293
-5962315 2 2 1091 1093
-5973115 2 2 509 2347
-5980027 0 2 1669 3583
-5988763 136 1 23671
-5989963 4 1 855709
-6000547 4 1 857221
