-30239 8 1 2749
-33239 4096 1 773
-37919 4 1 5417
-38015 2 1 7603
-41279 4 1 5897
-48215 2 1 9643
-53807 16 1 4139
-66527 262144 1 937
-73199 4 1 10457
-85727 32768 1 1453
-88436 0 1 22109
-89135 2 1 17827
-89927 64 1 4733
-95159 4096 1 2213
-96647 0 2 127 761
-101735 2 1 20347
-104735 2 1 20947
-117031 1024 1 3163
-122359 1024 1 3307
-122903 8 1 11173
-123199 32 1 7247
-123871 8 1 11261
-127039 8 1 11549
-129647 4 1 18521
-133367 16 1 10259
-135335 2 1 27067
-151087 128 1 6569
-154664 67108864 1 19333
-158996 0 1 39749
-159047 4 1 22721
-160831 8 1 14621
-162511 0 2 163 997
-163316 0 1 40829
-166484 0 1 41621
-174644 0 1 43661
-176024 33554432 1 22003
-182071 0 2 163 1117
-182815 2 1 36563
-187087 65536 1 3067
-188183 0 2 227 829
-191924 0 1 47981
-200071 256 1 6899
-204727 16777216 1 2027
-205831 1024 1 5563
-213236 0 1 53309
-215791 512 1 6961
-217076 0 1 54269
-217135 2 1 43427
-218431 128 1 9497
-225727 16384 1 4259
-227816 67108864 1 28477
-229556 0 1 57389
-231151 8388608 1 2383
-231464 67108864 1 28933
-233927 0 2 223 1049
-235735 2 1 47147
-237611 8 1 21601
-242239 1024 1 6547
-243127 1024 1 6571
-247211 0 2 269 919
-248023 0 2 197 1259
-248564 0 1 62141
-249611 32 1 14683
-254311 128 1 11057
-255751 256 1 8819
-257959 16 1 19843
-261679 8 1 23789
-265015 2 1 53003
-265367 0 2 263 1009
-267487 8 1 24317
-267731 1048576 1 3389
-268711 0 2 379 709
-269099 32768 1 4561
-270731 64 1 14249
-271951 0 2 151 1801
-273103 1048576 1 3457
-281771 4 1 40253
-283496 67108864 1 35437
-288872 67108864 1 36109
-295832 33554432 1 36979
-302228 0 1 75557
-304159 0 2 103 2953
-305239 8 1 27749
-305623 0 2 131 2333
-305684 0 1 76421
-307316 0 1 76829
-307571 8 1 27961
-307739 0 2 439 701
-314767 16384 1 5939
-317939 0 2 349 911
-319892 0 1 79973
-320084 0 1 80021
-320263 32 1 18839
-328663 0 2 137 2399
-331988 0 1 82997
-333247 128 1 14489
-337268 0 1 84317
-340148 0 1 85037
-341144 33554432 1 42643
-346328 33554432 1 43291
-346879 16 1 26683
-349235 2 1 69847
-353383 0 2 193 1831
-356404 0 1 89101
-358619 65536 1 5879
-363416 33554432 1 45427
-365219 524288 1 5003
-365483 32 1 21499
-372583 0 2 229 1627
-373976 33554432 1 46747
-374743 0 2 251 1493
-377579 0 2 491 769
-378659 0 2 277 1367
-380815 2 1 76163
-384127 0 2 281 1367
-389315 2 1 77863
-397396 0 1 99349
-398647 16777216 1 3947
-399611 65536 1 6551
-399956 0 1 99989
-401815 2 1 80363
-403763 524288 1 5531
-403999 256 1 13931
-404219 2048 1 9859
-404468 0 1 101117
-408535 2 1 81707
-413171 8 1 37561
-413291 262144 1 5821
-413507 0 2 389 1063
-415739 64 1 21881
-417304 33554432 1 52163
-418868 0 1 104717
-425435 2 1 85087
-429812 0 1 107453
-430715 2 1 86143
-432779 0 2 457 947
-434099 0 2 107 4057
-435535 2 1 87107
-442811 0 2 257 1723
-445615 2 1 89123
-446411 4 1 63773
-451063 262144 1 6353
-451091 0 2 317 1423
-454868 0 1 113717
-464839 0 2 103 4513
-464887 0 2 397 1171
-465076 0 1 116269
-467416 33554432 1 58427
-467767 0 2 167 2801
-469748 0 1 117437
-470312 67108864 1 58789
-470767 8 1 42797
-483299 128 1 21013
-485288 67108864 1 60661
-488647 0 2 109 4483
-489947 8388608 1 5051
-491047 0 2 569 863
-495415 2 1 99083
-500372 0 1 125093
-500411 128 1 21757
-501491 0 2 503 997
-501608 67108864 1 62701
-510607 131072 1 7621
-512104 67108864 1 64013
-514835 2 1 102967
-522856 67108864 1 65357
-527656 67108864 1 65957
-528856 33554432 1 66107
-531515 2 1 106303
-532423 32 1 31319
-544276 0 1 136069
-546932 0 1 136733
-548747 1024 1 14831
-548888 33554432 1 68611
-551828 0 1 137957
-551939 32 1 32467
-552371 0 2 223 2477
-552788 0 1 138197
-580852 0 1 145213
-581912 33554432 1 72739
-583384 33554432 1 72923
-590147 512 1 19037
-593167 0 2 197 3011
-593843 1048576 1 7517
-594011 8 1 54001
-596776 67108864 1 74597
-599483 16384 1 11311
-601204 0 1 150301
-604456 67108864 1 75557
-605315 2 1 121063
-605627 8 1 55057
-608372 0 1 152093
-608815 2 1 121763
-609304 33554432 1 76163
-613859 0 2 107 5737
-614579 4 1 87797
-618727 4096 1 14389
-625783 2048 1 15263
-627223 512 1 20233
-633076 0 1 158269
-634615 2 1 126923
-636127 0 2 617 1031
-636659 1024 1 17207
-638887 0 2 131 4877
-645415 2 1 129083
-647027 65536 1 10607
-660487 1024 1 17851
-660568 33554432 1 82571
-661307 524288 1 9059
-662699 128 1 28813
-665716 0 1 166429
-667412 0 1 166853
-667939 32768 1 11321
-669499 0 2 107 6257
-671435 2 1 134287
-673547 4 1 96221
-676835 2 1 135367
-677267 1048576 1 8573
-677972 0 1 169493
-687467 8 1 62497
-688715 2 1 137743
-692363 4 1 98909
-696308 0 1 174077
-696664 33554432 1 87083
-698851 0 2 619 1129
-699347 8 1 63577
-699535 2 1 139907
-702035 2 1 140407
-702467 256 1 24223
-705652 0 1 176413
-707771 0 2 127 5573
-717847 16 1 55219
-721807 16384 1 13619
-728623 4 1 104089
-729035 2 1 145807
-731944 67108864 1 91493
-735316 0 1 183829
-740699 0 2 409 1811
-753107 1048576 1 9533
-753131 0 2 197 3823
-756244 0 1 189061
-757691 8 1 68881
-759827 0 2 659 1153
-761699 0 2 163 4673
-765652 0 1 191413
-767743 0 2 271 2833
-768424 67108864 1 96053
-774227 0 2 109 7103
-775691 4 1 110813
-776339 32 1 45667
-779732 0 1 194933
-784984 33554432 1 98123
-787624 67108864 1 98453
-788335 2 1 157667
-791939 64 1 41681
-793087 0 2 367 2161
-801035 2 1 160207
-802307 8 1 72937
-803051 16777216 1 7951
-804376 33554432 1 100547
-805235 2 1 161047
-806836 0 1 201709
-807059 8 1 73369
-811864 33554432 1 101483
-813103 0 2 157 5179
-814523 256 1 28087
-815843 4 1 116549
-821531 512 1 26501
-825463 0 2 739 1117
-825844 0 1 206461
-828203 0 2 163 5081
-829667 0 2 229 3623
-835348 0 1 208837
-846292 0 1 211573
-850088 67108864 1 106261
-854435 2 1 170887
-858203 131072 1 12809
-858472 67108864 1 107309
-858964 0 1 214741
-861683 0 2 251 3433
-868456 67108864 1 108557
-874187 0 2 283 3089
-881267 65536 1 14447
-883819 1024 1 23887
-884915 2 1 176983
-887147 131072 1 13241
-889835 2 1 177967
-893371 0 2 467 1913
-900008 67108864 1 112501
-900347 4 1 128621
-900499 0 2 769 1171
-901283 1024 1 24359
-906676 0 1 226669
-906979 131072 1 13537
-907252 0 1 226813
-908387 1024 1 24551
-911123 16384 1 17191
-912259 0 2 337 2707
-915583 8388608 1 9439
-917387 0 2 409 2243
-922772 0 1 230693
-926488 33554432 1 115811
-927064 33554432 1 115883
-927811 4096 1 21577
-928283 64 1 48857
-930659 2048 1 22699
-931048 67108864 1 116381
-933083 0 2 347 2689
-938767 0 2 151 6217
-939731 16 1 72287
-944819 0 2 103 9173
-945827 0 2 727 1301
-949204 0 1 237301
-951508 0 1 237877
-952852 0 1 238213
-961771 0 2 127 7573
-962968 33554432 1 120371
-964312 33554432 1 120539
-968035 2 1 193607
-969832 67108864 1 121229
-979307 4 1 139901
-983315 2 1 196663
-983512 33554432 1 122939
-984331 128 1 42797
-987779 16 1 75983
-991912 67108864 1 123989
-998435 2 1 199687
-998723 8 1 90793
-1003939 0 2 317 3167
-1005947 0 2 367 2741
-1009331 0 2 107 9433
-1014587 4 1 144941
-1015219 512 1 32749
-1015411 0 2 557 1823
-1019035 2 1 203807
-1021579 16 1 78583
-1027112 67108864 1 128389
-1028611 512 1 33181
-1032179 0 2 461 2239
-1035796 0 1 258949
-1063444 0 1 265861
-1064116 0 1 266029
-1064767 8 1 96797
-1065931 0 2 337 3163
-1067188 0 1 266797
-1067507 4 1 152501
-1070315 2 1 214063
-1079272 67108864 1 134909
-1087819 256 1 37511
-1090984 67108864 1 136373
-1091435 2 1 218287
-1092323 0 2 571 1913
-1097752 33554432 1 137219
-1101059 524288 1 15083
-1101347 16 1 84719
-1105448 67108864 1 138181
-1110568 67108864 1 138821
-1112843 0 2 179 6217
-1112872 67108864 1 139109
-1114115 2 1 222823
-1120163 8 1 101833
-1121492 0 1 280373
-1123048 67108864 1 140381
-1129651 0 2 431 2621
-1132696 33554432 1 141587
-1137364 0 1 284341
-1138051 32768 1 19289
-1138315 2 1 227663
-1139627 128 1 49549
-1149352 67108864 1 143669
-1150099 0 2 263 4373
-1150163 4 1 164309
-1151851 256 1 39719
-1153384 67108864 1 144173
-1155571 0 2 379 3049
-1161587 4 1 165941
-1161752 33554432 1 145219
-1165144 33554432 1 145643
-1167619 0 2 197 5927
-1173467 0 2 1009 1163
-1175092 0 1 293773
-1184179 16384 1 22343
-1190123 8 1 108193
-1191592 67108864 1 148949
-1196131 4096 1 27817
-1196632 33554432 1 149579
-1198787 0 2 227 5281
-1199512 33554432 1 149939
-1200424 67108864 1 150053
-1202392 33554432 1 150299
-1205851 2048 1 29411
-1206931 8 1 109721
-1206952 67108864 1 150869
-1207144 67108864 1 150893
-1213235 2 1 242647
-1216084 0 1 304021
-1219067 0 2 839 1453
-1219672 33554432 1 152459
-1220267 0 2 461 2647
-1222315 2 1 244463
-1228171 4 1 175453
-1232536 33554432 1 154067
-1232723 0 2 829 1487
-1234651 8 1 112241
-1238603 32 1 72859
-1238627 16 1 95279
-1239683 0 2 293 4231
-1245571 0 2 953 1307
-1250836 0 1 312709
-1253908 0 1 313477
-1255459 0 2 479 2621
-1256627 0 2 271 4637
-1265716 0 1 316429
-1272683 0 2 421 3023
-1273043 32768 1 21577
-1278083 0 2 163 7841
-1284643 0 2 857 1499
-1285912 33554432 1 160739
-1287064 33554432 1 160883
-1291096 33554432 1 161387
-1291267 0 2 131 9857
-1292035 2 1 258407
-1307899 0 2 263 4973
-1312067 0 2 857 1531
-1320835 2 1 264167
-1327643 0 2 179 7417
-1331371 1024 1 35983
-1332952 33554432 1 166619
-1336651 0 2 853 1567
-1337123 512 1 43133
-1339771 256 1 46199
-1340692 0 1 335173
-1340968 67108864 1 167621
-1343371 32768 1 22769
-1343764 0 1 335941
-1350139 4 1 192877
-1351067 0 2 239 5653
-1351219 0 2 139 9721
-1355944 67108864 1 169493
-1358452 0 1 339613
-1365691 0 2 251 5441
-1370932 0 1 342733
-1376212 0 1 344053
-1384792 33554432 1 173099
-1388851 16777216 1 13751
-1392724 0 1 348181
-1400179 8 1 127289
-1405528 33554432 1 175691
-1409428 0 1 352357
-1423667 4 1 203381
-1426099 0 2 181 7879
-1439059 2048 1 35099
-1439123 4 1 205589
-1443467 4096 1 33569
-1447267 131072 1 21601
-1455835 2 1 291167
-1459435 2 1 291887
-1460915 2 1 292183
-1461115 2 1 292223
-1464443 16384 1 27631
-1466779 128 1 63773
-1477204 0 1 369301
-1479707 16384 1 27919
-1485592 33554432 1 185699
-1488259 2048 1 36299
-1490747 32 1 87691
-1495891 0 2 563 2657
-1496728 33554432 1 187091
-1497259 0 2 263 5693
-1497323 128 1 65101
-1503587 16777216 1 14887
-1514611 4 1 216373
-1518323 0 2 103 14741
-1524803 4 1 217829
-1525547 1024 1 41231
-1528468 0 1 382117
-1530712 33554432 1 191339
-1530772 0 1 382693
-1532315 2 1 306463
-1533016 33554432 1 191627
-1534888 67108864 1 191861
-1539931 64 1 81049
-1554859 0 2 211 7369
-1561972 0 1 390493
-1564219 0 2 277 5647
-1567283 1024 1 42359
-1570651 16777216 1 15551
-1571627 0 2 229 6863
-1588891 1024 1 42943
-1589428 0 1 397357
-1595224 33554432 1 199403
-1597291 256 1 55079
-1608203 1048576 1 20357
-1608691 4 1 229813
-1613243 128 1 70141
-1618867 256 1 55823
-1619027 8388608 1 16691
-1624372 0 1 406093
-1625011 0 2 257 6323
-1626499 4 1 232357
-1627907 65536 1 26687
-1628027 512 1 52517
-1634659 16 1 125743
-1637992 67108864 1 204749
-1647139 16 1 126703
-1653931 64 1 87049
-1665403 0 2 131 12713
-1677259 0 2 113 14843
-1678819 131072 1 25057
-1678939 0 2 251 6689
-1679611 512 1 54181
-1682515 2 1 336503
-1688488 67108864 1 211061
-1691363 0 2 103 16421
-1692211 0 2 167 10133
-1692715 2 1 338543
-1693339 256 1 58391
-1696891 4 1 242413
-1698292 0 1 424573
-1699339 16384 1 32063
-1700899 64 1 89521
-1706611 0 2 197 8663
-1710187 0 2 223 7669
-1710715 2 1 342143
-1711912 67108864 1 213989
-1713547 8 1 155777
-1714699 4 1 244957
-1718611 32768 1 29129
-1720408 33554432 1 215051
-1723187 0 2 283 6089
-1724692 0 1 431173
-1727848 67108864 1 215981
-1732072 67108864 1 216509
-1733867 16777216 1 17167
-1741588 0 1 435397
-1741912 33554432 1 217739
-1743691 0 2 433 4027
-1750843 0 2 359 4877
-1770323 524288 1 24251
-1779979 0 2 761 2339
-1786163 0 2 739 2417
-1788643 0 2 1231 1453
-1789547 0 2 181 9887
-1790056 67108864 1 223757
-1790779 256 1 61751
-1794139 0 2 751 2389
-1803988 0 1 450997
-1804291 0 2 229 7879
-1812331 128 1 78797
-1822891 4 1 260413
-1824148 0 1 456037
-1825051 0 2 577 3163
-1826347 0 2 137 13331
-1827352 33554432 1 228419
-1827739 2048 1 44579
-1829179 8 1 166289
-1829332 0 1 457333
-1831099 128 1 79613
-1833811 4 1 261973
-1836052 0 1 459013
-1842739 524288 1 25243
-1845083 128 1 80221
-1853299 4 1 264757
-1853812 0 1 463453
-1856251 0 2 113 16427
-1860568 33554432 1 232571
-1865035 2 1 373007
-1869587 0 2 457 4091
-1870315 2 1 374063
-1872628 0 1 468157
-1878952 67108864 1 234869
-1880308 0 1 470077
-1889443 1048576 1 23917
-1890187 16 1 145399
-1890388 0 1 472597
-1891867 0 2 107 17681
-1898164 0 1 474541
-1902115 2 1 380423
-1902772 0 1 475693
-1908163 0 2 883 2161
-1912852 0 1 478213
-1920052 0 1 480013
-1923499 32 1 113147
-1932499 8192 1 41117
-1938472 67108864 1 242309
-1942427 64 1 102233
-1943563 16384 1 36671
-1952491 0 2 769 2539
-1952603 32 1 114859
-1964707 32 1 115571
-1967971 32 1 115763
-1974571 0 2 607 3253
-1983043 0 2 277 7159
-1984168 67108864 1 248021
-1985512 67108864 1 248189
-1986115 2 1 397223
-1994515 2 1 398903
-1995571 0 2 1123 1777
-1996051 0 2 337 5923
-2003419 8 1 182129
-2003851 0 2 181 11071
-2007832 33554432 1 250979
-2009899 0 2 223 9013
-2010883 4 1 287269
-2012987 32 1 118411
-2026171 4 1 289453
-2031235 2 1 406247
-2034259 0 2 181 11239
-2040667 0 2 113 18059
-2049859 4 1 292837
-2050723 0 2 977 2099
-2052328 67108864 1 256541
-2053435 2 1 410687
-2055331 512 1 66301
-2055715 2 1 411143
-2055859 16 1 158143
-2057971 128 1 89477
-2060779 4 1 294397
-2060851 16 1 158527
-2065012 0 1 516253
-2067112 67108864 1 258389
-2070739 8 1 188249
-2073691 0 2 691 3001
-2076811 8 1 188801
-2082868 0 1 520717
-2084971 4 1 297853
-2087587 64 1 109873
-2092696 33554432 1 261587
-2094379 4 1 299197
-2101588 0 1 525397
-2103803 16 1 161831
-2106259 0 2 449 4691
-2106868 0 1 526717
-2115451 16 1 162727
-2121523 0 2 241 8803
-2125547 2097152 1 25609
-2134315 2 1 426863
-2135128 33554432 1 266891
-2146699 0 2 349 6151
-2149891 0 2 233 9227
-2157859 8 1 196169
-2159011 0 2 131 16481
-2160979 512 1 69709
-2179288 33554432 1 272411
-2179907 8192 1 46381
-2189731 64 1 115249
-2190235 2 1 438047
-2191843 1024 1 59239
-2197672 67108864 1 274709
-2206579 2048 1 53819
-2214139 0 2 269 8231
-2216971 0 2 149 14879
-2219779 0 2 179 12401
-2221435 2 1 444287
-2223083 0 2 569 3907
-2229208 33554432 1 278651
-2236852 0 1 559213
-2238979 64 1 117841
-2244916 0 1 561229
-2247331 0 2 523 4297
-2249803 4096 1 52321
-2250328 33554432 1 281291
-2260948 0 1 565237
-2261251 0 2 1109 2039
-2267371 512 1 73141
-2276083 0 2 1321 1723
-2278363 0 2 853 2671
-2281411 8 1 207401
-2293972 0 1 573493
-2302763 0 2 167 13789
-2308123 8192 1 49109
-2316211 0 2 131 17681
-2316931 0 2 983 2357
-2317547 0 2 139 16673
-2320819 0 2 1217 1907
-2326147 512 1 75037
-2328467 0 2 157 14831
-2332072 67108864 1 291509
-2332147 1024 1 63031
-2333251 0 2 173 13487
-2336419 0 2 127 18397
-2338771 0 2 607 3853
-2349283 0 2 149 15767
-2354323 524288 1 32251
-2359939 2097152 1 28433
-2366635 2 1 473327
-2375851 0 2 997 2383
-2380372 0 1 595093
-2384443 64 1 125497
-2385547 32768 1 40433
-2390947 16 1 183919
-2393491 0 2 1069 2239
-2400203 16 1 184631
-2403923 0 2 211 11393
-2409019 32 1 141707
-2414899 0 2 137 17627
-2415931 4 1 345133
-2418043 0 2 1291 1873
-2420419 65536 1 39679
-2422363 32768 1 41057
-2440507 128 1 106109
-2445683 512 1 78893
-2446027 128 1 106349
-2449192 67108864 1 306149
-2449243 0 2 1033 2371
-2453992 67108864 1 306749
-2454292 0 1 613573
-2454667 64 1 129193
-2455828 0 1 613957
-2460619 4 1 351517
-2468008 67108864 1 308501
-2469499 2097152 1 29753
-2473051 4 1 353293
-2477539 0 2 179 13841
-2487451 0 2 457 5443
-2490883 0 2 199 12517
-2492779 0 2 107 23297
-2497387 2097152 1 30089
-2498008 33554432 1 312251
-2499283 0 2 157 15919
-2500483 0 2 107 23369
-2506667 32 1 147451
-2507668 0 1 626917
-2511907 0 2 179 14033
-2512435 2 1 502487
-2518168 33554432 1 314771
-2536411 4194304 1 28499
-2545876 0 1 636469
-2554723 0 2 739 3457
-2565091 0 2 1327 1933
-2570968 33554432 1 321371
-2580148 0 1 645037
-2584948 0 1 646237
-2591083 8 1 235553
-2603668 0 1 650917
-2605315 2 1 521063
-2609128 67108864 1 326141
-2615491 128 1 113717
-2618203 4 1 374029
-2620051 4 1 374293
-2622232 33554432 1 327779
-2635123 0 2 127 20749
-2637883 512 1 85093
-2640283 1024 1 71359
-2650843 16 1 203911
-2658115 2 1 531623
-2661499 0 2 137 19427
-2666515 2 1 533303
-2667235 2 1 533447
-2672539 0 2 107 24977
-2673235 2 1 534647
-2674771 8 1 243161
-2692099 256 1 92831
-2694091 0 2 521 5171
-2697427 0 2 443 6089
-2701387 16 1 207799
-2710243 0 2 167 16229
-2722819 8 1 247529
-2727163 512 1 87973
-2728267 64 1 143593
-2737915 2 1 547583
-2741491 64 1 144289
-2747203 262144 1 38693
-2747587 0 2 257 10691
-2760451 8192 1 58733
-2775508 0 1 693877
-2778868 0 1 694717
-2783707 512 1 89797
-2793688 33554432 1 349211
-2797027 32 1 164531
-2799691 0 2 151 18541
-2815768 33554432 1 351971
-2826715 2 1 565343
-2828851 32 1 166403
-2829787 4096 1 65809
-2830267 8 1 257297
-2836363 0 2 163 17401
-2837683 0 2 773 3671
-2840323 16384 1 53591
-2846107 8 1 258737
-2849659 32 1 167627
-2854219 0 2 1019 2801
-2857027 0 2 887 3221
-2859859 32 1 168227
-2867323 0 2 653 4391
-2871835 2 1 574367
-2873083 0 2 419 6857
-2875123 0 2 191 15053
-2888491 2048 1 70451
-2891635 2 1 578327
-2915827 0 2 103 28309
-2915971 16777216 1 28871
-2928763 0 2 317 9239
-2935307 0 2 433 6779
-2953723 0 2 163 18121
-2961715 2 1 592343
-2963368 67108864 1 370421
-2969128 67108864 1 371141
-2972692 0 1 743173
-2976307 0 2 113 26339
-2977192 67108864 1 372149
-2979211 0 2 1613 1847
-2998315 2 1 599663
-3010747 0 2 313 9619
-3012643 0 2 191 15773
-3019171 0 2 127 23773
-3019483 0 2 1193 2531
-3022603 0 2 431 7013
-3026419 8 1 275129
-3030568 67108864 1 378821
-3039892 0 1 759973
-3045715 2 1 609143
-3052372 0 1 763093
-3054523 512 1 98533
-3054547 0 2 449 6803
-3056707 0 2 521 5867
-3060043 4 1 437149
-3060619 0 2 151 20269
-3065035 2 1 613007
-3071128 33554432 1 383891
-3071227 0 2 113 27179
-3071347 131072 1 45841
-3073987 4 1 439141
-3075451 2048 1 75011
-3083563 4 1 440509
-3088963 64 1 162577
-3094363 0 2 1213 2551
-3097579 0 2 631 4909
-3101923 8 1 281993
-3106603 512 1 100213
-3107563 0 2 127 24469
-3115507 0 2 1709 1823
-3137947 0 2 613 5119
-3146083 0 2 617 5099
-3157483 4 1 451069
-3157723 256 1 108887
-3161083 0 2 401 7883
-3168232 67108864 1 396029
-3171643 256 1 109367
-3177403 16384 1 59951
-3177835 2 1 635567
-3184339 0 2 1229 2591
-3193315 2 1 638663
-3195028 0 1 798757
-3195835 2 1 639167
-3196411 0 2 107 29873
-3200212 0 1 800053
-3201739 0 2 1163 2753
-3204235 2 1 640847
-3210403 4 1 458629
-3212059 0 2 199 16141
-3220099 2048 1 78539
-3221587 128 1 140069
-3222523 0 2 257 12539
-3237592 33554432 1 404699
-3245443 0 2 151 21493
-3251635 2 1 650327
-3259507 64 1 171553
-3292468 0 1 823117
-3292888 33554432 1 411611
-3297403 1024 1 89119
-3301939 0 2 211 15649
-3304459 0 2 113 29243
-3305908 0 1 826477
-3307123 0 2 727 4549
-3354763 32 1 197339
-3357763 0 2 233 14411
-3358627 0 2 613 5479
-3381379 16777216 1 33479
-3386728 67108864 1 423341
-3393763 0 2 383 8861
-3395467 128 1 147629
-3398035 2 1 679607
-3399163 0 2 571 5953
-3404179 0 2 109 31231
-3409651 4 1 487093
-3410707 0 2 977 3491
-3415435 2 1 683087
-3417787 524288 1 46819
-3422107 16 1 263239
-3422248 67108864 1 427781
-3428827 1024 1 92671
-3430723 0 2 1217 2819
-3434971 65536 1 56311
-3435811 0 2 1259 2729
-3438307 0 2 421 8167
-3445579 2097152 1 41513
-3451891 0 2 337 10243
-3457192 67108864 1 432149
-3465787 16 1 266599
-3465835 2 1 693167
-3466339 0 2 547 6337
-3472435 2 1 694487
-3473227 1024 1 93871
-3474043 0 2 359 9677
-3476467 0 2 181 19207
-3478315 2 1 695663
-3478963 0 2 157 22159
-3489283 4 1 498469
-3491779 0 2 619 5641
-3494323 4 1 499189
-3498331 0 2 1523 2297
-3509227 0 2 163 21529
-3530707 128 1 153509
-3530827 64 1 185833
-3533947 0 2 727 4861
-3534715 2 1 706943
-3542632 67108864 1 442829
-3543403 128 1 154061
-3554728 67108864 1 444341
-3555619 0 2 127 27997
-3570283 0 2 347 10289
-3574552 33554432 1 446819
-3574723 0 2 239 14957
-3580267 0 2 257 13931
-3581659 0 2 313 11443
-3581992 67108864 1 447749
-3591883 0 2 107 33569
-3603643 32 1 211979
-3622435 2 1 724487
-3634339 64 1 191281
-3641779 0 2 1481 2459
-3650587 16384 1 68879
-3665683 4 1 523669
-3684052 0 1 921013
-3685363 8 1 335033
-3685507 4 1 526501
-3690472 67108864 1 461309
-3692707 64 1 194353
-3725803 131072 1 55609
-3737947 4096 1 86929
-3768451 0 2 971 3881
-3773827 0 2 467 8081
-3783019 0 2 211 17929
-3785707 524288 1 51859
-3788443 0 2 103 36781
-3788923 64 1 199417
-3793012 0 1 948253
-3796435 2 1 759287
-3804691 8 1 345881
-3805915 2 1 761183
-3833512 67108864 1 479189
-3833803 0 2 227 16889
-3841819 64 1 202201
-3877723 0 2 277 13999
-3886771 4 1 555253
-3901267 0 2 149 26183
-3919483 0 2 521 7523
-3924643 2048 1 95723
-3924763 0 2 109 36007
-3931243 0 2 229 17167
-3939163 0 2 349 11287
-3953683 0 2 137 28859
-3953707 32 1 232571
-3953812 0 1 988453
-3956443 0 2 331 11953
-3977347 8 1 361577
-3980467 4096 1 92569
-3981811 64 1 209569
-3985987 0 2 367 10861
-3989083 4 1 569869
-3998083 0 2 743 5381
-3998467 8 1 363497
-4000459 128 1 173933
-4004443 0 2 1231 3253
-4005883 4 1 572269
-4007179 8 1 364289
-4015507 0 2 179 22433
-4018603 0 2 197 20399
-4027987 0 2 907 4441
-4033492 0 1 1008373
-4034515 2 1 806903
-4035067 0 2 1583 2549
-4049515 2 1 809903
-4054507 0 2 311 13037
-4067515 2 1 813503
-4071208 67108864 1 508901
-4074283 0 2 1733 2351
-4086523 4 1 583789
-4095499 0 2 587 6977
-4100923 128 1 178301
-4113715 2 1 822743
-4134139 4194304 1 46451
-4144372 0 1 1036093
-4179043 8 1 379913
-4191835 2 1 838367
-4199203 0 2 409 10267
-4202323 0 2 487 8629
-4202563 1048576 1 53197
-4215307 4194304 1 47363
-4248619 0 2 383 11093
-4288123 4 1 612589
-4290619 0 2 373 11503
-4295107 0 2 1697 2531
-4306963 0 2 1217 3539
-4308763 64 1 226777
-4311715 2 1 862343
-4329163 16777216 1 42863
-4335163 4 1 619309
-4336315 2 1 867263
-4339723 65536 1 71143
-4351843 0 2 149 29207
-4367827 32 1 256931
-4378747 0 2 1061 4127
-4380523 4 1 625789
-4381603 0 2 163 26881
-4386163 256 1 151247
-4386403 4 1 626629
-4387507 0 2 653 6719
-4392067 0 2 859 5113
-4402843 0 2 379 11617
-4403635 2 1 880727
-4414027 131072 1 65881
-4414603 0 2 773 5711
-4432507 0 2 1301 3407
-4444027 4 1 634861
-4452163 0 2 107 41609
-4464667 16384 1 84239
-4466467 0 2 223 20029
-4481827 4 1 640261
-4487707 4 1 641101
-4502587 0 2 461 9767
-4502683 0 2 599 7517
-4507627 0 2 157 28711
-4517203 0 2 173 26111
-4520707 0 2 263 17189
-4525243 2097152 1 54521
-4564603 128 1 198461
-4576243 4 1 653749
-4586803 16 1 352831
-4604251 64 1 242329
-4608403 16384 1 86951
-4608907 2097152 1 55529
-4612507 0 2 193 23899
-4638379 65536 1 76039
-4665043 0 2 541 8623
-4675315 2 1 935063
-4695835 2 1 939167
-4702891 0 2 347 13553
-4705123 8192 1 100109
-4712779 64 1 248041
-4725403 0 2 1993 2371
-4728547 128 1 205589
-4742203 0 2 193 24571
-4752115 2 1 950423
-4757443 0 2 439 10837
-4781827 8192 1 101741
-4792867 8388608 1 49411
-4811467 0 2 883 5449
-4812163 0 2 379 12697
-4826707 4096 1 112249
-4832227 0 2 107 45161
-4857427 32 1 285731
-4870147 0 2 283 17209
-4878043 1024 1 131839
-4879387 0 2 887 5501
-4908403 64 1 258337
-4948315 2 1 989663
-4949587 1048576 1 62653
-4954483 0 2 863 5741
-4964347 0 2 337 14731
-4982803 4 1 711829
-4992043 4 1 713149
-4993723 4 1 713389
-4995043 64 1 262897
-4999003 32 1 294059
-5002867 0 2 1153 4339
-5012683 16 1 385591
-5014963 512 1 161773
-5018707 8192 1 106781
-5040907 0 2 1283 3929
-5046715 2 1 1009343
-5055763 1048576 1 63997
-5062243 32 1 297779
-5066923 128 1 220301
-5076052 0 1 1269013
-5082547 0 2 1109 4583
-5092483 8 1 462953
-5094643 0 2 613 8311
-5101867 0 2 107 47681
-5106763 64 1 268777
-5107867 0 2 283 18049
-5118523 0 2 1439 3557
-5119123 512 1 165133
-5140267 8 1 467297
-5141803 32 1 302459
-5193115 2 1 1038623
-5193883 128 1 225821
-5202547 4 1 743221
-5208067 0 2 691 7537
-5212243 0 2 157 33199
-5222563 0 2 107 48809
-5236603 0 2 971 5393
-5248387 0 2 701 7487
-5255827 0 2 1933 2719
-5279227 0 2 181 29167
-5280307 1024 1 142711
-5304307 0 2 179 29633
-5319883 8192 1 113189
-5320963 0 2 1609 3307
-5326315 2 1 1065263
-5338435 2 1 1067687
-5406907 8 1 491537
-5431003 262144 1 76493
-5454187 4194304 1 61283
-5455507 2097152 1 65729
-5464987 8 1 496817
-5491267 8388608 1 56611
-5510443 0 2 151 36493
-5528083 8 1 502553
-5544883 0 2 179 30977
-5555803 8 1 505073
-5556523 4 1 793789
-5564683 0 2 1873 2971
-5581867 0 2 839 6653
-5603827 0 2 1187 4721
-5616403 16 1 432031
-5624683 0 2 331 16993
-5653147 128 1 245789
-5655043 1024 1 152839
-5662507 0 2 359 15773
-5722027 0 2 1759 3253
-5722843 4 1 817549
-5725987 0 2 971 5897
-5760283 2097152 1 69401
-5763643 8388608 1 59419
-5778667 0 2 149 38783
-5795323 64 1 305017
-5814163 1048576 1 73597
-5847067 256 1 201623
-5851987 0 2 2243 2609
-5865787 0 2 131 44777
-5873827 2097152 1 70769
-5877643 0 2 191 30773
-5878987 0 2 2221 2647
-5883187 0 2 311 18917
-5890723 0 2 1907 3089
-5895187 64 1 310273
-5919523 0 2 1559 3797
-5927923 1048576 1 75037
-5947363 128 1 258581
-5948035 2 1 1189607
-5991715 2 1 1198343
-6002635 2 1 1200527
