-83903
-97967
-102023
-104551
-109639
-120863
-124351
-127399
-147863
-148711
-154487
-165383
-170551
-176807
-177007
-207847
-212671
-224171
-227431
-228799
-232607
-262303
-266479
-271471
-273971
-277499
-277567
-278191
-283139
-292711
-299359
-302287
-319687
-328343
-331451
-339223
-340063
-341339
-342107
-346903
-347051
-352951
-362143
-375443
-386143
-388691
-401839
-425603
-425839
-426007
-433207
-445087
-445091
-446003
-460063
-474847
-493211
-496187
-500363
-500699
-501779
-532523
-557987
-561607
-563743
-577739
-583903
-593603
-611147
-629723
-631139
-648343
-664403
-695407
-696823
-707767
-710603
-721571
-746483
-762847
-785219
-792107
-832883
-834811
-859259
-862739
-865643
-889907
-894451
-905767
-911023
-915683
-918131
-918139
-959863
-976643
-982819
-1020379
-1024087
-1065979
-1069459
-1073147
-1073627
-1079983
-1128091
-1177067
-1180891
-1199123
-1206731
-1213339
-1226851
-1234787
-1236827
-1247611
-1258531
-1258667
-1260827
-1261963
-1263347
-1277387
-1308803
-1315651
-1344859
-1346971
-1354051
-1373539
-1396027
-1398347
-1401571
-1417771
-1434451
-1440379
-1448779
-1455683
-1456219
-1459427
-1468667
-1506803
-1549403
-1577299
-1613323
-1619419
-1708163
-1732219
-1747939
-1795099
-1840771
-1854227
-1857979
-1865107
-1917931
-1930307
-1944499
-1947107
-1954411
-1969819
-2002747
-2020771
-2024371
-2031811
-2039867
-2044507
-2053339
-2062043
-2080219
-2080363
-2092723
-2093467
-2106931
-2108611
-2117611
-2131771
-2137339
-2146051
-2152867
-2171347
-2174131
-2180627
-2181259
-2206387
-2216299
-2261851
-2281771
-2301619
-2350123
-2354123
-2357371
-2362651
-2374147
-2404387
-2414371
-2449099
-2456371
-2466091
-2468867
-2476819
-2489611
-2491963
-2505379
-2515531
-2516971
-2531203
-2536099
-2538827
-2546611
-2561659
-2583859
-2586931
-2618923
-2622283
-2644219
-2650987
-2654467
-2675131
-2687827
-2688187
-2715283
-2723107
-2747179
-2751403
-2773219
-2775931
-2792659
-2839843
-2870899
-2911771
-2918059
-2920123
-2937667
-2943571
-2945611
-2959507
-2963347
-2976643
-3008419
-3011587
-3037267
-3053467
-3059659
-3069931
-3096547
-3109411
-3139363
-3163243
-3173803
-3175099
-3182923
-3197323
-3208867
-3225163
-3260371
-3333427
-3339643
-3357811
-3435499
-3438763
-3452107
-3453787
-3514243
-3529147
-3613963
-3617683
-3623803
-3632443
-3653467
-3665491
-3680539
-3686131
-3689779
-3703507
-3712531
-3736867
-3745243
-3751843
-3784411
-3789427
-3827611
-3840211
-3856123
-3862987
-3875827
-3892051
-3898483
-3952099
-3967027
-3968227
-3998131
-4044883
-4049707
-4122187
-4146979
-4197883
-4237867
-4326571
-4353211
-4368163
-4401259
-4414867
-4467403
-4478707
-4495627
-4562539
-4593187
-4593283
-4600627
-4645843
-4653907
-4679683
-4691227
-4697851
-4704643
-4726483
-4735867
-4781323
-4808659
-4848523
-4857547
-4908667
-4918267
-4935379
-4937683
-4941283
-4955563
-4983787
-4986547
-4989427
-4995187
-5072659
-5110267
-5143363
-5185027
-5189923
-5197603
-5211667
-5241787
-5247163
-5284507
-5369347
-5401603
-5456707
-5513923
-5522563
-5529283
-5532403
-5532763
-5544667
-5546587
-5548027
-5550427
-5555083
-5584723
-5586043
-5587507
-5597971
-5610763
-5670547
-5682763
-5714587
-5736763
-5797507
-5840347
-5862763
-5873323
-5891323
-5906707
-5910283
-5934307
-5950627
-5996083
-6003043
