-36839 40 1 197
-40655 8194 1 173
-41135 66 1 433
-41951 20 1 461
-44855 2 1 8971
-45551 16779272 0
-52199 4 1 7457
-55391 2052 1 193
-56471 0 2 149 379
-62015 1048578 1 157
-65855 2 1 13171
-67055 2 1 13411
-71159 8 1 6469
-72887 128 1 3169
-75551 4100 1 251
-76247 64 1 4013
-77063 16777220 1 109
-85655 1026 1 463
-87647 68 1 659
-87791 136 1 347
-93799 8388608 1 967
-95015 514 1 613
-98087 1032 1 241
-100055 2 1 20011
-103736 33554432 1 12967
-104264 67108864 1 13033
-106439 0 2 163 653
-108104 67108864 1 13513
-110999 16777220 1 157
-112376 33554440 1 1277
-113119 4196864 0
-114887 0 2 131 877
-115111 4096 1 2677
-116615 2097154 1 281
-116855 2 1 23371
-117416 67108880 1 1129
-119479 0 2 163 733
-123743 288 1 251
-126287 4 1 18041
-126439 0 2 227 557
-126824 69206016 1 191
-127535 130 1 1109
-128719 8388608 1 1327
-129464 33554432 1 16183
-130616 33554688 1 563
-131444 32 1 1933
-134564 0 1 33641
-134756 32768 1 571
-137015 131074 1 409
-139064 33554432 1 17383
-140479 32768 1 2381
-140783 128 1 6121
-142519 80 1 577
-143576 33554432 2 131 137
-144296 67108896 1 1061
-144503 2097152 1 1741
-144527 0 2 113 1279
-146087 0 2 347 421
-148424 67108864 1 18553
-148967 20 1 1637
-149204 8 1 3391
-149876 4194304 1 421
-150455 2 1 30091
-154255 2 1 30851
-157135 10 1 2857
-157943 32768 1 2677
-159764 8 1 3631
-161096 67108880 1 1549
-164311 4 1 23473
-164551 32768 1 2789
-165224 67108928 1 1087
-166039 32 1 9767
-166879 0 2 109 1531
-167060 2 1 8353
-168584 67108880 1 1621
-170087 1048576 1 2153
-171455 16386 1 647
-176423 2064 1 331
-176671 8 1 16061
-178184 67108864 1 22273
-181831 262160 1 197
-182447 1024 1 4931
-182807 512 1 5897
-184127 32 1 10831
-184663 8192 1 3929
-184664 33556480 1 563
-185743 4194304 1 2087
-185891 0 2 211 881
-188239 256 1 6491
-189752 33554432 1 23719
-190999 0 2 389 491
-191087 16 1 14699
-192919 0 2 103 1873
-193831 131080 1 263
-194696 67108864 1 24337
-194815 8194 1 829
-194939 32 1 11467
-196004 64 1 2579
-198151 64 1 10429
-198263 16777232 1 151
-199748 0 1 49937
-200024 33554440 1 2273
-204728 33554432 2 157 163
-205247 4 2 109 269
-205880 33554434 1 5147
-210079 0 2 421 499
-212359 132 1 1319
-213439 65536 1 3499
-214255 524290 1 587
-214808 33554440 1 2441
-218696 67108864 1 27337
-218888 67108864 1 27361
-219559 131328 1 113
-220343 64 1 11597
-221051 32 1 13003
-221240 33554434 1 5531
-222655 2 1 44531
-222920 67108866 1 5573
-224996 0 1 56249
-226136 33554560 1 1229
-226495 8388610 1 467
-226519 524544 1 107
-227063 131072 1 3389
-229111 0 2 197 1163
-230036 0 2 131 439
-230051 2560 1 181
-232247 0 2 271 857
-233479 10486016 0
-235711 4 2 151 223
-237299 0 2 359 661
-237764 0 1 59441
-240488 67108992 1 1307
-242719 65664 1 173
-244616 67108864 1 30577
-246655 2 1 49331
-246847 0 2 193 1279
-247076 64 1 3251
-247351 16400 1 359
-248660 2 1 12433
-249991 262148 1 503
-250999 132 1 1559
-251095 18 1 3863
-251579 64 1 13241
-251768 33554440 1 2861
-252680 67108866 1 6317
-253015 6 1 7229
-253796 131072 1 947
-254276 8 1 5779
-254479 512 1 8209
-255223 512 1 8233
-255463 4112 1 457
-259115 258 1 1787
-259208 67108864 1 32401
-259316 0 2 241 269
-261143 0 2 113 2311
-261284 2097152 1 787
-261391 16 1 20107
-263051 128 1 11437
-263551 1056 1 419
-264932 0 2 107 619
-269480 67108866 1 6737
-270263 4 1 38609
-271255 2 1 54251
-271784 67125248 1 641
-272047 0 2 163 1669
-272120 33554434 1 6803
-272648 67108864 2 173 197
-273320 67108866 1 6833
-274015 6 1 7829
-274615 10 1 4993
-274855 6 1 7853
-275095 1026 1 1487
-276056 33554440 1 3137
-279079 524288 1 3823
-279871 16777248 1 163
-281071 4 1 40153
-282932 16 1 5441
-282967 16448 1 281
-283847 1048576 1 3593
-284171 2304 1 239
-286516 2097152 1 863
-287071 320 1 521
-287815 10 1 5233
-290071 32 2 113 151
-290516 32768 1 1231
-293671 4 1 41953
-295159 2176 1 313
-295207 8200 1 571
-297319 8 2 151 179
-298232 33554440 1 3389
-299935 2 2 223 269
-301691 144 1 1009
-301823 0 2 113 2671
-302996 0 2 211 359
-303055 2 1 60611
-303199 2097168 1 281
-303848 67108928 1 1999
-303995 2 2 163 373
-305528 33554432 2 181 211
-308143 8 2 109 257
-308503 80 1 1249
-308984 33554448 1 2971
-309188 8 1 7027
-309272 33685504 1 577
-311339 1048580 1 563
-311720 67108866 1 7793
-312596 32 1 4597
-314168 33554432 2 173 227
-314228 32 1 4621
-315731 16 2 149 163
-315991 16 2 109 223
-316091 1024 1 8543
-316856 33554432 1 39607
-317143 2097152 1 3821
-318056 69206016 1 479
-318260 2 1 15913
-318692 8 1 7243
-320099 16 1 24623
-321524 4 1 11483
-323252 0 2 211 383
-323527 32 1 19031
-324035 2 2 229 283
-324607 4096 1 7549
-325759 4 2 173 269
-325927 16777220 1 461
-327044 0 1 81761
-330755 2097154 1 797
-331015 2 2 239 277
-331091 16384 1 6247
-332455 2 1 66491
-332564 262144 1 1171
-333991 4 1 47713
-334568 67108880 1 3217
-334616 33554432 2 151 277
-336635 18 1 5179
-339188 64 1 4463
-339272 67108864 1 42409
-342007 262144 1 4817
-342199 24 1 2393
-343691 64 1 18089
-343807 4194304 1 3863
-343855 2 1 68771
-344888 33554496 1 2269
-345416 67108864 1 43177
-345419 4352 1 277
-346999 0 2 353 983
-347108 0 2 107 811
-347384 33554432 2 173 251
-347912 67108864 2 157 277
-350564 0 1 87641
-351127 4 2 103 487
-351295 6 1 10037
-352879 32768 1 5981
-356771 4096 1 8297
-357655 2 2 233 307
-359396 0 1 89849
-359540 2 1 17977
-359771 32 1 21163
-359863 16777220 1 509
-360755 130 1 3137
-361864 67108864 1 45233
-362084 0 2 131 691
-363247 0 2 233 1559
-363971 33280 1 199
-364340 2 1 18217
-365023 2304 1 307
-365311 0 2 401 911
-365768 67108880 1 3517
-365911 20 1 4021
-366655 2 1 73331
-366728 67108864 1 45841
-371455 6 1 10613
-372247 0 2 157 2371
-374579 2097152 1 4513
-378343 4 1 54049
-378611 0 2 241 1571
-378968 33554432 2 127 373
-379604 4096 1 2207
-380344 33554432 1 47543
-380579 65568 1 367
-380939 16 1 29303
-381299 0 2 593 643
-383348 4 1 13691
-383480 33554434 1 9587
-384152 33554944 1 1549
-385855 2 1 77171
-387703 532480 1 113
-388324 0 1 97081
-391571 1088 1 557
-392612 8 1 8923
-393011 0 2 107 3673
-393784 33554432 1 49223
-395828 32 1 5821
-396068 0 1 99017
-396659 1048576 1 5021
-397091 0 2 479 829
-397111 24 1 2777
-399272 67109120 1 1721
-399368 67108864 1 49921
-399419 0 2 131 3049
-399971 24 1 2797
-401455 34 1 4723
-402056 67109120 1 1733
-404228 8 1 9187
-404579 260 1 1993
-404767 520 1 1187
-406231 4 2 131 443
-406520 33554434 1 10163
-407215 130 1 3541
-407672 33554432 2 131 389
-407684 0 1 101921
-407956 1048576 1 1291
-408487 512 1 13177
-409352 67108864 1 51169
-409880 33554434 1 10247
-409988 0 1 102497
-410372 0 1 102593
-410836 0 2 271 379
-413359 4096 1 9613
-414068 65536 1 1697
-414164 8192 1 2203
-415028 512 1 3347
-415327 40 1 2221
-416767 16 1 32059
-419411 1048576 1 5309
-419444 64 1 5519
-420655 2 1 84131
-420664 33554432 1 52583
-421811 262160 1 457
-423059 20 1 4649
-424232 67108928 1 2791
-425143 0 2 293 1451
-426659 0 2 331 1289
-427471 8 1 38861
-427687 16 2 167 197
-428291 524288 1 5867
-428555 2 1 85711
-428815 2 2 139 617
-430015 34 1 5059
-431828 4194304 1 1213
-432904 67125248 1 1021
-434935 1026 1 2351
-435320 33554434 1 10883
-435491 4 1 62213
-436759 524800 1 193
-436783 0 2 373 1171
-437699 32 1 25747
-437732 0 1 109433
-440536 33570816 1 1039
-441059 8388608 1 4547
-441124 0 1 110281
-442639 2097152 1 5333
-444251 256 1 15319
-446116 8 1 10139
-447256 33555456 1 1511
-448388 0 1 112097
-448643 16 1 34511
-448691 0 2 127 3533
-449143 66560 1 199
-449672 67108864 1 56209
-450536 67108864 2 199 283
-451124 256 1 3889
-452215 2 2 149 607
-454139 4 1 64877
-457208 33685504 1 853
-457336 33554440 1 5197
-457615 66 1 4817
-458168 33554432 1 57271
-458215 2 2 113 811
-459055 2 1 91811
-459487 2052 1 1601
-459971 4160 1 563
-460931 4194304 1 5179
-461464 33555456 1 1559
-462223 0 2 563 821
-463015 6 1 13229
-463355 2 1 92671
-464287 544 1 881
-465320 67108866 1 11633
-465343 0 2 107 4349
-466855 2 1 93371
-468152 33554432 2 139 421
-468376 33554432 2 127 461
-468731 8192 1 9973
-469316 0 1 117329
-469327 2048 1 11447
-470116 0 1 117529
-470468 0 1 117617
-471752 67108864 2 109 541
-472280 33554434 1 11807
-473023 0 2 199 2377
-476051 2080 1 683
-477343 4128 1 653
-477368 33554432 1 59671
-478808 33554440 1 5441
-479555 2 1 95911
-480008 67109120 1 2069
-481940 2 1 24097
-482167 4 1 68881
-482887 1536 1 421
-483128 33554432 2 131 461
-485339 0 2 233 2083
-485816 33554432 1 60727
-486068 8 1 11047
-486535 6 1 13901
-486788 0 1 121697
-487855 2 1 97571
-489764 8 1 11131
-490276 64 1 6451
-491704 33554432 1 61463
-492895 18 1 7583
-494507 16 1 38039
-494555 2 1 98911
-494767 20 1 5437
-494920 67108866 1 12373
-497095 1026 1 2687
-497263 272 1 1319
-497287 68 1 3739
-497887 16 1 38299
-498008 33554436 1 8893
-498244 0 1 124561
-498632 67108864 2 157 397
-499396 64 1 6571
-499547 0 2 109 4583
-500792 33587200 1 1061
-501640 67108866 1 12541
-502696 67109376 1 2027
-504724 8 1 11471
-505636 2097152 1 1523
-506095 2 2 127 797
-507727 16777224 1 457
-508495 18 1 7823
-508807 16 1 39139
-509455 2 1 101891
-511604 1048576 1 1619
-512455 2 2 113 907
-512648 67108864 1 64081
-512863 16 1 39451
-512939 4 1 73277
-513223 0 2 317 1619
-513583 4 1 73369
-514063 40 1 2749
-514712 33554440 1 5849
-515288 33556480 1 1571
-515960 33554434 1 12899
-516392 67108896 1 3797
-516899 32768 1 8761
-518228 32 1 7621
-520091 24 1 3637
-520931 32 1 30643
-522611 0 2 151 3461
-523864 33554440 1 5953
-524315 10 1 9533
-524536 33554432 2 173 379
-525655 18 1 8087
-526052 0 2 347 379
-526691 8 1 47881
-527891 20 1 5801
-528152 33554432 2 107 617
-528755 2 1 105751
-529028 0 1 132257
-532996 0 2 227 587
-533492 2048 1 3253
-534452 16384 1 2521
-535636 32 1 7877
-536408 33554496 1 3529
-536644 0 1 134161
-537323 512 1 17333
-538327 320 1 977
-539108 0 1 134777
-540968 67108928 1 3559
-541207 32768 1 9173
-541748 0 2 167 811
-542623 32800 1 541
-543092 8 1 12343
-543419 1088 1 773
-546083 1024 1 14759
-547259 256 2 113 167
-547327 8 1 49757
-547448 33554440 1 6221
-549604 8 1 12491
-551819 6144 1 313
-552967 2048 1 13487
-556955 6 1 15913
-557252 0 1 139313
-558347 0 2 281 1987
-558727 16 1 42979
-559028 32 1 8221
-560228 0 1 140057
-560552 67110912 1 1709
-561155 6 1 16033
-561755 2 2 283 397
-562063 131072 1 8389
-562264 33685504 1 1049
-562303 4 1 80329
-562571 320 1 1021
-563828 512 1 4547
-564563 0 2 199 2837
-564611 10240 1 293
-565412 0 1 141353
-565663 4 1 80809
-565832 67108864 1 70729
-567155 131074 1 1693
-568504 33554432 2 179 397
-568996 32768 1 2411
-569720 33554434 1 14243
-570436 0 1 142609
-571427 8392704 1 137
-572195 18 1 8803
-572383 4 1 81769
-572536 33587200 1 1213
-572695 8194 1 2437
-573604 0 1 143401
-573607 0 2 103 5569
-573703 16 1 44131
-573947 8 1 52177
-578536 67108868 1 10331
-579128 33554440 1 6581
-579155 2 1 115831
-580052 8 1 13183
-580088 33587200 1 1229
-581044 256 1 5009
-581167 0 2 601 967
-581668 0 1 145417
-583748 8 1 13267
-583876 0 1 145969
-585007 8389632 1 163
-585320 67108866 1 14633
-586120 67108866 1 14653
-586883 8 1 53353
-587108 0 1 146777
-588452 0 2 131 1123
-588655 2 1 117731
-589880 33554434 1 14747
-591032 33554448 1 5683
-592568 33554432 1 74071
-593956 8 1 13499
-594436 0 1 148609
-594680 33554434 1 14867
-595091 4 2 151 563
-596407 4 1 85201
-596948 8 1 13567
-597544 67108864 2 113 661
-598087 4100 1 1987
-598712 33685504 1 1117
-599204 32768 1 2539
-599651 16 2 193 239
-602884 0 1 150721
-606488 33562624 1 1613
-609943 32 1 35879
-610744 33554432 1 76343
-612131 16 1 47087
-612244 0 2 269 569
-613211 512 2 131 151
-613576 67108864 1 76697
-615364 0 1 153841
-616696 33554432 2 157 491
-617171 0 2 761 811
-617863 1024 1 16699
-618247 4 1 88321
-619715 2050 1 3023
-620612 0 1 155153
-622211 0 2 503 1237
-624299 16 1 48023
-625444 0 1 156361
-627848 67108880 1 6037
-627971 1048576 1 7949
-629335 6 1 17981
-629704 67108864 1 78713
-630328 33554432 1 78791
-630779 256 1 21751
-631423 16 1 48571
-632171 256 1 21799
-632335 10 1 11497
-632680 67108866 1 15817
-636920 33554434 1 15923
-639611 4 1 91373
-639655 2 1 127931
-641047 16777224 1 577
-643268 0 1 160817
-643931 128 1 27997
-644408 33554432 2 109 739
-644660 2 1 32233
-646756 8 1 14699
-647267 2048 1 15787
-647956 128 1 7043
-647983 4 1 92569
-648659 8 2 109 541
-648995 2 2 293 443
-649135 66 1 6833
-649615 2 2 173 751
-650963 256 1 22447
-652595 8194 1 2777
-654851 8192 1 13933
-655096 33554448 1 6299
-657467 0 2 179 3673
-660872 67108864 1 82609
-661283 36 1 5557
-663343 128 2 151 191
-663736 33554432 2 163 509
-664207 4194336 1 439
-665003 8192 1 14149
-665023 32 1 39119
-665627 16448 1 661
-666424 33554440 1 7573
-666587 32 2 113 347
-666943 0 2 673 991
-667207 128 1 29009
-667540 2 1 33377
-668027 0 2 197 3391
-669203 8388608 1 6899
-670771 32768 1 11369
-672212 0 2 163 1031
-673715 6 1 19249
-677080 33554434 1 16927
-677656 33554436 1 12101
-678676 0 2 383 443
-680363 128 1 29581
-680743 1048580 1 1231
-680887 2048 1 16607
-681752 33554944 1 2749
-682216 67125248 1 1609
-683524 0 1 170881
-685643 2052 1 2389
-686888 67108928 1 4519
-687947 16 1 52919
-692708 0 1 173177
-692948 0 2 191 907
-694667 0 2 191 3637
-695480 33554434 1 17387
-695560 67108866 1 17389
-696328 67108864 1 87041
-696899 260 1 3433
-697855 2 1 139571
-697988 0 2 211 827
-703115 6 1 20089
-703880 67108866 1 17597
-706451 8388608 1 7283
-708904 67108868 1 12659
-709543 4352 1 569
-710507 4 1 101501
-710579 0 2 197 3607
-712043 0 2 269 2647
-712532 16384 1 3361
-717343 8 1 65213
-717995 34 1 8447
-719819 0 2 149 4831
-721144 33554432 2 109 827
-721432 33554944 1 2909
-721643 16 1 55511
-726247 1048832 1 317
-726436 0 1 181609
-727355 2 1 145471
-729160 67108866 1 18229
-729188 0 1 182297
-729415 2 2 113 1291
-730772 4 1 26099
-731887 16 1 56299
-732103 0 2 191 3833
-734723 40 1 3929
-735016 68157440 1 1163
-736088 50331648 1 911
-736835 10 1 13397
-737140 2 1 36857
-737720 33554434 1 18443
-739912 67108864 1 92489
-740536 33554432 1 92567
-741755 6 1 21193
-742552 50331648 1 919
-743003 0 2 241 3083
-743407 65540 1 1741
-744803 4096 1 17321
-745636 64 1 9811
-746987 0 2 181 4127
-748036 0 1 187009
-748084 256 1 6449
-749743 0 2 239 3137
-750532 0 1 187633
-753155 18 1 11587
-753395 16386 1 2843
-753512 67108864 2 131 719
-753784 33587200 1 1597
-756107 8 1 68737
-757444 0 1 189361
-758167 1536 1 661
-760516 0 1 190129
-761224 67108864 1 95153
-761416 67108864 1 95177
-763543 2056 1 1693
-765323 48 1 3463
-766324 16 1 14737
-766327 16448 1 761
-767059 32768 1 13001
-767764 0 2 367 523
-768184 33554432 2 131 733
-768607 68 1 5779
-769336 33554432 1 96167
-769864 67108864 1 96233
-770939 528 1 1913
-771127 4 1 110161
-772067 1048832 1 337
-772360 67108866 1 19309
-772447 16 1 59419
-773732 0 1 193433
-774563 0 2 523 1481
-774932 0 2 151 1283
-777128 67108872 1 8831
-777428 0 2 263 739
-777587 0 2 421 1847
-777844 0 2 139 1399
-778292 0 2 179 1087
-778807 0 2 337 2311
-779108 8 1 17707
-779263 160 1 1993
-779972 0 2 227 859
-783128 33570816 1 1847
-784643 65600 1 677
-786440 67108866 1 19661
-787636 0 2 223 883
-788887 264 1 2473
-789247 2098176 1 257
-789583 320 1 1433
-790115 66 1 8317
-790183 0 2 151 5233
-790931 16779264 1 191
-793816 33685504 1 1481
-794651 24 1 5557
-794680 33554434 1 19867
-795635 2 2 227 701
-797252 0 1 199313
-798515 258 1 5507
-799355 2 1 159871
-799720 67108866 1 19993
-800603 320 1 1453
-801703 36 1 6737
-802408 67108928 1 5279
-806555 8388610 1 1663
-807652 64 1 10627
-810347 256 1 27943
-810676 0 2 389 521
-812767 0 2 373 2179
-812836 0 1 203209
-813131 264 1 2549
-814120 67108866 1 20353
-814595 2 2 197 827
-815432 67108864 1 101929
-815555 18 1 12547
-815588 0 1 203897
-816184 33554432 1 102023
-816280 33554434 1 20407
-816995 16386 1 3083
-817063 16 1 62851
-817924 0 1 204481
-818747 0 2 103 7949
-820355 2 1 164071
-823144 67108868 1 14699
-824116 0 2 179 1151
-825544 67109888 1 2789
-825587 32772 1 1999
-825755 6 1 23593
-826696 67108880 1 7949
-826787 16 1 63599
-829636 0 1 207409
-830627 4 1 118661
-831211 0 2 683 1217
-831379 0 2 337 2467
-832808 67108928 1 5479
-834676 262144 1 2939
-835012 64 1 10987
-836056 33554448 1 8039
-836659 512 2 137 197
-837607 288 1 1699
-839627 0 2 109 7703
-844628 32 1 12421
-845555 2 1 169111
-848023 8 1 77093
-849608 67174400 1 1741
-852727 8421376 1 149
-855587 256 2 163 181
-855992 33685504 1 1597
-857243 512 1 27653
-857252 8 1 19483
-860723 0 2 491 1753
-860743 524304 1 907
-861208 35651584 1 1297
-863291 24 1 6037
-863603 16 1 66431
-868699 80 1 3517
-872548 0 1 218137
-872867 1536 1 761
-872887 0 2 523 1669
-872987 256 1 30103
-874052 0 1 218513
-876899 4096 1 20393
-877252 0 1 219313
-877523 2080 1 1259
-877720 33554434 1 21943
-877924 0 2 139 1579
-878008 33554432 1 109751
-880952 33554432 1 110119
-881588 0 2 433 509
-882155 2 1 176431
-884104 67108880 1 8501
-886744 33554432 2 199 557
-888340 2 1 44417
-889787 0 2 211 4217
-890143 4096 2 127 163
-892504 33554688 1 3847
-892516 0 1 223129
-892660 2 1 44633
-894347 0 2 769 1163
-895684 0 1 223921
-896068 2097152 1 2699
-897091 16 2 151 457
-897259 8 1 81569
-897796 0 1 224449
-897995 6 1 25657
-901163 128 1 39181
-902164 2048 1 5501
-903428 131072 1 3371
-904292 0 2 331 683
-904423 272 1 2399
-907336 67108864 1 113417
-907492 0 2 307 739
-907643 8 2 109 757
-909007 40 1 4861
-909508 0 1 227377
-909923 4100 1 3023
-910595 6 1 26017
-910667 0 2 113 8059
-911108 8 1 20707
-911815 4098 1 4241
-911915 2 2 271 673
-912280 33554434 1 22807
-912424 67108896 1 6709
-912872 67125248 1 2153
-912916 128 1 9923
-913163 8192 1 19429
-913787 516 1 4211
-915928 33554448 1 8807
-915995 2 2 167 1097
-916063 2048 1 22343
-917608 67108992 1 4987
-918323 36 1 7717
-918739 0 2 571 1609
-919819 65568 1 887
-921155 2 1 184231
-921227 512 1 29717
-923896 33570816 1 2179
-928739 68 1 6983
-928744 67108896 1 6829
-931720 67108866 1 23293
-932536 33554440 1 10597
-933947 16777220 1 1321
-935284 4 1 33403
-935752 67108864 1 116969
-936611 16 1 72047
-936995 131074 1 2797
-937355 2 1 187471
-937619 0 2 191 4909
-939155 6 1 26833
-940472 33554448 1 9043
-943523 4 1 134789
-944747 8192 1 20101
-947224 33554432 2 167 709
-948515 34 1 11159
-949636 0 1 237409
-950104 33554432 2 113 1051
-950147 40 1 5081
-952499 128 1 41413
-954196 0 2 149 1601
-954563 1024 1 25799
-955540 2 1 47777
-955667 0 2 613 1559
-956579 16 1 73583
-956611 1048576 1 12109
-957755 2 1 191551
-961144 33554432 2 317 379
-962435 130 1 8369
-964835 34 1 11351
-966107 1024 1 26111
-966676 131072 1 3607
-967499 80 1 3917
-968555 6 1 27673
-969016 33587200 1 2053
-969160 67108866 1 24229
-969607 4096 1 22549
-969988 64 1 12763
-970756 0 1 242689
-972484 0 1 243121
-975587 131072 1 14561
-977099 32768 1 16561
-977579 16777216 1 9679
-978184 67108864 1 122273
-978232 33554432 1 122279
-978635 6 1 27961
-979060 2 1 48953
-979576 33554448 1 9419
-979579 0 2 523 1873
-980648 67109888 1 3313
-980987 4 2 353 397
-981128 67109120 1 4229
-981571 128 1 42677
-981755 130 1 8537
-982235 514 1 6337
-982447 32 1 57791
-982579 16 1 75583
-983027 0 2 233 4219
-983188 0 2 271 907
-983860 2 1 49193
-987604 1024 1 6673
-988168 67108864 2 149 829
-988216 33554432 1 123527
-989483 136 1 3911
-989572 0 1 247393
-992552 67108872 1 11279
-993587 4 1 141941
-993880 33554434 1 24847
-995527 16 1 76579
-996248 33554440 1 11321
-998344 67108864 1 124793
-998699 48 1 4519
-1000051 4112 1 1789
-1001251 0 2 359 2789
-1001507 2064 1 1879
-1001908 64 1 13183
-1002632 67108864 1 125329
-1003012 0 1 250753
-1004411 32 1 59083
-1005259 0 2 347 2897
-1006187 20 1 11057
-1007267 32 2 193 307
-1007368 67108864 1 125921
-1008203 524292 1 1973
-1009667 32768 2 109 157
-1011103 128 1 43961
-1011412 0 2 149 1697
-1015699 32 1 59747
-1016440 33554434 1 25411
-1017707 0 2 839 1213
-1018595 2 2 137 1487
-1018667 16 2 127 617
-1020184 33554440 1 11593
-1020244 2048 1 6221
-1020436 0 2 337 757
-1021336 33558528 1 2969
-1021715 2 2 127 1609
-1024808 67125248 1 2417
-1025044 65536 1 4201
-1026835 130 1 8929
-1026964 524288 1 3517
-1027955 2097154 1 2477
-1030427 64 2 193 281
-1030840 33554434 1 25771
-1031428 0 1 257857
-1034068 4 1 36931
-1034363 8 1 94033
-1035127 2048 1 25247
-1035227 0 2 521 1987
-1037987 557056 1 241
-1038916 0 2 179 1451
-1039240 67108866 1 25981
-1039540 2 1 51977
-1040248 33554440 1 11821
-1043272 67108864 1 130409
-1043555 2 2 113 1847
-1045207 0 2 383 2729
-1045883 2097152 1 12601
-1046260 2 1 52313
-1046884 0 1 261721
-1048067 32 1 61651
-1048660 2 1 52433
-1048931 16 1 80687
-1051355 1026 1 5683
-1051651 5120 1 661
-1052116 16 1 20233
-1052836 0 1 263209
-1053352 67108864 2 353 373
-1053784 33554432 2 157 839
-1055987 131072 1 15761
-1057283 0 2 673 1571
-1060067 64 1 55793
-1060667 0 2 269 3943
-1060771 0 2 227 4673
-1061432 33554432 1 132679
-1061944 33554448 1 10211
-1063892 8192 1 5659
-1063955 2 1 212791
-1064987 12 1 13831
-1065083 320 1 1933
-1065811 512 1 34381
-1067428 32768 1 4523
-1067755 18 1 16427
-1068376 35651584 1 1609
-1068520 67108866 1 26713
-1069480 67108866 1 26737
-1069771 0 2 113 9467
-1070779 32 1 62987
-1070968 33587200 1 2269
-1071155 2 2 283 757
-1072651 128 2 149 313
-1073524 0 2 349 769
-1074616 33554432 1 134327
-1075912 67108864 1 134489
-1078036 0 2 181 1489
-1079044 0 1 269761
-1082392 33554496 1 7121
-1084360 67108866 1 27109
-1086107 8 1 98737
-1086739 4096 2 127 199
-1086779 4194304 1 12211
-1087235 34 1 12791
-1089083 16779264 1 263
-1089739 2052 1 3797
-1089940 2 1 54497
-1089995 2 2 277 787
-1090360 33554434 1 27259
-1091320 33554434 1 27283
-1094468 0 1 273617
-1095736 33554688 1 4723
-1096667 24 1 7669
-1096687 544 1 2081
-1096712 67108864 1 137089
-1097716 1024 1 7417
-1099835 10 1 19997
-1100603 4 1 157229
-1100795 2 2 137 1607
-1100824 33555456 1 3719
-1102115 6 1 31489
-1102667 8448 1 809
-1103147 32 1 64891
-1105444 4096 1 6427
-1106740 2 1 55337
-1107995 6 1 31657
-1112680 67108866 1 27817
-1114648 33554432 2 277 503
-1115320 33554434 1 27883
-1116619 4 2 269 593
-1118243 36 1 9397
-1119832 33554436 1 19997
-1122244 0 1 280561
-1125683 16 2 131 661
-1127027 264 1 3533
-1127219 65568 1 1087
-1128635 16386 1 4259
-1130747 64 1 59513
-1132459 1024 2 127 241
-1132756 0 2 503 563
-1133539 8 1 103049
-1133572 8 1 25763
-1139704 33554432 2 109 1307
-1141960 67108866 1 28549
-1142584 33554496 1 7517
-1142915 2 2 179 1277
-1144763 32 1 67339
-1145915 514 1 7393
-1148296 67108864 1 143537
-1150216 67174400 1 2357
-1150427 0 2 353 3259
-1151795 2 2 223 1033
-1152619 16 1 88663
-1154011 32 1 67883
-1154152 71303168 1 1621
-1154488 33554432 1 144311
-1155515 32770 1 3917
-1156744 67108864 1 144593
-1157659 128 1 50333
-1159988 64 1 15263
-1160404 4 1 41443
-1161304 33554464 1 8539
-1161539 4194816 1 421
-1162283 512 1 37493
-1162715 34 1 13679
-1163464 67108864 1 145433
-1163731 192 1 2663
-1164259 131072 1 17377
-1165043 8 1 105913
-1165543 0 2 199 5857
-1165816 33558528 1 3389
-1166407 8 2 107 991
-1166747 66048 1 617
-1166771 64 1 61409
-1168456 67108864 1 146057
-1171384 33554432 1 146423
-1172968 67108864 2 151 971
-1173268 0 2 137 2141
-1173316 0 1 293329
-1176004 0 1 294001
-1176155 2 1 235231
-1176203 4 1 168029
-1176331 2064 1 2207
-1176563 1024 1 31799
-1176803 64 2 241 257
-1178260 2 1 58913
-1182568 67108992 1 6427
-1182683 128 1 51421
-1183651 4 1 169093
-1187128 33554432 2 179 829
-1187147 16400 1 1723
-1187320 33554434 1 29683
-1188568 50331648 1 1471
-1189624 33555456 1 4019
-1189912 33587200 1 2521
-1191443 4194312 1 1217
-1191796 131072 1 4447
-1193896 67108872 1 13567
-1195144 67108864 1 149393
-1195939 0 2 107 11177
-1197691 8 1 108881
-1198043 12 1 15559
-1201096 67108880 1 11549
-1202659 256 2 113 367
-1203155 2 1 240631
-1204235 2 2 227 1061
-1204307 16 1 92639
-1204456 67108872 1 13687
-1204984 33554440 1 13693
-1205963 40 1 6449
-1206568 67108872 1 13711
-1211539 36 1 10181
-1211732 128 1 13171
-1213636 0 1 303409
-1214104 33562624 1 3229
-1214680 33554434 1 30367
-1214747 1024 1 32831
-1215251 128 1 52837
-1219060 2 1 60953
-1220143 0 2 719 1697
-1220371 1024 1 32983
-1221139 128 1 53093
-1221256 67108864 1 152657
-1221448 67108864 1 152681
-1222907 2052 1 4261
-1225048 33554440 1 13921
-1225528 33554432 1 153191
-1226059 4096 1 28513
-1226243 0 2 587 2089
-1226824 67108864 1 153353
-1227331 4 1 175333
-1230388 131072 1 4591
-1232387 8208 1 2017
-1233460 2 1 61673
-1235272 67108864 1 154409
-1236107 0 2 113 10939
-1236635 2 2 167 1481
-1240744 67109376 1 5003
-1242196 1048576 1 3931
-1245443 0 2 439 2837
-1245755 6 1 35593
-1245940 2 1 62297
-1246763 36 1 10477
-1250296 33554432 2 373 419
-1251035 2 2 151 1657
-1251451 1024 2 149 227
-1252667 16 2 167 577
-1254107 32 1 73771
-1256371 2097152 1 15137
-1257943 0 2 223 5641
-1259128 33554448 1 12107
-1260347 8 1 114577
-1260995 2 2 107 2357
-1262776 33554688 1 5443
-1262932 8 1 28703
-1267915 10 1 23053
-1268884 0 2 149 2129
-1269355 2 1 253871
-1270411 512 2 107 383
-1274296 33554432 1 159287
-1277059 4 2 241 757
-1277956 0 1 319489
-1279240 67108866 1 31981
-1281467 8388616 1 1201
-1283611 4 1 183373
-1284568 33554432 2 211 761
-1285720 33554434 1 32143
-1286483 8 1 116953
-1288468 0 2 193 1669
-1289428 4 1 46051
-1289812 0 2 127 2539
-1295284 1048576 1 4099
-1297252 8 1 29483
-1298155 2 1 259631
-1298795 131074 1 3877
-1299880 67108866 1 32497
-1300744 67108864 1 162593
-1302451 0 2 571 2281
-1303891 512 1 42061
-1304827 0 2 157 8311
-1305352 67108864 1 163169
-1306232 33685504 1 2437
-1306936 33554432 1 163367
-1309396 8 1 29759
-1310915 2 2 239 1097
-1311331 516 1 6043
-1314184 67174400 1 2693
-1317607 1024 2 149 239
-1317640 67108866 1 32941
-1319251 262176 1 1093
-1319272 67109888 1 4457
-1320520 67108866 1 33013
-1320712 67108864 1 165089
-1320952 33554432 2 163 1013
-1322131 32768 1 22409
-1322596 8 1 30059
-1323064 33554432 1 165383
-1323707 12 1 17191
-1324355 2 1 264871
-1325003 64 1 69737
-1327288 33554432 2 251 661
-1330283 4194304 1 14947
-1330324 2097152 1 4007
-1330883 16384 1 25111
-1332211 0 2 709 1879
-1339540 2 1 66977
-1339739 0 2 1123 1193
-1341460 2 1 67073
-1341796 0 1 335449
-1342504 67110912 1 4093
-1343224 33554496 1 8837
-1344340 2 1 67217
-1344443 0 2 617 2179
-1344691 1024 1 36343
-1345684 128 1 14627
-1346116 0 1 336529
-1346536 67108896 1 9901
-1347112 67108880 1 12953
-1347256 35651584 1 2029
-1347467 8 1 122497
-1348643 131072 1 20129
-1350280 67108866 1 33757
-1350724 0 1 337681
-1351288 33570816 1 3187
-1355188 4096 1 7879
-1358723 8192 1 28909
-1360907 4096 1 31649
-1361155 2 1 272231
-1365355 34 1 16063
-1367944 83886080 1 1693
-1368376 33554432 1 171047
-1369355 18 1 21067
-1369547 131072 1 20441
-1371139 12 1 17807
-1371155 131074 1 4093
-1371211 64 1 72169
-1373812 8 1 31223
-1375816 67108880 1 13229
-1375924 8 1 31271
-1376059 512 1 44389
-1379512 33554432 1 172439
-1381876 1024 1 9337
-1383235 6 1 39521
-1383268 0 1 345817
-1384120 33554434 1 34603
-1384216 33816576 1 2437
-1385848 33554432 2 211 821
-1386323 32768 1 23497
-1386868 4 1 49531
-1390883 8388624 1 1103
-1391155 130 1 12097
-1392227 4194304 1 15643
-1392979 4 1 198997
-1394179 0 2 977 1427
-1394843 0 2 337 4139
-1395691 8 2 181 701
-1396171 4 1 199453
-1397507 64 1 73553
-1400692 0 2 241 1453
-1404155 524290 1 3847
-1404484 0 1 351121
-1405384 67108864 1 175673
-1408891 8 2 263 487
-1408936 67109120 1 6073
-1410755 2 2 283 997
-1415555 2 1 283111
-1420696 33554432 2 257 691
-1421483 65540 1 3329
-1422139 4096 1 33073
-1422947 65536 1 23327
-1423672 33554432 2 251 709
-1424419 512 1 45949
-1427080 67108866 1 35677
-1428292 0 1 357073
-1431880 67108866 1 35797
-1432516 0 2 107 3347
-1432568 33554432 2 331 541
-1436788 512 1 11587
-1437107 4 2 239 859
-1437304 33554440 1 16333
-1437652 0 2 107 3359
-1438955 6 1 41113
-1440280 33554434 1 36007
-1441115 18 1 22171
-1444099 32 1 84947
-1445128 67109120 1 6229
-1452259 32 1 85427
-1453252 0 1 363313
-1453684 16384 1 6857
-1455364 0 1 363841
-1456067 8388640 1 883
-1456459 0 2 457 3187
-1458004 256 1 12569
-1458259 4104 1 3083
-1458515 34 1 17159
-1458739 10240 1 757
-1459307 0 2 797 1831
-1459540 2 1 72977
-1459972 0 1 364993
-1460308 0 2 181 2017
-1460728 33554432 2 157 1163
-1461019 1028 1 5641
-1461364 0 2 103 3547
-1461640 67108866 1 36541
-1463476 4 1 52267
-1465603 64 1 77137
-1468708 4096 1 8539
-1470184 67109120 1 6337
-1471955 2 1 294391
-1474936 33554432 2 331 557
-1477667 4194304 1 16603
-1479259 0 2 607 2437
-1479979 0 2 661 2239
-1483588 0 1 370897
-1485940 2 1 74297
-1486067 16392 1 2549
-1487284 4096 1 8647
-1488691 0 2 107 13913
-1492699 16 2 199 577
-1493332 512 1 12043
-1493371 8 2 349 389
-1493843 16 2 151 761
-1495171 65536 2 127 193
-1496179 4194304 1 16811
-1497035 262146 1 4217
-1499320 33554434 1 37483
-1500040 67108866 1 37501
-1501219 32 2 233 379
-1501915 2 2 131 2293
-1502776 33554440 1 17077
-1503364 0 1 375841
-1504468 4 1 53731
-1505123 1088 1 2141
-1508152 33554432 1 188519
-1510787 65536 1 24767
-1511764 0 2 139 2719
-1511899 0 2 353 4283
-1512772 0 1 378193
-1514035 1048578 1 3833
-1514308 0 2 347 1091
-1516307 16 1 116639
-1518232 50331648 1 1879
-1520404 1024 1 10273
-1521112 33554432 2 107 1777
-1521832 67108880 1 14633
-1524088 33587200 1 3229
-1524755 2 2 467 653
-1525699 36 1 12821
-1527155 6 1 43633
-1528883 0 2 239 6397
-1529704 67108872 1 17383
-1529755 2 2 163 1877
-1530808 33554432 2 179 1069
-1531643 0 2 599 2557
-1538872 33554432 2 149 1291
-1539352 33554432 2 317 607
-1539736 33554440 1 17497
-1540228 0 1 385057
-1540651 8388612 1 2269
-1541371 16 2 139 853
-1541387 0 2 137 11251
-1543219 2097152 1 18593
-1544371 1048576 2 113 173
-1544632 33570816 1 3643
-1547747 33792 1 709
-1551155 2 1 310231
-1551211 0 2 337 4603
-1551448 37748736 1 2179
-1551739 4 1 221677
-1551835 2 2 149 2083
-1552840 67108866 1 38821
-1553668 64 1 20443
-1554947 0 2 797 1951
-1555972 8 1 35363
-1556971 16 2 229 523
-1558699 1024 2 103 409
-1559524 4096 1 9067
-1560571 512 1 50341
-1562068 128 1 16979
-1562387 18432 1 719
-1568899 128 1 68213
-1569211 4 2 373 601
-1571128 33554448 1 15107
-1572139 16384 1 29663
-1572388 0 1 393097
-1574299 131072 1 23497
-1575347 64 1 82913
-1575748 0 2 211 1867
-1577611 4 1 225373
-1577992 67108880 1 15173
-1579960 33554434 1 39499
-1581571 0 2 1093 1447
-1583387 528 1 3929
-1584683 0 2 317 4999
-1585816 33554496 1 10433
-1585939 65536 1 25999
-1586035 10 1 28837
-1588792 33554432 1 198599
-1589011 0 2 449 3539
-1589284 2097152 1 4787
-1592488 67108864 2 137 1453
-1594504 67108864 1 199313
-1596355 8194 1 6793
-1596691 32 1 93923
-1598392 33554432 1 199799
-1598995 2097154 1 3853
-1599323 8 2 347 419
-1599748 0 1 399937
-1600843 4194304 1 17987
-1602355 2 1 320471
-1605019 16 2 331 373
-1607812 0 1 401953
-1608388 64 1 21163
-1609555 2 1 321911
-1610548 0 2 167 2411
-1612955 2 1 322591
-1614052 8 1 36683
-1618360 33554434 1 40459
-1618996 0 2 127 3187
-1619908 0 1 404977
-1620340 2 1 81017
-1622248 67108864 2 199 1019
-1623880 67108866 1 40597
-1630696 67108864 2 103 1979
-1633348 0 1 408337
-1634536 67141632 1 3463
-1635508 4 1 58411
-1635595 18 1 25163
-1635880 67108866 1 40897
-1638712 33554496 1 10781
-1638808 33554432 2 127 1613
-1641448 67108928 1 10799
-1642315 130 1 14281
-1642888 67108880 1 15797
-1643512 33554448 1 15803
-1645588 4 1 58771
-1645819 4 1 235117
-1647160 33554434 1 41179
-1649320 67108866 1 41233
-1650388 128 1 17939
-1651307 4 1 235901
-1651763 0 2 461 3583
-1652068 8 1 37547
-1652435 130 1 14369
-1652851 0 2 113 14627
-1653556 32 1 24317
-1653832 67174400 1 3389
-1655251 16 2 157 811
-1655284 0 2 227 1823
-1655848 67108864 2 263 787
-1656388 0 1 414097
-1658603 8388608 1 17099
-1659208 67108864 1 207401
-1661272 33554432 2 281 739
-1666699 64 1 87721
-1670179 4 2 397 601
-1670243 8519680 1 257
-1671571 136 1 6607
-1672955 1026 1 9043
-1673779 65664 1 1193
-1673812 4 1 59779
-1674040 33554434 1 41851
-1674520 33554434 1 41863
-1675144 67108864 1 209393
-1676603 32768 2 157 181
-1676932 2097152 1 5051
-1677619 0 2 109 15391
-1677923 16 2 337 383
-1678099 64 1 88321
-1679027 4 2 131 1831
-1679147 65536 1 27527
-1679243 32 1 98779
-1679476 0 2 293 1433
-1680292 0 1 420073
-1680931 4 2 439 547
-1682740 2 1 84137
-1682932 32 1 24749
-1683331 528 1 4177
-1687195 2 2 127 2657
-1687480 33554434 1 42187
-1687547 512 1 54437
-1687747 0 2 1031 1637
-1690531 32 2 277 359
-1690891 128 1 73517
-1691032 33554436 1 30197
-1691131 16 1 130087
-1692259 1049088 1 691
-1694251 16400 1 2459
-1697179 8 2 277 557
-1697848 35651584 1 2557
-1698595 2097154 1 4093
-1701107 1114112 1 353
-1702852 0 1 425713
-1703059 65536 1 27919
-1705720 33554434 1 42643
-1707203 16777216 1 16903
-1707835 524290 1 4679
-1709572 131072 1 6379
-1710772 4 1 61099
-1711579 0 2 127 13477
-1712363 256 2 137 431
-1713091 524800 1 757
-1713955 2 1 342791
-1715512 33554432 1 214439
-1717315 66 1 18077
-1719028 0 2 367 1171
-1719352 33554688 1 7411
-1719988 1048576 1 5443
-1720228 0 1 430057
-1720468 32 1 25301
-1720504 33554432 1 215063
-1720579 4 2 271 907
-1722196 4 1 61507
-1723667 262152 1 2207
-1728563 64 1 90977
-1730308 0 1 432577
-1732187 262656 1 787
-1733992 67108880 1 16673
-1736731 327680 1 401
-1739908 0 1 434977
-1739995 4098 1 8093
-1740803 0 2 103 16901
-1741771 0 2 227 7673
-1743499 0 2 881 1979
-1746328 33554496 1 11489
-1748971 4 1 249853
-1751659 20 1 19249
-1755923 80 1 7109
-1757227 65536 1 28807
-1758571 4096 1 40897
-1761652 262144 1 6203
-1763428 64 1 23203
-1764772 0 1 441193
-1766392 33554496 1 11621
-1767715 2050 1 8623
-1767811 8448 1 1297
-1768579 0 2 173 10223
-1768699 2048 2 179 241
-1771192 33554432 1 221399
-1775848 67117056 1 4723
-1777528 35651584 1 2677
-1786744 33554432 2 173 1291
-1787723 2052 1 6229
-1788148 0 2 409 1093
-1788340 2 1 89417
-1790011 0 2 467 3833
-1794232 33554440 1 20389
-1794628 8 1 40787
-1795523 32 1 105619
-1797691 4 1 256813
-1797892 0 1 449473
-1798120 67108866 1 44953
-1799539 4 1 257077
-1800379 4 2 311 827
-1800635 514 1 11617
-1800856 33554432 2 229 983
-1801288 67108864 1 225161
-1802899 1028 1 6961
-1803028 0 2 113 3989
-1809880 33554434 1 45247
-1810459 4 1 258637
-1810891 1056 1 2879
-1813339 40 1 9697
-1813867 8 2 269 613
-1814243 16384 1 34231
-1814779 0 2 193 9403
-1816132 0 1 454033
-1816723 64 1 95617
-1817011 36 1 15269
-1818859 4 1 259837
-1818907 16384 1 34319
-1820872 67108864 1 227609
-1822168 33558528 1 5297
-1822643 0 2 359 5077
-1823032 33554432 2 181 1259
-1823987 8 1 165817
-1823995 16386 1 6883
-1824964 0 1 456241
-1827208 67109888 1 6173
-1830088 67108880 1 17597
-1830499 8 1 166409
-1835243 0 2 919 1997
-1835464 67108864 1 229433
-1838152 67108864 1 229769
-1840387 32768 1 31193
-1841428 131072 1 6871
-1842184 67108864 1 230273
-1842451 16 2 239 593
-1845688 33554448 1 17747
-1848088 33554440 1 21001
-1848760 33554434 1 46219
-1851499 524304 1 1951
-1854499 0 2 283 6553
-1854691 0 2 223 8317
-1859539 8 1 169049
-1860019 4 1 265717
-1860091 0 2 311 5981
-1861348 0 1 465337
-1861715 66 1 19597
-1863635 2 2 199 1873
-1866427 192 1 4271
-1868315 1026 1 10099
-1873547 528 1 4649
-1873588 131072 1 6991
-1874308 0 1 468577
-1874539 544 1 3557
-1875112 67117056 1 4987
-1875208 67108864 2 157 1493
-1875268 0 1 468817
-1875667 0 2 137 13691
-1876667 16 2 241 599
-1878347 32 1 110491
-1878859 0 2 317 5927
-1881928 67108864 1 235241
-1881988 64 1 24763
-1882132 4 1 67219
-1882372 0 1 470593
-1884472 33554432 1 235559
-1884808 67108864 1 235601
-1885480 67108866 1 47137
-1885720 33554434 1 47143
-1886323 16384 1 35591
-1888891 0 2 193 9787
-1889848 33554432 1 236231
-1892323 0 2 1297 1459
-1892851 0 2 1051 1801
-1893883 512 2 199 307
-1894456 33554432 1 236807
-1895395 2 2 137 2767
-1895860 2 1 94793
-1898491 4 2 367 739
-1898747 65568 1 1831
-1899208 67108864 1 237401
-1900264 67108864 2 179 1327
-1904635 2 2 167 2281
-1905379 4 2 293 929
-1905892 0 2 227 2099
-1906552 33685504 1 3557
-1909411 2052 1 6653
-1909667 1048704 1 1051
-1909720 33554434 1 47743
-1914952 67108880 1 18413
-1915768 50331648 1 2371
-1916392 67108864 2 421 569
-1917172 1048576 1 6067
-1918792 67108864 1 239849
-1919752 67108864 2 317 757
-1920355 2 2 433 887
-1920755 2 1 384151
-1924171 264192 1 661
-1925371 4 1 275053
-1926520 33554434 1 48163
-1928491 0 2 239 8069
-1928515 65538 1 6323
-1930411 4 1 275773
-1931635 66 1 20333
-1934491 131088 1 2221
-1936555 34 1 22783
-1943539 16 1 149503
-1944232 67108928 1 12791
-1945555 2 1 389111
-1945912 33554432 1 243239
-1946632 67174400 1 3989
-1946968 33554496 1 12809
-1947451 520 1 5711
-1948531 1040 1 4051
-1952611 64 1 102769
-1952632 33554440 1 22189
-1952644 0 1 488161
-1953112 33554436 1 34877
-1954099 36 1 16421
-1956019 16 2 379 397
-1956052 4 1 69859
-1957768 67108864 1 244721
-1963195 18 1 30203
-1964308 0 2 683 719
-1964779 256 1 67751
-1965940 2 1 98297
-1965955 2 1 393191
-1966531 4 1 280933
-1966840 33554434 1 49171
-1966948 0 1 491737
-1968628 64 1 25903
-1970147 32 1 115891
-1971352 33554944 1 7949
-1971619 1040 1 4099
-1971688 67108864 2 193 1277
-1971955 2 2 457 863
-1973987 1536 1 1721
-1976035 2 2 227 1741
-1979944 67109888 1 6689
-1980568 33554464 1 14563
-1981336 33554436 1 35381
-1982740 2 1 99137
-1984067 524288 1 27179
-1984084 0 2 149 3329
-1990555 6 1 56873
-1991188 0 2 283 1759
-1992955 2 1 398591
-1995355 2 1 399071
-1995652 2097152 1 6011
-2002648 33554432 2 173 1447
-2003003 512 1 64613
-2003908 0 1 500977
-2004868 0 1 501217
-2005283 4 1 286469
-2006363 1048576 2 109 233
-2009179 524320 1 1619
-2010235 2 2 409 983
-2012731 2052 1 7013
-2013139 32768 2 149 229
-2013451 8 1 183041
-2015428 0 1 503857
-2016091 12 1 26183
-2016772 0 2 571 883
-2017819 65600 1 1741
-2018932 8192 1 10739
-2019451 4 1 288493
-2019832 33619968 1 4139
-2020120 33554434 1 50503
-2022148 0 1 505537
-2022739 8192 1 43037
-2023219 8 2 193 953
-2025172 64 1 26647
-2029912 37748736 1 2851
-2030779 512 2 109 601
-2035291 32 1 119723
-2036920 33554434 1 50923
-2038099 132 1 12659
-2039195 2 2 313 1303
-2039572 0 2 443 1151
-2041912 33554432 1 255239
-2041987 64 1 107473
-2042131 20 1 22441
-2043112 67110912 1 6229
-2044708 0 1 511177
-2044939 16 1 157303
-2046691 0 2 311 6581
-2046947 4 2 191 1531
-2047672 33554440 1 23269
-2047939 32 2 179 673
-2048308 0 2 401 1277
-2049755 2 1 409951
-2051635 2 2 181 2267
-2054116 0 1 513529
-2056840 67108866 1 51421
-2059187 16 2 151 1049
-2060371 0 2 499 4129
-2061467 8320 1 1907
-2061928 67108872 1 23431
-2062819 8 2 277 677
-2063752 67174400 1 4229
-2064211 0 2 937 2203
-2064472 33554432 2 151 1709
-2064952 33554432 1 258119
-2065555 2 1 413111
-2065828 0 1 516457
-2068907 0 2 173 11959
-2069635 2 2 359 1153
-2075995 131074 1 6197
-2076115 2 2 277 1499
-2077843 65664 1 1481
-2079283 0 2 1433 1451
-2080195 18 1 32003
-2081155 130 1 18097
-2081752 33554464 1 15307
-2084308 0 2 103 5059
-2084363 0 2 1049 1987
-2089435 130 1 18169
-2090731 0 2 181 11551
-2092747 128 1 90989
-2093188 0 1 523297
-2099032 33554448 1 20183
-2099668 0 2 131 4007
-2100379 1024 1 56767
-2101963 0 2 193 10891
-2102027 64 2 317 349
-2102788 0 1 525697
-2103707 65536 1 34487
-2103739 8 1 191249
-2109331 4 1 301333
-2109347 16384 1 39799
-2110195 16386 1 7963
-2112547 528384 1 673
-2117947 16 2 197 827
-2120267 64 1 111593
-2122027 4194304 2 113 211
-2124712 67108864 2 349 761
-2124931 4096 1 49417
-2126251 256 2 157 467
-2127352 33555456 1 7187
-2132152 33554440 1 24229
-2136619 8388608 1 22027
-2138539 16 1 164503
-2138740 2 1 106937
-2138755 2 1 427751
-2139443 262144 1 30133
-2139832 33554432 1 267479
-2140171 264 1 6709
-2140939 64 2 281 401
-2141752 33554432 1 267719
-2142107 8 2 193 1009
-2142235 2 2 199 2153
-2145259 0 2 761 2819
-2147179 0 2 359 5981
-2148331 1536 1 1873
-2149240 33554434 1 53731
-2153272 33554440 1 24469
-2155108 0 1 538777
-2155243 8388640 1 1307
-2155771 512 2 197 353
-2155960 33554434 1 53899
-2159812 131072 1 8059
-2159899 8388612 1 3181
-2160568 33554432 1 270071
-2160859 0 2 251 8609
-2163208 67108864 2 317 853
-2166091 1024 1 58543
-2166259 1048608 1 1613
-2166739 0 2 1259 1721
-2172355 2 1 434471
-2177371 524292 1 4261
-2177572 32768 1 9227
-2178772 16777216 1 5393
-2179555 6 1 62273
-2180323 66048 1 1153
-2180395 6 1 62297
-2181595 18 1 33563
-2182651 2097152 1 26297
-2183251 65540 1 5113
-2184019 256 2 127 593
-2184355 2 1 436871
-2186728 67174400 1 4481
-2187619 4 1 312517
-2188147 16 2 281 599
-2189059 16384 2 103 401
-2189188 0 2 227 2411
-2192068 64 1 28843
-2194195 8194 1 9337
-2195395 1026 1 11867
-2200067 64 1 115793
-2200948 0 2 257 2141
-2201987 6144 1 1249
-2202952 67108864 2 509 541
-2203651 524288 1 30187
-2204251 132 1 13691
-2204308 524288 1 7549
-2205715 32770 1 7477
-2207179 16 1 169783
-2207995 2 2 383 1153
-2209099 32 2 199 653
-2211067 196608 1 541
-2211928 33554432 2 283 977
-2212363 32 2 181 719
-2213003 16 1 170231
-2213035 10 1 40237
-2217595 1026 1 11987
-2218555 2 1 443711
-2219512 33554432 2 421 659
-2220563 4096 2 113 457
-2220619 0 2 571 3889
-2221339 2080 1 3187
-2225507 0 2 179 12433
-2227795 2 2 113 3943
-2228107 4 1 318301
-2228248 33554440 1 25321
-2228488 67108864 1 278561
-2228843 33792 1 1021
-2229091 160 1 5701
-2230099 65536 1 36559
-2230792 67108864 1 278849
-2231131 36 1 18749
-2231467 4 1 318781
-2232115 2 2 433 1031
-2233912 33555456 1 7547
-2234059 128 2 137 709
-2235571 16 2 383 449
-2236084 0 2 239 2339
-2240632 33554496 1 14741
-2242403 0 2 941 2383
-2243131 8 1 203921
-2243147 0 2 523 4289
-2243755 16386 1 8467
-2244628 0 2 281 1997
-2246251 4 2 107 2999
-2246968 33554432 1 280871
-2247307 128 2 199 491
-2248459 0 2 787 2857
-2249272 33554432 1 281159
-2250019 0 2 541 4159
-2250139 256 1 77591
-2251972 0 2 251 2243
-2252932 8 1 51203
-2255848 67108868 1 40283
-2258068 8192 1 12011
-2259355 6 1 64553
-2259467 4 1 322781
-2260043 2048 2 199 277
-2260708 0 1 565177
-2262947 128 1 98389
-2263339 16 2 151 1153
-2265619 2048 1 55259
-2270123 4194432 1 1109
-2271208 67109888 1 7673
-2273731 524288 1 31147
-2279107 64 1 119953
-2279443 0 2 347 6569
-2282260 2 1 114113
-2285627 2048 2 107 521
-2285971 1536 1 1993
-2286811 0 2 569 4019
-2287219 8 2 337 617
-2289988 0 1 572497
-2290228 0 2 107 5351
-2291155 2 2 257 1783
-2291611 4 2 269 1217
-2292139 0 2 293 7823
-2293411 512 2 167 443
-2293843 0 2 829 2767
-2294483 2048 2 191 293
-2294884 131072 1 8563
-2295352 33554496 1 15101
-2296891 64 1 120889
-2297003 256 2 103 769
-2297155 6 1 65633
-2298043 40 1 12289
-2298547 0 2 1151 1997
-2299588 0 2 547 1051
-2299768 33554432 2 389 739
-2300027 4198400 1 601
-2301832 67108880 1 22133
-2301835 65538 1 7547
-2303128 33554560 1 12517
-2303428 0 1 575857
-2305192 67108864 2 193 1493
-2305480 67108866 1 57637
-2305579 0 2 467 4937
-2305795 34 1 27127
-2307352 33554432 2 379 761
-2309515 18 1 35531
-2312836 0 1 578209
-2313307 64 2 109 1117
-2315987 65536 1 37967
-2322244 0 1 580561
-2322379 1152 1 2729
-2322787 532480 1 677
-2331268 0 2 491 1187
-2336515 2 2 281 1663
-2336779 0 2 773 3023
-2337355 2 1 467471
-2339203 0 2 467 5009
-2341588 0 2 107 5471
-2343043 0 2 401 5843
-2343403 320 1 4253
-2344171 4194304 1 26339
-2346715 6 1 67049
-2346907 0 2 971 2417
-2347531 0 2 1459 1609
-2348323 128 1 102101
-2348971 256 2 107 757
-2351003 64 1 123737
-2352355 2 1 470471
-2354488 33554432 1 294311
-2358835 34 1 27751
-2360248 33554440 1 26821
-2360611 131080 1 3203
-2361763 0 2 463 5101
-2362459 8 2 293 733
-2364107 20971520 1 263
-2364712 67108868 1 42227
-2365828 0 1 591457
-2367067 768 1 2633
-2368228 0 1 592057
-2368987 0 2 521 4547
-2369587 8 1 215417
-2374651 0 2 107 22193
-2374987 0 2 1423 1669
-2375899 0 2 239 9941
-2378683 128 1 103421
-2379139 262148 1 4787
-2379859 2113536 1 541
-2381251 64 1 125329
-2381683 288 1 4831
-2382523 24 1 16661
-2382619 4194368 1 1409
-2382808 33554432 2 149 1999
-2383267 0 2 593 4019
-2384011 4 1 340573
-2384152 33570816 1 5623
-2387627 8 1 217057
-2389171 128 2 109 953
-2390212 8 1 54323
-2391208 67108864 2 499 599
-2391307 16384 1 45119
-2392643 8 2 443 491
-2395027 8388608 1 24691
-2396155 2 1 479231
-2396788 0 2 601 997
-2405515 6 1 68729
-2410243 40 1 12889
-2410531 0 2 131 18401
-2410552 33554432 1 301319
-2410948 64 1 31723
-2411179 1024 1 65167
-2411323 8388608 1 24859
-2411923 0 2 151 15973
-2415211 0 2 1201 2011
-2418091 16 1 186007
-2418568 67108864 2 149 2029
-2419528 67109120 1 10429
-2420155 2 2 157 3083
-2421323 0 2 607 3989
-2422723 1024 1 65479
-2424331 20 1 26641
-2426008 33554448 1 23327
-2429128 67108880 1 23357
-2429467 16512 1 1993
-2429755 131074 1 7253
-2431067 1048576 1 30773
-2435371 262144 1 34301
-2435512 33554432 1 304439
-2435659 0 2 1399 1741
-2435947 32 1 143291
-2436520 67108866 1 60913
-2438308 64 1 32083
-2440099 8192 2 193 269
-2441908 4 1 87211
-2443043 0 2 167 14629
-2444248 33554432 2 277 1103
-2447419 528 1 6073
-2448547 16384 1 46199
-2448955 2 1 489791
-2450851 16 1 188527
-2451139 1536 1 2137
-2452651 128 1 106637
-2453572 8 1 55763
-2454211 64 1 129169
-2454712 33554448 1 23603
-2457715 18 1 37811
-2457827 2048 2 151 397
-2458219 0 2 421 5839
-2458228 0 2 479 1283
-2458795 34 1 28927
-2462563 0 2 191 12893
-2462971 4 2 331 1063
-2463259 0 2 193 12763
-2463523 2228224 1 443
-2467252 0 2 577 1069
-2470651 4096 1 57457
-2478088 67108864 2 157 1973
-2479195 34 1 29167
-2479771 4 1 354253
-2483188 65536 1 10177
-2483512 33554432 1 310439
-2484619 512 1 80149
-2484952 33554688 1 10711
-2485048 33554496 1 16349
-2485732 64 1 32707
-2486923 16777216 1 24623
-2489524 0 2 131 4751
-2492467 131072 1 37201
-2494312 67108864 2 167 1867
-2498920 67108866 1 62473
-2503315 2 2 179 2797
-2505112 33554496 1 16481
-2505235 262146 1 7057
-2505739 4160 1 3067
-2506120 67108866 1 62653
-2509732 0 1 627433
-2512243 32 1 147779
-2514643 0 2 641 3923
-2518411 8388612 1 3709
-2519668 524288 1 8629
-2520091 4 2 173 2081
-2520568 33554432 2 509 619
-2525467 4 1 360781
-2527507 1024 1 68311
-2527915 18 1 38891
-2528507 0 2 701 3607
-2529355 2 1 505871
-2530852 0 1 632713
-2531971 16 1 194767
-2532811 32768 1 42929
-2533732 4096 1 14731
-2537035 8388610 1 5231
-2537371 0 2 193 13147
-2537395 6 1 72497
-2538328 33554448 1 24407
-2538355 34 1 29863
-2540731 0 2 157 16183
-2545048 33554440 1 28921
-2551267 0 2 193 13219
-2551555 2 1 510311
-2554948 8 1 58067
-2555395 16386 1 9643
-2558299 32768 2 131 331
-2558755 34 1 30103
-2559115 18 1 39371
-2561515 10 1 46573
-2562772 0 2 151 4243
-2563432 67141632 1 5431
-2563492 0 1 640873
-2564248 33555456 1 8663
-2564872 67108864 1 320609
-2566312 67108868 1 45827
-2568379 8 1 233489
-2568868 0 1 642217
-2574955 2 2 107 4813
-2575315 2 2 227 2269
-2575672 33554440 1 29269
-2576587 8208 1 4217
-2580628 0 2 241 2677
-2581315 10 1 46933
-2582452 1024 1 17449
-2583028 4 1 92251
-2583715 66 1 27197
-2585851 65536 1 42391
-2586163 0 2 457 5659
-2587720 67108866 1 64693
-2588707 8 1 235337
-2590435 262146 1 7297
-2591203 128 2 113 997
-2593915 2 2 113 4591
-2594740 2 1 129737
-2598563 136 1 10271
-2598691 0 2 373 6967
-2599864 33554432 1 324983
-2601355 524290 1 7127
-2601667 0 2 1249 2083
-2602843 0 2 233 11171
-2603155 2 1 520631
-2606008 33554432 1 325751
-2607547 16384 1 49199
-2608987 0 2 811 3217
-2609323 0 2 223 11701
-2609611 512 1 84181
-2611771 0 2 103 25357
-2612323 4 2 157 2377
-2621155 2 1 524231
-2621395 6 1 74897
-2622355 4098 1 12197
-2622955 2 1 524591
-2623252 0 2 197 3329
-2623627 32 2 157 983
-2623828 0 2 769 853
-2624947 16 1 201919
-2625331 0 2 137 19163
-2626579 64 1 138241
-2627155 2 1 525431
-2627251 8 1 238841
-2630755 131074 1 7853
-2631355 2 1 526271
-2631707 8388624 1 2087
-2633059 24 1 18413
-2633347 32768 1 44633
-2636419 256 1 90911
-2638408 67108864 1 329801
-2638531 4 1 376933
-2638883 2064 1 4951
-2641699 0 2 389 6791
-2645659 32 1 155627
-2645668 0 1 661417
-2648627 0 2 661 4007
-2648755 2 1 529751
-2648803 65536 2 173 251
-2650483 8 1 240953
-2652163 532480 1 773
-2656852 8 1 60383
-2657299 256 1 91631
-2657608 67108864 1 332201
-2664211 8 1 242201
-2665507 16 2 379 541
-2667988 1048576 1 8443
-2668891 0 2 809 3299
-2669827 4352 1 2141
-2679067 0 2 211 12697
-2679112 67108864 1 334889
-2680043 512 1 86453
-2680747 262176 1 2221
-2685688 33554496 1 17669
-2687107 0 2 1109 2423
-2688931 4 1 384133
-2693299 4 1 384757
-2693635 6 1 76961
-2693803 36 1 22637
-2694955 2 2 223 2417
-2695819 4 2 103 3739
-2695828 32768 1 11423
-2695972 0 2 107 6299
-2696068 0 1 674017
-2696248 33554432 1 337031
-2700907 72 1 12923
-2701435 10 1 49117
-2702035 6 1 77201
-2705323 256 1 93287
-2705812 128 1 29411
-2707060 2 1 135353
-2708659 1088 1 3853
-2709187 16 2 271 769
-2709595 6 1 77417
-2709652 8 1 61583
-2710267 4 2 313 1237
-2710948 0 1 677737
-2711032 33554432 2 349 971
-2712259 8 1 246569
-2712952 33554440 1 30829
-2714395 16386 1 10243
-2715163 8 1 246833
-2717203 16777216 1 26903
-2717320 67108866 1 67933
-2719387 8 2 173 1429
-2721412 0 1 680353
-2722283 0 2 113 24091
-2726155 2 1 545231
-2727859 65536 2 197 227
-2728219 32784 1 3557
-2731051 34816 1 1129
-2734507 532480 1 797
-2735419 32 1 160907
-2736979 262148 1 5507
-2737163 24 1 19141
-2741179 4 2 193 2029
-2742883 24 1 19181
-2743528 67108896 1 20173
-2744923 147456 1 773
-2745547 4 1 392221
-2746612 8 1 62423
-2746915 8194 1 11689
-2747155 2 1 549431
-2753419 4096 1 64033
-2753443 12 1 35759
-2753731 0 2 389 7079
-2755003 32 1 162059
-2756251 128 2 293 409
-2756467 4 2 379 1039
-2758228 8 1 62687
-2758315 6 1 78809
-2759491 36 1 23189
-2759755 2 1 551951
-2761427 0 2 751 3677
-2763979 160 1 7069
-2767267 1280 1 2579
-2769331 0 2 241 11491
-2773288 67108868 1 49523
-2776888 33554496 1 18269
-2783803 8388616 1 2609
-2784667 256 2 131 733
-2789059 20 1 30649
-2790712 33554432 1 348839
-2793352 67109888 1 9437
-2794363 24 1 19541
-2794408 67108992 1 15187
-2795368 67109120 1 12049
-2798251 32 2 241 683
-2798392 33554432 2 499 701
-2802187 8192 1 59621
-2811067 16388 1 7577
-2811139 0 2 829 3391
-2811832 33554432 1 351479
-2812132 0 1 703033
-2812435 2 2 347 1621
-2813395 18 1 43283
-2818579 0 2 727 3877
-2819128 33554448 1 27107
-2821003 0 2 269 10487
-2823187 0 2 173 16319
-2826907 4194432 1 1381
-2829832 67108864 2 277 1277
-2832979 1152 1 3329
-2836867 264 1 8893
-2837332 0 2 331 2143
-2838667 32784 1 3701
-2839048 67108864 1 354881
-2839523 0 2 1489 1907
-2839867 32 1 167051
-2842243 2048 2 181 383
-2843515 65538 1 9323
-2843755 2 1 568751
-2844472 33554432 1 355559
-2847907 65536 1 46687
-2852488 67108864 1 356561
-2853355 2 1 570671
-2857012 0 2 439 1627
-2857483 131072 1 42649
-2858731 1024 1 77263
-2859043 40 1 15289
-2860132 8 1 65003
-2864755 34 1 33703
-2868811 2056 1 6361
-2868955 2 1 573791
-2873656 33554432 1 359207
-2874667 540672 1 743
-2876155 2 1 575231
-2883028 0 2 137 5261
-2884312 37748736 1 4051
-2884507 65536 1 47287
-2886547 4096 1 67129
-2887915 8194 1 12289
-2888515 6 1 82529
-2888788 4 1 103171
-2889715 2 2 659 877
-2889763 256 2 251 397
-2891332 0 1 722833
-2894731 4 1 413533
-2895412 16 1 55681
-2896555 2 1 579311
-2897092 8 1 65843
-2897332 256 1 24977
-2898955 2 2 163 3557
-2899528 67108864 2 293 1237
-2899723 64 1 152617
-2899795 2 2 503 1153
-2901235 2 2 401 1447
-2902195 2 2 227 2557
-2904907 1024 1 78511
-2908819 32 2 397 431
-2910955 2 2 293 1987
-2911387 1048576 2 137 269
-2911588 0 2 307 2371
-2911672 33554432 1 363959
-2912587 0 2 523 5569
-2914132 16 1 56041
-2914987 8192 2 109 569
-2915515 258 1 20107
-2916139 576 1 4951
-2916211 256 1 100559
-2917051 64 1 153529
-2918443 8 1 265313
-2919787 80 1 11821
-2919835 34 1 34351
-2922883 8192 1 62189
-2923555 1026 1 15803
-2925892 4096 1 17011
-2930251 0 2 163 17977
-2931979 0 2 613 4783
-2933587 0 2 1193 2459
-2935195 2 2 353 1663
-2937235 6 1 83921
-2941963 256 2 229 443
-2943115 6 1 84089
-2944555 2 1 588911
-2948923 65792 1 1667
-2951107 640 1 4139
-2955880 67108866 1 73897
-2961211 8 1 269201
-2961763 4 1 423109
-2964712 68157440 1 4691
-2966728 67125248 1 6997
-2967643 4 1 423949
-2973107 0 2 229 12983
-2979547 256 2 127 809
-2979832 33555456 1 10067
-2980411 8196 1 9059
-2981011 8 2 457 593
-2981923 4 1 425989
-2987227 1048576 1 37813
-2988355 2 1 597671
-2988379 1056 1 4751
-2990392 33558528 1 8693
-2991739 0 2 127 23557
-2997955 2 1 599591
-2999083 0 2 307 9769
-3003955 2 1 600791
-3006292 0 2 139 5407
-3006532 0 1 751633
-3010819 36 1 25301
-3010915 2 2 281 2143
-3016891 0 2 383 7877
-3017635 8194 1 12841
-3017707 12 1 39191
-3017779 16777216 1 29879
-3019531 0 2 1451 2081
-3019987 0 2 547 5521
-3020395 6 1 86297
-3021211 128 1 131357
-3024307 24 1 21149
-3026323 131104 1 2657
-3029272 33554432 2 277 1367
-3029443 65536 1 49663
-3030907 65544 1 4517
-3031555 2 1 606311
-3034603 24 1 21221
-3034852 0 1 758713
-3036091 2048 1 74051
-3043195 2097154 1 7333
-3045931 2052 1 10613
-3049348 64 1 40123
-3051307 4 2 349 1249
-3053035 514 1 19697
-3055528 67108868 1 54563
-3055867 1024 1 82591
-3058771 0 2 331 9241
-3063715 130 1 26641
-3063811 32768 1 51929
-3064555 18 1 47147
-3067987 80 1 12421
-3068488 67125248 1 7237
-3072259 0 2 823 3733
-3072667 262160 1 3329
-3072808 67108864 2 191 2011
-3072955 131074 1 9173
-3073483 2052 1 10709
-3073912 33619968 1 6299
-3079723 128 2 293 457
-3079828 0 2 499 1543
-3081043 2097156 1 5303
-3082435 2 2 631 977
-3089032 67108864 1 386129
-3090628 0 1 772657
-3092728 33554432 2 107 3613
-3093115 262146 1 8713
-3093748 4 1 110491
-3095923 0 2 131 23633
-3096355 2 2 223 2777
-3099091 1048576 1 39229
-3100243 0 2 149 20807
-3104587 4194304 1 34883
-3106123 0 2 233 13331
-3108907 2048 2 191 397
-3111739 128 2 193 701
-3113755 2 1 622751
-3119467 144 1 10433
-3120403 24 1 21821
-3120811 4096 1 72577
-3128395 2 2 137 4567
-3129187 256 1 107903
-3131627 524288 1 42899
-3135115 1048578 1 7937
-3137080 33554434 1 78427
-3137491 4 2 397 1129
-3137779 65536 1 51439
-3138115 34 1 36919
-3147880 67108866 1 78697
-3148468 32 1 46301
-3149947 32 1 185291
-3151012 2097152 1 9491
-3151147 0 2 157 20071
-3151432 67108864 1 393929
-3151492 64 1 41467
-3152203 2048 1 76883
-3153355 131074 1 9413
-3153508 0 1 788377
-3156715 2 2 269 2347
-3157867 1310720 1 563
-3158707 0 2 409 7723
-3161203 65792 1 1787
-3161683 4 1 451669
-3161755 2 1 632351
-3162355 6 1 90353
-3166051 4 1 452293
-3168628 0 2 131 6047
-3172360 67108866 1 79309
-3174907 8650752 1 461
-3175291 4 2 479 947
-3176548 0 1 794137
-3176968 67109888 1 10733
-3177832 67108868 1 56747
-3177892 0 1 794473
-3182443 72 1 15227
-3190408 67108880 1 30677
-3192427 4 1 456061
-3192520 67108866 1 79813
-3196312 33554436 1 57077
-3199435 2050 1 15607
-3199987 131076 1 6823
-3200152 33554432 2 337 1187
-3200611 1152 1 3761
-3201667 4 1 457381
-3207352 33554496 1 21101
-3208228 131072 1 11971
-3208291 2080 1 4603
-3209011 16 2 193 1279
-3210712 33555456 1 10847
-3210979 65536 1 52639
-3213379 16 1 247183
-3216787 4100 1 10687
-3217123 20 1 35353
-3217627 4 2 173 2657
-3219667 264 1 10093
-3221779 8 2 173 1693
-3222772 4 1 115099
-3223348 0 2 109 7393
-3223387 32 2 127 1493
-3223819 16809984 1 541
-3224227 1048576 1 40813
-3227155 2 1 645431
-3229315 130 1 28081
-3233155 2 1 646631
-3240868 64 1 42643
-3241027 0 2 257 12611
-3242587 528384 1 1033
-3245227 0 2 1601 2027
-3251107 0 2 1201 2707
-3253672 67108992 1 17683
-3260419 64 2 157 1093
-3265915 131074 1 9749
-3265963 0 2 563 5801
-3266488 33554432 1 408311
-3266563 512 1 105373
-3267835 1048578 1 8273
-3268699 4 1 466957
-3274843 24 1 22901
-3277147 17039360 1 457
-3279508 2048 1 19997
-3280387 131080 1 4451
-3282052 32768 1 13907
-3285715 2 2 311 2113
-3288979 8390656 1 827
-3289192 67108864 2 317 1297
-3291547 4 2 431 1091
-3301771 2056 1 7321
-3305035 2 2 331 1997
-3307315 10 1 60133
-3308443 0 2 1301 2543
-3310963 16384 2 179 349
-3312955 2 1 662591
-3314179 520 1 9719
-3314563 2052 1 11549
-3317515 2050 1 16183
-3318499 2304 1 2791
-3318763 4 2 103 4603
-3319267 36 1 27893
-3320452 0 2 643 1291
-3320755 2 1 664151
-3326947 16 1 255919
-3329320 67108866 1 83233
-3330403 1048576 1 42157
-3331147 1024 1 90031
-3331252 32 1 48989
-3332155 2 1 666431
-3332587 16384 2 227 277
-3334243 2056 1 7393
-3334555 6 1 95273
-3335131 16384 1 62927
-3338947 540672 1 863
-3339187 0 2 683 4889
-3341188 64 1 43963
-3341755 2 2 647 1033
-3344035 16386 1 12619
-3348115 2 2 281 2383
-3348955 2 1 669791
-3352363 4194308 1 5381
-3352867 516 1 15451
-3352963 524416 1 1997
-3359083 20 1 36913
-3359155 2 1 671831
-3361348 32768 1 14243
-3363043 4194560 1 1303
-3363508 8192 1 17891
-3365971 4 1 480853
-3367912 67108864 2 197 2137
-3369160 67108866 1 84229
-3370147 8 1 306377
-3370852 0 2 827 1019
-3372187 20 1 37057
-3377395 6 1 96497
-3377635 2 2 317 2131
-3379051 272 1 8963
-3381067 0 2 1051 3217
-3381715 66 1 35597
-3387355 2 1 677471
-3387595 2 2 167 4057
-3389347 2064 1 6359
-3393955 2 2 113 6007
-3395032 35651584 1 5113
-3397147 272 1 9011
-3398923 8 2 193 1601
-3403555 2 2 193 3527
-3405352 67108864 2 151 2819
-3406555 2 1 681311
-3414115 2 2 239 2857
-3415843 0 2 653 5231
-3418408 67108868 1 61043
-3419083 16896 1 2081
-3422803 2560 1 2693
-3423028 4 1 122251
-3424660 2 1 171233
-3425851 24 1 23957
-3428683 64 2 181 997
-3430483 8196 1 10427
-3431947 256 1 118343
-3431995 6 1 98057
-3434491 0 2 241 14251
-3439387 4 1 491341
-3441187 131072 1 51361
-3441283 128 2 157 953
-3443155 2 1 688631
-3446155 34 1 40543
-3447667 0 2 263 13109
-3448363 1024 1 93199
-3448387 2048 2 151 557
-3448435 2 2 179 3853
-3449812 2097152 1 10391
-3450808 35651584 1 5197
-3451108 0 1 862777
-3452548 8 1 78467
-3453748 8192 1 18371
-3455755 2 1 691151
-3457483 0 2 131 26393
-3457771 262656 1 1571
-3461395 6 1 98897
-3462355 18 1 53267
-3462955 2 1 692591
-3463987 0 2 211 16417
-3465091 524292 1 6781
-3465115 2050 1 16903
-3465595 6 1 99017
-3467332 8 1 78803
-3471403 262160 1 3761
-3473332 0 2 139 6247
-3475963 65536 1 56983
-3476707 16 1 267439
-3477907 2048 1 84827
-3477931 64 2 163 1123
-3477940 2 1 173897
-3478795 34 1 40927
-3485995 130 1 30313
-3487768 33555456 1 11783
-3490792 67125248 1 8233
-3491128 33554432 2 181 2411
-3493315 6 1 99809
-3495835 6 1 99881
-3496627 524352 1 2521
-3499819 64 2 167 1103
-3500467 0 2 997 3511
-3502723 4 1 500389
-3507112 67108868 1 62627
-3507307 0 2 827 4241
-3508843 4112 1 6277
-3510931 0 2 131 26801
-3511483 0 2 149 23567
-3512563 4259840 1 647
-3513043 192 1 8039
-3513187 1024 1 94951
-3515395 18 1 54083
-3516088 33554432 1 439511
-3518467 8192 1 74861
-3518995 2 2 103 6833
-3519835 10 1 63997
-3522715 6 1 100649
-3523243 4194816 1 1277
-3523507 16 2 131 2069
-3524587 8 1 320417
-3527947 128 2 157 977
-3532579 4096 1 82153
-3532939 0 3 131 149 181
-3538003 4 1 505429
-3543859 8 1 322169
-3548443 1048576 1 44917
-3551203 0 2 619 5737
-3551587 16 2 359 761
-3551755 2 1 710351
-3555667 0 2 401 8867
-3556291 0 2 1607 2213
-3557731 16448 1 3533
-3558115 10 1 64693
-3568555 34 1 41983
-3569659 65536 2 139 421
-3572788 32 1 52541
-3572827 4096 1 83089
-3573787 4 2 307 1663
-3576472 33554432 2 167 2677
-3578083 16384 1 67511
-3579571 32 2 193 1091
-3583243 32 2 131 1609
-3583747 0 2 577 6211
-3586795 2 2 383 1873
-3588355 2 2 197 3643
-3589411 4 2 181 2833
-3591688 67108864 2 269 1669
-3593032 67108864 1 449129
-3596755 2 1 719351
-3598267 0 2 317 11351
-3598708 0 2 421 2137
-3599203 262144 2 163 311
-3603412 0 2 659 1367
-3603748 0 1 900937
-3606067 16448 1 3581
-3607528 67112960 1 10487
-3607972 0 1 901993
-3609187 65536 1 59167
-3609835 8194 1 15361
-3611848 67108864 1 451481
-3611923 4 2 347 1487
-3612643 1024 2 251 389
-3618232 33554432 1 452279
-3618388 256 1 31193
-3618715 2 2 151 4793
-3619960 33554434 1 90499
-3621667 4 1 517381
-3623608 33554688 1 15619
-3623683 516 1 16699
-3626155 18 1 55787
-3626395 2 2 827 877
-3627691 16384 1 68447
-3628552 67108864 1 453569
-3633715 4098 1 16901
-3636088 33619968 1 7451
-3637003 65536 2 109 547
-3637459 4 2 179 2903
-3639163 8200 1 7039
-3640459 0 2 151 24109
-3640708 0 1 910177
-3642187 131072 1 54361
-3644152 33554432 2 389 1171
-3648955 2 1 729791
-3652723 1048576 1 46237
-3655012 0 1 913753
-3658027 0 2 643 5689
-3659827 0 2 157 23311
-3662068 0 2 733 1249
-3663619 32 1 215507
-3666883 40 1 19609
-3676555 2 1 735311
-3676603 4 2 433 1213
-3678739 512 1 118669
-3679795 6 1 105137
-3680308 0 2 653 1409
-3681907 1024 2 191 521
-3683635 2 2 127 5801
-3685555 2 1 737111
-3692371 0 2 197 18743
-3698788 0 1 924697
-3698947 8196 1 11243
-3700147 8 2 263 1279
-3700852 0 2 353 2621
-3703867 0 2 677 5471
-3705907 0 2 229 16183
-3707515 6 1 105929
-3708532 2048 1 22613
-3708667 64 1 195193
-3709699 4 1 529957
-3710179 8 2 331 1019
-3713635 2 2 719 1033
-3714628 0 2 227 4091
-3716203 0 2 683 5441
-3716347 0 2 157 23671
-3718555 2 1 743711
-3718795 2 2 337 2207
-3721531 8 1 338321
-3723988 0 2 277 3361
-3724123 528 1 9241
-3724363 16384 1 70271
-3724963 264 1 11677
-3725563 4224 1 3767
-3727267 32 1 219251
-3727507 4 1 532501
-3728323 128 2 173 937
-3735715 2050 1 18223
-3737803 0 2 457 8179
-3738835 2 2 379 1973
-3739363 128 2 367 443
-3742795 6 1 106937
-3747139 8 1 340649
-3747163 524292 1 7333
-3747403 16777224 1 3373
-3748915 524290 1 10271
-3752443 2112 1 4817
-3757387 1024 2 173 587
-3758899 1048576 1 47581
-3767899 262144 1 53069
-3775723 4 1 539389
-3779683 0 2 149 25367
-3780307 32800 1 3769
-3780568 33554440 1 42961
-3791995 2 2 313 2423
-3794203 4 2 631 859
-3799147 8 2 137 2521
-3801499 528 1 9433
-3803107 12 1 49391
-3803227 540672 1 983
-3806515 2 2 139 5477
-3807028 0 2 163 5839
-3807307 4 1 543901
-3809128 67108864 2 311 1531
-3809683 544 1 7229
-3809899 64 2 239 839
-3812152 33554432 1 476519
-3817363 8 1 347033
-3817843 32 1 224579
-3818059 4 1 545437
-3820483 0 2 1451 2633
-3820555 2 1 764111
-3822115 10 1 69493
-3823108 0 1 955777
-3829651 4 1 547093
-3830947 1310720 1 683
-3835528 67108864 1 479441
-3837907 0 2 131 29297
-3842827 0 2 103 37309
-3843643 4194368 1 2273
-3843667 0 3 109 179 197
-3849955 2097154 1 9277
-3851827 2052 1 13421
-3853627 128 2 131 1279
-3855043 64 2 137 1481
-3857923 2113536 1 877
-3859723 4100 1 12823
-3861427 64 1 203233
-3861748 8 1 87767
-3863332 8 1 87803
-3864163 320 1 7013
-3865219 128 2 163 1031
-3869812 32 1 56909
-3873043 0 2 163 23761
-3873667 516 1 17851
-3874483 0 2 911 4253
-3875107 64 1 203953
-3877315 18 1 59651
-3878659 262144 1 54629
-3881227 132 1 24107
-3892555 2 1 778511
-3895588 0 1 973897
-3899267 0 2 997 3911
-3900427 0 2 163 23929
-3900835 2 2 331 2357
-3900955 2 1 780191
-3909172 128 1 42491
-3911347 16392 1 6709
-3912115 2 2 607 1289
-3914395 8194 1 16657
-3915955 2 1 783191
-3919027 36 1 32933
-3921691 2048 1 95651
-3923395 6 1 112097
-3926995 1026 1 21227
-3927955 2 1 785591
-3928435 6 1 112241
-3928603 4 1 561229
-3929755 2 1 785951
-3930643 0 2 1553 2531
-3937432 33554432 2 677 727
-3937795 34 1 46327
-3937963 0 2 719 5477
-3938755 2 1 787751
-3942691 32 1 231923
-3943459 16 2 163 1861
-3947848 67108864 1 493481
-3947947 0 2 131 30137
-3949267 4 2 241 2341
-3951235 2 2 643 1229
-3958168 33619968 1 8111
-3959272 67108864 2 659 751
-3959755 2 1 791951
-3965803 32768 1 67217
-3969211 32 2 149 1567
-3970507 1024 2 239 449
-3971011 8 1 361001
-3971188 16 1 76369
-3971755 130 1 34537
-3971779 68 1 29863
-3973432 33554496 1 26141
-3974755 2 2 163 4877
-3974923 524320 1 3203
-3978187 32 2 241 971
-3980068 131072 1 14851
-3980347 4194308 1 6389
-3985723 4 2 353 1613
-3986068 0 2 131 7607
-3986299 131072 1 59497
-3990883 16 1 306991
-3992059 32 2 449 523
-3996091 8 2 103 3527
-3997555 131074 1 11933
-4001563 128 1 173981
-4002187 4 1 571741
-4005688 33554432 2 587 853
-4006723 4 2 127 4507
-4007908 0 1 1001977
-4013923 0 2 1097 3659
-4016707 0 2 317 12671
-4017187 0 2 311 12917
-4023259 2097152 1 48473
-4025803 0 2 1021 3943
-4027387 20 1 44257
-4028308 131072 1 15031
-4030747 4 1 575821
-4031272 67108868 1 71987
-4033267 36 1 33893
-4033627 528 1 10009
-4034179 0 2 593 6803
-4036987 64 2 179 1187
-4038955 2 2 853 947
-4039603 73728 1 1409
-4041115 18 1 62171
-4041187 2097152 2 181 269
-4041235 10 1 73477
-4044163 0 2 157 25759
-4044427 4194560 1 1567
-4047667 16 1 311359
-4047763 1536 1 3529
-4049992 67108864 2 317 1597
-4060363 1048576 2 103 499
-4063867 32 2 277 863
-4065028 8 1 92387
-4066195 6 1 116177
-4066627 64 1 214033
-4066843 8 2 457 809
-4067512 33554432 1 508439
-4072627 1040 1 8467
-4073035 524290 1 11159
-4074763 12 1 52919
-4075915 2 2 659 1237
-4076755 2 1 815351
-4079155 2 1 815831
-4084723 8192 2 233 373
-4088779 128 2 389 457
-4090627 0 2 229 17863
-4091443 0 2 1789 2287
-4091971 16400 1 5939
-4093963 0 2 1187 3449
-4096123 512 2 229 577
-4096507 160 1 10477
-4100755 2 2 227 3613
-4106707 40 1 21961
-4110628 4096 1 23899
-4117627 0 2 1373 2999
-4119355 34 1 48463
-4120867 2097152 2 131 379
-4121188 0 1 1030297
-4123219 0 2 317 13007
-4123867 8 2 233 1609
-4127443 327680 1 953
-4131955 2 1 826391
-4134307 1081344 1 887
-4137427 4 1 591061
-4148932 0 1 1037233
-4149883 33792 1 1901
-4152712 67108864 1 519089
-4153123 16 2 167 1913
-4153627 524320 1 3347
-4159243 8 2 103 3671
-4162555 8194 1 17713
-4164787 131080 1 5651
-4168507 4 2 157 3793
-4170043 262144 1 58733
-4170643 2048 1 101723
-4172563 0 2 761 5483
-4174387 4 1 596341
-4179355 2 2 197 4243
-4182235 258 1 28843
-4183195 2 2 373 2243
-4183435 2050 1 20407
-4184827 16512 1 3433
-4187155 6 1 119633
-4188955 1026 1 22643
-4192003 128 1 182261
-4193683 16 1 322591
-4195795 2 2 647 1297
-4197067 4 2 257 2333
-4198387 0 2 1559 2693
-4198408 67108864 1 524801
-4199332 0 1 1049833
-4201147 2112 1 5393
-4201987 0 2 827 5081
-4206808 33554432 2 691 761
-4209619 0 2 733 5743
-4211347 4 2 281 2141
-4212811 16793600 1 787
-4214107 0 2 173 24359
-4220587 4 2 419 1439
-4228027 1024 2 229 499
-4229923 65568 1 4079
-4230328 33554432 1 528791
-4231195 130 1 36793
-4237723 524292 1 8293
-4241752 33554560 1 23053
-4245427 2080 1 6091
-4249003 32776 1 6547
-4254667 33792 1 1949
-4257187 8 1 387017
-4264555 2 2 587 1453
-4265587 0 2 1597 2671
-4265827 32 2 349 719
-4267843 256 2 367 401
-4268779 16384 2 239 337
-4271155 6 1 122033
-4271755 2 1 854351
-4273843 65540 1 10009
-4274755 2 1 854951
-4275979 1024 2 163 709
-4276507 1048576 1 54133
-4286395 130 1 37273
-4287355 2 1 857471
-4287595 18 1 65963
-4291027 262160 1 4649
-4294003 4 2 619 991
-4294147 24 1 30029
-4294387 32 1 252611
-4295347 4 2 601 1021
-4297003 8389120 1 1429
-4304995 34 1 50647
-4305715 130 1 37441
-4309123 20 1 47353
-4312771 4096 1 100297
-4313443 128 2 167 1123
-4317412 8 1 98123
-4320883 4 1 617269
-4320955 2 1 864191
-4321867 8 2 331 1187
-4324468 262144 1 15227
-4324555 2 1 864911
-4325755 6 1 123593
-4327627 0 2 109 39703
-4328755 2 1 865751
-4332523 16 1 333271
-4334395 18 1 66683
-4336123 72 1 20747
-4340107 0 2 197 22031
-4343467 4195328 1 1319
-4346083 4 1 620869
-4349107 4 1 621301
-4350952 67108864 2 113 4813
-4364068 0 1 1091017
-4367395 131074 1 13037
-4369828 0 2 643 1699
-4374379 524800 1 1933
-4377883 524288 1 59971
-4379587 512 1 141277
-4385011 4096 1 101977
-4386643 524288 1 60091
-4389715 10 1 79813
-4393579 64 1 231241
-4402819 8192 2 113 829
-4403128 33554688 1 18979
-4404043 4 2 433 1453
-4404355 2 1 880871
-4405363 32 2 479 541
-4406203 8192 2 241 389
-4406395 6 1 125897
-4407067 65540 1 10321
-4408555 2 1 881711
-4417435 10 1 80317
-4417963 8 2 193 2081
-4429867 16 2 293 1163
-4435195 2 2 367 2417
-4435579 4352 1 3557
-4436347 65536 1 72727
-4437043 16 1 341311
-4438027 8 2 313 1289
-4442083 544 1 8429
-4442755 2 2 317 2803
-4444819 128 2 149 1297
-4449355 2 1 889871
-4450963 8 2 293 1381
-4457443 131072 1 66529
-4460563 0 2 313 14251
-4461955 2 1 892391
-4462507 4 2 769 829
-4474915 2 2 887 1009
-4475515 10 1 81373
-4476088 33554432 1 559511
-4476739 131072 2 109 613
-4480843 32 2 229 1151
-4485523 2052 1 15629
-4487995 131074 1 13397
-4488115 2 2 107 8389
-4489555 6 1 128273
-4489627 0 2 137 32771
-4490707 80 1 18181
-4491307 4096 2 149 701
-4497907 0 2 103 43669
-4502635 2 2 277 3251
-4506931 24 1 31517
-4511635 2 2 257 3511
-4512355 2 1 902471
-4514587 12 1 58631
-4516723 0 2 113 39971
-4519363 278528 1 1201
-4520467 4 2 331 1951
-4529848 33554432 1 566231
-4536403 262144 2 181 353
-4541803 4 2 281 2309
-4542052 0 1 1135513
-4543771 8388608 2 139 337
-4545523 0 2 137 33179
-4549339 0 2 199 22861
-4550443 64 2 139 1723
-4551883 4 1 650269
-4553035 1026 1 24611
-4553107 16 2 577 607
-4554355 18 1 70067
-4560355 131074 1 13613
-4561987 0 2 829 5503
-4564708 4096 1 26539
-4567843 4 1 652549
-4573027 512 1 147517
-4574083 2304 1 3847
-4579267 12 1 59471
-4584523 256 2 113 1399
-4588987 2097168 1 4253
-4590523 4 2 157 4177
-4603627 4 1 657661
-4608115 8194 1 19609
-4613491 81920 1 1427
-4615963 8 2 233 1801
-4618555 2 1 923711
-4619608 33554436 1 82493
-4628587 0 2 359 12893
-4633123 2056 1 10273
-4633192 68157440 1 7331
-4637203 0 2 359 12917
-4639555 34 1 54583
-4646683 512 1 149893
-4648723 8192 1 98909
-4655323 4194368 1 2753
-4656547 4 1 665221
-4664803 24 1 32621
-4666963 524292 1 9133
-4670755 2 1 934151
-4670947 16777216 2 103 449
-4671403 8 2 331 1283
-4679347 131072 2 211 331
-4681315 66 1 49277
-4685227 4259840 1 863
-4687867 0 2 1277 3671
-4694155 2 1 938831
-4712803 0 2 461 10223
-4714411 16 2 193 1879
-4717843 16 1 362911
-4722403 4 2 157 4297
-4728691 8 1 429881
-4731955 2 1 946391
-4732555 2 1 946511
-4735432 67108880 1 45533
-4737595 2 2 163 5813
-4738867 4 1 676981
-4741363 2056 1 10513
-4742587 262144 1 66797
-4744315 2050 1 23143
-4746835 2 2 193 4919
-4748803 64 2 109 2293
-4749028 32768 1 20123
-4751755 34 1 55903
-4760803 0 2 113 42131
-4760932 8 1 108203
-4763947 0 2 139 34273
-4767235 10 1 86677
-4769107 4 2 137 4973
-4772035 2 2 421 2267
-4775803 2048 1 116483
-4778323 8 2 337 1289
-4780315 34 1 56239
-4783027 1024 2 257 503
-4790083 0 2 269 17807
-4790683 0 2 823 5821
-4791163 16 1 368551
-4801963 128 2 103 2027
-4804603 0 2 1879 2557
-4804843 4194304 1 53987
-4805299 0 3 127 157 241
-4811755 18 1 74027
-4812283 8196 1 14627
-4829995 2 2 263 3673
-4834888 67108864 1 604361
-4840123 4608 1 3631
-4841299 0 2 773 6263
-4850155 2 1 970031
-4850443 4112 1 8677
-4852003 16 1 373231
-4859467 544 1 9221
-4862155 2 1 972431
-4862707 8388608 1 50131
-4866808 33554432 2 773 787
-4869307 128 2 127 1667
-4870483 32 1 286499
-4872211 0 2 467 10433
-4873723 128 2 313 677
-4874323 8192 2 137 757
-4876147 256 1 168143
-4877467 4194308 1 7829
-4881403 69632 1 1861
-4881787 512 1 157477
-4882843 4 2 113 6173
-4883323 64 1 257017
-4885987 8388640 1 2963
-4886203 32772 1 11831
-4886611 0 2 1063 4597
-4887019 1048576 1 61861
-4887352 33554432 1 610919
-4890523 8 2 283 1571
-4890883 32 2 173 1663
-4891252 1024 1 33049
-4891555 2 2 337 2903
-4892227 0 2 353 13859
-4897627 8388612 1 7213
-4905163 32 1 288539
-4909003 8 1 446273
-4913395 4098 1 22853
-4916107 4 2 151 4651
-4916923 8 2 197 2269
-4919707 16 1 378439
-4920043 16384 1 92831
-4920667 1056 1 7823
-4925755 2 1 985151
-4926187 68 1 37039
-4927603 32 1 289859
-4929307 2048 2 109 1103
-4929763 524288 1 67531
-4931635 514 1 31817
-4933195 2 2 163 6053
-4934563 0 2 419 11777
-4937755 130 1 42937
-4938427 1040 1 10267
-4945315 2 2 641 1543
-4946155 2 1 989231
-4947523 4 2 613 1153
-4951732 8192 1 26339
-4952872 67108864 2 293 2113
-4953643 4096 1 115201
-4956088 33554432 1 619511
-4957003 32768 1 84017
-4960243 32 1 291779
-4964563 24576 1 1993
-4978267 4 1 711181
-4980403 0 2 257 19379
-4986643 0 2 1213 4111
-4987747 64 1 262513
-4987987 160 1 12757
-4988755 2 1 997751
-4990147 0 2 607 8221
-4992835 524290 1 13679
-4992883 36 1 41957
-4996963 32 2 193 1523
-4997587 4 1 713941
-4997707 24 1 34949
-5005723 0 2 631 7933
-5010307 16777216 2 113 439
-5011003 64 1 263737
-5012947 2048 1 122267
-5014507 32 2 397 743
-5014531 4096 2 277 421
-5014648 33570816 1 11827
-5017972 0 2 643 1951
-5020027 0 2 739 6793
-5022355 18 1 77267
-5026147 4 2 479 1499
-5027563 32 2 433 683
-5029987 8192 1 107021
-5030083 0 2 1879 2677
-5046427 0 2 523 9649
-5051995 18 1 77723
-5052307 2064 1 9479
-5057563 4 1 722509
-5062747 1024 2 293 467
-5064235 10 1 92077
-5066203 0 2 163 31081
-5068408 33555456 1 17123
-5068723 8 1 460793
-5069683 128 1 220421
-5070403 48 1 22943
-5078707 0 2 877 5791
-5083243 8 1 462113
-5089723 0 2 857 5939
-5094523 132 1 31643
-5095603 3072 1 3359
-5097955 524290 1 13967
-5103763 4 2 257 2837
-5109523 0 2 683 7481
-5111227 8 2 131 3547
-5116027 1028 1 19753
-5125267 4 1 732181
-5126923 32768 2 113 769
-5134243 4096 2 139 859
-5134747 524800 1 2269
-5141563 4 2 199 3691
-5142067 8388612 1 7573
-5145523 64 2 107 2531
-5148355 2 2 163 6317
-5148763 524288 2 251 281
-5156107 8 1 468737
-5157835 66 1 54293
-5165491 0 2 211 24481
-5169355 16386 1 19507
-5172715 16777218 1 10243
-5174563 128 2 157 1433
-5175067 32768 2 239 367
-5177428 256 1 44633
-5178643 4194816 1 1877
-5184067 4 1 740581
-5184883 8 1 471353
-5191147 16 2 197 2027
-5192707 16 1 399439
-5198923 2080 1 7459
-5203627 24 1 36389
-5203963 256 2 311 577
-5207035 2 2 163 6389
-5224507 1050624 1 1613
-5227387 8200 1 10111
-5228707 40 1 27961
-5232907 0 2 601 8707
-5233627 132 1 32507
-5234587 256 1 180503
-5240755 18 1 80627
-5241763 32 2 503 613
-5242867 4 1 748981
-5247883 32 2 197 1567
-5252683 320 1 9533
-5253235 18 1 80819
-5255587 8192 1 111821
-5256388 64 1 69163
-5271688 67108864 1 658961
-5273827 16 1 405679
-5275147 0 2 331 15937
-5275435 10 1 95917
-5292532 4 1 189019
-5295187 0 2 137 38651
-5301235 2 2 509 2083
-5301355 2 1 1060271
-5314747 65536 2 151 577
-5316235 2 2 229 4643
-5318515 514 1 34313
-5327827 2048 2 199 653
-5341483 524292 1 10453
-5341555 2 1 1068311
-5344147 0 2 347 15401
-5347747 1048576 2 139 487
-5352355 2 1 1070471
-5355283 64 1 281857
-5357515 2 2 397 2699
-5357947 516 1 24691
-5359627 20 1 58897
-5370907 0 2 1009 5323
-5383867 0 2 787 6841
-5403307 20 1 59377
-5409763 16384 1 102071
-5416867 0 2 1217 4451
-5439283 0 2 127 42829
-5439688 67108864 1 679961
-5449819 0 2 1279 4261
-5452603 32784 1 7109
-5455195 4098 1 25373
-5467507 0 2 263 20789
-5467987 8388612 1 8053
-5468068 0 1 1367017
-5469667 4 2 191 4091
-5480347 2048 2 349 383
-5481283 0 2 109 50287
-5486587 32768 1 92993
-5502547 256 1 189743
-5504323 8 1 500393
-5520403 4194308 1 8861
-5530387 320 1 10037
-5539843 8192 2 311 379
-5544427 4 1 792061
-5545003 256 2 367 521
-5549035 2 2 983 1129
-5551483 4 1 793069
-5552203 4096 1 129121
-5555155 2 1 1111031
-5569603 80 1 22549
-5575315 130 1 48481
-5576707 0 2 401 13907
-5588947 20 1 61417
-5591371 8421376 1 977
-5591755 18 1 86027
-5592427 128 1 243149
-5594395 2 2 137 8167
-5614723 0 2 307 18289
-5617243 0 2 499 11257
-5628595 6 1 160817
-5630155 2 1 1126031
-5633827 128 2 397 617
-5636227 0 2 919 6133
-5641003 128 1 245261
-5644195 2 2 307 3677
-5648827 1024 1 152671
-5650723 2097168 1 5237
-5651947 4 2 761 1061
-5653627 4 2 677 1193
-5657947 0 2 1949 2903
-5659483 1024 1 152959
-5676283 32 2 379 881
-5679643 128 1 246941
-5680747 65664 1 4049
-5681587 544 1 10781
-5683528 67108864 1 710441
-5683603 64 1 299137
-5688307 262144 2 113 709
-5693443 132 1 35363
-5707003 4096 1 132721
-5710603 2560 1 4493
-5711347 768 1 6353
-5712907 524288 1 78259
-5717587 16384 2 233 463
-5745187 4100 1 19087
-5756947 4 2 227 3623
-5758963 516 1 26539
-5761732 131072 1 21499
-5765203 128 2 367 683
-5776555 2 1 1155311
-5782963 0 2 863 6701
-5790883 4 1 827269
-5801107 16 2 293 1523
-5804155 6 1 165833
-5806627 4210688 1 1231
-5815507 512 1 187597
-5817307 4194304 2 163 401
-5819188 16384 1 27449
-5820763 32784 1 7589
-5828827 8388608 1 60091
-5829163 0 2 1361 4283
-5833003 65544 1 8693
-5849251 0 2 193 30307
-5856403 131076 1 12487
-5865115 130 1 51001
-5871427 256 2 293 691
-5875363 16 2 283 1597
-5882563 262400 1 2857
-5883355 2 1 1176671
-5885107 0 2 107 55001
-5886043 256 1 202967
-5888803 64 1 309937
-5917867 0 2 811 7297
-5924395 2 2 157 7547
-5926771 1024 1 160183
-5929627 65544 1 8837
-5931235 2 2 109 10883
-5933923 0 2 317 18719
-5934355 6 1 169553
-5940067 4 2 379 2239
-5940355 2 1 1188071
-5944603 132 1 36923
-5946523 8 2 193 2801
-5954323 0 2 223 26701
-5955667 16777216 1 58967
-5967403 16 1 459031
-5968435 10 1 108517
-5970283 1032 1 14669
-5977147 8 2 157 3461
-5979955 2 1 1195991
-5986507 262144 1 84317
