-41999
-44879
-51071
-57191
-58271
-62207
-70271
-76679
-79151
-84503
-86719
-87743
-89087
-105199
-108887
-115127
-136247
-142039
-182239
-184727
-189743
-191047
-194071
-204751
-209459
-218819
-220811
-222011
-225023
-226379
-231131
-232591
-234659
-238519
-245171
-247183
-256639
-257339
-263191
-263819
-275579
-293791
-294223
-294731
-296287
-297727
-297779
-297967
-301619
-304807
-314239
-315779
-327127
-339103
-341647
-348011
-349423
-354463
-355379
-364183
-371383
-372871
-382519
-383791
-385639
-386051
-389483
-390751
-393247
-395719
-414203
-419623
-421831
-438203
-440171
-448859
-466787
-469379
-473219
-476647
-478139
-481043
-482819
-489803
-493567
-499571
-505759
-508327
-509359
-514499
-517403
-529327
-531799
-545747
-552847
-555823
-565283
-565303
-574183
-577063
-588779
-597059
-614623
-615607
-620531
-621611
-622091
-642247
-643619
-650291
-653267
-654371
-660367
-660731
-703643
-717331
-721207
-722147
-727211
-728027
-729367
-746899
-746939
-747343
-757403
-757819
-763307
-765487
-829547
-832687
-838459
-841663
-843299
-857027
-864811
-874087
-874459
-875627
-885971
-897059
-905171
-912083
-915247
-919979
-923387
-930467
-931883
-934403
-937187
-949651
-953023
-961139
-974891
-983659
-993827
-1004723
-1014539
-1015163
-1024783
-1025147
-1026587
-1036787
-1051499
-1070243
-1073143
-1087787
-1096883
-1098203
-1101931
-1108579
-1108819
-1114427
-1116499
-1118987
-1149227
-1150187
-1154299
-1155851
-1155859
-1163143
-1170947
-1172411
-1178483
-1179979
-1210163
-1215827
-1223987
-1227563
-1236979
-1248563
-1260851
-1266731
-1267771
-1270771
-1274723
-1282187
-1298371
-1310723
-1320923
-1322179
-1335331
-1337267
-1348427
-1357163
-1366187
-1366459
-1372531
-1375819
-1389211
-1390891
-1391483
-1399547
-1429523
-1434019
-1434203
-1449823
-1461923
-1464811
-1478387
-1478723
-1486603
-1492411
-1506443
-1507483
-1514131
-1525063
-1527931
-1539451
-1554451
-1557091
-1560523
-1565251
-1570339
-1583347
-1595507
-1603051
-1607611
-1607867
-1611763
-1624699
-1628867
-1632227
-1637851
-1641379
-1642339
-1643027
-1646371
-1647859
-1649363
-1665091
-1667851
-1668683
-1693883
-1704979
-1709971
-1727779
-1728091
-1732531
-1736963
-1760659
-1766179
-1783667
-1805491
-1811827
-1830379
-1840939
-1841603
-1848859
-1853483
-1866827
-1875859
-1876507
-1877179
-1884907
-1906603
-1909267
-1922611
-1922867
-1928539
-1932859
-1950323
-1954699
-1962811
-1963411
-1988251
-1993963
-2002459
-2004811
-2028931
-2029283
-2037979
-2038867
-2039179
-2041307
-2048027
-2059819
-2077939
-2087203
-2091283
-2093491
-2099731
-2105419
-2128531
-2148187
-2151619
-2165659
-2179603
-2192851
-2208259
-2218283
-2218339
-2235043
-2235427
-2240851
-2245163
-2248787
-2248867
-2255083
-2263411
-2269699
-2283443
-2297011
-2302051
-2302387
-2303387
-2309003
-2309491
-2320651
-2330899
-2332987
-2336027
-2365283
-2367427
-2369539
-2385571
-2399027
-2404891
-2416963
-2437411
-2438507
-2440699
-2448451
-2449219
-2450923
-2471323
-2481139
-2491243
-2501899
-2522059
-2526211
-2528587
-2530267
-2532259
-2560651
-2602603
-2604523
-2604683
-2610211
-2624203
-2633947
-2640907
-2668051
-2668219
-2668363
-2676187
-2678131
-2679979
-2692147
-2711803
-2746339
-2747947
-2748019
-2758843
-2777483
-2793523
-2793643
-2804299
-2805259
-2806987
-2808427
-2831947
-2843611
-2845603
-2848603
-2878867
-2881243
-2893843
-2894299
-2908579
-2923747
-2925619
-2932651
-2938291
-2950291
-2973547
-2988907
-3010219
-3026059
-3028867
-3056419
-3073027
-3105787
-3110011
-3113083
-3114283
-3115027
-3117523
-3156091
-3158299
-3161299
-3163099
-3212947
-3226939
-3235027
-3238843
-3286603
-3288811
-3302107
-3309091
-3319963
-3323611
-3348811
-3373219
-3376507
-3423379
-3436723
-3439867
-3443683
-3445963
-3446323
-3449539
-3467323
-3482971
-3486523
-3486907
-3504979
-3505699
-3514363
-3534067
-3546019
-3579403
-3582547
-3597067
-3600187
-3600523
-3602971
-3609163
-3620443
-3625987
-3628267
-3629299
-3629947
-3643747
-3668611
-3705619
-3710611
-3743419
-3746107
-3748387
-3750979
-3752387
-3762163
-3785347
-3798547
-3835267
-3844339
-3854083
-3865363
-3867931
-3868483
-3892627
-3918667
-3928027
-3928123
-3938251
-3940507
-3958627
-3964603
-3983587
-3984283
-3987427
-3997267
-3999763
-4006699
-4012171
-4022419
-4030483
-4037779
-4078579
-4091371
-4095043
-4104907
-4124299
-4138507
-4151467
-4174507
-4187563
-4190467
-4196683
-4199563
-4222843
-4238107
-4240147
-4247827
-4249459
-4290163
-4324627
-4372531
-4376467
-4376947
-4380979
-4381147
-4396459
-4400923
-4453963
-4499683
-4503427
-4526107
-4527139
-4543963
-4557043
-4564363
-4590307
-4603723
-4611163
-4635403
-4651987
-4654963
-4671763
-4679803
-4704283
-4795603
-4833067
-4839187
-4867123
-4868947
-4893067
-4896523
-4897603
-4898203
-4923067
-4925251
-4937347
-4961107
-4962427
-4963267
-4970683
-4993123
-4995427
-5023363
-5035843
-5040067
-5045707
-5049283
-5059987
-5075827
-5105923
-5108203
-5108251
-5111923
-5118187
-5126323
-5144827
-5147707
-5148523
-5160187
-5173843
-5241427
-5250787
-5267707
-5276923
-5293843
-5302603
-5316187
-5337763
-5339083
-5342683
-5349787
-5394163
-5406067
-5421739
-5423443
-5468587
-5512123
-5550763
-5571763
-5574187
-5589187
-5597467
-5599483
-5609827
-5629747
-5656099
-5672011
-5694067
-5711323
-5715187
-5732203
-5771131
-5772643
-5791963
-5814643
-5861347
-5861707
-5866723
-5889283
-5893243
-5894443
-5898043
-5953267
-5959867
-6065203
