-41039
-46919
-53831
-56663
-57287
-119551
-133279
-139199
-160639
-167423
-183919
-212239
-217619
-219031
-237143
-260191
-267271
-271927
-283639
-291743
-295571
-300623
-300779
-305551
-319279
-337759
-355571
-361967
-375631
-405611
-409999
-414779
-421639
-428143
-442979
-444539
-461627
-462103
-488459
-504247
-514543
-524123
-555419
-573967
-580183
-586067
-624139
-628139
-632939
-643303
-643567
-644767
-656267
-683819
-686099
-697787
-701147
-703663
-731047
-751139
-757927
-770863
-789343
-793043
-816947
-826667
-848843
-853291
-867803
-867947
-894227
-901339
-916183
-923983
-928163
-932887
-935771
-939247
-952183
-966491
-973787
-1007339
-1020779
-1021183
-1029823
-1035019
-1039763
-1043299
-1048291
-1055267
-1066619
-1071979
-1078807
-1099411
-1101691
-1110943
-1113451
-1126219
-1141303
-1145371
-1162687
-1186051
-1191563
-1220027
-1259851
-1279171
-1326859
-1328731
-1329707
-1338979
-1340491
-1363963
-1392707
-1396051
-1431139
-1434707
-1448003
-1455323
-1460731
-1478251
-1479083
-1487779
-1493659
-1510163
-1529243
-1533379
-1549787
-1564907
-1574747
-1577027
-1580027
-1585523
-1597819
-1598131
-1610387
-1610627
-1616603
-1616851
-1617139
-1629451
-1629587
-1631059
-1677707
-1684187
-1695091
-1695467
-1719931
-1735883
-1743283
-1784659
-1804307
-1814851
-1851931
-1877243
-1880027
-1887499
-1889011
-1890331
-1894411
-1923707
-1928963
-1930667
-1931299
-1938451
-1938571
-1947091
-1947499
-1950691
-1951891
-1954531
-1968803
-1983379
-1990939
-1994779
-1997419
-1998331
-2012147
-2014819
-2017283
-2020939
-2027659
-2036611
-2068579
-2073067
-2075179
-2078971
-2096971
-2115107
-2140267
-2142691
-2189371
-2201827
-2205187
-2211259
-2230531
-2233459
-2238811
-2252387
-2257403
-2262619
-2264539
-2299771
-2310739
-2328763
-2344723
-2352947
-2360899
-2364067
-2376707
-2378179
-2397931
-2399539
-2404411
-2414803
-2423731
-2452603
-2459659
-2470579
-2475787
-2494171
-2504611
-2506099
-2513083
-2569891
-2575723
-2578907
-2588419
-2615227
-2615299
-2667571
-2673523
-2684299
-2745451
-2762027
-2773003
-2815963
-2839939
-2847707
-2850451
-2855483
-2880739
-2896123
-2917147
-2944003
-2945203
-2946067
-2958859
-2970923
-2991619
-3010459
-3031843
-3039499
-3042763
-3050779
-3061243
-3101299
-3121771
-3131419
-3136099
-3148051
-3149803
-3150211
-3155827
-3156187
-3164419
-3195763
-3202603
-3212971
-3229531
-3243979
-3251923
-3252163
-3258667
-3263083
-3282163
-3351883
-3353587
-3358507
-3402379
-3409603
-3446203
-3457339
-3461011
-3512611
-3518491
-3535459
-3536899
-3572467
-3588163
-3588787
-3601627
-3602587
-3604099
-3620923
-3623251
-3624811
-3656707
-3667243
-3669691
-3670483
-3693211
-3707203
-3727387
-3730651
-3733963
-3762091
-3772099
-3787067
-3802003
-3843067
-3876907
-3906307
-3909043
-4055347
-4081747
-4138627
-4151683
-4171483
-4219027
-4238851
-4248043
-4292107
-4326403
-4341163
-4360267
-4400203
-4450051
-4452739
-4473283
-4476427
-4478827
-4486843
-4509619
-4528507
-4534867
-4548307
-4573843
-4579963
-4585387
-4595299
-4606963
-4621219
-4633627
-4668787
-4669627
-4679203
-4725883
-4740787
-4748563
-4765987
-4796707
-4843171
-4881427
-4914667
-4918387
-4944547
-4961947
-4968643
-4970227
-4974019
-4979587
-5010283
-5030227
-5035003
-5131627
-5138083
-5163883
-5206147
-5237467
-5238307
-5239627
-5311027
-5362219
-5366467
-5382283
-5581603
-5613763
-5624083
-5669203
-5706427
-5756083
-5784067
-5800027
-5803387
-5812363
-5825107
-5837899
-5881003
-5890747
-5943043
-5950267
-5956003
-5974747
-6030763
