-38951 8 1 3541
-43511 16 1 3347
-60983 16 1 4691
-77639 32 1 4567
-91223 8 1 8293
-91727 256 1 3163
-99215 2 1 19843
-100247 4 1 14321
-103256 33554432 1 12907
-103351 0 2 181 571
-106415 2 1 21283
-108391 0 2 107 1013
-113087 16 1 8699
-118676 0 1 29669
-118964 0 1 29741
-127256 33554432 1 15907
-128756 0 1 32189
-138287 65536 1 2267
-141407 4 1 20201
-147416 33554432 1 18427
-162407 4 1 23201
-164327 16777216 1 1627
-165263 4 1 23609
-166343 0 2 397 419
-169844 0 1 42461
-175247 256 1 6043
-180151 8192 1 3833
-185384 67108864 1 23173
-194063 8192 1 4129
-201044 0 1 50261
-203543 4194304 1 2287
-209791 0 2 193 1087
-210559 0 2 239 881
-222559 0 2 457 487
-224687 128 1 9769
-228439 512 1 7369
-232639 8 1 21149
-236935 2 1 47387
-253139 0 2 163 1553
-253471 8192 1 5393
-259711 64 1 13669
-261343 16384 1 4931
-267188 0 1 66797
-271343 512 1 8753
-278815 2 1 55763
-280472 33554432 1 35059
-283039 0 2 349 811
-287647 0 2 313 919
-293903 2097152 1 3541
-295607 16 1 22739
-303131 0 2 107 2833
-308888 33554432 1 38611
-311891 512 1 10061
-314383 8192 1 6689
-320191 0 2 199 1609
-322516 0 1 80629
-324971 1024 1 8783
-329959 4 1 47137
-330392 33554432 1 41299
-332407 0 2 491 677
-332888 33554432 1 41611
-336344 33554432 1 42043
-345512 67108864 1 43189
-352232 67108864 1 44029
-352663 524288 1 4831
-354968 33554432 1 44371
-355183 2048 1 8663
-366247 4 1 52321
-368884 0 1 92221
-373759 0 2 163 2293
-376019 4 1 53717
-381511 16 1 29347
-382015 2 1 76403
-382868 0 1 95717
-386228 0 1 96557
-388783 0 2 139 2797
-391303 8 1 35573
-391807 16 1 30139
-406936 33554432 1 50867
-407315 2 1 81463
-407551 0 2 109 3739
-407819 8192 1 8677
-408899 64 1 21521
-410699 32768 1 6961
-414823 0 2 113 3671
-421903 0 2 179 2357
-428191 128 1 18617
-431647 32 1 25391
-433327 0 2 577 751
-437167 0 2 137 3191
-437623 0 2 499 877
-440623 32 1 25919
-455771 0 2 157 2903
-458527 64 1 24133
-463183 4 1 66169
-463691 16777216 1 4591
-465731 4 1 66533
-468632 33554432 1 58579
-476503 2097152 1 5741
-480856 33554432 1 60107
-486271 0 2 233 2087
-491411 32768 1 8329
-498179 8 1 45289
-502772 0 1 125693
-502808 33554432 1 62851
-504367 128 1 21929
-508711 4 1 72673
-516632 33554432 1 64579
-527192 33554432 1 65899
-530099 1024 1 14327
-531992 33554432 1 66499
-536647 1048576 1 6793
-545407 0 2 499 1093
-547307 0 2 383 1429
-548312 33554432 1 68539
-552487 16 1 42499
-561908 0 1 140477
-563215 2 1 112643
-566263 65536 1 9283
-567223 0 2 383 1481
-567247 1024 1 15331
-571379 8192 1 12157
-571451 0 2 277 2063
-571691 64 1 30089
-577364 0 1 144341
-580063 8 1 52733
-580979 4 1 82997
-582779 4096 1 13553
-588367 16 1 45259
-590503 0 2 367 1609
-594371 32 1 34963
-595979 256 1 20551
-597251 65536 1 9791
-600059 0 2 547 1097
-602219 0 2 337 1787
-604328 67108864 1 75541
-606707 16777216 1 6007
-617623 0 2 431 1433
-622807 0 2 587 1061
-629651 8 1 57241
-631327 128 1 27449
-631508 0 1 157877
-637619 32 1 37507
-642611 256 1 22159
-644596 0 1 161149
-646499 4 1 92357
-652084 0 1 163021
-666515 2 1 133303
-671771 8192 1 14293
-672007 4 1 96001
-676327 512 1 21817
-680404 0 1 170101
-684391 0 2 257 2663
-689387 0 2 157 4391
-689527 16777216 1 6827
-699224 33554432 1 87403
-700451 32 1 41203
-712835 2 1 142567
-714452 0 1 178613
-715931 0 2 379 1889
-721187 2097152 1 8689
-722767 256 1 24923
-726823 128 1 31601
-728564 0 1 182141
-729332 0 1 182333
-732607 0 2 379 1933
-734168 33554432 1 91771
-736907 0 2 523 1409
-742936 33554432 1 92867
-745715 2 1 149143
-751115 2 1 150223
-756587 16 1 58199
-756968 67108864 1 94621
-757619 32768 1 12841
-758435 2 1 151687
-769667 0 2 313 2459
-777076 0 1 194269
-780392 67108864 1 97549
-782167 0 2 593 1319
-791732 0 1 197933
-801343 128 1 34841
-801587 0 2 137 5851
-803315 2 1 160663
-804343 1024 1 21739
-811816 67108864 1 101477
-814115 2 1 162823
-815387 65536 1 13367
-815987 0 2 379 2153
-821767 128 1 35729
-824552 67108864 1 103069
-826015 2 1 165203
-840415 2 1 168083
-842315 2 1 168463
-846964 0 1 211741
-847427 4 1 121061
-853235 2 1 170647
-854939 0 2 311 2749
-856792 33554432 1 107099
-864148 0 1 216037
-867668 0 1 216917
-869939 4 1 124277
-876347 1048576 1 11093
-878003 4 1 125429
-878363 0 2 107 8209
-880564 0 1 220141
-881723 4194304 1 9907
-902131 512 1 29101
-905503 0 2 227 3989
-911483 0 2 307 2969
-919907 0 2 313 2939
-923507 16 1 71039
-923764 0 1 230941
-930203 16384 1 17551
-933419 32 1 54907
-934936 33554432 1 116867
-937219 2048 1 22859
-942484 0 1 235621
-951443 0 2 907 1049
-959507 131072 1 14321
-962263 262144 1 13553
-972008 67108864 1 121501
-992315 2 1 198463
-993419 4 1 141917
-994804 0 1 248701
-998123 4 1 142589
-1001867 0 2 601 1667
-1006283 262144 1 14173
-1007143 0 2 191 5273
-1009691 262144 1 14221
-1010164 0 1 252541
-1012139 0 2 641 1579
-1012628 0 1 253157
-1022435 2 1 204487
-1028743 0 2 131 7853
-1032947 0 2 631 1637
-1037171 0 2 281 3691
-1037363 0 2 607 1709
-1043003 16 1 80231
-1045592 33554432 1 130699
-1049179 0 2 131 8009
-1050964 0 1 262741
-1053011 0 2 443 2377
-1057015 2 1 211403
-1063787 1024 1 28751
-1071859 524288 1 14683
-1074703 4 1 153529
-1079603 4 1 154229
-1079915 2 1 215983
-1083035 2 1 216607
-1095331 64 1 57649
-1099715 2 1 219943
-1103411 262144 1 15541
-1104227 131072 1 16481
-1119064 33554432 1 139883
-1119803 64 1 58937
-1122452 0 1 280613
-1124779 65536 1 18439
-1125611 4096 1 26177
-1129012 0 1 282253
-1129979 0 2 823 1373
-1133723 16384 1 21391
-1138036 0 1 284509
-1143124 0 1 285781
-1147115 2 1 229423
-1148596 0 1 287149
-1160728 33554432 1 145091
-1172692 0 1 293173
-1176379 0 2 907 1297
-1182323 0 2 109 10847
-1182859 0 2 379 3121
-1188244 0 1 297061
-1188323 512 1 38333
-1190051 32 1 70003
-1190987 4 1 170141
-1191139 32 1 70067
-1191467 0 2 307 3881
-1192792 33554432 1 149099
-1205656 33554432 1 150707
-1207939 1024 1 32647
-1224491 8192 1 26053
-1226171 0 2 1033 1187
-1234984 67108864 1 154373
-1246996 0 1 311749
-1250723 0 2 107 11689
-1255412 0 1 313853
-1258307 128 1 54709
-1261283 2048 1 30763
-1263019 262144 1 17789
-1268515 2 1 253703
-1268579 16 1 97583
-1272035 2 1 254407
-1272571 32768 1 21569
-1273204 0 1 318301
-1276235 2 1 255247
-1277656 33554432 1 159707
-1277987 0 2 401 3187
-1286123 8388608 1 13259
-1293107 8388608 1 13331
-1306643 16 1 100511
-1308227 0 2 127 10301
-1310483 2048 1 31963
-1316648 67108864 1 164581
-1323827 0 2 541 2447
-1327828 0 1 331957
-1330067 128 1 57829
-1338136 33554432 1 167267
-1340731 4 1 191533
-1347803 64 1 70937
-1348403 4 1 192629
-1349027 512 1 43517
-1360307 16 1 104639
-1361659 16 1 104743
-1361747 0 2 379 3593
-1361915 2 1 272383
-1364003 4096 1 31721
-1370008 33554432 1 171251
-1374091 0 2 643 2137
-1375643 8192 1 29269
-1376627 4 1 196661
-1376884 0 1 344221
-1382632 67108864 1 172829
-1386136 33554432 1 173267
-1396883 131072 1 20849
-1403243 0 2 151 9293
-1411811 32768 1 23929
-1417492 0 1 354373
-1423411 8 1 129401
-1428443 16777216 1 14143
-1435579 512 1 46309
-1435624 67108864 1 179453
-1442356 0 1 360589
-1445243 0 2 271 5333
-1445483 16 1 111191
-1454056 67108864 1 181757
-1454483 0 2 269 5407
-1474883 262144 1 20773
-1482388 0 1 370597
-1483643 4 1 211949
-1486283 128 1 64621
-1486819 0 2 239 6221
-1504051 0 2 929 1619
-1518835 2 1 303767
-1527259 0 2 397 3847
-1552787 0 2 523 2969
-1564523 0 2 823 1901
-1572052 0 1 393013
-1580723 4096 1 36761
-1586603 4194304 1 17827
-1593364 0 1 398341
-1605827 4194304 1 18043
-1611028 0 1 402757
-1613083 0 2 103 15661
-1621492 0 1 405373
-1641652 0 1 410413
-1642547 65536 1 26927
-1645067 16384 1 31039
-1646059 32 1 96827
-1649332 0 1 412333
-1655476 0 1 413869
-1657108 0 1 414277
-1657411 4 1 236773
-1666787 128 1 72469
-1679896 33554432 1 209987
-1682971 0 2 197 8543
-1692571 32 1 99563
-1695571 524288 1 23227
-1703003 1048576 1 21557
-1704107 0 2 619 2753
-1712728 33554432 1 214091
-1716211 4 1 245173
-1723411 0 2 863 1997
-1726315 2 1 345263
-1731107 4 1 247301
-1736723 256 1 59887
-1746035 2 1 349207
-1752424 67108864 1 219053
-1755091 16 1 135007
-1760539 8 1 160049
-1763483 0 2 181 9743
-1764091 4 1 252013
-1766488 33554432 1 220811
-1767347 256 1 60943
-1770691 16 1 136207
-1774051 4096 1 41257
-1781147 0 2 293 6079
-1784635 2 1 356927
-1789187 4096 1 41609
-1794571 32 1 105563
-1801939 0 2 337 5347
-1809172 0 1 452293
-1821259 8 1 165569
-1827691 0 2 1279 1429
-1828787 0 2 461 3967
-1835668 0 1 458917
-1837643 256 1 63367
-1840052 0 1 460013
-1840427 256 1 63463
-1844587 0 2 883 2089
-1846168 33554432 1 230771
-1851331 256 1 63839
-1856923 8192 1 39509
-1857652 0 1 464413
-1860587 0 2 389 4783
-1864051 4 1 266293
-1864099 65536 1 30559
-1866803 262144 1 26293
-1871027 128 1 81349
-1874179 64 1 98641
-1876043 16 1 144311
-1889779 0 2 251 7529
-1897339 128 1 82493
-1899931 8 1 172721
-1900072 67108864 1 237509
-1900504 33554432 1 237563
-1905235 2 1 381047
-1914571 524288 1 26227
-1916011 0 2 1229 1559
-1918403 0 2 107 17929
-1919971 128 1 83477
-1924219 8 1 174929
-1926979 16777216 1 19079
-1935619 4 1 276517
-1940011 512 1 62581
-1944739 4194304 1 21851
-1952728 33554432 1 244091
-1960468 0 1 490117
-1962712 33554432 1 245339
-1967131 524288 1 26947
-1974739 16 1 151903
-1982683 65536 1 32503
-1994539 8192 1 42437
-2014612 0 1 503653
-2022499 0 2 191 10589
-2028091 16 1 156007
-2034772 0 1 508693
-2042008 33554432 1 255251
-2047267 4194304 1 23003
-2051131 0 2 211 9721
-2054915 2 1 410983
-2056468 0 1 514117
-2057251 4 1 293893
-2058091 4 1 294013
-2064019 0 2 151 13669
-2066035 2 1 413207
-2074819 64 1 109201
-2075992 33554432 1 259499
-2076019 8 1 188729
-2076148 0 1 519037
-2077528 33554432 1 259691
-2080163 32768 1 35257
-2093267 8 1 190297
-2101835 2 1 420367
-2110403 0 2 349 6047
-2110411 128 1 91757
-2119828 0 1 529957
-2128507 0 2 139 15313
-2129332 0 1 532333
-2138963 64 1 112577
-2141843 8 1 194713
-2142683 8192 1 45589
-2147315 2 1 429463
-2151412 0 1 537853
-2153971 65536 1 35311
-2156603 32 1 126859
-2157556 0 1 539389
-2159059 4 1 308437
-2159128 33554432 1 269891
-2160232 67108864 1 270029
-2172019 0 2 523 4153
-2178811 32768 1 36929
-2183848 67108864 1 272981
-2184691 0 2 397 5503
-2189812 0 1 547453
-2192203 16 1 168631
-2193691 0 2 293 7487
-2204515 2 1 440903
-2208088 33554432 1 276011
-2214292 0 1 553573
-2216539 16 1 170503
-2224699 1024 1 60127
-2229835 2 1 445967
-2231272 67108864 1 278909
-2231387 0 2 199 11213
-2235499 4 1 319357
-2237428 0 1 559357
-2237848 33554432 1 279731
-2240131 128 1 97397
-2241947 8192 1 47701
-2242267 0 2 1201 1867
-2249035 2 1 449807
-2249908 0 1 562477
-2250803 128 1 97861
-2252131 4 1 321733
-2255179 0 2 593 3803
-2274307 4 1 324901
-2280691 4 1 325813
-2288491 0 2 149 15359
-2292835 2 1 458567
-2296339 32768 1 38921
-2300059 2048 1 56099
-2301235 2 1 460247
-2324635 2 1 464927
-2332579 65536 1 38239
-2333899 0 2 457 5107
-2340139 1024 1 63247
-2342107 32 1 137771
-2344099 256 1 80831
-2345059 262144 1 33029
-2353339 0 2 607 3877
-2357899 1024 1 63727
-2358259 128 1 102533
-2385235 2 1 477047
-2397715 2 1 479543
-2398819 32 1 141107
-2413435 2 1 482687
-2420131 4 1 345733
-2422132 0 1 605533
-2423572 0 1 605893
-2425387 1024 1 65551
-2427112 67108864 1 303389
-2427235 2 1 485447
-2429611 4194304 1 27299
-2431643 65536 1 39863
-2433688 33554432 1 304211
-2439931 16 1 187687
-2441299 4 1 348757
-2456635 2 1 491327
-2471627 0 2 631 3917
-2472019 8 1 224729
-2490331 32768 1 42209
-2500283 0 2 563 4441
-2504179 256 1 86351
-2512427 64 1 132233
-2517115 2 1 503423
-2517619 16 1 193663
-2525608 67108864 1 315701
-2529499 4 1 361357
-2530603 32 1 148859
-2549059 64 1 134161
-2557972 0 1 639493
-2561128 67108864 1 320141
-2563163 0 2 751 3413
-2568667 64 1 135193
-2573011 4 1 367573
-2573659 8 1 233969
-2574931 0 2 113 22787
-2576659 0 2 239 10781
-2584771 4 1 369253
-2587987 0 2 109 23743
-2591572 0 1 647893
-2593427 0 2 1217 2131
-2594203 64 1 136537
-2599528 67108864 1 324941
-2629672 67108864 1 328709
-2635348 0 1 658837
-2637907 32 1 155171
-2644888 33554432 1 330611
-2652835 2 1 530567
-2653528 33554432 1 331691
-2658472 67108864 1 332309
-2691928 33554432 1 336491
-2701651 0 2 1297 2083
-2708248 33554432 1 338531
-2715187 0 2 1301 2087
-2727587 0 2 883 3089
-2730523 32 1 160619
-2733739 64 1 143881
-2755771 0 2 311 8861
-2756308 0 1 689077
-2767171 8 1 251561
-2775028 0 1 693757
-2781563 2048 1 67843
-2783035 2 1 556607
-2800099 8388608 1 28867
-2807011 0 2 149 18839
-2809651 16 1 216127
-2811499 0 2 1249 2251
-2814619 0 2 401 7019
-2816827 16 1 216679
-2826259 0 2 271 10429
-2827651 1024 1 76423
-2842228 0 1 710557
-2842648 33554432 1 355331
-2842867 16384 1 53639
-2850739 1024 1 77047
-2858323 16 1 219871
-2872267 8388608 1 29611
-2879203 64 1 151537
-2880835 2 1 576167
-2883619 0 2 157 18367
-2888659 16384 1 54503
-2905003 65536 1 47623
-2905051 0 2 311 9341
-2913268 0 1 728317
-2916148 0 1 729037
-2922451 4 1 417493
-2930603 16 1 225431
-2941492 0 1 735373
-2949571 2097152 1 35537
-2951092 0 1 737773
-2955763 0 2 509 5807
-2959435 2 1 591887
-2959828 0 1 739957
-2962339 0 2 347 8537
-2963608 33554432 1 370451
-2972179 4 1 424597
-2973587 0 2 1153 2579
-2975587 0 2 929 3203
-2976019 32768 1 50441
-2977603 128 1 129461
-2983768 33554432 1 372971
-2988451 65536 1 48991
-2994931 0 2 103 29077
-2995283 65536 1 49103
-3011731 0 2 157 19183
-3038587 262144 1 42797
-3042931 0 2 349 8719
-3044515 2 1 608903
-3062131 524288 1 41947
-3066283 8 1 278753
-3068107 4 1 438301
-3068899 64 1 161521
-3072931 0 2 463 6637
-3084715 2 1 616943
-3084787 0 2 113 27299
-3088339 32 1 181667
-3094771 0 2 421 7351
-3095371 0 2 127 24373
-3096451 0 2 1549 1999
-3097099 2048 1 75539
-3100723 0 2 109 28447
-3106819 0 2 263 11813
-3109771 4 1 444253
-3111091 256 1 107279
-3112891 65536 1 51031
-3113419 0 2 523 5953
-3114187 0 2 557 5591
-3118363 128 1 135581
-3125131 1024 1 84463
-3129379 8 1 284489
-3143848 67108864 1 392981
-3153043 0 2 109 28927
-3156707 0 2 131 24097
-3166699 2097152 1 38153
-3170843 16 1 243911
-3172219 0 2 317 10007
-3175699 0 2 617 5147
-3188923 4096 1 74161
-3198808 33554432 1 399851
-3206603 0 2 613 5231
-3206932 0 1 801733
-3208067 256 1 110623
-3208099 0 2 461 6959
-3210292 0 1 802573
-3210472 67108864 1 401309
-3213208 33554432 1 401651
-3213523 4194304 1 36107
-3238435 2 1 647687
-3241051 8 1 294641
-3264451 0 2 883 3697
-3269611 128 1 142157
-3282388 0 1 820597
-3287107 65536 1 53887
-3288916 0 1 822229
-3290563 0 2 157 20959
-3304435 2 1 660887
-3305515 2 1 661103
-3306739 512 1 106669
-3308011 4 1 472573
-3311267 0 2 587 5641
-3313147 32 1 194891
-3317539 0 2 163 20353
-3319192 33554432 1 414899
-3324907 0 2 353 9419
-3328915 2 1 665783
-3332968 67108864 1 416621
-3338467 8 1 303497
-3342835 2 1 668567
-3352915 2 1 670583
-3353179 0 2 907 3697
-3354403 16 1 258031
-3356131 0 2 743 4517
-3361768 67108864 1 420221
-3363835 2 1 672767
-3374452 0 1 843613
-3383635 2 1 676727
-3390235 2 1 678047
-3390379 64 1 178441
-3409939 16 1 262303
-3410452 0 1 852613
-3411235 2 1 682247
-3413659 0 2 499 6841
-3413971 8 1 310361
-3414772 0 1 853693
-3421819 2048 1 83459
-3423835 2 1 684767
-3438115 2 1 687623
-3442531 0 2 281 12251
-3448723 0 2 1297 2659
-3452803 1024 1 93319
-3462139 0 2 103 33613
-3470779 16 1 266983
-3478819 128 1 151253
-3491539 0 2 1373 2543
-3494515 2 1 698903
-3495163 4 1 499309
-3512107 0 2 971 3617
-3536587 0 2 313 11299
-3537172 0 1 884293
-3548827 16384 1 66959
-3551419 32 1 208907
-3556867 0 2 521 6827
-3559843 4 1 508549
-3560827 32768 1 60353
-3565723 4 1 509389
-3572179 16 1 274783
-3590491 0 2 229 15679
-3599923 2048 1 87803
-3601588 0 1 900397
-3623563 0 2 383 9461
-3625723 0 2 127 28549
-3634612 0 1 908653
-3635608 33554432 1 454451
-3640003 128 1 158261
-3641059 1024 1 98407
-3643867 128 1 158429
-3652963 0 2 223 16381
-3654523 0 2 149 24527
-3662131 8 1 332921
-3684115 2 1 736823
-3693748 0 1 923437
-3704347 65536 1 60727
-3707443 0 2 107 34649
-3713539 0 2 199 18661
-3720088 33554432 1 465011
-3741667 256 1 129023
-3741883 131072 1 55849
-3757315 2 1 751463
-3782107 4 1 540301
-3786547 0 2 797 4751
-3797731 4 1 542533
-3810139 0 2 607 6277
-3815128 33554432 1 476891
-3824443 4 1 546349
-3854635 2 1 770927
-3863731 0 2 683 5657
-3867043 0 2 223 17341
-3872683 0 2 809 4787
-3883507 0 2 941 4127
-3898723 0 2 953 4091
-3899659 256 1 134471
-3901528 33554432 1 487691
-3908203 16 1 300631
-3923368 67108864 1 490421
-3929203 16777216 1 38903
-3931987 0 2 521 7547
-3934043 524288 1 53891
-3937387 32 1 231611
-3941227 64 1 207433
-3952915 2 1 790583
-3953947 256 1 136343
-3977683 16777216 1 39383
-3995971 4 1 570853
-3997843 16384 1 75431
-4007035 2 1 801407
-4008379 32 1 235787
-4015435 2 1 803087
-4020547 1048576 1 50893
-4027048 67108864 1 503381
-4029283 8388608 1 41539
-4032148 0 1 1008037
-4042027 8 1 367457
-4043659 0 2 223 18133
-4047499 8192 1 86117
-4055323 0 2 1453 2791
-4062427 0 2 313 12979
-4078171 8388608 1 42043
-4093435 2 1 818687
-4101715 2 1 820343
-4104163 4 1 586309
-4105012 0 1 1026253
-4130587 0 2 619 6673
-4137067 8 1 376097
-4140163 32 1 243539
-4151491 0 2 1301 3191
-4155211 1024 1 112303
-4155883 2048 1 101363
-4156963 32768 1 70457
-4164715 2 1 832943
-4166083 0 2 271 15373
-4172371 4 1 596053
-4179211 0 2 577 7243
-4186387 2048 1 102107
-4187668 0 1 1046917
-4193368 33554432 1 524171
-4197748 0 1 1049437
-4219828 0 1 1054957
-4226947 0 2 1801 2347
-4228867 256 1 145823
-4235368 67108864 1 529421
-4235779 65536 1 69439
-4238323 0 2 281 15083
-4240168 67108864 1 530021
-4249939 64 1 223681
-4255435 2 1 851087
-4264363 256 1 147047
-4264483 131072 1 63649
-4284259 4 1 612037
-4284568 33554432 1 535571
-4294579 0 2 383 11213
-4295419 0 2 1613 2663
-4321267 1024 1 116791
-4324507 8 1 393137
-4325827 8 1 393257
-4328683 0 2 271 15973
-4330435 2 1 866087
-4357267 512 1 140557
-4360483 32 1 256499
-4366315 2 1 873263
-4369051 32 1 257003
-4370491 0 2 1019 4289
-4374763 32 1 257339
-4385179 0 2 109 40231
-4398907 524288 1 60259
-4401235 2 1 880247
-4402435 2 1 880487
-4411723 2048 1 107603
-4412827 0 2 1877 2351
-4439515 2 1 887903
-4441315 2 1 888263
-4454872 33554432 1 556859
-4471507 0 2 109 41023
-4474072 33554432 1 559259
-4510387 4 1 644341
-4523347 0 2 1009 4483
-4533307 0 2 1031 4397
-4544227 0 2 653 6959
-4545787 0 2 1093 4159
-4546627 262144 1 64037
-4548328 67108864 1 568541
-4552027 32768 1 77153
-4555003 64 1 239737
-4564747 8 1 414977
-4592083 0 2 1709 2687
-4594699 0 2 521 8819
-4601752 33554432 1 575219
-4611763 16 1 354751
-4612939 0 2 239 19301
-4614547 4 1 659221
-4619467 0 2 1097 4211
-4636483 0 2 131 35393
-4670131 256 1 161039
-4673563 64 1 245977
-4685347 1024 1 126631
-4694323 128 1 204101
-4705003 1048576 1 59557
-4724443 2097152 1 56921
-4725571 4096 1 109897
-4727467 0 2 1433 3299
-4736659 32 1 278627
-4737115 2 1 947423
-4738915 2 1 947783
-4739467 0 2 317 14951
-4757563 4096 1 110641
-4757587 0 2 379 12553
-4775635 2 1 955127
-4777411 0 2 1571 3041
-4777483 0 2 191 25013
-4806811 0 2 1619 2969
-4811515 2 1 962303
-4815643 4 1 687949
-4845691 0 2 311 15581
-4863259 64 1 255961
-4866835 2 1 973367
-4870963 128 1 211781
-4909435 2 1 981887
-4924459 4194304 1 55331
-4933507 0 2 137 36011
-4944067 2048 1 120587
-4966867 0 2 397 12511
-4980907 64 1 262153
-5012443 0 2 557 8999
-5012515 2 1 1002503
-5033683 32 1 296099
-5038603 0 2 1871 2693
-5039587 4 1 719941
-5074243 0 2 601 8443
-5094427 16 1 391879
-5112739 128 1 222293
-5125747 8 1 465977
-5168947 4 1 738421
-5180563 32 1 304739
-5181235 2 1 1036247
-5194123 8 1 472193
-5194867 0 2 1283 4049
-5206843 0 2 641 8123
-5210923 256 1 179687
-5214388 0 1 1303597
-5227435 2 1 1045487
-5281843 4 1 754549
-5303803 0 2 739 7177
-5313187 8 1 483017
-5322283 256 1 183527
-5327083 16384 1 100511
-5336731 0 2 191 27941
-5337883 0 2 509 10487
-5339947 8388608 1 55051
-5361163 0 2 677 7919
-5384152 33554432 1 673019
-5437672 67108864 1 679709
-5438932 0 1 1359733
-5445883 0 2 223 24421
-5446627 16777216 1 53927
-5467123 128 1 237701
-5472043 0 2 1297 4219
-5472787 0 2 131 41777
-5478307 0 2 787 6961
-5504347 0 2 163 33769
-5512915 2 1 1102583
-5518123 16 1 424471
-5536843 16 1 425911
-5540515 2 1 1108103
-5554627 16 1 427279
-5559787 0 2 617 9011
-5577587 0 2 131 42577
-5591947 64 1 294313
-5592763 8 1 508433
-5612683 0 2 263 21341
-5620435 2 1 1124087
-5636563 0 2 1439 3917
-5642587 8388608 1 58171
-5647867 0 2 349 16183
-5650987 32 1 332411
-5668747 4 1 809821
-5692747 512 1 183637
-5714563 32768 1 96857
-5714923 0 2 193 29611
-5716867 16 1 439759
-5728387 4 1 818341
-5753443 4096 1 133801
-5758435 2 1 1151687
-5759443 0 2 443 13001
-5778067 0 2 631 9157
-5804443 64 1 305497
-5828083 0 2 733 7951
-5828563 16 1 448351
-5831947 8 1 530177
-5834035 2 1 1166807
-5843611 0 2 197 29663
-5856907 4 1 836701
-5862643 0 2 131 44753
-5874763 0 2 257 22859
-5876587 16384 1 110879
-5877307 131072 1 87721
-5879563 0 2 1279 4597
-5901067 512 1 190357
-5908723 128 1 256901
-5909347 0 2 263 22469
-5911627 0 2 2179 2713
-5912323 2048 1 144203
-5916283 0 2 2081 2843
-5960467 0 2 1489 4003
-5982787 256 1 206303
-6005323 128 1 261101
