-40799 8 1 3709
-61271 4 1 8753
-70631 8 1 6421
-71735 2 1 14347
-85535 2 1 17107
-91319 16384 1 1723
-91535 2 1 18307
-92135 2 1 18427
-115496 67108864 1 14437
-115519 0 2 331 349
-120104 67108864 1 15013
-121831 128 1 5297
-122671 65536 1 2011
-141527 0 2 307 461
-142831 16 1 10987
-144335 2 1 28867
-146935 2 1 29387
-151231 4096 1 3517
-154879 65536 1 2539
-156824 33554432 1 19603
-159263 16 1 12251
-160951 4 1 22993
-165415 2 1 33083
-176135 2 1 35227
-177503 0 2 139 1277
-182543 0 2 277 659
-185719 0 2 229 811
-188807 128 1 8209
-198007 128 1 8609
-203636 0 1 50909
-205544 67108864 1 25693
-218239 4 1 31177
-220999 512 1 7129
-236663 4 1 33809
-240127 0 2 109 2203
-260311 0 2 163 1597
-260888 33554432 1 32611
-267967 4 1 38281
-268663 128 1 11681
-273991 0 2 311 881
-276008 67108864 1 34501
-277931 0 2 449 619
-283412 0 1 70853
-288296 67108864 1 36037
-288631 4 1 41233
-290132 0 1 72533
-291752 67108864 1 36469
-295979 2048 1 7219
-298039 4 1 42577
-300056 33554432 1 37507
-303092 0 1 75773
-305891 0 2 113 2707
-308171 512 1 9941
-311143 4 1 44449
-318452 0 1 79613
-320071 0 2 263 1217
-322663 8 1 29333
-324776 67108864 1 40597
-329647 32 1 19391
-330727 0 2 163 2029
-333059 0 2 271 1229
-337703 0 2 199 1697
-348199 131072 1 5197
-348607 4 1 49801
-350239 0 2 577 607
-352039 0 2 197 1787
-355735 2 1 71147
-356815 2 1 71363
-358831 8 1 32621
-360179 32 1 21187
-360367 4 1 51481
-365819 1024 1 9887
-369524 0 1 92381
-379124 0 1 94781
-379739 0 2 499 761
-382927 128 1 16649
-384871 2097152 1 4637
-385019 0 2 521 739
-386215 2 1 77243
-388735 2 1 77747
-398911 4096 1 9277
-399319 0 2 197 2027
-399919 16 1 30763
-402491 256 1 13879
-402967 1024 1 10891
-403663 16 1 31051
-406004 0 1 101501
-406115 2 1 81223
-409624 33554432 1 51203
-409832 67108864 1 51229
-413239 2048 1 10079
-413339 0 2 103 4013
-414515 2 1 82903
-416552 67108864 1 52069
-416771 0 2 409 1019
-420635 2 1 84127
-428171 0 2 103 4157
-433519 4194304 1 4871
-436504 33554432 1 54563
-446267 32 1 26251
-451015 2 1 90203
-452723 0 2 139 3257
-453727 0 2 619 733
-457039 8 1 41549
-457111 0 2 331 1381
-458551 128 1 19937
-459251 16 1 35327
-462248 67108864 1 57781
-463508 0 1 115877
-467579 4 1 66797
-469087 4096 1 10909
-471092 0 1 117773
-471991 16 1 36307
-476915 2 1 95383
-477491 4 1 68213
-477656 33554432 1 59707
-479935 2 1 95987
-481615 2 1 96323
-484084 0 1 121021
-485743 65536 1 7963
-490004 0 1 122501
-492899 8 1 44809
-493379 262144 1 6949
-494056 67108864 1 61757
-503252 0 1 125813
-507443 4096 1 11801
-508543 4 1 72649
-510535 2 1 102107
-510676 0 1 127669
-514772 0 1 128693
-518996 0 1 129749
-519128 33554432 1 64891
-522136 33554432 1 65267
-525428 0 1 131357
-527747 8 1 47977
-538451 0 2 467 1153
-540659 4 1 77237
-541019 0 2 149 3631
-542312 67108864 1 67789
-544052 0 1 136013
-544532 0 1 136133
-548983 0 2 239 2297
-551047 4 1 78721
-561751 512 1 18121
-562567 0 2 457 1231
-562927 0 2 107 5261
-563383 256 1 19427
-565204 0 1 141301
-569176 33554432 1 71147
-572891 8 1 52081
-579247 0 2 127 4561
-579323 0 2 167 3469
-580835 2 1 116167
-583592 67108864 1 72949
-584291 2048 1 14251
-589208 33554432 1 73651
-594539 8 1 54049
-596411 32 1 35083
-599636 0 1 149909
-600212 0 1 150053
-604715 2 1 120943
-605267 16 1 46559
-605588 0 1 151397
-606635 2 1 121327
-608027 4 1 86861
-608407 4096 1 14149
-610088 67108864 1 76261
-611983 32 1 35999
-615179 32 1 36187
-615683 0 2 263 2341
-616543 0 2 257 2399
-618059 16 1 47543
-618299 8 1 56209
-618731 2048 1 15091
-619063 256 1 21347
-619928 33554432 1 77491
-622484 0 1 155621
-625447 32 1 36791
-626099 16777216 1 6199
-626215 2 1 125243
-626459 0 2 211 2969
-628903 8 1 57173
-632915 2 1 126583
-633064 67108864 1 79133
-634183 8 1 57653
-646451 16 1 49727
-655327 131072 1 9781
-657752 33554432 1 82219
-658927 128 1 28649
-659459 0 2 433 1523
-659891 8388608 1 6803
-664052 0 1 166013
-664735 2 1 132947
-665624 33554432 1 83203
-665647 0 2 107 6221
-667979 16 1 51383
-670571 8 1 60961
-675368 67108864 1 84421
-675992 33554432 1 84499
-677315 2 1 135463
-677359 1024 1 18307
-681299 0 2 401 1699
-683147 512 1 22037
-688571 16 1 52967
-692584 67108864 1 86573
-698047 4 1 99721
-699092 0 1 174773
-709336 33554432 1 88667
-711011 4 1 101573
-712403 0 2 557 1279
-712564 0 1 178141
-716315 2 1 143263
-716824 33554432 1 89603
-721816 33554432 1 90227
-724019 2048 1 17659
-724859 0 2 691 1049
-735563 128 1 31981
-737432 33554432 1 92179
-737647 32 1 43391
-737896 67108864 1 92237
-737983 0 2 577 1279
-739139 0 2 557 1327
-739763 2048 1 18043
-741515 2 1 148303
-744323 0 2 269 2767
-748043 65536 1 12263
-751163 4 1 107309
-752116 0 1 188029
-756083 0 2 113 6691
-764219 0 2 113 6763
-766019 262144 1 10789
-766663 0 2 367 2089
-767627 4 1 109661
-769523 0 2 163 4721
-772052 0 1 193013
-776123 0 2 233 3331
-782164 0 1 195541
-782335 2 1 156467
-799384 33554432 1 99923
-807188 0 1 201797
-809699 8 1 73609
-810211 16384 1 15287
-814667 4 1 116381
-815723 16384 1 15391
-816463 0 2 167 4889
-819851 0 2 283 2897
-820264 67108864 1 102533
-821527 4 1 117361
-824891 32 1 48523
-826427 4 1 118061
-831703 128 1 36161
-832148 0 1 208037
-841684 0 1 210421
-845023 2097152 1 10181
-845051 2048 1 20611
-851987 65536 1 13967
-853352 67108864 1 106669
-855515 2 1 171103
-855604 0 1 213901
-857611 0 2 293 2927
-858856 67108864 1 107357
-865663 0 2 503 1721
-866315 2 1 173263
-866699 2048 1 21139
-867688 67108864 1 108461
-869411 8388608 1 8963
-874715 2 1 174943
-877787 0 2 157 5591
-879499 8388608 1 9067
-880523 4 1 125789
-881915 2 1 176383
-889396 0 1 222349
-891227 128 1 38749
-892327 0 2 809 1103
-899867 0 2 503 1789
-900227 0 2 137 6571
-901979 16 1 69383
-905435 2 1 181087
-906484 0 1 226621
-906856 67108864 1 113357
-908123 32 1 53419
-910324 0 1 227581
-911579 0 2 257 3547
-913043 512 1 29453
-916567 0 2 443 2069
-917044 0 1 229261
-922859 4 1 131837
-923992 33554432 1 115499
-939083 512 1 30293
-941219 16777216 1 9319
-946804 0 1 236701
-952579 4096 1 22153
-952715 2 1 190543
-955187 64 1 50273
-955523 0 2 947 1009
-964372 0 1 241093
-966707 4 1 138101
-970163 128 1 42181
-972436 0 1 243109
-973096 67108864 1 121637
-973763 4 1 139109
-980243 8 1 89113
-980267 64 1 51593
-980767 8388608 1 10111
-981928 67108864 1 122741
-982516 0 1 245629
-984443 0 2 149 6607
-985832 67108864 1 123229
-991687 1048576 1 12553
-995123 8388608 1 10259
-998003 0 2 193 5171
-999323 16 1 76871
-1005923 256 1 34687
-1006403 0 2 353 2851
-1011299 8192 1 21517
-1018883 65536 1 16703
-1020727 16384 1 19259
-1029491 32768 1 17449
-1035752 67108864 1 129469
-1037251 2097152 1 12497
-1038379 0 2 179 5801
-1040027 256 1 35863
-1048532 0 1 262133
-1050823 4194304 1 11807
-1058867 512 1 34157
-1069135 2 1 213827
-1069447 0 2 733 1459
-1074004 0 1 268501
-1079912 67108864 1 134989
-1080232 67108864 1 135029
-1080515 2 1 216103
-1084835 2 1 216967
-1089727 0 2 173 6299
-1091963 0 2 659 1657
-1094507 0 2 181 6047
-1095131 0 2 401 2731
-1096115 2 1 219223
-1097123 128 1 47701
-1097315 2 1 219463
-1099379 16384 1 20743
-1102219 4096 1 25633
-1107899 16 1 85223
-1108852 0 1 277213
-1110952 67108864 1 138869
-1117715 2 1 223543
-1118164 0 1 279541
-1121243 0 2 751 1493
-1123288 33554432 1 140411
-1134563 32 1 66739
-1140499 0 2 479 2381
-1143691 524288 1 15667
-1144699 0 2 421 2719
-1147219 8388608 1 11827
-1149203 8 1 104473
-1150907 0 2 743 1549
-1156763 0 2 877 1319
-1161035 2 1 232207
-1164379 256 1 40151
-1170943 32 1 68879
-1174804 0 1 293701
-1175956 0 1 293989
-1180327 32 1 69431
-1187048 67108864 1 148381
-1189883 1024 1 32159
-1190147 4 1 170021
-1190843 0 2 677 1759
-1191367 0 2 163 7309
-1199339 0 2 929 1291
-1201411 4194304 1 13499
-1202356 0 1 300589
-1211176 67108864 1 151397
-1212563 8 1 110233
-1213144 33554432 1 151643
-1216216 33554432 1 152027
-1222324 0 1 305581
-1223848 67108864 1 152981
-1228019 16 1 94463
-1231927 2048 1 30047
-1233691 1024 1 33343
-1245323 4096 1 28961
-1250363 0 2 857 1459
-1257227 0 2 431 2917
-1260451 0 2 313 4027
-1264852 0 1 316213
-1270219 0 2 317 4007
-1270235 2 1 254047
-1273051 16 1 97927
-1275259 8388608 1 13147
-1275943 0 2 499 2557
-1276276 0 1 319069
-1282307 16 1 98639
-1282835 2 1 256567
-1289723 65536 1 21143
-1299352 33554432 1 162419
-1299604 0 1 324901
-1305943 0 2 853 1531
-1312408 33554432 1 164051
-1313627 4 1 187661
-1323587 0 2 109 12143
-1325971 0 2 367 3613
-1328363 32 1 78139
-1330036 0 1 332509
-1337332 0 1 334333
-1345043 4 1 192149
-1346011 2097152 1 16217
-1347107 0 2 389 3463
-1349971 4 1 192853
-1352483 8 1 122953
-1356203 0 2 383 3541
-1364507 0 2 523 2609
-1364632 33554432 1 170579
-1364635 2 1 272927
-1373267 4 1 196181
-1381651 0 2 113 12227
-1388584 67108864 1 173573
-1391147 0 2 577 2411
-1391848 67108864 1 173981
-1393768 67108864 1 174221
-1395727 0 2 281 4967
-1402667 4 1 200381
-1406632 67108864 1 175829
-1409627 0 2 751 1877
-1410196 0 1 352549
-1411636 0 1 352909
-1413172 0 1 353293
-1414579 0 2 1151 1229
-1415723 4194304 1 15907
-1420459 64 1 74761
-1422803 128 1 61861
-1428904 67108864 1 178613
-1431227 4 1 204461
-1435699 0 2 167 8597
-1435835 2 1 287167
-1436987 0 2 647 2221
-1443796 0 1 360949
-1444283 2097152 1 17401
-1444372 0 1 361093
-1445032 67108864 1 180629
-1450516 0 1 362629
-1450667 256 1 50023
-1452499 0 2 127 11437
-1454627 1048576 1 18413
-1457491 4 1 208213
-1458227 2097152 1 17569
-1458683 128 1 63421
-1461715 2 1 292343
-1463267 16 1 112559
-1468099 0 2 251 5849
-1468811 512 1 47381
-1475011 512 1 47581
-1479683 0 2 709 2087
-1479988 0 1 369997
-1480552 67108864 1 185069
-1481944 33554432 1 185243
-1488635 2 1 297727
-1490435 2 1 298087
-1494211 0 2 523 2857
-1495219 8 1 135929
-1502483 0 2 863 1741
-1505908 0 1 376477
-1514932 0 1 378733
-1521347 32 1 89491
-1523899 16 1 117223
-1526296 33554432 1 190787
-1526731 1024 1 41263
-1529428 0 1 382357
-1532248 33554432 1 191531
-1537204 0 1 384301
-1545083 1024 1 41759
-1554292 0 1 388573
-1562251 1024 1 42223
-1565812 0 1 391453
-1568483 4 1 224069
-1576291 32 1 92723
-1576667 65536 1 25847
-1580363 64 1 83177
-1583128 33554432 1 197891
-1585235 2 1 317047
-1586932 0 1 396733
-1587691 4 1 226813
-1588715 2 1 317743
-1590808 33554432 1 198851
-1596083 0 2 367 4349
-1598971 8 1 145361
-1603043 16 1 123311
-1606516 0 1 401629
-1606907 16384 1 30319
-1607483 0 2 809 1987
-1608859 4 1 229837
-1609459 0 2 113 14243
-1609915 2 1 321983
-1610452 0 1 402613
-1614379 16 1 124183
-1616299 0 2 1117 1447
-1617107 128 1 70309
-1617811 16 1 124447
-1620683 0 2 151 10733
-1622027 8 1 147457
-1624339 4194304 1 18251
-1635635 2 1 327127
-1641256 67108864 1 205157
-1641979 32 1 96587
-1648667 0 2 719 2293
-1653208 33554432 1 206651
-1656628 0 1 414157
-1665739 0 2 541 3079
-1666883 0 2 439 3797
-1667971 0 2 751 2221
-1683635 2 1 336727
-1692436 0 1 423109
-1695412 0 1 423853
-1698107 262144 1 23917
-1699123 16777216 1 16823
-1703659 0 2 313 5443
-1704259 0 2 179 9521
-1705699 16384 1 32183
-1705987 65536 1 27967
-1711267 0 2 137 12491
-1713467 4 1 244781
-1713739 0 2 599 2861
-1714291 0 2 1009 1699
-1723048 67108864 1 215381
-1727272 67108864 1 215909
-1730419 0 2 277 6247
-1730452 0 1 432613
-1732523 16 1 133271
-1735219 0 2 107 16217
-1737172 0 1 434293
-1739371 524288 1 23827
-1743256 33554432 1 217907
-1744051 65536 1 28591
-1760123 0 2 467 3769
-1761619 65536 1 28879
-1773211 8 1 161201
-1775656 67108864 1 221957
-1775764 0 1 443941
-1784212 0 1 446053
-1797443 4096 1 41801
-1797592 33554432 1 224699
-1801267 16 1 138559
-1802851 0 2 677 2663
-1803316 0 1 450829
-1804372 0 1 451093
-1807732 0 1 451933
-1812568 33554432 1 226571
-1832296 67108864 1 229037
-1834132 0 1 458533
-1841512 67108864 1 230189
-1849048 33554432 1 231131
-1850776 33554432 1 231347
-1855819 4 1 265117
-1856728 33554432 1 232091
-1859668 0 1 464917
-1860107 0 2 991 1877
-1861051 0 2 107 17393
-1862467 256 1 64223
-1863467 8388608 1 19211
-1863947 0 2 337 5531
-1869827 512 1 60317
-1872707 0 2 163 11489
-1881688 33554432 1 235211
-1883419 0 2 227 8297
-1887931 512 1 60901
-1889867 4 1 269981
-1891348 0 1 472837
-1893451 4 1 270493
-1910779 16 1 146983
-1911892 0 1 477973
-1916515 2 1 383303
-1925491 128 1 83717
-1931131 0 2 797 2423
-1932979 4096 1 44953
-1937419 8 1 176129
-1939667 0 2 701 2767
-1942651 8192 1 41333
-1952635 2 1 390527
-1955608 33554432 1 244451
-1962328 33554432 1 245291
-1962587 8 1 178417
-1964035 2 1 392807
-1974424 33554432 1 246803
-1976627 64 1 104033
-1983208 67108864 1 247901
-1983508 0 1 495877
-1985603 0 2 1231 1613
-1987715 2 1 397543
-1990315 2 1 398063
-1990435 2 1 398087
-1994435 2 1 398887
-1996312 33554432 1 249539
-2000872 67108864 1 250109
-2003587 1024 1 54151
-2004052 0 1 501013
-2013091 4194304 1 22619
-2013379 0 2 863 2333
-2026939 64 1 106681
-2028083 32 1 119299
-2029763 0 2 523 3881
-2033483 1024 1 54959
-2037571 0 2 197 10343
-2043139 4 1 291877
-2047339 4 1 292477
-2047603 256 1 70607
-2052691 4096 1 47737
-2060008 67108864 1 257501
-2064091 0 2 673 3067
-2065939 0 2 197 10487
-2068531 0 2 643 3217
-2070868 0 1 517717
-2072659 256 1 71471
-2073763 8388608 1 21379
-2075563 4 1 296509
-2080867 0 2 1171 1777
-2093059 64 1 110161
-2093371 4 1 299053
-2093659 16384 1 39503
-2093779 0 2 257 8147
-2097139 8 1 190649
-2097652 0 1 524413
-2103715 2 1 420743
-2106499 262144 1 29669
-2108692 0 1 527173
-2109715 2 1 421943
-2116171 0 2 733 2887
-2117428 0 1 529357
-2124547 1048576 1 26893
-2130676 0 1 532669
-2131723 8 1 193793
-2131891 0 2 1193 1787
-2133931 0 2 443 4817
-2140427 8192 1 45541
-2144035 2 1 428807
-2152435 2 1 430487
-2157019 0 2 461 4679
-2160811 0 2 641 3371
-2162152 67108864 1 270269
-2162515 2 1 432503
-2165491 0 2 151 14341
-2170699 2097152 1 26153
-2179252 0 1 544813
-2179267 0 2 1117 1951
-2182459 0 2 1433 1523
-2182531 16 1 167887
-2192083 0 2 173 12671
-2195603 128 1 95461
-2199508 0 1 549877
-2207848 67108864 1 275981
-2208307 0 2 401 5507
-2208859 8192 1 46997
-2215939 8 1 201449
-2218708 0 1 554677
-2219179 0 2 547 4057
-2221528 33554432 1 277691
-2224603 32 1 130859
-2225947 16384 1 41999
-2232563 0 2 421 5303
-2242804 0 1 560701
-2245603 0 2 197 11399
-2246267 2048 1 54787
-2246932 0 1 561733
-2264371 0 2 331 6841
-2264491 0 2 181 12511
-2266708 0 1 566677
-2266804 0 1 566701
-2266891 8 1 206081
-2274083 4 1 324869
-2277208 33554432 1 284651
-2282131 32 1 134243
-2290483 16 1 176191
-2293108 0 1 573277
-2295523 64 1 120817
-2295571 0 2 1223 1877
-2303267 256 1 79423
-2308435 2 1 461687
-2309224 67108864 1 288653
-2323387 8 1 211217
-2323699 4 1 331957
-2324116 0 1 581029
-2331331 4096 1 54217
-2334952 67108864 1 291869
-2336347 16 1 179719
-2337064 67108864 1 292133
-2339515 2 1 467903
-2340571 0 2 593 3947
-2352523 64 1 123817
-2353192 67108864 1 294149
-2364451 0 2 241 9811
-2368339 524288 1 32443
-2384491 0 2 1471 1621
-2392427 32 1 140731
-2396491 2048 1 58451
-2407171 16 1 185167
-2408491 128 1 104717
-2412532 0 1 603133
-2424227 16 1 186479
-2425315 2 1 485063
-2426968 33554432 1 303371
-2430067 0 2 1031 2357
-2431483 0 2 349 6967
-2434648 33554432 1 304331
-2440987 64 1 128473
-2445187 512 1 78877
-2446168 33554432 1 305771
-2451115 2 1 490223
-2458171 128 1 106877
-2475979 8 1 225089
-2477059 16 1 190543
-2482579 8 1 225689
-2488411 64 1 130969
-2490019 4 1 355717
-2495083 65536 1 40903
-2497891 8 1 227081
-2516116 0 1 629029
-2519635 2 1 503927
-2522932 0 1 630733
-2525563 0 2 503 5021
-2526331 0 2 919 2749
-2528491 4 1 361213
-2529427 0 2 157 16111
-2553688 33554432 1 319211
-2557315 2 1 511463
-2558068 0 1 639517
-2570827 4 1 367261
-2571508 0 1 642877
-2575099 262144 1 36269
-2577403 128 1 112061
-2582248 67108864 1 322781
-2584051 32 1 152003
-2585812 0 1 646453
-2600107 0 2 821 3167
-2606299 0 2 109 23911
-2610472 67108864 1 326309
-2613587 2097152 1 31489
-2617099 32 1 153947
-2618267 262144 1 36877
-2620315 2 1 524063
-2620987 65536 1 42967
-2627659 0 2 1459 1801
-2637283 8 1 239753
-2644651 0 2 173 15287
-2657011 4 1 379573
-2658163 4194304 1 29867
-2660212 0 1 665053
-2666392 33554432 1 333299
-2666728 67108864 1 333341
-2668267 4 1 381181
-2675368 67108864 1 334421
-2676328 67108864 1 334541
-2676499 4 1 382357
-2678491 0 2 541 4951
-2678548 0 1 669637
-2682523 512 1 86533
-2689363 0 2 433 6211
-2695192 33554432 1 336899
-2696035 2 1 539207
-2700259 0 2 571 4729
-2705747 8 1 245977
-2708107 256 1 93383
-2731171 0 2 547 4993
-2738083 0 2 151 18133
-2739892 0 1 684973
-2760088 33554432 1 345011
-2769379 0 2 541 5119
-2773027 4096 1 64489
-2776387 0 2 487 5701
-2776552 67108864 1 347069
-2785747 0 2 401 6947
-2789443 16384 1 52631
-2796835 2 1 559367
-2803732 0 1 700933
-2809531 0 2 103 27277
-2811859 0 2 421 6679
-2817163 65536 1 46183
-2818315 2 1 563663
-2818483 1048576 1 35677
-2821912 33554432 1 352739
-2828203 4 1 404029
-2828788 0 1 707197
-2829331 0 2 647 4373
-2830459 0 2 313 9043
-2831827 0 2 131 21617
-2834731 65536 1 46471
-2841379 524288 1 38923
-2845588 0 1 711397
-2853931 0 2 277 10303
-2857147 524288 1 39139
-2860099 8 1 260009
-2866315 2 1 573263
-2866339 4 1 409477
-2868691 4 1 409813
-2879284 0 1 719821
-2892067 0 2 199 14533
-2892628 0 1 723157
-2907571 1024 1 78583
-2928715 2 1 585743
-2928811 32 1 172283
-2929579 128 1 127373
-2940835 2 1 588167
-2944603 0 2 199 14797
-2948899 128 1 128213
-2954131 0 2 137 21563
-2958283 128 1 128621
-2963851 8 1 269441
-2965723 0 2 373 7951
-2965915 2 1 593183
-2966827 131072 1 44281
-2973352 67108864 1 371669
-2978083 131072 1 44449
-2995123 0 2 443 6761
-3000403 4 1 428629
-3004915 2 1 600983
-3009187 32 1 177011
-3017971 8 1 274361
-3019147 4194304 1 33923
-3019267 0 2 157 19231
-3022483 0 2 173 17471
-3023107 131072 1 45121
-3025339 524288 1 41443
-3027412 0 1 756853
-3029251 2097152 1 36497
-3031507 64 1 159553
-3038803 64 1 159937
-3043252 0 1 760813
-3047515 2 1 609503
-3052219 262144 1 42989
-3055339 4 1 436477
-3062923 16384 1 57791
-3064219 0 2 239 12821
-3066235 2 1 613247
-3070603 0 2 347 8849
-3076648 67108864 1 384581
-3080011 8 1 280001
-3081019 0 2 991 3109
-3081547 4 1 440221
-3085363 4194304 1 34667
-3090043 8 1 280913
-3095128 33554432 1 386891
-3104308 0 1 776077
-3114907 2097152 1 37529
-3115099 16 1 239623
-3115732 0 1 778933
-3115747 0 2 1597 1951
-3122971 512 1 100741
-3124312 33554432 1 390539
-3125428 0 1 781357
-3127411 4 1 446773
-3130339 16384 1 59063
-3145867 32 1 185051
-3148643 0 2 383 8221
-3160459 0 2 107 29537
-3163267 8388608 1 32611
-3180043 0 2 227 14009
-3181363 32 1 187139
-3189691 0 2 953 3347
-3190168 33554432 1 398771
-3190843 1024 1 86239
-3193579 0 2 797 4007
-3202315 2 1 640463
-3219187 0 2 439 7333
-3236248 33554432 1 404531
-3236851 32 1 190403
-3239683 1024 1 87559
-3240907 128 1 140909
-3241891 0 2 181 17911
-3242707 16 1 249439
-3244315 2 1 648863
-3248491 0 2 293 11087
-3252835 2 1 650567
-3257899 8192 1 69317
-3259939 0 2 151 21589
-3264883 32768 1 55337
-3266008 33554432 1 408251
-3270115 2 1 654023
-3277939 4 1 468277
-3294715 2 1 658943
-3295099 0 2 599 5501
-3298723 64 1 173617
-3299011 256 1 113759
-3300307 0 2 857 3851
-3301507 8 1 300137
-3315691 0 2 229 14479
-3323539 0 2 937 3547
-3333499 16 1 256423
-3336187 0 2 359 9293
-3349987 2048 1 81707
-3353659 0 2 541 6199
-3365419 32768 1 57041
-3373819 0 2 877 3847
-3380035 2 1 676007
-3398827 32 1 199931
-3401491 4194304 1 38219
-3405859 0 2 1721 1979
-3408907 16384 1 64319
-3415732 0 1 853933
-3417331 256 1 117839
-3418132 0 1 854533
-3420907 4 1 488701
-3421363 8 1 311033
-3423283 0 2 317 10799
-3426235 2 1 685247
-3426259 0 2 1439 2381
-3429307 4 1 489901
-3437848 33554432 1 429731
-3440728 33554432 1 430091
-3442132 0 1 860533
-3443947 16 1 264919
-3458008 33554432 1 432251
-3458851 8 1 314441
-3462667 16 1 266359
-3462715 2 1 692543
-3477547 8388608 1 35851
-3478339 16777216 1 34439
-3485491 0 2 277 12583
-3488107 4 1 498301
-3495187 0 2 463 7549
-3495211 0 2 131 26681
-3499171 16 1 269167
-3506443 2048 1 85523
-3509707 0 2 107 32801
-3513715 2 1 702743
-3515572 0 1 878893
-3515635 2 1 703127
-3517843 4 1 502549
-3519499 0 2 683 5153
-3526603 256 1 121607
-3527923 4 1 503989
-3533515 2 1 706703
-3546811 0 2 859 4129
-3549115 2 1 709823
-3554387 64 1 187073
-3559723 0 2 601 5923
-3564835 2 1 712967
-3566947 0 2 419 8513
-3569035 2 1 713807
-3572515 2 1 714503
-3574027 0 2 661 5407
-3582403 8 1 325673
-3583315 2 1 716663
-3583339 1024 1 96847
-3593363 2048 1 87643
-3595048 67108864 1 449381
-3598747 32 1 211691
-3604915 2 1 720983
-3617563 0 2 107 33809
-3622603 16384 1 68351
-3628387 4 1 518341
-3629371 0 2 709 5119
-3635032 33554432 1 454379
-3635851 8388608 1 37483
-3647083 8 1 331553
-3650083 0 2 109 33487
-3651283 0 2 367 9949
-3654347 0 2 461 7927
-3656803 8388608 1 37699
-3658099 0 2 149 24551
-3664867 2048 1 89387
-3671107 8 1 333737
-3674035 2 1 734807
-3686659 0 2 751 4909
-3687883 0 2 349 10567
-3691915 2 1 738383
-3695092 0 1 923773
-3707251 0 2 1021 3631
-3707707 1048576 1 46933
-3712723 4 1 530389
-3714835 2 1 742967
-3717928 67108864 1 464741
-3724219 0 2 1009 3691
-3728347 4 1 532621
-3730915 2 1 746183
-3734827 0 2 1213 3079
-3744115 2 1 748823
-3750187 4 1 535741
-3754132 0 1 938533
-3756427 0 2 151 24877
-3763411 0 2 311 12101
-3764968 67108864 1 470621
-3774772 0 1 943693
-3777763 8 1 343433
-3779092 0 1 944773
-3790312 67108864 1 473789
-3808099 0 2 541 7039
-3815347 4096 1 88729
-3816643 128 1 165941
-3827083 16 1 294391
-3831508 0 1 957877
-3832507 4 1 547501
-3838147 0 2 491 7817
-3839107 256 1 132383
-3845947 4 1 549421
-3848107 128 1 167309
-3852571 0 2 421 9151
-3855283 128 1 167621
-3858883 4 1 551269
-3860899 4 1 551557
-3867988 0 1 966997
-3886891 0 2 151 25741
-3892072 67108864 1 486509
-3892483 4 1 556069
-3905812 0 1 976453
-3910723 131072 1 58369
-3911467 4 1 558781
-3918868 0 1 979717
-3918979 16384 1 73943
-3924328 67108864 1 490541
-3929467 512 1 126757
-3938227 0 2 197 19991
-3952483 32 1 232499
-3958579 0 2 1951 2029
-3962947 512 1 127837
-3966859 16 1 305143
-3970267 4 1 567181
-3970627 0 2 661 6007
-3976627 0 2 269 14783
-3978907 0 2 929 4283
-3979483 128 1 173021
-3981907 0 2 509 7823
-3989947 16 1 306919
-4010035 2 1 802007
-4019992 33554432 1 502499
-4038619 16 1 310663
-4047115 2 1 809423
-4052491 64 1 213289
-4067443 0 2 307 13249
-4074787 524288 1 55819
-4079827 0 2 193 21139
-4082083 2048 1 99563
-4084579 0 2 863 4733
-4092787 0 2 317 12911
-4096051 4096 1 95257
-4104472 33554432 1 513059
-4108147 1024 1 111031
-4113739 4 1 587677
-4113748 0 1 1028437
-4123147 4 1 589021
-4131067 0 2 173 23879
-4138003 0 2 701 5903
-4149307 0 2 193 21499
-4164187 0 2 103 40429
-4175923 16384 1 78791
-4177603 0 2 1109 3767
-4180339 0 2 523 7993
-4193563 8 1 381233
-4199371 8 1 381761
-4226923 0 2 1297 3259
-4227403 0 2 191 22133
-4231147 32 1 248891
-4236163 128 1 184181
-4248379 2048 1 103619
-4264003 524288 1 58411
-4272808 67108864 1 534101
-4278307 8 1 388937
-4280299 1048576 1 54181
-4287259 0 2 1571 2729
-4293139 0 2 181 23719
-4296763 16384 1 81071
-4299523 0 2 509 8447
-4303315 2 1 860663
-4304563 0 2 449 9587
-4308715 2 1 861743
-4311619 16 1 331663
-4314979 0 2 103 41893
-4325107 262144 1 60917
-4330915 2 1 866183
-4336747 256 1 149543
-4345972 0 1 1086493
-4346659 1048576 1 55021
-4350235 2 1 870047
-4367683 512 1 140893
-4378483 8388608 1 45139
-4392019 32768 1 74441
-4392187 16777216 1 43487
-4393627 4 1 627661
-4396963 2048 1 107243
-4399315 2 1 879863
-4411171 524288 1 60427
-4411483 32 1 259499
-4416307 4 1 630901
-4432891 0 2 1201 3691
-4448299 64 1 234121
-4448788 0 1 1112197
-4452628 0 1 1113157
-4452787 16777216 1 44087
-4454899 0 2 823 5413
-4460707 0 2 373 11959
-4463923 0 2 127 35149
-4464067 0 2 547 8161
-4466548 0 1 1116637
-4475827 4096 1 104089
-4476235 2 1 895247
-4481347 16 1 344719
-4482427 0 2 131 34217
-4484563 128 1 194981
-4497859 0 2 191 23549
-4504819 8 1 409529
-4519507 0 2 337 13411
-4520212 0 1 1130053
-4542388 0 1 1135597
-4543603 64 1 239137
-4547203 8192 1 96749
-4567348 0 1 1141837
-4574827 131072 1 68281
-4593787 8 1 417617
-4602643 0 2 887 5189
-4605907 0 2 181 25447
-4638883 4096 1 107881
-4641652 0 1 1160413
-4641883 128 1 201821
-4648747 2097152 1 56009
-4661428 0 1 1165357
-4668667 2097152 1 56249
-4682947 262144 1 65957
-4690627 0 2 367 12781
-4690963 32 1 275939
-4691347 64 1 246913
-4691923 0 2 823 5701
-4695139 0 2 149 31511
-4708411 256 1 162359
-4725163 0 2 1693 2791
-4729723 32 1 278219
-4737643 256 1 163367
-4759147 0 2 191 24917
-4774003 16 1 367231
-4782643 128 1 207941
-4788763 4 1 684109
-4794667 0 2 1193 4019
-4819027 64 1 253633
-4847803 0 2 1237 3919
-4849387 32768 1 82193
-4867531 0 2 503 9677
-4872499 0 2 373 13063
-4874083 65536 1 79903
-4913827 0 2 251 19577
-4917235 2 1 983447
-4941619 128 1 214853
-4956307 0 2 1949 2543
-4965547 32 1 292091
-4969867 4 1 709981
-4981003 0 2 883 5641
-4987483 0 2 1697 2939
-4991323 0 2 113 44171
-4992067 32 1 293651
-4998883 1048576 1 63277
-5013835 2 1 1002767
-5022907 0 2 2099 2393
-5052163 512 1 162973
-5059027 4194304 1 56843
-5068387 0 2 641 7907
-5085067 16 1 391159
-5112187 128 1 222269
-5148235 2 1 1029647
-5156947 4096 1 119929
-5165563 16 1 397351
-5167147 0 2 167 30941
-5171707 0 2 191 27077
-5172091 0 2 1373 3767
-5180923 8 1 470993
-5185603 128 1 225461
-5185819 0 2 373 13903
-5187427 4 1 741061
-5195347 0 2 761 6827
-5200363 4 1 742909
-5209003 0 2 251 20753
-5212915 2 1 1042583
-5213443 0 2 1451 3593
-5231179 0 2 677 7727
-5234707 0 2 523 10009
-5238283 2048 1 127763
-5241091 0 2 1657 3163
-5247187 8 1 477017
-5257363 128 1 228581
-5259235 2 1 1051847
-5272747 64 1 277513
-5284372 0 1 1321093
-5296363 0 2 103 51421
-5308003 16384 1 100151
-5332147 0 2 191 27917
-5353627 0 2 193 27739
-5374843 0 2 653 8231
-5381947 2048 1 131267
-5382403 16 1 414031
-5389843 128 1 234341
-5412907 0 2 1201 4507
-5422627 4 1 774661
-5434723 4 1 776389
-5437972 0 1 1359493
-5445667 0 2 163 33409
-5446267 0 2 193 28219
-5452003 0 2 199 27397
-5456803 8 1 496073
-5468227 128 1 237749
-5479123 16 1 421471
-5479843 0 2 389 14087
-5512147 64 1 290113
-5530792 67108864 1 691349
-5567587 128 1 242069
-5570563 0 2 881 6323
-5581723 4 1 797389
-5591083 131072 1 83449
-5605363 0 2 103 54421
-5616235 2 1 1123247
-5621515 2 1 1124303
-5624107 0 2 1039 5413
-5642515 2 1 1128503
-5645635 2 1 1129127
-5658907 0 2 1231 4597
-5662267 16 1 435559
-5671723 0 2 1783 3181
-5672587 0 2 1097 5171
-5673187 16 1 436399
-5676763 64 1 298777
-5679067 0 2 1237 4591
-5679235 2 1 1135847
-5681131 131072 1 84793
-5686387 4 1 812341
-5690707 8 1 517337
-5692987 0 2 2383 2389
-5693587 4096 1 132409
-5693803 8388608 1 58699
-5702491 0 2 577 9883
-5718283 128 1 248621
-5719435 2 1 1143887
-5722987 0 2 1543 3709
-5723443 8 1 520313
-5731603 8192 1 121949
-5769883 4 1 824269
-5772883 0 2 769 7507
-5784307 0 2 269 21503
-5794363 0 2 241 24043
-5801827 256 1 200063
-5812003 0 2 1567 3709
-5834515 2 1 1166903
-5851747 8 1 531977
-5852788 0 1 1463197
-5859835 2 1 1171967
-5885419 0 2 277 21247
-5890867 0 2 2251 2617
-5910643 0 2 337 17539
-5916667 256 1 204023
-5929963 16 1 456151
-5931403 0 2 457 12979
-5950723 262144 1 83813
-5958283 4194304 1 66947
-5974147 0 2 857 6971
-5975467 512 1 192757
-5976067 128 1 259829
-5977315 2 1 1195463
-5983987 0 2 389 15383
-5989003 0 2 1997 2999
-6000787 16 1 461599
