-46079 294920 0
-46871 8 1 4261
-48719 4104 1 103
-49631 512 1 1601
-54119 144 1 181
-54431 1064976 0
-60095 16777254 0
-62663 0 2 223 281
-63191 256 1 2179
-66695 2 1 13339
-70847 260 1 349
-76415 802 0
-83615 6 1 2389
-87095 2 1 17419
-90695 8388650 0
-101303 16810016 0
-108815 6 1 3109
-110207 0 2 191 577
-112751 0 2 137 823
-113687 4 2 109 149
-119444 16 1 2297
-121316 16 1 2333
-127844 512 1 1031
-128504 33554432 1 16063
-132079 0 2 269 491
-133111 8 1 12101
-135287 32768 1 2293
-135439 544 1 257
-139460 66 1 367
-140516 0 1 35129
-143327 32 1 8431
-144535 2 2 137 211
-146695 2 1 29339
-150631 16 1 11587
-153751 16 1 11827
-155924 32 1 2293
-157415 66 1 1657
-160904 67108864 1 20113
-162647 2048 1 3967
-168407 2097152 1 2029
-168692 0 2 181 233
-169556 8388800 0
-174439 64 1 9181
-176420 2 1 8821
-177464 33554436 1 3169
-178615 2 2 139 257
-180031 2048 1 4391
-180404 36 1 379
-181999 2176 1 193
-183140 2 1 9157
-183764 4 1 6563
-183860 258 1 317
-184196 0 1 46049
-184247 4 1 26321
-184484 32 1 2713
-185479 4 1 26497
-186164 8 1 4231
-188264 83886080 1 233
-188696 33554432 2 103 229
-190703 64 1 10037
-192647 524564 0
-193112 50331648 1 239
-195236 0 1 48809
-196616 67108868 1 3511
-197060 32770 1 167
-197204 4 1 7043
-197384 67108872 1 2243
-198392 33554432 1 24799
-202292 0 2 103 491
-206660 2 1 10333
-208436 0 2 107 487
-210740 2050 1 257
-212840 67108898 1 313
-213416 67109892 1 103
-215432 67108868 1 3847
-215495 8198 1 131
-216836 0 2 151 359
-217615 262146 1 613
-218183 262148 1 439
-219511 8913408 0
-220520 67109890 1 149
-220664 33554432 1 27583
-221780 18 1 853
-222836 288 1 113
-223135 10 1 4057
-223736 33554432 1 27967
-223940 2 1 11197
-224143 8256 1 251
-225416 67108928 1 1483
-226591 0 2 347 653
-226655 26 1 317
-226904 33554432 2 113 251
-227540 514 1 367
-227695 530 1 113
-228031 1024 1 6163
-228059 16400 1 331
-231224 33554436 1 4129
-236804 16384 1 1117
-236948 1024 1 1601
-236959 256 1 8171
-238135 8388610 1 491
-240980 2 1 12049
-242516 64 1 3191
-245791 525332 0
-247556 0 2 199 311
-249335 8194 1 1061
-250847 0 2 137 1831
-250916 0 2 149 421
-253064 67108868 1 4519
-254099 32 1 14947
-254771 16584 0
-256484 1024 1 1733
-256772 128 1 2791
-259064 33579024 0
-259220 18 1 997
-260756 532544 0
-261199 0 2 269 971
-261320 67117058 1 139
-263912 67108872 1 2999
-267032 33554688 1 1151
-271207 1048576 1 3433
-272696 37748736 1 383
-274436 192 1 157
-274904 33554436 1 4909
-276295 2 1 55259
-276391 65664 1 197
-277124 256 1 2389
-281588 16779296 0
-281624 33562628 1 107
-281684 16 1 5417
-287780 2 1 14389
-287960 33554562 1 313
-290207 4128 1 397
-291176 67108896 1 2141
-292379 1048576 1 3701
-293204 128 1 3187
-295736 33554436 1 5281
-296527 12 1 3851
-296743 135168 1 103
-296840 67110914 1 181
-297704 67108904 1 199
-298052 0 2 269 277
-298931 2176 1 317
-299012 32772 1 181
-300919 0 2 113 2663
-301231 132 1 1871
-301351 512 1 9721
-302239 4 1 43177
-302420 2 1 15121
-302708 68 1 569
-304760 33554498 1 401
-305624 33554568 1 151
-305912 33554432 1 38239
-306535 16777218 1 607
-307076 12 1 997
-308431 32 1 18143
-312167 0 2 487 641
-313007 640 1 439
-313687 8 1 28517
-313999 516 1 1447
-314023 0 2 241 1303
-314959 8388640 1 191
-315487 512 1 10177
-316520 67110914 1 193
-317768 67109000 1 157
-323263 262400 1 157
-323876 4100 1 269
-325303 8 1 29573
-326180 8194 1 347
-327716 0 1 81929
-328807 32768 1 5573
-328916 36 1 691
-329348 0 2 137 601
-330007 0 2 331 997
-330223 33024 1 193
-330847 72 1 1583
-331940 6 1 2371
-332756 2048 1 2029
-333368 33554436 1 5953
-335012 65536 1 1373
-336020 16386 1 317
-336356 0 1 84089
-337139 8 1 30649
-339716 8208 1 139
-340324 0 1 85081
-343399 4 1 49057
-345151 1048608 1 257
-345956 16 1 6653
-346783 32 1 20399
-349412 4 1 12479
-349460 16777218 1 173
-351631 4 2 191 263
-352735 1056834 0
-354535 8392738 0
-354728 67109128 1 139
-355352 33558528 1 1033
-356024 33554432 2 191 233
-356660 34 1 1049
-357668 0 1 89417
-360932 24 1 631
-361268 1024 1 2441
-361543 276 1 137
-361880 35651586 1 109
-362852 4 1 12959
-363032 33554560 1 1973
-366356 131072 1 1367
-366871 64 1 19309
-368339 8224 1 461
-368804 0 2 137 673
-369188 0 1 92297
-369316 0 2 127 727
-369976 33554432 2 103 449
-371336 67108932 1 349
-373496 33554432 1 46687
-374612 36 1 787
-375668 64 1 4943
-376159 292 1 109
-376664 33554432 2 197 239
-376808 67241024 0
-377348 256 1 3253
-377876 32 1 5557
-379183 68 1 2851
-382931 0 2 167 2293
-383176 67108864 2 211 227
-386023 72 1 1847
-386264 33570816 1 911
-388216 33554432 1 48527
-388424 67108992 1 2111
-388520 67108874 1 883
-389540 2 1 19477
-389816 33554436 1 6961
-393608 67108864 1 49201
-394568 67114496 0
-395944 67112960 1 1151
-395972 0 1 98993
-396104 67239936 1 739
-396968 67108888 1 347
-397615 2 2 281 283
-400855 22 1 881
-400999 0 2 137 2927
-401051 24708 0
-402247 128 1 17489
-402740 18 1 1549
-403351 262352 0
-404935 2 2 109 743
-405103 4096 1 9421
-406087 131400 0
-406340 10 1 1847
-406484 16 1 7817
-406664 67108864 1 50833
-407099 44 1 311
-407935 10 1 7417
-408196 2112 1 131
-408212 65540 1 239
-408463 262152 1 523
-410168 34635784 0
-410263 12548 0
-410291 4 1 58613
-413695 546 1 157
-415135 262 1 409
-415412 2080 1 149
-415460 2 1 20773
-416959 32 1 24527
-417332 16777216 1 1033
-420415 8194 1 1789
-420751 0 2 127 3313
-420895 2 1 84179
-421396 32 1 6197
-422483 20979712 0
-426059 0 2 199 2141
-427691 32776 1 659
-428051 80 1 1733
-429371 0 2 139 3089
-430331 262472 0
-431768 33554944 1 1741
-432607 132 1 2687
-432676 128 1 4703
-433508 0 1 108377
-434171 4224 1 439
-435620 130 1 947
-436063 4096 1 10141
-436760 33619970 1 179
-438788 4 1 15671
-438980 8194 1 467
-439412 1024 1 2969
-439748 0 1 109937
-439855 16908306 0
-440792 33554440 1 5009
-441779 48 1 1999
-442052 16 1 8501
-442504 67108864 1 55313
-442628 0 2 239 463
-442759 2048 1 10799
-443780 2 1 22189
-443896 33554432 1 55487
-445448 67108864 1 55681
-448472 33619968 1 919
-449167 32896 1 331
-449240 33554442 1 1021
-450020 2 1 22501
-450856 77594628 0
-451412 16 1 8681
-451876 0 2 173 653
-452023 280 1 109
-452503 0 2 107 4229
-452551 8 1 41141
-453127 8704 1 311
-453188 4325440 0
-453224 67108864 2 181 313
-453332 8 1 10303
-453368 33554432 1 56671
-455060 65538 1 373
-455359 1536 1 397
-455480 33587202 1 193
-455819 20 1 5009
-457331 1048580 1 827
-458339 2052 1 1597
-459332 0 1 114833
-459655 134 1 571
-460712 67108932 1 433
-460807 1048640 1 307
-466835 524290 1 1279
-467939 1024 1 12647
-469495 530 1 233
-470852 16384 1 2221
-471284 8 1 10711
-471512 33554464 1 3467
-471895 2 1 94379
-472619 4 2 107 631
-472760 33570818 1 223
-473476 0 1 118369
-473588 0 2 197 601
-474487 112 1 113
-475208 67108864 2 191 311
-475816 67108872 1 5407
-475855 66 1 5009
-475951 4 1 67993
-481204 32768 1 2039
-481471 4096 1 11197
-482143 512 2 103 151
-482171 32 2 113 251
-483380 2 1 24169
-483620 2 1 24181
-484760 33554434 1 12119
-486055 2050 1 2371
-486116 16384 1 2293
-488164 0 1 122041
-488420 2 1 24421
-489188 4 1 17471
-489247 1048584 1 563
-489368 35782664 0
-491060 4098 1 571
-491096 33554592 1 157
-492415 14 1 1279
-492932 40 1 659
-493063 98304 1 137
-493331 0 2 487 1013
-494315 2 2 109 907
-495332 0 1 123833
-495367 262144 1 6977
-495368 67108928 1 3259
-498152 67633152 1 853
-498904 33587204 1 151
-499652 128 1 5431
-499835 6 1 14281
-500503 8320 1 463
-500531 32 1 29443
-500599 40 1 2677
-503444 4096 1 2927
-504779 8 2 109 421
-506051 2228244 0
-506372 262144 1 1783
-507752 67108868 1 9067
-507848 67109128 1 199
-508232 83887136 0
-508388 0 2 149 853
-509143 64 2 127 211
-509167 65568 1 491
-510059 4194312 1 521
-511927 16400 1 743
-511928 37748736 1 719
-512027 2097664 1 199
-512312 33554464 1 3767
-515044 0 1 128761
-516740 6 1 3691
-518072 33554944 1 2089
-519272 67108880 1 4993
-520207 0 2 661 787
-522692 0 2 149 877
-523135 130 1 4549
-523412 8650816 0
-524339 0 2 251 2089
-525823 0 2 191 2753
-526084 131088 1 151
-526327 0 2 163 3229
-526712 33554432 1 65839
-530215 6 1 15149
-531064 33554432 1 66383
-531727 1028 1 2053
-531971 8 2 137 353
-532196 2097156 1 229
-532735 518 1 491
-532835 65538 1 1747
-533023 0 2 433 1231
-534308 0 2 223 599
-535876 72 1 641
-535892 4 1 19139
-536164 0 2 311 431
-536884 1048576 1 1699
-537272 33554432 2 239 281
-540824 33685504 1 1009
-542531 5640 0
-546536 67125248 1 1289
-546755 10 1 9941
-547207 0 2 461 1187
-547336 67109376 1 2207
-548047 2048 1 13367
-549016 33554448 1 5279
-549496 33554432 1 68687
-550015 2050 1 2683
-550543 4 1 78649
-550567 0 2 313 1759
-551156 0 2 227 607
-554095 2 1 110819
-554120 67108870 1 1979
-555364 0 1 138841
-556715 8322 1 103
-556936 67112960 1 1619
-558340 2 1 27917
-559304 67108864 2 151 463
-559460 10 1 2543
-559640 33554466 1 823
-560356 512 1 4519
-560651 16842772 0
-562388 32768 1 2383
-563176 83888160 0
-564295 2 1 112859
-566296 33816576 1 997
-566651 262272 1 347
-569912 33554436 1 10177
-572771 16793600 1 107
-574015 18 1 8831
-574091 4 1 82013
-574276 0 1 143569
-574931 132 1 3571
-574979 0 2 347 1657
-575108 65536 1 2357
-575176 67108868 1 10271
-576932 128 1 6271
-578095 2097158 1 199
-578263 4 1 82609
-578795 134 1 719
-579343 16416 1 643
-579716 1024 1 3917
-579848 67108864 1 72481
-580292 0 2 239 607
-581095 642 1 163
-581588 4 1 20771
-582179 80 1 2357
-582308 0 1 145577
-582491 1044 1 173
-583423 32 1 34319
-583496 67108864 1 72937
-584536 33554944 1 2357
-585059 0 2 401 1459
-585368 33554436 1 10453
-585752 34111520 0
-586456 33554448 1 5639
-588296 67108864 2 151 487
-588308 4 1 21011
-588415 2 2 137 859
-590276 0 2 173 853
-590660 6 1 4219
-591899 12 1 7687
-592532 2048 1 3613
-592696 33556496 1 139
-592811 8192 1 12613
-593768 67108996 1 461
-593896 67174400 1 1217
-594007 256 1 20483
-594020 6 1 4243
-594055 14 1 1543
-594548 64 1 7823
-595063 4 1 85009
-595112 67108868 1 10627
-596792 33554436 1 10657
-597535 2 2 127 941
-597752 33554432 1 74719
-598088 67108864 1 74761
-598340 2 1 29917
-598787 4 2 113 757
-599828 32 1 8821
-599896 33554472 1 401
-599972 0 1 149993
-600395 2 1 120079
-601255 66 1 6329
-602372 2048 1 3673
-604936 67108864 1 75617
-605143 268 1 271
-605647 516 1 2791
-606295 2 1 121259
-606436 0 1 151609
-607160 33558530 1 353
-607259 576 1 1031
-608651 32 1 35803
-608948 128 1 6619
-611236 0 1 152809
-611444 512 1 4931
-611732 8 1 13903
-612443 16 1 47111
-614536 67108944 1 311
-615032 33554696 1 241
-615295 2 1 123059
-615460 2 1 30773
-615608 33554436 1 10993
-616088 33554440 1 7001
-617156 0 2 277 557
-618196 1024 1 4177
-618376 67108872 1 7027
-619112 67108880 1 5953
-621380 2 1 31069
-621847 2304 1 523
-621899 0 2 487 1277
-622232 33554960 1 193
-623695 2 1 124739
-623944 67108992 1 3391
-624127 4 2 163 547
-624212 0 2 113 1381
-625135 16390 1 337
-625204 0 2 149 1049
-626360 33554438 1 2237
-628019 524292 1 1229
-628036 0 2 197 797
-628280 33554434 2 113 139
-628340 4194306 1 353
-632468 262176 1 131
-632552 67109888 1 2137
-633620 18 1 2437
-634840 33587202 1 269
-635240 67108866 1 15881
-636728 33849408 0
-638980 4098 1 743
-641828 264 1 503
-642103 524 1 269
-642995 2 1 128599
-643423 264 1 2017
-643855 65538 1 2111
-645188 16777216 1 1597
-645463 2068 1 173
-647044 0 1 161761
-647647 28 1 647
-647732 2097152 1 1951
-648184 33554432 1 81023
-648755 66 1 6829
-648947 16 1 49919
-648968 67108992 1 3527
-651967 32 1 38351
-652984 33554944 1 2633
-653531 1056 1 1039
-653815 4098 1 3041
-654728 67108864 2 223 367
-657256 67109120 1 2833
-659795 2 1 131959
-660703 512 1 21313
-663415 2 2 277 479
-663640 33562626 1 353
-665060 10 1 3023
-665579 33024 1 389
-665672 67108868 1 11887
-666308 0 2 157 1061
-669011 516 1 3083
-669092 8192 1 3559
-669103 32 1 39359
-669848 34080256 0
-672392 67108868 1 12007
-672491 0 2 263 2557
-672548 0 2 383 439
-673880 33554466 1 991
-674051 4 1 96293
-674228 524288 1 2309
-674824 67239936 1 1259
-676340 6 1 4831
-676504 33554432 2 103 821
-676687 8 2 227 271
-678491 8 1 61681
-678692 4 1 24239
-678967 0 2 821 827
-683335 66 1 7193
-683387 0 2 127 5381
-683987 32768 1 11593
-685211 4194304 1 7699
-686120 67108898 1 1009
-686356 72 1 821
-686651 4 2 233 421
-687128 33554448 1 6607
-689263 64 1 36277
-690676 36 1 1451
-691735 10 1 12577
-692840 67108866 1 17321
-694840 33554690 1 599
-695108 0 1 173777
-696676 0 1 174169
-696728 33562656 1 109
-696740 10 1 3167
-696979 0 2 269 2591
-697412 1048576 1 2207
-697864 69206016 1 1051
-700216 34078728 1 109
-700283 64 1 36857
-701284 32 1 10313
-701524 0 2 109 1609
-701843 0 2 113 6211
-702184 67108868 1 12539
-704164 0 1 176041
-705316 0 1 176329
-705908 36 1 1483
-706447 4100 1 2347
-707080 67108874 1 1607
-709499 1048580 1 1283
-713320 67108898 1 1049
-713651 512 1 23021
-714415 274 1 379
-715144 67108864 1 89393
-716699 131136 1 563
-716983 0 2 103 6961
-717976 33554436 1 12821
-718420 34 1 2113
-718811 32 1 42283
-720035 4130 1 197
-721508 65536 1 2957
-722324 4194304 1 2029
-726212 0 1 181553
-726548 131072 1 2711
-728915 266 1 457
-729736 69206020 1 157
-730456 33556512 1 131
-731528 67108868 1 13063
-732127 584 1 113
-734315 16418 1 163
-737023 4 2 211 499
-738607 0 2 677 1091
-738740 4098 1 859
-739160 33554466 1 1087
-740468 64 1 9743
-740531 136 1 2927
-740863 33024 1 433
-743704 33554448 1 7151
-744968 67125252 1 251
-745448 67112968 1 197
-746795 70 1 1123
-749243 8 1 68113
-749252 4 1 26759
-750248 67108864 2 191 491
-750968 33554432 1 93871
-751540 16386 1 709
-753487 4 1 107641
-753655 65542 1 353
-754063 0 2 103 7321
-755192 33554432 1 94399
-757384 67108896 1 5569
-757907 0 2 311 2437
-758344 67108864 1 94793
-759572 65544 1 283
-761672 67108928 1 5011
-761891 16 2 103 569
-762008 33554480 1 431
-763096 33554976 1 181
-764168 67141632 1 1619
-766472 67108868 1 13687
-766883 16 1 58991
-766979 8388608 1 7907
-767972 1024 1 5189
-768004 16777216 1 1901
-768995 2097186 1 109
-769240 33554434 1 19231
-769979 260 1 3793
-771155 14 1 2003
-773699 4160 1 947
-775595 2 1 155119
-775688 67117056 1 2063
-776171 2056 1 1721
-777124 128 1 8447
-777539 4 2 277 401
-777544 69206016 1 1171
-779195 4194338 1 103
-779348 524320 1 157
-780059 8196 1 2371
-780515 1026 1 4219
-781592 33554468 1 821
-781715 65546 1 233
-781783 4096 1 18181
-781892 8192 1 4159
-781924 24 1 1367
-782680 33554466 1 1151
-783256 33554496 1 5153
-784259 4 2 199 563
-786280 67108874 1 1787
-787384 33685520 1 113
-788356 0 1 197089
-791764 0 2 131 1511
-792184 33554432 1 99023
-792583 8 1 72053
-792916 0 2 167 1187
-793576 67109892 1 383
-793636 0 1 198409
-794344 67109376 1 3203
-795512 33554432 1 99439
-796499 1096 1 103
-798083 24 1 5581
-799699 0 2 277 2887
-800404 8 1 18191
-801032 67108864 1 100129
-801608 75497472 1 1033
-802276 0 1 200569
-803383 4 1 114769
-804248 33554432 2 229 439
-805096 67108864 2 157 641
-806116 1048576 1 2551
-807823 67680 0
-808955 262 1 797
-808996 32 1 11897
-809224 67109392 1 251
-810395 2 1 162079
-812372 1032 1 499
-814180 2 1 40709
-815867 8388624 1 647
-816331 1024 1 22063
-816664 37750272 0
-818372 0 2 109 1877
-818884 1032 1 503
-819128 33554528 1 317
-820423 16777216 1 8123
-821236 48 1 929
-822728 67108864 1 102841
-823240 67108874 1 1871
-825460 2 2 149 277
-825796 0 2 431 479
-826084 4 2 163 181
-826643 128 2 127 283
-828635 2 2 103 1609
-828868 1118208 0
-830123 4 1 118589
-830147 0 2 131 6337
-830552 33554976 1 197
-831064 33619984 1 131
-831128 33554560 1 4517
-832447 76 1 569
-833027 16 2 139 461
-835636 640 1 293
-835864 33554432 2 163 641
-838979 0 2 769 1091
-839531 12 1 10903
-840004 40 1 1123
-840707 2097156 1 1447
-841067 0 2 467 1801
-843943 0 2 307 2749
-844148 0 2 239 883
-845731 0 2 109 7759
-846308 128 1 9199
-847115 1090 1 241
-849128 67141636 1 257
-850327 0 2 199 4273
-850667 2098176 1 277
-851560 67174402 1 349
-851764 524288 1 2917
-852212 0 2 257 829
-854023 4096 1 19861
-855091 0 2 127 6733
-857896 67633168 1 113
-860884 0 2 373 577
-864487 16 1 66499
-865403 12 1 11239
-865652 1024 1 5849
-867460 10 1 3943
-868015 66 1 9137
-869771 36 1 7309
-870376 67108880 1 8369
-870452 524296 1 271
-870692 0 2 109 1997
-872116 4 1 31147
-872315 32770 1 2957
-873803 4100 1 2903
-873992 67108868 1 15607
-874952 67117072 1 179
-875240 67108866 1 21881
-875464 67108864 1 109433
-875912 67108864 2 103 1063
-877684 32768 1 3719
-877979 32896 1 647
-880280 33587202 1 373
-881620 34 1 2593
-884680 67108898 1 1301
-885443 16 1 68111
-885604 0 1 221401
-885940 10 1 4027
-886564 4 1 31663
-886628 0 1 221657
-887176 67112960 1 2579
-887411 4 2 331 383
-889427 12 1 11551
-890356 4261888 0
-893476 1024 1 6037
-893507 0 2 647 1381
-894424 33554560 1 4861
-895336 67108880 1 8609
-895643 132 1 5563
-896407 0 2 739 1213
-898696 67108864 1 112337
-899380 2 2 193 233
-899647 4 1 128521
-899656 67108864 2 107 1051
-899747 0 2 139 6473
-900004 4 1 32143
-900707 0 2 857 1051
-900760 33554438 1 3217
-901043 24 1 6301
-905320 67108882 1 1741
-905416 67108864 1 113177
-905944 33554960 1 281
-907160 33554434 1 22679
-907979 0 2 167 5437
-908740 6 1 6491
-909668 0 2 277 821
-909844 16 1 17497
-910504 67371012 1 229
-913508 16896 1 139
-914411 2097280 1 479
-914555 16777218 1 1811
-916324 0 1 229081
-917080 50331650 1 227
-917908 2304 1 193
-918488 33555712 1 107
-919835 2054 1 641
-924707 32772 1 2239
-926260 258 1 1597
-927256 33556488 1 257
-929699 1024 1 25127
-930520 33558530 1 541
-932584 67112960 1 2711
-933604 4 1 33343
-935176 67108872 1 10627
-935627 268 1 419
-936059 0 2 443 2113
-936563 18432 1 431
-936727 133640 0
-937567 32 2 131 421
-938596 0 2 461 509
-939995 6 2 107 251
-940043 16 2 167 433
-941320 83886082 1 233
-942676 4 2 131 257
-943028 0 2 431 547
-945064 67108896 1 6949
-945076 8200 1 457
-947143 512 1 30553
-947704 33554432 1 118463
-947896 33562624 1 2521
-948068 264 1 743
-948376 33554456 1 829
-949715 82 1 769
-950440 67108866 1 23761
-951140 66 1 2503
-952427 4 2 359 379
-954020 2 1 47701
-957251 0 2 431 2221
-957812 384 1 359
-958516 16 1 18433
-960376 33554432 1 120047
-961156 4 1 34327
-961832 67108864 2 251 479
-964355 32774 1 467
-966484 65568 1 233
-968392 67109056 1 277
-970228 4 1 34651
-971672 33554448 1 9343
-972932 0 1 243233
-978340 10 1 4447
-979547 128 1 42589
-984152 33554448 1 9463
-985192 67108880 1 9473
-985748 0 2 281 877
-986488 33554432 1 123311
-987220 18 1 3797
-988388 0 2 103 2399
-988427 32776 1 1523
-988804 0 1 247201
-989284 0 2 109 2269
-989795 2 1 197959
-990136 33554436 1 17681
-990244 0 2 281 881
-991576 33554592 1 317
-992260 2 1 49613
-993019 589824 1 223
-994120 67109122 1 857
-994756 4 1 35527
-995492 0 2 191 1303
-996823 8192 2 127 167
-997355 2 2 151 1321
-998392 33554432 1 124799
-998836 131072 1 3727
-999124 36 1 2099
-999971 132 1 6211
-1001716 0 2 223 1123
-1003864 33554688 1 4327
-1005076 262144 1 3539
-1008484 409600 0
-1008967 32 1 59351
-1009835 2 2 139 1453
-1010339 16392 1 1733
-1011160 33554466 1 1487
-1013315 2050 1 4943
-1014724 0 1 253681
-1014859 32768 2 103 167
-1014995 2 1 202999
-1015268 16384 1 4789
-1016836 0 1 254209
-1019012 0 1 254753
-1019432 67174400 1 2089
-1020568 35668224 0
-1021955 42 1 1093
-1025915 138 1 811
-1025956 0 1 256489
-1027327 12582948 0
-1027732 128 1 11171
-1030036 4 1 36787
-1030087 0 2 641 1607
-1030148 4 1 36791
-1030883 196 1 337
-1031023 4 1 147289
-1033643 144 1 3457
-1034287 128 2 193 233
-1036303 8224 1 1297
-1036360 67108882 1 1993
-1037051 16416 1 1151
-1037416 67108864 2 103 1259
-1038323 16408 1 137
-1040795 6 2 131 227
-1040836 0 1 260209
-1042036 64 1 13711
-1045396 136 1 1033
-1045667 4 1 149381
-1045748 8 1 23767
-1046419 8 2 251 379
-1047364 256 1 9029
-1047496 67108864 2 127 1031
-1047995 146 1 701
-1051303 520 1 3083
-1054163 8200 1 2039
-1054276 16384 1 4973
-1055080 67108882 1 2029
-1059515 258 1 7307
-1061795 134 1 1319
-1062244 0 1 265561
-1062739 0 2 173 6143
-1063259 64 2 107 523
-1063384 33554468 1 1117
-1064291 0 2 167 6373
-1064747 0 2 433 2459
-1066051 4 1 152293
-1067012 65536 1 4373
-1068484 96 1 827
-1071412 10240 1 139
-1073299 0 2 223 4813
-1073956 80 1 1087
-1077343 640 1 1511
-1077947 16 2 283 293
-1079716 16392 1 463
-1080436 8196 1 821
-1080691 262656 1 491
-1082411 72 1 5179
-1083556 256 1 9341
-1083608 33554496 1 7129
-1083796 4 1 38707
-1084036 128 1 11783
-1086760 83886082 1 269
-1087508 65536 1 4457
-1087720 67371010 1 383
-1087892 16 1 20921
-1088164 12 1 3533
-1089352 67108872 1 12379
-1089448 67112960 1 3167
-1091123 8 2 281 353
-1091699 2097156 1 1879
-1092040 67108994 1 1187
-1092472 33554432 1 136559
-1094767 65536 2 131 137
-1096355 16777234 1 167
-1099396 0 2 191 1439
-1099508 512 1 8867
-1100020 2 1 55001
-1100980 2 1 55049
-1102787 4 2 257 613
-1104676 0 2 277 997
-1105624 33554448 1 10631
-1107844 0 1 276961
-1109860 2 2 211 263
-1109956 65536 1 4549
-1112267 131088 1 1277
-1113892 528 1 691
-1114660 2 1 55733
-1115896 33554432 1 139487
-1117828 8523776 0
-1120456 67108864 1 140057
-1121464 33554432 2 103 1361
-1122184 67109124 1 691
-1123096 33554448 1 10799
-1123355 2 2 199 1129
-1124776 67141632 1 2383
-1124980 2 1 56249
-1125112 33554432 1 140639
-1125988 128 1 12239
-1126276 0 2 271 1039
-1126984 67108864 2 179 787
-1129423 512 1 36433
-1130731 4 2 163 991
-1131443 32768 2 127 151
-1132936 67108868 1 20231
-1133560 33554466 1 1667
-1134520 33554434 2 113 251
-1135396 32800 1 283
-1136068 0 2 191 1487
-1136296 67108868 2 103 197
-1137064 71303168 1 1597
-1137748 0 2 461 617
-1139987 16777216 1 11287
-1140259 0 2 313 3643
-1140820 2 1 57041
-1141283 152 1 347
-1141336 37748740 1 229
-1142771 32772 1 2767
-1143032 33554952 1 419
-1143179 0 2 277 4127
-1143304 67108864 2 241 593
-1144420 2 1 57221
-1146739 65544 1 1709
-1147883 8 2 241 433
-1148404 16384 1 5417
-1148863 0 2 439 2617
-1149316 4 1 41047
-1149563 128 2 151 331
-1150819 0 2 103 11173
-1151672 33554432 2 359 401
-1152964 0 1 288241
-1154548 1280 1 269
-1155640 33554434 2 167 173
-1156499 65536 1 18959
-1156883 20 1 12713
-1157176 33554624 1 331
-1157195 82 1 937
-1157512 67110912 1 3529
-1158580 16386 1 1093
-1158635 4130 1 317
-1160003 16 1 89231
-1161604 0 2 149 1949
-1161640 67108866 2 113 257
-1161755 70 1 1747
-1162595 32774 1 563
-1163656 67239952 1 167
-1164707 8192 1 24781
-1166611 0 2 389 2999
-1167172 0 2 109 2677
-1172536 41943040 1 1511
-1173796 16 1 22573
-1174067 65600 1 1013
-1177204 4 1 42043
-1178171 32832 1 1051
-1178435 2 2 211 1117
-1180804 0 1 295201
-1181284 16 1 22717
-1181899 0 2 137 8627
-1184435 4102 1 787
-1184491 12 1 15383
-1186084 65536 1 4861
-1186216 67109120 1 5113
-1186936 33554432 1 148367
-1188148 524304 1 313
-1188760 33554434 2 113 263
-1188779 0 2 523 2273
-1189112 33554432 1 148639
-1190344 67108864 1 148793
-1190920 67108930 1 1567
-1191220 2 1 59561
-1191496 67108896 1 8761
-1192276 0 2 127 2347
-1193284 0 2 269 1109
-1195636 16 1 22993
-1196596 32 1 17597
-1200004 8208 1 491
-1200328 67108864 1 150041
-1201636 8388672 1 163
-1201780 2 1 60089
-1202776 33556544 1 193
-1203784 67108864 1 150473
-1204531 16384 1 22727
-1206280 67125250 1 569
-1207192 33554436 1 21557
-1207780 6 1 8627
-1208603 8 1 109873
-1209220 2 2 103 587
-1210660 10 1 5503
-1212424 67108864 1 151553
-1213315 2 2 227 1069
-1213396 0 2 439 691
-1213540 8194 1 1291
-1214228 0 2 401 757
-1215976 67108896 1 8941
-1217251 16420 1 193
-1218203 292 1 353
-1218292 65536 1 4993
-1220104 67109056 1 349
-1220788 64 1 16063
-1221268 0 2 211 1447
-1221563 4 2 109 1601
-1223032 33554432 1 152879
-1226584 33554720 1 311
-1227112 67108864 2 157 977
-1229123 16388 1 3313
-1232116 4194304 1 3461
-1232507 1024 1 33311
-1234180 130 1 2683
-1234372 0 2 421 733
-1237636 0 2 277 1117
-1238680 33554434 2 173 179
-1238987 128 2 103 523
-1241380 6 1 8867
-1242203 0 2 181 6863
-1242943 144 1 4157
-1243480 33554438 1 4441
-1243876 0 1 310969
-1244315 34 1 14639
-1244555 2066 1 467
-1245995 2 1 249199
-1247179 2112 1 1601
-1247348 256 1 10753
-1251220 524290 1 857
-1252804 16777220 1 443
-1253176 33554432 2 383 409
-1254568 67112964 1 521
-1256387 8 1 114217
-1256932 0 1 314233
-1259860 6 1 8999
-1259896 33554440 2 103 139
-1261432 33554432 1 157679
-1261444 0 1 315361
-1263688 67108864 2 137 1153
-1264216 33555456 1 4271
-1265672 67108864 1 158209
-1266136 50331648 1 1567
-1266139 4 2 191 947
-1267687 0 2 131 9677
-1269203 48 1 5743
-1269395 2 1 253879
-1269827 8405072 0
-1270696 67108868 1 22691
-1272583 16400 1 1847
-1273348 0 1 318337
-1275028 128 1 13859
-1276403 1048576 2 107 151
-1277224 67108880 1 12281
-1277611 0 2 151 8461
-1278376 67633160 1 199
-1278971 0 2 107 11953
-1279876 16 2 151 163
-1280740 2 1 64037
-1281604 0 1 320401
-1282883 4 2 131 1399
-1283387 4 2 139 1319
-1284196 1024 1 8677
-1285307 0 2 521 2467
-1286344 67108992 1 6991
-1286723 0 2 139 9257
-1287139 4 1 183877
-1287496 69206020 1 277
-1288195 2 1 257639
-1290868 16384 1 6089
-1291636 0 2 137 2357
-1292104 67108872 1 14683
-1293755 2050 1 6311
-1295464 69206016 1 1951
-1296904 67108868 1 23159
-1297787 0 2 337 3851
-1299803 32 2 157 487
-1300163 0 2 257 5059
-1300447 256 1 44843
-1302472 67174432 1 157
-1303540 6 1 9311
-1308923 4194316 1 191
-1309579 0 2 601 2179
-1309720 33554434 2 137 239
-1309763 1044 1 389
-1310747 128 1 56989
-1310948 0 1 327737
-1311368 67108992 1 7127
-1311460 130 1 2851
-1313368 33562628 1 499
-1314692 0 2 103 3191
-1315444 2064 1 617
-1315595 2 1 263119
-1315636 68 1 2473
-1316692 16 1 25321
-1316987 8196 1 4003
-1319140 2 1 65957
-1320052 0 2 523 631
-1321012 12 1 4289
-1321864 67108864 1 165233
-1323160 33554498 1 1741
-1324456 67239940 1 353
-1324660 2 2 107 619
-1325860 2 1 66293
-1326011 4202496 1 317
-1331387 1048640 1 887
-1334195 2 1 266839
-1334596 0 2 109 3061
-1334728 67108864 1 166841
-1335640 33554434 1 33391
-1337416 67108864 1 167177
-1339252 1024 1 9049
-1340584 67109892 1 647
-1340603 131112 1 107
-1340920 33554438 1 4789
-1341955 32770 1 4549
-1342579 644 1 269
-1343179 16384 1 25343
-1344472 33556480 1 4099
-1345876 262148 1 677
-1347640 33554438 1 4813
-1348355 290 1 547
-1351204 192 1 773
-1351576 33558528 1 3929
-1351960 34078722 1 463
-1352267 4 1 193181
-1353947 4 2 127 1523
-1354408 67108872 1 15391
-1355236 1024 1 9157
-1357411 8 1 123401
-1357828 128 1 14759
-1359323 132 1 8443
-1359976 67108864 2 139 1223
-1360099 16 1 104623
-1360579 8 2 179 691
-1361236 64 1 17911
-1361380 4098 1 1583
-1362323 4194304 1 15307
-1362563 0 2 277 4919
-1363096 50331652 1 241
-1365619 0 2 313 4363
-1366651 88 1 503
-1369588 40 1 1831
-1369907 12 1 17791
-1371844 0 2 193 1777
-1372427 100 1 607
-1372715 258 1 9467
-1372907 0 2 167 8221
-1373512 67108868 1 24527
-1374916 1048640 1 229
-1375048 67108864 1 171881
-1375972 8208 1 563
-1376260 2 1 68813
-1377007 256 2 103 461
-1378312 67109136 1 457
-1381384 67108864 1 172673
-1381636 4194304 1 3881
-1382212 80 1 1399
-1383155 258 1 9539
-1384355 1030 1 1069
-1384411 4 1 197773
-1385851 2129920 1 283
-1387156 0 2 239 1451
-1389379 4325376 1 233
-1392340 4098 1 1619
-1392484 0 2 337 1033
-1392755 22 1 3061
-1392811 2180 1 211
-1395563 16 1 107351
-1395844 0 2 151 2311
-1396360 67108870 1 4987
-1398616 34603008 1 2213
-1399643 1048580 1 2531
-1400228 1024 1 9461
-1401707 131072 1 20921
-1402388 16 2 149 181
-1405459 131080 1 1907
-1405768 67108884 1 1931
-1406740 1026 1 1901
-1407208 67108872 1 15991
-1408072 67503104 0
-1408312 33554432 2 401 439
-1408667 16 1 108359
-1410232 33554432 2 409 431
-1410760 67108882 1 2713
-1413940 10 1 6427
-1415080 67108898 1 2081
-1416868 64 2 103 181
-1416947 262148 1 2851
-1417096 67108928 1 9323
-1417240 33554442 1 3221
-1417307 32 2 263 317
-1417960 67108866 1 35449
-1420043 384 1 2129
-1420168 67108864 2 167 1063
-1420579 0 2 487 2917
-1421140 6 1 10151
-1421896 67108868 1 25391
-1422184 67108864 2 389 457
-1423396 528 1 883
-1423624 67108864 1 177953
-1424980 2 1 71249
-1425448 67174528 1 127
-1426228 0 2 149 2393
-1427299 4160 1 1747
-1427944 67112964 1 593
-1428472 33554432 1 178559
-1428515 74 1 1367
-1429732 0 2 137 2609
-1430164 256 1 12329
-1432355 514 1 9241
-1432612 0 1 358153
-1433195 66562 1 127
-1433572 4 1 51199
-1434628 8208 1 587
-1435192 33562632 1 347
-1435819 268 1 643
-1436596 4 1 51307
-1436740 2 1 71837
-1437640 67108866 2 127 283
-1438547 72 1 6883
-1439524 128 1 15647
-1440803 262164 1 223
-1441240 33554434 2 137 263
-1441891 72 1 6899
-1444696 33554440 1 16417
-1445123 131072 1 21569
-1446755 8388674 1 157
-1447187 260 1 7129
-1447528 67108992 1 7867
-1448548 0 1 362137
-1450120 67108870 1 5179
-1452820 34 1 4273
-1452823 0 2 401 3623
-1455995 2 1 291199
-1459912 67108864 1 182489
-1460020 1026 1 1973
-1460212 16 1 28081
-1461160 67108866 1 36529
-1461235 34 1 17191
-1464040 67108898 1 2153
-1464760 33554442 1 3329
-1465240 33554438 1 5233
-1466419 16777216 1 14519
-1467995 2 1 293599
-1468171 131104 1 1289
-1469416 67371024 1 199
-1470619 352 1 157
-1472152 33554440 1 16729
-1476995 530 1 733
-1477192 67108864 1 184649
-1477523 4096 1 34361
-1477624 33554432 1 184703
-1477780 1026 1 1997
-1478020 131074 1 1103
-1479112 67109952 1 263
-1479395 2 1 295879
-1479587 4160 1 1811
-1483768 33554456 1 1297
-1485796 16 1 28573
-1488755 1048578 1 3769
-1489096 67108868 1 26591
-1489547 0 2 107 13921
-1489924 0 1 372481
-1490212 1024 1 10069
-1490260 2 2 269 277
-1490788 16 1 28669
-1492180 2 1 74609
-1493752 33570832 1 271
-1497160 67108870 1 5347
-1497220 2 1 74861
-1497652 2097168 1 347
-1500760 33554466 1 2207
-1501051 2560 1 1181
-1504276 8388608 1 3877
-1505332 320 1 683
-1506868 136 1 1489
-1508308 2080 1 541
-1509028 0 1 377257
-1509160 67109122 1 1301
-1513048 33554944 1 6101
-1516276 262208 1 281
-1516408 33563648 1 109
-1516523 64 1 79817
-1517848 33554432 2 337 563
-1520260 6 1 10859
-1521640 67108866 2 109 349
-1524203 32 1 89659
-1525291 2105504 0
-1526116 0 1 381529
-1527160 34078722 1 523
-1527652 4 1 54559
-1527923 41280 0
-1528072 67108884 1 2099
-1528219 4194316 1 223
-1530451 16 1 117727
-1530755 32770 1 5189
-1532068 0 2 607 631
-1534708 32772 1 929
-1534792 67108868 1 27407
-1535860 2050 1 1873
-1539367 672 1 127
-1540420 6 1 11003
-1542916 8448 1 283
-1543444 4 2 199 277
-1544392 67371008 1 2719
-1544824 33555488 1 307
-1545604 0 1 386401
-1546036 32768 1 6551
-1547320 50331650 1 383
-1549435 2 2 109 2843
-1552132 128 1 16871
-1552891 128 2 107 631
-1556536 33554432 2 103 1889
-1558216 67108872 1 17707
-1560520 67108882 1 3001
-1563395 2 1 312679
-1563979 65536 1 25639
-1565140 2 2 139 563
-1565332 4194304 1 4397
-1565851 4 2 467 479
-1566376 69206020 1 337
-1566635 38 1 2633
-1568440 33554434 2 113 347
-1569652 65540 1 919
-1569880 33554450 1 3019
-1570996 68 1 2953
-1573595 2 1 314719
-1573763 2228224 1 283
-1575955 16450 1 313
-1576883 12 1 20479
-1578628 128 1 17159
-1579912 67108896 1 11617
-1581364 65536 1 6481
-1582195 2 1 316439
-1582339 131144 1 113
-1583380 34 1 4657
-1583528 67108864 2 131 1511
-1584772 4 1 56599
-1586627 131108 1 199
-1587443 56 1 653
-1593928 67108868 1 28463
-1593995 18 2 137 179
-1594531 2048 1 38891
-1595603 8224 1 1997
-1596328 67109888 1 5393
-1596808 67108864 1 199601
-1597060 8194 1 1699
-1598027 0 2 757 2111
-1598536 67108864 2 211 947
-1599683 32 1 94099
-1599832 33554448 1 15383
-1600036 0 1 400009
-1601155 2 2 179 1789
-1602088 67108992 1 8707
-1603108 16 1 30829
-1604387 294912 1 383
-1604851 131104 1 1409
-1605499 4 2 211 1087
-1606939 1048576 1 20341
-1611160 33562626 1 857
-1611604 0 2 617 653
-1612660 6 1 11519
-1613128 67109000 1 797
-1614347 1156 1 271
-1615163 8 1 146833
-1616131 8 1 146921
-1616507 4196352 1 443
-1618516 264192 1 139
-1622008 33554432 1 202751
-1624195 2 1 324839
-1624547 0 2 149 10903
-1625320 67108866 2 179 227
-1626232 33554432 1 203279
-1626443 65556 1 293
-1626811 8192 1 34613
-1627355 2 2 271 1201
-1628267 0 2 127 12821
-1628788 4 1 58171
-1631620 130 1 3547
-1632563 128 1 70981
-1634627 64 2 227 379
-1638820 131074 1 1223
-1639348 128 2 103 173
-1639780 2 2 163 503
-1642312 67108868 1 29327
-1644859 1056768 1 443
-1646515 524306 1 347
-1650451 8 1 150041
-1650472 67108864 2 103 2003
-1651432 67109376 1 6659
-1652392 67108932 1 1553
-1652755 8210 1 541
-1654411 8 1 150401
-1654564 65536 1 6781
-1654771 2097152 1 19937
-1654891 32772 1 4007
-1655371 4096 2 137 281
-1655380 1026 1 2237
-1657063 0 2 619 2677
-1657595 2 1 331519
-1660043 12 1 21559
-1660051 262144 2 103 227
-1660355 2 2 139 2389
-1662931 0 2 787 2113
-1663288 33556488 1 461
-1664872 67108872 1 18919
-1666408 67108896 1 12253
-1666411 0 2 113 14747
-1666547 64 2 239 367
-1666984 67108936 1 997
-1668244 32 1 24533
-1670152 67108872 1 18979
-1670440 67108866 1 41761
-1670488 33816608 1 173
-1670779 131080 1 2267
-1673764 8448 1 307
-1675891 516 1 7723
-1678307 0 2 523 3209
-1680616 67108868 1 30011
-1684168 67109376 1 6791
-1684219 0 2 1039 1621
-1684516 0 2 353 1193
-1685236 4 2 139 433
-1686040 33619970 1 691
-1686148 0 2 191 2207
-1686211 0 2 661 2551
-1689083 4104 1 3571
-1689448 67108864 2 223 947
-1689880 35651586 1 509
-1692292 68 1 3181
-1693547 0 2 167 10141
-1694899 133120 1 617
-1695928 33554576 1 709
-1699643 65576 1 149
-1700548 0 2 311 1367
-1701091 4 2 487 499
-1701880 33554434 2 157 271
-1701988 0 2 463 919
-1702024 67109376 1 6863
-1703284 8 1 38711
-1703416 33554456 1 1489
-1704328 67108864 2 163 1307
-1706356 131072 1 6367
-1708612 1048576 1 5407
-1712539 2105344 1 439
-1712851 4 2 179 1367
-1713220 2 1 85661
-1713364 16777216 1 4241
-1715140 6 1 12251
-1715764 1024 1 11593
-1715963 32 2 193 523
-1716052 65552 1 541
-1717768 69206032 1 199
-1717771 72 1 8219
-1720324 0 1 430081
-1721080 33554466 1 2531
-1721867 4 1 245981
-1722451 6144 1 977
-1723480 33554442 1 3917
-1726852 0 2 349 1237
-1729624 33554448 1 16631
-1730788 0 2 167 2591
-1732120 33554450 1 3331
-1733656 33587200 1 3673
-1734292 132 1 2693
-1734379 0 2 157 11047
-1734568 67109000 1 857
-1737811 128 1 75557
-1738435 2392066 0
-1738840 33554690 1 1499
-1739572 0 2 421 1033
-1739620 2 1 86981
-1739963 64 1 91577
-1739987 8192 1 37021
-1740484 4194304 1 4889
-1740808 67108864 2 167 1303
-1742419 2097156 1 2999
-1742851 584 1 269
-1743940 10 1 7927
-1744180 1026 1 2357
-1744408 34078976 1 103
-1744708 4 1 62311
-1745387 4 1 249341
-1745555 16390 1 941
-1745572 0 2 281 1553
-1745611 36 1 14669
-1746052 12 1 5669
-1746376 67108896 1 12841
-1748299 132 1 10859
-1748395 2097162 1 383
-1748740 6 1 12491
-1748851 144 1 5849
-1749268 512 1 14107
-1751044 8388608 1 4513
-1751176 67108868 1 31271
-1755160 33554442 1 3989
-1755604 36864 1 173
-1756051 8 2 263 607
-1756795 2 1 351359
-1758472 67108864 1 219809
-1758643 524288 1 24091
-1761587 0 2 587 3001
-1762312 67121152 1 109
-1763320 33554450 1 3391
-1763380 2 1 88169
-1763908 0 2 173 2549
-1766212 4 1 63079
-1769908 4 1 63211
-1770379 656 1 191
-1770979 4 2 431 587
-1772419 32776 1 2731
-1772872 67108864 2 167 1327
-1774360 33554438 1 6337
-1775851 12 1 23063
-1781128 67239936 1 3323
-1784260 2 1 89213
-1789531 4096 1 41617
-1790899 65576 1 157
-1794395 2 1 358879
-1796068 0 2 277 1621
-1796740 10 1 8167
-1797448 69206016 1 2707
-1797715 2 2 257 1399
-1799635 130 1 15649
-1800148 4 2 239 269
-1802248 67108868 1 32183
-1802692 0 2 271 1663
-1803160 33619970 1 739
-1803955 98 1 1117
-1804435 2 2 167 2161
-1805272 33554436 1 32237
-1808872 67108880 1 17393
-1809379 24 1 12653
-1811555 66 1 19069
-1813768 67108872 1 20611
-1813907 0 2 389 4663
-1816235 2 2 233 1559
-1816363 20480 1 797
-1817915 10 1 33053
-1819627 0 2 1237 1471
-1819699 8196 1 5531
-1822216 67108872 1 20707
-1822612 136 1 1801
-1823380 18 1 7013
-1824088 33554436 1 32573
-1824803 1024 2 149 331
-1825763 128 2 163 487
-1826603 64 1 96137
-1827811 16384 1 34487
-1828195 2 1 365639
-1830227 8196 1 5563
-1830619 4 2 103 2539
-1830859 64 2 173 557
-1832068 32772 1 1109
-1832392 67108864 2 199 1151
-1833592 33554432 1 229199
-1835416 33554440 1 20857
-1837187 8 1 167017
-1839016 67772416 0
-1843699 24 1 12893
-1844755 42 1 1973
-1845460 16386 1 1741
-1847080 67174402 1 757
-1847363 4 1 263909
-1848388 0 1 462097
-1849432 33554448 1 17783
-1849528 34078720 1 3167
-1850836 16 1 35593
-1851112 67371008 1 3259
-1854484 0 2 157 2953
-1855480 33554442 1 4217
-1857892 512 1 14983
-1858171 516 1 8563
-1858360 33554438 1 6637
-1858564 0 2 229 2029
-1858648 33554440 1 21121
-1859107 17825792 1 233
-1862371 4 1 266053
-1864219 132 1 11579
-1864835 6 1 53281
-1867339 320 1 3389
-1867588 0 1 466897
-1868056 33555456 1 6311
-1869028 4 1 66751
-1869316 0 1 467329
-1869508 0 2 191 2447
-1869592 33587232 1 233
-1870120 67108870 1 6679
-1872964 0 1 468241
-1873387 131072 1 27961
-1874195 2 1 374839
-1874692 96 1 1451
-1875028 0 2 127 3691
-1876907 4096 1 43649
-1877668 16 1 36109
-1880371 0 2 1069 1759
-1881019 68 1 14143
-1881172 256 1 16217
-1882648 33554464 2 109 127
-1883092 0 2 167 2819
-1884052 0 2 331 1423
-1884443 8 2 163 1051
-1885348 256 1 16253
-1887587 32912 1 107
-1887652 528 1 1171
-1887736 33554432 1 235967
-1887880 67108866 2 109 433
-1887940 2 1 94397
-1891012 32 1 27809
-1892779 32772 1 4583
-1895867 640 1 2659
-1895992 33554436 1 33857
-1896808 67108928 1 12479
-1898920 67109122 1 1637
-1902244 1024 1 12853
-1902628 20 1 5227
-1904212 4096 1 11071
-1904548 0 1 476137
-1904779 0 2 103 18493
-1905112 33554440 1 21649
-1905988 4 1 68071
-1906216 67108880 1 18329
-1914835 4194322 1 331
-1917556 192 1 1097
-1917928 67108864 2 149 1609
-1918372 0 1 479593
-1920563 2048 2 139 337
-1924555 16778242 1 103
-1925395 2 1 385079
-1926139 2048 2 109 431
-1926820 6 1 13763
-1927432 67112976 1 431
-1928483 0 2 1237 1559
-1928872 67109000 1 953
-1932328 67109120 1 8329
-1933411 0 2 257 7523
-1934152 67109384 1 709
-1934440 67108866 2 137 353
-1934584 33554432 1 241823
-1935748 0 1 483937
-1936168 67108880 1 18617
-1936660 10 1 8803
-1936936 67108928 1 12743
-1940260 6 1 13859
-1940392 67141632 1 4111
-1940740 130 1 4219
-1942372 0 1 485593
-1943035 66 2 113 181
-1943491 104 1 547
-1943848 67108896 1 14293
-1946392 33554436 1 34757
-1946467 128 1 84629
-1946692 8 2 151 293
-1947019 128 1 84653
-1947988 260 1 2399
-1948939 512 1 62869
-1951411 12 1 25343
-1951763 8 1 177433
-1953736 67108864 1 244217
-1954552 50366464 0
-1956115 6 1 55889
-1957339 0 2 1069 1831
-1959640 33554434 1 48991
-1960708 0 2 103 4759
-1960996 0 1 490249
-1962388 0 2 137 3581
-1962691 256 1 67679
-1964747 0 2 977 2011
-1966195 14 1 5107
-1969915 2 2 487 809
-1970116 16384 1 9293
-1970507 12 2 157 163
-1970659 32768 2 127 263
-1970915 2 2 401 983
-1972708 0 1 493177
-1973428 32 1 29021
-1974628 0 1 493657
-1974947 4112 1 3533
-1975795 2 1 395159
-1976123 0 2 251 7873
-1976507 16 1 152039
-1976920 33554442 1 4493
-1978132 16 2 109 349
-1979515 131138 1 311
-1980323 384 1 2969
-1981195 2 1 396239
-1982035 10 1 36037
-1987012 0 2 389 1277
-1987643 4 1 283949
-1990840 33816578 1 701
-1992376 33571840 1 127
-1993288 67108872 1 22651
-1993912 33556480 1 6079
-1996163 8388624 1 1583
-1996360 67109122 1 1721
-1997620 2 1 99881
-1997908 40 1 2671
-2000995 2 1 400199
-2001707 64 2 137 769
-2001988 32800 1 499
-2006872 33554436 1 35837
-2007652 40960 1 181
-2009267 16 2 127 1217
-2009704 67108864 2 229 1097
-2010760 67108898 1 2957
-2011667 4194308 1 3229
-2012003 2097156 1 3463
-2012483 8 1 182953
-2013172 4 1 71899
-2013739 20 1 22129
-2014948 16 1 38749
-2015155 514 1 13001
-2015176 67108864 1 251897
-2015572 2097168 1 467
-2016443 32792 1 239
-2017432 33554432 2 421 599
-2019547 0 2 281 7187
-2020051 8 2 409 449
-2022532 0 1 505633
-2022827 1152 1 2377
-2023960 33554434 1 50599
-2024932 20 1 5563
-2025352 67141636 1 613
-2026195 2 1 405239
-2026555 2 2 359 1129
-2027267 1064 1 293
-2028451 525312 1 751
-2029099 0 2 1009 2011
-2031107 144 1 6793
-2032468 8256 1 569
-2033572 0 1 508393
-2034820 2 1 101741
-2036968 83886080 1 2521
-2037412 16 1 39181
-2038276 0 1 509569
-2038708 36 1 4283
-2038996 1152 1 599
-2039416 33554432 1 254927
-2039860 258 1 3517
-2040227 4 2 223 1307
-2042212 0 1 510553
-2044667 512 1 65957
-2045131 4194312 1 2089
-2047579 0 2 809 2531
-2048020 18 1 7877
-2049211 0 2 313 6547
-2051080 67117058 1 1091
-2054020 2 1 102701
-2058292 32 1 30269
-2058467 16384 1 38839
-2058760 67108874 1 4679
-2059972 128 1 22391
-2063860 1026 1 2789
-2063971 1044 1 613
-2065699 448 1 163
-2066632 67108864 1 258329
-2067931 32 2 103 1181
-2069243 8 2 313 601
-2070568 67239936 1 3863
-2071108 16 1 39829
-2071492 0 1 517873
-2073544 67108872 1 23563
-2074408 67108900 1 2179
-2074708 0 2 331 1567
-2075668 4 1 74131
-2075908 0 2 193 2689
-2076760 33554438 1 7417
-2077156 64 2 151 181
-2080228 1048832 1 227
-2084248 33619968 1 4271
-2085652 0 2 607 859
-2089960 67108866 1 52249
-2090488 33591296 1 103
-2090932 8388640 1 317
-2094467 256 1 72223
-2094472 67108992 1 11383
-2095315 2 2 619 677
-2095579 0 2 229 9151
-2096371 2048 1 51131
-2096920 33554438 1 7489
-2097331 0 2 193 10867
-2098099 36864 1 827
-2101960 67108870 1 7507
-2102104 33554432 2 127 2069
-2104132 128 1 22871
-2105155 18 2 139 233
-2107060 2 2 137 769
-2108248 33554944 1 8501
-2108755 138 1 1667
-2110852 768 1 587
-2112947 32 1 124291
-2113012 8 1 48023
-2115352 37748736 1 2971
-2115688 67109440 1 449
-2115907 65536 1 34687
-2116667 132 1 13147
-2117380 130 1 4603
-2117512 67108928 1 13931
-2118691 128 2 251 367
-2120152 35652096 1 103
-2120251 4 2 499 607
-2121784 33554436 1 37889
-2122372 4 2 229 331
-2122547 68 1 15959
-2122763 0 2 337 6299
-2122792 67108868 1 37907
-2123032 33554688 1 9151
-2123668 64 1 27943
-2125315 130 1 18481
-2125459 16420 1 337
-2125720 33554498 1 2797
-2133451 512 1 68821
-2134651 0 2 1279 1669
-2135188 8 1 48527
-2139460 130 1 4651
-2139592 67108884 1 2939
-2140307 65552 1 2699
-2140552 67108864 1 267569
-2140708 32 1 31481
-2141128 67109128 1 839
-2142955 258 1 14779
-2143939 4 2 163 1879
-2149672 67108996 1 1669
-2150260 6 1 15359
-2151091 1572864 1 373
-2152132 32 1 31649
-2155492 512 1 17383
-2155819 0 2 227 9497
-2155972 20 1 5923
-2156152 33554432 1 269519
-2158099 533536 0
-2162248 67108872 1 24571
-2163995 2 1 432799
-2164936 67108928 1 14243
-2165635 2 2 397 1091
-2167108 0 1 541777
-2169163 512 2 167 419
-2169892 65536 1 8893
-2172515 65570 1 419
-2172868 0 1 543217
-2173480 67239938 1 811
-2174260 10 1 9883
-2174731 16 2 131 1277
-2180483 0 2 577 3779
-2181412 128 2 131 181
-2181835 4194306 1 4903
-2183608 33554436 1 38993
-2184952 33554444 1 3547
-2186548 20 1 6007
-2186899 2072 1 373
-2188852 32 1 32189
-2190280 67108898 1 3221
-2190292 524304 1 577
-2191403 64 1 115337
-2191912 67371040 1 227
-2193172 6144 1 311
-2194219 0 2 397 5527
-2197540 66 1 5783
-2200315 18 1 33851
-2200984 33571072 1 179
-2202676 8388612 1 811
-2202739 12 1 28607
-2203667 0 2 229 9623
-2204027 4 2 179 1759
-2206171 8 2 131 1531
-2206180 8194 1 2347
-2210212 0 1 552553
-2212468 256 1 19073
-2212984 33554432 1 276623
-2213491 4 1 316213
-2215907 0 2 1367 1621
-2216788 2052 1 1931
-2217859 16777220 1 3137
-2218468 4 1 79231
-2219395 2 1 443879
-2219627 0 2 397 5591
-2222779 65552 1 2803
-2224888 33554432 1 278111
-2226115 2 2 431 1033
-2228312 33587200 1 4721
-2229203 0 2 269 8287
-2229832 67108872 1 25339
-2230648 33619972 1 653
-2232643 4 1 318949
-2236312 33554448 1 21503
-2236435 2097186 1 317
-2236819 144 1 7481
-2238107 529024 0
-2239048 67108868 1 39983
-2239939 16400 1 3251
-2241880 33556482 1 1367
-2243428 131080 1 761
-2244571 260 1 11057
-2246308 2048 1 13697
-2247508 0 2 367 1531
-2248024 34603008 1 3557
-2250280 83886082 1 557
-2253571 96 1 6977
-2253907 0 2 271 8317
-2254948 32 1 33161
-2257699 131584 1 1087
-2257828 0 1 564457
-2257912 33554432 1 282239
-2258131 64 2 157 757
-2258404 256 1 19469
-2258692 128 1 24551
-2258740 10 1 10267
-2259460 6 1 16139
-2260427 1311248 0
-2260552 67109892 1 1091
-2260840 67109122 1 1949
-2261956 0 1 565489
-2263051 4 2 113 2861
-2264755 258 1 15619
-2265571 12 1 29423
-2269732 128 1 24671
-2270452 32 2 173 193
-2270635 2 2 103 4409
-2273779 131072 1 33937
-2274019 65544 1 3389
-2274232 33554432 2 271 1049
-2274628 0 1 568657
-2277715 10 1 41413
-2279299 8 2 109 1901
-2279779 0 2 419 5441
-2280232 67141632 1 4831
-2282680 33554434 2 149 383
-2283220 2 1 114161
-2283688 67108872 1 25951
-2283892 16 2 167 263
-2284792 33554432 1 285599
-2284984 33554448 2 127 173
-2289508 16 1 44029
-2290051 4160 1 2803
-2292568 33570816 1 5407
-2293099 0 2 563 4073
-2293307 128 1 99709
-2293912 50331680 1 167
-2298808 33554464 1 16903
-2300932 8192 1 12239
-2304643 72 1 11027
-2304856 33556480 1 7027
-2305240 33554438 1 8233
-2308792 33556480 1 7039
-2310820 4098 1 2687
-2311108 0 2 373 1549
-2314888 67108864 1 289361
-2315128 33554720 1 587
-2317732 0 1 579433
-2318491 4 1 331213
-2318515 130 1 20161
-2319139 0 2 709 3271
-2321491 1024 1 62743
-2325739 16 1 178903
-2325892 0 1 581473
-2325988 4 1 83071
-2326360 33554498 1 3061
-2326468 0 1 581617
-2327368 67108896 2 109 157
-2328739 4 2 277 1201
-2328760 33554438 1 8317
-2329123 512 1 75133
-2329768 67108868 1 41603
-2330932 67584 1 233
-2331259 1028 1 9001
-2333668 0 1 583417
-2334619 4 1 333517
-2337211 32 1 137483
-2338840 33554438 1 8353
-2340052 24 1 4091
-2340515 262210 1 347
-2340760 33554434 2 139 421
-2341867 8 1 212897
-2342659 8 1 212969
-2344339 2048 1 57179
-2348068 0 1 587017
-2349928 67109124 1 1447
-2352427 12 2 137 223
-2352571 656400 0
-2354212 2097156 1 1013
-2355592 67108864 2 523 563
-2355940 2 1 117797
-2357179 8 2 421 509
-2357987 0 2 1117 2111
-2359060 10 1 10723
-2359624 67108864 1 294953
-2361352 67108868 2 149 283
-2363243 0 2 191 12373
-2363779 136 1 9343
-2366728 67108884 1 3251
-2368612 12288 1 293
-2370083 256 1 81727
-2371187 262164 1 367
-2374132 2097152 1 7151
-2375992 33555584 1 349
-2381428 36 1 5003
-2382691 16777728 1 761
-2385811 64 2 199 631
-2388067 136 1 9439
-2389219 4 2 191 1787
-2389288 67108936 1 1429
-2390827 192 1 5471
-2391112 67108928 1 15731
-2394712 33554432 2 127 2357
-2396035 2 2 347 1381
-2397028 524288 1 8209
-2397955 6 2 131 523
-2398291 32772 1 5807
-2398459 67588 1 137
-2399107 128 1 104309
-2399555 514 2 113 137
-2400040 67109122 1 2069
-2400811 131076 1 5119
-2400979 4 2 227 1511
-2402059 8 2 139 1571
-2407555 2 2 191 2521
-2416195 2 1 483239
-2417363 16 1 185951
-2418760 67108898 1 3557
-2419012 0 1 604753
-2420728 33559040 1 227
-2424772 4 1 86599
-2425912 33554432 2 263 1153
-2426635 2 2 317 1531
-2427076 0 2 271 2239
-2429560 33554438 1 8677
-2430803 576 1 4127
-2435188 260 1 2999
-2435395 2 1 487079
-2438827 0 2 131 18617
-2438872 35651584 1 3673
-2439640 33554438 1 8713
-2441611 2097280 1 1279
-2445748 0 2 269 2273
-2446171 20 1 26881
-2446339 4 1 349477
-2447032 33555460 1 1181
-2448520 67110914 1 1493
-2453267 0 2 379 6473
-2454499 0 2 1013 2423
-2455579 1092 1 499
-2455732 0 2 193 3181
-2455819 262144 1 34589
-2456392 67110912 1 7489
-2456488 67239936 1 4583
-2456923 4 1 350989
-2457832 67108880 1 23633
-2458163 131136 1 1931
-2458315 66 2 113 229
-2459035 2 2 151 3257
-2459620 130 1 5347
-2460628 0 2 263 2339
-2460691 0 2 907 2713
-2461795 1030 1 1901
-2461828 128 1 26759
-2461883 0 2 131 18793
-2462068 4 1 87931
-2463115 258 1 16987
-2463979 4 2 131 2687
-2465380 2 1 123269
-2465428 4 2 191 461
-2466292 32 1 36269
-2468260 2 2 167 739
-2469715 66 1 25997
-2473108 8 1 56207
-2473252 0 2 263 2351
-2474452 32 1 36389
-2474488 33554432 1 309311
-2474932 32768 1 10487
-2476408 33554440 2 107 263
-2480059 0 2 397 6247
-2482051 56 1 1021
-2484859 16 1 191143
-2485459 0 2 139 17881
-2485915 2 2 241 2063
-2487496 67109000 1 1229
-2488228 0 2 593 1049
-2490067 0 2 191 13037
-2490859 139268 1 113
-2493640 67109378 1 2011
-2494408 67108868 1 44543
-2495059 4 2 431 827
-2495155 146 1 1669
-2496376 33554432 1 312047
-2497528 50331656 1 281
-2498507 552 1 431
-2500123 262272 1 1531
-2502388 4 1 89371
-2505835 2 2 167 3001
-2506867 8 2 349 653
-2506939 393760 0
-2508532 80 1 2539
-2508916 32768 1 10631
-2509060 2 1 125453
-2509432 33554432 1 313679
-2510008 33555200 1 349
-2513251 16 1 193327
-2513491 64 2 263 503
-2515108 0 2 127 4951
-2515555 2054 1 1753
-2517091 4096 1 58537
-2517955 42 1 2693
-2518051 64 1 132529
-2518072 33563648 1 181
-2520115 18 2 137 283
-2523203 256 2 167 521
-2524072 67125248 1 5953
-2524792 33554432 1 315599
-2527147 33028 1 211
-2529268 4 2 103 877
-2530168 33554432 1 316271
-2534387 0 2 139 18233
-2540003 0 2 149 17047
-2540488 67108992 1 13807
-2542195 2 1 508439
-2542360 33554434 1 63559
-2544835 130 1 22129
-2545643 20480 1 1117
-2546068 4 1 90931
-2546195 2 1 509239
-2547448 33554432 1 318431
-2548843 8 2 139 1667
-2552020 2 1 127601
-2554699 4 2 163 2239
-2554840 33554562 1 2777
-2559571 36 2 137 157
-2560003 131136 1 2011
-2561971 0 2 127 20173
-2563528 67108872 1 29131
-2567147 262216 1 173
-2573032 67108876 1 4177
-2573572 1024 1 17389
-2574628 4 1 91951
-2575763 32768 2 149 293
-2577928 68157440 1 4079
-2578699 64 1 135721
-2579332 4 1 92119
-2579368 67108872 1 29311
-2582755 6 2 109 677
-2583763 20 1 28393
-2584180 2 1 129209
-2584708 4 1 92311
-2584792 50331652 1 457
-2586472 67108868 1 46187
-2586760 67108874 1 5879
-2589448 67108864 2 431 751
-2590315 22 1 5693
-2592139 262152 1 3319
-2593435 50 1 2347
-2596651 1048576 1 32869
-2601923 512 1 83933
-2602072 33554440 1 29569
-2602420 2 1 130121
-2602660 2 2 179 727
-2603608 33554500 1 2447
-2605027 163840 1 659
-2608307 16 1 200639
-2608648 67109892 1 1259
-2614603 0 2 277 9439
-2615368 67108868 1 46703
-2615812 0 2 181 3613
-2617912 33816584 1 419
-2621515 530 1 1301
-2624152 33554688 1 11311
-2624515 262146 1 7393
-2624635 18 2 149 271
-2629099 32776 1 4051
-2629720 33554690 1 2267
-2630728 67108864 2 499 659
-2632315 6 1 75209
-2634331 324 1 683
-2635912 67108864 1 329489
-2636515 6 1 75329
-2637691 4 2 109 3457
-2638168 33554448 1 25367
-2638171 0 2 127 20773
-2639539 2084 1 541
-2641891 16388 1 7121
-2642395 38 1 4441
-2645107 0 2 787 3361
-2645512 67108864 1 330689
-2651128 33554432 1 331391
-2653291 8192 1 56453
-2653540 66 1 6983
-2654932 4 1 94819
-2657443 4224 1 2687
-2661235 66 2 109 257
-2661652 132 1 4133
-2663179 512 1 85909
-2663752 67108884 1 3659
-2663812 0 1 665953
-2664712 67117120 1 373
-2664820 2 1 133241
-2666971 0 2 281 9491
-2667379 152 1 811
-2670355 66 1 28109
-2671795 134 1 3319
-2672356 0 1 668089
-2674180 2 1 133709
-2674411 32768 1 45329
-2675387 16408 1 353
-2675752 67108864 2 193 1733
-2677588 8519680 1 103
-2677651 64 1 140929
-2679547 66064 1 109
-2681620 2 1 134081
-2683747 8456 1 179
-2684779 0 2 109 24631
-2685139 16640 1 1747
-2685988 0 2 151 4447
-2686643 4194304 1 30187
-2688355 8388738 1 241
-2692888 33816584 1 431
-2693332 0 2 419 1607
-2693347 1048576 2 103 331
-2694712 33554432 2 167 2017
-2696632 33554496 2 113 157
-2697563 72 1 12907
-2699092 8 1 61343
-2702692 0 2 181 3733
-2705059 4 1 386437
-2706019 384 1 4057
-2706580 2 1 135329
-2707588 16 1 52069
-2708212 16 1 52081
-2709307 8405536 0
-2710888 67109408 1 643
-2711467 8 1 246497
-2711995 26 1 3793
-2714788 0 2 317 2141
-2718547 272 1 7211
-2723707 68 1 20479
-2725987 72 1 13043
-2727160 33554690 1 2351
-2730088 67108864 2 331 1031
-2730952 67108868 1 48767
-2731915 66 2 149 193
-2733460 8388610 1 1409
-2733571 262144 1 38501
-2734411 1024 2 263 281
-2735755 10 1 49741
-2736619 0 2 409 6691
-2736931 192 1 6263
-2737588 4 1 97771
-2739715 10 2 109 457
-2739979 8 1 249089
-2740312 33570944 1 281
-2740723 32 2 263 613
-2741683 4 2 359 1091
-2745988 16777220 1 971
-2746987 0 2 137 20051
-2748787 64 2 199 727
-2750371 2097168 1 2549
-2751931 20 1 30241
-2752195 2 1 550439
-2753779 524324 1 317
-2754760 67174402 1 1129
-2756347 2097160 1 3019
-2756488 67108868 1 49223
-2758792 67239936 1 5147
-2759908 128 2 131 229
-2762068 64 1 36343
-2763880 67108870 1 9871
-2767555 6 2 107 739
-2768488 67118080 1 199
-2768980 2 1 138449
-2769028 4128 1 947
-2769827 65568 1 2671
-2770915 38 1 4657
-2771140 2 2 127 1091
-2774248 67108864 2 541 641
-2774707 65552 1 3499
-2774872 33686016 1 167
-2776507 0 2 1097 2531
-2776531 0 2 1181 2351
-2778955 2 2 109 5099
-2779243 512 1 89653
-2780680 67108870 1 9931
-2781592 34078728 1 433
-2782507 20 1 30577
-2783272 67108928 1 18311
-2783608 33554432 1 347951
-2789368 33554432 1 348671
-2789908 8 2 163 389
-2792251 12 1 36263
-2792419 4 1 398917
-2794660 10 1 12703
-2798227 0 2 883 3169
-2798548 192 1 1601
-2801668 32 1 41201
-2801992 67108864 1 350249
-2802667 4 1 400381
-2807512 33554432 2 163 2153
-2810740 2 2 313 449
-2815972 0 2 337 2089
-2817796 0 1 704449
-2818555 66 1 29669
-2819243 4 2 487 827
-2819971 16396 1 691
-2821291 72 1 13499
-2822968 33554432 2 167 2113
-2826067 3145728 1 431
-2830408 67108868 1 50543
-2834059 64 1 149161
-2834515 66 1 29837
-2834728 75497488 1 281
-2838292 128 1 30851
-2838403 16777216 2 157 179
-2838683 2097280 1 1487
-2840308 0 2 499 1423
-2841235 1048578 1 7193
-2844259 8 1 258569
-2845060 66 1 7487
-2846251 0 2 239 11909
-2846603 262144 1 40093
-2846932 4194312 1 727
-2852179 264 1 8941
-2852980 18 1 10973
-2855491 64 2 137 1097
-2855752 67108864 1 356969
-2860579 128 2 277 449
-2864587 8 1 260417
-2865160 69206018 1 863
-2866427 1024 1 77471
-2867035 16898 1 349
-2868715 66 1 30197
-2869540 2 1 143477
-2870659 8 1 260969
-2872708 512 1 23167
-2875048 67109896 1 883
-2879752 67108864 2 179 2011
-2883928 33555456 1 9743
-2883979 32772 1 6983
-2886088 67108864 2 367 983
-2888020 2 2 197 733
-2889748 8256 1 809
-2890360 33554442 1 6569
-2896051 512 2 103 907
-2897851 8 2 131 2011
-2898443 2105344 1 743
-2899123 0 2 139 20857
-2899912 92275712 0
-2901028 8208 1 1187
-2905060 2 1 145253
-2905480 67108930 1 3823
-2908312 33554440 1 33049
-2909368 33554444 1 4723
-2911108 0 1 727777
-2913208 33554432 2 241 1511
-2913352 67108880 2 109 257
-2916232 67109384 1 1069
-2917243 8196 1 8867
-2917699 2097152 1 35153
-2918515 2 2 163 3581
-2918980 2 1 145949
-2919499 8200 1 5647
-2920408 33554432 2 223 1637
-2925163 4194432 1 1429
-2926228 64 2 139 277
-2927059 0 2 277 10567
-2927512 33619972 1 857
-2928043 768 1 3257
-2931160 33554434 2 127 577
-2931187 68 1 22039
-2932612 8256 1 821
-2937955 2 2 251 2341
-2939611 2097152 2 107 331
-2939848 71303168 1 4129
-2940451 0 2 389 7559
-2940499 0 2 1613 1823
-2942179 512 2 107 887
-2943268 256 1 25373
-2946523 4194304 1 33107
-2949160 67108898 1 4337
-2952499 8 2 139 1931
-2954755 16777218 1 5851
-2955715 6 1 84449
-2956891 1048580 1 5347
-2958763 524288 1 40531
-2960635 65570 1 571
-2961739 1096 1 383
-2964931 320 1 5381
-2967619 0 2 1571 1889
-2970739 0 2 947 3137
-2971387 8192 2 191 331
-2976427 4210688 1 631
-2976451 0 2 131 22721
-2977459 2097408 1 1237
-2980219 40 1 15937
-2981539 1581064 0
-2982547 0 2 587 5081
-2984827 1024 1 80671
-2987272 67108864 2 313 1193
-2990995 8388614 1 881
-2991640 33554690 1 2579
-2992852 128 1 32531
-2998699 67592 1 109
-2998987 131104 1 2633
-2999627 1024 1 81071
-2999971 16 1 230767
-3000691 0 2 241 12451
-3001195 2 1 600239
-3001588 1056 1 1193
-3001651 2048 2 179 409
-3002923 32780 1 661
-3003203 36 1 25237
-3003448 33554436 1 53633
-3003652 512 1 24223
-3004939 4 1 429277
-3006883 72 1 14387
-3006955 16390 1 1621
-3009835 2 2 193 3119
-3013588 0 2 827 911
-3015835 514 1 19457
-3016939 32 1 177467
-3018568 67108932 1 2837
-3018643 4096 1 70201
-3019492 4 1 107839
-3023587 8978436 0
-3027283 132 1 18803
-3027928 33562624 1 8053
-3029812 0 2 107 7079
-3031252 524292 1 1483
-3032491 12 1 39383
-3032692 16 1 58321
-3033220 4098 1 3527
-3035659 8 1 275969
-3035908 128 1 32999
-3036280 33554450 1 5839
-3040360 67109122 1 2621
-3044248 41943040 1 3923
-3045115 16386 1 11491
-3048427 0 2 907 3361
-3053587 1048576 1 38653
-3054331 65668 1 311
-3056452 4 1 109159
-3056635 2 2 379 1613
-3058747 128 1 132989
-3063595 2 1 612719
-3064195 16898 1 373
-3068755 1048610 1 457
-3073240 33554434 1 76831
-3073403 0 2 1627 1889
-3074323 4 2 431 1019
-3075283 96 1 9521
-3076291 75008 0
-3078283 16 2 107 2213
-3078712 33554452 1 4229
-3081595 4106 1 1303
-3082072 33562628 1 1171
-3085252 256 1 26597
-3085492 512 2 149 167
-3086728 67108864 2 241 1601
-3089851 4096 2 181 397
-3090643 131072 2 163 283
-3090868 8 2 199 353
-3092755 2 2 439 1409
-3093619 0 2 1657 1867
-3093995 2 1 618799
-3094315 6 2 211 419
-3095155 6 2 191 463
-3096580 2 2 107 1447
-3098440 67371010 1 1091
-3100612 0 1 775153
-3101512 67141632 1 6571
-3103108 0 1 775777
-3103435 290 1 1259
-3106363 4112 1 5557
-3107515 34 1 36559
-3108347 8 1 282577
-3111043 16 2 167 1433
-3111115 6 2 103 863
-3111187 524448 1 109
-3114820 2 1 155741
-3115288 33554440 1 35401
-3115912 67117056 1 8287
-3116707 8388744 1 127
-3116932 20 1 8563
-3117355 258 1 21499
-3117508 0 1 779377
-3119747 512 2 157 641
-3121123 128 1 135701
-3124168 67141632 1 6619
-3124219 4 2 131 3407
-3125032 67108864 2 577 677
-3129115 10 1 56893
-3131188 256 1 26993
-3132019 8 1 284729
-3141931 16 1 241687
-3141988 1114112 1 163
-3142363 2052 1 10949
-3142651 128 2 139 983
-3146443 1024 2 277 307
-3147235 22 1 6917
-3148852 4 1 112459
-3150052 0 1 787513
-3153019 32768 1 53441
-3153163 16 1 242551
-3154468 0 2 181 4357
-3155083 64 2 211 787
-3157288 67109632 1 439
-3159715 18 1 48611
-3160072 67125504 1 257
-3160228 0 1 790057
-3161251 0 2 1583 1997
-3166228 16 1 60889
-3166531 4202496 1 757
-3168712 67108864 2 431 919
-3168715 42 1 3389
-3169435 131074 1 9461
-3170932 2097152 1 9551
-3171499 262208 1 2351
-3174532 0 1 793633
-3175315 26 1 4441
-3176539 4608 1 2383
-3181339 32772 1 7703
-3183931 0 2 677 4703
-3183955 2 2 131 4861
-3184387 0 2 877 3631
-3186052 128 1 34631
-3186211 516 1 14683
-3188443 512 2 163 631
-3189739 324 1 827
-3189832 67108864 1 398729
-3191560 67633154 1 1093
-3194248 67108864 1 399281
-3194548 4 2 271 421
-3196483 18432 1 1471
-3200068 512 2 131 197
-3204019 20 2 137 257
-3205147 8 1 291377
-3206248 67108864 2 179 2239
-3206779 0 2 233 13763
-3207763 16 2 443 557
-3212443 65552 1 4051
-3213427 4 2 467 983
-3215179 2056 1 7129
-3218488 33554452 1 4421
-3219652 0 1 804913
-3219979 4 2 281 1637
-3220228 8 2 163 449
-3220792 33554432 2 367 1097
-3222499 131076 1 6871
-3225043 4096 2 179 419
-3226420 2 2 353 457
-3227995 2 1 645599
-3228835 2 2 347 1861
-3229699 8200 1 6247
-3230443 2097152 1 38921
-3231412 4194560 1 313
-3231688 69206528 1 157
-3237172 139264 1 257
-3238228 36 1 6803
-3238291 516 1 14923
-3239908 4 2 251 461
-3241291 5242880 1 461
-3243331 276 1 1229
-3247051 32 2 409 467
-3248212 8 1 73823
-3248260 2 1 162413
-3251755 82 1 2633
-3254899 65536 1 53359
-3257155 10 1 59221
-3261028 0 1 815257
-3269368 33554496 2 137 157
-3270259 16384 1 61703
-3271147 8 1 297377
-3272152 34078736 1 431
-3273643 64 1 172297
-3275848 67108864 2 271 1511
-3277603 4194308 1 5261
-3278872 33619968 1 6719
-3280507 32 1 192971
-3282235 2097162 1 719
-3284083 1032 1 8069
-3284347 8 2 127 2351
-3284707 32768 1 55673
-3289252 0 1 822313
-3292339 96 1 10193
-3293995 8194 2 107 131
-3295768 33554436 2 229 257
-3296899 524352 1 2377
-3300388 20 1 9067
-3303235 4194322 1 571
-3306340 2 1 165317
-3308068 524288 1 11329
-3308107 8 2 311 967
-3309787 8208 1 5417
-3310168 33571840 1 211
-3316072 67108864 2 163 2543
-3320323 4194304 1 37307
-3320995 2 1 664199
-3321115 6 1 94889
-3325195 2 1 665039
-3328435 524298 1 829
-3334723 4 2 449 1061
-3339172 1048576 1 10567
-3340667 2097160 1 3659
-3340888 33685632 1 271
-3341668 8 2 173 439
-3343843 0 2 1511 2213
-3344995 2 1 668999
-3346660 66 1 8807
-3347908 1024 1 22621
-3349195 2 1 669839
-3349843 32772 1 8111
-3350788 4 1 119671
-3351832 33556488 1 929
-3357283 0 2 647 5189
-3358795 10 2 173 353
-3359668 16 1 64609
-3362452 0 2 127 6619
-3363955 6 2 223 431
-3365608 67111424 1 331
-3367252 4 2 241 499
-3369892 0 1 842473
-3371755 2 2 571 1181
-3375403 0 3 109 173 179
-3379891 64 1 177889
-3380008 67109152 1 857
-3384019 0 2 1231 2749
-3384307 0 2 1693 1999
-3384451 68 1 25447
-3386212 0 2 613 1381
-3387907 262144 1 47717
-3389155 14 1 8803
-3391672 33554560 1 18433
-3392680 71303170 1 953
-3392932 0 2 127 6679
-3393283 2048 1 82763
-3396772 0 2 607 1399
-3397723 4 1 485389
-3402115 2 2 523 1301
-3402355 10 1 61861
-3406792 67108864 2 257 1657
-3407155 65538 1 11171
-3407467 4 1 486781
-3410152 67108864 2 439 971
-3413512 67112960 1 9923
-3413899 4096 1 79393
-3419971 0 2 509 6719
-3420067 4 2 311 1571
-3423352 33554432 1 427919
-3426307 32768 1 58073
-3429115 65538 1 11243
-3430708 524800 1 379
-3433315 8388610 1 7079
-3434932 1024 1 23209
-3435352 41943104 1 233
-3435859 4 1 490837
-3437032 67109376 1 13859
-3440963 1024 2 113 823
-3442603 0 2 487 7069
-3443092 16384 2 109 149
-3444772 0 2 277 3109
-3447307 0 2 103 33469
-3448411 0 2 421 8191
-3449395 2 1 689879
-3451012 128 1 37511
-3455947 40 1 18481
-3459259 512 2 151 739
-3460387 4 1 494341
-3460483 131344 1 137
-3461755 10 2 113 557
-3463651 0 2 271 12781
-3473464 33554432 2 449 967
-3473572 0 2 103 8431
-3479128 33562688 1 487
-3479995 2 1 695999
-3480235 10 1 63277
-3484027 0 2 107 32561
-3489715 2306 1 587
-3492820 34 1 10273
-3494227 520 1 10247
-3498019 4 1 499717
-3499288 33554448 1 33647
-3499672 33554440 1 39769
-3501043 1048596 1 487
-3502051 36 1 29429
-3502747 0 2 151 23197
-3503107 128 2 223 683
-3507331 2097152 1 42257
-3508891 786432 1 677
-3511387 136 1 13879
-3511699 8192 1 74717
-3511915 10 1 63853
-3512635 6 1 100361
-3515059 512 2 149 761
-3522067 1024 1 95191
-3524152 33554560 2 107 179
-3524395 16777222 1 997
-3526660 2 1 176333
-3526963 520 1 10343
-3527188 132 1 5477
-3529435 22 1 7757
-3530947 1028 1 13633
-3535240 67109378 1 2851
-3538123 576 1 6007
-3538360 33554438 1 12637
-3538579 72 1 16931
-3538907 4194336 1 2339
-3539848 83886096 1 337
-3542788 0 2 103 8599
-3547123 0 2 857 4139
-3551524 1048576 1 11239
-3560452 16777220 1 1259
-3569587 68 1 26839
-3569827 131072 1 53281
-3571492 0 2 181 4933
-3573235 322 1 1297
-3574888 67109184 1 811
-3575539 16392 1 6133
-3577987 4100 1 11887
-3578755 262178 1 593
-3580915 4194322 1 619
-3582331 0 2 883 4057
-3583003 0 3 139 149 173
-3584212 32 1 52709
-3586531 16 2 263 1049
-3587299 0 2 109 32911
-3590932 131072 1 13399
-3594643 16 2 113 2447
-3594955 22 1 7901
-3605428 1056 1 1433
-3605848 33554560 1 19597
-3608308 8 1 82007
-3610072 33554432 2 179 2521
-3610123 264 1 11317
-3611092 128 1 39251
-3611443 8 2 569 577
-3612107 0 2 103 35069
-3613492 0 2 223 4051
-3614851 131072 2 163 331
-3617188 0 1 904297
-3618019 0 2 199 18181
-3621412 1024 1 24469
-3628612 528 1 2251
-3634267 20 1 39937
-3636952 33555464 1 1117
-3637315 2058 1 1613
-3637348 24 1 6359
-3641995 38 1 6121
-3645811 16 2 107 2621
-3649732 128 1 39671
-3654835 2 2 307 2381
-3655027 2048 2 239 373
-3658579 0 2 151 24229
-3659635 6 1 104561
-3662395 42 1 3917
-3665992 67108872 1 41659
-3667027 32788 1 683
-3672235 6 2 239 439
-3674392 33816576 1 6469
-3680227 512 1 118717
-3683332 0 1 920833
-3683843 0 2 1087 3389
-3685411 8256 1 4127
-3689035 6 1 105401
-3689155 514 1 23801
-3690628 139264 1 293
-3691483 0 2 1871 1973
-3693403 2084 1 757
-3694627 262176 1 3061
-3696568 34603008 1 5849
-3697012 524296 1 1151
-3698707 8388640 1 2243
-3698827 520 1 10847
-3700795 4102 1 2459
-3702952 67109128 1 1451
-3704131 0 2 367 10093
-3705139 128 1 161093
-3705955 4106 1 1567
-3707971 8192 1 78893
-3710227 8192 1 78941
-3711859 64 2 347 563
-3713572 0 2 577 1609
-3715003 8388608 1 38299
-3715123 0 2 587 6329
-3716395 2 1 743279
-3716728 33554432 1 464591
-3717355 2 2 809 919
-3717571 24 1 25997
-3717835 138 1 2939
-3721972 0 2 131 7103
-3723595 262178 1 617
-3724795 2 1 744959
-3726835 6 2 233 457
-3727867 24 2 131 199
-3734248 67108868 1 66683
-3737812 16 1 71881
-3738340 2 1 186917
-3744067 9216 1 2153
-3746548 16 2 109 661
-3748003 4 2 569 941
-3749299 4256 1 223
-3755992 33554560 2 137 149
-3762712 34078752 1 379
-3764152 33554436 1 67217
-3767380 2 1 188369
-3770515 38 1 6337
-3771268 16384 1 17789
-3771331 32 2 163 1361
-3779083 44 1 2887
-3783115 6 1 108089
-3785387 0 3 113 139 241
-3788323 12 1 49199
-3789187 8192 1 80621
-3789208 41943104 1 257
-3795307 64 1 199753
-3799048 67109000 1 1877
-3802603 68 1 28591
-3803611 2308 1 457
-3804163 8 2 239 1447
-3809668 1024 1 25741
-3813403 16904 1 211
-3815368 67108864 1 476921
-3815491 524288 1 52267
-3818515 8194 1 16249
-3819067 131108 1 479
-3820888 33554432 2 103 4637
-3820915 6 1 109169
-3822283 4325376 1 641
-3823987 1024 2 181 571
-3828388 0 1 957097
-3843043 8388608 1 39619
-3843268 24 1 6719
-3843595 6 2 193 569
-3844315 2 2 239 3217
-3844795 131202 1 499
-3853483 8192 2 163 503
-3855787 524336 1 239
-3855835 130 1 33529
-3856612 0 1 964153
-3856747 2048 2 109 863
-3857827 32 2 257 883
-3859147 192 1 8831
-3859603 32840 1 313
-3860035 2 2 541 1427
-3861163 0 2 821 4703
-3868267 80 1 15661
-3869779 65536 1 63439
-3871915 16450 1 769
-3872395 130 2 151 223
-3875443 2072 1 661
-3879595 2 1 775919
-3881107 512 1 125197
-3881332 20 1 10663
-3887188 0 2 761 1277
-3890419 16777232 1 2963
-3890827 524288 1 53299
-3897043 4194304 1 43787
-3898888 67108868 1 69623
-3898915 8388610 1 8039
-3902227 4 1 557461
-3904315 2 2 277 2819
-3905752 33554944 1 15749
-3906259 16388 1 10529
-3911611 520 1 11471
-3911755 2 2 401 1951
-3911947 16 2 113 2663
-3917908 65536 1 16057
-3917947 8 2 353 1009
-3920755 2 2 379 2069
-3923107 32 1 230771
-3924628 384 1 1471
-3926107 1280 1 3659
-3931192 33554432 2 241 2039
-3931627 19005444 0
-3932131 4 1 561733
-3933595 2 1 786719
-3935635 10 2 163 439
-3937315 2 2 227 3469
-3939331 16648 1 233
-3939595 2097162 1 863
-3940168 67108864 2 107 4603
-3941203 1028 1 15217
-3941515 65538 1 12923
-3943507 352 1 421
-3943732 16 2 149 509
-3943972 0 1 985993
-3944587 0 2 743 5309
-3947332 32 1 58049
-3949555 2097666 1 307
-3952363 0 2 191 20693
-3953227 65536 2 229 283
-3953371 0 2 347 11393
-3953563 0 2 431 9173
-3955795 2 1 791159
-3961363 4 1 565909
-3962515 1026 1 21419
-3963019 2048 2 163 593
-3964795 2 1 792959
-3970915 18 1 61091
-3971515 2 2 461 1723
-3975595 530 1 1973
-3975715 32770 1 13477
-3977332 540672 1 257
-3980035 16514 1 653
-3983848 67108904 1 2663
-3986107 128 1 173309
-3986851 8 2 293 1237
-3989512 67108864 1 498689
-3993163 4194304 1 44867
-3997492 128 1 43451
-3998323 4 2 179 3191
-4000648 67108864 2 227 2203
-4002715 2 2 157 5099
-4007668 2052 1 3491
-4008667 16 1 308359
-4010395 4226 1 811
-4014547 0 2 349 11503
-4019035 2 2 227 3541
-4021252 0 1 1005313
-4021507 4 1 574501
-4022363 262144 2 181 313
-4027147 32 1 236891
-4028011 16 2 383 809
-4028995 2 1 805799
-4035595 2 1 807119
-4037155 2 2 149 5419
-4041832 67108928 1 26591
-4042435 1026 1 21851
-4042795 2 1 808559
-4043467 32 1 237851
-4050043 0 2 139 29137
-4050148 32 1 59561
-4056547 8 2 239 1543
-4056715 18 2 139 449
-4061995 4102 1 2699
-4062163 8196 1 12347
-4063003 4 2 157 3697
-4064008 67109008 1 1699
-4067803 286848 0
-4070152 67110912 1 12409
-4072168 67108864 2 151 3371
-4072612 2112 1 1307
-4074883 32 1 239699
-4075195 2050 2 103 193
-4076515 34 2 199 241
-4076779 516 1 18787
-4078888 67108872 1 46351
-4080091 0 2 113 36107
-4080115 2066 1 1531
-4080232 67108880 1 39233
-4085443 0 2 487 8389
-4090867 8 1 371897
-4094491 1048576 1 51829
-4097755 2 2 739 1109
-4097827 4196352 1 1123
-4100395 18 2 199 317
-4101283 64 1 215857
-4107595 2 1 821519
-4110907 2097152 1 49529
-4112635 258 2 113 251
-4117492 557056 1 239
-4119067 64 2 431 503
-4119643 8 2 239 1567
-4119955 16390 1 2221
-4120147 32768 1 69833
-4122115 2 2 443 1861
-4122532 0 2 149 6917
-4123603 8 2 229 1637
-4126003 4 2 683 863
-4129528 33587216 1 673
-4130179 128 1 179573
-4132483 0 2 467 8849
-4134787 1024 1 111751
-4134955 10 1 75181
-4135483 8264 1 421
-4137508 66048 1 547
-4141123 10244 1 307
-4146955 4194306 1 9319
-4149355 6 2 103 1151
-4150315 131090 1 953
-4155508 4 1 148411
-4162267 0 2 593 7019
-4167115 2 2 107 7789
-4167283 0 2 643 6481
-4178692 4 1 149239
-4179763 4 2 367 1627
-4182952 67108896 1 30757
-4184419 2048 1 102059
-4184692 8192 1 22259
-4184728 33554432 2 109 4799
-4186072 33554440 1 47569
-4189348 64 2 199 277
-4190971 0 2 233 17987
-4198819 16384 2 227 349
-4203571 65536 2 137 503
-4205563 0 2 163 25801
-4206163 80 1 17029
-4206403 0 2 359 11717
-4207912 67110912 1 12829
-4208152 33558544 1 941
-4215115 2 2 653 1291
-4216435 32770 1 14293
-4217347 0 2 881 4787
-4218691 0 2 2039 2069
-4219747 4 1 602821
-4223923 8 2 151 2543
-4224043 0 2 263 16061
-4226083 4352 1 3389
-4226683 64 2 149 1493
-4234315 65538 1 13883
-4237555 2054 1 2953
-4238923 144 1 14177
-4239715 546 1 1609
-4244872 67108864 1 530609
-4246699 0 2 919 4621
-4247755 4226 1 859
-4248427 278528 1 1129
-4249195 2 1 849839
-4249747 256 1 146543
-4256011 4352 1 3413
-4257403 256 1 146807
-4257427 8388608 1 43891
-4257835 2 2 877 971
-4260568 33816592 1 577
-4260628 9437184 1 139
-4261492 288 1 2161
-4263595 65542 1 1997
-4265395 2 1 853079
-4265443 84 1 2467
-4268251 16 1 328327
-4271128 33587200 1 9049
-4273363 0 2 167 25589
-4274683 516 1 19699
-4275595 2 1 855119
-4283467 0 2 1093 3919
-4283995 2 1 856799
-4285768 67108896 1 31513
-4289035 4098 1 19949
-4291060 2050 1 5233
-4293412 0 1 1073353
-4293508 256 1 37013
-4293928 67108896 1 31573
-4294291 256 1 148079
-4299835 2 2 809 1063
-4301323 48 1 19463
-4302283 0 2 197 21839
-4302355 2 2 811 1061
-4302859 8 2 443 883
-4304932 0 2 173 6221
-4313923 0 2 331 13033
-4316068 512 1 34807
-4319395 2 1 863879
-4319848 67633168 1 569
-4320523 0 2 179 24137
-4322728 67108928 1 28439
-4323208 67108864 2 179 3019
-4323715 10 2 127 619
-4324315 16777218 1 8563
-4324552 67109056 1 1237
-4324987 8224 1 5413
-4327507 512 1 139597
-4328248 37748736 1 6079
-4330120 67108866 2 103 1051
-4334779 32 1 254987
-4339288 33554432 2 251 2161
-4339699 20 2 103 463
-4345243 1092 1 883
-4354147 4194564 1 241
-4357411 0 2 557 7823
-4358323 256 1 150287
-4363867 524288 1 59779
-4364467 8192 1 92861
-4364995 2 1 872999
-4369963 16 1 336151
-4372795 16777222 1 1237
-4375147 4 2 617 1013
-4375555 2 2 379 2309
-4387219 0 2 271 16189
-4388155 270338 1 263
-4392907 0 2 229 19183
-4396408 33554432 1 549551
-4397572 0 1 1099393
-4400872 71303172 1 883
-4409083 68 1 33151
-4419592 67108896 1 32497
-4421683 524324 1 509
-4421923 8 1 401993
-4422283 0 2 673 6571
-4422628 4 1 157951
-4423672 33554472 1 2957
-4423939 262160 1 4793
-4424995 2 1 884999
-4426552 33554960 1 1373
-4436323 2048 1 108203
-4439227 16432 1 379
-4440115 2 2 109 8147
-4442035 1042 1 1847
-4444267 128 2 199 971
-4449835 50 1 4027
-4454827 16 1 342679
-4456363 32 1 262139
-4460212 64 1 58687
-4461748 6291456 1 151
-4465315 2 2 307 2909
-4467043 4 2 139 4591
-4469563 1028 1 17257
-4470019 65536 2 127 577
-4473187 0 3 103 137 317
-4473523 131200 1 2903
-4475668 1024 1 30241
-4477771 0 2 167 26813
-4478611 0 2 373 12007
-4480747 0 2 331 13537
-4482571 2048 1 109331
-4492651 1066240 0
-4494715 34 1 52879
-4502347 512 2 311 467
-4505572 2099200 1 331
-4505827 0 2 167 26981
-4507987 8 1 409817
-4511923 16 1 347071
-4511947 4104 1 9539
-4512907 4 1 644701
-4514083 4 1 644869
-4520635 16390 1 2437
-4522507 8 2 137 3001
-4523992 50331656 1 509
-4537003 128 1 197261
-4541755 65538 1 14891
-4542907 4096 1 105649
-4543099 8 1 413009
-4548547 0 2 281 16187
-4548772 0 2 1031 1103
-4551115 258 1 31387
-4551220 2 1 227561
-4572115 2050 1 22303
-4578763 36 2 109 353
-4579492 8192 1 24359
-4580452 1024 1 30949
-4584427 8192 2 103 947
-4591108 132096 1 463
-4591123 0 2 619 7417
-4593019 0 2 1877 2447
-4597315 8388610 1 9479
-4598308 24 1 8039
-4599688 67108864 2 491 1171
-4601059 64 1 242161
-4603003 32768 1 78017
-4604308 8256 1 1289
-4604707 65856 1 137
-4608052 528384 1 367
-4609387 0 2 1699 2713
-4611355 6 2 359 367
-4612171 0 2 853 5407
-4620715 266 1 2897
-4622872 33570816 1 10903
-4632868 0 1 1158217
-4640755 131078 1 1979
-4643395 2 1 928679
-4643827 0 2 1613 2879
-4648555 258 1 32059
-4648987 4 1 664141
-4653595 2 1 930719
-4655467 16416 1 5167
-4655995 2 1 931199
-4657972 8 1 105863
-4658323 32 1 274019
-4660555 20482 1 409
-4665928 69206016 1 7027
-4673467 2560 1 3677
-4679755 2 2 181 5171
-4680715 18 2 107 673
-4680787 0 2 109 42943
-4686595 2097282 1 491
-4688539 16384 1 88463
-4688803 132 1 29123
-4690459 8320 1 4339
-4691635 4194322 1 811
-4696315 18 1 72251
-4696915 2 2 281 3343
-4697227 8192 2 139 719
-4697707 4100 1 15607
-4712632 33554432 2 641 919
-4714147 8256 1 5279
-4715083 0 2 131 35993
-4715443 32 2 103 2693
-4715659 16 1 362743
-4716979 0 2 541 8719
-4724371 131072 2 107 659
-4724635 2114 1 1213
-4725592 33554464 1 34747
-4733395 34 2 233 239
-4733827 4100 1 15727
-4738435 18 2 269 271
-4743403 516 1 21859
-4748347 2097216 1 3011
-4749355 530 1 2357
-4750708 16384 1 22409
-4751635 6 2 349 389
-4753723 1040 1 9883
-4753939 128 2 139 1487
-4768027 8 2 107 4051
-4769752 33554448 1 45863
-4769755 2 2 521 1831
-4770547 8192 1 101501
-4771099 0 2 281 16979
-4773595 2 1 954719
-4774027 0 2 373 12799
-4776163 68 1 35911
-4778203 4096 1 111121
-4781995 2 1 956399
-4791691 0 2 149 32159
-4795795 2 1 959159
-4796227 608 1 479
-4797163 4 2 401 1709
-4806355 2 2 109 8819
-4809688 33554448 2 103 449
-4810408 67633152 1 8237
-4818955 2 2 599 1609
-4819915 65538 1 15803
-4821448 67117056 1 12823
-4824955 66 1 50789
-4836052 16 1 93001
-4840003 68 2 151 241
-4840843 4 2 131 5279
-4844008 67117072 1 991
-4851715 42 1 5189
-4853179 1280 1 4523
-4853608 67109376 1 19571
-4856467 32780 1 1069
-4857307 20 1 53377
-4857523 8 2 179 2467
-4863835 66562 1 431
-4863883 2097152 1 58601
-4864819 0 2 991 4909
-4872907 16 1 374839
-4876267 1032 1 11981
-4876603 32 1 286859
-4884835 2 2 109 8963
-4889371 256 1 168599
-4889515 16386 1 18451
-4892467 0 2 433 11299
-4896595 42 1 5237
-4900291 1048584 1 5639
-4901752 33554432 1 612719
-4902187 1048576 1 62053
-4912003 0 2 2063 2381
-4921483 36 1 41357
-4922467 8 2 661 677
-4926643 64 2 199 1303
-4934035 20482 1 433
-4938043 72 1 23627
-4940107 1048576 1 62533
-4946008 33554688 1 21319
-4950628 0 2 271 4567
-4952179 262208 1 3671
-4953763 128 1 215381
-4959931 64 2 281 929
-4966603 512 2 131 1223
-4967347 524 1 2081
-4967683 2116 1 911
-4970548 8 1 112967
-4980283 12 1 64679
-4984648 69206016 1 7507
-4991155 530 1 2477
-4993387 516 1 23011
-4997272 33554436 1 89237
-4999747 0 2 1249 4003
-5000515 82 1 4049
-5002915 73730 1 349
-5006155 14 1 13003
-5006203 128 1 217661
-5006395 2 1 1001279
-5010523 4 1 715789
-5014483 128 1 218021
-5016043 256 2 269 643
-5017363 524336 1 311
-5023699 256 2 211 821
-5025427 1048584 1 5783
-5025652 4194368 1 743
-5034115 2 2 281 3583
-5034667 8 1 457697
-5034835 274 1 2671
-5037643 16 2 479 809
-5043595 2 1 1008719
-5051683 4116 1 1291
-5058403 4 2 251 2879
-5061688 34603008 1 8009
-5065432 33554432 2 401 1579
-5067643 4 1 723949
-5071795 2 1 1014359
-5072035 34 1 59671
-5074387 4160 1 6211
-5078755 10 2 107 863
-5080147 0 2 701 7247
-5095987 16 1 391999
-5098723 262148 1 10259
-5099563 260 1 25121
-5102923 2097156 1 8783
-5104483 17472 1 137
-5108371 0 2 1613 3167
-5108947 270336 1 1531
-5109115 10 1 92893
-5114488 33554432 1 639311
-5121907 4 2 409 1789
-5123107 4194312 1 5233
-5125003 80 1 20749
-5125867 8192 2 191 571
-5126467 0 2 823 6229
-5128435 18 2 257 307
-5129683 16 2 197 2003
-5130115 4098 2 107 223
-5135083 8388608 2 167 317
-5138203 4 2 499 1471
-5147587 256 2 139 1277
-5149963 52 1 3329
-5150827 136 1 20359
-5157163 8 2 631 743
-5165395 2 1 1033079
-5168035 524290 1 14159
-5168872 67149824 1 233
-5169403 34816 1 2137
-5170795 6 2 157 941
-5174995 6 2 199 743
-5178187 1028 1 19993
-5179315 8421378 1 181
-5179603 280 1 1249
-5182552 33570848 1 719
-5185747 4 2 211 3511
-5189587 16 2 617 647
-5191387 0 2 163 31849
-5192419 8192 1 110477
-5192779 640 1 7283
-5192923 0 2 883 5881
-5195683 64 1 273457
-5196307 33024 1 3037
-5197252 1048576 1 16447
-5198692 0 1 1299673
-5204227 16777252 1 433
-5204803 32832 1 4643
-5205043 32 2 223 1373
-5211595 139266 1 331
-5214307 132 2 139 233
-5214955 4194306 1 11719
-5215483 1044 1 1549
-5215747 64 2 223 1231
-5218819 1049088 1 2131
-5224843 272 1 13859
-5227003 640 1 7331
-5231587 0 2 307 17041
-5236003 0 2 137 38219
-5238883 16 1 402991
-5240323 8 2 359 1327
-5242315 18 1 80651
-5247988 0 2 751 1747
-5251192 58851328 0
-5254603 128 1 228461
-5256355 18 2 193 419
-5257795 2 1 1051559
-5258203 0 2 1979 2657
-5267563 4 2 479 1571
-5272555 2 2 191 5521
-5274691 2048 2 127 1013
-5275939 262208 1 3911
-5284027 4 1 754861
-5293723 64 1 278617
-5295667 16 1 407359
-5296003 192 1 12119
-5300107 65632 1 269
-5304787 0 2 569 9323
-5306932 32768 2 113 199
-5309635 2 2 181 5867
-5316283 516 1 24499
-5319307 1048580 1 9619
-5325595 1034 1 2617
-5332027 320 1 9677
-5334715 18434 1 491
-5339323 32840 1 433
-5347387 4194304 1 60083
-5348308 4 2 251 761
-5349163 0 2 853 6271
-5349547 132 2 149 223
-5351107 32 1 314771
-5358043 32 1 315179
-5358283 4 2 491 1559
-5360392 67108864 1 670049
-5361715 34 1 63079
-5363803 0 2 107 50129
-5364043 256 1 184967
-5364787 0 2 1583 3389
-5365123 0 2 293 18311
-5367307 8 2 409 1193
-5368027 4 1 766861
-5370715 6 1 153449
-5374195 2 1 1074839
-5388835 8390658 1 271
-5390995 2 1 1078199
-5392888 33624064 1 257
-5396995 2 1 1079399
-5405395 2 1 1081079
-5412427 0 2 797 6791
-5416723 528 1 13441
-5417227 65536 1 88807
-5422483 278536 1 131
-5425732 16 2 151 691
-5425987 260 1 26729
-5428627 544 1 10301
-5429467 256 1 187223
-5431099 0 2 541 10039
-5433043 1036 1 1907
-5433835 522 1 3187
-5441755 10 2 163 607
-5442955 2054 1 3793
-5444563 0 2 2141 2543
-5448115 2 2 367 2969
-5456323 20971520 1 607
-5457067 12 2 131 541
-5458387 520 1 16007
-5464915 130 1 47521
-5467291 0 2 223 24517
-5468395 2 1 1093679
-5472868 12288 1 677
-5483395 2621442 1 181
-5483683 640 1 7691
-5484955 131078 1 2339
-5485435 1026 2 149 199
-5491915 26 1 7681
-5492683 16777252 1 457
-5492923 0 2 173 31751
-5501512 67108864 2 107 6427
-5505763 4288 1 293
-5514307 32 2 547 593
-5520715 2 2 877 1259
-5523235 2097154 1 13309
-5525323 32 1 325019
-5525635 130 1 48049
-5526163 0 2 223 24781
-5529547 2048 1 134867
-5536939 1024 2 263 569
-5541859 0 2 113 49043
-5550043 0 2 421 13183
-5561587 0 2 181 30727
-5575252 32 2 163 503
-5577187 12 1 72431
-5583523 8 1 507593
-5584195 4162 1 1367
-5585803 128 2 211 1151
-5590747 0 2 1013 5519
-5590852 256 1 48197
-5595115 8450 1 821
-5596363 0 2 1193 4691
-5597683 20 2 137 449
-5603347 2112 1 7193
-5613067 0 2 1009 5563
-5617579 8 2 463 1103
-5621947 0 2 311 18077
-5628187 32768 1 95393
-5630515 138 1 4451
-5633443 96 2 107 163
-5633803 4 1 804829
-5635492 0 1 1408873
-5638483 0 2 419 13457
-5644867 160 1 14437
-5645443 0 2 193 29251
-5648755 6 2 251 643
-5652868 16 1 108709
-5654587 0 2 1873 3019
-5656123 8 2 167 3079
-5662171 32832 1 5051
-5672563 16 2 163 2677
-5673595 2 1 1134719
-5677387 0 2 257 22091
-5678827 12 1 73751
-5689699 0 2 191 29789
-5694307 0 2 1453 3919
-5694643 288 1 11551
-5700955 18 2 229 383
-5704372 512 2 179 257
-5708035 4098 2 139 191
-5715955 6 2 197 829
-5718307 292 1 1657
-5724907 128 1 248909
-5725195 1030 1 4421
-5726107 0 2 1399 4093
-5727667 136 1 22639
-5727859 1024 1 154807
-5729515 10 1 104173
-5729923 0 2 2053 2791
-5731555 32770 1 19429
-5732155 26 1 8017
-5736907 8 1 521537
-5738443 0 2 1237 4639
-5756788 0 2 607 2371
-5770195 2 1 1154039
-5779747 0 2 1669 3463
-5779915 16418 1 1283
-5784043 131072 2 131 659
-5794867 336 1 809
-5797411 0 2 337 17203
-5798059 64 2 401 761
-5799451 4 2 331 2503
-5815315 10 1 105733
-5816323 0 2 761 7643
-5819227 768 1 6473
-5824435 16898 1 709
-5826403 8 1 529673
-5830027 4 1 832861
-5830507 32 1 342971
-5831035 6 1 166601
-5831083 0 2 1999 2917
-5844067 0 2 211 27697
-5846803 0 2 1171 4993
-5850595 2 1 1170119
-5855227 4 2 829 1009
-5857963 0 2 199 29437
-5861395 2 1 1172279
-5864443 131088 1 6733
-5868052 1536 1 1279
-5876635 2 2 271 4337
-5882872 33554432 1 735359
-5890483 32 2 157 2207
-5893027 66564 1 373
-5898643 32800 1 5881
-5904187 8192 1 125621
-5907715 10 2 233 461
-5907955 66 1 62189
-5916643 262144 2 167 499
-5921707 8 2 149 3613
-5922148 320 1 2687
-5925307 0 2 277 21391
-5949547 0 2 109 54583
-5949619 32784 1 7757
-5952115 18 1 91571
-5958043 20 2 233 281
-5965843 1049616 1 157
-5966683 128 1 259421
-5972395 26 1 8353
-5986612 32768 1 25367
-5989747 256 1 206543
-5991427 16 2 641 719
-5993323 262660 1 389
-6001387 4 1 857341
