-49079 32 1 2887
-52271 0 2 167 313
-53471 8 1 4861
-54935 2 1 10987
-58343 2048 1 1423
-71543 256 1 2467
-83351 32 1 4903
-84671 0 2 227 373
-84791 4 1 12113
-90959 8 1 8269
-93935 2 1 18787
-101911 0 2 223 457
-105935 2 1 21187
-111479 2048 1 2719
-112415 2 1 22483
-115367 4 1 16481
-119711 32768 1 2029
-126215 2 1 25243
-139124 0 1 34781
-141631 4 1 20233
-145127 0 2 103 1409
-153143 1024 1 4139
-160103 128 1 6961
-167903 64 1 8837
-168767 262144 1 2377
-170783 131072 1 2549
-171631 32768 1 2909
-172184 33554432 1 21523
-182335 2 1 36467
-183751 16384 1 3467
-197287 256 1 6803
-209735 2 1 41947
-214159 8 1 19469
-215719 4 1 30817
-220111 0 2 103 2137
-223064 33554432 1 27883
-230183 0 2 383 601
-233719 64 1 12301
-236815 2 1 47363
-240308 0 1 60077
-246863 4096 1 5741
-250127 0 2 389 643
-250207 0 2 151 1657
-252248 33554432 1 31531
-262831 0 2 433 607
-262999 8 1 23909
-264967 0 2 257 1031
-267871 512 1 8641
-269143 4 1 38449
-272479 64 1 14341
-275636 0 1 68909
-277807 0 2 379 733
-283823 256 1 9787
-286279 4 1 40897
-287335 2 1 57467
-288371 32 1 16963
-288511 0 2 263 1097
-290891 0 2 461 631
-291391 0 2 211 1381
-304615 2 1 60923
-309224 67108864 1 38653
-309416 67108864 1 38677
-314087 0 2 443 709
-315919 65536 1 5179
-316543 0 2 349 907
-320959 0 2 193 1663
-329816 33554432 1 41227
-331304 67108864 1 41413
-332372 0 1 83093
-332527 16 1 25579
-332647 4 1 47521
-333415 2 1 66683
-333899 0 2 379 881
-340115 2 1 68023
-349859 4194304 1 3931
-351464 67108864 1 43933
-353432 33554432 1 44179
-353768 67108864 1 44221
-355207 0 2 593 599
-355687 0 2 401 887
-360991 0 2 467 773
-362719 4 1 51817
-363131 0 2 211 1721
-363224 33554432 1 45403
-365263 128 1 15881
-370303 0 2 367 1009
-375764 0 1 93941
-376472 33554432 1 47059
-379331 0 2 139 2729
-380527 4 1 54361
-382091 0 2 181 2111
-382451 64 1 20129
-382471 8388608 1 3943
-383156 0 1 95789
-383336 67108864 1 47917
-390248 67108864 1 48781
-391091 0 2 103 3797
-395288 33554432 1 49411
-397135 2 1 79427
-398503 4 1 56929
-398824 67108864 1 49853
-403211 4096 1 9377
-406663 128 1 17681
-408103 32768 1 6917
-411368 67108864 1 51421
-412451 16 1 31727
-414632 67108864 1 51829
-415591 8 1 37781
-417539 512 1 13469
-418063 1024 1 11299
-420008 67108864 1 52501
-430772 0 1 107693
-431315 2 1 86263
-436111 16 1 33547
-436615 2 1 87323
-436663 2097152 1 5261
-439784 67108864 1 54973
-440503 4 1 62929
-445451 32 1 26203
-445831 0 2 397 1123
-447847 256 1 15443
-448424 67108864 1 56053
-448543 256 1 15467
-451544 33554432 1 56443
-452099 0 2 293 1543
-452219 64 1 23801
-459092 0 1 114773
-460532 0 1 115133
-464051 4 1 66293
-464935 2 1 92987
-468467 16384 1 8839
-469928 67108864 1 58741
-474356 0 1 118589
-476699 0 2 313 1523
-477371 16384 1 9007
-477415 2 1 95483
-478091 32 1 28123
-479719 0 2 547 877
-481691 4 1 68813
-482579 32 1 28387
-486727 32 1 28631
-488983 8 1 44453
-490331 32 1 28843
-490904 33554432 1 61363
-491767 1024 1 13291
-491935 2 1 98387
-492308 0 1 123077
-493543 1024 1 13339
-496979 4 1 70997
-498392 33554432 1 62299
-498971 8 1 45361
-502207 0 2 139 3613
-505063 16 1 38851
-505591 262144 1 7121
-506648 33554432 1 63331
-508148 0 1 127037
-511091 4 1 73013
-511988 0 1 127997
-513343 0 2 599 857
-515551 0 2 139 3709
-515623 512 1 16633
-515647 8 1 46877
-518651 4 1 74093
-522727 0 2 463 1129
-524651 524288 1 7187
-526135 2 1 105227
-527263 8 1 47933
-527732 0 1 131933
-532052 0 1 133013
-532276 0 1 133069
-534932 0 1 133733
-535139 8 1 48649
-541592 33554432 1 67699
-541979 2048 1 13219
-543007 128 1 23609
-543343 64 1 28597
-544207 0 2 373 1459
-544567 0 2 131 4157
-546319 128 1 23753
-546779 128 1 23773
-553115 2 1 110623
-553931 4 1 79133
-559499 0 2 239 2341
-562883 0 2 389 1447
-565715 2 1 113143
-565735 2 1 113147
-567703 512 1 18313
-571859 0 2 193 2963
-572623 0 2 271 2113
-574451 2048 1 14011
-574663 0 2 521 1103
-574903 4 1 82129
-575815 2 1 115163
-576152 33554432 1 72019
-577451 4 1 82493
-585128 67108864 1 73141
-589423 0 2 691 853
-592052 0 1 148013
-595567 4 1 85081
-596483 524288 1 8171
-597731 0 2 137 4363
-598543 8 1 54413
-599579 8192 1 12757
-601927 512 1 19417
-603188 0 1 150797
-604543 1024 1 16339
-607832 33554432 1 75979
-608171 64 1 32009
-613303 8192 1 13049
-616571 0 2 751 821
-616808 67108864 1 77101
-617944 33554432 1 77243
-621812 0 1 155453
-625903 2097152 1 7541
-626143 4 1 89449
-626935 2 1 125387
-627764 0 1 156941
-628564 0 1 157141
-630248 67108864 1 78781
-631832 33554432 1 78979
-632383 32 1 37199
-634787 512 1 20477
-635167 16 1 48859
-636347 256 1 21943
-638987 0 2 569 1123
-640571 4096 1 14897
-644287 4 1 92041
-644387 0 2 197 3271
-648103 0 2 739 877
-652091 8 1 59281
-652264 67108864 1 81533
-654548 0 1 163637
-656003 0 2 461 1423
-656168 67108864 1 82021
-657428 0 1 164357
-659339 512 1 21269
-664423 512 1 21433
-666827 4 1 95261
-670043 8 1 60913
-670235 2 1 134047
-671627 8 1 61057
-673172 0 1 168293
-675443 0 2 509 1327
-675851 8 1 61441
-676087 0 2 283 2389
-681515 2 1 136303
-686771 0 2 229 2999
-687943 0 2 199 3457
-690299 128 1 30013
-690823 4 1 98689
-690964 0 1 172741
-694643 0 2 503 1381
-695483 2048 1 16963
-697448 67108864 1 87181
-701528 33554432 1 87691
-702635 2 1 140527
-703163 256 1 24247
-707123 64 1 37217
-713588 0 1 178397
-719743 4194304 1 8087
-723251 0 2 131 5521
-725291 4 1 103613
-725383 0 2 421 1723
-730207 0 2 157 4651
-731732 0 1 182933
-733903 256 1 25307
-735223 0 2 271 2713
-736067 8192 1 15661
-738343 16384 1 13931
-739451 8192 1 15733
-739988 0 1 184997
-741371 8388608 1 7643
-745087 4 1 106441
-748532 0 1 187133
-750923 0 2 151 4973
-754807 0 2 199 3793
-755891 0 2 337 2243
-761704 67108864 1 95213
-761851 0 2 829 919
-768247 32 1 45191
-773524 0 1 193381
-775567 16 1 59659
-775883 0 2 257 3019
-778324 0 1 194581
-779315 2 1 155863
-779435 2 1 155887
-779483 0 2 199 3917
-780443 524288 1 10691
-781019 131072 1 11657
-784115 2 1 156823
-784903 4 1 112129
-785983 8 1 71453
-786323 0 2 139 5657
-788699 0 2 379 2081
-788939 0 2 239 3301
-789812 0 1 197453
-790763 128 1 34381
-791459 0 2 659 1201
-791867 128 1 34429
-793423 0 2 193 4111
-793543 32 1 46679
-797243 8388608 1 8219
-798583 128 1 34721
-800167 0 2 163 4909
-802139 16 1 61703
-821983 8192 1 17489
-828535 2 1 165707
-829567 0 2 197 4211
-829891 0 2 691 1201
-830164 0 1 207541
-830356 0 1 207589
-836852 0 1 209213
-837784 33554432 1 104723
-839243 0 2 859 977
-840247 131072 1 12541
-842728 67108864 1 105341
-844051 16 1 64927
-844783 0 2 433 1951
-845224 67108864 1 105653
-845492 0 1 211373
-846443 16 1 65111
-848527 0 2 167 5081
-849323 256 1 29287
-850235 2 1 170047
-857363 16 1 65951
-858227 4194304 1 9643
-860983 0 2 349 2467
-866344 67108864 1 108293
-866891 0 2 151 5741
-871636 0 1 217909
-872699 0 2 113 7723
-872852 0 1 218213
-877715 2 1 175543
-881627 0 2 739 1193
-883067 0 2 139 6353
-883903 512 1 28513
-886504 67108864 1 110813
-887912 67108864 1 110989
-889571 128 1 38677
-889715 2 1 177943
-890452 0 1 222613
-892264 67108864 1 111533
-892567 16 1 68659
-892883 128 1 38821
-897635 2 1 179527
-898207 0 2 241 3727
-903467 32768 1 15313
-904984 33554432 1 113123
-910379 0 2 151 6029
-912724 0 1 228181
-915779 0 2 281 3259
-917236 0 1 229309
-918548 0 1 229637
-919547 32 1 54091
-927103 0 2 103 9001
-928756 0 1 232189
-928783 256 1 32027
-934163 0 2 577 1619
-935411 0 2 173 5407
-937183 16 1 72091
-940276 0 1 235069
-940927 16 1 72379
-944488 67108864 1 118061
-947915 2 1 189583
-948731 4 1 135533
-955508 0 1 238877
-956212 0 1 239053
-956507 256 1 32983
-957539 8 1 87049
-959743 1024 1 25939
-963572 0 1 240893
-964276 0 1 241069
-965716 0 1 241429
-965743 512 1 31153
-976567 0 2 307 3181
-983284 0 1 245821
-984532 0 1 246133
-990635 2 1 198127
-994132 0 1 248533
-994643 16 1 76511
-997835 2 1 199567
-998771 0 2 661 1511
-1001899 8192 1 21317
-1004123 0 2 359 2797
-1004387 128 1 43669
-1004627 16 1 77279
-1005835 2 1 201167
-1011683 0 2 311 3253
-1016647 4194304 1 11423
-1022939 1024 1 27647
-1023832 33554432 1 127979
-1029032 67108864 1 128629
-1030696 67108864 1 128837
-1038424 33554432 1 129803
-1041035 2 1 208207
-1042883 8192 1 22189
-1051087 0 2 109 9643
-1052843 8 1 95713
-1053323 8388608 1 10859
-1058483 128 1 46021
-1058887 16384 1 19979
-1065107 128 1 46309
-1065739 8388608 1 10987
-1069163 0 2 947 1129
-1075883 0 2 401 2683
-1076267 0 2 397 2711
-1078696 67108864 1 134837
-1078996 0 1 269749
-1089451 8 1 99041
-1090547 524288 1 14939
-1093672 67108864 1 136709
-1095103 64 1 57637
-1096948 0 1 274237
-1098712 33554432 1 137339
-1099235 2 1 219847
-1099667 2097152 1 13249
-1103315 2 1 220663
-1103435 2 1 220687
-1103939 4096 1 25673
-1104035 2 1 220807
-1106843 256 1 38167
-1107131 0 2 593 1867
-1111979 8 1 101089
-1116803 0 2 443 2521
-1118287 524288 1 15319
-1124392 67108864 1 140549
-1125016 33554432 1 140627
-1130363 16 1 86951
-1130435 2 1 226087
-1131188 0 1 282797
-1133672 67108864 1 141709
-1134515 2 1 226903
-1137256 67108864 1 142157
-1145812 0 1 286453
-1147063 0 2 113 10151
-1148051 0 2 211 5441
-1149611 0 2 347 3313
-1151767 32 1 67751
-1156312 33554432 1 144539
-1157603 4096 1 26921
-1160699 4096 1 26993
-1161803 16777216 1 11503
-1167592 67108864 1 145949
-1171816 67108864 1 146477
-1178507 8 1 107137
-1178747 0 2 233 5059
-1180948 0 1 295237
-1181819 64 1 62201
-1182127 256 1 40763
-1187764 0 1 296941
-1192808 67108864 1 149101
-1195048 67108864 1 149381
-1197736 67108864 1 149717
-1199764 0 1 299941
-1214243 0 2 491 2473
-1216291 0 2 743 1637
-1218004 0 1 304501
-1219048 67108864 1 152381
-1222115 2 1 244423
-1226963 64 1 64577
-1232131 64 1 64849
-1232867 131072 1 18401
-1233748 0 1 308437
-1233832 67108864 1 154229
-1238099 4096 1 28793
-1238164 0 1 309541
-1246132 0 1 311533
-1246612 0 1 311653
-1247539 0 2 331 3769
-1247843 512 1 40253
-1254248 67108864 1 156781
-1259483 0 2 811 1553
-1263923 0 2 181 6983
-1266484 0 1 316621
-1274627 512 1 41117
-1278223 512 1 41233
-1278952 67108864 1 159869
-1280948 0 1 320237
-1282067 512 1 41357
-1284148 0 1 321037
-1291207 0 2 421 3067
-1298344 67108864 1 162293
-1301315 2 1 260263
-1307092 0 1 326773
-1311731 8388608 1 13523
-1314472 67108864 1 164309
-1314683 0 2 349 3767
-1316027 0 2 277 4751
-1320739 4 1 188677
-1324219 16 1 101863
-1330163 2048 1 32443
-1331899 32 1 78347
-1334867 0 2 487 2741
-1344619 0 2 1087 1237
-1345115 2 1 269023
-1347823 128 1 58601
-1348163 0 2 331 4073
-1349611 0 2 557 2423
-1352788 0 1 338197
-1353076 0 1 338269
-1354219 0 2 577 2347
-1354264 33554432 1 169283
-1355539 0 2 167 8117
-1359923 0 2 149 9127
-1361716 0 1 340429
-1361867 16 1 104759
-1364435 2 1 272887
-1365076 0 1 341269
-1369624 33554432 1 171203
-1378043 512 1 44453
-1379899 0 2 509 2711
-1381787 8 1 125617
-1384771 0 2 1013 1367
-1386019 4096 1 32233
-1386676 0 1 346669
-1393835 2 1 278767
-1396372 0 1 349093
-1396907 32 1 82171
-1401331 0 2 719 1949
-1407316 0 1 351829
-1410827 8 1 128257
-1412611 8388608 1 14563
-1419035 2 1 283807
-1420547 0 2 383 3709
-1424404 0 1 356101
-1425443 0 2 977 1459
-1428019 0 2 389 3671
-1429807 64 1 75253
-1431619 4 1 204517
-1437803 0 2 173 8311
-1439731 128 1 62597
-1440115 2 1 288023
-1442635 2 1 288527
-1445608 67108864 1 180701
-1447651 256 1 49919
-1449172 0 1 362293
-1455976 67108864 1 181997
-1460611 0 2 811 1801
-1469528 33554432 1 183691
-1472027 0 2 937 1571
-1472243 256 1 50767
-1474072 33554432 1 184259
-1475092 0 1 368773
-1479208 67108864 1 184901
-1479668 0 1 369917
-1480852 0 1 370213
-1481908 0 1 370477
-1483348 0 1 370837
-1484131 8 1 134921
-1487656 67108864 1 185957
-1488052 0 1 372013
-1489108 0 1 372277
-1492648 67108864 1 186581
-1495307 8 1 135937
-1500563 64 1 78977
-1501547 512 1 48437
-1503211 128 1 65357
-1518739 1024 1 41047
-1521379 0 2 389 3911
-1521448 67108864 1 190181
-1521844 0 1 380461
-1531291 0 2 151 10141
-1532632 33554432 1 191579
-1537108 0 1 384277
-1537715 2 1 307543
-1544731 0 2 211 7321
-1547059 0 2 859 1801
-1549012 0 1 387253
-1550452 0 1 387613
-1552043 0 2 367 4229
-1555732 0 1 388933
-1559179 0 2 127 12277
-1561624 33554432 1 195203
-1563323 32768 1 26497
-1565843 0 2 131 11953
-1566619 4096 1 36433
-1567091 524288 1 21467
-1569943 0 2 761 2063
-1571315 2 1 314263
-1574147 0 2 673 2339
-1579252 0 1 394813
-1581592 33554432 1 197699
-1584619 64 1 83401
-1584724 0 1 396181
-1588427 16777216 1 15727
-1590388 0 1 397597
-1592116 0 1 398029
-1593451 4096 1 37057
-1594579 4 1 227797
-1599859 0 2 181 8839
-1600948 0 1 400237
-1602331 0 2 443 3617
-1603348 0 1 400837
-1606523 4096 1 37361
-1606888 67108864 1 200861
-1608019 4 1 229717
-1608451 16 1 123727
-1611304 67108864 1 201413
-1612459 0 2 1249 1291
-1612651 512 1 52021
-1613779 0 2 311 5189
-1614484 0 1 403621
-1615384 33554432 1 201923
-1615771 0 2 1091 1481
-1622872 33554432 1 202859
-1629352 67108864 1 203669
-1631272 67108864 1 203909
-1638979 0 2 353 4643
-1640371 0 2 677 2423
-1640867 0 2 877 1871
-1640963 0 2 347 4729
-1641083 65536 1 26903
-1645883 512 1 53093
-1647515 2 1 329503
-1649779 0 2 373 4423
-1662568 67108864 1 207821
-1665652 0 1 416413
-1667603 4 1 238229
-1668712 67108864 1 208589
-1675444 0 1 418861
-1676212 0 1 419053
-1677268 0 1 419317
-1677587 0 2 643 2609
-1680691 0 2 1033 1627
-1683124 0 1 420781
-1685131 4 1 240733
-1685363 32 1 99139
-1687651 4 1 241093
-1692952 33554432 1 211619
-1695796 0 1 423949
-1695811 16 1 130447
-1697128 67108864 1 212141
-1705291 4 1 243613
-1707235 2 1 341447
-1710331 4 1 244333
-1710683 16 1 131591
-1713859 4 1 244837
-1716451 8 1 156041
-1719115 2 1 343823
-1720372 0 1 430093
-1725331 0 2 991 1741
-1727731 0 2 239 7229
-1729171 64 1 91009
-1729907 0 2 199 8693
-1731379 16 1 133183
-1735051 128 1 75437
-1735459 8 1 157769
-1736987 4 1 248141
-1742632 67108864 1 217829
-1745059 0 2 113 15443
-1747187 16 1 134399
-1754363 16 1 134951
-1757428 0 1 439357
-1765099 4 1 252157
-1766068 0 1 441517
-1772392 67108864 1 221549
-1773091 0 2 193 9187
-1781272 33554432 1 222659
-1782091 0 2 571 3121
-1788515 2 1 357703
-1790248 67108864 1 223781
-1791227 0 2 571 3137
-1796888 33554432 1 224611
-1798547 2048 1 43867
-1799963 8 1 163633
-1812628 0 1 453157
-1815451 8 1 165041
-1816603 32 1 106859
-1822403 8 1 165673
-1828699 0 2 1097 1667
-1832867 65536 1 30047
-1833707 0 2 109 16823
-1835203 0 2 887 2069
-1837051 0 2 643 2857
-1838227 32 1 108131
-1841539 4 1 263077
-1842235 2 1 368447
-1850323 0 2 179 10337
-1858072 33554432 1 232259
-1859047 0 2 103 18049
-1860931 0 2 127 14653
-1861291 0 2 283 6577
-1863259 0 2 367 5077
-1867643 64 1 98297
-1882411 4096 1 43777
-1884184 33554432 1 235523
-1890931 4 1 270133
-1892731 4096 1 44017
-1905139 32 1 112067
-1906771 32 1 112163
-1906787 2048 1 46507
-1911019 8 1 173729
-1912171 0 2 349 5479
-1912291 0 2 449 4259
-1912883 4 1 273269
-1915432 67108864 1 239429
-1915507 8 1 174137
-1917268 0 1 479317
-1918324 0 1 479581
-1931611 8 1 175601
-1932451 0 2 227 8513
-1932811 0 2 421 4591
-1933051 1048576 1 24469
-1933528 33554432 1 241691
-1933651 2097152 1 23297
-1934611 4 1 276373
-1937011 8192 1 41213
-1940491 4 1 277213
-1944808 67108864 1 243101
-1955032 33554432 1 244379
-1957891 16 1 150607
-1960579 2048 1 47819
-1965364 0 1 491341
-1970899 4 1 281557
-1972171 0 2 1249 1579
-1977811 8 1 179801
-1978072 33554432 1 247259
-1986091 0 2 131 15161
-1988419 128 1 86453
-1991083 2048 1 48563
-1992019 0 2 107 18617
-1995619 1048576 1 25261
-2002036 0 1 500509
-2003371 2097152 1 24137
-2005171 4 1 286453
-2008579 8388608 1 20707
-2008715 2 1 401743
-2010088 67108864 1 251261
-2011771 0 2 307 6553
-2013835 2 1 402767
-2014888 67108864 1 251861
-2019508 0 1 504877
-2022563 0 2 503 4021
-2026411 262144 1 28541
-2028587 8 1 184417
-2028835 2 1 405767
-2030387 262144 1 28597
-2031499 64 1 106921
-2040979 0 2 1021 1999
-2045272 33554432 1 255659
-2045683 0 2 103 19861
-2052712 67108864 1 256589
-2053283 0 2 787 2609
-2055811 4194304 1 23099
-2057131 0 2 1237 1663
-2057428 0 1 514357
-2057491 64 1 108289
-2071651 0 2 263 7877
-2071915 2 1 414383
-2072152 33554432 1 259019
-2072387 64 1 109073
-2073571 0 2 401 5171
-2080787 128 1 90469
-2085208 33554432 1 260651
-2091715 2 1 418343
-2093428 0 1 523357
-2093963 0 2 311 6733
-2094388 0 1 523597
-2099476 0 1 524869
-2105131 4 1 300733
-2106571 0 2 229 9199
-2107288 33554432 1 263411
-2115635 2 1 423127
-2120059 512 1 68389
-2140891 512 1 69061
-2142292 0 1 535573
-2147476 0 1 536869
-2147515 2 1 429503
-2149651 4 1 307093
-2153131 0 2 167 12893
-2154388 0 1 538597
-2155763 524288 1 29531
-2157928 67108864 1 269741
-2157979 0 2 563 3833
-2158907 0 2 157 13751
-2165123 32768 1 36697
-2167459 4 1 309637
-2172691 2097152 1 26177
-2179987 0 2 151 14437
-2181571 4 1 311653
-2182891 64 1 114889
-2188948 0 1 547237
-2189611 0 2 383 5717
-2191192 33554432 1 273899
-2199448 33554432 1 274931
-2204779 64 1 116041
-2205019 32 1 129707
-2207707 0 2 587 3761
-2212843 0 2 173 12791
-2214739 128 1 96293
-2217979 0 2 1307 1697
-2218939 0 2 521 4259
-2220235 2 1 444047
-2223331 8 1 202121
-2223619 0 2 1097 2027
-2225987 0 2 113 19699
-2229259 256 1 76871
-2233048 33554432 1 279131
-2233432 33554432 1 279179
-2235619 32 1 131507
-2235892 0 1 558973
-2237603 0 2 281 7963
-2239891 64 1 117889
-2240296 67108864 1 280037
-2241268 0 1 560317
-2245108 0 1 561277
-2245939 2048 1 54779
-2246659 256 1 77471
-2250211 0 2 173 13007
-2252515 2 1 450503
-2258392 33554432 1 282299
-2260459 0 2 229 9871
-2261371 4 1 323053
-2267267 0 2 397 5711
-2270779 4 1 324397
-2271988 0 1 567997
-2278219 128 1 99053
-2286868 0 1 571717
-2303899 16 1 177223
-2306419 0 2 739 3121
-2307691 65536 1 37831
-2312803 0 2 239 9677
-2315419 0 2 229 10111
-2316379 16 1 178183
-2316532 0 1 579133
-2324059 0 2 863 2693
-2326915 2 1 465383
-2331827 0 2 499 4673
-2332312 33554432 1 291539
-2346091 8 1 213281
-2356852 0 1 589213
-2360308 0 1 590077
-2362579 0 2 359 6581
-2364328 67108864 1 295541
-2373172 0 1 593293
-2373643 4096 1 55201
-2375131 8 1 215921
-2383387 8388608 1 24571
-2384251 262144 1 33581
-2385268 0 1 596317
-2386819 0 2 103 23173
-2386915 2 1 477383
-2388883 4 1 341269
-2410787 32 1 141811
-2412499 0 2 263 9173
-2412587 16777216 1 23887
-2414003 1048576 1 30557
-2426932 0 1 606733
-2427715 2 1 485543
-2434408 67108864 1 304301
-2436331 0 2 229 10639
-2438452 0 1 609613
-2445931 512 1 78901
-2454083 0 2 419 5857
-2455291 0 2 127 19333
-2455528 67108864 1 306941
-2462347 0 2 1451 1697
-2474971 0 2 293 8447
-2475667 0 2 599 4133
-2477908 0 1 619477
-2479192 33554432 1 309899
-2482699 0 2 227 10937
-2483515 2 1 496703
-2490787 16 1 191599
-2500072 67108864 1 312509
-2503348 0 1 625837
-2503768 33554432 1 312971
-2505931 0 2 1229 2039
-2506648 33554432 1 313331
-2507059 16384 1 47303
-2511892 0 1 627973
-2516392 67108864 1 314549
-2520323 16 1 193871
-2525251 0 2 103 24517
-2527867 4194304 1 28403
-2533459 32 1 149027
-2540987 0 2 1361 1867
-2541172 0 1 635293
-2541259 4 1 363037
-2542939 4 1 363277
-2543572 0 1 635893
-2549992 67108864 1 318749
-2555752 67108864 1 319469
-2556328 67108864 1 319541
-2558971 0 2 227 11273
-2561299 16 1 197023
-2561332 0 1 640333
-2568083 4 1 366869
-2569403 0 2 491 5233
-2570068 0 1 642517
-2571235 2 1 514247
-2571412 0 1 642853
-2573371 0 2 701 3671
-2583115 2 1 516623
-2585059 512 1 83389
-2590228 0 1 647557
-2595403 0 2 1153 2251
-2595811 0 2 241 10771
-2602699 8 1 236609
-2607412 0 1 651853
-2622808 33554432 1 327851
-2627867 8 1 238897
-2628547 4096 1 61129
-2628803 524288 1 36011
-2629411 0 2 673 3907
-2633971 131072 1 39313
-2637035 2 1 527407
-2645515 2 1 529103
-2649019 0 2 1087 2437
-2650723 0 2 683 3881
-2654248 67108864 1 331781
-2655619 0 2 353 7523
-2657539 0 2 157 16927
-2659915 2 1 531983
-2669851 0 2 113 23627
-2674648 33554432 1 334331
-2675299 8 1 243209
-2688232 67108864 1 336029
-2688643 131072 1 40129
-2693179 0 2 761 3539
-2693779 8 1 244889
-2694067 64 1 141793
-2695459 16 1 207343
-2701051 128 1 117437
-2702491 8 1 245681
-2703592 67108864 1 337949
-2710315 2 1 542063
-2711131 0 2 229 11839
-2718347 128 1 118189
-2723611 8 1 247601
-2725315 2 1 545063
-2725843 16384 1 51431
-2725972 0 1 681493
-2728627 8 1 248057
-2736163 0 2 647 4229
-2736859 0 2 523 5233
-2749963 0 2 211 13033
-2750035 2 1 550007
-2759243 0 2 251 10993
-2759923 0 2 257 10739
-2764387 32 1 162611
-2766403 0 2 601 4603
-2777227 128 1 120749
-2783251 1024 1 75223
-2789779 8192 1 59357
-2791603 4096 1 64921
-2793707 4 1 399101
-2812699 0 2 223 12613
-2814232 33554432 1 351779
-2821099 32 1 165947
-2821531 4096 1 65617
-2822203 64 1 148537
-2823571 64 1 148609
-2826547 0 2 229 12343
-2836123 524288 1 38851
-2839963 4 1 405709
-2847947 0 2 359 7933
-2849059 0 2 281 10139
-2854123 64 1 150217
-2858851 512 1 92221
-2859739 0 2 269 10631
-2861611 0 2 193 14827
-2864971 0 2 197 14543
-2865832 67108864 1 358229
-2870467 32 1 168851
-2871307 0 2 1301 2207
-2871859 0 2 491 5849
-2877499 0 2 577 4987
-2877523 8 1 261593
-2883988 0 1 720997
-2884867 128 1 125429
-2885332 0 1 721333
-2887603 32 1 169859
-2888227 32768 1 48953
-2893972 0 1 723493
-2895208 67108864 1 361901
-2896408 33554432 1 362051
-2903851 16777216 1 28751
-2910043 32 1 171179
-2923348 0 1 730837
-2925652 0 1 731413
-2932051 0 2 293 10007
-2934643 262144 1 41333
-2934947 0 2 1409 2083
-2944372 0 1 736093
-2944723 32 1 173219
-2950603 0 2 1319 2237
-2958499 262144 1 41669
-2963899 32 1 174347
-2965012 0 1 741253
-2965051 0 2 1013 2927
-2965339 16 1 228103
-2966971 4 1 423853
-2969515 2 1 593903
-2975803 0 2 257 11579
-2977291 0 2 1439 2069
-2978947 262144 1 41957
-2984323 0 2 839 3557
-2984851 0 2 757 3943
-2994868 0 1 748717
-3005323 0 2 1571 1913
-3008731 8 1 273521
-3015931 0 2 283 10657
-3017659 0 2 281 10739
-3021763 128 1 131381
-3024331 0 2 1093 2767
-3024523 128 1 131501
-3025171 0 2 1367 2213
-3025192 67108864 1 378149
-3040459 0 2 601 5059
-3044539 8388608 1 31387
-3053683 0 2 937 3259
-3059107 16384 1 57719
-3059515 2 1 611903
-3061699 131072 1 45697
-3063283 0 2 563 5441
-3066088 67108864 1 383261
-3067252 0 1 766813
-3068467 0 2 641 4787
-3070627 4 1 438661
-3074611 512 1 99181
-3079435 2 1 615887
-3079528 67108864 1 384941
-3083491 64 1 162289
-3084811 0 2 349 8839
-3087988 0 1 771997
-3090979 512 1 99709
-3098131 32 1 182243
-3100948 0 1 775237
-3102019 2048 1 75659
-3103699 0 2 103 30133
-3107603 2097152 1 37441
-3108328 67108864 1 388541
-3109171 16 1 239167
-3111643 0 2 131 23753
-3113323 0 2 1559 1997
-3116083 32 1 183299
-3121819 0 2 137 22787
-3129883 256 1 107927
-3132952 33554432 1 391619
-3135091 0 2 167 18773
-3136411 0 2 191 16421
-3144563 0 2 379 8297
-3144859 128 1 136733
-3156379 8192 1 67157
-3159163 4 1 451309
-3160939 8388608 1 32587
-3162403 512 1 102013
-3164587 0 2 1129 2803
-3164968 67108864 1 395621
-3165268 0 1 791317
-3168787 8192 1 67421
-3170827 8 1 288257
-3177652 0 1 794413
-3178228 0 1 794557
-3179752 67108864 1 397469
-3183283 0 2 307 10369
-3183547 0 2 1301 2447
-3198763 262144 1 45053
-3204835 2 1 640967
-3207859 0 2 179 17921
-3209731 4 1 458533
-3212659 4096 1 74713
-3215419 0 2 569 5651
-3215803 262144 1 45293
-3217915 2 1 643583
-3223435 2 1 644687
-3223579 0 2 881 3659
-3227668 0 1 806917
-3227779 0 2 653 4943
-3234115 2 1 646823
-3234499 0 2 557 5807
-3235867 65536 1 53047
-3240235 2 1 648047
-3243907 0 2 487 6661
-3249691 0 2 337 9643
-3258259 0 2 467 6977
-3258859 0 2 163 19993
-3264088 33554432 1 408011
-3269179 8192 1 69557
-3269428 0 1 817357
-3269563 8 1 297233
-3276115 2 1 655223
-3279259 0 2 157 20887
-3280723 0 2 599 5477
-3287971 0 2 557 5903
-3288907 0 2 1613 2039
-3290227 0 2 811 4057
-3291892 0 1 822973
-3309187 4 1 472741
-3310099 16 1 254623
-3322883 0 2 103 32261
-3331531 4 1 475933
-3331771 0 2 1303 2557
-3339352 33554432 1 417419
-3340852 0 1 835213
-3342019 0 2 727 4597
-3344347 0 2 571 5857
-3347563 0 2 1291 2593
-3348691 0 2 137 24443
-3352771 0 2 877 3823
-3353128 67108864 1 419141
-3354772 0 1 838693
-3359371 64 1 176809
-3364483 0 2 163 20641
-3367435 2 1 673487
-3370027 0 2 317 10631
-3371971 0 2 683 4937
-3373288 67108864 1 421661
-3373528 33554432 1 421691
-3376552 67108864 1 422069
-3378211 1024 1 91303
-3382411 32768 1 57329
-3382891 0 2 257 13163
-3390115 2 1 678023
-3391252 0 1 847813
-3391291 64 1 178489
-3392107 0 2 271 12517
-3392152 33554432 1 424019
-3398539 256 1 117191
-3406552 33554432 1 425819
-3409147 4 1 487021
-3410827 4 1 487261
-3418915 2 1 683783
-3421963 128 1 148781
-3427288 33554432 1 428411
-3432043 65536 1 56263
-3433651 16 1 264127
-3441427 8 1 312857
-3442507 0 2 863 3989
-3449851 1048576 1 43669
-3451867 32 1 203051
-3455707 0 2 1637 2111
-3458932 0 1 864733
-3460312 33554432 1 432539
-3462115 2 1 692423
-3467947 4 1 495421
-3471067 16777216 1 34367
-3472747 128 1 150989
-3480019 32 1 204707
-3484435 2 1 696887
-3485659 1024 1 94207
-3490915 2 1 698183
-3499771 8 1 318161
-3512371 0 2 227 15473
-3516451 0 2 601 5851
-3524392 67108864 1 440549
-3527347 32 1 207491
-3532411 0 2 1051 3361
-3534235 2 1 706847
-3540115 2 1 708023
-3541435 2 1 708287
-3546328 33554432 1 443291
-3556147 4 1 508021
-3563011 0 2 229 15559
-3569803 0 2 659 5417
-3571579 8 1 324689
-3575188 0 1 893797
-3581011 4 1 511573
-3592315 2 1 718463
-3599668 0 1 899917
-3605587 8388608 1 37171
-3606115 2 1 721223
-3613915 2 1 722783
-3622387 1048576 1 45853
-3627688 67108864 1 453461
-3630379 512 1 117109
-3630427 2048 1 88547
-3632843 0 2 757 4799
-3636715 2 1 727343
-3638611 0 2 1423 2557
-3639427 8 1 330857
-3658987 0 2 191 19157
-3661288 67108864 1 457661
-3663892 0 1 915973
-3681427 0 2 113 32579
-3691123 0 2 859 4297
-3695347 32768 1 62633
-3697123 256 1 127487
-3699859 524288 1 50683
-3701563 32 1 217739
-3709507 32768 1 62873
-3709531 4 1 529933
-3713035 2 1 742607
-3717067 32 1 218651
-3720547 16384 1 70199
-3728488 67108864 1 466061
-3736468 0 1 934117
-3739027 0 2 109 34303
-3740323 32 1 220019
-3746659 4 1 535237
-3747883 64 1 197257
-3751939 0 2 113 33203
-3754603 32 1 220859
-3758419 4 1 536917
-3759523 16777216 1 37223
-3764611 4194304 1 42299
-3772315 2 1 754463
-3777811 1024 1 102103
-3780523 0 2 433 8731
-3787867 2048 1 92387
-3788632 33554432 1 473579
-3797971 524288 1 52027
-3809059 0 2 199 19141
-3811252 0 1 952813
-3812491 0 2 1879 2029
-3821251 4 1 545893
-3828532 0 1 957133
-3829003 0 2 1889 2027
-3831139 16 1 294703
-3833299 0 2 113 33923
-3833563 0 2 709 5407
-3836323 256 1 132287
-3838915 2 1 767783
-3847003 128 1 167261
-3858451 0 2 457 8443
-3862552 33554432 1 482819
-3873523 0 2 449 8627
-3893131 8 1 353921
-3893587 32768 1 65993
-3895651 0 2 853 4567
-3897163 0 2 313 12451
-3901459 0 2 1873 2083
-3905827 0 2 1019 3833
-3909643 32 1 229979
-3915715 2 1 783143
-3916123 0 2 853 4591
-3918403 4194304 1 44027
-3929179 8388608 1 40507
-3929515 2 1 785903
-3944788 0 1 986197
-3953251 256 1 136319
-3961588 0 1 990397
-3968683 0 2 1093 3631
-3975067 128 1 172829
-3982507 65536 1 65287
-3997867 8192 1 85061
-3998611 65536 1 65551
-4003027 4 1 571861
-4008547 0 2 149 26903
-4017163 0 2 523 7681
-4020619 32 1 236507
-4022347 4 1 574621
-4024651 0 2 311 12941
-4032715 2 1 806543
-4033363 0 2 139 29017
-4042867 0 2 257 15731
-4045528 33554432 1 505691
-4058203 0 2 821 4943
-4059643 4 1 579949
-4068019 0 2 239 17021
-4070851 1024 1 110023
-4071547 0 2 191 21317
-4074715 2 1 814943
-4077715 2 1 815543
-4082443 0 2 1439 2837
-4082683 8 1 371153
-4082803 0 2 113 36131
-4085131 0 2 229 17839
-4085203 0 2 137 29819
-4090612 0 1 1022653
-4094872 33554432 1 511859
-4098451 4 1 585493
-4102027 128 1 178349
-4107043 0 2 521 7883
-4108427 64 1 216233
-4111915 2 1 822383
-4118899 256 1 142031
-4120843 0 2 853 4831
-4127299 8 1 375209
-4133035 2 1 826607
-4139851 0 2 709 5839
-4155691 0 2 421 9871
-4159123 0 2 127 32749
-4162915 2 1 832583
-4162987 0 2 331 12577
-4164568 33554432 1 520571
-4165027 0 2 433 9619
-4166587 0 2 571 7297
-4168168 67108864 1 521021
-4169419 1024 1 112687
-4174747 1024 1 112831
-4177699 32 1 245747
-4179523 0 2 727 5749
-4181107 4 1 597301
-4183483 0 2 139 30097
-4195459 256 1 144671
-4200763 4 1 600109
-4203403 32 1 247259
-4216987 0 2 433 9739
-4223443 4 1 603349
-4231819 8388608 1 43627
-4242088 67108864 1 530261
-4245928 67108864 1 530741
-4248547 0 2 1217 3491
-4250683 0 2 449 9467
-4253635 2 1 850727
-4267099 1024 1 115327
-4271083 0 2 257 16619
-4280488 67108864 1 535061
-4284571 0 2 431 9941
-4292299 8 1 390209
-4292971 0 2 269 15959
-4294243 0 2 569 7547
-4309987 8 1 391817
-4312483 4 1 616069
-4313083 256 1 148727
-4313203 0 2 283 15241
-4316008 67108864 1 539501
-4322107 4194304 1 48563
-4324072 67108864 1 540509
-4331867 64 1 227993
-4333771 16 1 333367
-4345507 0 2 167 26021
-4345747 4 1 620821
-4354723 0 2 743 5861
-4362499 256 1 150431
-4362883 4 1 623269
-4366003 262144 1 61493
-4370179 8 1 397289
-4382347 0 2 367 11941
-4395931 0 2 1873 2347
-4396891 0 2 223 19717
-4408963 16 1 339151
-4409683 4194304 1 49547
-4411123 1048576 1 55837
-4421107 0 2 307 14401
-4426603 128 1 192461
-4430035 2 1 886007
-4431211 0 2 211 21001
-4439827 4 1 634261
-4440307 0 2 137 32411
-4446619 0 2 173 25703
-4447243 32768 1 75377
-4452715 2 1 890543
-4454635 2 1 890927
-4466587 0 2 179 24953
-4467163 0 2 1933 2311
-4468291 256 1 154079
-4469515 2 1 893903
-4474747 64 1 235513
-4475608 33554432 1 559451
-4477147 0 2 1231 3637
-4480483 4 1 640069
-4492243 4 1 641749
-4493227 0 2 223 20149
-4498435 2 1 899687
-4499035 2 1 899807
-4499083 0 2 569 7907
-4501867 8388608 1 46411
-4512163 128 1 196181
-4523635 2 1 904727
-4534723 2048 1 110603
-4538515 2 1 907703
-4553011 128 1 197957
-4555747 4 1 650821
-4565323 4 1 652189
-4570483 262144 1 64373
-4576603 16384 1 86351
-4576723 32 1 269219
-4580203 0 2 1697 2699
-4580947 4 1 654421
-4581091 4096 1 106537
-4584067 32 1 269651
-4586899 0 2 103 44533
-4587907 512 1 147997
-4592872 67108864 1 574109
-4599523 0 2 647 7109
-4606483 4 1 658069
-4608067 0 2 151 30517
-4614907 8 1 419537
-4617523 32 1 271619
-4618651 0 2 251 18401
-4626187 0 2 151 30637
-4632043 16 1 356311
-4634467 0 2 1871 2477
-4635067 32 1 272651
-4636747 1048576 1 58693
-4639603 0 2 389 11927
-4646515 2 1 929303
-4648267 16 1 357559
-4650451 16 1 357727
-4655011 0 2 353 13187
-4659163 0 2 499 9337
-4661035 2 1 932207
-4661563 512 1 150373
-4669603 0 2 653 7151
-4682899 16 1 360223
-4695832 33554432 1 586979
-4729411 0 2 1093 4327
-4731115 2 1 946223
-4732072 67108864 1 591509
-4734115 2 1 946823
-4746427 4 1 678061
-4757107 2048 1 116027
-4758667 0 2 401 11867
-4781515 2 1 956303
-4786363 256 1 165047
-4795915 2 1 959183
-4807723 0 2 479 10037
-4813972 0 1 1203493
-4829083 4 1 689869
-4832323 128 1 210101
-4835227 32768 1 81953
-4838632 67108864 1 604829
-4839115 2 1 967823
-4842547 0 2 727 6661
-4851235 2 1 970247
-4860187 0 2 197 24671
-4864723 1024 1 131479
-4866712 33554432 1 608339
-4885003 0 2 1409 3467
-4888747 0 2 313 15619
-4889635 2 1 977927
-4900867 0 2 1301 3767
-4901923 16 1 377071
-4905307 8 1 445937
-4906315 2 1 981263
-4908115 2 1 981623
-4916788 0 1 1229197
-4953187 0 2 281 17627
-4954123 32 1 291419
-4954603 65536 1 81223
-4984435 2 1 996887
-4990867 4 1 712981
-5014627 65536 1 82207
-5021515 2 1 1004303
-5028883 0 2 331 15193
-5031283 0 2 149 33767
-5034643 0 2 769 6547
-5036467 0 2 443 11369
-5044363 131072 1 75289
-5045035 2 1 1009007
-5053147 8 1 459377
-5056723 4 1 722389
-5071867 0 2 2161 2347
-5077339 32 1 298667
-5077603 0 2 937 5419
-5079187 0 2 151 33637
-5091235 2 1 1018247
-5098459 0 2 571 8929
-5101219 4096 1 118633
-5114107 0 2 313 16339
-5130403 128 1 223061
-5132779 0 2 431 11909
-5135299 16 1 395023
-5145427 4 1 735061
-5151427 0 2 857 6011
-5152723 2097152 1 62081
-5152867 0 2 149 34583
-5159347 32 1 303491
-5162035 2 1 1032407
-5162683 2097152 1 62201
-5176147 0 2 1607 3221
-5187043 0 2 241 21523
-5190787 4 1 741541
-5221435 2 1 1044287
-5227699 0 2 107 48857
-5234803 4 1 747829
-5237299 2048 1 127739
-5239123 0 2 251 20873
-5239147 128 1 227789
-5248267 0 2 1451 3617
-5249227 1024 1 141871
-5256091 0 2 811 6481
-5264803 0 2 587 8969
-5269987 0 2 1061 4967
-5278627 2048 1 128747
-5280283 0 2 1093 4831
-5288563 4 1 755509
-5312203 16 1 408631
-5312707 0 2 1381 3847
-5323915 2 1 1064783
-5334427 4 1 762061
-5350123 256 1 184487
-5356363 2048 1 130643
-5367283 0 2 617 8699
-5370283 32 1 315899
-5371627 128 1 233549
-5378923 8 1 488993
-5384347 0 2 107 50321
-5388331 16 1 414487
-5394883 16 1 414991
-5399347 0 2 1031 5237
-5403763 0 2 769 7027
-5403883 0 2 1877 2879
-5408923 16 1 416071
-5433019 0 2 613 8863
-5437027 32768 1 92153
-5440243 0 2 691 7873
-5446747 0 2 191 28517
-5449483 16 1 419191
-5461003 8388608 1 56299
-5469115 2 1 1093823
-5470243 32 1 321779
-5473267 512 1 176557
-5485027 0 2 1229 4463
-5492947 0 2 971 5657
-5505067 65536 1 90247
-5505283 4 1 786469
-5511067 0 2 467 11801
-5518483 0 2 1433 3851
-5518963 0 2 401 13763
-5523907 0 2 163 33889
-5528803 4 1 789829
-5530435 2 1 1106087
-5533003 4 1 790429
-5534083 0 2 241 22963
-5539147 0 2 113 49019
-5540467 0 2 727 7621
-5548363 0 2 137 40499
-5548915 2 1 1109783
-5554987 0 2 293 18959
-5573443 0 2 409 13627
-5573467 32 1 327851
-5603683 0 2 283 19801
-5613427 0 2 1151 4877
-5617588 0 1 1404397
-5627563 0 2 337 16699
-5629171 0 2 1987 2833
-5641747 256 1 194543
-5645803 0 2 383 14741
-5646139 0 2 1487 3797
-5646232 33554432 1 705779
-5646523 128 1 245501
-5648227 16 1 434479
-5655307 4 1 807901
-5679763 0 2 173 32831
-5680579 32768 1 96281
-5710747 4 1 815821
-5713003 32 1 336059
-5717443 0 2 229 24967
-5731507 0 2 151 37957
-5734843 128 1 249341
-5740963 0 2 1693 3391
-5750803 0 2 163 35281
-5753083 4 1 821869
-5762827 4 1 823261
-5763307 8 1 523937
-5765923 16384 1 108791
-5771539 0 2 1117 5167
-5777011 0 2 241 23971
-5778187 0 2 163 35449
-5778547 0 2 2099 2753
-5779963 4 1 825709
-5782051 8 1 525641
-5783611 0 2 677 8543
-5797915 2 1 1159583
-5802307 4 1 828901
-5811763 0 2 239 24317
-5832907 4096 1 135649
-5834347 0 2 131 44537
-5836387 0 2 191 30557
-5840587 32768 1 98993
-5852323 64 1 308017
-5857723 0 2 2029 2887
-5863363 8 1 533033
-5875147 0 2 127 46261
-5892667 8 1 535697
-5899315 2 1 1179863
-5904088 33554432 1 738011
-5921323 0 2 1613 3671
-5922547 64 1 311713
-5931187 0 2 1433 4139
-5934952 67108864 1 741869
-5943403 0 2 2417 2459
-5952067 8 1 541097
-5956372 0 1 1489093
-5966827 4194304 1 67043
-5971387 0 2 1153 5179
-5985835 2 1 1197167
-5988712 67108864 1 748589
-5992723 8 1 544793
-6004267 0 2 853 7039
