-671 65544 0
-815 2 0
-1007 16448 0
-1175 8194 0
-1431 16385 0
-1844 0 0
-2036 0 0
-2071 64 0
-2096 67108864 0
-2151 1 1 239
-2191 4 0
-2264 201326592 0
-2303 8196 0
-2319 1 0
-2444 8208 0
-2540 2 0
-2575 2 1 103
-2599 128 0
-2684 65544 0
-2708 0 0
-2727 16777217 0
-2796 1 0
-2864 67108864 0
-3116 2112 0
-3175 2 1 127
-3188 0 0
-3212 524296 0
-3223 8 0
-3260 2 0
-3284 0 0
-3375 3 0
-3404 1152 0
-3439 64 0
-3500 6 0
-3632 67108864 0
-3692 262160 0
-3807 8193 0
-3824 67108864 0
-3991 16 0
-4028 16448 0
-4087 196608 0
-4276 0 0
-4375 6 0
-4460 2 0
-4696 201326592 0
-4700 8194 0
-4716 1 1 131
-4835 2 0
-4859 4096 0
-4979 16 0
-5000 100663298 0
-5047 4 1 103
-5552 67108864 0
-5579 4 0
-5675 2 1 227
-5724 16385 0
-5912 201326592 0
-6107 512 0
-6291 1 1 233
-6419 4 1 131
-6444 1 1 179
-6459 1 0
-6463 128 0
-6488 201326592 0
-6535 2 0
-6572 16896 0
-6635 2 0
-6728 100663552 0
-6828 1 0
-7024 67108864 0
-7087 64 0
-7088 67108864 0
-7115 2 0
-7116 1 0
-7276 32 0
-7303 131072 0
-7340 2 0
-7500 3 0
-7564 66048 0
-7576 201326592 0
-7692 1 0
-7835 2 0
-7971 1 0
-8172 1 1 227
-8259 1 0
-8267 4 0
-8284 64 0
-8367 1 0
-8368 67108864 0
-8483 32 0
-8604 1 1 239
-8675 2 1 347
-8739 1 1 971
-8764 4 0
-8948 0 0
-9019 256 0
-9076 0 0
-9136 67108864 0
-9196 72 0
-9212 8196 0
-9251 264 0
-9276 1 0
-9364 0 0
-9411 1 0
-9452 32 0
-9899 64 0
-9904 67108864 0
-10019 4096 0
-10043 2097160 0
-10072 201326592 0
-10092 257 0
-10300 2 1 103
-10396 128 0
-10403 16777216 0
-10571 520 0
-10572 1 0
-10611 1 1 131
-10763 8192 0
-10908 16777217 0
-10928 67108864 0
-11056 67108864 0
-11075 2 1 443
-11123 4 1 227
-11291 4 0
-11331 1 1 1259
-11371 2097152 0
-11500 130 0
-11532 513 0
-11596 16 0
-11611 32 0
-11771 1048576 0
-11824 67108864 0
-11899 524288 0
-11944 100663296 0
-12003 1 0
-12016 67108864 0
-12219 1 0
-12244 0 0
-12364 8 0
-12436 0 0
-12492 1 1 347
-12556 528384 0
-12568 201326592 0
-12588 1 0
-12592 67108864 0
-12700 2 1 127
-12843 1 1 1427
-12875 2 1 103
-12892 8 0
-12947 8 1 107
-13067 524288 0
-13075 2 1 523
-13096 100663296 0
-13164 1 0
-13336 201326592 0
-13371 1 0
-13379 32 0
-13423 512 0
-13443 1 0
-13500 3 0
-13643 4 0
-13756 64 0
-13771 8192 0
-13876 0 0
-13891 256 0
-13924 32768 0
-14068 0 0
-14267 8 0
-14499 1 1 179
-14540 2 0
-14571 1 1 1619
-14668 64 0
-14732 256 0
-14884 65536 0
-14899 8192 0
-14971 8 0
-15152 67108864 0
-15228 8193 0
-15244 1024 0
-15363 1 1 569
-15436 32 0
-15508 0 0
-15891 1 0
-15948 1 1 443
-15964 16 0
-15976 100663296 0
-15979 320 0
-16011 1 1 593
-16024 201326592 0
-16099 32 0
-16323 1 0
-16332 1 0
-16348 196608 0
-16403 8192 0
-16552 100663296 0
-16816 67108864 0
-16819 8 1 139
-16875 3 0
-16908 1 0
-17075 2 1 683
-17307 1 1 641
-17428 0 0
-17500 6 0
-17691 1 0
-17740 2 0
-17968 67108864 0
-18091 1048576 0
-18107 64 0
-18316 64 0
-18331 128 0
-18387 1 1 227
-18508 4 0
-18635 2 0
-18739 4 0
-19156 0 0
-19252 0 0
-19339 2097152 0
-19636 0 0
-19660 2 0
-19675 2 1 787
-19771 32 0
-20179 32 0
-20187 1 1 2243
-20188 4 1 103
-20248 201326592 0
-20283 1 0
-20371 16 0
-20419 4 0
-20524 4 0
-20652 1 0
-20779 8 0
-20812 4104 0
-20875 2 1 167
-20971 131072 0
-21003 1 0
-21232 67108864 0
-21592 201326592 0
-21748 0 0
-22060 2 0
-22411 524288 0
-22427 2048 0
-22444 512 0
-22612 0 0
-22667 64 0
-22668 1 0
-22696 100663296 0
-22707 257 0
-22915 2 0
-23179 16 0
-23212 4 0
-23363 65536 0
-23500 8194 0
-23675 2 1 947
-23704 201326592 0
-23707 0 1 151
-23763 4194305 0
-23787 1 1 881
-23803 16 0
-23811 1 0
-24088 201326592 0
-24291 1 1 2699
-24347 8388608 0
-24460 2 0
-24588 1 1 683
-24707 512 0
-24835 2 0
-24883 0 1 149
-25036 8 0
-25072 67108864 0
-25483 32 0
-25531 8 1 211
-25587 1 1 2843
-25612 64 0
-25627 4 1 523
-25768 100663296 0
-25827 1 0
-25852 128 0
-25947 513 0
-26140 2 0
-26563 16777216 0
-26668 32768 0
-26875 4098 0
-27112 100663296 0
-27227 64 0
-27403 131072 0
-27568 67108864 0
-27627 1 0
-27688 100663296 0
-27843 1 0
-27952 67108864 0
-28075 2 1 1123
-28107 1 1 347
-28323 1 1 1049
-28348 64 0
-28492 32 0
-28563 1 0
-28648 100663296 0
-29011 131072 0
-29067 1 0
-29083 0 1 127
-29212 131072 0
-29452 1024 0
-29548 6291456 0
-29619 1 1 1097
-29740 2 0
-29787 1 0
-29872 67108864 0
-29908 0 0
-29932 4 0
-30331 4 1 619
-30508 256 0
-30715 2 0
-31411 16777216 0
-31803 1 0
-32107 8388608 0
-32212 0 0
-32419 32 0
-32875 2 1 263
-32908 64 0
-33043 0 1 173
-33468 1 0
-33832 100663296 0
-33859 4 1 691
-34092 1 1 947
-34227 1 1 3803
-34243 8 1 283
-34315 2 0
-34411 16 0
-34467 1 0
-34708 0 0
-34792 100663296 0
-34915 2 0
-35179 0 1 127
-35248 67108864 0
-35515 2 0
-35635 2 0
-35788 128 0
-35883 1 1 443
-36052 0 0
-36163 4352 0
-36619 8 0
-36747 1 1 1361
-37147 8 1 307
-37228 2048 0
-37459 8192 0
-37552 67108864 0
-38043 1 1 1409
-38515 2 0
-38539 32 0
-38563 4 1 787
-38587 8192 0
-39523 8 0
-39907 4 0
-40003 0 1 109
-40588 524288 0
-40891 0 1 103
-41163 1 0
-41323 4608 0
-41803 32 0
-41875 131074 0
-41932 8 0
-42235 2 0
-42352 67108864 0
-42715 2 0
-42928 67108864 0
-42963 1 0
-43075 2 1 1723
-43123 256 0
-43675 2 1 1747
-43828 0 0
-43843 32 0
-43915 2 0
-44323 0 1 127
-44907 1 0
-45027 1 1 5003
-45043 512 0
-46467 1 1 1721
-46675 2 1 1867
-46923 1 0
-46963 4 0
-47227 2097152 0
-47347 0 1 113
-47611 8192 0
-47875 2 1 383
-48003 1 0
-48043 0 1 107
-48379 16777216 0
-48643 4 0
-48715 2 0
-49435 2 0
-49443 1 0
-49483 4 0
-50152 100663296 0
-50443 524288 0
-50667 1 0
-51003 1 1 1889
-51571 16 0
-51811 0 1 197
-52723 8 0
-52843 4 0
-52987 8 0
-53035 2 0
-53467 0 1 127
-53692 512 0
-53883 1 1 5987
-54883 262144 0
-55027 4 1 1123
-55075 2 1 2203
-55323 1 1 683
-55372 0 1 109
-57003 1 0
-57688 201326592 0
-58675 2 1 2347
-59683 16 0
-60283 128 0
-60307 16 0
-60747 1 0
-61315 2 0
-62043 1 0
-62875 2 1 503
-63163 2097152 0
-64003 256 0
-64563 1 0
-64843 65536 0
-64915 2 0
-65083 1024 0
-66187 8 1 547
-66907 128 0
-67075 2 1 2683
-67147 2097152 0
-67243 8 0
-67267 0 1 137
-67747 1024 0
-67923 1 1 7547
-68203 0 1 241
-69883 8 0
-70107 1 0
-70723 0 1 197
-70987 4 0
-71635 2 0
-72067 64 0
-73003 4 0
-73987 0 1 241
-74947 0 1 149
-75067 0 1 271
-75667 32 0
-76267 16384 0
-76707 1 1 947
-78747 1 0
-79003 0 1 199
-80203 0 1 139
-80875 2 1 647
-81643 64 0
-82027 8 0
-82747 4 0
-84403 8 0
-85915 2 0
-87067 2097152 0
-88267 65536 0
-88603 0 1 251
-89035 2 0
-91483 4 1 1867
-96427 0 1 211
-97267 128 0
-100963 32 0
-101875 2 1 163
-104203 8 0
-107947 4 1 2203
-121003 128 0
-125227 8388608 0
-131107 4096 0
-134467 8192 0
-137083 256 1 163
