-40031
-41879
-47711
-52391
-72671
-78623
-90887
-106751
-110183
-116663
-125551
-139999
-156887
-174143
-177511
-180623
-185903
-195407
-203039
-225871
-245719
-246011
-264991
-278459
-281959
-301039
-301471
-324847
-333503
-354391
-366103
-385471
-401287
-409327
-409499
-432539
-442571
-450343
-464939
-470219
-471607
-481211
-500167
-510199
-516223
-516247
-520111
-521051
-535303
-552899
-560771
-568807
-596503
-605887
-617339
-620051
-621227
-621371
-623699
-657947
-688543
-707939
-721351
-757067
-772139
-794383
-822131
-828007
-834611
-847543
-859667
-863123
-865859
-885823
-887651
-891223
-900443
-915223
-923743
-935507
-955091
-964939
-984703
-1006547
-1024579
-1031483
-1059059
-1066811
-1074847
-1088723
-1139843
-1149803
-1151603
-1153099
-1158007
-1159187
-1169027
-1169747
-1181507
-1191979
-1193767
-1224203
-1236803
-1244987
-1270667
-1274899
-1280267
-1282427
-1285891
-1312567
-1325627
-1340047
-1344947
-1347487
-1364771
-1410683
-1411043
-1414207
-1417459
-1426291
-1440707
-1459771
-1504579
-1524707
-1525787
-1591787
-1593607
-1602347
-1608083
-1620467
-1643867
-1646971
-1649003
-1658147
-1664867
-1678531
-1692499
-1717099
-1726327
-1726651
-1748723
-1763611
-1769851
-1780307
-1808003
-1825163
-1852579
-1887211
-1907123
-1918067
-1954819
-1959739
-1965923
-1983227
-1990643
-2001067
-2024843
-2041051
-2085227
-2097803
-2142083
-2144419
-2154811
-2180251
-2180371
-2190203
-2195867
-2199739
-2199803
-2200771
-2221771
-2242651
-2257579
-2310211
-2311363
-2353027
-2356891
-2366123
-2366731
-2367347
-2400163
-2411963
-2465059
-2482411
-2519003
-2569027
-2606011
-2621611
-2629483
-2654387
-2668123
-2674043
-2734099
-2744611
-2756563
-2757163
-2801299
-2804203
-2810827
-2811379
-2842291
-2851171
-2851643
-2855467
-2861059
-2868043
-2907347
-2912779
-2973931
-2978419
-2992123
-3028507
-3082171
-3093931
-3133987
-3183883
-3199883
-3205627
-3206083
-3217003
-3241867
-3244291
-3245131
-3245947
-3263059
-3304243
-3319219
-3339283
-3378923
-3393883
-3396403
-3399859
-3412403
-3428027
-3428251
-3468307
-3471931
-3478243
-3480643
-3495043
-3496291
-3499099
-3507211
-3516187
-3519067
-3528331
-3535907
-3615259
-3616147
-3628483
-3664763
-3673651
-3682891
-3683107
-3690499
-3740083
-3761731
-3796003
-3820363
-3893059
-3937291
-3977059
-3979147
-3986539
-3991051
-3996067
-4000747
-4034827
-4072531
-4106419
-4114603
-4118467
-4119307
-4149427
-4160347
-4182163
-4186579
-4193963
-4228843
-4242283
-4243219
-4251523
-4281019
-4300291
-4335619
-4336483
-4358203
-4373683
-4444483
-4446643
-4518859
-4524931
-4557571
-4560667
-4627387
-4644667
-4644883
-4664419
-4668211
-4708747
-4730251
-4730923
-4756459
-4757491
-4766803
-4795963
-4797739
-4877347
-4910371
-4916707
-4960147
-5018539
-5027059
-5045827
-5049883
-5080123
-5083219
-5108539
-5159827
-5183707
-5230963
-5237731
-5240227
-5363131
-5370163
-5407387
-5408467
-5445787
-5478043
-5497243
-5513203
-5523499
-5558947
-5571091
-5641123
-5686843
-5694763
-5695747
-5697451
-5721523
-5728627
-5734507
-5794483
-5837803
-5838907
-5849323
-5865403
-5955139
-5958163
-5960707
-5990203
-5997163
-6022171
