-42719
-65951
-105863
-110543
-114671
-120511
-134087
-143999
-144407
-152567
-163351
-164239
-165287
-171047
-172127
-192271
-202231
-204679
-229711
-245911
-261799
-267887
-269023
-277223
-281167
-287047
-287383
-291271
-295259
-315407
-340903
-352691
-357727
-396199
-406859
-430811
-442139
-443771
-446863
-449411
-457091
-465299
-468011
-485383
-502591
-506171
-508091
-511691
-545579
-547471
-548291
-553643
-592019
-603607
-624727
-633487
-658447
-673567
-682259
-689383
-701291
-708343
-709139
-719267
-732943
-770771
-780343
-802667
-811163
-811667
-818287
-824699
-837059
-845863
-859447
-865687
-867007
-870323
-901907
-925619
-927491
-942943
-999007
-1011947
-1025267
-1026947
-1034167
-1102259
-1103779
-1107347
-1112747
-1124147
-1135327
-1139387
-1175651
-1185827
-1195811
-1226483
-1252411
-1276763
-1287059
-1289851
-1297771
-1307051
-1316971
-1323967
-1331647
-1337971
-1354307
-1381451
-1389107
-1400387
-1408523
-1417523
-1426907
-1436363
-1437467
-1443059
-1466459
-1470659
-1491587
-1520251
-1559491
-1607371
-1627403
-1666531
-1668083
-1668467
-1675411
-1682843
-1711459
-1715723
-1758019
-1760747
-1775747
-1777411
-1780579
-1820123
-1821139
-1853723
-1861747
-1865659
-1898539
-1903459
-1907483
-1925243
-1964899
-1979251
-1981523
-1995947
-1996459
-2020883
-2051251
-2080699
-2091347
-2101219
-2119699
-2177363
-2191459
-2206123
-2232907
-2254411
-2255419
-2273827
-2275771
-2276179
-2282963
-2283571
-2283803
-2304691
-2314051
-2314187
-2318059
-2334139
-2361091
-2383763
-2384971
-2392163
-2404771
-2413427
-2430811
-2453419
-2500523
-2529707
-2543323
-2555227
-2574587
-2581171
-2587147
-2589563
-2635819
-2639491
-2641459
-2671819
-2689171
-2701883
-2724499
-2726491
-2736067
-2737219
-2765731
-2812643
-2812819
-2832211
-2833291
-2847259
-2855683
-2857219
-2891011
-2903419
-2946859
-2964547
-2985739
-2990131
-2995171
-3011083
-3020827
-3038179
-3043267
-3095899
-3122299
-3141139
-3152467
-3172243
-3197419
-3231259
-3265459
-3297739
-3300019
-3346507
-3354739
-3410347
-3482627
-3489931
-3494443
-3505267
-3515203
-3516923
-3533539
-3560747
-3565747
-3612883
-3617347
-3633907
-3641083
-3641851
-3679387
-3708883
-3710827
-3735547
-3747979
-3795067
-3805531
-3880603
-3893899
-3894859
-3916411
-3960499
-4015147
-4017067
-4027291
-4036387
-4058251
-4064971
-4074043
-4196923
-4221307
-4257067
-4348411
-4362451
-4374907
-4389379
-4432963
-4494067
-4528219
-4556347
-4560691
-4572523
-4574467
-4612483
-4635907
-4642387
-4645411
-4656187
-4676827
-4702267
-4702723
-4732027
-4737283
-4750003
-4765867
-4813027
-4830043
-4838683
-4848763
-4852411
-4868467
-4880059
-4907107
-4916803
-4935331
-4943707
-4957483
-4966579
-4988131
-5022691
-5024587
-5057467
-5071267
-5080267
-5087227
-5102443
-5116987
-5130163
-5136667
-5157403
-5157787
-5175571
-5182171
-5182699
-5184139
-5224603
-5236123
-5253643
-5321443
-5323243
-5327323
-5340523
-5347123
-5388763
-5422939
-5446291
-5455867
-5457547
-5512627
-5528779
-5542723
-5543107
-5549251
-5556907
-5598163
-5615347
-5649067
-5675563
-5754643
-5761507
-5776123
-5803891
-5827603
-5840083
-5896243
-5901163
-6006547
