-51959 0 2 223 233
-57671 16777216 1 571
-78503 256 1 2707
-81815 2 1 16363
-98447 32 1 5791
-100991 8 1 9181
-103487 0 2 239 433
-106127 4 1 15161
-111047 0 2 293 379
-117743 64 1 6197
-119927 4096 1 2789
-138119 32768 1 2341
-152071 0 2 241 631
-155567 32 1 9151
-156056 33554432 1 19507
-172703 32 1 10159
-173071 64 1 9109
-174151 0 2 349 499
-182311 512 1 5881
-188063 65536 1 3083
-193007 0 2 257 751
-199135 2 1 39827
-200276 0 1 50069
-212456 67108864 1 26557
-220436 0 1 55109
-225679 0 2 127 1777
-229831 4 1 32833
-230687 0 2 197 1171
-238783 524288 1 3271
-242815 2 1 48563
-246056 67108864 1 30757
-247471 4 1 35353
-266311 0 2 251 1061
-266335 2 1 53267
-272735 2 1 54547
-275252 0 1 68813
-280424 67108864 1 35053
-280615 2 1 56123
-288407 4 1 41201
-289076 0 1 72269
-289879 0 2 227 1277
-292052 0 1 73013
-298703 0 2 281 1063
-309044 0 1 77261
-309751 16 1 23827
-310859 64 1 16361
-314671 4 1 44953
-318632 67108864 1 39829
-327092 0 1 81773
-328231 0 2 383 857
-329119 4 1 47017
-330079 262144 1 4649
-335927 65536 1 5507
-337783 0 2 149 2267
-338939 524288 1 4643
-341567 524288 1 4679
-341807 4096 1 7949
-344503 512 1 11113
-358519 4 1 51217
-362647 0 2 193 1879
-363511 32 1 21383
-363943 0 2 353 1031
-365191 0 2 107 3413
-366991 2048 1 8951
-374936 33554432 1 46867
-382388 0 1 95597
-383335 2 1 76667
-390872 33554432 1 48859
-393647 4194304 1 4423
-401935 2 1 80387
-403639 0 2 167 2417
-404863 0 2 251 1613
-413671 0 2 499 829
-416084 0 1 104021
-416699 262144 1 5869
-416939 0 2 293 1423
-418388 0 1 104597
-420131 16384 1 7927
-420943 0 2 509 827
-426607 64 1 22453
-434836 0 1 108709
-436927 0 2 601 727
-438343 8388608 1 4519
-453967 64 1 23893
-457811 131072 1 6833
-463412 0 1 115853
-468631 0 2 211 2221
-476888 33554432 1 59611
-477272 33554432 1 59659
-477784 33554432 1 59723
-482219 0 2 127 3797
-494239 0 2 509 971
-507247 16 1 39019
-507992 33554432 1 63499
-509191 0 2 349 1459
-509771 0 2 709 719
-510184 67108864 1 63773
-513179 32 1 30187
-515048 67108864 1 64381
-515911 8 1 46901
-522583 128 1 22721
-524504 33554432 1 65563
-527167 1048576 1 6673
-531511 131072 1 7933
-534164 0 1 133541
-535331 0 2 257 2083
-535615 2 1 107123
-539411 0 2 103 5237
-539432 67108864 1 67429
-541567 16 1 41659
-542047 8 1 49277
-545051 16 1 41927
-547807 16 1 42139
-548431 16 1 42187
-549679 16 1 42283
-552872 67108864 1 69109
-553663 8 1 50333
-556927 4 1 79561
-558323 0 2 347 1609
-563891 128 1 24517
-563935 2 1 112787
-565331 16 1 43487
-566815 2 1 113363
-570932 0 1 142733
-574516 0 1 143629
-576847 0 2 181 3187
-578387 2048 1 14107
-579419 0 2 727 797
-580532 0 1 145133
-582196 0 1 145549
-585419 128 1 25453
-586472 67108864 1 73309
-588376 33554432 1 73547
-590644 0 1 147661
-591587 0 2 233 2539
-598376 67108864 1 74797
-599887 64 1 31573
-600223 16 1 46171
-602356 0 1 150589
-603347 32 1 35491
-607567 0 2 467 1301
-608263 0 2 487 1249
-611315 2 1 122263
-611935 2 1 122387
-616739 0 2 191 3229
-620651 512 1 20021
-625211 256 1 21559
-639199 8 1 58109
-642967 16 1 49459
-643015 2 1 128603
-645707 0 2 103 6269
-646232 33554432 1 80779
-649447 0 2 227 2861
-651131 16 1 50087
-651368 67108864 1 81421
-651611 0 2 743 877
-652235 2 1 130447
-653483 0 2 673 971
-654068 0 1 163517
-655115 2 1 131023
-656536 33554432 1 82067
-660392 67108864 1 82549
-662623 16 1 50971
-668884 0 1 167221
-671464 67108864 1 83933
-673763 0 2 193 3491
-681779 4 1 97397
-686507 0 2 137 5011
-704263 4 1 100609
-713704 67108864 1 89213
-713887 64 1 37573
-716651 16 1 55127
-721787 8 1 65617
-725315 2 1 145063
-730472 67108864 1 91309
-732947 0 2 139 5273
-733259 0 2 397 1847
-738664 67108864 1 92333
-745112 33554432 1 93139
-751451 32 1 44203
-757451 256 1 26119
-759604 0 1 189901
-761339 0 2 587 1297
-764767 0 2 269 2843
-766952 67108864 1 95869
-775303 2097152 1 9341
-776404 0 1 194101
-777323 65536 1 12743
-778783 0 2 103 7561
-782623 256 1 26987
-782651 16384 1 14767
-791828 0 1 197957
-797339 0 2 359 2221
-797492 0 1 199373
-797672 67108864 1 99709
-798631 256 1 27539
-799636 0 1 199909
-800771 2048 1 19531
-805091 4 1 115013
-806296 33554432 1 100787
-810548 0 1 202637
-813784 33554432 1 101723
-814207 64 1 42853
-815743 0 2 281 2903
-820115 2 1 164023
-820532 0 1 205133
-822487 0 2 281 2927
-822703 4 1 117529
-824948 0 1 206237
-827732 0 1 206933
-830215 2 1 166043
-830699 64 1 43721
-831188 0 1 207797
-831563 0 2 251 3313
-833623 4 1 119089
-837428 0 1 209357
-837707 16 1 64439
-847807 32 1 49871
-855035 2 1 171007
-856423 0 2 859 997
-860056 33554432 1 107507
-866531 0 2 653 1327
-867491 128 1 37717
-867967 0 2 109 7963
-868696 33554432 1 108587
-869171 8192 1 18493
-872104 67108864 1 109013
-872147 0 2 719 1213
-873347 16777216 1 8647
-873844 0 1 218461
-877927 1048576 1 11113
-880403 64 1 46337
-883811 524288 1 12107
-888463 0 2 157 5659
-891019 0 2 257 3467
-891931 16777216 1 8831
-893972 0 1 223493
-896339 0 2 107 8377
-898024 67108864 1 112253
-898516 0 1 224629
-899771 0 2 347 2593
-903127 64 1 47533
-909812 0 1 227453
-911476 0 1 227869
-913283 4 1 130469
-913931 2048 1 22291
-914708 0 1 228677
-919783 1024 1 24859
-921428 0 1 230357
-940328 67108864 1 117541
-941243 1024 1 25439
-944915 2 1 188983
-945299 0 2 179 5281
-952283 0 2 643 1481
-958388 0 1 239597
-962344 67108864 1 120293
-964063 131072 1 14389
-967235 2 1 193447
-969299 4194304 1 10891
-974407 4 1 139201
-974579 128 1 42373
-983047 16 1 75619
-986651 64 1 51929
-987032 33554432 1 123379
-990227 4 1 141461
-991615 2 1 198323
-997903 0 2 113 8831
-1000903 524288 1 13711
-1003423 0 2 797 1259
-1003447 64 1 52813
-1006804 0 1 251701
-1007704 33554432 1 125963
-1008463 64 1 53077
-1009115 2 1 201823
-1019527 0 2 509 2003
-1022743 256 1 35267
-1022915 2 1 204583
-1024423 64 1 53917
-1034627 8 1 94057
-1056083 4 1 150869
-1057339 32768 1 17921
-1058647 0 2 353 2999
-1064027 131072 1 15881
-1064372 0 1 266093
-1069108 0 1 267277
-1071347 256 1 36943
-1073935 2 1 214787
-1076776 67108864 1 134597
-1076884 0 1 269221
-1080467 32768 1 18313
-1082539 0 2 449 2411
-1082887 16 1 83299
-1088363 0 2 523 2081
-1090663 4 1 155809
-1090868 0 1 272717
-1099543 32 1 64679
-1099636 0 1 274909
-1102936 33554432 1 137867
-1111384 33554432 1 138923
-1114712 33554432 1 139339
-1116827 524288 1 15299
-1119347 64 1 58913
-1123091 4194304 1 12619
-1136152 33554432 1 142019
-1139899 0 2 151 7549
-1140008 67108864 1 142501
-1140899 262144 1 16069
-1142627 16384 1 21559
-1145128 67108864 1 143141
-1147892 0 1 286973
-1153291 0 2 103 11197
-1155931 4 1 165133
-1157848 33554432 1 144731
-1158035 2 1 231607
-1163171 0 2 383 3037
-1168379 0 2 337 3467
-1169704 67108864 1 146213
-1172003 4 1 167429
-1183444 0 1 295861
-1198663 0 2 293 4091
-1201403 4 1 171629
-1204043 4096 1 28001
-1206011 0 2 137 8803
-1213139 0 2 157 7727
-1214887 0 2 547 2221
-1219087 32 1 71711
-1222696 67108864 1 152837
-1231235 2 1 246247
-1234939 128 1 53693
-1235411 0 2 313 3947
-1245859 512 1 40189
-1245928 67108864 1 155741
-1246568 67108864 1 155821
-1247483 64 1 65657
-1254548 0 1 313637
-1260947 0 2 409 3083
-1264907 4 1 180701
-1265123 32 1 74419
-1266127 128 1 55049
-1266467 0 2 281 4507
-1266967 16 1 97459
-1267427 4 1 181061
-1272251 0 2 191 6661
-1283987 1048576 1 16253
-1283992 33554432 1 160499
-1292308 0 1 323077
-1299563 0 2 673 1931
-1305323 1024 1 35279
-1306072 33554432 1 163259
-1311019 64 1 69001
-1313167 1024 1 35491
-1325747 1024 1 35831
-1326035 2 1 265207
-1326772 0 1 331693
-1326811 65536 1 21751
-1326847 128 1 57689
-1342228 0 1 335557
-1344611 64 1 70769
-1353844 0 1 338461
-1363067 0 2 173 7879
-1365247 16 1 105019
-1373963 0 2 887 1549
-1380979 65536 1 22639
-1386247 0 2 139 9973
-1393576 67108864 1 174197
-1394363 4194304 1 15667
-1399291 0 2 197 7103
-1407092 0 1 351773
-1408276 0 1 352069
-1414516 0 1 353629
-1417187 0 2 1013 1399
-1418987 1024 1 38351
-1421899 256 1 49031
-1422004 0 1 355501
-1436584 67108864 1 179573
-1439656 67108864 1 179957
-1440083 0 2 131 10993
-1440139 0 2 569 2531
-1447691 4 1 206813
-1452148 0 1 363037
-1456984 33554432 1 182123
-1458484 0 1 364621
-1462504 67108864 1 182813
-1467688 67108864 1 183461
-1473256 67108864 1 184157
-1479715 2 1 295943
-1485203 0 2 257 5779
-1485976 33554432 1 185747
-1494872 33554432 1 186859
-1506691 262144 1 21221
-1507928 33554432 1 188491
-1514767 0 2 751 2017
-1515587 0 2 151 10037
-1519348 0 1 379837
-1522523 4194304 1 17107
-1524184 33554432 1 190523
-1528315 2 1 305663
-1536707 0 2 1009 1523
-1537043 64 1 80897
-1537891 524288 1 21067
-1541416 67108864 1 192677
-1551259 16777216 1 15359
-1552532 0 1 388133
-1552744 67108864 1 194093
-1558411 128 1 67757
-1567043 32 1 92179
-1572619 32 1 92507
-1576547 4 1 225221
-1576859 0 2 107 14737
-1578211 0 2 109 14479
-1579547 0 2 491 3217
-1586776 33554432 1 198347
-1593707 0 2 157 10151
-1595032 33554432 1 199379
-1595992 33554432 1 199499
-1618115 2 1 323623
-1625251 32 1 95603
-1627435 2 1 325487
-1635688 67108864 1 204461
-1635923 0 2 107 15289
-1636939 0 2 937 1747
-1641347 0 2 349 4703
-1642139 4194304 1 18451
-1658867 4 1 236981
-1660276 0 1 415069
-1661524 0 1 415381
-1670932 0 1 417733
-1684315 2 1 336863
-1684339 8192 1 35837
-1688404 0 1 422101
-1699288 33554432 1 212411
-1702132 0 1 425533
-1704467 0 2 127 13421
-1705643 0 2 331 5153
-1708907 0 2 1181 1447
-1714459 0 2 461 3719
-1716724 0 1 429181
-1716739 0 2 503 3413
-1722691 8192 1 36653
-1727512 33554432 1 215939
-1737947 0 2 233 7459
-1744283 16384 1 32911
-1750211 1024 1 47303
-1758607 0 2 163 10789
-1760507 4 1 251501
-1763572 0 1 440893
-1770019 0 2 281 6299
-1783156 0 1 445789
-1786403 0 2 773 2311
-1786648 33554432 1 223331
-1786907 2097152 1 21529
-1803827 0 2 523 3449
-1815811 64 1 95569
-1816043 0 2 757 2399
-1817176 33554432 1 227147
-1820971 512 1 58741
-1826008 33554432 1 228251
-1840024 33554432 1 230003
-1855715 2 1 371143
-1868299 0 2 139 13441
-1868507 262144 1 26317
-1873291 4 1 267613
-1874452 0 1 468613
-1875688 67108864 1 234461
-1880344 33554432 1 235043
-1883828 0 1 470957
-1887796 0 1 471949
-1892584 67108864 1 236573
-1894219 0 2 113 16763
-1899203 0 2 733 2591
-1901464 33554432 1 237683
-1903115 2 1 380623
-1905448 67108864 1 238181
-1906291 4194304 1 21419
-1917947 128 1 83389
-1922539 0 2 199 9661
-1924891 0 2 1019 1889
-1927252 0 1 481813
-1931668 0 1 482917
-1934635 2 1 386927
-1939163 0 2 127 15269
-1952788 0 1 488197
-1967123 0 2 109 18047
-1970011 32 1 115883
-1977803 65536 1 32423
-1980827 0 2 277 7151
-1981531 0 2 193 10267
-1987171 0 2 739 2689
-1992451 32 1 117203
-1993099 0 2 433 4603
-1998232 33554432 1 249779
-2004563 8 1 182233
-2005939 16 1 154303
-2014051 16 1 154927
-2018723 4 1 288389
-2024872 67108864 1 253109
-2028923 16 1 156071
-2034923 8 1 184993
-2036507 8 1 185137
-2044568 33554432 1 255571
-2045812 0 1 511453
-2053939 0 2 761 2699
-2055379 262144 1 28949
-2057243 0 2 149 13807
-2065108 0 1 516277
-2066243 512 1 66653
-2066612 0 1 516653
-2076323 0 2 127 16349
-2086883 0 2 103 20261
-2090035 2 1 418007
-2091035 2 1 418207
-2092787 0 2 191 10957
-2094184 67108864 1 261773
-2097064 67108864 1 262133
-2100811 64 1 110569
-2101579 128 1 91373
-2101972 0 1 525493
-2102299 0 2 701 2999
-2106323 0 2 1021 2063
-2113768 67108864 1 264221
-2114267 4096 1 49169
-2117272 33554432 1 264659
-2117627 0 2 523 4049
-2117867 8192 1 45061
-2121451 128 1 92237
-2123092 0 1 530773
-2127859 2048 1 51899
-2128408 33554432 1 266051
-2131411 0 2 521 4091
-2134459 0 2 383 5573
-2141611 1048576 1 27109
-2143987 262144 1 30197
-2151976 67108864 1 268997
-2152099 0 2 571 3769
-2167348 0 1 541837
-2168971 4 1 309853
-2173187 0 2 821 2647
-2176219 0 2 1103 1973
-2176283 128 1 94621
-2177512 67108864 1 272189
-2181208 33554432 1 272651
-2183635 2 1 436727
-2184707 4 1 312101
-2188891 256 1 75479
-2189363 8 1 199033
-2189851 2048 1 53411
-2193563 0 2 277 7919
-2195035 2 1 439007
-2199811 131072 1 32833
-2207027 0 2 1259 1753
-2213059 512 1 71389
-2218648 33554432 1 277331
-2229811 0 2 881 2531
-2233012 0 1 558253
-2233219 0 2 113 19763
-2235028 0 1 558757
-2236372 0 1 559093
-2249779 4 1 321397
-2251252 0 1 562813
-2254163 0 2 139 16217
-2257768 67108864 1 282221
-2260283 0 2 461 4903
-2265112 33554432 1 283139
-2273483 64 1 119657
-2281171 0 2 1409 1619
-2285851 0 2 647 3533
-2290939 4 1 327277
-2292467 32 1 134851
-2292715 2 1 458543
-2293315 2 1 458663
-2307112 67108864 1 288389
-2307739 4 1 329677
-2311576 33554432 1 288947
-2312152 33554432 1 289019
-2314099 128 1 100613
-2321512 67108864 1 290189
-2332171 8388608 1 24043
-2338228 0 1 584557
-2341291 32 1 137723
-2344915 2 1 468983
-2346712 33554432 1 293339
-2347435 2 1 469487
-2351659 0 2 127 18517
-2373859 2048 1 57899
-2389115 2 1 477823
-2389315 2 1 477863
-2391931 128 1 103997
-2398643 16 1 184511
-2401768 67108864 1 300221
-2408123 128 1 104701
-2408371 4 1 344053
-2414059 0 2 487 4957
-2421499 0 2 1297 1867
-2426392 33554432 1 303299
-2432116 0 1 608029
-2434612 0 1 608653
-2435483 0 2 227 10729
-2438635 2 1 487727
-2439988 0 1 609997
-2445619 8 1 222329
-2446888 67108864 1 305861
-2454139 4096 1 57073
-2455651 8 1 223241
-2458699 131072 1 36697
-2469107 64 1 129953
-2473171 131072 1 36913
-2474548 0 1 618637
-2475103 0 2 127 19489
-2478739 4194304 1 27851
-2479651 16777216 1 24551
-2480635 2 1 496127
-2481448 67108864 1 310181
-2487592 67108864 1 310949
-2499827 8 1 227257
-2505688 33554432 1 313211
-2506067 0 2 829 3023
-2507011 16 1 192847
-2517923 0 2 137 18379
-2521411 131072 1 37633
-2521531 0 2 277 9103
-2522539 0 2 653 3863
-2530763 1024 1 68399
-2548867 0 2 131 19457
-2550931 0 2 1289 1979
-2560771 0 2 1433 1787
-2567723 16777216 1 25423
-2569579 64 1 135241
-2569907 32 1 151171
-2580115 2 1 516023
-2586499 32 1 152147
-2587828 0 1 646957
-2601448 67108864 1 325181
-2623043 4096 1 61001
-2633515 2 1 526703
-2636371 8192 1 56093
-2645908 0 1 661477
-2646643 64 1 139297
-2646691 0 2 269 9839
-2654723 0 2 433 6131
-2654731 0 2 151 17581
-2655187 262144 1 37397
-2658811 0 2 211 12601
-2660731 2097152 1 32057
-2667352 33554432 1 333419
-2701288 67108864 1 337661
-2706499 0 2 1223 2213
-2724331 0 2 1327 2053
-2726371 0 2 773 3527
-2733451 4 1 390493
-2739028 0 1 684757
-2741611 0 2 701 3911
-2743819 16 1 211063
-2745115 2 1 549023
-2748376 33554432 1 343547
-2754328 33554432 1 344291
-2759188 0 1 689797
-2765611 32 1 162683
-2768659 256 1 95471
-2769979 0 2 103 26893
-2771368 67108864 1 346421
-2774123 8 1 252193
-2782168 33554432 1 347771
-2782708 0 1 695677
-2783635 2 1 556727
-2787412 0 1 696853
-2789659 512 1 89989
-2791819 0 2 317 8807
-2797915 2 1 559583
-2798932 0 1 699733
-2802619 128 1 121853
-2803672 33554432 1 350459
-2809579 0 2 227 12377
-2816467 0 2 263 10709
-2816635 2 1 563327
-2833411 4 1 404773
-2847979 2097152 1 34313
-2854552 33554432 1 356819
-2859112 67108864 1 357389
-2863747 0 2 163 17569
-2868587 0 2 1009 2843
-2875252 0 1 718813
-2878963 0 2 127 22669
-2884852 0 1 721213
-2899432 67108864 1 362429
-2915107 16 1 224239
-2922292 0 1 730573
-2931859 4 1 418837
-2949547 0 2 233 12659
-2952811 0 2 971 3041
-2964203 8 1 269473
-2971723 16777216 1 29423
-2976227 0 2 547 5441
-2977972 0 1 744493
-2989867 0 2 113 26459
-2998228 0 1 749557
-2998267 0 2 811 3697
-3000148 0 1 750037
-3004219 0 2 251 11969
-3006232 33554432 1 375779
-3008035 2 1 601607
-3014603 0 2 1279 2357
-3023491 16384 1 57047
-3031528 67108864 1 378941
-3031747 256 1 104543
-3032587 0 2 503 6029
-3033523 0 2 487 6229
-3041963 32 1 178939
-3049147 256 1 105143
-3052459 0 2 953 3203
-3052915 2 1 610583
-3053515 2 1 610703
-3061747 16 1 235519
-3064408 33554432 1 383051
-3072232 67108864 1 384029
-3075412 0 1 768853
-3078403 2048 1 75083
-3085672 67108864 1 385709
-3088051 64 1 162529
-3098011 4 1 442573
-3101179 65536 1 50839
-3105091 8 1 282281
-3107059 0 2 223 13933
-3110899 8 1 282809
-3113563 262144 1 43853
-3136792 33554432 1 392099
-3138227 0 2 257 12211
-3146899 4 1 449557
-3154708 0 1 788677
-3158347 0 2 1381 2287
-3161512 67108864 1 395189
-3166147 0 2 113 28019
-3173032 67108864 1 396629
-3188851 16384 1 60167
-3204715 2 1 640943
-3207403 0 2 1061 3023
-3209123 0 2 353 9091
-3221251 8 1 292841
-3231571 4 1 461653
-3232219 0 2 487 6637
-3236515 2 1 647303
-3240088 33554432 1 405011
-3244819 16384 1 61223
-3245027 2048 1 79147
-3252803 0 2 839 3877
-3256948 0 1 814237
-3257515 2 1 651503
-3261187 0 2 997 3271
-3264739 0 2 149 21911
-3276763 4 1 468109
-3279931 0 2 1201 2731
-3281128 67108864 1 410141
-3283624 67108864 1 410453
-3285523 16384 1 61991
-3285811 32 1 193283
-3292171 0 2 1033 3187
-3294091 512 1 106261
-3295819 0 2 401 8219
-3296371 16 1 253567
-3296635 2 1 659327
-3297379 8192 1 70157
-3298123 0 2 1451 2273
-3302548 0 1 825637
-3302644 0 1 825661
-3306523 8 1 300593
-3320872 67108864 1 415109
-3335179 32 1 196187
-3336691 0 2 769 4339
-3342952 67108864 1 417869
-3344251 256 1 115319
-3346027 0 2 937 3571
-3350707 64 1 176353
-3351715 2 1 670343
-3352372 0 1 838093
-3356747 0 2 971 3457
-3366115 2 1 673223
-3368347 0 2 281 11987
-3369427 0 2 367 9181
-3402859 0 2 139 24481
-3409747 8 1 309977
-3420163 16777216 1 33863
-3421843 64 1 180097
-3423235 2 1 684647
-3443668 0 1 860917
-3445315 2 1 689063
-3458011 0 2 877 3943
-3461131 0 2 127 27253
-3462835 2 1 692567
-3466523 0 2 479 7237
-3467752 67108864 1 433469
-3472891 8388608 1 35803
-3475867 32768 1 58913
-3481307 0 2 137 25411
-3482587 0 2 439 7933
-3483163 0 2 271 12853
-3487171 4096 1 81097
-3489043 16384 1 65831
-3503827 0 2 167 20981
-3505003 16777216 1 34703
-3506011 0 2 1609 2179
-3513091 0 2 137 25643
-3514099 32768 1 59561
-3521515 2 1 704303
-3521563 0 2 313 11251
-3528232 67108864 1 441029
-3533347 0 2 607 5821
-3535507 32 1 207971
-3536152 33554432 1 442019
-3537931 2048 1 86291
-3539011 4 1 505573
-3547219 16 1 272863
-3567988 0 1 891997
-3571171 0 2 487 7333
-3576403 32768 1 60617
-3578587 0 2 1801 1987
-3589492 0 1 897373
-3603283 0 2 359 10037
-3603499 524288 1 49363
-3606643 256 1 124367
-3609691 0 2 139 25969
-3614827 0 2 1061 3407
-3620947 8 1 329177
-3631252 0 1 907813
-3632635 2 1 726527
-3634579 16 1 279583
-3641587 32 1 214211
-3642499 4 1 520357
-3646651 64 1 191929
-3649483 0 2 1747 2089
-3650539 0 2 467 7817
-3664027 32 1 215531
-3669235 2 1 733847
-3669907 64 1 193153
-3671515 2 1 734303
-3683243 128 1 160141
-3686635 2 1 737327
-3687259 0 2 887 4157
-3695668 0 1 923917
-3696148 0 1 924037
-3698323 2048 1 90203
-3706027 16 1 285079
-3707299 64 1 195121
-3711892 0 1 927973
-3713812 0 1 928453
-3732628 0 1 933157
-3735811 16384 1 70487
-3737251 4 1 533893
-3738187 256 1 128903
-3739348 0 1 934837
-3754315 2 1 750863
-3756712 67108864 1 469589
-3769432 33554432 1 471179
-3775051 4 1 539293
-3787771 16 1 291367
-3791572 0 1 947893
-3792403 0 2 167 22709
-3796747 0 2 409 9283
-3796852 0 1 949213
-3799747 4 1 542821
-3802411 0 2 757 5023
-3807403 0 2 383 9941
-3807667 0 2 547 6961
-3813019 4 1 544717
-3813715 2 1 762743
-3813907 262144 1 53717
-3814243 131072 1 56929
-3819115 2 1 763823
-3830635 2 1 766127
-3844915 2 1 768983
-3849652 0 1 962413
-3853579 512 1 124309
-3854299 0 2 229 16831
-3860203 0 2 1721 2243
-3870235 2 1 774047
-3874291 0 2 1291 3001
-3876043 8192 1 82469
-3878803 0 2 571 6793
-3880948 0 1 970237
-3883579 4 1 554797
-3917443 0 2 463 8461
-3931507 8388608 1 40531
-3932035 2 1 786407
-3932692 0 1 983173
-3936571 32 1 231563
-3938027 0 2 167 23581
-3957715 2 1 791543
-3959668 0 1 989917
-3963235 2 1 792647
-3964459 0 2 271 14629
-3972571 0 2 157 25303
-3972691 64 1 209089
-3977923 0 2 193 20611
-3980131 0 2 1423 2797
-3982939 1024 1 107647
-3988891 4194304 1 44819
-3991171 0 2 1759 2269
-3999139 64 1 210481
-3999979 0 2 1361 2939
-4001428 0 1 1000357
-4013608 67108864 1 501701
-4018708 0 1 1004677
-4031323 131072 1 60169
-4036843 0 2 181 22303
-4036867 0 2 401 10067
-4051672 33554432 1 506459
-4054027 0 2 467 8681
-4058539 0 2 127 31957
-4058968 33554432 1 507371
-4069387 4 1 581341
-4086787 0 2 1069 3823
-4097203 8 1 372473
-4120387 0 2 967 4261
-4121323 4194304 1 46307
-4126819 64 1 217201
-4127635 2 1 825527
-4139635 2 1 827927
-4141003 1024 1 111919
-4159315 2 1 831863
-4163587 0 2 277 15031
-4170187 4 1 595741
-4180843 256 1 144167
-4180948 0 1 1045237
-4204507 256 1 144983
-4223572 0 1 1055893
-4223827 0 2 113 37379
-4230043 512 1 136453
-4258132 0 1 1064533
-4271059 16 1 328543
-4272115 2 1 854423
-4277083 0 2 1291 3313
-4281427 128 1 186149
-4286419 64 1 225601
-4292491 4 1 613213
-4298923 0 2 137 31379
-4308235 2 1 861647
-4309387 2048 1 105107
-4313332 0 1 1078333
-4314883 262144 1 60773
-4317067 0 2 1213 3559
-4322515 2 1 864503
-4334827 4 1 619261
-4342867 1048576 1 54973
-4349827 512 1 140317
-4357588 0 1 1089397
-4371307 1048576 1 55333
-4371811 16384 1 82487
-4376971 0 2 139 31489
-4377748 0 1 1094437
-4378291 0 2 607 7213
-4385908 0 1 1096477
-4395571 32 1 258563
-4399027 0 2 103 42709
-4401112 33554432 1 550139
-4401688 33554432 1 550211
-4413172 0 1 1103293
-4419043 0 2 431 10253
-4425688 33554432 1 553211
-4435603 2097152 1 53441
-4449643 8 1 404513
-4456171 0 2 577 7723
-4459435 2 1 891887
-4460923 2048 1 108803
-4466083 64 1 235057
-4468699 131072 1 66697
-4470883 0 2 179 24977
-4477123 4 1 639589
-4480963 0 2 769 5827
-4498243 0 2 1279 3517
-4515523 32 1 265619
-4517083 0 2 139 32497
-4528747 0 2 433 10459
-4533835 2 1 906767
-4550635 2 1 910127
-4551667 0 2 797 5711
-4557907 0 2 461 9887
-4607507 0 2 487 9461
-4626472 67108864 1 578309
-4631635 2 1 926327
-4649899 0 2 107 43457
-4651123 0 2 349 13327
-4664851 32 1 274403
-4666579 2048 1 113819
-4675651 0 2 1949 2399
-4678291 0 2 199 23509
-4691572 0 1 1172893
-4706203 512 1 151813
-4710307 4 1 672901
-4716643 0 2 317 14879
-4719619 64 1 248401
-4723603 32 1 277859
-4729048 33554432 1 591131
-4744468 0 1 1186117
-4756363 0 2 2113 2251
-4761859 0 2 1433 3323
-4777768 67108864 1 597221
-4782043 4 1 683149
-4784179 0 2 463 10333
-4799107 0 2 619 7753
-4804171 128 1 208877
-4825123 0 2 131 36833
-4825747 0 2 1259 3833
-4830808 33554432 1 603851
-4845835 2 1 969167
-4850008 33554432 1 606251
-4855768 33554432 1 606971
-4861483 8 1 441953
-4864627 64 1 256033
-4870123 0 2 173 28151
-4876915 2 1 975383
-4879912 67108864 1 609989
-4883299 0 2 179 27281
-4885387 16 1 375799
-4885939 0 2 1867 2617
-4890907 4 1 698701
-4891963 0 2 157 31159
-4893739 32 1 287867
-4895731 0 2 157 31183
-4897747 2097152 1 59009
-4902115 2 1 980423
-4907368 67108864 1 613421
-4918915 2 1 983783
-4919563 8 1 447233
-4940611 16 1 380047
-4941379 0 2 193 25603
-4956715 2 1 991343
-4976323 8 1 452393
-4977907 8 1 452537
-4978915 2 1 995783
-4989352 67108864 1 623669
-4992115 2 1 998423
-4998043 0 2 131 38153
-4999171 2048 1 121931
-5006323 4 1 715189
-5034859 0 2 149 33791
-5035699 0 2 151 33349
-5035963 0 2 181 27823
-5052907 512 1 162997
-5071315 2 1 1014263
-5073883 0 2 103 49261
-5082403 0 2 197 25799
-5082763 4 1 726109
-5087128 33554432 1 635891
-5095747 0 2 587 8681
-5101672 67108864 1 637709
-5117011 32768 1 86729
-5117179 0 2 2081 2459
-5117803 1024 1 138319
-5136043 8 1 466913
-5157307 32 1 303371
-5176267 0 2 577 8971
-5186251 4 1 740893
-5200723 8 1 472793
-5209987 131072 1 77761
-5226787 0 2 313 16699
-5239171 4 1 748453
-5242987 32 1 308411
-5246227 4 1 749461
-5254435 2 1 1050887
-5261635 2 1 1052327
-5263507 65536 1 86287
-5277715 2 1 1055543
-5281483 0 2 1489 3547
-5315683 0 2 701 7583
-5326123 8 1 484193
-5331835 2 1 1066367
-5343667 4 1 763381
-5345635 2 1 1069127
-5353867 0 2 2287 2341
-5365747 0 2 499 10753
-5386003 4 1 769429
-5390827 16 1 414679
-5398003 16 1 415231
-5413219 4 1 773317
-5414872 33554432 1 676859
-5418907 16 1 416839
-5436787 32 1 319811
-5439571 2097152 1 65537
-5442715 2 1 1088543
-5459035 2 1 1091807
-5462851 512 1 176221
-5481163 0 2 739 7417
-5492227 16 1 422479
-5500315 2 1 1100063
-5504203 0 2 307 17929
-5510035 2 1 1102007
-5526523 0 2 389 14207
-5536963 16384 1 104471
-5541043 0 2 307 18049
-5548867 8192 1 118061
-5552152 33554432 1 694019
-5554963 0 2 479 11597
-5556532 0 1 1389133
-5570587 8 1 506417
-5603635 2 1 1120727
-5620243 0 2 709 7927
-5635507 1024 1 152311
-5636611 0 2 383 14717
-5661352 67108864 1 707669
-5666587 1024 1 153151
-5675035 2 1 1135007
-5702107 1024 1 154111
-5710723 0 2 149 38327
-5710867 0 2 409 13963
-5711827 8 1 519257
-5713747 16 1 439519
-5732035 2 1 1146407
-5756515 2 1 1151303
-5762467 0 2 281 20507
-5796499 0 2 1361 4259
-5816707 16 1 447439
-5826088 67108864 1 728261
-5831587 0 2 257 22691
-5838568 67108864 1 729821
-5849299 0 2 977 5987
-5856667 0 2 1307 4481
-5857747 4 1 836821
-5879035 2 1 1175807
-5887147 4 1 841021
-5890579 16384 1 111143
-5899027 0 2 1249 4723
-5900083 4 1 842869
-5913139 128 1 257093
-5918011 8 1 538001
-5920027 0 2 211 28057
-5922427 4 1 846061
-5933947 64 1 312313
-5938027 8192 1 126341
-5941723 256 1 204887
-5945227 8388608 1 61291
-5950228 0 1 1487557
-5957947 0 2 173 34439
-5959891 4 1 851413
-5969803 4 1 852829
-6016243 0 2 211 28513
