-39959 512 1 1289
-60311 2048 1 1471
-60431 12582916 0
-64991 32 1 3823
-71519 36 1 601
-82055 2 1 16411
-89735 2 2 131 137
-92495 18 1 1423
-92735 34 1 1091
-93599 131080 1 127
-94127 4104 1 199
-96839 0 2 179 541
-98567 4 1 14081
-98879 20971528 0
-99407 12 1 1291
-100607 262160 1 109
-106055 2 1 21211
-107471 20 1 1181
-107735 258 1 743
-118535 2 2 151 157
-119063 524292 1 233
-124415 2 2 149 167
-135527 68 1 1019
-136916 16 1 2633
-140519 2097152 1 1693
-140543 80 1 569
-142103 48 1 643
-150596 0 1 37649
-154244 0 1 38561
-154964 64 1 2039
-157064 67109120 1 677
-157367 4 1 22481
-161855 2 1 32371
-163736 41943040 1 211
-167687 16 1 12899
-169784 33554496 1 1117
-169879 64 1 8941
-173444 0 2 131 331
-174167 4 2 139 179
-177599 544 1 337
-178855 2 1 35771
-179783 5120 1 113
-186584 35651584 1 281
-187556 0 1 46889
-188087 0 2 127 1481
-190519 36 1 1601
-192095 2 2 103 373
-195647 0 2 179 1093
-198344 67108864 1 24793
-198919 4 2 157 181
-204383 576 1 347
-204799 36 1 1721
-205256 67108864 1 25657
-205279 0 2 103 1993
-206216 67108864 2 149 173
-208999 524292 1 409
-210104 33554432 1 26263
-210584 33554440 1 2393
-212927 24 1 1489
-214111 32832 1 191
-216895 6 1 6197
-220484 8 1 5011
-221479 0 2 241 919
-221576 67108864 1 27697
-222536 67108864 1 27817
-222596 8 1 5059
-224024 33556480 1 683
-225176 33554436 1 4021
-225647 8192 1 4801
-227156 0 2 109 521
-232583 16 1 17891
-233924 0 1 58481
-236744 83886080 1 293
-239191 64 1 12589
-241855 2 1 48371
-242663 0 2 227 1069
-243751 64 1 12829
-247967 131072 1 3701
-250655 2 1 50131
-250711 0 2 239 1049
-250724 64 1 3299
-252152 33558528 1 733
-253496 33554432 1 31687
-254804 8 1 5791
-257303 1048576 1 3257
-260456 67108868 1 4651
-260935 130 1 2269
-264008 67174400 1 541
-265039 0 2 107 2477
-265064 67108896 1 1949
-265508 0 1 66377
-266071 8388624 1 211
-268568 33587200 1 569
-270151 4 1 38593
-270559 2048 1 6599
-271591 512 1 8761
-272219 0 2 137 1987
-272839 4 1 38977
-276296 67108864 1 34537
-276535 6 1 7901
-276680 67108866 1 6917
-277399 0 2 457 607
-278339 4096 1 6473
-281935 2 2 113 499
-282776 33554448 1 2719
-284744 67108864 1 35593
-284791 80 1 1153
-286724 4096 1 1667
-288271 5244928 0
-288295 6 1 8237
-288440 33554434 1 7211
-291047 32768 1 4933
-292255 2 1 58451
-293396 2048 1 1789
-293911 576 1 499
-295748 0 2 107 691
-296383 0 2 311 953
-298619 131072 1 4457
-300199 0 2 317 947
-301495 34 1 3547
-304399 1088 1 433
-306055 2 1 61211
-309655 34 1 3643
-309812 524288 1 1061
-310471 36 1 2609
-310691 8388608 1 3203
-310724 0 1 77681
-312104 67108880 1 3001
-312776 67108864 1 39097
-312847 0 2 269 1163
-313928 67108864 1 39241
-314936 33554432 1 39367
-314996 8 1 7159
-317684 4096 1 1847
-317960 67108866 1 7949
-322328 33558528 1 937
-322471 131072 1 4813
-325111 2097152 1 3917
-326084 8 1 7411
-327752 67125248 1 773
-330751 0 2 113 2927
-332744 67108864 1 41593
-333731 65536 1 5471
-334232 33556480 1 1019
-335219 16777216 1 3319
-335624 67108864 1 41953
-335636 4 1 11987
-335815 8194 1 1429
-335855 18 1 5167
-343159 64 1 18061
-343811 16400 1 499
-344455 2 1 68891
-344663 8 1 31333
-346855 2 1 69371
-348824 33554436 1 6229
-349556 512 1 2819
-350888 67108992 1 1907
-351871 16 1 27067
-352004 0 1 88001
-353599 0 2 103 3433
-356687 64 1 18773
-357343 262148 1 719
-357992 67633152 1 613
-358259 8 1 32569
-358735 18 1 5519
-359839 65568 1 347
-359876 8 1 8179
-360151 264 1 1129
-360440 33554434 1 9011
-361331 131072 1 5393
-365935 2 2 163 449
-368120 33554434 1 9203
-368564 4 1 13163
-371060 2 1 18553
-371983 16777472 1 127
-373259 65792 1 211
-376052 2048 1 2293
-376760 33554434 1 9419
-378847 4 1 54121
-383815 258 1 2647
-384488 67108880 1 3697
-385064 67108864 2 127 379
-386276 8 1 8779
-387127 8388624 1 307
-387416 34603008 1 613
-387428 0 1 96857
-387944 67371008 1 683
-387991 288 1 787
-392171 8388624 1 311
-392996 64 1 5171
-393751 4096 1 9157
-394148 0 2 211 467
-394691 16392 1 677
-394807 4 1 56401
-395060 2 1 19753
-396548 0 1 99137
-397496 33554440 1 4517
-398431 264 1 1249
-399703 64 2 109 193
-402463 0 2 127 3169
-404359 0 2 281 1439
-404504 33587200 1 857
-404660 2 1 20233
-404939 0 2 557 727
-409139 2080 1 587
-409412 64 1 5387
-410120 67108866 1 10253
-410599 4 1 58657
-413768 67108864 1 51721
-415495 130 1 3613
-415604 4 1 14843
-416551 32 2 107 229
-416863 0 2 443 941
-417752 34603008 1 661
-418004 512 1 3371
-421091 8 1 38281
-422744 33554436 1 7549
-423919 0 2 241 1759
-425288 67108864 1 53161
-425624 35651584 1 641
-427640 33554434 1 10691
-427807 4096 1 9949
-428935 18 1 6599
-429092 0 1 107273
-429535 2 2 271 317
-431672 33554432 1 53959
-434911 32 1 25583
-436355 2 2 197 443
-436388 0 1 109097
-436567 0 2 461 947
-436619 0 2 137 3187
-436691 2048 1 10651
-437431 17104896 0
-437480 67108866 1 10937
-440072 67108864 1 55009
-440084 0 2 269 409
-440552 67108868 1 7867
-440795 130 1 3833
-442868 16384 1 2089
-442931 0 2 641 691
-443384 33554496 1 2917
-443588 4096 1 2579
-444295 34 1 5227
-445739 1028 1 1721
-447368 67108864 1 55921
-450920 67108866 1 11273
-452623 0 2 263 1721
-453779 69632 1 173
-454628 0 1 113657
-454964 0 2 107 1063
-455108 0 1 113777
-455143 16 2 157 223
-455239 128 1 19793
-456244 0 2 167 683
-456299 0 2 191 2389
-456823 16777216 1 4523
-457931 0 2 173 2647
-458132 16384 1 2161
-460135 18 1 7079
-460388 0 2 179 643
-461839 36 1 3881
-463160 33554434 1 11579
-463544 33554432 1 57943
-463592 67108864 2 167 347
-464804 0 1 116201
-466280 67108866 1 11657
-467348 4 1 16691
-468728 33554448 1 4507
-470552 33554432 2 131 449
-470795 18 1 7243
-471971 32 1 27763
-473528 33554440 1 5381
-475355 2 1 95071
-475811 16777220 1 673
-476132 0 1 119033
-476291 1048576 1 6029
-478951 8 1 43541
-479240 67108866 1 11981
-479699 8 1 43609
-479743 8 1 43613
-479972 0 1 119993
-481076 0 2 127 947
-482516 262144 1 1699
-482884 0 1 120721
-483512 33554496 1 3181
-484255 2 1 96851
-485315 258 1 3347
-486439 1024 1 13147
-486655 18 1 7487
-490451 528 1 1217
-490639 0 2 179 2741
-492851 0 2 541 911
-493303 512 1 15913
-493615 2 2 269 367
-495659 33280 1 271
-495860 2 1 24793
-496568 33554432 1 62071
-497335 34 1 5851
-498895 2 2 113 883
-498920 67108866 1 12473
-499855 2 1 99971
-501439 256 1 17291
-501943 16 1 38611
-502564 0 1 125641
-503219 0 2 419 1201
-504655 2 1 100931
-507316 16384 1 2393
-507895 2 2 157 647
-508955 2 2 137 743
-511684 0 1 127921
-512056 33554432 1 64007
-512263 0 2 281 1823
-515528 67108880 1 4957
-515672 34078720 1 883
-516515 66 1 5437
-517135 32770 1 1753
-520303 4 2 239 311
-522103 16384 1 9851
-523076 0 1 130769
-525752 33554432 1 65719
-527108 0 1 131777
-528007 0 2 619 853
-529172 4 1 18899
-531055 6 1 15173
-534727 131200 1 347
-535256 33554560 1 2909
-535955 6 1 15313
-536551 0 2 331 1621
-536815 16777218 1 1063
-538351 8 2 109 449
-538855 8194 1 2293
-540164 2097152 1 1627
-540371 16 2 197 211
-541615 2 2 149 727
-543236 131072 1 2027
-544568 33554432 1 68071
-545335 6 1 15581
-546655 2 1 109331
-547384 33570816 1 1291
-548168 67108864 1 68521
-548852 4096 1 3191
-549899 36 1 4621
-550328 33554432 1 68791
-550916 4096 1 3203
-551791 0 2 503 1097
-553619 8 1 50329
-553711 1052672 1 163
-554363 64 2 163 179
-555295 18 1 8543
-556568 33554688 1 2399
-556804 0 1 139201
-556879 0 2 157 3547
-557143 0 2 131 4253
-558055 2 1 111611
-558488 33554436 1 9973
-558932 8 1 12703
-559355 2 1 111871
-561415 8194 1 2389
-561608 67108864 1 70201
-562952 67108880 1 5413
-563716 0 1 140929
-563944 67108864 2 157 449
-564415 2 2 157 719
-565864 67108880 1 5441
-566132 4 1 20219
-566527 16 1 43579
-567124 256 1 4889
-570155 2 1 114031
-573368 33554432 1 71671
-574424 33587200 1 1217
-574472 67108864 1 71809
-575527 16384 1 10859
-575531 8 1 52321
-576607 33024 1 337
-576707 64 2 127 239
-577715 2 2 227 509
-579256 33619968 1 1187
-579812 4096 1 3371
-581695 2 2 317 367
-581816 33554432 1 72727
-582127 20 1 6397
-584315 130 1 5081
-586183 131088 1 673
-586436 0 1 146609
-586564 8 1 13331
-587119 80 1 2377
-588251 32 1 34603
-590680 33554434 1 14767
-590792 67108864 1 73849
-591368 67109120 1 2549
-591463 0 2 461 1283
-592595 130 1 5153
-593284 2097152 1 1787
-593383 4 2 103 823
-593555 34 1 6983
-593720 33554434 1 14843
-593983 16 1 45691
-594631 0 2 587 1013
-597992 67108896 1 4397
-598139 64 1 31481
-598324 16777216 1 1481
-599171 0 2 359 1669
-599732 4 1 21419
-600136 67108864 1 75017
-601576 67109120 1 2593
-602468 0 1 150617
-603611 64 1 31769
-603755 34 1 7103
-604327 65536 1 9907
-605048 33570816 1 1427
-607715 66 1 6397
-611060 2 1 30553
-611896 33554432 1 76487
-612299 0 2 281 2179
-614116 0 1 153529
-615467 320 1 1117
-615895 6 1 17597
-615992 33554448 1 5923
-616756 4 1 22027
-616855 2 2 107 1153
-617315 2 2 331 373
-618127 64 1 32533
-619259 524320 1 499
-620372 512 1 5003
-620555 18 1 9547
-620836 0 1 155209
-622355 2 1 124471
-622628 0 1 155657
-622808 33554432 2 127 613
-623060 2 1 31153
-624035 2 2 137 911
-625331 4 2 157 569
-626564 0 1 156641
-626596 4096 1 3643
-629960 67108866 1 15749
-629983 262208 1 467
-630487 24 1 4409
-631019 0 2 311 2029
-632287 256 1 21803
-632291 8200 1 1223
-633224 67108864 1 79153
-636212 16384 1 3001
-636676 0 1 159169
-637979 0 2 397 1607
-638287 1040 1 1327
-638915 16386 1 2411
-639908 0 1 159977
-640952 33554448 1 6163
-641887 0 2 229 2803
-642212 0 1 160553
-642491 4194304 1 7219
-642920 67108866 1 16073
-642968 33554432 2 179 449
-643784 67108864 1 80473
-646355 2 2 257 503
-647459 0 2 167 3877
-648196 0 2 347 467
-648539 0 2 227 2857
-648680 67108866 1 16217
-649115 2 2 197 659
-649687 4352 1 521
-650072 33554560 1 3533
-651011 0 2 509 1279
-651076 0 2 139 1171
-651563 8 1 59233
-652255 524290 1 1787
-653588 16 1 12569
-654008 33554688 1 2819
-658276 0 1 164569
-658471 520 1 1931
-660152 33554432 2 179 461
-660356 0 1 165089
-660755 2 1 132151
-661163 0 2 113 5851
-662072 33554432 1 82759
-662372 4096 1 3851
-664927 1024 1 17971
-671288 33554432 1 83911
-672367 32 1 39551
-672964 2097152 1 2027
-673160 67108866 1 16829
-677023 4194304 1 7607
-679268 0 1 169817
-680771 20 1 7481
-681223 0 2 157 4339
-681755 2 1 136351
-681908 0 2 227 751
-683263 4 1 97609
-683339 2097152 1 8233
-684920 33554434 1 17123
-685139 20 1 7529
-685235 66 1 7213
-686708 8 1 15607
-687512 33554436 1 12277
-691864 33554432 2 197 439
-692167 65540 1 1621
-695315 32770 1 2357
-695815 2 2 317 439
-696484 0 1 174121
-696727 0 2 257 2711
-698552 33554688 1 3011
-698791 0 2 263 2657
-701555 2 2 193 727
-702247 20 1 7717
-703352 33554448 1 6763
-703451 4 1 100493
-703652 4096 1 4091
-704116 4 1 25147
-704215 2 2 127 1109
-704887 1024 1 19051
-706835 2 2 373 379
-709255 2 1 141851
-710296 33554496 1 4673
-711035 18 1 10939
-711203 0 2 173 4111
-711908 4096 1 4139
-713263 0 2 149 4787
-713432 33554432 2 257 347
-713963 16448 1 709
-714203 4 2 257 397
-714367 0 2 311 2297
-715327 526336 1 239
-715403 16 2 113 487
-716648 67109120 1 3089
-718328 33554448 1 6907
-720184 33554432 1 90023
-720731 8 1 65521
-721172 256 1 6217
-722356 0 2 419 431
-722792 67108868 1 12907
-722795 1026 1 3907
-722939 4 2 139 743
-723812 32768 1 3067
-724340 2 1 36217
-725720 33554434 1 18143
-725743 64 1 38197
-726343 0 2 509 1427
-726692 0 2 139 1307
-727087 5120 1 457
-727255 2 1 145451
-727447 36 1 6113
-732436 262144 1 2579
-732515 6 1 20929
-732563 1040 1 1523
-732851 4 1 104693
-733091 288 1 1487
-733859 2052 1 2557
-734372 0 1 183593
-734612 4096 1 4271
-735160 33554434 1 18379
-735655 130 1 6397
-736520 67108866 1 18413
-736619 16 1 56663
-737167 0 2 109 6763
-737176 33554440 1 8377
-737863 132 1 4583
-739903 0 2 257 2879
-741107 2097152 1 8929
-742276 0 1 185569
-743492 0 1 185873
-744964 8 1 16931
-745303 16 1 57331
-745988 0 2 283 659
-746372 8 1 16963
-747779 32 1 43987
-749348 0 1 187337
-752356 8 1 17099
-752579 256 1 25951
-753223 0 2 163 4621
-753727 1040 1 1567
-756223 16 1 58171
-757732 0 1 189433
-759851 128 1 33037
-759908 0 1 189977
-761432 33554436 1 13597
-761455 131074 1 2273
-762260 2 1 38113
-763595 6 1 21817
-763855 2 2 227 673
-764047 64 1 40213
-764291 8 1 69481
-764372 4 1 27299
-765572 4096 1 4451
-765731 544 1 1453
-766628 0 1 191657
-767524 64 1 10099
-767699 0 2 167 4597
-767771 96 1 2377
-769208 33554440 1 8741
-771332 0 1 192833
-772808 67108864 1 96601
-774295 130 1 6733
-774707 32 2 199 229
-776884 0 2 167 1163
-776948 64 1 10223
-777460 2 1 38873
-779291 0 2 227 3433
-779764 0 2 151 1291
-780007 65600 1 673
-780856 33554432 1 97607
-781156 0 2 179 1091
-782459 32 1 46027
-782552 33554560 1 4253
-784139 128 2 103 331
-784532 4 1 28019
-785524 4096 1 4567
-787163 16 2 151 401
-787643 0 2 281 2803
-788555 130 1 6857
-788792 33558528 1 2293
-791432 67108864 1 98929
-791527 8200 1 1531
-794555 2 2 367 433
-795272 67108864 1 99409
-795371 20480 1 349
-796024 33554496 1 5237
-796183 16777216 1 7883
-796783 16 1 61291
-797771 16 2 109 563
-798367 0 2 397 2011
-800747 65536 1 13127
-800824 33554432 1 100103
-801299 256 1 27631
-801847 0 2 607 1321
-803192 33554448 1 7723
-803828 32 1 11821
-805172 16777216 1 1993
-806387 0 2 103 7829
-806852 4096 1 4691
-808276 4 1 28867
-808324 8 1 18371
-808472 33554436 1 14437
-809047 32 1 47591
-809291 4 1 115613
-810323 17039360 1 113
-811064 33554432 1 101383
-811735 514 1 5237
-814663 16448 1 809
-817688 33558528 1 2377
-819151 1048576 1 10369
-819556 0 2 331 619
-819587 1056 1 1303
-819779 4259840 1 151
-819847 4 2 173 677
-821435 2050 1 4007
-822107 24 1 5749
-822371 8 1 74761
-824335 2 2 113 1459
-825899 16384 1 15583
-827195 130 1 7193
-828179 8 1 75289
-828419 32832 1 739
-829259 131072 1 12377
-830120 67108866 1 20753
-830168 33556480 1 2531
-831272 67108880 1 7993
-831395 2 2 257 647
-831556 8 1 18899
-831947 8704 1 571
-832423 1050624 1 257
-834916 0 1 208729
-835355 2 1 167071
-836008 67109376 1 3371
-836603 0 2 263 3181
-837247 0 2 521 1607
-839476 8 1 19079
-839704 33558528 1 2441
-841211 36 1 7069
-841672 67108880 1 8093
-843155 2 1 168631
-845236 4 1 30187
-846371 0 2 139 6089
-847307 0 2 673 1259
-847624 67108864 1 105953
-847928 35651584 1 1277
-848852 0 2 137 1549
-850036 8 1 19319
-851503 393216 1 179
-852971 4 1 121853
-853028 8 1 19387
-857176 33554432 2 109 983
-857983 68 1 6451
-858347 36 1 7213
-858731 512 1 27701
-859112 67108896 1 6317
-860627 2097152 1 10369
-861851 256 2 113 263
-863339 0 2 787 1097
-863459 0 2 673 1283
-863732 0 2 181 1193
-864728 33554496 1 5689
-865691 32 1 50923
-867731 32 1 51043
-869048 33554432 1 108631
-871048 67108864 1 108881
-871892 4 1 31139
-872708 64 1 11483
-873607 1028 1 3373
-874472 67108864 2 281 389
-874808 33554440 1 9941
-877255 8194 1 3733
-877412 0 1 219353
-877903 16 1 67531
-878579 80 1 3557
-878776 33554432 1 109847
-878867 8 2 109 733
-879544 33554432 1 109943
-879556 0 1 219889
-879995 4098 1 4093
-883720 67108866 1 22093
-883907 0 2 277 3191
-884116 2097152 1 2663
-884527 36 1 7433
-884888 33570816 1 2087
-885368 33554440 1 10061
-886451 0 2 239 3709
-886955 16386 1 3347
-887720 67108866 1 22193
-891203 0 2 107 8329
-891995 18 1 13723
-892088 33554496 1 5869
-892712 67108864 2 151 739
-894127 16 2 109 631
-894251 2080 1 1283
-894679 256 1 30851
-895396 0 1 223849
-895891 2048 1 21851
-896315 6 1 25609
-898760 67108866 1 22469
-898811 4194304 1 10099
-902455 2 1 180491
-903092 512 1 7283
-903515 2 2 137 1319
-905747 262144 1 12757
-908116 8 1 20639
-908915 6 1 25969
-909332 0 2 463 491
-911368 67108864 1 113921
-911492 0 1 227873
-912223 8208 1 1493
-913451 12 1 11863
-913460 2 1 45673
-915256 33554432 1 114407
-916139 260 1 4513
-916472 33554432 2 109 1051
-916523 0 2 241 3803
-919543 64 1 48397
-920555 2 1 184111
-920579 8 1 83689
-921707 1280 1 859
-921784 33554432 1 115223
-922063 524320 1 743
-922360 33554434 1 23059
-925112 33554432 2 197 587
-927032 33554432 1 115879
-927988 16777216 1 2297
-928628 4096 1 5399
-929243 4 1 132749
-930292 8 1 21143
-930904 33554448 1 8951
-932132 0 2 467 499
-932771 4 1 133253
-934787 4 1 133541
-934955 6 1 26713
-936484 0 1 234121
-937403 64 2 103 479
-938411 256 1 32359
-938743 16 1 72211
-938776 33558528 1 2729
-938915 1048578 1 2377
-939076 0 1 234769
-940088 33554432 1 117511
-940216 33554432 2 211 557
-943355 6 1 26953
-943907 8389632 1 263
-944027 36 1 7933
-945011 4096 1 21977
-945487 256 1 32603
-945992 67108864 1 118249
-946520 33554434 1 23663
-946532 2097152 1 2851
-946552 33554432 2 179 661
-947956 0 2 269 881
-948788 0 2 193 1229
-949859 131072 1 14177
-950695 2 2 107 1777
-952024 33587200 1 2017
-953407 20 1 10477
-953555 2 1 190711
-954280 67108866 1 23857
-954916 0 1 238729
-955960 33554434 1 23899
-956836 4096 1 5563
-957323 0 2 443 2161
-959291 320 1 1741
-961355 2 1 192271
-961384 67108896 1 7069
-962147 2560 1 757
-962291 8 1 87481
-963055 2 1 192611
-964115 2050 1 4703
-964763 64 1 50777
-965315 18 1 14851
-965699 4 1 137957
-965764 0 1 241441
-965819 16384 1 18223
-969752 33554436 1 17317
-972731 16777216 1 9631
-975487 0 2 127 7681
-975707 4194368 1 577
-977348 0 2 163 1499
-978436 0 2 331 739
-979619 0 2 677 1447
-979927 4112 1 1753
-980819 65540 1 2297
-981448 67108880 1 9437
-983524 0 1 245881
-985336 33554440 1 11197
-985816 33554448 1 9479
-986360 33554434 1 24659
-987035 6 1 28201
-989339 16 1 76103
-989528 33555456 1 3343
-990035 130 1 8609
-990488 33554464 1 7283
-992056 33554448 1 9539
-992584 67125248 1 2341
-993752 33554464 1 7307
-993947 64 1 52313
-994283 0 2 127 7829
-996707 0 2 281 3547
-998372 0 1 249593
-998948 0 1 249737
-1000235 2 2 251 797
-1001483 1048580 1 1811
-1002587 32768 1 16993
-1002635 2 2 193 1039
-1004047 8388616 1 941
-1005295 34 1 11827
-1005755 2 1 201151
-1007284 32 1 14813
-1007627 64 2 181 293
-1009576 75497472 1 1301
-1010219 4 2 277 521
-1011347 2080 1 1451
-1011367 4 1 144481
-1012324 0 1 253081
-1013476 0 1 253369
-1015108 0 1 253777
-1015567 32772 1 2459
-1015903 36 1 8537
-1016104 67108864 2 157 809
-1017880 33554434 1 25447
-1018036 0 2 139 1831
-1019236 64 1 13411
-1019407 64 1 53653
-1019716 0 1 254929
-1020548 0 1 255137
-1021492 0 2 263 971
-1021508 4096 1 5939
-1021523 0 2 349 2927
-1023080 67108866 1 25577
-1023256 33554448 1 9839
-1023347 16 2 223 353
-1023779 0 2 149 6871
-1023899 512 1 33029
-1024619 0 2 463 2213
-1026131 1049088 1 419
-1026419 0 2 241 4259
-1026451 16384 2 107 181
-1028123 128 1 44701
-1028536 35651584 1 1549
-1029155 1026 1 5563
-1030628 0 1 257657
-1030712 33554496 1 6781
-1030955 2 1 206191
-1031935 2 2 179 1153
-1035064 33554432 2 109 1187
-1035428 0 2 379 683
-1038964 0 2 211 1231
-1039163 128 1 45181
-1041007 16777224 1 937
-1041347 0 2 347 3001
-1041539 32 2 197 311
-1045624 33554688 1 4507
-1047155 2 1 209431
-1049956 0 1 262489
-1050040 33554434 1 26251
-1050491 80 1 4253
-1050676 8 1 23879
-1051384 33554496 1 6917
-1051588 0 1 262897
-1052072 67108868 1 18787
-1052344 33554432 1 131543
-1052356 0 1 263089
-1052647 0 2 139 7573
-1054148 0 1 263537
-1057499 4096 1 24593
-1060063 0 2 379 2797
-1062004 524288 1 3637
-1062323 0 2 569 1867
-1064003 128 1 46261
-1066808 33554432 1 133351
-1070123 81920 1 331
-1070404 0 1 267601
-1071368 67108864 2 157 853
-1073140 2 1 53657
-1074155 2 1 214831
-1075684 0 1 268921
-1075748 0 1 268937
-1075816 67108868 1 19211
-1076552 67109888 1 3637
-1078595 6 1 30817
-1080487 0 2 191 5657
-1081715 131074 1 3229
-1082147 8 1 98377
-1082795 6 1 30937
-1082852 0 2 211 1283
-1083640 33554434 1 27091
-1084324 0 2 307 883
-1084643 4194308 1 1741
-1085051 8 1 98641
-1085291 524288 1 14867
-1085819 4 2 181 857
-1086083 128 1 47221
-1090139 256 1 37591
-1090931 0 2 137 7963
-1092392 67108868 1 19507
-1092436 16384 1 5153
-1094648 33554432 2 293 467
-1095256 34603008 1 1733
-1096651 8192 1 23333
-1102216 67108864 1 137777
-1102996 8192 1 5867
-1103236 2097152 1 3323
-1105012 128 1 12011
-1106344 67110912 1 3373
-1108451 32 1 65203
-1109252 131072 1 4139
-1109432 33554432 1 138679
-1111115 65538 1 3643
-1112555 2 1 222511
-1113256 67109888 1 3761
-1114187 0 2 577 1931
-1114331 64 2 223 263
-1116923 0 2 109 10247
-1119304 67108864 2 181 773
-1119556 64 1 14731
-1123207 32 1 66071
-1123835 524290 1 3079
-1124059 131136 1 883
-1124387 8 1 102217
-1125035 2 2 223 1009
-1126072 33554432 1 140759
-1126744 33554432 2 127 1109
-1126783 4 1 160969
-1127704 34078720 1 1931
-1128760 33554434 1 28219
-1131028 0 2 157 1801
-1131635 4194306 1 2543
-1133435 2 2 397 571
-1133611 32 1 66683
-1134035 6 1 32401
-1134707 4 2 173 937
-1135156 8 1 25799
-1136164 0 1 284041
-1137316 0 2 331 859
-1137352 67108864 1 142169
-1138148 8 1 25867
-1140248 33554560 1 6197
-1140436 8 1 25919
-1140520 67108866 1 28513
-1141144 33685504 1 2129
-1142371 0 2 191 5981
-1143467 16 1 87959
-1143823 2097152 1 13781
-1144955 6 1 32713
-1146107 0 2 601 1907
-1148248 33554464 1 8443
-1149796 0 1 287449
-1150523 8 1 104593
-1151176 67108880 1 11069
-1152223 2048 2 157 179
-1152472 33816576 1 2029
-1153187 4 2 151 1091
-1153783 2097152 1 13901
-1154387 16 1 88799
-1154507 4096 1 26849
-1156235 262146 1 3257
-1156472 33555456 1 3907
-1157435 2097154 1 2789
-1158083 8388608 1 11939
-1158155 2 1 231631
-1158971 8 1 105361
-1159384 33554560 1 6301
-1159576 33554440 1 13177
-1159636 131072 1 4327
-1160104 67108872 1 13183
-1160315 18 1 17851
-1160747 1048580 1 2099
-1161847 131072 1 17341
-1161995 2 2 307 757
-1162643 1048576 1 14717
-1163983 1024 2 163 193
-1164131 525312 1 431
-1165283 65540 1 2729
-1165327 64 1 61333
-1165495 2 2 257 907
-1167451 0 2 599 1949
-1168808 67108864 2 193 757
-1169284 131072 1 4363
-1170952 67108864 1 146369
-1171144 67108880 1 11261
-1171396 0 1 292849
-1172383 256 1 40427
-1172603 73728 1 409
-1173967 0 2 1051 1117
-1174523 68 1 8831
-1174612 0 2 103 2851
-1176788 131072 1 4391
-1177807 2176 1 1249
-1177972 0 2 317 929
-1182371 4608 1 887
-1183048 67108864 1 147881
-1183715 18 1 18211
-1184836 0 2 139 2131
-1185460 2 1 59273
-1186355 2 1 237271
-1186663 2048 2 103 281
-1187176 67109376 1 4787
-1187896 35651584 1 1789
-1188004 4096 1 6907
-1190692 64 1 15667
-1194904 33556480 1 3643
-1195903 0 2 331 3613
-1198052 0 1 299513
-1198423 0 2 937 1279
-1199320 33554434 1 29983
-1200520 67108866 1 30013
-1203364 32768 1 5099
-1203967 0 2 103 11689
-1206532 0 2 107 2819
-1207595 34 1 14207
-1208644 4096 1 7027
-1208968 67108864 1 151121
-1211555 2 2 293 827
-1212152 33554432 2 277 547
-1212635 258 1 8363
-1212971 1024 1 32783
-1213819 0 2 853 1423
-1214884 8 1 27611
-1215755 34 1 14303
-1217627 1048576 1 15413
-1218676 0 2 199 1531
-1218707 4 1 174101
-1223699 524288 1 16763
-1224587 20 1 13457
-1225624 33554560 1 6661
-1229236 32 1 18077
-1229656 33554432 2 281 547
-1229752 33554432 1 153719
-1231060 2 1 61553
-1231427 256 1 42463
-1231451 16 1 94727
-1233083 0 2 337 3659
-1233299 32 1 72547
-1237688 33554432 2 131 1181
-1239859 4194304 1 13931
-1240504 33554688 1 5347
-1240516 0 1 310129
-1241284 8 1 28211
-1241956 0 1 310489
-1244491 0 2 691 1801
-1244843 4456448 1 197
-1247320 33554434 1 31183
-1247579 32 1 73387
-1248755 2 2 137 1823
-1249172 0 2 127 2459
-1249208 33554432 1 156151
-1249592 33554496 1 8221
-1250852 0 2 179 1747
-1251251 4194336 1 827
-1252516 0 1 313129
-1253320 67108866 1 31333
-1255955 2 1 251191
-1256344 41943040 1 1619
-1257155 2 1 251431
-1257755 130 1 10937
-1259195 6 1 35977
-1259236 8 1 28619
-1263371 65536 2 139 149
-1263604 0 2 103 3067
-1265464 33554432 2 317 499
-1265747 524292 1 2477
-1266691 768 1 1409
-1267540 2 1 63377
-1268123 0 2 283 4481
-1269208 33587200 1 2689
-1273748 4 1 45491
-1278772 8 1 29063
-1278904 33554440 1 14533
-1279811 48 1 5791
-1281160 67108866 1 32029
-1281683 80 1 5189
-1282355 2 1 256471
-1282504 67108864 1 160313
-1282648 33685504 1 2393
-1282651 0 2 263 4877
-1283320 33554434 1 32083
-1283531 0 2 701 1831
-1284232 67108864 2 229 701
-1286920 67108866 1 32173
-1287544 33554432 2 227 709
-1288403 0 2 149 8647
-1290280 67108866 1 32257
-1290587 256 2 191 233
-1291763 4104 1 2731
-1291903 0 2 577 2239
-1295704 33554432 2 149 1087
-1295956 16384 1 6113
-1299091 0 2 997 1303
-1299127 8192 2 131 211
-1300835 66 1 13693
-1302035 6 1 37201
-1302292 0 2 211 1543
-1303384 33554432 2 191 853
-1304843 3145728 1 199
-1305155 2 1 261031
-1305784 33554432 1 163223
-1306036 8192 1 6947
-1306292 16 1 25121
-1308083 4 1 186869
-1310555 2 1 262111
-1311323 80 1 5309
-1312043 32 2 113 683
-1314947 256 1 45343
-1315787 8 1 119617
-1318207 8 2 293 409
-1319659 40 1 7057
-1319843 4 2 409 461
-1320484 8 1 30011
-1321903 40 1 7069
-1324084 8192 1 7043
-1324276 0 2 251 1319
-1325363 16 2 269 379
-1328932 8 1 30203
-1329331 384 1 1993
-1329976 33554432 1 166247
-1331464 67108864 2 149 1117
-1332040 67108866 1 33301
-1334723 2097168 1 1237
-1334843 0 2 593 2251
-1337272 33554432 1 167159
-1337795 130 1 11633
-1338328 33554432 2 173 967
-1338683 64 1 70457
-1339748 0 2 307 1091
-1341995 8388610 1 2767
-1342771 8388608 2 109 127
-1344007 16777220 1 1901
-1348859 2048 2 167 197
-1349012 4 1 48179
-1350323 16 2 241 431
-1355656 67108864 1 169457
-1357240 33554434 1 33931
-1358099 256 1 46831
-1358296 33554944 1 5477
-1359779 32 1 79987
-1360595 34 1 16007
-1361752 33554436 1 24317
-1362227 32 2 227 353
-1363924 0 2 229 1489
-1364968 67108872 1 15511
-1365412 0 2 179 1907
-1367972 0 1 341993
-1369384 67108896 1 10069
-1369891 16384 1 25847
-1374904 33554432 1 171863
-1375540 2 1 68777
-1375595 18 1 21163
-1378744 33554432 1 172343
-1380347 2048 2 131 257
-1381403 160 1 3533
-1385476 0 1 346369
-1385983 9216 1 797
-1386052 0 2 419 827
-1387067 8 1 126097
-1387972 131072 1 5179
-1389940 2 1 69497
-1389971 40 1 7433
-1393396 16777216 1 3449
-1393643 524320 1 1123
-1394056 67108864 1 174257
-1394123 3072 1 919
-1394740 2 1 69737
-1394867 32 1 82051
-1395604 4 1 49843
-1396091 2080 1 2003
-1396543 0 2 307 4549
-1398827 0 2 113 12379
-1398916 0 1 349729
-1399012 0 1 349753
-1400968 67109888 1 4733
-1402120 67108866 1 35053
-1402427 16 2 233 463
-1403779 2097168 1 1301
-1404008 67108864 2 223 787
-1404223 0 2 1063 1321
-1404388 0 1 351097
-1404904 67108864 2 151 1163
-1405864 67117056 1 3739
-1406723 262144 1 19813
-1408547 516 1 6491
-1408643 0 2 131 10753
-1408804 0 1 352201
-1409140 2 1 70457
-1412356 8 1 32099
-1412747 4 1 201821
-1413064 67108864 2 173 1021
-1413155 2 2 137 2063
-1413604 0 1 353401
-1416347 0 2 757 1871
-1417043 0 2 173 8191
-1420195 6 1 40577
-1421752 33558528 1 4133
-1422964 128 1 15467
-1423907 128 1 61909
-1425736 67108880 1 13709
-1427416 33554432 2 113 1579
-1428487 0 2 739 1933
-1429096 67110912 1 4357
-1429672 67108864 2 173 1033
-1430728 67108880 1 13757
-1430776 33554496 1 9413
-1430867 16777728 1 457
-1431563 4 1 204509
-1431979 0 2 397 3607
-1432996 131072 1 5347
-1437988 0 2 307 1171
-1440223 32 1 84719
-1440244 16 1 27697
-1440568 33554432 1 180071
-1443016 67174400 1 2957
-1443592 67109888 1 4877
-1445027 0 2 1109 1303
-1447192 33554496 1 9521
-1449019 24 1 10133
-1449323 262144 2 137 149
-1450087 768 1 1613
-1454920 67108866 1 36373
-1455188 4 1 51971
-1455443 8 1 132313
-1457435 6 1 41641
-1458232 33554432 1 182279
-1458347 8 2 233 569
-1459924 0 2 179 2039
-1460531 0 2 257 5683
-1460963 36 1 12277
-1462072 33554432 2 179 1021
-1463896 33554436 1 26141
-1463987 2052 1 5101
-1464323 4 1 209189
-1465651 8 1 133241
-1466312 67108864 1 183289
-1467640 33554434 1 36691
-1469224 67112960 1 4271
-1470856 67125248 1 3469
-1473563 20 1 16193
-1475555 2 1 295111
-1476467 32 1 86851
-1478404 0 2 139 2659
-1479755 2 1 295951
-1480132 0 1 370033
-1482539 0 2 997 1487
-1483547 16 2 139 821
-1486891 4 2 311 683
-1487428 0 1 371857
-1487659 1536 1 1297
-1487848 67108864 2 179 1039
-1488808 67108864 2 149 1249
-1489732 0 2 131 2843
-1490363 4 1 212909
-1492667 8 1 135697
-1493944 33554432 1 186743
-1494616 33554496 1 9833
-1496603 256 1 51607
-1500947 36 1 12613
-1501099 524288 1 20563
-1502884 0 2 179 2099
-1505051 128 1 65437
-1505464 33554432 2 227 829
-1505704 67108864 2 107 1759
-1505716 0 2 337 1117
-1509016 33570816 1 3559
-1511315 18 1 23251
-1511320 33554434 1 37783
-1512328 67108864 1 189041
-1515064 33554432 2 229 827
-1515412 0 2 457 829
-1515803 0 2 677 2239
-1515832 33554432 1 189479
-1517368 33554432 1 189671
-1517867 16400 1 2203
-1518136 33554432 1 189767
-1520915 10 1 27653
-1520963 256 2 179 293
-1523243 0 2 1103 1381
-1523752 68157440 1 2411
-1526152 67108864 1 190769
-1526792 67109120 1 6581
-1527139 262144 2 137 157
-1528547 524288 1 20939
-1530995 130 1 13313
-1531108 0 1 382777
-1531595 18 1 23563
-1531960 33554434 1 38299
-1532939 64 1 80681
-1533748 0 2 131 2927
-1533779 16 2 127 929
-1534355 2 1 306871
-1534756 4096 1 8923
-1535416 33587200 1 3253
-1535528 67108864 2 367 523
-1538260 2 1 76913
-1540036 0 2 131 2939
-1540468 0 2 103 3739
-1540996 0 1 385249
-1541011 0 2 179 8609
-1542244 8 1 35051
-1542803 0 2 271 5693
-1544308 256 1 13313
-1544404 128 1 16787
-1545892 0 2 163 2371
-1546228 65536 1 6337
-1547555 130 1 13457
-1548280 33554434 1 38707
-1548931 1024 1 41863
-1549252 0 1 387313
-1550747 8 1 140977
-1551316 16 1 29833
-1552756 64 1 20431
-1554004 32 1 22853
-1556123 8192 2 113 293
-1556488 67109120 1 6709
-1559080 67108866 1 38977
-1559723 8 1 141793
-1561043 8 2 191 743
-1562147 4128 1 2137
-1563203 0 2 281 5563
-1563556 0 1 390889
-1563844 0 1 390961
-1564891 0 2 379 4129
-1565371 0 2 397 3943
-1567051 16384 1 29567
-1567523 0 2 199 7877
-1570696 67108864 1 196337
-1572952 41943040 1 2027
-1574131 80 1 6373
-1575947 768 1 1753
-1577764 0 2 131 3011
-1578083 80 1 6389
-1578943 32 2 131 709
-1580059 80 1 6397
-1580287 576 1 2683
-1583371 262400 1 769
-1583491 20 1 17401
-1585067 8 2 103 1399
-1586795 6 1 45337
-1589992 67108864 2 233 853
-1590155 6 1 45433
-1592404 8 1 36191
-1595147 4194304 1 17923
-1597403 0 2 107 14929
-1599544 33554432 2 179 1117
-1601416 67108864 1 200177
-1602724 0 1 400681
-1604008 67108868 1 28643
-1607656 67108896 1 11821
-1609096 67108864 2 197 1021
-1609931 128 1 69997
-1615480 33554434 1 40387
-1615667 0 2 479 3373
-1617256 67108864 2 113 1789
-1617508 64 1 21283
-1619524 131072 1 6043
-1619848 67108864 1 202481
-1620443 2056 1 3593
-1621187 256 1 55903
-1622491 16 2 137 911
-1623347 40 1 8681
-1623736 33554432 1 202967
-1625143 16 2 149 839
-1626052 0 1 406513
-1629496 33554440 1 18517
-1632232 67108868 1 29147
-1632628 0 2 431 947
-1633432 33554432 2 191 1069
-1634795 2 2 557 587
-1635028 0 2 151 2707
-1635736 33556480 1 4987
-1635931 8 1 148721
-1636187 2052 1 5701
-1636307 0 2 433 3779
-1636411 4 2 157 1489
-1636612 0 1 409153
-1636952 34078720 1 2803
-1638259 4 2 227 1031
-1641683 0 2 283 5801
-1642687 0 2 383 4289
-1645928 67108864 2 283 727
-1645960 67108866 1 41149
-1648219 16777216 1 16319
-1649524 0 2 151 2731
-1650227 128 2 157 457
-1650571 16 1 126967
-1650739 64 2 283 307
-1651828 1024 1 11161
-1653467 0 2 167 9901
-1655867 2048 1 40387
-1656467 0 3 107 113 137
-1656664 33554432 2 157 1319
-1659155 4098 1 7717
-1660168 67108864 1 207521
-1660835 10 1 30197
-1661332 131072 1 6199
-1661483 0 2 167 9949
-1663939 0 2 277 6007
-1664243 4 1 237749
-1670267 32 1 98251
-1671923 520 1 4903
-1672228 64 1 22003
-1673284 0 1 418321
-1674731 1024 1 45263
-1675540 2 1 83777
-1675651 0 2 769 2179
-1677880 33554434 1 41947
-1678291 32 2 269 367
-1683211 40960 1 607
-1685092 0 1 421273
-1688267 4 2 433 557
-1688723 0 2 263 6421
-1690708 0 2 167 2531
-1691059 0 2 1051 1609
-1691851 16777220 1 2393
-1692379 16 1 130183
-1694260 2 1 84713
-1695112 67108864 1 211889
-1700792 33554688 1 7331
-1702312 67108896 1 12517
-1702667 128 2 181 409
-1703299 16 1 131023
-1705187 8 1 155017
-1707364 0 1 426841
-1708996 0 1 427249
-1709987 2048 2 179 233
-1711067 32 2 251 401
-1711099 4112 1 3061
-1712056 33554432 1 214007
-1712195 2 2 443 773
-1714564 0 2 499 859
-1714643 4 2 397 617
-1715527 2097160 1 1879
-1716088 33554440 1 19501
-1716227 0 2 163 10529
-1716571 0 2 857 2003
-1717480 67108866 1 42937
-1717571 16512 1 1409
-1718315 2 2 281 1223
-1720648 67109888 1 5813
-1721476 64 1 22651
-1721572 0 1 430393
-1722347 8 1 156577
-1722515 514 1 11113
-1723163 2097168 1 1597
-1723684 0 1 430921
-1724143 16384 1 32531
-1725323 8192 1 36709
-1725395 6 1 49297
-1725988 8 1 39227
-1727560 67108866 1 43189
-1729012 0 2 313 1381
-1729411 65536 1 28351
-1730963 8208 1 2833
-1732868 0 2 131 3307
-1733107 0 2 811 2137
-1734436 8 1 39419
-1734955 16386 1 6547
-1735060 2 1 86753
-1737028 4096 1 10099
-1738552 33554432 1 217319
-1738808 33554432 1 217351
-1738927 65792 1 983
-1739003 262148 1 3499
-1740995 131074 1 5197
-1741219 0 2 313 5563
-1741523 4 1 248789
-1741819 4194304 1 19571
-1745123 0 2 569 3067
-1745716 4 1 62347
-1745848 33554448 1 16787
-1746827 16512 1 1433
-1748776 67117056 1 4651
-1748987 0 2 191 9157
-1750888 67108928 1 11519
-1756955 2 1 351391
-1757555 2 2 347 1013
-1757764 0 1 439441
-1758707 8388608 1 18131
-1760644 0 2 179 2459
-1765667 512 1 56957
-1766195 1026 1 9547
-1767160 33554434 1 44179
-1767364 0 1 441841
-1774264 33554432 2 131 1693
-1781092 32768 1 7547
-1781284 0 1 445321
-1781755 2 1 356351
-1781956 8 1 40499
-1785412 0 1 446353
-1786552 33554432 1 223319
-1787476 4194304 1 5021
-1788628 4096 1 10399
-1789171 0 2 503 3557
-1790008 33554440 1 20341
-1793371 0 2 283 6337
-1794676 16 1 34513
-1795048 67108864 2 173 1297
-1797028 0 2 523 859
-1798955 2 2 127 2833
-1799332 0 1 449833
-1800203 4194304 2 113 179
-1801315 2 2 313 1151
-1801432 35651584 1 2713
-1802011 1024 2 113 431
-1802308 0 2 107 4211
-1802536 67108864 2 293 769
-1804595 18 1 27763
-1804792 33554440 1 20509
-1805779 16777280 1 941
-1806811 160 1 4621
-1808371 8388608 2 103 181
-1810708 0 2 109 4153
-1812083 20 1 19913
-1812707 16 1 139439
-1814692 8 1 41243
-1815091 16512 1 1489
-1815448 33554432 2 257 883
-1815556 0 1 453889
-1816888 33554432 1 227111
-1819876 0 1 454969
-1821112 33554496 1 11981
-1821803 0 2 167 10909
-1822696 67110912 1 5557
-1824683 4 2 463 563
-1825108 16384 1 8609
-1826056 67108864 1 228257
-1826372 0 2 563 811
-1826488 33554432 1 228311
-1827355 2 1 365471
-1827683 24 1 12781
-1831972 4096 1 10651
-1833352 83886080 1 2269
-1833859 262272 1 1123
-1834787 0 2 373 4919
-1836292 2097152 1 5531
-1837235 1026 1 9931
-1842395 2 2 157 2347
-1842635 8194 1 7841
-1843672 33554432 2 317 727
-1844779 512 1 59509
-1845940 2 1 92297
-1846120 67108866 1 46153
-1846835 2 2 431 857
-1848979 8 1 168089
-1849099 68 1 13903
-1849115 2 2 257 1439
-1851364 0 1 462841
-1851811 16 2 181 787
-1853003 0 2 173 10711
-1853140 2 1 92657
-1853252 0 1 463313
-1853363 65664 1 1321
-1853828 0 1 463457
-1853899 0 2 313 5923
-1853944 33554496 1 12197
-1855192 33558528 1 5393
-1855915 2 2 107 3469
-1858699 128 2 211 383
-1862212 8 1 42323
-1866952 67108864 2 109 2141
-1867307 16 2 239 601
-1867432 67108868 1 33347
-1867540 2 1 93377
-1869604 8 1 42491
-1870024 67108880 1 17981
-1870523 0 2 139 13457
-1870744 33554432 2 379 617
-1871812 0 1 467953
-1872011 32768 1 31729
-1874363 0 2 151 12413
-1874555 2097154 1 4517
-1874884 8 1 42611
-1875107 8388624 1 1487
-1876132 2097152 1 5651
-1877971 0 2 227 8273
-1879435 34 1 22111
-1879595 2 2 293 1283
-1881251 0 2 127 14813
-1881508 4096 1 10939
-1888427 512 1 60917
-1888792 33554432 2 229 1031
-1889284 64 1 24859
-1889764 4096 1 10987
-1889971 0 2 277 6823
-1890155 2 2 107 3533
-1890760 67108866 1 47269
-1892008 67371008 1 3331
-1892603 1048576 1 23957
-1893619 20 1 20809
-1893688 33685504 1 3533
-1893931 16 1 145687
-1893988 0 1 473497
-1895044 0 1 473761
-1895299 524292 1 3709
-1896355 2 2 347 1093
-1896616 67108864 2 383 619
-1896676 0 1 474169
-1897528 33554688 1 8179
-1898932 4 1 67819
-1900792 33570816 1 4483
-1901908 2048 1 11597
-1902148 4096 1 11059
-1902616 33554432 2 103 2309
-1903051 4096 1 44257
-1903763 256 1 65647
-1904692 8388608 1 4909
-1908115 10 1 34693
-1908235 6 1 54521
-1908244 16 1 36697
-1908467 8 1 173497
-1908532 32768 1 8087
-1909099 256 1 65831
-1910452 0 2 151 3163
-1910788 8 1 43427
-1911844 8 1 43451
-1913371 4096 1 44497
-1913524 0 2 229 2089
-1913956 8 1 43499
-1914683 8388608 1 19739
-1914772 0 2 157 3049
-1916644 64 1 25219
-1916723 0 2 863 2221
-1917499 4160 1 2347
-1919011 32 2 157 719
-1919755 2 1 383951
-1922243 0 2 113 17011
-1923604 0 2 131 3671
-1925944 33554432 1 240743
-1926280 67108866 1 48157
-1927523 131088 1 2213
-1929124 0 1 482281
-1929544 67109120 1 8317
-1930291 8 1 175481
-1931011 32896 1 1423
-1931416 33554432 2 127 1901
-1932532 4 1 69019
-1933864 67125248 1 4561
-1934356 0 2 461 1049
-1937428 128 1 21059
-1937912 33555456 1 6547
-1939144 67108864 1 242393
-1939816 67112960 1 5639
-1940539 1024 2 179 293
-1940692 16 1 37321
-1942132 16384 1 9161
-1942435 10 1 35317
-1942708 512 1 15667
-1944443 160 1 4973
-1946795 2 2 353 1103
-1947448 33554432 1 243431
-1948024 33554448 1 18731
-1948276 8 1 44279
-1949731 262148 1 3923
-1949848 33554560 1 10597
-1951060 2 1 97553
-1953076 2048 1 11909
-1953115 524290 1 5351
-1953955 2 1 390791
-1955512 33554448 1 18803
-1955992 33554688 1 8431
-1956683 32 1 115099
-1960552 67108872 1 22279
-1961371 16512 1 1609
-1963051 0 2 983 1997
-1966411 32768 1 33329
-1968280 33554434 1 49207
-1968472 33554440 1 22369
-1971923 0 2 773 2551
-1972552 67108864 1 246569
-1975699 8 2 293 613
-1976248 33554432 1 247031
-1977352 67108880 1 19013
-1977515 2 2 409 967
-1978216 67108864 2 107 2311
-1982131 8192 2 181 233
-1982747 16 1 152519
-1983083 128 2 151 571
-1984427 32 1 116731
-1984643 1024 1 53639
-1987699 4 1 283957
-1989172 0 2 509 977
-1989235 2 2 131 3037
-1989443 2048 1 48523
-1989448 67108864 2 149 1669
-1990792 67109120 1 8581
-1992772 0 2 131 3803
-1993595 16386 1 7523
-1994872 33554440 1 22669
-1995016 67108864 1 249377
-1996579 16 2 383 401
-1998803 0 2 211 9473
-2001019 544 1 3797
-2005099 1048608 1 1493
-2010499 65664 1 1433
-2011252 0 2 211 2383
-2013595 2 2 257 1567
-2013640 67108866 1 50341
-2015611 16 1 155047
-2017048 33554440 1 22921
-2017291 0 2 463 4357
-2018011 0 2 557 3623
-2019268 0 1 504817
-2023715 1026 1 10939
-2023763 4 1 289109
-2024243 8208 1 3313
-2024884 0 2 491 1031
-2026427 8388624 1 1607
-2027251 8192 1 43133
-2028952 33554432 2 127 1997
-2029492 0 2 313 1621
-2029915 2 2 181 2243
-2030536 67125248 1 4789
-2034155 2 2 257 1583
-2034323 0 2 233 8731
-2041523 8 1 185593
-2044072 67108864 2 197 1297
-2047288 33554496 1 13469
-2053787 32 1 120811
-2053816 33554432 2 149 1723
-2055112 67108864 1 256889
-2058472 67108880 1 19793
-2058979 2064 1 3863
-2061208 50331648 1 2551
-2063899 264192 1 709
-2064587 32772 1 4999
-2067683 0 2 1217 1699
-2067988 16 1 39769
-2068516 0 1 517129
-2068787 4 1 295541
-2068792 33554440 1 23509
-2071480 33554434 1 51787
-2072212 0 2 139 3727
-2075155 2 1 415031
-2075236 0 1 518809
-2077684 4 1 74203
-2078920 67108866 1 51973
-2081963 80 1 8429
-2083307 4096 1 48449
-2084728 33555456 1 7043
-2086067 64 1 109793
-2087128 33554432 2 317 823
-2088571 16384 2 157 251
-2089067 65664 1 1489
-2089355 2 2 103 4057
-2090363 8 2 307 619
-2093752 33554432 2 157 1667
-2095048 67108864 1 261881
-2096731 20 1 23041
-2097923 64 2 109 1013
-2097947 524544 1 991
-2097955 2 1 419591
-2107396 0 2 251 2099
-2107763 4 2 353 853
-2112955 18 1 32507
-2113051 0 2 167 12653
-2113336 33554432 1 264167
-2114488 33570816 1 4987
-2116792 33554432 1 264599
-2117779 0 2 239 8861
-2117956 0 1 529489
-2119048 67108864 1 264881
-2121928 67108864 1 265241
-2122291 512 2 223 307
-2126008 33554432 2 293 907
-2127355 2 1 425471
-2131163 1024 2 239 241
-2132779 2056 1 4729
-2133035 66 1 22453
-2133091 16384 2 167 241
-2133172 512 1 17203
-2135059 0 2 853 2503
-2135992 33554432 1 266999
-2137144 33554432 1 267143
-2139028 0 2 587 911
-2139739 36 1 17981
-2141080 33554434 1 53527
-2142355 2 1 428471
-2142707 1028 1 8273
-2143355 2 1 428671
-2144027 0 2 919 2333
-2145412 0 1 536353
-2146195 2 2 347 1237
-2146339 16 1 165103
-2150987 0 2 367 5861
-2152067 0 2 941 2287
-2154571 128 2 113 829
-2155043 8 1 195913
-2157403 0 2 577 3739
-2158667 4 2 359 859
-2158696 67108864 2 151 1787
-2166952 67141632 1 4591
-2167720 67108866 1 54193
-2167732 4 1 77419
-2168387 16 1 166799
-2169323 16 1 166871
-2169739 24 1 15173
-2170468 4096 1 12619
-2170867 131072 1 32401
-2174971 1280 1 2027
-2175115 514 1 14033
-2176036 0 1 544009
-2176555 2 2 643 677
-2177131 8 1 197921
-2178323 4 1 311189
-2179588 0 1 544897
-2180152 33554448 1 20963
-2180212 64 1 28687
-2180728 33554440 1 24781
-2181323 2099200 1 641
-2182312 67108872 1 24799
-2182744 33554432 2 233 1171
-2184004 0 1 546001
-2184091 20 1 24001
-2184515 2 2 359 1217
-2185283 512 2 157 449
-2186659 32 2 293 439
-2188360 67108866 1 54709
-2190835 2050 1 10687
-2193587 8 1 199417
-2193683 64 2 263 439
-2196280 33554434 1 54907
-2196587 32 2 157 823
-2197432 33554432 1 274679
-2197492 8 1 49943
-2197939 320 1 3989
-2199988 4 1 78571
-2201747 0 2 359 6133
-2201779 16384 1 41543
-2202904 33554440 1 25033
-2203912 67108864 1 275489
-2205259 4 1 315037
-2206787 40 1 11801
-2206835 2 2 449 983
-2206987 256 1 76103
-2207003 0 2 113 19531
-2208280 33554434 1 55207
-2208499 0 2 193 11443
-2208760 33554434 1 55219
-2211155 2 2 107 4133
-2211412 4 1 78979
-2211640 33554434 1 55291
-2212411 524288 1 30307
-2213320 67108866 1 55333
-2214931 1024 1 59863
-2215171 4 1 316453
-2215528 67108868 1 39563
-2215684 0 1 553921
-2217508 0 1 554377
-2218456 33558528 1 6449
-2219464 67108880 1 21341
-2220808 67108864 1 277601
-2223892 8 1 50543
-2225128 67108928 1 14639
-2226203 516 1 10259
-2226691 4194304 2 127 197
-2227355 18 1 34267
-2227588 8 1 50627
-2227864 33554496 1 14657
-2228584 67109888 1 7529
-2232691 1024 1 60343
-2234851 16384 2 149 283
-2238148 8 1 50867
-2238331 0 2 467 4793
-2238587 16 1 172199
-2239336 67108872 1 25447
-2241563 64 1 117977
-2242315 2 2 277 1619
-2245732 0 2 619 907
-2247160 33554434 1 56179
-2248355 2 1 449671
-2250568 67108864 1 281321
-2256139 128 2 233 421
-2258680 33554434 1 56467
-2261635 2 2 199 2273
-2265827 0 2 1459 1553
-2267512 33554448 1 21803
-2268340 2 1 113417
-2268827 8 2 239 863
-2269192 67109120 1 9781
-2270536 67108864 1 283817
-2270867 8390656 1 571
-2274379 32 2 353 379
-2275156 16 1 43753
-2276003 0 2 1223 1861
-2276872 67108880 1 21893
-2276920 33554434 1 56923
-2277347 0 2 617 3691
-2278171 4 1 325453
-2282212 0 1 570553
-2284915 2 2 149 3067
-2285755 2 1 457151
-2286923 0 2 283 8081
-2288392 67108864 1 286049
-2288932 0 1 572233
-2289091 4 2 349 937
-2289208 33619968 1 4691
-2290360 33554434 1 57259
-2290699 32 2 127 1061
-2290771 4194308 1 3677
-2291731 16 2 173 1019
-2291860 2 1 114593
-2298715 66 1 24197
-2299396 8 1 52259
-2301083 16777216 1 22783
-2303272 67108864 2 127 2267
-2303635 2 2 131 3517
-2304724 32 1 33893
-2304868 0 1 576217
-2305636 0 2 107 5387
-2305939 131072 2 127 271
-2306392 33554440 1 26209
-2307595 4098 1 10733
-2308072 67108880 1 22193
-2310004 0 2 271 2131
-2310955 2 1 462191
-2311291 0 2 191 12101
-2311339 128 1 100493
-2311492 0 1 577873
-2312627 128 1 100549
-2312851 2112 1 2969
-2313499 1536 1 2017
-2314291 4 2 179 1847
-2317043 128 1 100741
-2317411 192 1 5303
-2318692 0 1 579673
-2320187 0 2 631 3677
-2322532 0 1 580633
-2322715 2 2 113 4111
-2326852 8 1 52883
-2327755 2 1 465551
-2328155 2 1 465631
-2329219 4194304 1 26171
-2330371 1024 1 62983
-2331947 16512 1 1913
-2334379 0 2 1289 1811
-2337316 0 2 499 1171
-2337451 10240 1 1213
-2338163 1048608 1 1741
-2338651 4 1 334093
-2340472 33555456 1 7907
-2342680 33554434 1 58567
-2342968 33554688 1 10099
-2343892 32 1 34469
-2344084 16384 1 11057
-2344312 33554432 2 181 1619
-2344408 33554440 1 26641
-2344612 0 1 586153
-2346808 33554432 1 293351
-2353576 67239936 1 4391
-2355619 4 2 487 691
-2357299 4 1 336757
-2357512 67108864 2 157 1877
-2359915 130 1 20521
-2360920 33554434 1 59023
-2366539 132 1 14699
-2371555 2 1 474311
-2372251 4 1 338893
-2375195 16386 1 8963
-2376280 33554434 1 59407
-2376292 64 1 31267
-2376467 16384 1 44839
-2377651 0 2 809 2939
-2378387 8 1 216217
-2378515 66 1 25037
-2385715 8388610 1 4919
-2385940 2 1 119297
-2387011 8 1 217001
-2390728 67108864 1 298841
-2391316 4096 1 13903
-2394808 33554448 1 23027
-2395672 33554496 1 15761
-2397172 0 2 229 2617
-2399860 2 1 119993
-2401195 2 2 563 853
-2401699 0 2 1153 2083
-2403139 64 1 126481
-2403331 4 1 343333
-2403640 33554434 1 60091
-2403652 64 1 31627
-2405176 33554432 1 300647
-2407348 256 1 20753
-2407588 0 1 601897
-2410315 2 2 239 2017
-2410819 0 2 379 6361
-2411512 33555456 1 8147
-2414872 34603008 1 3821
-2415748 0 1 603937
-2417387 4 2 197 1753
-2418515 10 1 43973
-2418811 32 2 263 541
-2420539 8 2 197 1117
-2420555 2 1 484111
-2421448 67108864 1 302681
-2421556 524288 1 8293
-2423092 4 1 86539
-2423243 0 2 401 6043
-2423299 32 1 142547
-2425096 67109120 1 10453
-2425427 0 2 617 3931
-2428283 24 1 16981
-2429243 256 2 211 397
-2429332 2048 1 14813
-2429668 0 1 607417
-2430136 33554432 1 303767
-2431771 0 2 613 3967
-2432392 67108864 1 304049
-2432627 64 1 128033
-2433347 4 1 347621
-2436355 34 1 28663
-2440315 2 2 449 1087
-2444011 0 2 521 4691
-2444068 8 1 55547
-2444548 0 1 611137
-2444603 4 2 179 1951
-2451739 0 2 673 3643
-2453155 2 1 490631
-2453299 64 1 129121
-2453371 768 1 2729
-2453627 40 1 13121
-2454259 0 2 107 22937
-2458168 33554432 2 109 2819
-2458787 0 2 263 9349
-2460232 67108864 1 307529
-2461204 0 2 521 1181
-2462308 0 1 615577
-2465032 67108864 1 308129
-2467768 33554432 2 373 827
-2469268 32768 1 10463
-2470408 67108864 1 308801
-2474155 2 2 443 1117
-2474392 33558528 1 7193
-2474788 64 1 32563
-2476643 32784 1 3229
-2477483 1024 1 66959
-2479819 256 2 233 367
-2482408 67108896 1 18253
-2483011 4194432 1 1213
-2483155 2 1 496631
-2484148 262144 1 8747
-2486003 16 1 191231
-2490107 8192 1 52981
-2491099 1040 1 5179
-2495419 4096 2 131 443
-2496568 33554432 1 312071
-2500667 16 2 149 1291
-2501812 16384 1 11801
-2502691 0 2 331 7561
-2502811 0 2 1399 1789
-2506948 0 2 691 907
-2508715 10 1 45613
-2511352 33570816 1 5923
-2513611 0 2 1429 1759
-2515048 67108896 1 18493
-2515435 18 1 38699
-2515768 33554432 2 157 2003
-2516131 128 1 109397
-2517796 0 1 629449
-2518708 256 1 21713
-2522872 33554440 1 28669
-2525299 36 1 21221
-2525683 262144 1 35573
-2529563 128 2 109 1009
-2531128 33554432 1 316391
-2531512 33554432 1 316439
-2531963 36 1 21277
-2532499 278528 1 673
-2533828 8 1 57587
-2536291 64 2 131 1019
-2536552 67108864 2 313 1013
-2541931 65540 1 5953
-2544091 2056 1 5641
-2544979 0 2 373 6823
-2545192 67108880 1 24473
-2545588 0 2 127 5011
-2548067 0 2 911 2797
-2549243 0 2 1471 1733
-2549723 8 2 193 1201
-2552755 2 1 510551
-2553811 528 1 6337
-2553923 64 1 134417
-2555803 524288 2 157 223
-2556827 20 1 28097
-2557307 256 2 163 541
-2562355 2 2 643 797
-2563987 0 2 263 9749
-2566072 33554432 1 320759
-2568148 8 1 58367
-2569480 67108866 1 64237
-2570248 83886080 1 3181
-2573747 2097160 1 2819
-2574868 0 2 269 2393
-2575339 16 2 397 499
-2577412 0 1 644353
-2581763 4096 1 60041
-2587432 67108864 2 503 643
-2587819 80 1 10477
-2588515 2 2 461 1123
-2588728 33554432 1 323591
-2593219 1024 2 109 643
-2594107 1024 1 70111
-2599579 0 2 461 5639
-2606027 524544 1 1231
-2608723 16 1 200671
-2610571 32 1 153563
-2614840 33554434 1 65371
-2615371 524296 1 3257
-2616232 67108896 1 19237
-2617108 16 1 50329
-2618212 0 1 654553
-2618548 0 2 617 1061
-2620243 16777216 1 25943
-2620312 33554464 1 19267
-2621512 67108864 1 327689
-2622499 264 1 8221
-2624212 512 1 21163
-2624443 32 2 317 487
-2625508 0 1 656377
-2625988 0 2 139 4723
-2628280 33554434 1 65707
-2628532 128 1 28571
-2631352 33554432 1 328919
-2631563 8 1 239233
-2632792 33554496 1 17321
-2632888 33554432 1 329111
-2634187 0 2 229 11503
-2636632 33554464 1 19387
-2638723 32 1 155219
-2638792 67108880 1 25373
-2640772 64 1 34747
-2645140 2 1 132257
-2646331 0 2 131 20201
-2647147 0 2 353 7499
-2647171 0 2 367 7213
-2649115 6 1 75689
-2650187 0 2 173 15319
-2655979 0 2 367 7237
-2656819 8 2 149 1621
-2657179 4 1 379597
-2662888 67108928 1 17519
-2663243 8 2 197 1229
-2664739 12 1 34607
-2665720 33554434 1 66643
-2666395 2 2 197 2707
-2667892 4096 1 15511
-2668408 33558528 1 7757
-2668795 4098 1 12413
-2670211 8192 1 56813
-2671219 256 1 92111
-2676619 65544 1 3989
-2677816 33554432 1 334727
-2678068 0 2 193 3469
-2678371 0 2 907 2953
-2678563 64 1 140977
-2679076 64 1 35251
-2679352 33554448 1 25763
-2680468 4 1 95731
-2683396 0 1 670849
-2684488 67174400 1 5501
-2684539 24 1 18773
-2685331 8 1 244121
-2691883 0 2 269 10007
-2692531 4096 1 62617
-2692555 2 1 538511
-2693491 256 2 131 709
-2695907 0 2 1303 2069
-2696452 8 1 61283
-2700052 64 1 35527
-2700232 67108864 1 337529
-2700379 520 1 7919
-2701912 33554464 1 19867
-2702008 33554432 1 337751
-2702515 2050 1 13183
-2703835 2 2 631 857
-2704531 0 2 1193 2267
-2705224 67108864 1 338153
-2706811 0 2 457 5923
-2707267 32 2 163 977
-2708515 1048578 1 6857
-2708971 0 2 139 19489
-2711860 2 1 135593
-2712328 67125248 1 6397
-2713067 68 1 20399
-2714147 0 2 113 24019
-2714683 65536 2 191 233
-2717188 0 1 679297
-2717368 33554432 1 339671
-2718355 2 1 543671
-2719195 131074 1 8117
-2721832 67108864 2 397 857
-2721883 64 1 143257
-2722627 0 2 431 6317
-2723368 67117056 1 7243
-2724019 131072 2 109 373
-2725531 1088 1 3877
-2726659 16 1 209743
-2726692 0 1 681673
-2727748 4096 1 15859
-2729299 32 2 181 887
-2730355 2 1 546071
-2730595 6 1 78017
-2735395 18 1 42083
-2738851 1049600 1 937
-2744248 33554448 1 26387
-2745499 262144 1 38669
-2747107 8 1 249737
-2747371 8 2 379 659
-2751016 67108864 2 347 991
-2751115 2 2 569 967
-2754227 132 1 17107
-2754499 8 1 250409
-2755108 0 1 688777
-2755348 256 1 23753
-2755507 0 2 157 17551
-2755540 2 1 137777
-2757523 256 1 95087
-2757736 67108928 1 18143
-2758219 256 1 95111
-2758699 0 2 997 2767
-2759611 4352 1 2213
-2762707 12288 1 1367
-2762728 67108864 2 197 1753
-2768971 0 2 193 14347
-2772139 288 1 5623
-2772772 0 2 139 4987
-2773048 33554432 2 251 1381
-2773283 0 2 521 5323
-2774059 4096 1 64513
-2774899 0 2 349 7951
-2775635 2 2 181 3067
-2776372 32 1 40829
-2778139 20 1 30529
-2778148 0 2 107 6491
-2778571 0 2 709 3919
-2779528 67108864 2 157 2213
-2779732 0 2 401 1733
-2780659 4 1 397237
-2783131 16 1 214087
-2783867 0 2 281 9907
-2786260 2 1 139313
-2787268 8 1 63347
-2788072 67108868 1 49787
-2788171 16896 1 1697
-2792971 0 2 233 11987
-2793955 2 1 558791
-2795299 80 1 11317
-2795419 8200 1 5407
-2796868 0 1 699217
-2798155 2 1 559631
-2799784 67108880 1 26921
-2800027 262144 2 113 349
-2800411 128 2 313 389
-2801011 1024 1 75703
-2805688 33554432 1 350711
-2806648 33554448 1 26987
-2807395 2 2 277 2027
-2807491 0 2 181 15511
-2807963 0 2 173 16231
-2808323 132 1 17443
-2809747 512 2 233 389
-2809819 4194304 2 131 241
-2810587 16 2 149 1451
-2811595 524290 1 7703
-2811652 0 1 702913
-2814331 1040 1 5851
-2814643 16 2 317 683
-2815012 0 1 703753
-2819464 67108864 2 197 1789
-2820280 33554434 1 70507
-2824427 0 2 1307 2161
-2824459 8 2 433 593
-2830891 36 1 23789
-2836051 0 2 211 13441
-2836408 33554432 1 354551
-2838868 256 1 24473
-2839579 0 2 463 6133
-2841587 2052 1 9901
-2842667 2097408 1 1181
-2842852 0 1 710713
-2843752 67108864 2 373 953
-2846371 72 1 13619
-2850331 8 1 259121
-2851051 131076 1 6079
-2852152 33554432 2 541 659
-2853832 67109120 1 12301
-2854315 16386 1 10771
-2855635 2 2 433 1319
-2856091 4 2 241 1693
-2860936 67108880 1 27509
-2862388 64 1 37663
-2862472 67108864 1 357809
-2863252 4 1 102259
-2865172 1048576 1 9067
-2866291 512 1 92461
-2867563 0 2 1531 1873
-2867971 4096 1 66697
-2869915 16777218 1 5683
-2870779 2048 1 70019
-2872171 128 2 151 827
-2872771 8 2 179 1459
-2873843 4 2 571 719
-2875219 512 2 137 677
-2875843 256 2 131 757
-2877451 512 1 92821
-2880619 2052 1 10037
-2881912 33554440 1 32749
-2884408 33554432 1 360551
-2885515 4098 1 13421
-2887291 8 2 199 1319
-2888392 67108880 1 27773
-2888395 2 2 467 1237
-2892859 131072 1 43177
-2895571 4 1 413653
-2896267 8 2 281 937
-2896459 128 1 125933
-2899444 0 2 163 4447
-2901019 8 1 263729
-2904355 2 1 580871
-2905492 0 2 191 3803
-2909131 0 2 139 20929
-2909227 32 1 171131
-2910259 136 1 11503
-2915812 0 1 728953
-2917555 2 1 583511
-2918035 2 2 307 1901
-2919352 33554432 1 364919
-2920411 16 2 277 811
-2920648 67109120 1 12589
-2924452 0 1 731113
-2926552 33555456 1 9887
-2928355 2 1 585671
-2932195 6 1 83777
-2934376 68157440 1 4643
-2935555 6 1 83873
-2936932 0 1 734233
-2938132 0 2 691 1063
-2939188 4 1 104971
-2939512 33554432 2 109 3371
-2940643 2080 1 4219
-2942611 2052 1 10253
-2943880 67108866 1 73597
-2944795 6 1 84137
-2947432 67108928 1 19391
-2949352 67108868 1 52667
-2949988 0 1 737497
-2950555 130 1 25657
-2951659 160 1 7549
-2955139 8 2 233 1153
-2956228 8 1 67187
-2956804 0 1 739201
-2958211 0 2 127 23293
-2958667 256 1 102023
-2961955 2 1 592391
-2963092 8 1 67343
-2965768 67108880 1 28517
-2965795 6 1 84737
-2970763 0 2 167 17789
-2971252 0 2 223 3331
-2971288 33554944 1 11981
-2971732 2097152 1 8951
-2972611 16384 1 56087
-2974283 16 2 109 2099
-2974612 0 2 113 6581
-2979208 67108864 1 372401
-2981140 2 1 149057
-2982331 264 1 9349
-2982712 33554432 1 372839
-2984488 67108880 1 28697
-2989459 8 1 271769
-2990915 258 1 20627
-2995492 0 2 227 3299
-2995771 196608 1 733
-2999515 2 2 263 2281
-3008296 67108864 2 523 719
-3009523 2056 1 6673
-3011668 8 1 68447
-3014131 1024 1 81463
-3015268 131072 1 11251
-3017188 0 1 754297
-3017611 4096 1 70177
-3019907 8 2 281 977
-3021667 8 1 274697
-3021803 32768 1 51217
-3022411 4 2 113 3821
-3024760 33554434 1 75619
-3026611 4 1 432373
-3028132 131072 1 11299
-3028408 33554432 1 378551
-3028843 524288 1 41491
-3029608 67112960 1 8807
-3029668 0 1 757417
-3029755 2 2 137 4423
-3031480 33554434 1 75787
-3034363 131072 1 45289
-3035515 6 1 86729
-3036355 6 1 86753
-3038659 16 1 233743
-3039907 16 2 197 1187
-3040312 33554440 1 34549
-3041011 2080 1 4363
-3042923 144 1 10177
-3045268 524288 1 10429
-3046612 64 1 40087
-3048355 34 1 35863
-3048952 33554432 2 173 2203
-3049828 32768 1 12923
-3050632 67108880 1 29333
-3051619 524320 1 2459
-3053779 640 1 4283
-3054019 16640 1 1987
-3054052 0 1 763513
-3054088 67108864 1 381761
-3054232 33554432 2 293 1303
-3054763 4160 1 3739
-3061603 64 1 161137
-3062872 41943040 1 3947
-3063859 1056 1 4871
-3064459 256 2 251 421
-3064699 8 1 278609
-3068872 67108864 1 383609
-3069203 131136 1 2411
-3070307 524288 2 137 307
-3072907 8192 1 65381
-3075172 0 1 768793
-3075715 2 2 107 5749
-3076187 0 2 1229 2503
-3078619 128 1 133853
-3078859 4 2 569 773
-3079915 2 2 271 2273
-3081883 4 1 440269
-3083755 2 2 233 2647
-3084955 2 1 616991
-3085972 0 2 593 1301
-3086587 4 1 440941
-3086947 1024 1 83431
-3087019 2097168 1 2861
-3089155 34 1 36343
-3090451 20 1 33961
-3090571 8 2 191 1471
-3091555 2 1 618311
-3094651 4 2 433 1021
-3097651 0 2 449 6899
-3099448 33554440 1 35221
-3099947 0 2 587 5281
-3100792 33554432 2 347 1117
-3101368 33554432 2 139 2789
-3103291 0 2 439 7069
-3103459 32896 1 2287
-3104323 0 2 191 16253
-3107587 4 1 443941
-3110779 36 1 26141
-3111112 67108864 2 157 2477
-3112132 32768 1 13187
-3116212 8 1 70823
-3119203 0 2 449 6947
-3119572 64 1 41047
-3119635 2 2 211 2957
-3120139 264 1 9781
-3120931 8 1 283721
-3121204 512 1 25171
-3122008 33554432 2 397 983
-3122755 2 2 113 5527
-3126388 0 2 139 5623
-3129988 0 1 782497
-3131668 262144 1 11027
-3131995 34 1 36847
-3132211 524288 2 107 401
-3134987 288 1 6359
-3135203 4194304 1 35227
-3137128 67108928 1 20639
-3137587 0 2 163 19249
-3139555 2 1 627911
-3140179 4 1 448597
-3142120 67108866 1 78553
-3144808 67125248 1 7417
-3145528 33554432 1 393191
-3147412 128 1 34211
-3150499 520 1 9239
-3152635 2 2 337 1871
-3154891 0 2 1151 2741
-3154915 2 2 157 4019
-3154987 524296 1 3929
-3156148 0 2 491 1607
-3156643 4 1 450949
-3156907 80 1 12781
-3157459 0 2 149 21191
-3158747 16384 2 107 557
-3158755 2 1 631751
-3159928 33554496 1 20789
-3160852 0 2 503 1571
-3161035 2 2 149 4243
-3167971 0 2 103 30757
-3168808 67110912 1 9661
-3172867 2112 1 4073
-3178411 1024 1 85903
-3180499 4 1 454357
-3181555 18 1 48947
-3182395 130 1 27673
-3184795 4098 1 14813
-3185467 512 2 211 487
-3189091 8192 1 67853
-3191507 8 1 290137
-3194788 0 1 798697
-3196187 32 1 188011
-3200059 128 1 139133
-3200155 6 1 91433
-3200491 4 1 457213
-3201355 34 1 37663
-3203272 67108864 1 400409
-3206296 33587200 1 6793
-3206659 16416 1 3559
-3207268 0 1 801817
-3210763 512 1 103573
-3211099 128 2 149 937
-3212371 32 2 233 811
-3214267 4 1 459181
-3214579 0 2 1663 1933
-3214852 4096 1 18691
-3218131 2052 1 11213
-3218539 1048576 2 131 311
-3223252 0 2 433 1861
-3223411 512 1 103981
-3224299 16 2 197 1259
-3225160 67108866 1 80629
-3227387 1048576 1 40853
-3227395 2 2 293 2203
-3228115 10 1 58693
-3228595 2 2 313 2063
-3228619 512 1 104149
-3230107 768 1 3593
-3230155 2 2 223 2897
-3233467 1024 2 281 311
-3234979 264 1 10141
-3235108 0 1 808777
-3236920 33554434 1 80923
-3237811 2048 2 157 503
-3238627 4 2 127 3643
-3239867 4227072 1 617
-3240472 33554464 1 23827
-3243355 2 1 648671
-3243563 256 1 111847
-3243988 8 1 73727
-3246280 67108866 1 81157
-3246355 6 1 92753
-3247555 2 1 649511
-3248008 67109888 1 10973
-3249748 16384 1 15329
-3250372 0 2 131 6203
-3250852 8 1 73883
-3251848 67108864 1 406481
-3262667 0 2 331 9857
-3262915 2 2 109 5987
-3265480 67108866 1 81637
-3266155 2 2 313 2087
-3266227 32 2 229 839
-3268243 8 1 297113
-3268555 2 1 653711
-3268852 128 1 35531
-3270443 40 1 17489
-3271912 67108868 1 58427
-3272728 33554432 2 313 1307
-3273595 18 1 50363
-3275371 8 2 167 1783
-3278779 131076 1 6991
-3278947 4 1 468421
-3279835 18 1 50459
-3281035 2 2 197 3331
-3282139 36 1 27581
-3283195 1026 1 17747
-3284632 33554448 1 31583
-3284755 2 1 656951
-3285859 1024 1 88807
-3286027 2048 1 80147
-3287428 0 1 821857
-3288523 1028 1 12697
-3290851 0 2 131 25121
-3291043 4 1 470149
-3295912 67108864 2 167 2467
-3297172 65536 1 13513
-3297307 16 1 253639
-3301219 0 2 1087 3037
-3301432 33554432 2 563 733
-3302347 0 2 487 6781
-3304312 33554440 1 37549
-3308995 2 2 397 1667
-3312211 4 1 473173
-3313531 16 1 254887
-3314827 4096 2 127 607
-3315979 128 1 144173
-3317347 8 1 301577
-3317752 33554432 2 229 1811
-3318331 64 1 174649
-3321844 128 1 36107
-3321880 33554434 1 83047
-3323419 2056 1 7369
-3326632 67108864 2 631 659
-3326683 524288 2 199 229
-3327083 8448 1 2441
-3327595 1026 1 17987
-3328195 18 1 51203
-3330811 8 1 302801
-3331876 0 1 832969
-3331939 524304 1 3511
-3332755 2 2 373 1787
-3332779 512 1 107509
-3334552 33554448 1 32063
-3334888 67108864 2 139 2999
-3335512 33554432 2 293 1423
-3339832 33554432 1 417479
-3340603 4 1 477229
-3344179 32768 1 56681
-3344539 8 1 304049
-3344728 33554432 2 157 2663
-3349819 264 1 10501
-3350011 4 1 478573
-3350152 67108880 1 32213
-3351499 32 1 197147
-3354907 10240 1 1741
-3357067 4 1 479581
-3358435 34 1 39511
-3359092 8 1 76343
-3359416 33554432 1 419927
-3361048 33570816 1 7927
-3362491 8 2 239 1279
-3367288 33554432 2 347 1213
-3371899 32 1 198347
-3374635 10 1 61357
-3377147 0 2 109 30983
-3377971 0 2 349 9679
-3378808 33554496 1 22229
-3382027 8 2 131 2347
-3383419 16 1 260263
-3384628 16 1 65089
-3385555 2 1 677111
-3385672 67108864 1 423209
-3394723 262144 2 137 349
-3397915 2 2 389 1747
-3399619 0 2 167 20357
-3399691 0 2 163 20857
-3400168 67117056 1 9043
-3401092 0 1 850273
-3401848 33619968 1 6971
-3402947 256 2 271 433
-3403288 33554436 1 60773
-3403684 0 2 523 1627
-3403912 67108864 1 425489
-3404872 67108864 1 425609
-3405883 80 1 13789
-3408187 0 2 193 17659
-3408868 4096 1 19819
-3409528 33554432 2 563 757
-3410488 33554432 1 426311
-3410659 36 1 28661
-3415243 272 1 9059
-3416788 128 1 37139
-3417691 2097152 1 41177
-3419572 16 1 65761
-3420451 32 1 201203
-3422008 33554432 1 427751
-3423259 65540 1 8017
-3424315 2 2 137 4999
-3428155 2 1 685631
-3428659 8388624 1 2719
-3428731 0 2 263 13037
-3429955 2 1 685991
-3431539 131072 1 51217
-3434027 0 2 839 4093
-3434563 8 1 312233
-3436283 2097216 1 2179
-3438628 0 1 859657
-3439171 576 1 5839
-3439403 8 1 312673
-3440452 0 1 860113
-3442792 67108864 2 337 1277
-3444955 8388610 1 7103
-3445864 67108864 2 569 757
-3454168 33556480 1 10531
-3454888 67109376 1 13931
-3457627 0 2 241 14347
-3458155 2 1 691631
-3465043 0 2 701 4943
-3469003 32 1 204059
-3470392 33554432 2 373 1163
-3476971 0 2 103 33757
-3479179 8 2 211 1499
-3480307 0 2 1567 2221
-3480331 1024 1 94063
-3483955 16386 1 13147
-3488467 0 2 1721 2027
-3491812 0 1 872953
-3493480 67108866 1 87337
-3497659 8 1 317969
-3498916 0 1 874729
-3498955 2 1 699791
-3507508 32 1 51581
-3507715 2 2 191 3673
-3509011 8 1 319001
-3509611 4 2 139 3607
-3510667 16384 1 66239
-3513811 4 2 223 2251
-3515908 8 1 79907
-3517339 8196 1 10691
-3520555 2 1 704111
-3523459 0 2 281 12539
-3523528 67108864 1 440441
-3524536 33554432 1 440567
-3524539 0 2 229 15391
-3524728 33554496 1 23189
-3527812 0 1 881953
-3529363 0 2 149 23687
-3531043 264192 1 1213
-3532888 33556480 1 10771
-3533272 33562624 1 9397
-3535843 64 1 186097
-3538648 33554432 2 631 701
-3538888 67108864 2 173 2557
-3542008 33554432 2 373 1187
-3542452 0 2 607 1459
-3546739 4194308 1 5693
-3551032 33554432 1 443879
-3551179 8192 1 75557
-3558187 64 1 187273
-3558235 2 2 547 1301
-3558328 33554432 1 444791
-3560563 2048 1 86843
-3570568 67108864 2 229 1949
-3572035 2 2 181 3947
-3573859 4128 1 4889
-3575227 0 2 151 23677
-3575860 2 1 178793
-3581683 4 1 511669
-3582184 67108928 1 23567
-3582808 34603008 1 5669
-3585763 65792 1 2027
-3586312 67174400 1 7349
-3590395 2 2 523 1373
-3592612 0 1 898153
-3593155 2 2 103 6977
-3595531 4096 1 83617
-3596872 67108864 1 449609
-3599755 2 1 719951
-3608635 2 2 269 2683
-3608755 524290 1 9887
-3611395 34 1 42487
-3611731 2048 2 137 643
-3614803 1048576 1 45757
-3615844 0 2 331 2731
-3617155 2 2 457 1583
-3618088 67108864 2 617 733
-3619027 128 1 157349
-3619219 512 2 313 373
-3621811 0 2 1801 2011
-3622651 256 1 124919
-3624403 0 2 263 13781
-3625528 33554432 2 229 1979
-3627643 0 2 509 7127
-3629992 67108864 2 311 1459
-3633352 67109120 1 15661
-3633787 256 1 125303
-3641635 66 1 38333
-3642355 2 1 728471
-3642547 8256 1 4079
-3643672 33554432 2 613 743
-3648292 4096 1 21211
-3648403 264 1 11437
-3651832 33554432 2 283 1613
-3652132 8 1 83003
-3652291 4096 2 157 541
-3653515 2 2 107 6829
-3654808 33554432 2 461 991
-3655603 4 1 522229
-3656035 65538 1 11987
-3656899 0 2 521 7019
-3658792 67108928 1 24071
-3662488 33685504 1 6833
-3663412 0 2 197 4649
-3665092 0 1 916273
-3665107 8448 1 2689
-3665323 0 2 233 15731
-3667507 0 2 419 8753
-3669451 64 2 151 1279
-3676291 64 2 181 1069
-3676523 0 2 127 28949
-3679288 33554688 1 15859
-3679411 0 2 1129 3259
-3681112 33554464 1 27067
-3682267 0 2 653 5639
-3683491 4 1 526213
-3684979 0 2 181 20359
-3685651 32 1 216803
-3687331 0 2 389 9479
-3690388 16 1 70969
-3691768 33570816 1 8707
-3693592 33554436 1 65957
-3694072 33554432 2 277 1667
-3695848 67108880 1 35537
-3702595 18 1 56963
-3703912 67108864 2 107 4327
-3704488 67125248 1 8737
-3707572 8 1 84263
-3708259 262400 1 1801
-3709528 50331648 1 4591
-3709555 130 1 32257
-3711643 16400 1 5387
-3712132 0 2 883 1051
-3715963 64 2 257 761
-3717643 0 2 1523 2441
-3717763 131076 1 7927
-3720595 130 1 32353
-3721003 24 1 26021
-3722155 2 1 744431
-3724987 4 1 532141
-3725848 33554436 1 66533
-3726952 67108864 2 103 4523
-3728008 67109120 1 16069
-3728035 2 2 409 1823
-3730627 131072 1 55681
-3732595 2 2 683 1093
-3733339 0 2 1747 2137
-3733732 0 1 933433
-3743092 0 2 631 1483
-3744211 512 2 269 449
-3744931 0 2 173 21647
-3745027 24 1 26189
-3748267 69632 1 1429
-3750520 33554434 1 93763
-3750523 36 1 31517
-3750907 512 1 120997
-3752083 0 2 227 16529
-3753739 8 2 127 2687
-3754468 0 1 938617
-3758363 4 1 536909
-3758683 160 1 9613
-3761755 2 1 752351
-3762571 0 2 109 34519
-3767908 0 2 163 5779
-3767992 33554432 1 470999
-3769291 32 1 221723
-3769579 8 2 263 1303
-3773368 33554432 1 471671
-3775060 2 1 188753
-3780235 2097154 1 9109
-3781891 0 2 443 8537
-3783880 67108866 1 94597
-3784708 0 1 946177
-3786808 33554432 1 473351
-3789832 67108864 1 473729
-3790648 33554688 1 16339
-3797155 2 1 759431
-3802891 0 2 1409 2699
-3806755 2 1 761351
-3807211 32768 2 173 373
-3808228 0 1 952057
-3809320 67108866 1 95233
-3810667 1028 1 14713
-3812563 0 2 1367 2789
-3813688 33554432 2 293 1627
-3815395 34 1 44887
-3822331 544 1 7253
-3828628 32768 1 16223
-3830683 0 2 1249 3067
-3836467 512 1 123757
-3839635 2 2 631 1217
-3840379 128 1 166973
-3840427 1048576 2 173 281
-3842155 2 1 768431
-3847843 8192 1 81869
-3852715 2 2 103 7481
-3852763 64 1 202777
-3853291 1040 1 8011
-3858643 32 2 353 643
-3861043 524288 2 227 233
-3861955 2 1 772391
-3866371 0 2 199 19429
-3867019 8208 1 6329
-3869323 0 2 1361 2843
-3870568 67108880 1 37217
-3876244 0 2 241 4021
-3878155 1026 1 20963
-3882235 6 1 110921
-3882811 8192 1 82613
-3884248 33554432 2 397 1223
-3884728 33554432 2 149 3259
-3887443 4 1 555349
-3888595 2 2 167 4657
-3889723 1064960 1 929
-3890539 0 2 149 26111
-3894427 0 2 211 18457
-3895523 0 2 307 12689
-3895915 1026 1 21059
-3895972 4096 1 22651
-3902452 32 1 57389
-3903355 2 1 780671
-3904267 0 2 827 4721
-3906355 2 1 781271
-3907435 6 1 111641
-3909787 4 1 558541
-3910987 0 2 1367 2861
-3912523 0 2 1693 2311
-3914707 0 2 1031 3797
-3916363 264 1 12277
-3917428 0 2 487 2011
-3918355 6 1 111953
-3919195 6 1 111977
-3919459 0 2 103 38053
-3925195 131074 1 11717
-3927499 256 1 135431
-3928516 64 1 51691
-3930595 2 2 293 2683
-3932227 16 2 131 2309
-3932395 2 2 613 1283
-3934792 67108864 2 149 3301
-3938563 0 2 107 36809
-3939883 524800 1 1741
-3940948 8 1 89567
-3942712 33554432 1 492839
-3943387 524292 1 7717
-3947092 0 2 197 5009
-3949171 0 2 601 6571
-3951028 0 2 383 2579
-3954139 131076 1 8431
-3955555 2 1 791111
-3962755 2 1 792551
-3967672 33554432 1 495959
-3969172 256 1 34217
-3974827 2304 1 3343
-3976312 33554432 2 643 773
-3978388 1024 1 26881
-3979588 64 1 52363
-3979843 4 1 568549
-3983128 33554944 1 16061
-3984307 262176 1 3301
-3986635 2050 1 19447
-3988699 24 1 27893
-3989251 4 1 569893
-3989635 18 1 61379
-3989848 33554496 1 26249
-3990148 0 2 571 1747
-3990235 2 2 197 4051
-3990739 0 2 277 14407
-3991795 2 2 227 3517
-3992971 0 2 1193 3347
-3993115 6 1 114089
-3995107 0 2 131 30497
-3996187 16 1 307399
-3996235 262146 1 11257
-4001363 0 2 397 10079
-4003195 6 1 114377
-4003747 8 1 363977
-4004923 16 2 239 1289
-4005112 33554432 2 683 733
-4008355 18 1 61667
-4009267 2048 1 97787
-4011643 32 1 235979
-4018792 67109888 1 13577
-4021480 67108866 1 100537
-4022299 8388608 1 41467
-4022932 512 1 32443
-4023547 264 1 12613
-4024963 65536 1 65983
-4029832 67108864 2 197 2557
-4032787 8 2 197 1861
-4032931 131076 1 8599
-4034251 80 1 16333
-4035355 2 1 807071
-4036411 0 2 499 8089
-4037539 8 1 367049
-4039492 0 1 1009873
-4040248 33554432 1 505031
-4041592 33554432 2 557 907
-4042003 68 1 30391
-4042339 260 1 19913
-4042552 33554432 1 505319
-4042699 0 2 359 11261
-4044547 16 2 421 739
-4047268 0 1 1011817
-4049299 320 1 7349
-4049587 160 1 10357
-4051555 2 2 107 7573
-4054315 66 1 42677
-4054555 130 1 35257
-4055731 0 2 1103 3677
-4056355 16386 1 15307
-4060819 4 2 163 3559
-4064491 65664 1 2897
-4068772 0 1 1017193
-4070155 2 1 814031
-4073059 2097664 1 1583
-4073848 33555456 1 13763
-4076203 65600 1 3517
-4076707 16384 1 76919
-4077355 2 1 815471
-4079608 33554448 1 39227
-4082131 64 1 214849
-4082488 33554432 1 510311
-4083355 2 2 547 1493
-4087723 1024 1 110479
-4088008 67108864 1 511001
-4092955 4098 1 19037
-4093912 33554432 2 151 3389
-4093987 4160 1 5011
-4094371 0 2 149 27479
-4095739 0 2 1063 3853
-4097032 67108864 2 373 1373
-4097635 66 1 43133
-4099123 8388612 1 6037
-4099387 8192 1 87221
-4104739 0 2 1787 2297
-4107331 0 2 103 39877
-4117867 16 1 316759
-4118203 256 1 142007
-4119928 33554432 2 107 4813
-4120888 33554432 1 515111
-4124755 2 1 824951
-4125883 544 1 7829
-4130872 33554432 1 516359
-4132612 8 1 93923
-4133188 0 1 1033297
-4136632 33554432 1 517079
-4137835 18 1 63659
-4137931 4 2 397 1489
-4139707 24 1 28949
-4140019 528 1 10273
-4142131 4 2 157 3769
-4142611 40 1 22153
-4147819 16 2 151 2113
-4148107 1024 1 112111
-4149940 2 1 207497
-4151032 33554432 2 397 1307
-4155355 2 1 831071
-4155595 2 2 887 937
-4155787 8448 1 3049
-4156891 32 2 439 557
-4157371 64 1 218809
-4165555 2 2 457 1823
-4167355 2 2 503 1657
-4169107 0 2 797 5231
-4170283 16 1 320791
-4170403 256 1 143807
-4171555 2 1 834311
-4173460 2 1 208673
-4173931 0 2 311 13421
-4176148 16777216 1 10337
-4178107 32 1 245771
-4179907 524288 1 57259
-4182931 8388864 1 1487
-4183411 524320 1 3371
-4183939 0 2 757 5527
-4184539 65536 2 181 379
-4186099 16448 1 4157
-4193092 0 1 1048273
-4193947 4194304 1 47123
-4194307 80 1 16981
-4194388 8 1 95327
-4200931 524292 1 8221
-4205155 2 2 313 2687
-4208843 32 1 247579
-4212715 18 1 64811
-4213939 1050624 1 1301
-4214788 0 1 1053697
-4215355 16386 1 15907
-4216459 48 1 19079
-4217059 12 1 54767
-4217587 8 1 383417
-4217992 67109120 1 18181
-4217995 2 2 523 1613
-4218019 80 1 17077
-4219972 0 1 1054993
-4220395 2 2 457 1847
-4221739 0 2 257 16427
-4223803 32 2 367 677
-4223899 0 2 907 4657
-4224868 0 1 1056217
-4225795 6 1 120737
-4228195 2 2 347 2437
-4234195 6 1 120977
-4236115 18 1 65171
-4237579 0 2 1693 2503
-4239283 0 2 883 4801
-4239988 65536 1 17377
-4242187 64 1 223273
-4244155 2 2 107 7933
-4245571 264 1 13309
-4245883 16384 1 80111
-4248148 4194304 1 11933
-4251883 69632 1 1621
-4253323 0 2 167 25469
-4253491 524296 1 5297
-4255627 32 2 173 1447
-4259755 8388610 1 8783
-4259812 0 1 1064953
-4260163 4194304 2 151 317
-4260712 67108928 1 28031
-4263928 33554688 1 18379
-4265803 0 2 127 33589
-4271395 8388610 1 8807
-4274203 1024 2 331 349
-4275499 256 2 379 389
-4281955 2 1 856391
-4289140 2 1 214457
-4293619 8 2 109 3581
-4294852 0 1 1073713
-4297555 2 2 197 4363
-4297747 512 1 138637
-4297819 64 1 226201
-4300648 67108872 1 48871
-4302148 0 1 1075537
-4302628 8 1 97787
-4302883 4194320 1 3719
-4304008 67108864 1 538001
-4307752 67108864 2 463 1163
-4310155 2 1 862031
-4310548 8 1 97967
-4314811 524288 1 59107
-4315627 8388608 1 44491
-4317907 8 2 173 2269
-4319587 0 2 233 18539
-4324267 64 1 227593
-4324723 80 1 17509
-4326931 4 2 139 4447
-4327192 33554432 2 131 4129
-4327267 8388612 1 6373
-4327987 0 2 1933 2239
-4328203 8 1 393473
-4329208 33554448 1 41627
-4329643 0 2 199 21757
-4330843 8 1 393713
-4334587 1024 2 193 607
-4337251 1024 1 117223
-4338955 2 2 127 6833
-4344595 524290 1 11903
-4345627 24 1 30389
-4348051 0 2 1559 2789
-4349203 0 2 1667 2609
-4350355 2 2 733 1187
-4353067 0 2 311 13997
-4354555 2 1 870911
-4355203 8421376 1 761
-4356523 512 1 140533
-4356619 34816 1 1801
-4357171 20 1 47881
-4358707 128 1 189509
-4361467 136 1 17239
-4361755 2 1 872351
-4365643 0 2 251 17393
-4367092 0 2 457 2389
-4368763 260 1 21521
-4369528 33554432 2 317 1723
-4370995 1026 1 23627
-4372132 0 1 1093033
-4373608 67108864 2 211 2591
-4374667 8 1 397697
-4376419 256 2 229 659
-4378987 1088 1 6229
-4382035 6 1 125201
-4383019 0 2 1033 4243
-4385515 2 2 163 5381
-4389016 33554432 2 523 1049
-4390315 2 2 139 6317
-4390852 0 2 107 10259
-4392760 33554434 1 109819
-4399795 16386 1 16603
-4402195 6 1 125777
-4402723 16 2 269 1259
-4405732 0 1 1101433
-4405915 524290 1 12071
-4407412 0 2 139 7927
-4408072 67108864 2 197 2797
-4412899 0 2 163 27073
-4413448 67108880 1 42437
-4416952 33554432 2 229 2411
-4419547 8 2 131 3067
-4420315 2 2 827 1069
-4420579 2048 2 137 787
-4422091 32 2 269 967
-4432339 64 2 263 887
-4435699 524288 1 60763
-4439347 8 1 403577
-4441843 260 1 21881
-4443268 0 1 1110817
-4443283 80 1 17989
-4448728 33554432 2 359 1549
-4450027 5120 1 2797
-4450123 64 1 234217
-4451371 0 2 2083 2137
-4452595 6 1 127217
-4453828 64 1 58603
-4454755 130 1 38737
-4455283 4 1 636469
-4456771 40 1 23833
-4461619 0 2 367 12157
-4462027 256 2 251 613
-4466179 0 2 157 28447
-4466659 0 2 211 21169
-4467208 67108864 1 558401
-4468315 2 2 877 1019
-4468483 49152 1 1429
-4469035 2 2 523 1709
-4469272 33554432 2 179 3121
-4469827 32 2 241 1091
-4470211 128 2 263 739
-4473352 67108880 1 43013
-4474123 0 2 109 41047
-4474603 16777220 1 6329
-4477348 0 2 227 4931
-4478755 2 2 113 7927
-4479235 2 2 367 2441
-4481332 0 2 467 2399
-4481971 16 2 109 3163
-4485811 8 1 407801
-4486372 8 1 101963
-4487155 2 2 337 2663
-4487947 0 2 739 6073
-4488595 34 1 52807
-4488859 1048576 1 56821
-4489003 32 1 264059
-4493155 2 2 293 3067
-4496323 16 2 157 2203
-4497508 0 1 1124377
-4498627 516 1 20731
-4500280 33554434 1 112507
-4504459 0 2 557 8087
-4506868 0 2 103 10939
-4507315 2097154 1 10861
-4508347 0 2 1193 3779
-4519987 0 2 223 20269
-4522315 6 1 129209
-4528027 8196 1 13763
-4532851 512 1 146221
-4534123 8 1 412193
-4535668 32 1 66701
-4539592 67108864 1 567449
-4545355 2 1 909071
-4545955 2 2 263 3457
-4547395 2 2 443 2053
-4547860 2 1 227393
-4550539 65540 1 10657
-4552243 32 2 331 809
-4553467 65568 1 4391
-4555048 67108896 1 33493
-4555603 16 1 350431
-4556443 0 2 293 15551
-4560595 18 1 70163
-4565731 256 2 313 503
-4565995 6 1 130457
-4572808 67108864 1 571601
-4572955 2 1 914591
-4574728 67108864 1 571841
-4576411 16777220 1 6473
-4577947 40 1 24481
-4583683 16777232 1 3491
-4584883 32 2 283 953
-4592632 33554440 1 52189
-4592932 0 2 787 1459
-4594907 262144 1 64717
-4597627 0 2 1607 2861
-4604563 262144 1 64853
-4605667 8 2 293 1429
-4607635 65538 1 15107
-4611715 514 1 29753
-4613443 2080 1 6619
-4614835 130 1 40129
-4616635 131074 1 13781
-4617139 8192 2 193 509
-4617652 16 1 88801
-4617988 64 1 60763
-4618603 8 1 419873
-4622059 16 2 167 2129
-4627483 16388 1 12473
-4629547 8208 1 7577
-4629907 8421376 1 809
-4637635 2 2 641 1447
-4644283 16777220 1 6569
-4644595 2 2 347 2677
-4649995 6 1 132857
-4653067 0 2 383 12149
-4654948 0 1 1163737
-4659832 33554432 2 619 941
-4661467 0 2 829 5623
-4663171 256 2 113 1423
-4666291 4 2 233 2861
-4666795 6 1 133337
-4666852 0 1 1166713
-4667812 0 1 1166953
-4673755 2 2 137 6823
-4677547 4 1 668221
-4677595 18 1 71963
-4678267 8 1 425297
-4679992 33554432 1 584999
-4681027 16 2 397 907
-4685272 33554432 2 163 3593
-4685803 0 2 191 24533
-4688347 512 1 151237
-4698043 4194308 1 7541
-4699315 1048578 1 11897
-4700443 1032 1 11549
-4700488 67108880 1 45197
-4702315 4194306 1 10567
-4703155 130 1 40897
-4705723 65544 1 7013
-4705987 24 1 32909
-4708195 2 2 173 5443
-4710388 512 1 37987
-4713955 2 2 457 2063
-4714603 64 1 248137
-4716772 0 1 1179193
-4718203 1028 1 18217
-4722235 6 1 134921
-4722811 64 1 248569
-4724731 8 1 429521
-4727188 524288 1 16189
-4738243 0 2 127 37309
-4738387 2097152 1 57089
-4740691 16512 1 3889
-4741843 0 2 1291 3673
-4743832 34078720 1 8123
-4745083 4 2 557 1217
-4746283 2048 1 115763
-4748155 2 1 949631
-4752619 0 2 107 44417
-4756507 4 1 679501
-4757668 0 1 1189417
-4758499 16384 1 89783
-4770883 2064 1 8951
-4773652 16 1 91801
-4774507 0 2 1279 3733
-4776307 16384 2 227 397
-4776547 0 2 1447 3301
-4782355 34 1 56263
-4783195 130 1 41593
-4784011 0 2 181 26431
-4784851 128 1 208037
-4785907 4 1 683701
-4789027 16384 1 90359
-4790395 2 2 167 5737
-4792723 16 2 317 1163
-4793323 256 1 165287
-4797115 262146 1 13513
-4799971 8 2 131 3331
-4803331 16 1 369487
-4804555 6 1 137273
-4805827 144 1 16073
-4806427 32 2 167 1693
-4809067 0 2 157 30631
-4810603 4 2 229 3001
-4811419 256 2 251 661
-4812868 0 1 1203217
-4814131 524292 1 9421
-4817059 528 1 11953
-4820392 67108864 2 181 3329
-4820755 2 1 964151
-4825283 65536 1 79103
-4825723 4 1 689389
-4826728 67108864 2 547 1103
-4829368 33554432 2 211 2861
-4831339 64 1 254281
-4831387 8 1 439217
-4831627 65536 2 103 769
-4833592 33554432 2 197 3067
-4834483 0 2 167 28949
-4835107 0 2 2029 2383
-4836835 2 2 839 1153
-4836955 2 1 967391
-4837483 65540 1 11329
-4841848 33554440 1 55021
-4842931 0 2 733 6607
-4846507 0 2 167 29021
-4852123 65568 1 4679
-4853035 10 1 88237
-4854712 33554432 1 606839
-4858228 0 2 107 11351
-4858387 0 2 673 7219
-4866883 4 1 695269
-4878955 524290 1 13367
-4884547 0 2 127 38461
-4886260 2 1 244313
-4887955 2 1 977591
-4888291 0 2 997 4903
-4888603 0 2 991 4933
-4888648 67108864 1 611081
-4893283 32768 2 197 421
-4893988 8 1 111227
-4895923 512 1 157933
-4899988 2097152 1 14759
-4900363 32784 1 6389
-4902523 8192 1 104309
-4902547 16 2 149 2531
-4902667 12 1 63671
-4902955 2 1 980591
-4903672 33554496 1 32261
-4909699 2097152 2 149 397
-4926403 16384 1 92951
-4926835 1048578 1 12473
-4926883 1040 1 10243
-4929067 24 1 34469
-4931032 33554496 1 32441
-4932403 4 2 173 4073
-4934539 32 2 109 2663
-4938715 2 2 677 1459
-4940728 33554448 1 47507
-4947595 34 1 58207
-4949371 4 1 707053
-4951048 67125248 1 11677
-4953019 0 2 2089 2371
-4953883 262152 1 6343
-4957555 2 1 991511
-4957867 0 2 211 23497
-4959907 512 2 193 829
-4961227 0 2 1709 2903
-4968067 16 2 257 1487
-4970515 10 1 90373
-4971640 33554434 1 124291
-4971835 10 1 90397
-4972387 4 1 710341
-4984147 4 1 712021
-4985635 4098 1 23189
-4985755 2 1 997151
-4985923 64 2 397 661
-4987243 0 2 1123 4441
-4989931 1024 2 157 859
-4996132 0 1 1249033
-5000248 33554440 1 56821
-5002267 32 1 294251
-5002372 0 1 1250593
-5004187 0 2 251 19937
-5005963 0 2 1021 4903
-5007979 32800 1 4993
-5009155 2 1 1001831
-5009203 32 1 294659
-5011987 512 2 107 1511
-5020003 16777344 1 2161
-5023915 18 1 77291
-5026708 0 2 293 4289
-5032708 0 1 1258177
-5036443 0 2 733 6871
-5037355 34 1 59263
-5042467 2112 1 6473
-5042755 131074 1 15053
-5046931 0 2 229 22039
-5048347 4194304 2 131 433
-5053123 2097280 1 2647
-5057155 2 1 1011431
-5058628 0 1 1264657
-5059411 524292 1 9901
-5061547 0 2 349 14503
-5063155 2 1 1012631
-5063755 2 1 1012751
-5064523 1024 1 136879
-5068003 64 2 359 743
-5082187 524296 1 6329
-5082955 131074 1 15173
-5084059 1024 2 313 439
-5087755 2 1 1017551
-5088868 32768 1 21563
-5096452 0 1 1274113
-5098027 8 1 463457
-5106787 4 2 173 4217
-5107267 16777224 1 4597
-5107723 0 2 263 19421
-5107939 32 2 113 2659
-5114995 2 2 827 1237
-5115412 0 2 677 1889
-5115892 0 2 199 6427
-5117467 262144 1 72077
-5119315 2 2 397 2579
-5119363 160 1 13093
-5119732 0 2 271 4723
-5127883 0 2 1609 3187
-5129203 0 2 241 21283
-5133067 0 2 293 17519
-5138707 4 2 269 2729
-5139715 6 1 146849
-5140867 2048 1 125387
-5143003 0 2 647 7949
-5143195 2 2 113 9103
-5143723 16 1 395671
-5143972 0 1 1285993
-5150683 8192 1 109589
-5152792 33619968 1 10559
-5153083 16 2 389 1019
-5154883 4096 1 119881
-5158168 33554432 2 173 3727
-5158507 0 2 593 8699
-5161171 0 2 409 12619
-5161603 0 2 863 5981
-5169208 33554440 1 58741
-5170132 8 1 117503
-5175835 6 1 147881
-5175955 2 1 1035191
-5179195 6 1 147977
-5179387 512 1 167077
-5183227 4 1 740461
-5186563 320 1 9413
-5187268 0 1 1296817
-5188099 2052 1 18077
-5193892 8 1 118043
-5198107 32 1 305771
-5198131 0 2 173 30047
-5198683 4 2 677 1097
-5200147 32 2 113 2707
-5202955 2 2 283 3677
-5204851 0 2 1601 3251
-5205187 16 2 431 929
-5208211 8192 1 110813
-5209528 33554432 1 651191
-5210731 2112 1 6689
-5211403 0 2 1163 4481
-5214787 0 3 103 197 257
-5214808 33816576 1 9181
-5215828 0 2 191 6827
-5216203 64 2 281 977
-5221192 67108864 2 157 4157
-5222611 1048576 1 66109
-5223907 16 1 401839
-5224363 1024 1 141199
-5224888 33554432 1 653111
-5229883 64 2 409 673
-5232523 128 1 227501
-5232739 0 2 271 19309
-5235715 131074 1 15629
-5235787 0 2 181 28927
-5244052 8 1 119183
-5246059 20 1 57649
-5246740 2 1 262337
-5247715 10 1 95413
-5248507 264 1 16453
-5248867 65552 1 6619
-5252827 0 2 1523 3449
-5257891 0 2 163 32257
-5258803 8 2 191 2503
-5261155 2 1 1052231
-5262403 16777216 1 52103
-5264011 262144 2 151 491
-5264755 16386 1 19867
-5264947 512 1 169837
-5265892 0 2 467 2819
-5267992 33587200 1 11161
-5270227 0 2 233 22619
-5272408 33554432 2 353 1867
-5290168 33554448 1 50867
-5295067 8192 2 113 997
-5296963 4 1 756709
-5297323 10240 1 2749
-5298379 0 2 367 14437
-5299288 33555456 1 17903
-5304907 262144 1 74717
-5306347 8192 1 112901
-5310859 8192 1 112997
-5311828 0 2 709 1873
-5311912 67109376 1 21419
-5314555 2 1 1062911
-5314603 4 1 759229
-5315515 1048578 1 13457
-5316292 0 1 1329073
-5317387 0 2 547 9721
-5322067 69632 1 2029
-5324323 0 2 109 48847
-5324755 2 1 1064951
-5334667 16 1 410359
-5337667 2048 2 211 617
-5345179 4 1 763597
-5346163 16448 1 5309
-5351443 2048 1 130523
-5358667 65536 2 107 821
-5364187 0 2 1549 3463
-5370043 4 2 383 2003
-5370355 2 1 1074071
-5370643 8192 1 114269
-5370955 2 2 223 4817
-5372755 2 2 283 3797
-5377171 64 1 283009
-5379595 18 1 82763
-5380627 65540 1 12601
-5383051 24576 1 2161
-5383480 33554434 1 134587
-5385955 2 1 1077191
-5387515 6 1 153929
-5391307 1088 1 7669
-5392507 0 2 1291 4177
-5392699 16 2 113 3671
-5394355 34 1 63463
-5395195 18 1 83003
-5395963 32768 1 91457
-5396035 2 2 149 7243
-5397187 0 2 107 50441
-5398948 0 1 1349737
-5400787 4194308 1 8669
-5408155 2 1 1081631
-5415643 0 2 167 32429
-5418187 0 2 173 31319
-5419267 4 1 774181
-5422552 33554432 2 277 2447
-5424283 4227072 1 1033
-5425843 0 2 2137 2539
-5426587 32 1 319211
-5428123 0 2 199 27277
-5430979 64 1 285841
-5431915 2 2 131 8293
-5434507 16777232 1 4139
-5443867 24 1 38069
-5446072 33554432 1 680759
-5449627 0 3 103 157 337
-5450467 16392 1 9349
-5452627 0 2 307 17761
-5453707 4 1 779101
-5454067 0 2 1277 4271
-5454355 1026 1 29483
-5454547 4 1 779221
-5465272 33554432 1 683159
-5465587 2048 2 109 1223
-5467483 4 1 781069
-5469883 128 1 237821
-5474203 4 2 151 5179
-5480755 6 1 156593
-5482123 262144 1 77213
-5484907 0 2 113 48539
-5487067 64 2 107 2699
-5487211 1024 1 148303
-5491747 0 2 109 50383
-5491795 2 2 167 6577
-5492083 64 2 181 1597
-5494963 0 2 439 12517
-5495923 8388608 1 56659
-5496907 4194320 1 4751
-5503603 65540 1 12889
-5504587 8 1 500417
-5504755 2 2 223 4937
-5507155 2 1 1101431
-5509912 33554432 2 199 3461
-5509987 4 2 311 2531
-5518291 1024 1 149143
-5519923 0 2 1019 5417
-5520907 4 1 788701
-5523268 0 1 1380817
-5526712 33554432 1 690839
-5527963 4 1 789709
-5531923 0 3 137 149 271
-5536771 64 2 433 673
-5538115 10 1 100693
-5541307 0 2 2351 2357
-5548987 65568 1 5351
-5550235 2 2 601 1847
-5552155 6 1 158633
-5554315 18 1 85451
-5556187 20 1 61057
-5564083 36 1 46757
-5565067 2097152 1 67049
-5565835 10 1 101197
-5568067 0 2 443 12569
-5570947 65536 2 271 337
-5576467 16 2 251 1709
-5576755 2 1 1115351
-5580499 256 1 192431
-5581555 6 1 159473
-5583235 6 1 159521
-5586547 0 2 151 36997
-5587747 40 1 29881
-5591347 0 2 827 6761
-5592715 2 2 149 7507
-5593435 2 2 191 5857
-5603755 2 2 193 5807
-5605243 4 2 397 2017
-5613955 130 1 48817
-5614147 12 1 72911
-5623123 8 1 511193
-5625787 512 2 173 1049
-5626699 8208 1 9209
-5629483 0 2 271 20773
-5629555 2 1 1125911
-5635732 0 2 1181 1193
-5636152 33587200 1 11941
-5644795 18 1 86843
-5647588 0 1 1411897
-5650003 65536 1 92623
-5650555 2 2 263 4297
-5651755 2 1 1130351
-5651899 8388616 1 5297
-5652307 4096 1 131449
-5654755 2 1 1130951
-5658787 65536 1 92767
-5675803 4 2 263 3083
-5678740 2 1 283937
-5686267 128 1 247229
-5686987 2304 1 4783
-5691283 4194320 1 4919
-5693083 8 1 517553
-5695012 0 1 1423753
-5701603 256 2 421 467
-5702083 0 2 157 36319
-5704363 4 2 509 1601
-5708488 67108864 2 149 4789
-5713108 128 1 62099
-5713195 4098 1 26573
-5715427 1024 2 113 1367
-5726011 192 1 13103
-5729755 2 2 937 1223
-5730979 131200 1 3719
-5733715 18 1 88211
-5736355 2 1 1147271
-5736952 33554448 1 55163
-5738083 16 2 193 2287
-5739892 0 2 127 11299
-5744635 18 1 88379
-5746915 2 2 383 3001
-5749387 16388 1 15497
-5750392 33555456 1 19427
-5753035 8194 1 24481
-5753155 2 1 1150631
-5753203 540672 1 1487
-5754427 4 2 769 1069
-5761555 34 1 67783
-5762971 1048576 1 72949
-5764603 16 1 443431
-5768347 16 2 167 2657
-5768563 0 2 919 6277
-5769787 32832 1 5147
-5777707 16 2 223 1993
-5778628 0 1 1444657
-5779267 16 2 419 1061
-5779579 16 2 409 1087
-5779627 4 1 825661
-5784643 0 2 2039 2837
-5789848 33554432 2 397 1823
-5796835 10 1 105397
-5803147 4 2 881 941
-5804611 256 1 200159
-5806915 2 2 257 4519
-5810563 8200 1 11239
-5814907 2052 1 20261
-5816155 2 1 1163231
-5819851 1048704 1 3203
-5820235 2 2 313 3719
-5821579 4194304 2 149 439
-5829667 2304 1 4903
-5836123 0 2 719 8117
-5838547 24 1 40829
-5849608 67108864 1 731201
-5850043 8256 1 6551
-5853955 1026 1 31643
-5858827 16 2 277 1627
-5865907 0 2 227 25841
-5868643 264 1 18397
-5870155 2 1 1174031
-5873947 2176 1 6229
-5884195 2 2 967 1217
-5886835 2 2 331 3557
-5893435 2 2 127 9281
-5895352 33554688 1 25411
-5899243 1028 1 22777
-5902123 524288 2 233 347
-5912107 32 1 347771
-5912155 2 1 1182431
-5919883 32768 2 269 373
-5920843 65792 1 3347
-5923963 0 2 2297 2579
-5924227 0 2 1697 3491
-5926627 4 1 846661
-5930803 128 1 257861
-5934763 1280 1 5531
-5934883 0 2 139 42697
-5938723 4 2 397 2137
-5943283 0 2 283 21001
-5950387 0 2 331 17977
-5951587 69632 1 2269
-5954923 80 1 24109
-5955427 0 2 1013 5879
-5964403 0 2 757 7879
-5966755 2 1 1193351
-5968243 0 2 139 42937
-5969467 262148 1 12011
-5972827 4 2 643 1327
-5975323 1052672 1 1759
-5976835 2 2 397 3011
-5977267 2112 1 7673
-5980867 65536 1 98047
-5983123 0 2 307 19489
-5985499 16 2 313 1471
-5985547 32 2 379 929
-5985763 4 2 227 3767
-5988307 16 2 557 827
-5989027 8 2 673 809
-5989768 67108864 2 109 6869
-5995267 0 2 743 8069
-5996947 2056 1 13297
-6000643 40 1 32089
