-56591
-58631
-64919
-67079
-67751
-72047
-98927
-144887
-156511
-192767
-203207
-204319
-214967
-229399
-237319
-238591
-244463
-313639
-330679
-339151
-346331
-350411
-368791
-384079
-384779
-400739
-401771
-428503
-441607
-446819
-448519
-450391
-460451
-478259
-488143
-493811
-501731
-511811
-513059
-517207
-531823
-532447
-552059
-552179
-583279
-583783
-593407
-593647
-594823
-599843
-603203
-609179
-623867
-624007
-635939
-642683
-654943
-670303
-672227
-682739
-698891
-705127
-712499
-714751
-722047
-731503
-738107
-741967
-749843
-754811
-775811
-782891
-785623
-788287
-795727
-802283
-804703
-819583
-824651
-834199
-856187
-864583
-870967
-880043
-881099
-903967
-905339
-921611
-922067
-922499
-926099
-932651
-943499
-944147
-963943
-967451
-974867
-977723
-986983
-990487
-997307
-1013527
-1032727
-1040531
-1050563
-1064407
-1086299
-1097819
-1119947
-1135019
-1166383
-1166723
-1182331
-1192207
-1204183
-1206347
-1215499
-1219619
-1219931
-1222811
-1224739
-1241267
-1241491
-1244363
-1254731
-1256819
-1280179
-1281451
-1286287
-1291063
-1295747
-1336091
-1344347
-1344491
-1358387
-1362203
-1408787
-1420883
-1435307
-1460003
-1471307
-1487579
-1487819
-1491947
-1501207
-1503419
-1504067
-1517387
-1523507
-1523987
-1529867
-1532987
-1554611
-1556491
-1558327
-1562867
-1569619
-1569731
-1613867
-1621283
-1636091
-1651379
-1667747
-1674971
-1677083
-1699787
-1700851
-1706603
-1716683
-1716931
-1734739
-1749467
-1750523
-1774067
-1804219
-1815223
-1824259
-1825883
-1834667
-1842803
-1859899
-1867783
-1873219
-1895027
-1931987
-1936547
-1940987
-1942027
-1949251
-1957051
-1961747
-1964603
-1993163
-2002907
-2003723
-2028443
-2042059
-2096147
-2130683
-2132899
-2146531
-2180963
-2184331
-2189491
-2194051
-2204603
-2223499
-2271859
-2274739
-2281403
-2340859
-2344627
-2347283
-2355347
-2379203
-2393987
-2403083
-2404819
-2410339
-2430979
-2440523
-2453779
-2456731
-2485547
-2493259
-2496827
-2497163
-2532587
-2541947
-2542987
-2601091
-2602163
-2605531
-2641283
-2655563
-2673227
-2699971
-2708611
-2720299
-2729491
-2733499
-2756723
-2811803
-2814139
-2820211
-2826739
-2875427
-2876971
-2902147
-2926163
-2966987
-2967323
-2969683
-2997499
-3002107
-3021163
-3126427
-3134419
-3154339
-3165259
-3166171
-3168323
-3192499
-3199099
-3204907
-3231451
-3267947
-3279499
-3324619
-3333307
-3341539
-3342683
-3360211
-3363667
-3373171
-3388067
-3390931
-3391771
-3423347
-3428083
-3428371
-3440131
-3442963
-3472771
-3481267
-3495139
-3503083
-3518659
-3530299
-3549019
-3587443
-3593627
-3623491
-3666331
-3671851
-3676963
-3695011
-3718867
-3727027
-3732931
-3735587
-3753691
-3767779
-3779371
-3783739
-3848347
-3900691
-3903787
-3919387
-3931387
-3935203
-3942739
-3950203
-3965827
-3970531
-3973483
-3982123
-3992347
-4013827
-4031987
-4067227
-4092667
-4092811
-4096579
-4120003
-4148659
-4149283
-4186843
-4215859
-4229587
-4250899
-4254643
-4286827
-4336027
-4337131
-4366267
-4385323
-4406491
-4454299
-4455043
-4469323
-4484419
-4488643
-4495891
-4496299
-4504651
-4517323
-4537579
-4538731
-4554323
-4578307
-4586227
-4587043
-4601251
-4647667
-4670203
-4689403
-4710523
-4713547
-4771843
-4784443
-4786699
-4828843
-4854667
-4905067
-4907587
-4919491
-4925299
-4935283
-4958251
-4961083
-4969339
-4990723
-4997227
-5002747
-5005867
-5009107
-5010787
-5021587
-5026027
-5065531
-5066563
-5093923
-5138491
-5153923
-5160307
-5160499
-5196563
-5252179
-5264923
-5272051
-5275747
-5284819
-5291827
-5311363
-5314027
-5320027
-5328403
-5363923
-5392987
-5426899
-5434531
-5456107
-5457811
-5485603
-5493307
-5509051
-5570827
-5571187
-5588467
-5615947
-5643427
-5647267
-5661811
-5673163
-5742283
-5743819
-5744107
-5748451
-5785411
-5794219
-5810323
-5851123
-5871163
-5911987
-5924683
-5933203
-5937667
-5944867
-5969827
-5975539
-6002203
