-75767
-101183
-155327
-185071
-188303
-195479
-222151
-229487
-236063
-253247
-272423
-280591
-303299
-303871
-315223
-328303
-347651
-348559
-389171
-389819
-419383
-420103
-441319
-453367
-456439
-461891
-466331
-484207
-488791
-514571
-536023
-554699
-620911
-647651
-652931
-661139
-662047
-669943
-674263
-676979
-678299
-694619
-703211
-704003
-712331
-727019
-757331
-765203
-778907
-779887
-779983
-781111
-799063
-811931
-818383
-828011
-837367
-846943
-849539
-855731
-875243
-918587
-919423
-919691
-945851
-953171
-987659
-991447
-997259
-997547
-1042187
-1056179
-1079383
-1080223
-1082383
-1132063
-1134923
-1138019
-1181767
-1217143
-1230343
-1237931
-1251583
-1271843
-1275707
-1281823
-1287347
-1300339
-1342499
-1352627
-1358363
-1380971
-1433011
-1439047
-1444819
-1447063
-1448387
-1510427
-1527979
-1528771
-1555327
-1595483
-1610899
-1625123
-1627051
-1702291
-1711043
-1714403
-1714411
-1725923
-1757267
-1765163
-1766899
-1779619
-1783643
-1797379
-1801819
-1805747
-1817539
-1822307
-1823483
-1828663
-1839947
-1841251
-1864427
-1894883
-1905979
-1928659
-1930427
-1934299
-1935379
-1939699
-1940371
-1951099
-1954187
-1978219
-2002339
-2023543
-2043739
-2062339
-2089051
-2110699
-2121443
-2124139
-2128051
-2135027
-2168867
-2184827
-2187827
-2187971
-2230219
-2234179
-2238571
-2248163
-2254099
-2296219
-2300747
-2306627
-2328691
-2354899
-2361379
-2400019
-2407411
-2496667
-2509427
-2520139
-2545187
-2589203
-2594027
-2615779
-2651867
-2676683
-2682739
-2689891
-2713043
-2769083
-2775499
-2782099
-2787107
-2787619
-2805443
-2821411
-2858747
-2869051
-2905171
-2922811
-2954179
-2980427
-3000379
-3002003
-3040283
-3055187
-3069683
-3091643
-3091883
-3092851
-3105259
-3125611
-3147427
-3153739
-3158971
-3159883
-3189379
-3260027
-3262891
-3284747
-3295339
-3302011
-3332611
-3382339
-3384883
-3392899
-3393707
-3410611
-3419443
-3445411
-3549683
-3549691
-3588859
-3603451
-3613123
-3621347
-3625043
-3686299
-3697787
-3705763
-3750499
-3767723
-3803507
-3809723
-3817939
-3823187
-3832579
-3843571
-3856579
-3893707
-3911059
-3912451
-3922267
-4011859
-4048339
-4058683
-4072987
-4079347
-4095683
-4106659
-4119883
-4182571
-4184251
-4200187
-4200523
-4222051
-4228243
-4243051
-4288579
-4315387
-4339843
-4352443
-4368379
-4429531
-4448371
-4459667
-4466323
-4498939
-4533283
-4539091
-4561723
-4569931
-4586059
-4595251
-4694803
-4700323
-4707667
-4733611
-4745683
-4776523
-4796179
-4835251
-4838611
-4841491
-4865803
-4901683
-4985803
-4989499
-5008291
-5030923
-5059867
-5099131
-5133451
-5185483
-5193091
-5223067
-5233387
-5270203
-5420803
-5424883
-5452747
-5454643
-5467939
-5490883
-5498827
-5530891
-5553979
-5646763
-5649307
-5697931
-5711467
-5716987
-5724163
-5726779
-5735923
-5854483
-5866123
-5888899
-5917099
-5929939
-5981971
-5986147
-6022123
