-47519 67648 0
-54479 0 2 157 347
-54551 4 1 7793
-63359 32 1 3727
-63791 20 1 701
-65471 8196 1 199
-72215 16777242 0
-79079 1048604 0
-79199 256 1 2731
-80591 260 1 397
-82679 256 1 2851
-84455 70 1 127
-86495 2 1 17299
-89015 66 1 937
-104351 144 1 349
-104951 8460 0
-109823 260 1 541
-110327 4 1 15761
-112679 4 1 16097
-116831 4184 0
-121655 258 1 839
-123287 8391168 0
-124463 262144 1 1753
-129743 128 1 5641
-135815 130 1 1181
-137951 8 1 12541
-139679 128 1 6073
-142895 2 1 28579
-146015 16706 0
-148535 65538 1 487
-149959 256 1 5171
-151487 131172 0
-158311 16640 1 103
-159335 10 1 2897
-160823 4194320 1 139
-162104 33554560 1 881
-165335 4098 1 769
-166724 0 1 41681
-167431 520 1 491
-167599 64 1 8821
-167684 1032 1 103
-177767 32896 1 131
-178367 2097156 1 307
-181256 67108864 2 139 163
-181823 0 2 173 1051
-191096 33554432 1 23887
-191204 16 1 3677
-193895 82 1 157
-195224 33554560 1 1061
-195439 131072 1 2917
-197396 65536 1 809
-199304 67108868 1 3559
-199823 80 1 809
-200996 0 2 109 461
-203687 8 1 18517
-205064 67108864 1 25633
-206495 2 1 41299
-207044 0 2 191 271
-207383 40 1 1109
-207695 2 1 41539
-212036 1114120 0
-212119 4096 1 4933
-216824 33554432 1 27103
-218804 64 1 2879
-220007 8704 1 151
-223727 516 1 1031
-225044 0 2 127 443
-225055 194 1 103
-225391 0 2 263 857
-226223 4096 1 5261
-226639 4 1 32377
-229316 0 1 57329
-234871 4194580 0
-236447 1574912 0
-240932 131840 0
-241871 4 2 109 317
-242431 32772 1 587
-242903 32896 1 179
-245924 4 1 8783
-248216 33816768 0
-252776 67108928 1 1663
-252799 524288 1 3463
-258104 33554444 1 419
-258391 4 1 36913
-259255 66 1 2729
-259655 10 1 4721
-266959 12 1 3467
-267767 96 1 829
-269444 4 1 9623
-271007 262152 1 347
-273631 128 1 11897
-275215 66 1 2897
-278024 67108992 1 1511
-278327 4 1 39761
-280519 512 1 9049
-295496 67112960 1 859
-297476 512 1 2399
-298127 33280 1 163
-301220 2 1 15061
-301844 32768 1 1279
-302024 67108928 1 1987
-302276 16 1 5813
-303140 130 1 659
-305431 4 1 43633
-306824 67108868 1 5479
-307135 81986 0
-307604 8 1 6991
-307951 3332 0
-308468 131072 1 1151
-310951 16384 1 5867
-311311 28 1 311
-312824 33554432 1 39103
-314071 0 2 127 2473
-314735 66 1 3313
-315860 34 1 929
-322388 40 1 431
-328691 8 1 29881
-330055 42 1 353
-330836 524296 1 103
-331639 557068 0
-332180 34 1 977
-332695 138 1 263
-333080 33554442 1 757
-333704 83918852 0
-333743 2097152 1 4021
-333887 64 1 17573
-340136 67176480 0
-342584 33554472 1 229
-344120 33554438 1 1229
-347551 8388608 1 3583
-347780 2 1 17389
-348503 1024 1 9419
-348535 10 1 6337
-348680 67108994 1 379
-350119 12 1 4547
-350996 8192 1 1867
-353384 67108864 2 163 271
-353720 33555458 1 239
-354059 32800 1 353
-354980 2 1 17749
-355796 8388612 1 131
-356324 0 2 229 389
-358967 68 1 2699
-362804 16 1 6977
-362936 33554436 1 6481
-364136 67108992 1 1979
-364676 16 1 7013
-364967 0 2 151 2417
-365156 4104 1 193
-369391 8 1 33581
-370376 67239936 1 691
-370916 20 1 1019
-372344 33619972 1 109
-373223 2048 1 9103
-373639 4 1 53377
-373879 2056 1 829
-374984 67108928 1 2467
-375383 192 1 859
-376087 262144 1 5297
-376207 4112 1 673
-377156 16 1 7253
-377311 8 1 34301
-377863 0 2 379 997
-378596 0 1 94649
-378884 1048584 1 109
-379304 67108896 1 2789
-380792 33554432 1 47599
-381031 260 1 1877
-382607 16384 1 7219
-383935 514 1 2477
-384440 33554438 1 1373
-384452 0 2 223 431
-384655 66 1 4049
-384692 12 1 1249
-386660 2 1 19333
-390295 2 1 78059
-390655 1052802 0
-390884 16 1 7517
-391355 258 1 2699
-391855 2 2 109 719
-392420 6 1 2803
-394379 2048 1 9619
-395960 33554498 1 521
-397019 4100 1 1319
-397495 2054 1 277
-398215 524290 1 1091
-406351 18472 0
-407423 0 2 193 2111
-408680 67108898 1 601
-409124 128 1 4447
-409364 256 1 3529
-409519 32776 1 631
-410180 2 1 20509
-411656 67108868 1 7351
-413144 33558528 1 1201
-415019 264 1 1301
-415496 67108864 2 167 311
-416695 2 1 83339
-417476 0 1 104369
-417656 35652640 0
-417991 4 2 211 283
-421544 68157824 0
-422660 6 1 3019
-424136 67108864 1 53017
-425383 131076 1 907
-427160 33587202 1 181
-430340 2 1 21517
-430376 67108992 1 2339
-432068 20 1 1187
-433303 16 1 33331
-433711 128 2 109 173
-433784 41947152 0
-433928 67108872 1 4931
-434695 2 1 86939
-435176 67108932 1 409
-435188 16 1 8369
-436183 72 1 2087
-438535 2 2 229 383
-438824 67108928 1 2887
-440095 2 1 88019
-443915 8194 1 1889
-444727 2048 1 10847
-445903 0 2 151 2953
-446120 67108930 1 587
-446171 8200 1 863
-447224 33554432 1 55903
-448855 10 1 8161
-449431 1048576 1 5689
-449876 4 1 16067
-450031 1024 1 12163
-451087 20 1 4957
-452420 2 1 22621
-452996 0 2 269 421
-454244 4 1 16223
-456127 36 1 3833
-458171 66820 0
-459752 83886080 1 569
-461912 33554696 1 181
-462104 33562624 1 1229
-463448 33554496 1 3049
-463703 128 1 20161
-464168 67108896 1 3413
-465476 262152 1 149
-465703 4 1 66529
-467972 0 1 116993
-468131 512 1 15101
-468692 68 1 881
-469451 0 2 197 2383
-470051 128 2 107 191
-470504 67108864 2 103 571
-472447 32 1 27791
-473252 80 1 479
-474440 67109122 1 409
-474995 2 1 94999
-476815 8194 1 2029
-479215 10 1 8713
-482408 67117056 1 1283
-483343 260 1 2381
-484567 36864 1 191
-490184 67371008 1 863
-491540 6 1 3511
-491720 67108930 1 647
-492680 67108866 2 109 113
-494143 16 1 38011
-494863 8192 1 10529
-495140 66 1 1303
-497336 35651588 1 107
-498703 0 2 149 3347
-501391 72 1 2399
-502148 8192 1 2671
-505316 4 1 18047
-505460 2 2 127 199
-506935 26 1 709
-507860 131074 1 379
-509768 67108868 1 9103
-510020 6 1 3643
-510356 12 1 1657
-511615 50 1 463
-514424 33554432 1 64303
-514760 67108898 1 757
-516296 67108872 1 5867
-517156 0 1 129289
-517519 263168 1 197
-518612 0 2 317 409
-519428 20 1 1427
-521108 1028 1 503
-521219 1024 1 14087
-524036 0 1 131009
-524840 67108866 1 13121
-528980 2 1 26449
-529460 130 1 1151
-529903 131080 1 719
-532760 33554498 1 701
-534391 16778264 0
-534548 36 1 1123
-534872 33555472 1 139
-535255 2054 1 373
-535711 520 1 1571
-537080 33554690 1 463
-537515 266 1 337
-537716 0 2 179 751
-539527 0 2 211 2557
-542503 272 1 1439
-543559 128 1 23633
-544088 33554560 1 2957
-544196 1024 1 3677
-546020 130 1 1187
-546152 67108864 2 233 293
-546751 8192 1 11633
-547447 64 1 28813
-548695 65542 1 257
-555092 524288 1 1901
-556019 32 1 32707
-556663 0 2 109 5107
-556712 83902480 0
-556979 4096 1 12953
-557876 520 1 409
-559364 528 1 347
-559748 4 1 19991
-561011 8 1 51001
-561368 33562624 1 1493
-561535 16402 1 163
-562148 0 2 313 449
-563336 67239936 1 1051
-567055 8258 1 127
-568292 512 1 4583
-568952 33554432 1 71119
-569335 82 1 461
-570056 67108864 1 71257
-571412 128 1 6211
-571592 67141636 1 173
-572743 0 2 151 3793
-573224 68157440 1 907
-574388 1024 1 3881
-577256 67141632 1 1223
-577892 4 1 20639
-578071 16400 1 839
-580984 33554432 1 72623
-582248 67633152 1 997
-583304 67108896 1 4289
-584935 18 1 8999
-586036 72 1 701
-586135 10 1 10657
-587060 2 2 149 197
-587540 258 1 1013
-589567 8 1 53597
-592964 16384 1 2797
-594260 4098 1 691
-596984 33554432 1 74623
-597151 16448 1 593
-599335 42 1 641
-599672 33554432 1 74959
-600155 258 1 4139
-600967 16800 0
-601615 6 1 17189
-602503 8 1 54773
-606152 67108896 1 4457
-608228 16448 1 151
-608296 67108880 1 5849
-609539 68 1 4583
-610820 6 1 4363
-611099 32 2 103 349
-612980 2 1 30649
-614383 17825804 0
-614648 33554432 1 76831
-619160 33554562 1 673
-619268 16 1 11909
-619619 28 1 619
-623396 0 1 155849
-623815 2082 1 179
-625639 4 2 139 643
-629479 524288 1 8623
-631220 1026 1 853
-631255 2 2 191 661
-631928 33558536 1 167
-632612 4194304 1 1777
-632660 6 1 4519
-633236 128 1 6883
-634619 64 2 127 263
-635012 4 1 22679
-635108 0 1 158777
-637508 8192 1 3391
-638168 33554432 2 241 331
-638291 0 2 103 6197
-639895 2 1 127979
-641095 22 1 1409
-641099 1024 1 17327
-643160 33554438 1 2297
-643451 0 2 167 3853
-643571 8192 1 13693
-647195 2 1 129439
-649496 33554496 1 4273
-653051 260 1 3217
-654536 67108864 1 81817
-654632 67112968 1 173
-654904 33816576 1 1153
-655063 192 1 1499
-656744 67108904 1 439
-656852 4 1 23459
-657560 33554466 1 967
-658628 128 1 7159
-659407 4 1 94201
-660008 67109024 1 211
-661159 0 2 557 1187
-663299 1044 1 197
-663476 40 1 887
-664264 67112960 1 1931
-664447 132 1 4127
-664564 288 1 337
-665960 67108866 1 16649
-666271 524288 1 9127
-667447 8200 1 1291
-670735 50 1 607
-671956 512 1 5419
-672020 2 1 33601
-673748 0 2 389 433
-674219 532 1 239
-674579 16777216 1 6679
-675512 33554464 1 4967
-675703 2097156 1 1163
-676331 0 2 191 3541
-676520 67108882 1 1301
-679063 12 1 8819
-680627 0 2 107 6361
-681659 520 1 1999
-682255 16777222 1 193
-683140 2 1 34157
-684004 0 2 271 631
-684179 8192 1 14557
-685096 67109120 1 2953
-685835 524290 1 1879
-687155 262 1 677
-687428 4 1 24551
-687496 67108928 1 4523
-688255 2 2 179 769
-688712 67109056 1 197
-689099 512 1 22229
-689195 146 1 461
-689396 8256 1 193
-689480 67108874 1 1567
-689623 262152 1 883
-690520 33619970 1 283
-691144 67108928 1 4547
-691663 4 1 98809
-692219 8 1 62929
-692228 65536 1 2837
-692455 1090 1 197
-692888 33554436 1 12373
-693304 34603008 1 1097
-693752 33554432 1 86719
-695960 33554434 2 127 137
-696824 33554432 1 87103
-697595 290 1 283
-699332 0 2 359 487
-700807 0 2 313 2239
-700952 33554436 1 12517
-701896 67108912 1 397
-705439 4 2 179 563
-705848 33554456 1 617
-706091 16777216 1 6991
-706663 263168 1 269
-707503 192 1 1619
-707540 34 1 2081
-708035 322 1 257
-709576 67108868 1 12671
-709924 0 1 177481
-710468 131080 1 241
-710584 33554436 1 12689
-711439 8192 1 15137
-712063 72 1 3407
-712088 33556496 1 167
-712907 66320 0
-713828 128 1 7759
-717316 0 2 389 461
-717736 67633152 1 1229
-718820 2 2 127 283
-720727 68 1 5419
-722072 33570832 1 131
-722536 67109888 1 2441
-724139 16400 1 1051
-725263 12 1 9419
-726680 33555458 1 491
-726827 262400 1 353
-727784 67109120 1 3137
-727892 262152 1 233
-728552 67108904 1 487
-728983 0 2 599 1217
-731012 0 2 127 1439
-732020 34 1 2153
-733019 4 1 104717
-737144 33554432 1 92143
-737476 0 1 184369
-737732 96 1 571
-738103 524288 1 10111
-741844 0 2 191 971
-742088 67108864 1 92761
-746164 32 1 10973
-746407 8192 1 15881
-748735 18 1 11519
-749887 32 1 44111
-751448 34605312 0
-751684 0 1 187921
-752164 4 1 26863
-752555 2050 1 3671
-753812 0 2 199 947
-753908 2048 1 4597
-756632 33554432 2 271 349
-757235 2 2 269 563
-758408 67109124 1 467
-758695 16390 1 409
-759991 0 2 457 1663
-760763 0 2 751 1013
-763187 0 2 211 3617
-764863 520 1 2243
-765655 10 1 13921
-770795 2 1 154159
-771535 130 1 6709
-772543 0 2 137 5639
-777007 12 1 10091
-777227 8 1 70657
-779780 2 2 127 307
-780607 0 2 163 4789
-780820 2 1 39041
-782531 0 2 643 1217
-782695 2 1 156539
-783364 1180672 0
-784276 256 1 6761
-784292 0 1 196073
-784936 67141632 1 1663
-786851 16 1 60527
-787423 52 1 509
-787735 18 1 12119
-787864 33554444 1 1279
-790516 0 2 107 1847
-791236 320 1 359
-791320 34078722 1 271
-791396 16384 1 3733
-792007 131072 1 11821
-792920 33558530 1 461
-793715 18 1 12211
-794287 16 1 61099
-795851 43012 0
-795992 34087168 0
-798260 2 2 167 239
-798343 532 1 283
-798932 544 1 379
-799544 33554464 1 5879
-802211 65536 1 13151
-803983 1048576 1 10177
-804419 524 1 337
-804632 33554560 1 4373
-804856 33816592 1 109
-805207 144 1 2693
-806360 33554498 1 1061
-806840 33554562 1 877
-807803 0 2 181 4463
-808207 0 2 557 1451
-810004 1040 1 421
-812287 4 1 116041
-813076 40 1 1087
-813611 0 2 821 991
-816724 524288 1 2797
-822440 67109122 1 709
-822980 2 1 41149
-823379 0 2 577 1427
-824051 4202496 1 197
-824420 2 1 41221
-828995 2 1 165799
-829115 6 1 23689
-829940 34 1 2441
-830819 8200 1 1607
-831428 32784 1 271
-834152 67108872 1 9479
-834484 4 1 29803
-836708 256 1 7213
-838532 2048 1 5113
-838619 16384 1 15823
-839540 18 1 3229
-839624 67108864 1 104953
-839944 67125252 1 283
-840632 33587216 1 137
-841412 24 1 1471
-841715 6 1 24049
-842404 0 1 210601
-842740 258 1 1453
-842743 136 1 3331
-843847 192 1 1931
-844744 67108992 1 4591
-844996 0 2 151 1399
-845411 4227204 0
-846692 12 1 2749
-847331 32 1 49843
-848291 0 2 113 7507
-850643 0 2 383 2221
-851224 33554472 1 569
-851720 67108866 2 107 199
-852343 0 2 677 1259
-852740 6 1 6091
-852760 33554434 1 21319
-858131 0 2 347 2473
-860852 8256 1 241
-862855 4194310 1 277
-863147 262144 1 12157
-864779 0 2 919 941
-865352 67108992 1 4703
-867428 1024 1 5861
-867535 770 1 193
-870419 16392 1 1493
-871928 33554432 1 108991
-873995 2 1 174799
-874855 66 1 9209
-875048 71303168 1 1229
-877211 64 2 137 337
-877352 67108868 1 15667
-878884 0 1 219721
-881540 10 1 4007
-881651 0 2 181 4871
-881699 20 1 9689
-881704 67108864 2 307 359
-881780 2 1 44089
-884296 67108868 1 15791
-884644 0 2 109 2029
-886052 128 1 9631
-886232 33562624 1 2357
-887284 256 1 7649
-888392 67108864 1 111049
-889576 67109408 1 211
-890483 8 1 80953
-890660 2 1 44533
-896356 128 1 9743
-897515 34 1 10559
-897535 524290 1 2459
-897656 33554432 1 112207
-897851 128 2 103 379
-899092 16384 1 4241
-900280 33816578 1 317
-901835 74 1 863
-902948 1024 1 6101
-903227 196656 0
-904927 32 1 53231
-906299 32768 1 15361
-907412 2056 1 503
-907571 4 2 317 409
-907592 67108932 1 853
-908132 128 1 9871
-908888 33556512 1 163
-909127 1024 1 24571
-910760 67108866 1 22769
-910820 2 1 45541
-910904 33554944 1 3673
-914195 2 1 182839
-914383 0 2 569 1607
-914527 64 2 127 379
-914792 67110912 1 2789
-914795 32774 1 443
-915140 2 1 45757
-915827 8 1 83257
-919204 24 1 1607
-919268 4 1 32831
-920771 32 1 54163
-920819 3072 1 607
-923716 0 1 230929
-926047 0 2 907 1021
-927971 264 1 2909
-930244 4 1 33223
-930607 32768 1 15773
-931028 2052 1 811
-933064 67109000 1 461
-933668 0 1 233417
-934952 67108928 1 6151
-935387 131200 1 607
-937384 67108932 1 881
-938191 0 2 227 4133
-938440 67109122 1 809
-938584 33554560 1 5101
-941476 0 1 235369
-941732 40 1 1259
-945083 0 2 229 4127
-945848 33554432 2 137 863
-947815 74 1 907
-948155 274 1 503
-948920 33554438 1 3389
-951076 4 1 33967
-951428 0 1 237857
-951467 131080 1 1291
-952855 2 2 149 1279
-953267 4100 1 3167
-953956 262144 1 3359
-954515 2 2 349 547
-954707 656 1 103
-955636 1032 1 587
-957092 0 1 239273
-957583 8 2 263 331
-958715 34 1 11279
-959588 4100 1 797
-961979 262176 1 797
-962647 4 2 113 1217
-963556 65544 1 359
-965524 4 1 34483
-966788 0 2 263 919
-969304 33554500 1 911
-971236 4 1 34687
-973115 26 1 1361
-973636 192 1 557
-975736 33554432 1 121967
-977828 0 1 244457
-978484 528 1 607
-978728 67117120 1 137
-979187 8 1 89017
-979384 33554436 1 17489
-980440 33554434 2 127 193
-981752 33554432 1 122719
-981779 0 2 263 3733
-982355 16394 1 337
-983867 1024 1 26591
-986723 128 1 42901
-986888 67108868 1 17623
-988996 0 1 247249
-990107 3145728 1 151
-990856 67108864 2 211 587
-991636 0 2 173 1433
-992824 33554436 1 17729
-996184 33554436 1 17789
-1001464 33554432 1 125183
-1004296 67117056 1 2671
-1004840 67108866 1 25121
-1005332 0 2 127 1979
-1006292 2097156 1 433
-1006580 2 1 50329
-1008035 2097158 1 347
-1009451 64 1 53129
-1010243 16 1 77711
-1010555 22 1 2221
-1012456 67108864 2 271 467
-1014424 33554464 1 7459
-1016584 69206016 1 1531
-1017188 0 2 109 2333
-1019843 392 1 139
-1020676 0 2 109 2341
-1021451 8192 2 103 211
-1022116 360448 0
-1022195 2 1 204439
-1024772 4 1 36599
-1025224 67108864 1 128153
-1025480 67109378 1 827
-1026340 6 1 7331
-1027624 67110928 1 241
-1028612 16 2 131 151
-1030423 262272 1 631
-1031524 2097168 1 239
-1031815 65570 1 199
-1032152 33555464 1 317
-1032872 67250176 0
-1033192 67371040 1 107
-1033495 2 1 206699
-1036355 66 1 10909
-1036516 528 1 643
-1037348 16 1 19949
-1038196 0 2 277 937
-1040708 16384 1 4909
-1041131 52 1 673
-1041784 33554432 1 130223
-1046948 4 2 139 269
-1048952 33685568 1 103
-1050971 0 2 823 1277
-1050995 8388618 1 197
-1052312 33554432 2 199 661
-1053371 4136 1 131
-1053607 192 1 2411
-1054811 0 2 409 2579
-1055848 67108864 2 191 691
-1056392 67108864 1 132049
-1056436 128 1 11483
-1058915 26 1 1481
-1059668 524352 1 191
-1060787 20 1 11657
-1062823 16777248 1 619
-1065544 67108992 1 5791
-1067764 1049088 1 109
-1067983 260 1 5261
-1068443 0 2 181 5903
-1069688 33554432 1 133711
-1069748 512 1 8627
-1071128 33554432 2 191 701
-1071556 1048576 1 3391
-1073195 2 1 214639
-1073503 2048 1 26183
-1073527 8212 1 251
-1075336 67108864 1 134417
-1076747 4 2 193 797
-1079219 1048640 1 719
-1079224 33554432 2 313 431
-1079284 2048 1 6581
-1080155 2 2 349 619
-1081912 50331664 1 103
-1083247 786504 0
-1085915 8388610 1 2239
-1087208 67109888 1 3673
-1087883 576 1 1847
-1092916 32776 1 421
-1093379 4 2 109 1433
-1094335 16777226 1 197
-1094740 2 2 127 431
-1098251 44 1 839
-1099768 33558656 1 139
-1101752 33556480 1 3359
-1103332 0 2 113 2441
-1103459 4 1 157637
-1103944 67108864 1 137993
-1105348 0 1 276337
-1105924 0 2 151 1831
-1107364 16777216 1 2741
-1110068 8388608 1 2861
-1110872 35651588 1 239
-1111807 0 2 113 9839
-1112627 1024 1 30071
-1112815 10 1 20233
-1112819 8192 1 23677
-1113124 0 2 421 661
-1114927 1048584 1 1283
-1115288 33554432 2 109 1279
-1115480 34603010 1 353
-1117283 33024 1 653
-1120696 50856000 0
-1120996 0 1 280249
-1123156 2097184 1 199
-1126568 67125248 1 2657
-1129444 0 2 373 757
-1129540 2 1 56477
-1129924 0 1 282481
-1130584 33554452 1 1553
-1130596 16384 1 5333
-1131364 16 1 21757
-1133143 520 1 3323
-1133339 32 2 163 409
-1136143 64 1 59797
-1136263 4194336 1 751
-1137604 16 2 131 167
-1139723 16 1 87671
-1141048 33559040 1 107
-1141355 573442 0
-1142356 64 1 15031
-1143947 36 1 9613
-1144207 0 2 499 2293
-1144532 16777216 1 2833
-1145263 1048644 1 109
-1145668 1024 1 7741
-1145704 67110916 1 499
-1147684 0 2 479 599
-1150532 0 2 383 751
-1151348 8 2 137 191
-1151723 64 1 60617
-1152491 0 2 397 2903
-1152683 32772 1 2791
-1153615 8194 1 4909
-1155496 67112960 1 3359
-1157528 33554432 2 257 563
-1157915 1034 1 569
-1158872 33554456 1 1013
-1159019 64 1 61001
-1162276 0 2 223 1303
-1163896 33554432 1 145487
-1164424 67141632 1 2467
-1166963 8196 1 3547
-1167124 524292 1 571
-1167608 33554448 2 103 109
-1167635 524294 1 457
-1168504 33554432 1 146063
-1169332 0 2 241 1213
-1173731 8240 1 113
-1174292 36 1 2467
-1174715 2 2 103 2281
-1175252 8388624 1 233
-1175380 34 1 3457
-1175524 4 1 41983
-1179607 524312 1 113
-1180235 6 1 33721
-1180571 4 2 191 883
-1180628 16384 1 5569
-1180996 256 1 10181
-1181092 40 1 1579
-1181320 67108870 1 4219
-1181492 16 1 22721
-1182676 8 1 26879
-1184579 8 2 113 953
-1186072 33555456 1 4007
-1187656 67108864 1 148457
-1188376 33554436 1 21221
-1188820 2 1 59441
-1189619 0 2 563 2113
-1189715 2 2 277 859
-1190891 16777232 1 907
-1191083 1048576 1 15077
-1193188 0 2 317 941
-1193387 2064 1 2239
-1193732 64 2 113 139
-1193819 8 1 108529
-1194491 0 2 103 11597
-1194683 4 1 170669
-1195624 67108864 2 103 1451
-1196723 8 1 108793
-1199140 2 1 59957
-1199828 524292 1 587
-1199972 0 1 299993
-1200152 33556480 1 3659
-1200788 4194304 1 3373
-1201240 33587202 1 509
-1201412 256 1 10357
-1201663 0 2 131 9173
-1202731 0 2 103 11677
-1203736 33570848 1 167
-1203755 6 2 163 211
-1204355 1048578 1 3049
-1204936 67108864 1 150617
-1205224 68157440 1 1907
-1206947 4 1 172421
-1206964 8 1 27431
-1207444 260 1 1487
-1209496 33554944 1 4877
-1209796 4 1 43207
-1212244 8 1 27551
-1213355 26 1 1697
-1214387 0 2 229 5303
-1214440 75497474 1 313
-1216328 67108864 1 152041
-1216355 134 1 1511
-1216420 2 1 60821
-1218308 20 1 3347
-1218968 33554464 1 8963
-1220243 32 2 179 401
-1221064 67141648 1 199
-1221103 1050896 0
-1222148 4194304 1 3433
-1224184 34603024 1 149
-1224308 0 2 151 2027
-1224728 33554688 1 5279
-1225928 67108872 1 13931
-1229795 2054 1 857
-1230035 290 1 499
-1231307 12 1 15991
-1232584 67108864 1 154073
-1234808 33554432 1 154351
-1235428 0 1 308857
-1236068 2048 1 7537
-1239035 6 1 35401
-1239640 33554466 1 1823
-1239995 2 1 247999
-1243492 0 2 293 1061
-1244260 2 1 62213
-1244963 0 2 631 1973
-1246807 128 2 151 359
-1246852 0 1 311713
-1248904 67108864 2 107 1459
-1249960 67108866 1 31249
-1250884 64 2 109 151
-1251512 34078720 1 2143
-1255783 0 2 569 2207
-1256680 71303170 1 353
-1257364 1048704 1 173
-1257908 8192 1 6691
-1259780 2 1 62989
-1260395 2 1 252079
-1260808 67108864 2 359 439
-1262612 16 1 24281
-1262980 2 1 63149
-1263971 8192 1 26893
-1265287 8192 1 26921
-1268539 0 2 641 1979
-1269316 0 2 223 1423
-1269604 4 1 45343
-1270739 8256 1 1423
-1272244 524288 1 4357
-1277716 262152 1 409
-1278472 67108944 1 647
-1279187 20 1 14057
-1280552 67108884 1 1759
-1282084 0 1 320521
-1283219 4 1 183317
-1283483 32 2 103 733
-1284068 0 1 321017
-1286195 2 1 257239
-1289620 34 1 3793
-1289912 34603024 1 157
-1291828 2048 1 7877
-1292987 0 2 127 10181
-1293316 0 2 313 1033
-1294660 66 1 3407
-1296488 67108896 1 9533
-1296731 64 2 139 491
-1297508 32 1 19081
-1298020 2 1 64901
-1298824 67108864 2 179 907
-1299172 4 1 46399
-1302007 132 1 8087
-1302376 67108864 2 263 619
-1302968 33554432 2 271 601
-1303924 0 2 181 1801
-1304468 136 1 1289
-1304644 8 2 149 199
-1305515 34 1 15359
-1306763 64 1 68777
-1311604 4 2 139 337
-1312264 67108896 1 9649
-1316164 1024 1 8893
-1317064 67109124 1 811
-1317832 67108864 1 164729
-1318187 16 1 101399
-1318772 20 1 3623
-1318984 68157440 1 2087
-1319044 0 1 329761
-1319432 67108864 2 131 1259
-1319731 4 1 188533
-1320488 67108880 1 12697
-1323848 67108864 2 127 1303
-1324699 64 2 113 617
-1324883 8196 1 4027
-1325732 0 2 271 1223
-1327876 8 2 103 293
-1329587 36 1 11173
-1331012 0 2 269 1237
-1331555 2 2 251 1061
-1332376 33554688 1 5743
-1332724 256 1 11489
-1334047 88 1 491
-1334632 67110928 1 313
-1334776 33554432 1 166847
-1335812 16384 1 6301
-1336115 42 1 1429
-1336952 33554432 1 167119
-1337656 33554432 2 271 617
-1339115 2 2 223 1201
-1339336 67109248 1 251
-1340651 16 2 281 367
-1341331 0 2 1031 1301
-1342331 21056 0
-1342859 4 1 191837
-1344155 66 1 14149
-1344196 65540 1 787
-1346884 12 1 4373
-1346980 2 1 67349
-1347035 131074 1 4021
-1347796 32768 1 5711
-1348835 1154 1 317
-1349752 33554432 1 168719
-1349863 4194560 1 523
-1350967 65536 1 22147
-1352104 67108880 1 13001
-1353515 2 2 421 643
-1354660 2 1 67733
-1356916 8 1 30839
-1357832 67108868 1 24247
-1359707 0 2 773 1759
-1360120 33555458 1 919
-1361651 2048 1 33211
-1362916 262144 1 4799
-1364260 2 1 68213
-1364596 8388608 1 3517
-1366084 0 1 341521
-1366115 2 2 433 631
-1368823 524320 1 1103
-1369528 33554432 2 193 887
-1369816 33619972 1 401
-1371460 8194 1 1459
-1372763 131076 1 2927
-1372984 34078720 1 2351
-1374515 8194 1 5849
-1375207 0 2 257 5351
-1378808 33554432 1 172351
-1379939 8 2 331 379
-1380587 48 1 6247
-1380760 33554434 1 34519
-1381283 8192 1 29389
-1381571 8388608 1 14243
-1385176 33554512 1 701
-1385503 4100 1 4603
-1386724 32 1 20393
-1386968 33554440 1 15761
-1388440 33554434 2 103 337
-1388980 1026 1 1877
-1389179 8200 1 2687
-1389556 4 1 49627
-1389755 66 1 14629
-1391656 67108868 1 24851
-1392059 1179648 1 263
-1392664 33554452 1 1913
-1395460 10 1 6343
-1396408 33554704 1 463
-1396936 67108864 1 174617
-1398136 33554432 1 174767
-1398395 2 1 279679
-1400555 274 1 743
-1401160 67108994 1 1523
-1402187 4096 1 32609
-1402307 0 2 367 3821
-1405019 262156 1 257
-1407064 33554496 1 9257
-1408036 4 1 50287
-1408744 67108864 2 293 601
-1409764 0 1 352441
-1411715 2 2 331 853
-1411960 33554442 1 3209
-1412167 0 2 227 6221
-1412440 33554434 1 35311
-1412507 4096 2 107 307
-1413124 0 2 401 881
-1415416 33554432 1 176927
-1415492 16 2 163 167
-1420504 33555456 1 4799
-1421960 67108930 1 1871
-1426355 2097158 1 491
-1427044 0 1 356761
-1427108 8192 1 7591
-1428259 4 2 211 967
-1429720 33554946 1 1153
-1429819 32 2 151 557
-1431460 66 1 3767
-1432360 67108866 1 35809
-1434904 35651584 1 2161
-1440827 64 1 75833
-1442987 16777236 1 157
-1443583 0 2 283 5101
-1444835 6 1 41281
-1446052 16448 1 359
-1446967 0 2 569 2543
-1450628 0 1 362657
-1450984 67117088 1 227
-1452367 4 1 207481
-1453876 128 1 15803
-1455352 33554432 1 181919
-1456523 1048576 2 103 179
-1457992 67109376 1 5879
-1458616 33556480 1 4447
-1458692 8192 1 7759
-1459235 130 1 12689
-1459684 0 1 364921
-1462579 0 2 1171 1249
-1462660 2 1 73133
-1462715 4194370 1 173
-1464203 2130064 0
-1468744 67108864 1 183593
-1468868 32 1 21601
-1468907 2056 1 3257
-1469435 10 1 26717
-1471268 1024 1 9941
-1472023 2180 1 223
-1472488 67108864 2 103 1787
-1473752 33554436 1 26317
-1474043 1024 1 39839
-1476244 12 1 4793
-1479076 0 2 197 1877
-1479304 67108864 1 184913
-1481812 65536 1 6073
-1482196 262176 1 307
-1482568 67117056 1 3943
-1482847 34816 1 613
-1483699 1048580 1 2683
-1485463 4 1 212209
-1486996 132 1 2309
-1487044 16 1 28597
-1487915 26 1 2081
-1490404 0 2 239 1559
-1491220 2 1 74561
-1494515 266 1 937
-1495384 33554440 1 16993
-1496356 0 1 374089
-1497155 10 2 163 167
-1497683 40 1 8009
-1498235 1048578 1 3793
-1499560 67108866 1 37489
-1499603 32772 1 3631
-1499828 4194312 1 383
-1500436 2052 1 1307
-1501240 33554450 1 2887
-1501336 33685504 1 2801
-1501684 64 1 19759
-1501720 33554442 1 3413
-1502267 524304 1 1583
-1503316 0 2 233 1613
-1507780 2 1 75389
-1508027 2097152 1 18169
-1508356 0 2 557 677
-1508644 0 2 137 2753
-1510235 18434 1 139
-1511123 128 1 65701
-1511224 33554456 1 1321
-1514740 16386 1 1429
-1516216 33619984 1 239
-1516907 4 2 139 1559
-1517032 67108872 1 17239
-1517476 0 1 379369
-1519715 98 1 941
-1523236 24 1 2663
-1523699 0 2 479 3181
-1524808 67108992 1 8287
-1525720 33554438 1 5449
-1526872 33554464 2 103 109
-1527928 50397696 0
-1529956 2112 1 491
-1533640 67108994 1 1667
-1534307 192 1 3511
-1535147 0 2 149 10303
-1536308 128 1 16699
-1536515 642 1 431
-1537283 8 1 139753
-1537508 4100 1 1277
-1538168 33554432 1 192271
-1539412 4 1 54979
-1540360 75497474 1 397
-1542712 34603008 1 2441
-1543172 0 1 385793
-1543540 262146 1 1087
-1543928 33554432 1 192991
-1545220 2 1 77261
-1545880 33554438 1 5521
-1547099 8192 1 32917
-1547896 33554436 2 131 211
-1548683 32 1 91099
-1552459 0 2 683 2273
-1552996 0 2 199 1951
-1553963 1024 1 41999
-1556299 4128 1 2129
-1556644 0 1 389161
-1558115 18 1 23971
-1558948 0 2 113 3449
-1560083 790532 0
-1560343 128 2 179 379
-1561523 0 2 439 3557
-1563827 0 2 503 3109
-1565507 1280 1 1459
-1566323 2184 1 151
-1567348 2112 1 503
-1567876 32 1 23057
-1569995 518 1 1447
-1570955 2 2 379 829
-1571224 33554496 1 10337
-1573348 2097156 1 677
-1574243 8 1 143113
-1575160 33570818 1 743
-1575640 33554442 1 3581
-1576804 0 1 394201
-1576819 2048 1 38459
-1576835 50 1 1427
-1581019 8 1 143729
-1581268 8208 1 647
-1581515 274 1 839
-1581739 2048 2 173 223
-1582468 16777216 1 3917
-1582907 256 1 54583
-1584004 0 1 396001
-1584340 1026 1 2141
-1585099 0 2 233 6803
-1586195 146 1 1061
-1588936 67113472 1 149
-1590340 2 2 131 607
-1591960 33554434 1 39799
-1592260 2 1 79613
-1593304 33554432 2 277 719
-1594187 16388 1 4297
-1594712 33554436 1 28477
-1595588 1024 1 10781
-1596052 0 2 311 1283
-1596632 33554432 2 109 1831
-1597720 33587202 1 677
-1598003 16392 1 2741
-1598612 32 1 23509
-1601699 264 1 5021
-1602308 320 1 727
-1603144 67125312 1 199
-1604596 36 1 3371
-1604915 18 1 24691
-1606696 67108884 1 2207
-1607627 2097156 1 2767
-1607899 69632 1 613
-1608916 0 2 241 1669
-1609891 8192 1 34253
-1610596 8208 1 659
-1612840 67174402 1 661
-1613963 131120 1 109
-1615112 67108864 1 201889
-1616152 33554432 2 269 751
-1616195 65542 1 757
-1617011 1288 1 137
-1617995 2 1 323599
-1619236 0 2 317 1277
-1619387 12 1 21031
-1620635 2 2 191 1697
-1621144 33554436 1 28949
-1621252 16777216 1 4013
-1621691 0 2 761 2131
-1622888 67108896 1 11933
-1623739 557328 0
-1623940 2 1 81197
-1624264 67108864 2 191 1063
-1627144 67108864 1 203393
-1627816 67108864 2 283 719
-1628795 6 2 173 269
-1628824 41943040 1 2099
-1629443 9216 1 937
-1631003 520 1 4783
-1632035 2 2 103 3169
-1632904 67108884 1 2243
-1633144 33554432 1 204143
-1633288 67108864 1 204161
-1635016 67108864 1 204377
-1636795 4226 1 331
-1637572 320 1 743
-1637944 33554444 1 2659
-1638443 544 1 3109
-1638515 4098 1 7621
-1638580 2 1 81929
-1642891 0 2 449 3659
-1643764 160 1 1051
-1646584 33554432 1 205823
-1646740 2 2 137 601
-1646788 24 1 2879
-1647460 2 1 82373
-1649128 83886096 1 157
-1649483 8 1 149953
-1650995 2 1 330199
-1655188 16777248 1 241
-1655224 33554432 2 113 1831
-1656676 4 1 59167
-1657192 67141632 1 3511
-1657348 12 1 5381
-1659160 33554434 1 41479
-1660036 16777220 1 587
-1661380 6 1 11867
-1662196 64 1 21871
-1664408 33555456 1 5623
-1665844 192 1 953
-1665976 35651600 1 193
-1666840 33554438 1 5953
-1669096 67108888 1 1459
-1669787 4 2 263 907
-1671220 2 1 83561
-1673603 4096 1 38921
-1675060 65538 1 1373
-1675643 512 2 191 283
-1675883 8 2 131 1163
-1680904 67108864 1 210113
-1682788 8192 1 8951
-1683823 8388608 1 17359
-1687012 32 1 24809
-1687144 67109376 1 6803
-1687432 67108864 1 210929
-1689208 33554432 1 211151
-1690903 256 2 199 293
-1691140 10 1 7687
-1691987 8 1 153817
-1692587 16 1 130199
-1696360 67108866 1 42409
-1697003 12 1 22039
-1697476 8 2 173 223
-1697992 67108928 1 11171
-1697995 18 2 151 173
-1699012 4 1 60679
-1700299 256 1 58631
-1701748 0 2 467 911
-1706072 33554432 2 167 1277
-1706104 33554432 1 213263
-1706872 33554432 1 213359
-1707587 1092 1 347
-1708651 324 1 443
-1709188 16 1 32869
-1710628 16384 1 8069
-1712836 0 2 457 937
-1715747 65544 1 2557
-1718123 136 1 6791
-1718968 33558592 1 263
-1719683 8196 1 5227
-1719796 16 1 33073
-1721944 41943044 1 317
-1723115 2 2 251 1373
-1725451 131092 1 283
-1726264 33556544 1 277
-1728628 40 1 2311
-1728760 33554442 1 3929
-1728904 67108864 1 216113
-1729864 67108864 1 216233
-1731755 66 1 18229
-1731923 128 2 257 293
-1732660 2050 1 2113
-1733627 4 2 167 1483
-1735144 71303168 1 2437
-1735480 33558530 1 1009
-1735720 67108870 1 6199
-1735828 0 2 641 677
-1735979 4 1 247997
-1737592 33554432 1 217199
-1739224 33554944 1 7013
-1740571 196 1 569
-1741643 0 2 167 10429
-1741828 520 1 1277
-1742123 0 2 479 3637
-1743124 128 1 18947
-1743976 67110928 1 409
-1748168 67108864 1 218521
-1748488 67108868 1 31223
-1754440 67108994 1 1907
-1754888 67108864 1 219361
-1757092 0 1 439273
-1757608 69206016 1 2647
-1757627 0 2 131 13417
-1758323 4 2 239 1051
-1758964 16384 1 8297
-1760440 33554442 1 4001
-1760836 12 1 5717
-1761064 67109024 1 563
-1762696 67108912 1 997
-1764515 34 1 20759
-1765067 524288 1 24179
-1765547 4 2 311 811
-1766584 33554560 1 9601
-1768955 2 2 499 709
-1770995 18434 1 163
-1771144 67108864 1 221393
-1772728 33816576 1 3121
-1774372 1088 1 631
-1774427 128 2 179 431
-1777384 67108900 1 1867
-1784483 0 2 797 2239
-1786312 67125256 1 383
-1791395 2 1 358279
-1793620 2 1 89681
-1794820 4098 1 2087
-1795907 1048576 2 127 179
-1796963 32836 1 229
-1797544 67108868 1 32099
-1797635 6 1 51361
-1798595 2 1 359719
-1801156 4 1 64327
-1805971 0 2 157 11503
-1807480 34078722 1 619
-1807547 132 2 103 109
-1812203 0 2 197 9199
-1812859 65536 2 113 263
-1816612 4 1 64879
-1817243 2048 2 127 349
-1819291 1048576 1 23029
-1819763 72 1 8707
-1819912 67108864 1 227489
-1820068 0 2 353 1289
-1820963 0 2 547 3329
-1821736 67108868 1 32531
-1823140 10 1 8287
-1824619 4096 1 42433
-1825288 67108864 2 151 1511
-1826020 6 1 13043
-1826260 2 2 127 719
-1827256 33816576 1 3217
-1827460 2 1 91373
-1829363 0 2 983 1861
-1834036 4096 1 10663
-1834612 16 1 35281
-1839544 33554436 2 107 307
-1840216 33554468 1 1933
-1841608 67108864 2 211 1091
-1842484 132 1 2861
-1843444 262144 1 6491
-1845172 4 1 65899
-1848292 0 1 462073
-1849043 4100 1 6143
-1852420 130 1 4027
-1853092 16384 1 8741
-1853243 4 1 264749
-1854040 33554434 1 46351
-1854724 33024 1 271
-1856020 2 1 92801
-1856603 2052 1 6469
-1857107 4 2 359 739
-1862299 32 1 109547
-1863112 67108864 2 463 503
-1863203 131072 1 27809
-1864403 128 2 103 787
-1870283 0 2 911 2053
-1870984 67108864 2 271 863
-1871972 32 1 27529
-1872227 36 1 15733
-1872424 67141632 1 3967
-1872616 68157440 1 2963
-1876180 2 1 93809
-1876756 8388612 1 691
-1878691 16384 1 35447
-1880435 262146 1 5297
-1880987 8704 1 1291
-1887544 33554464 1 13879
-1887859 131136 1 1483
-1888996 0 1 472249
-1889003 16809984 1 317
-1889464 33554432 2 257 919
-1890820 2 1 94541
-1891352 33554464 1 13907
-1892371 144 1 6329
-1893832 67108864 1 236729
-1895659 0 2 653 2903
-1895716 0 1 473929
-1898440 67109378 1 1531
-1899496 67108864 2 283 839
-1903012 0 1 475753
-1903912 67108864 2 331 719
-1905796 1049600 1 163
-1905928 67108928 1 12539
-1906891 4 2 331 823
-1907236 0 2 157 3037
-1907243 272 1 5059
-1909384 67108864 1 238673
-1909835 131074 1 5701
-1910344 67109376 1 7703
-1911107 262152 1 2447
-1911832 33554960 1 593
-1912168 67108864 2 479 499
-1912420 2 1 95621
-1912955 10 1 34781
-1913363 0 2 283 6761
-1914472 67108900 1 2011
-1915819 0 2 829 2311
-1916131 68 1 14407
-1916824 33554452 1 2633
-1917755 6 2 157 349
-1917940 34 1 5641
-1920868 128 1 20879
-1921403 8 1 174673
-1921571 32768 1 32569
-1921720 33554434 2 107 449
-1921972 144 1 1607
-1924787 0 2 179 10753
-1925555 66 1 20269
-1926436 8192 1 10247
-1928147 262160 1 2089
-1929076 0 2 419 1151
-1929220 2 1 96461
-1929268 8 2 163 269
-1929352 67108864 1 241169
-1929892 256 2 127 131
-1930523 1048580 1 3491
-1930643 152 1 587
-1936264 67108872 1 22003
-1937224 67108864 2 103 2351
-1938467 1024 1 52391
-1939156 32 1 28517
-1939396 0 2 311 1559
-1941499 644 1 389
-1942283 2097156 1 3343
-1942531 1179648 1 367
-1943944 67112960 1 5651
-1945492 4096 1 11311
-1949428 16 1 37489
-1949752 33555460 1 941
-1950040 33554434 1 48751
-1951720 67141634 1 827
-1953583 0 2 199 9817
-1956004 0 1 489001
-1956580 2 1 97829
-1956703 4 2 139 2011
-1958356 4194304 1 5501
-1959923 2052 1 6829
-1960411 0 2 181 10831
-1960948 2056 1 1087
-1962340 32770 1 1663
-1962724 262144 1 6911
-1965107 1024 2 173 307
-1966715 8194 1 8369
-1968068 0 1 492017
-1968227 8388608 2 103 197
-1969960 67108898 1 2897
-1970596 0 2 103 4783
-1972744 69206016 1 2971
-1977556 4 1 70627
-1977796 0 2 503 983
-1978612 1280 1 461
-1980760 33554562 1 2153
-1981163 32 1 116539
-1982884 512 1 15991
-1994056 67108864 1 249257
-1994212 65544 1 743
-1994776 33554436 2 179 199
-1994788 512 1 16087
-1996996 0 2 433 1153
-1997627 0 2 353 5659
-2000632 35651712 1 131
-2001172 32 1 29429
-2001412 4 1 71479
-2004436 36 1 4211
-2005067 9216 1 1153
-2005108 68 1 3769
-2005235 546 1 761
-2005684 0 2 389 1289
-2008456 67108864 1 251057
-2009896 67108932 1 1889
-2009992 67112960 1 5843
-2012168 75497472 1 2593
-2012536 33554432 1 251567
-2013028 0 2 173 2909
-2013316 32832 1 449
-2014411 516 1 9283
-2017115 8388610 1 4159
-2017480 67109378 1 1627
-2017576 83886088 1 227
-2017588 256 1 17393
-2017795 1042 1 839
-2020459 1284 1 269
-2022280 67108882 1 3889
-2022340 2 1 101117
-2023108 0 1 505777
-2024020 34 1 5953
-2024867 2320 1 131
-2027011 4 1 289573
-2027611 128 2 199 443
-2029636 4 2 173 419
-2030483 16404 1 421
-2031652 4 1 72559
-2033092 0 1 508273
-2033512 67108880 1 19553
-2033860 2 1 101693
-2036056 33554472 1 1361
-2036635 262146 1 5737
-2037256 67108944 1 1031
-2037347 16 1 156719
-2042248 67633168 1 269
-2043083 4 1 291869
-2044228 0 1 511057
-2045860 2 1 102293
-2052739 16 2 269 587
-2056307 8 2 131 1427
-2056360 83886082 1 509
-2057860 6 1 14699
-2059771 100 1 911
-2060003 8 1 187273
-2060308 1024 1 13921
-2060731 128 1 89597
-2062360 33562626 1 1097
-2063027 0 2 1279 1613
-2063155 2 2 449 919
-2063891 0 2 359 5749
-2064563 1024 1 55799
-2064707 0 2 157 13151
-2066008 34603012 1 467
-2069560 33554946 1 1669
-2070035 65546 1 617
-2070916 0 1 517729
-2071624 67108864 2 127 2039
-2076635 42 1 2221
-2077427 8 1 188857
-2078267 32 1 122251
-2079016 67108992 1 11299
-2079064 33554448 1 19991
-2079124 65536 1 8521
-2080051 128 1 90437
-2081363 16384 2 173 227
-2081723 2097156 1 3583
-2082004 262144 1 7331
-2082964 2064 1 977
-2083240 67108866 1 52081
-2083960 33570818 1 983
-2084740 6 1 14891
-2091508 16777728 1 167
-2091604 1048576 1 6619
-2093608 67109896 1 643
-2094571 262144 1 29501
-2098372 0 1 524593
-2100520 67108898 1 3089
-2100616 67108868 1 37511
-2100808 67113472 1 197
-2102020 2 2 227 463
-2102363 0 2 167 12589
-2102627 0 2 251 8377
-2102843 0 2 331 6353
-2103556 20 1 5779
-2105224 67117064 1 509
-2105395 2 1 421079
-2107108 0 1 526777
-2107339 8208 1 3449
-2107576 33554432 2 463 569
-2109691 0 2 149 14159
-2112916 16 2 179 227
-2113624 33554432 2 431 613
-2113763 32 1 124339
-2113864 67108928 1 13907
-2114068 136 1 2089
-2114795 66 2 113 197
-2115976 67141632 1 4483
-2117560 33554434 2 167 317
-2117656 33554592 1 677
-2120003 0 2 659 3217
-2121019 131072 1 31657
-2121748 0 2 499 1063
-2123860 2 2 103 1031
-2124808 67108932 1 1997
-2125492 64 1 27967
-2126440 67108866 1 53161
-2129179 144 1 7121
-2129251 32768 2 151 239
-2134468 4 1 76231
-2137163 4 2 109 2801
-2137523 0 2 383 5581
-2137912 33554436 1 38177
-2138212 0 1 534553
-2139172 68 1 4021
-2140852 4 2 157 487
-2142808 33619968 1 4391
-2143204 4 1 76543
-2143240 67108874 1 4871
-2144363 560 1 313
-2145988 16 1 41269
-2147464 67109000 1 1061
-2148088 33562880 1 197
-2149667 262192 1 137
-2150296 41943072 1 163
-2152840 67108866 2 107 503
-2154107 0 2 239 9013
-2154691 12 1 27983
-2154715 24578 1 173
-2156056 33554436 1 38501
-2157259 16794128 0
-2158243 0 2 151 14293
-2158996 2097156 1 929
-2159476 40 1 2887
-2160323 8 2 277 709
-2160772 8388608 1 5569
-2160995 2 1 432199
-2161108 65568 1 521
-2164264 75497472 1 2789
-2164795 2 1 432959
-2169880 33554466 1 3191
-2170579 192 1 4967
-2170840 33554438 1 7753
-2171428 4 1 77551
-2176043 0 2 211 10313
-2176051 96 1 6737
-2181619 136 1 8623
-2181844 260 1 2687
-2184520 67108882 1 4201
-2189555 2 2 149 2939
-2190979 4356 1 251
-2192515 4194322 1 379
-2194312 67108864 2 103 2663
-2195620 6 1 15683
-2196520 71303170 1 617
-2196571 80 1 8893
-2196859 36 1 18461
-2197787 64 2 131 883
-2197795 2 1 439559
-2199640 33554434 2 127 433
-2202052 0 1 550513
-2202628 0 1 550657
-2205203 28 1 2203
-2206660 66 1 5807
-2206792 67108868 2 157 251
-2208340 2 2 109 1013
-2208616 67125248 1 5209
-2211364 0 1 552841
-2218228 32 1 32621
-2221288 67108896 1 16333
-2221891 4 2 131 2423
-2222788 0 1 555697
-2225635 2 2 241 1847
-2225723 4096 2 191 271
-2226424 37797888 0
-2230067 4 1 318581
-2232628 0 2 103 5419
-2232712 67108896 1 16417
-2233667 256 1 77023
-2233819 4 1 319117
-2235220 18 1 8597
-2237179 4 2 401 797
-2239555 2 2 419 1069
-2241208 33554432 2 433 647
-2241556 0 2 149 3761
-2242072 33554436 1 40037
-2242324 16388 1 1511
-2246260 514 1 3623
-2248312 33554696 1 881
-2248468 0 2 307 1831
-2248939 12 1 29207
-2249380 6 1 16067
-2250616 33554432 1 281327
-2250739 0 2 223 10093
-2251492 16777216 1 5573
-2253592 33554440 1 25609
-2254036 32768 1 9551
-2257672 67112960 1 6563
-2257924 0 2 509 1109
-2259544 33554436 2 157 257
-2259640 33554466 1 3323
-2259827 32 2 307 433
-2260699 2052 1 7877
-2262568 67108876 1 3673
-2268532 4 1 81019
-2277059 0 2 179 12721
-2277523 0 2 181 12583
-2278612 36 1 4787
-2282267 176 1 449
-2282728 67108868 1 40763
-2283640 33555458 1 1543
-2283979 0 2 463 4933
-2284120 33554466 1 3359
-2284660 6 1 16319
-2285476 0 1 571369
-2287528 67633152 1 3917
-2288515 2 2 179 2557
-2288980 2 2 193 593
-2294867 2101248 1 643
-2299355 2 2 109 4219
-2301016 33558528 1 6689
-2301211 8 1 209201
-2302696 67108872 2 137 191
-2305115 8226 1 577
-2305384 67109184 1 523
-2306611 32 2 241 563
-2306843 12 1 29959
-2307251 4096 1 53657
-2307571 262148 1 4643
-2309140 2 2 263 439
-2311043 4 1 330149
-2313811 0 2 227 10193
-2315608 33555456 1 7823
-2315747 4 1 330821
-2315908 4 2 107 773
-2317579 32776 1 3571
-2318440 67108866 2 149 389
-2319076 8392704 1 139
-2321731 1048576 1 29389
-2323883 32 2 223 613
-2324395 2 1 464879
-2325607 8192 1 49481
-2330027 68 1 17519
-2330315 18 1 35851
-2331844 0 1 582961
-2331880 75497474 1 601
-2333627 33792 1 1069
-2337083 4 2 137 2437
-2337203 8 2 179 1187
-2337592 33562624 1 6217
-2339716 69632 1 223
-2343451 8 2 163 1307
-2345956 512 1 18919
-2351140 10 1 10687
-2351843 16 2 131 1381
-2353096 67108864 2 223 1319
-2353348 1024 1 15901
-2354611 4 1 336373
-2355563 4194372 1 199
-2355988 163840 1 149
-2356708 0 2 431 1367
-2357368 33554512 1 1193
-2358235 16394 1 809
-2359547 128 2 173 593
-2359780 2 1 117989
-2360392 67108864 1 295049
-2360603 2097188 1 239
-2362468 128 1 25679
-2367112 67109896 1 727
-2367640 33554442 1 5381
-2368648 67109376 1 9551
-2369155 258 1 16339
-2371720 67108882 1 4561
-2373683 16 2 157 1163
-2375659 1048 1 449
-2376931 8192 2 103 491
-2379112 69206016 1 3583
-2382395 2 1 476479
-2387147 132 1 14827
-2387320 33554450 1 4591
-2387908 0 1 596977
-2390059 4 2 107 3191
-2390131 512 1 77101
-2390692 0 1 597673
-2392963 0 2 941 2543
-2393147 1048576 1 30293
-2395240 67108866 2 233 257
-2395771 4 2 149 2297
-2397796 131200 1 389
-2399779 2097408 1 997
-2400472 33619968 1 4919
-2401403 288 1 4871
-2401576 71303168 1 3373
-2402404 0 1 600601
-2406280 67112962 1 1399
-2409064 67108868 1 43019
-2409412 0 2 193 3121
-2409604 0 1 602401
-2410612 0 2 103 5851
-2411608 33554432 2 251 1201
-2413156 0 2 463 1303
-2413283 0 2 383 6301
-2414152 67108880 2 139 167
-2415115 130 1 21001
-2416180 18 1 9293
-2416516 32 1 35537
-2419043 8200 1 4679
-2420296 67108928 1 15923
-2420491 0 2 617 3923
-2424211 4096 1 56377
-2425348 0 2 223 2719
-2428408 33554432 1 303551
-2428579 0 2 107 22697
-2430580 16386 1 2293
-2431459 32 2 157 911
-2433352 67108864 1 304169
-2436472 33554432 1 304559
-2438440 67108866 1 60961
-2438728 67108864 2 223 1367
-2440408 33685760 1 157
-2442616 33556488 1 677
-2443195 2 1 488639
-2443576 33554432 2 281 1087
-2443907 0 2 449 5443
-2445091 72 1 11699
-2445508 16 2 131 359
-2445691 2048 1 59651
-2446756 16 2 211 223
-2446939 8 2 181 1229
-2447752 67125376 1 251
-2450068 262144 1 8627
-2451592 67108888 1 2143
-2452948 2048 1 14957
-2453284 256 1 21149
-2453755 194 1 1123
-2455108 16809984 1 103
-2456515 2178 1 521
-2461523 0 2 1409 1747
-2461768 67108864 2 127 2423
-2461960 67174402 1 1009
-2462515 10 1 44773
-2462539 8404992 1 479
-2464324 0 2 773 797
-2465860 2 2 139 887
-2468872 67108868 1 44087
-2470132 8196 1 1877
-2470715 18 1 38011
-2474251 272 1 6563
-2476627 0 2 127 19501
-2476708 16 1 47629
-2476804 8 2 181 311
-2479435 6 1 70841
-2479444 1032 1 1523
-2479828 16 2 103 463
-2480536 33554432 2 311 997
-2484760 33554434 1 62119
-2484772 1024 2 103 163
-2486035 133122 1 181
-2486899 0 2 1097 2267
-2487076 0 1 621769
-2487640 33554434 1 62191
-2489011 4 1 355573
-2492131 0 2 139 17929
-2495899 4 2 149 2393
-2496484 32 1 36713
-2503480 33554438 1 8941
-2504315 10 1 45533
-2506072 33554464 1 18427
-2507464 67108864 2 379 827
-2507611 0 2 179 14009
-2507848 67108932 1 2357
-2511091 8 1 228281
-2511859 4 2 281 1277
-2512420 2 1 125621
-2513755 9175042 0
-2514568 69206020 1 541
-2515252 8224 1 787
-2518180 6 1 17987
-2518579 4 2 331 1087
-2518660 2 1 125933
-2524552 67108864 1 315569
-2526619 1152 1 2969
-2527396 1024 1 17077
-2529208 33556488 1 701
-2529988 0 1 632497
-2530612 4 1 90379
-2532715 258 1 17467
-2533336 33554448 1 24359
-2534723 0 2 107 23689
-2536132 0 2 269 2357
-2536531 524288 1 34747
-2536795 2 1 507359
-2538571 68 1 19087
-2544964 0 1 636241
-2547592 68157696 1 139
-2548051 4104 1 5387
-2550520 33554438 1 9109
-2550580 2 1 127529
-2551588 16 1 49069
-2554132 68 1 4801
-2554219 128 1 111053
-2555140 6 1 18251
-2556136 67109384 1 937
-2558152 67108992 1 13903
-2559316 65568 1 617
-2560504 33554432 1 320063
-2561560 33554466 1 3767
-2562595 6 2 211 347
-2563459 0 2 179 14321
-2564440 33619970 1 1051
-2564728 33554432 1 320591
-2564995 2 1 512999
-2567851 24 1 17957
-2567971 4 1 366853
-2568292 32 2 179 211
-2569819 532484 1 107
-2572360 67108870 1 9187
-2574280 67108866 2 139 463
-2574916 0 1 643729
-2575204 0 2 223 2887
-2576884 98304 1 179
-2576899 16 1 198223
-2577172 272 1 1709
-2577220 2 1 128861
-2578168 33554432 1 322271
-2578651 256 1 88919
-2578708 8 2 103 569
-2582995 2 1 516599
-2583451 3088 1 131
-2583640 33554434 1 64591
-2584195 2 1 516839
-2584552 67108864 2 269 1201
-2584852 0 2 149 4337
-2586052 68 1 4861
-2586619 32772 1 6263
-2592328 67108864 2 251 1291
-2595412 128 1 28211
-2597992 67240960 1 131
-2599012 16 2 151 331
-2599283 32 1 152899
-2599720 67108866 2 103 631
-2600923 272 1 6899
-2601859 16 2 263 761
-2605252 16 1 50101
-2605291 16 1 200407
-2606548 4 2 127 733
-2606968 33554452 1 3581
-2607043 8192 1 55469
-2607112 67108864 1 325889
-2609332 520 1 1913
-2613412 64 2 137 251
-2614051 8 2 167 1423
-2614420 1026 1 3533
-2615011 4 2 179 2087
-2615755 2 2 349 1499
-2618035 6 2 131 571
-2618299 0 2 211 12409
-2618788 0 1 654697
-2619220 2 2 173 757
-2619640 34603010 1 829
-2620891 2097172 1 347
-2622580 2 1 131129
-2624836 0 2 127 5167
-2627464 67108868 1 46919
-2627608 33556480 1 8011
-2628563 4 1 375509
-2628691 16 2 229 883
-2629195 2 1 525839
-2629528 33554440 1 29881
-2630440 67108866 1 65761
-2630452 8 2 191 313
-2636152 33554432 1 329519
-2639059 0 2 997 2647
-2639380 2 1 131969
-2639779 128 1 114773
-2640520 67108866 2 251 263
-2641576 67112964 1 1097
-2643688 67108864 2 277 1193
-2644435 16418 1 587
-2644744 67108864 2 311 1063
-2645080 37748738 1 743
-2645332 64 1 34807
-2645491 0 2 239 11069
-2646472 67109056 1 757
-2647540 6 1 18911
-2648843 4096 2 229 269
-2649683 64 1 139457
-2650307 8 2 479 503
-2652403 16 2 373 547
-2653043 0 2 367 7229
-2654267 12 1 34471
-2657668 16 1 51109
-2658868 65568 1 641
-2660260 2 1 133013
-2664427 524384 1 113
-2665123 2048 1 65003
-2666251 68 1 20047
-2666488 33554440 2 157 193
-2667172 16512 1 547
-2667739 131328 1 1373
-2670052 12 1 8669
-2671252 1024 1 18049
-2671339 8200 1 5167
-2674235 258 1 18443
-2674819 4 1 382117
-2675128 33554432 2 127 2633
-2675668 0 2 523 1279
-2676916 2097160 1 733
-2677051 4112 1 4789
-2679460 6 1 19139
-2682964 16777472 1 229
-2684059 4 2 131 2927
-2684248 33554436 1 47933
-2686171 0 2 173 15527
-2689348 0 2 421 1597
-2690548 4 2 307 313
-2698552 33562624 1 7177
-2698787 8212 1 631
-2699032 33554436 1 48197
-2699272 68157440 1 4271
-2699656 67108864 1 337457
-2699812 0 1 674953
-2701243 0 2 643 4201
-2701819 4160 1 3307
-2705080 33554438 1 9661
-2705963 16 2 163 1277
-2706004 4 1 96643
-2706115 2 2 373 1451
-2708008 67633152 1 4637
-2710072 33554464 1 19927
-2710219 0 2 461 5879
-2710552 33685520 1 389
-2711539 640 1 3803
-2711956 16 1 52153
-2712803 1024 2 157 467
-2712808 67108868 2 193 251
-2712964 147456 1 191
-2713099 1024 1 73327
-2714692 2048 1 16553
-2714995 2 1 542999
-2715988 40 1 3631
-2717044 8 1 61751
-2717092 4 1 97039
-2718580 2 1 135929
-2718619 8388608 1 28027
-2719891 1048576 1 34429
-2719912 67108880 1 26153
-2722612 131072 1 10159
-2722696 67108864 1 340337
-2722699 516 1 12547
-2722792 67109376 1 10979
-2723620 4098 1 3167
-2727595 274 1 1447
-2731883 44 1 2087
-2732968 67109892 1 1319
-2734771 16 2 211 997
-2735299 33796 1 179
-2736196 0 2 157 4357
-2737144 33554432 1 342143
-2739496 67240000 1 269
-2743171 32 1 161363
-2746804 32768 2 103 113
-2747747 512 2 151 587
-2747752 67108868 2 139 353
-2748772 16 1 52861
-2750260 34 1 8089
-2752939 132 1 17099
-2753320 67108898 1 4049
-2754043 384 1 4129
-2754712 33554432 2 149 2311
-2755288 33554432 2 283 1217
-2756419 4194304 1 30971
-2757139 65548 1 587
-2758120 67125250 1 1301
-2760868 40 1 3691
-2761348 65536 1 11317
-2761528 33554444 1 4483
-2764888 41943044 1 509
-2767828 2052 1 2411
-2767987 0 2 1579 1753
-2771983 128 2 191 631
-2772451 8 2 103 2447
-2772472 33554432 1 346559
-2772676 0 1 693169
-2772820 2 1 138641
-2773864 83886080 1 3433
-2777092 0 1 694273
-2781448 67109184 1 631
-2782339 36 2 103 227
-2782420 2 1 139121
-2786987 260 1 13729
-2789092 0 2 109 6397
-2790052 0 1 697513
-2791667 0 2 1571 1777
-2797192 67109376 1 11279
-2797547 0 2 563 4969
-2797960 67108874 1 6359
-2799979 276 1 1061
-2801032 67109008 1 1171
-2803435 278530 1 149
-2803907 128 1 121909
-2804440 33554434 1 70111
-2804707 16384 1 52919
-2805379 128 2 283 431
-2806840 33562626 1 1493
-2806852 256 1 24197
-2807176 67108896 1 20641
-2809051 4 2 139 2887
-2809588 128 1 30539
-2810008 33554432 2 197 1783
-2811352 33562624 1 7477
-2812552 67108864 2 239 1471
-2812763 540672 1 727
-2812792 33554432 1 351599
-2816152 33554464 1 20707
-2816488 67108992 1 15307
-2817268 8404992 1 137
-2820196 0 2 269 2621
-2821819 28 1 2819
-2824504 37748736 1 3967
-2825011 4 2 443 911
-2825368 33554452 1 3881
-2825867 520 1 8287
-2827012 0 1 706753
-2828392 67108900 1 2971
-2832635 18 1 43579
-2832763 0 2 271 10453
-2833384 67108864 2 149 2377
-2836036 4 1 101287
-2836339 2120 1 331
-2837464 33554564 1 2203
-2837731 16 1 218287
-2840548 8388608 1 7321
-2841907 32 2 349 479
-2842120 67110914 1 1733
-2842651 4 1 406093
-2843035 18 2 191 229
-2843827 260 1 14009
-2844052 0 2 599 1187
-2844772 4 1 101599
-2847691 524 1 1193
-2848120 33554442 1 6473
-2850856 67108864 2 367 971
-2852740 10 1 12967
-2857939 2097156 1 4919
-2859460 2 1 142973
-2861723 64 1 150617
-2861896 67108864 1 357737
-2869960 67108866 2 157 457
-2870680 33558530 1 1669
-2871352 33685512 1 487
-2875012 4 1 102679
-2875288 33554448 1 27647
-2878852 0 1 719713
-2879080 67108866 2 167 431
-2879899 136 1 11383
-2880772 0 1 720193
-2882248 67108896 1 21193
-2882867 16 2 103 2153
-2888179 132 1 17939
-2890195 14 1 7507
-2891315 6 1 82609
-2893528 33554440 2 131 251
-2893699 128 1 125813
-2893771 4096 2 173 389
-2893828 4 2 181 571
-2894152 67108864 1 361769
-2895592 67109124 1 1783
-2895835 4098 1 13469
-2900584 67125248 1 6841
-2902408 67108864 1 362801
-2904868 0 2 751 967
-2905195 16450 1 577
-2906923 0 2 607 4789
-2907931 65616 1 193
-2912632 33554432 1 364079
-2913571 128 2 131 967
-2916259 0 2 1283 2273
-2918260 1048578 1 1847
-2918872 33556488 1 809
-2920072 67108928 1 19211
-2925748 4 1 104491
-2925835 10 1 53197
-2926132 524296 1 911
-2930515 16777222 1 829
-2931019 532 1 1039
-2931235 262274 1 359
-2934803 1024 1 79319
-2936008 67108864 1 367001
-2938427 0 2 929 3163
-2944291 4 1 420613
-2946923 4 2 197 2137
-2947144 67108864 2 137 2689
-2951395 2 1 590279
-2952235 26 1 4129
-2953540 32770 1 2503
-2953672 67108864 2 193 1913
-2955172 8200 1 1429
-2955688 67108896 2 103 211
-2958232 33556736 1 311
-2962888 67108864 2 383 967
-2962936 50331712 1 193
-2966152 67108868 1 52967
-2966483 560 1 433
-2967556 1048576 1 9391
-2968939 32768 1 50321
-2969659 12 1 38567
-2970580 34 1 8737
-2971348 1048576 1 9403
-2972740 66 1 7823
-2974840 33554442 1 6761
-2977403 8216 1 443
-2981395 2 1 596279
-2982323 0 2 1429 2087
-2982499 16 1 229423
-2984260 2 1 149213
-2987512 33554472 1 1997
-2989672 67108868 2 197 271
-2992228 0 1 748057
-2994808 33554432 1 374351
-2995624 67110912 1 9133
-2995651 12582912 1 347
-2997124 16 1 57637
-2998051 16388 1 8081
-3002251 36 1 25229
-3002392 33587200 1 6361
-3002635 8390658 1 151
-3003940 2 1 150197
-3004027 16 1 231079
-3006571 2048 1 73331
-3006628 512 1 24247
-3008308 192 1 1721
-3010708 0 2 401 1877
-3010852 16 1 57901
-3014035 130 1 26209
-3017267 4104 1 6379
-3017620 2 1 150881
-3022804 32 1 44453
-3026035 16450 1 601
-3027835 130 2 113 233
-3028312 33554468 1 3181
-3029140 2 2 311 487
-3030139 68 1 22783
-3031672 33558532 1 1259
-3031763 524324 1 349
-3031960 33554434 2 229 331
-3032068 16 1 58309
-3033640 67108866 2 149 509
-3033748 256 1 26153
-3034339 12 2 157 251
-3038788 0 1 759697
-3042040 33587202 1 1289
-3042451 8256 1 3407
-3042595 2 1 608519
-3042628 0 1 760657
-3046312 67108864 2 193 1973
-3046852 0 1 761713
-3049048 33554432 2 257 1483
-3050131 4 1 435733
-3050872 33555464 1 937
-3052708 0 2 157 4861
-3053128 67109392 1 947
-3056243 32 1 179779
-3056947 0 2 157 19471
-3057508 0 2 593 1289
-3057691 20 1 33601
-3058708 544 1 1451
-3060379 540676 1 113
-3063592 67108868 2 227 241
-3064804 4194304 1 8609
-3064888 33554560 1 16657
-3065635 525314 1 227
-3066472 67110912 1 9349
-3066484 0 2 241 3181
-3066595 2054 1 2137
-3069508 16 1 59029
-3070516 0 2 191 4019
-3070819 0 2 743 4133
-3071419 272 1 8147
-3071515 2050 1 14983
-3071860 10 1 13963
-3072088 33554432 2 137 2803
-3076603 0 2 1487 2069
-3078331 512 2 199 499
-3079243 0 2 269 11447
-3079624 67108864 2 331 1163
-3080131 1048576 2 127 307
-3082792 67108864 2 181 2129
-3084835 18 1 47459
-3086248 67108904 1 2063
-3087827 524288 1 42299
-3087940 2 2 103 1499
-3093211 8712 1 193
-3093412 4 1 110479
-3095848 67141636 1 937
-3097528 33554436 1 55313
-3099115 2 2 311 1993
-3099355 38 1 5209
-3100552 67108884 1 4259
-3101227 0 2 103 30109
-3101848 33820672 1 127
-3107032 33554496 1 20441
-3108107 0 2 677 4591
-3109012 0 2 491 1583
-3109252 0 1 777313
-3110932 40 1 4159
-3113092 8448 1 571
-3117691 64 1 164089
-3120628 32772 1 1889
-3122308 68 1 5869
-3123563 4128 1 4273
-3124408 33554436 1 55793
-3124552 67113472 1 293
-3126283 32 2 173 1063
-3128692 68 1 5881
-3129928 67108864 2 151 2591
-3132088 39862272 0
-3133883 4608 1 2351
-3134872 33558544 1 701
-3136372 524416 1 467
-3142372 64 2 173 239
-3143011 32 2 293 631
-3143368 67109152 1 797
-3143635 65546 1 937
-3146011 8 1 286001
-3146299 2064 1 5903
-3146488 33554432 1 393311
-3146788 0 1 786697
-3147592 67108868 1 56207
-3148411 4 1 449773
-3149128 67110912 1 9601
-3149560 33816578 1 1109
-3151096 33556496 1 739
-3151768 33554432 2 163 2417
-3151960 33554438 1 11257
-3152116 262152 1 1009
-3155908 4 2 269 419
-3156811 65540 1 7393
-3159892 544 1 1499
-3161059 6152 1 163
-3162691 4 2 193 2341
-3167947 2048 1 77267
-3168388 128 1 34439
-3169432 33554436 1 56597
-3169492 8320 1 733
-3169672 67108872 2 181 199
-3171172 0 1 792793
-3172552 67108864 2 227 1747
-3174259 688136 0
-3174292 72 1 3797
-3176392 67174528 1 283
-3176515 322 1 1153
-3177811 8212 1 743
-3181672 67108880 1 30593
-3181828 4112 1 1423
-3182515 1048582 1 1151
-3182680 33554434 2 251 317
-3183688 67108864 2 167 2383
-3187828 4 2 257 443
-3188179 1024 2 199 433
-3190180 6 1 22787
-3190660 10 1 14503
-3192707 4100 1 10607
-3193240 41943042 1 823
-3193972 0 2 479 1667
-3195379 8 1 290489
-3195460 2 1 159773
-3195844 0 1 798961
-3201748 8 1 72767
-3204292 20 1 8803
-3204328 67108864 2 269 1489
-3204868 0 1 801217
-3205768 67108864 1 400721
-3208267 8192 1 68261
-3209848 33554432 1 401231
-3212779 8224 1 4021
-3214523 3088 1 163
-3215080 67108874 1 7307
-3217387 0 2 463 6949
-3219220 16386 1 3037
-3222619 262144 1 45389
-3226756 16 1 62053
-3227011 16384 1 60887
-3228328 67240000 1 317
-3230248 67109892 1 1559
-3231139 262176 1 2677
-3231652 8388608 1 8329
-3232132 0 2 317 2549
-3234532 4 2 331 349
-3236212 2052 1 2819
-3236440 33554434 1 80911
-3237208 33554480 1 1831
-3237547 512 2 181 577
-3239779 2560 1 2549
-3240328 67108884 1 4451
-3242515 2 2 271 2393
-3245395 2 1 649079
-3251155 2 2 691 941
-3252148 512 1 26227
-3252328 67108864 2 103 3947
-3253348 4 1 116191
-3254971 36864 1 1283
-3254987 0 2 1427 2281
-3255592 69206016 1 4903
-3259915 2 2 137 4759
-3259972 0 2 109 7477
-3261811 262148 1 6563
-3263299 16 2 173 1451
-3263320 33554466 1 4799
-3266419 16 1 251263
-3267379 0 2 1033 3163
-3268024 33554560 1 17761
-3269512 67108864 1 408689
-3269587 0 2 293 11159
-3272068 0 1 818017
-3272251 2048 1 79811
-3274051 8 1 297641
-3275347 16640 1 2131
-3277339 8388752 1 113
-3277795 2 1 655559
-3281668 16 2 223 283
-3281995 25296898 0
-3284248 33554440 1 37321
-3284488 67108864 1 410561
-3287011 2068 1 881
-3287603 8200 1 6359
-3287608 33558592 1 503
-3288388 65536 1 13477
-3288532 16 1 63241
-3289540 2 1 164477
-3292360 67125250 1 1553
-3293140 130 1 7159
-3293899 2180 1 499
-3295579 516 1 15187
-3296980 34 1 9697
-3297592 33554464 1 24247
-3299032 33554440 1 37489
-3300760 33554434 2 179 461
-3301720 33554434 2 197 419
-3303907 524288 1 45259
-3304420 6 1 23603
-3304852 8192 1 17579
-3305080 33570818 1 1559
-3305572 0 1 826393
-3308932 8 2 157 479
-3312712 67125264 1 601
-3319672 33554432 1 414959
-3320491 1056 1 5279
-3321451 264196 1 163
-3326008 33554436 1 59393
-3326083 576 1 5647
-3328228 0 2 181 4597
-3330244 320 1 1511
-3332452 0 2 197 4229
-3332803 0 2 139 23977
-3333467 65536 1 54647
-3335752 67108868 1 59567
-3336820 2 1 166841
-3338987 32800 1 3329
-3339115 8210 1 1093
-3339139 1024 1 90247
-3340699 524288 1 45763
-3347035 2306 1 563
-3347572 96 1 2591
-3349348 0 2 631 1327
-3352468 36 1 7043
-3354292 2048 2 113 181
-3355732 65568 1 809
-3357880 33554434 2 127 661
-3360952 33554436 1 60017
-3361492 0 2 521 1613
-3363448 33555464 1 1033
-3364051 262144 1 47381
-3364648 67108868 1 60083
-3367771 8 2 211 1451
-3369508 1048576 1 10663
-3369928 67108864 1 421241
-3371032 33554468 1 3541
-3371851 4 1 481693
-3378283 0 2 137 24659
-3378979 64 1 177841
-3384472 33554452 1 4649
-3386347 512 2 313 349
-3393160 67110914 1 2069
-3394795 2 1 678959
-3395140 6 1 24251
-3395611 0 2 167 20333
-3398587 64 1 178873
-3400171 2048 2 127 653
-3402595 131078 1 1451
-3402760 75497474 1 877
-3403240 67108866 1 85081
-3405139 0 2 311 10949
-3405227 4 2 227 2143
-3405460 2050 1 4153
-3405715 2 2 277 2459
-3407272 67109384 1 1249
-3407560 67108882 1 6553
-3408955 10 1 61981
-3409547 0 2 1181 2887
-3412291 32 1 200723
-3419080 67108870 1 12211
-3421972 0 2 157 5449
-3423268 576 1 1453
-3424408 33554512 1 1733
-3429688 33554432 2 577 743
-3430228 0 2 113 7589
-3431092 4 2 283 433
-3431131 8 2 271 1151
-3432355 2 2 619 1109
-3433732 0 1 858433
-3434035 266 1 2153
-3434788 65540 1 2011
-3435707 8 2 547 571
-3436888 33554452 1 4721
-3440068 0 2 709 1213
-3441832 67108864 2 211 2039
-3443755 65542 1 1613
-3443803 8 2 337 929
-3443899 0 2 677 5087
-3446035 2 2 109 6323
-3451027 1088 1 4909
-3451528 67108864 1 431441
-3452632 33570848 1 479
-3453043 8200 1 6679
-3457867 68 1 25999
-3459592 67108864 1 432449
-3461668 4 1 123631
-3462019 8 2 347 907
-3466120 67108870 1 12379
-3468115 6 1 99089
-3468952 33554592 1 1109
-3470995 10 2 223 283
-3473908 0 2 191 4547
-3475315 2 2 113 6151
-3476740 2 2 131 1327
-3478132 36 1 7307
-3485608 67239940 1 929
-3487891 8 2 109 2909
-3488419 72 1 16691
-3488443 262148 1 7019
-3488779 4 1 498397
-3489508 262152 1 1117
-3491860 130 1 7591
-3492667 2080 1 5011
-3495688 67108868 1 62423
-3496555 2 2 419 1669
-3497992 67141632 1 7411
-3498280 67108930 1 4603
-3499540 10 1 15907
-3500308 4 2 149 839
-3500587 4096 1 81409
-3504472 33554432 2 103 4253
-3506659 80 1 14197
-3510340 2 2 167 1051
-3510472 67108868 1 62687
-3510628 136 1 3469
-3511012 8388608 1 9049
-3512728 33554432 2 211 2081
-3518452 4 1 125659
-3519115 262274 1 431
-3521227 4128 1 4817
-3521848 33554952 1 1291
-3523912 67108868 1 62927
-3524020 2 1 176201
-3525832 67108864 2 137 3217
-3526372 0 2 167 5279
-3529108 8 1 80207
-3529795 34 2 131 317
-3532552 67108864 1 441569
-3533320 67108870 1 12619
-3535348 2048 1 21557
-3535435 2 2 541 1307
-3536155 262150 1 1423
-3536164 1024 1 23893
-3540715 1026 1 19139
-3542548 0 2 157 5641
-3544291 0 2 709 4999
-3544651 1048584 1 4079
-3549523 64 2 127 1471
-3550147 0 2 431 8237
-3550651 16 1 273127
-3550660 2 1 177533
-3551188 0 2 227 3911
-3553987 0 2 659 5393
-3554155 10 1 64621
-3555448 33554480 1 2011
-3555451 64 1 187129
-3555640 33554442 1 8081
-3557848 33554436 1 63533
-3563635 2 2 107 6661
-3565720 41943042 1 919
-3566968 33554432 1 445871
-3568420 131074 1 2663
-3569987 256 2 257 479
-3570379 0 2 1171 3049
-3576355 2 2 269 2659
-3576568 33559552 1 281
-3576827 1024 1 96671
-3577003 0 2 419 8537
-3578404 0 2 823 1087
-3582355 70 1 5387
-3583099 16 1 275623
-3585691 32 1 210923
-3585748 0 2 541 1657
-3585907 131216 1 179
-3586132 8 2 149 547
-3586339 0 2 139 25801
-3588235 6 2 157 653
-3588568 33554496 1 23609
-3589651 80 1 14533
-3590548 272 1 2381
-3590920 67108866 2 107 839
-3591172 16 1 69061
-3592132 0 1 898033
-3592180 2 2 293 613
-3594115 262 1 3541
-3596131 12 1 46703
-3596635 6 1 102761
-3597283 0 2 1229 2927
-3599299 8 1 327209
-3599539 16777216 2 157 227
-3601768 68159488 1 139
-3606148 20 1 9907
-3607048 67108864 1 450881
-3608788 8650752 1 131
-3610819 4194560 1 1399
-3611371 0 2 599 6029
-3611860 6 1 25799
-3612052 64 1 47527
-3614107 4100 1 12007
-3615883 32 2 227 937
-3619012 262144 1 12743
-3621592 41943056 1 359
-3626872 33554496 2 107 223
-3628171 262144 2 137 373
-3629059 4 2 311 1667
-3630292 1088 1 1291
-3631627 32768 1 61553
-3631915 6 1 103769
-3632899 0 2 431 8429
-3636868 0 1 909217
-3638308 0 1 909577
-3638323 16777264 1 163
-3638692 128 1 39551
-3641188 0 2 311 2927
-3645688 33554432 1 455711
-3647371 20 2 149 269
-3650179 65552 1 4603
-3657643 8 1 332513
-3662923 8 1 332993
-3663451 8 1 333041
-3665251 32 2 149 1447
-3665656 33554432 1 458207
-3668659 0 2 389 9431
-3673252 520 1 2693
-3675652 0 1 918913
-3677611 4 1 525373
-3680020 1026 1 4973
-3680131 1044 1 1093
-3680632 33554432 1 460079
-3682915 2 2 197 3739
-3685060 130 1 8011
-3685819 128 1 160253
-3687235 1090 1 1049
-3688888 33554500 1 3467
-3692008 67109888 1 12473
-3692488 67108864 1 461561
-3692851 524288 1 50587
-3697939 4 2 653 809
-3702472 67121152 1 229
-3703252 68 1 6961
-3704995 1030 1 2861
-3705115 524290 1 10151
-3705496 33554432 2 113 4099
-3705595 2 1 741119
-3706459 32 2 263 829
-3707179 2052 1 12917
-3709883 320 1 6733
-3713560 33554434 2 263 353
-3716419 68 1 27943
-3717787 64 2 419 467
-3722068 4 2 307 433
-3722152 67108868 1 66467
-3722212 8208 1 1523
-3723259 64 2 127 1543
-3725668 0 1 931417
-3728491 48 1 16871
-3730195 6 2 197 541
-3731635 1154 1 877
-3731923 336 1 521
-3733048 33587208 1 719
-3733060 2 1 186653
-3734563 4 1 533509
-3734788 0 2 167 5591
-3735880 67141634 1 1583
-3737092 0 2 349 2677
-3741688 34082816 1 149
-3742187 8192 1 79621
-3743035 2 2 739 1013
-3743512 33555456 1 12647
-3744811 36 1 31469
-3745732 1024 1 25309
-3746971 64 2 199 991
-3749128 67108864 1 468641
-3749419 1049088 1 1531
-3753235 2 2 173 4339
-3754408 67108868 1 67043
-3761188 0 1 940297
-3761363 8192 2 191 419
-3762619 4 2 467 1151
-3764212 0 2 137 6869
-3764395 131106 1 661
-3768499 4 1 538357
-3769192 67108868 1 67307
-3773779 32 1 221987
-3773848 33554448 2 131 277
-3775603 16 2 359 809
-3775732 0 2 163 5791
-3779560 67174402 1 1549
-3779899 32 1 222347
-3781099 4 1 540157
-3784915 3074 1 499
-3788152 33554432 1 473519
-3788371 0 2 1289 2939
-3792196 0 1 948049
-3793963 0 2 109 34807
-3794539 4 2 547 991
-3796468 16 1 73009
-3796555 131078 1 1619
-3796996 4 1 135607
-3799348 260 1 4679
-3799672 33554432 1 474959
-3802468 0 1 950617
-3802852 16777216 1 9413
-3803059 4194384 1 173
-3803995 4114 1 1361
-3804760 34078722 1 1303
-3804787 36 1 31973
-3806392 33554432 2 487 977
-3806987 0 2 233 16339
-3808459 32 1 224027
-3810451 8388608 2 163 241
-3810619 8192 1 81077
-3814468 32772 1 2309
-3819619 256 1 131711
-3819832 33554464 1 28087
-3821587 524 1 1601
-3821752 33554440 2 137 317
-3826648 33554564 1 2971
-3830632 67108880 1 36833
-3831928 33554432 1 478991
-3833155 66 2 157 257
-3833203 136 2 109 139
-3835171 0 2 701 5471
-3841435 18 2 113 523
-3841667 32960 1 149
-3842659 16384 1 72503
-3843112 67108884 1 5279
-3847108 0 1 961777
-3850163 32768 1 65257
-3853192 69206020 1 829
-3854404 0 1 963601
-3854872 33554500 1 3623
-3856195 38 1 6481
-3857176 35652608 1 157
-3859291 524544 1 1823
-3861235 6 1 110321
-3861832 67371024 1 523
-3862315 34 1 45439
-3862420 2 2 313 617
-3864088 33554944 1 15581
-3864712 67108896 2 157 181
-3865012 4224 1 977
-3867451 4 1 552493
-3868819 0 2 701 5519
-3869419 0 2 457 8467
-3869608 67109920 1 769
-3869848 33570816 1 9127
-3877672 75497536 1 263
-3880132 8192 1 20639
-3882379 0 2 103 37693
-3882859 64 1 204361
-3885115 18 1 59771
-3885928 67108896 1 28573
-3886360 33554434 1 97159
-3893272 33554464 1 28627
-3893347 64 1 204913
-3902467 64 2 293 701
-3902728 67371008 1 6871
-3905188 4 2 211 661
-3905515 130 1 33961
-3906520 33554434 2 127 769
-3907192 33554432 1 488399
-3910468 0 2 647 1511
-3913315 38 1 6577
-3913939 131072 1 58417
-3916648 67110912 1 11941
-3920491 32768 1 66449
-3920635 2 2 491 1597
-3923032 33619968 1 8039
-3925435 2 2 271 2897
-3928411 131104 1 3449
-3929803 65664 1 2801
-3930739 64 2 443 467
-3930931 4096 2 113 809
-3930952 71303168 1 5521
-3933220 2 1 196661
-3934891 262144 2 157 353
-3936427 136 1 15559
-3939955 2 2 139 5669
-3944692 133120 1 359
-3948232 67108864 2 211 2339
-3949747 0 2 313 12619
-3955003 8208 1 6473
-3955588 20 1 10867
-3957352 67108868 1 70667
-3957640 67108866 2 163 607
-3958603 40 1 21169
-3963208 67108864 1 495401
-3964468 32 2 173 337
-3966088 67108868 1 70823
-3967843 1032 1 9749
-3969235 2 2 109 7283
-3969331 65536 1 65071
-3972532 16777216 1 9833
-3975640 33554434 1 99391
-3980152 33554952 1 1459
-3980635 34 1 46831
-3984148 68 1 7489
-3986788 4112 1 1783
-3994888 67108864 1 499361
-3996355 10 1 72661
-3997771 96 1 12377
-3999587 65536 2 173 379
-4005235 4114 1 1433
-4007371 0 2 191 20981
-4009432 33554436 1 71597
-4011235 2082 1 1151
-4011787 65552 1 5059
-4012132 1024 1 27109
-4015012 0 1 1003753
-4015972 0 2 439 2287
-4016488 67108900 1 4219
-4020340 2 2 179 1123
-4021171 12 1 52223
-4021432 33554432 2 151 3329
-4028755 2 2 199 4049
-4028872 67108864 1 503609
-4030888 67109056 1 1153
-4033348 520 1 2957
-4034731 16384 2 269 283
-4037971 4 2 307 1879
-4038259 4096 1 93913
-4040008 67108932 1 3797
-4041928 67109000 1 1997
-4044868 0 1 1011217
-4045192 67239936 1 7547
-4047355 262162 1 877
-4049971 0 2 151 26821
-4054072 33554568 1 2003
-4055027 32 1 238531
-4055587 0 2 383 10589
-4057795 6 2 191 607
-4059931 4096 2 263 359
-4062523 17301824 0
-4063195 2 1 812639
-4065208 33554436 2 229 317
-4068472 33554432 1 508559
-4073752 33554496 1 26801
-4073812 32 2 139 431
-4074328 33554432 2 113 4507
-4075099 4 1 582157
-4077691 0 2 431 9461
-4078552 33587200 1 8641
-4080292 128 1 44351
-4081972 32 1 60029
-4089352 67108864 1 511169
-4091227 4 2 409 1429
-4096195 2 1 819239
-4097899 16 1 315223
-4099411 256 1 141359
-4103092 4 1 146539
-4105291 393216 1 863
-4106515 6 1 117329
-4107115 34 2 211 229
-4107160 33554434 1 102679
-4109083 8 1 373553
-4112068 0 1 1028017
-4113208 33558536 1 1087
-4113652 64 2 113 479
-4113803 128 2 383 467
-4114915 4194310 1 1321
-4115848 67108872 1 46771
-4116283 0 2 509 8087
-4120468 1032 1 2531
-4121272 34603008 1 6521
-4121563 32768 1 69857
-4125451 72 1 19739
-4127128 34079744 1 191
-4127971 16777344 1 1777
-4129099 524368 1 229
-4131379 68 1 31063
-4132051 12 2 103 521
-4132315 10 1 75133
-4135963 262160 1 4481
-4136227 65536 1 67807
-4137715 34 1 48679
-4139332 0 1 1034833
-4140532 8 2 139 677
-4140628 0 2 179 5783
-4142323 192 1 9479
-4144315 6 1 118409
-4146472 67108872 1 47119
-4146595 2 1 829319
-4146763 2105344 1 1063
-4148707 131136 1 3259
-4153108 8192 1 22091
-4153732 131080 1 1409
-4154155 514 1 26801
-4154587 0 2 457 9091
-4156195 2 1 831239
-4160212 4 1 148579
-4160488 67108864 2 593 877
-4162579 65536 1 68239
-4164808 67112960 1 12107
-4165771 0 2 757 5503
-4167256 33554432 2 193 2699
-4167508 8388736 1 467
-4168339 262148 1 8387
-4170139 64 2 139 1579
-4170587 0 2 937 4451
-4179688 67633184 1 421
-4180627 2097224 1 241
-4190011 4 2 619 967
-4192123 131088 1 4813
-4195108 128 1 45599
-4201867 0 2 929 4523
-4202440 67108874 1 9551
-4203379 135168 1 1459
-4206772 2097152 1 12671
-4210795 2 1 842159
-4211179 68 1 31663
-4211515 14 1 10939
-4212580 2 2 347 607
-4215955 2 2 149 5659
-4218811 0 2 1627 2593
-4220692 36 1 8867
-4221259 132 2 157 167
-4223332 0 2 401 2633
-4223611 4 2 107 5639
-4224091 512 1 136261
-4229995 14 1 10987
-4232515 6 1 120929
-4236472 33554432 2 433 1223
-4237315 2 2 193 4391
-4237483 512 1 136693
-4239467 512 2 163 839
-4242427 4 2 331 1831
-4249432 33558536 1 1123
-4250968 33620480 1 281
-4251547 32 1 250091
-4253428 163840 1 269
-4253572 512 1 34303
-4254712 33554444 1 6907
-4254979 4096 1 98953
-4258603 16448 1 4229
-4260907 4 1 608701
-4263688 67108888 1 3727
-4264708 4 1 152311
-4265272 33554504 1 2551
-4266883 0 2 139 30697
-4267147 256 2 269 547
-4273252 32832 1 953
-4274692 0 2 751 1423
-4275448 33554432 1 534431
-4278472 67108872 1 48619
-4283428 128 1 46559
-4285432 33554432 1 535679
-4293955 2 2 631 1361
-4300552 67108864 1 537569
-4305355 2 2 149 5779
-4306171 1024 2 181 643
-4306915 2 2 139 6197
-4307188 8388640 1 653
-4307620 2 1 215381
-4309528 33619968 1 8831
-4311907 65536 1 70687
-4312099 2097160 1 4723
-4316683 4 1 616669
-4319635 2 2 661 1307
-4320052 8200 1 2089
-4320331 0 2 1747 2473
-4321252 16 1 83101
-4323235 6 2 149 829
-4324708 1024 1 29221
-4325512 67108864 1 540689
-4326772 32 1 63629
-4328872 67108864 2 617 877
-4329835 16386 1 16339
-4334971 2176 1 4597
-4335940 6 1 30971
-4343332 4 1 155119
-4343755 50 1 3931
-4345915 6 2 227 547
-4348627 0 2 977 4451
-4349707 131072 1 64921
-4349731 2048 2 277 383
-4350715 2114 1 1117
-4351435 65546 1 1297
-4354708 0 2 163 6679
-4357672 67109000 1 2153
-4357843 4 1 622549
-4361635 16386 2 109 151
-4361803 256 1 150407
-4364587 256 1 150503
-4364872 67108864 1 545609
-4366651 0 2 443 9857
-4367812 2048 1 26633
-4370611 131076 1 9319
-4376131 524288 2 151 397
-4376155 8388614 1 1289
-4381387 532480 1 1277
-4382260 34 1 12889
-4382548 0 2 269 4073
-4382968 33554432 1 547871
-4385032 67111168 1 461
-4385155 2050 1 21391
-4389187 32776 1 6763
-4391755 66 1 46229
-4393048 33554440 1 49921
-4394020 2097154 1 2647
-4397203 32 1 258659
-4398163 12 1 57119
-4398331 4 2 149 4217
-4398808 33556480 1 13411
-4402651 520 1 12911
-4403428 0 1 1100857
-4404712 67110928 1 1033
-4410091 516 1 20323
-4411012 131072 2 109 151
-4411432 67108896 2 163 199
-4414795 14 1 11467
-4417288 67108992 1 24007
-4417291 64 2 137 1697
-4418707 1048576 1 55933
-4418932 8388612 1 1627
-4419403 0 2 1019 4337
-4427332 20 1 12163
-4430728 67108864 2 233 2377
-4430980 2 1 221549
-4431115 18 1 68171
-4435288 33554456 1 3877
-4439428 4 1 158551
-4440760 33685506 1 1657
-4440787 16 2 113 3023
-4441579 2129920 1 907
-4445371 132 1 27611
-4446388 139264 1 353
-4446808 35652608 1 181
-4447315 2 2 613 1451
-4447972 16384 1 20981
-4448755 66 1 46829
-4450267 4194816 1 1613
-4457995 34 2 179 293
-4459288 33554944 1 17981
-4459963 8388608 1 45979
-4460131 16 1 343087
-4460683 1536 1 3889
-4461715 2 2 743 1201
-4462612 12 1 14489
-4466011 1032 1 10973
-4468915 10 2 193 421
-4468948 8200 1 2161
-4471843 512 1 144253
-4473931 8388620 1 599
-4474555 258 1 30859
-4479028 0 2 109 10273
-4479283 512 2 131 1103
-4480228 8192 1 23831
-4481908 524288 1 15349
-4482259 512 1 144589
-4485667 128 1 195029
-4489243 4104 1 9491
-4489987 1024 1 121351
-4490995 2 1 898199
-4493323 0 2 1093 4111
-4494340 2 1 224717
-4495432 67239936 1 8387
-4497208 33556480 1 13711
-4498468 16 1 86509
-4498708 128 2 107 457
-4502707 8 1 409337
-4503955 2 2 239 3769
-4505515 6 2 109 1181
-4508728 33554436 1 80513
-4509403 224 1 607
-4511032 33554432 2 569 991
-4514491 8192 1 96053
-4519579 0 2 761 5939
-4522795 2 1 904559
-4523755 130 2 139 283
-4524499 36 2 193 197
-4527688 67109000 1 2237
-4528315 10 2 281 293
-4529923 64 1 238417
-4530232 33554436 1 80897
-4530283 8192 2 113 853
-4530955 26 1 6337
-4531459 0 2 877 5167
-4533403 4 2 491 1319
-4533587 16777216 1 44887
-4533715 258 1 31267
-4536712 67108864 2 223 2543
-4541779 584 1 701
-4543027 0 2 193 23539
-4543483 4 1 649069
-4545652 8192 1 24179
-4553515 2 2 431 2113
-4554532 0 2 509 2237
-4556728 33570824 1 977
-4557268 0 2 127 8971
-4559032 33558784 1 457
-4562395 8388738 1 409
-4563667 262240 1 199
-4565092 68 1 8581
-4567507 8196 1 13883
-4569352 67113984 1 359
-4569448 67125264 1 829
-4569955 18 2 167 421
-4576195 146 1 3061
-4581739 256 1 157991
-4582987 0 2 157 29191
-4585960 67108866 1 114649
-4587172 0 1 1146793
-4587451 1048584 1 5279
-4591348 66048 1 607
-4594195 2 1 918839
-4597219 8 2 181 2309
-4598248 67112960 1 13367
-4598932 32784 1 1499
-4599928 33554464 2 149 227
-4604212 32 1 67709
-4604683 0 2 401 11483
-4607668 16 1 88609
-4607908 2048 1 28097
-4608571 8 1 418961
-4612612 0 1 1153153
-4612708 0 1 1153177
-4612840 67108866 1 115321
-4616308 4096 1 26839
-4616923 512 1 148933
-4620307 4096 1 107449
-4622731 0 2 281 16451
-4623091 8 2 487 863
-4626787 8 2 107 3931
-4627492 0 1 1156873
-4627555 4194306 1 10399
-4629643 0 2 1229 3767
-4632067 1096 1 599
-4634632 67108928 1 30491
-4635208 67633152 1 7937
-4638628 0 2 373 3109
-4638763 0 2 113 41051
-4642708 4 1 165811
-4642939 4 2 419 1583
-4648120 33554690 1 4007
-4649755 42 1 4973
-4651012 0 1 1162753
-4651252 16777472 1 397
-4651267 4224 1 4703
-4653235 8194 1 19801
-4653940 8194 1 4951
-4655755 2066 1 1747
-4656883 12 2 197 307
-4657192 71303680 1 211
-4661683 16 1 358591
-4667908 4100 1 3877
-4668715 524290 1 12791
-4671019 262144 1 65789
-4673299 0 2 151 30949
-4674523 131076 1 9967
-4675555 130 2 109 373
-4676155 10 1 85021
-4677640 67108874 1 10631
-4678027 0 2 541 8647
-4680019 1024 1 126487
-4684915 2 2 251 3733
-4687048 67108864 1 585881
-4688731 0 2 821 5711
-4689595 2 1 937919
-4690939 8 2 251 1699
-4694443 16 1 361111
-4694635 42 1 5021
-4696840 67109122 1 4049
-4699195 2 1 939839
-4703092 0 2 157 7489
-4704772 2098176 1 383
-4712152 33554752 1 1069
-4713928 67108864 1 589241
-4714171 12 1 61223
-4714579 16777216 1 46679
-4716763 2304 1 3967
-4730539 2088 1 617
-4734472 67112960 1 13763
-4738468 4 2 229 739
-4744552 67108864 2 109 5441
-4748179 65536 1 77839
-4749448 67109384 1 1741
-4749643 65536 1 77863
-4750027 0 2 811 5857
-4751812 16 1 91381
-4754467 4096 1 110569
-4754683 16384 2 283 317
-4755268 4 1 169831
-4756291 0 2 839 5669
-4756648 67108880 1 45737
-4757092 0 2 337 3529
-4758091 1050640 1 113
-4758523 268 1 2131
-4762283 0 2 271 17573
-4765267 1040 1 9907
-4766392 50331680 1 347
-4768555 10 2 277 313
-4770292 192 1 2729
-4779091 524320 1 3851
-4782052 8 2 251 433
-4783915 1090 1 1361
-4784968 67108864 2 103 5807
-4785748 136 1 4729
-4785859 16 2 569 647
-4789012 0 2 839 1427
-4789723 16785408 1 1009
-4793827 0 2 971 4937
-4803043 4 1 686149
-4803268 0 2 191 6287
-4805347 64 1 252913
-4807432 67108868 1 85847
-4813195 18434 1 443
-4813435 10 1 87517
-4815115 2 2 613 1571
-4816987 65796 1 389
-4819435 1026 2 109 239
-4819867 16 1 370759
-4820491 16 2 523 709
-4821019 4 1 688717
-4821187 4 1 688741
-4826107 24 1 33749
-4828888 33554496 1 31769
-4829059 64 1 254161
-4832872 67108872 1 54919
-4839499 132 1 30059
-4843723 49152 1 1549
-4843915 524418 1 577
-4845940 10 1 22027
-4848595 2 1 969719
-4848859 32 1 285227
-4850248 67108880 2 149 313
-4851835 4194306 1 10903
-4855435 18 1 74699
-4856395 2 1 971279
-4858435 2 2 113 8599
-4858708 0 2 227 5351
-4859203 0 2 337 14419
-4868443 524320 1 3923
-4870195 524298 1 1213
-4871003 0 2 1867 2609
-4873363 264 1 15277
-4874995 2 1 974999
-4876939 64 2 283 907
-4880707 525328 1 139
-4884091 0 2 2207 2213
-4885192 67108880 2 107 439
-4888147 4194312 1 4993
-4891315 26 1 6841
-4895179 576 1 8311
-4898419 16640 1 3187
-4900648 67241984 1 223
-4901572 16 1 94261
-4901779 32768 2 251 331
-4907227 16 2 211 1789
-4911412 8 1 111623
-4913755 14 1 12763
-4914523 33280 1 2687
-4918147 16 2 103 3673
-4925320 67141634 1 2087
-4925515 6 1 140729
-4926859 4 1 703837
-4928587 131072 1 73561
-4928632 33554432 1 616079
-4930099 32768 1 83561
-4933627 0 2 1913 2579
-4934107 73728 1 1721
-4938163 6144 1 2801
-4939411 4194496 1 127
-4941448 67108864 1 617681
-4948819 32 1 291107
-4951720 68157442 1 1567
-4953592 33570820 1 1669
-4957348 65544 1 1847
-4963915 42 1 5309
-4970179 0 2 1051 4729
-4971067 512 1 160357
-4975531 520 1 14591
-4976059 8 2 547 827
-4978963 8 1 452633
-4981123 4 1 711589
-4982227 512 2 173 929
-4989172 64 1 65647
-4989715 2 2 773 1291
-4993828 4 1 178351
-4996195 2 1 999239
-4996699 0 2 337 14827
-4996795 2 1 999359
-4999027 136 1 19759
-5001787 8324 1 661
-5003347 524288 1 68539
-5004955 2 2 419 2389
-5010403 4096 2 109 1069
-5011963 2056 1 11113
-5014195 8258 1 1123
-5019448 33554436 1 89633
-5019907 0 2 673 7459
-5020147 8 1 456377
-5024755 2050 2 127 193
-5031331 512 2 109 1489
-5036107 1024 1 136111
-5038132 131080 1 1709
-5039332 65600 1 1087
-5041555 66 1 53069
-5043355 2 2 191 5281
-5044372 0 2 1117 1129
-5045371 65536 2 107 773
-5048059 256 1 174071
-5059972 1024 2 179 191
-5064340 2 2 313 809
-5067448 33554432 2 167 3793
-5068312 35651616 1 449
-5070451 0 2 251 20201
-5071432 67108864 2 191 3319
-5071507 516 1 23371
-5072155 10 1 92221
-5074612 0 2 139 9127
-5075272 67108992 1 27583
-5077528 33685504 1 9473
-5079763 16 1 390751
-5080195 32802 1 1013
-5091892 16 2 181 541
-5096443 8 1 463313
-5099707 524288 1 69859
-5100595 162 1 2609
-5101843 0 2 337 15139
-5106088 67109136 1 1693
-5109988 16 1 98269
-5111659 4 1 730237
-5112163 4 2 571 1279
-5113672 67108864 2 179 3571
-5113915 514 1 32993
-5115748 8 2 233 499
-5115940 66 1 13463
-5118835 4194306 1 11503
-5119108 2097184 1 907
-5120467 1160 1 547
-5124232 67108864 1 640529
-5127172 65536 1 21013
-5131768 33554432 1 641471
-5137027 132 1 31907
-5138632 67239936 1 9587
-5139220 2 2 293 877
-5140132 128 1 55871
-5140552 67141632 1 10891
-5142712 33556480 1 15679
-5143243 68 1 38671
-5143963 8 1 467633
-5144155 66 2 173 313
-5144347 16 1 395719
-5144392 67125256 1 1103
-5147755 2050 1 25111
-5148388 4 1 183871
-5153827 32772 1 12479
-5154355 1048578 1 13049
-5155843 12 1 66959
-5156452 65540 1 3019
-5159368 67108864 2 151 4271
-5159467 0 2 113 45659
-5159995 2 1 1031999
-5161195 18 2 271 293
-5162788 0 2 157 8221
-5163667 0 2 137 37691
-5163988 32 1 75941
-5164963 131072 2 127 607
-5166283 524448 1 181
-5173459 4224 1 5231
-5175235 18 2 103 773
-5179252 16 2 103 967
-5179531 16516 1 607
-5179651 4096 2 163 739
-5181988 4 1 185071
-5183515 1026 1 28019
-5184355 10 1 94261
-5190283 4 1 741469
-5191012 512 1 41863
-5199139 32776 1 8011
-5203108 0 2 487 2671
-5203528 67109128 1 2039
-5210419 0 2 293 17783
-5215795 274 1 2767
-5220235 16386 1 19699
-5225515 514 1 33713
-5226067 131084 1 1013
-5228659 128 2 463 491
-5229835 65554 1 1319
-5230948 0 2 919 1423
-5231107 524548 1 353
-5232859 8912896 1 739
-5239012 0 1 1309753
-5240947 32 1 308291
-5241907 136 1 20719
-5248132 0 2 109 12037
-5251108 0 1 1312777
-5256148 4096 1 30559
-5259160 33554434 1 131479
-5263147 0 2 367 14341
-5264515 258 1 36307
-5265451 8388672 1 2857
-5265547 4 2 127 5923
-5273947 4 1 753421
-5278027 0 2 149 35423
-5281723 0 2 191 27653
-5283448 36175872 1 109
-5287867 262192 1 337
-5289355 2 2 619 1709
-5290219 8 1 480929
-5294011 49152 1 1693
-5298403 8 1 481673
-5301763 0 2 137 38699
-5302843 84 1 3067
-5306587 4120 1 863
-5310232 33816576 1 9349
-5310355 65666 1 757
-5315203 524320 1 4283
-5316040 67108866 2 347 383
-5318347 64 1 279913
-5324707 1152 1 6257
-5328052 0 2 311 4283
-5338987 262400 1 2593
-5339272 67108864 2 251 2659
-5340868 16 2 271 379
-5343403 16 1 411031
-5345971 0 2 149 35879
-5346772 65568 1 1289
-5351899 4 2 197 3881
-5352292 8 2 103 1181
-5353252 0 2 151 8863
-5366179 20 2 109 541
-5368963 64 1 282577
-5369428 0 2 131 10247
-5372152 33554432 1 671519
-5376211 1024 1 145303
-5376835 2 2 337 3191
-5379928 33554432 2 263 2557
-5382595 2 1 1076519
-5385352 67108868 1 96167
-5385907 0 2 1499 3593
-5393539 32 1 317267
-5395912 67239936 1 10067
-5399860 2 2 109 2477
-5400115 6 2 277 557
-5401972 2113536 1 307
-5405515 66562 1 479
-5409067 1024 1 146191
-5409595 2 1 1081919
-5410987 131072 1 80761
-5416003 1048576 2 179 383
-5416123 16384 1 102191
-5417203 32808 1 491
-5417755 70 1 8147
-5418484 0 2 151 8971
-5421355 2 2 271 4001
-5422852 0 1 1355713
-5425315 6 1 155009
-5428267 16 1 417559
-5429092 512 1 43783
-5434948 256 1 46853
-5437531 8 2 653 757
-5437627 16 1 418279
-5440612 96 1 4211
-5440792 33554436 1 97157
-5442547 1048584 1 6263
-5445523 32768 1 92297
-5447491 4 1 778213
-5449459 640 1 7643
-5449723 0 2 137 39779
-5465128 67112960 1 15887
-5469172 32 1 80429
-5469412 16 2 107 983
-5472523 516 1 25219
-5473252 32 1 80489
-5474932 4096 2 139 229
-5475208 67108864 2 439 1559
-5478235 6 1 156521
-5479195 2 1 1095839
-5480728 33619976 1 1021
-5481592 33554432 1 685199
-5485771 0 2 1367 4013
-5498872 33554432 1 687359
-5499067 260 2 103 263
-5500891 8 2 227 2203
-5503195 1026 2 151 197
-5505307 2097216 1 3491
-5509003 32 2 541 599
-5509963 0 2 397 13879
-5515363 4 2 617 1277
-5516683 524288 1 75571
-5518888 67108864 2 109 6329
-5519155 49154 1 353
-5519227 4 2 239 3299
-5519395 518 1 5087
-5525752 33554432 1 690719
-5538712 33570816 1 13063
-5539747 0 2 691 8017
-5553592 33554440 2 223 283
-5554795 2 1 1110959
-5559187 32 1 327011
-5559235 65546 1 1657
-5561827 0 2 1607 3461
-5562451 32 1 327203
-5563891 1048576 1 70429
-5563915 262150 1 2239
-5572315 6 1 159209
-5580107 16 2 347 1237
-5583208 67174432 1 673
-5584219 0 2 929 6011
-5586499 0 2 163 34273
-5587123 32768 2 281 337
-5595523 524288 1 76651
-5596315 34 1 65839
-5597131 32 1 329243
-5597995 262162 1 1213
-5598715 2 2 523 2141
-5600035 6 1 160001
-5607043 16 1 431311
-5607268 0 1 1401817
-5609107 4 1 801301
-5610283 4 1 801469
-5611972 32 1 82529
-5619883 0 2 389 14447
-5622163 0 2 127 44269
-5622547 4 2 109 7369
-5623195 2 1 1124639
-5627203 4194432 1 2749
-5629435 6 1 160841
-5631067 1168 1 509
-5642008 35651840 1 293
-5643595 2 1 1128719
-5648515 2 2 331 3413
-5649352 67108992 1 30703
-5654635 6 1 161561
-5654968 33554440 2 179 359
-5660635 2 2 157 7211
-5662948 0 2 337 4201
-5667715 34 2 131 509
-5685115 2 2 191 5953
-5685595 258 2 113 347
-5688148 0 2 523 2719
-5689627 0 2 233 24419
-5690995 73730 1 397
-5692147 16384 2 211 509
-5694115 1030 1 4397
-5696467 516 1 26251
-5698792 67109384 1 2089
-5701432 33685512 1 967
-5704795 2 1 1140959
-5704867 16388 1 15377
-5704939 4096 2 181 733
-5708068 0 1 1427017
-5709283 0 2 181 31543
-5709592 33554436 1 101957
-5717812 16777216 1 14153
-5719288 33554432 1 714911
-5721067 8 2 401 1297
-5721403 16384 1 107951
-5722315 2 2 181 6323
-5722387 262184 1 431
-5726563 128 1 248981
-5727892 64 1 75367
-5730712 33554448 1 55103
-5746099 0 2 2161 2659
-5750635 74 1 5503
-5757115 22 1 12653
-5760595 2 1 1152119
-5762323 4 2 233 3533
-5764312 33554432 2 733 983
-5765992 67108896 1 42397
-5767195 16390 1 3109
-5770723 524420 1 491
-5775187 8 1 525017
-5775835 50 1 5227
-5778787 4 2 181 4561
-5780515 18 2 113 787
-5782003 0 2 881 6563
-5789515 1048578 1 14657
-5790772 16 2 193 577
-5790835 16777218 1 11467
-5797108 8519680 1 223
-5797363 262168 1 571
-5800852 64 2 127 601
-5806963 0 2 433 13411
-5808307 8192 1 123581
-5808328 67108992 1 31567
-5808532 512 2 139 337
-5812555 38 1 9769
-5812612 16 1 111781
-5813563 68 1 43711
-5819755 2 2 199 5849
-5822755 65570 1 1123
-5825155 6 2 149 1117
-5827987 4194312 1 5953
-5830708 16 1 112129
-5833195 2 1 1166639
-5833492 4 2 157 1327
-5834395 4194310 1 1873
-5834587 2088 1 761
-5842792 67108864 2 829 881
-5846779 262144 1 82349
-5847523 8 2 109 4877
-5854267 2048 1 142787
-5859403 520 1 17183
-5861107 36 1 49253
-5865187 32 1 345011
-5866435 4194306 1 13183
-5867587 520 1 17207
-5870947 0 2 331 17737
-5871931 80 1 23773
-5879515 2 2 211 5573
-5881348 8 2 349 383
-5884552 68157440 1 9311
-5887291 0 2 563 10457
-5892115 34 2 103 673
-5893747 2097184 1 4177
-5895547 4 2 163 5167
-5896312 33554432 1 737039
-5897731 2097156 1 10151
-5899915 16777222 1 1669
-5901427 131076 1 12583
-5903032 41943040 1 7607
-5913547 0 2 401 14747
-5915203 516 1 27259
-5916331 0 2 151 39181
-5917048 33554432 1 739631
-5921923 4 1 845989
-5927107 832 1 347
-5927992 33555460 1 2861
-5928388 128 1 64439
-5928811 4 1 846973
-5931172 16 2 167 683
-5932003 2060 1 1879
-5935288 33554560 1 32257
-5939299 1048576 1 75181
-5939683 0 2 601 9883
-5943931 36 2 199 251
-5945803 64 1 312937
-5954515 65542 1 2789
-5955187 1028 1 22993
-5957512 67108872 1 67699
-5961763 64 1 313777
-5964043 64 1 313897
-5965492 4194320 1 1289
-5968372 0 2 223 6691
-5971003 512 1 192613
-5978947 16 2 193 2383
-5984563 80 1 24229
-5986603 4 1 855229
-5987923 0 2 127 47149
-5988955 6 2 137 1249
-5989732 4 1 213919
-5991595 1026 2 139 233
-5996515 6 1 171329
