-61031
-62039
-63671
-79559
-87959
-93287
-103391
-105503
-116927
-131111
-141719
-145391
-148727
-184703
-185567
-185711
-193951
-229247
-267679
-298943
-299311
-311099
-319639
-368651
-382567
-390527
-412591
-414031
-431671
-453823
-489743
-499927
-517639
-518699
-527599
-531871
-564367
-589063
-615367
-616519
-623071
-646859
-657607
-669107
-674483
-726367
-740939
-754283
-756967
-759223
-759463
-790379
-816847
-825343
-845531
-888443
-888659
-888779
-894059
-929051
-930583
-994571
-1008587
-1033063
-1043291
-1045663
-1056347
-1057807
-1074707
-1089463
-1125323
-1151047
-1156087
-1164803
-1194103
-1198451
-1199507
-1201307
-1230379
-1239619
-1269179
-1279907
-1282763
-1295027
-1321459
-1331411
-1337603
-1355507
-1355743
-1355867
-1359091
-1372187
-1376939
-1409171
-1421747
-1421963
-1461419
-1462619
-1472539
-1509203
-1515847
-1519523
-1528811
-1533347
-1538531
-1539331
-1549099
-1578011
-1598539
-1605083
-1625843
-1630411
-1631299
-1640539
-1668211
-1693579
-1706843
-1716971
-1751419
-1790603
-1809683
-1824707
-1844263
-1845931
-1852283
-1861403
-1866091
-1877891
-1893347
-1898243
-1915051
-1922383
-1929827
-1934147
-1939523
-1953587
-1967299
-1978051
-1987411
-2002579
-2004803
-2043323
-2057779
-2070083
-2098763
-2143667
-2178947
-2181331
-2208803
-2237491
-2281243
-2292859
-2324507
-2332427
-2341531
-2349803
-2357363
-2360539
-2374699
-2383643
-2386547
-2420723
-2426363
-2446099
-2531611
-2543963
-2547619
-2551403
-2595451
-2609267
-2630371
-2653907
-2658787
-2691467
-2692051
-2695291
-2699747
-2717131
-2734187
-2741003
-2778091
-2821699
-2834131
-2874979
-2879843
-2882059
-2905667
-2909867
-2938003
-2965307
-2967379
-2977099
-2985379
-3048163
-3051227
-3069019
-3107971
-3122851
-3169307
-3172627
-3216139
-3224267
-3231667
-3258707
-3266251
-3272147
-3276283
-3311419
-3344387
-3351947
-3365851
-3385147
-3429667
-3460531
-3504811
-3564019
-3565907
-3577907
-3581419
-3583819
-3602059
-3608851
-3657347
-3660667
-3721099
-3739987
-3741259
-3749971
-3750787
-3762259
-3805547
-3822523
-3825043
-3830611
-3849091
-3881659
-3904051
-3905107
-3940891
-3943531
-3946339
-3947899
-3979603
-3987811
-4007851
-4021579
-4030123
-4044499
-4046467
-4062931
-4112851
-4138987
-4156627
-4166203
-4173907
-4174603
-4210291
-4214659
-4249867
-4259323
-4331323
-4333099
-4364011
-4386211
-4390051
-4411531
-4418083
-4463363
-4530763
-4535371
-4574587
-4595827
-4616827
-4623259
-4679107
-4685467
-4700203
-4715107
-4726963
-4743307
-4754083
-4795507
-4812883
-4846339
-4868323
-4902571
-4936483
-4946947
-4961563
-4963771
-4976443
-4978483
-5027923
-5056267
-5062219
-5064259
-5087323
-5149987
-5150947
-5156563
-5165659
-5172379
-5188867
-5221819
-5270347
-5278099
-5301547
-5307763
-5368771
-5375371
-5421763
-5443363
-5480539
-5484067
-5493883
-5506507
-5524867
-5540107
-5582947
-5635243
-5726683
-5794123
-5801227
-5824867
-5825059
-5838787
-5842867
-5853403
-5860627
-5866243
-5889811
-5911267
-5914123
-5940307
-5940547
-5957227
-5988691
-6000427
