-64151
-83471
-122039
-131231
-147047
-150743
-198047
-218783
-253879
-266719
-273271
-302191
-312863
-316583
-321631
-369487
-370879
-375899
-384751
-411967
-415379
-423727
-425291
-427451
-434411
-441703
-448927
-455047
-456047
-475903
-501343
-528659
-528991
-535999
-538519
-546731
-548927
-556211
-558491
-562759
-567319
-569939
-595183
-612439
-612583
-635959
-647531
-668699
-681251
-711847
-722287
-738487
-751567
-768491
-773363
-785483
-790519
-810487
-845623
-850211
-863143
-871687
-890287
-899263
-903607
-910619
-930779
-934547
-935699
-945943
-952739
-958931
-970303
-978223
-1006979
-1008659
-1018019
-1018903
-1021663
-1027547
-1028939
-1030763
-1030787
-1042523
-1045763
-1072931
-1093327
-1111687
-1123307
-1143223
-1182007
-1182659
-1189403
-1190723
-1220699
-1234547
-1242487
-1249643
-1250527
-1259627
-1265623
-1277819
-1311251
-1317227
-1324403
-1337003
-1343987
-1392539
-1394023
-1395179
-1417051
-1454863
-1472167
-1474307
-1474787
-1480903
-1487887
-1496723
-1500467
-1501307
-1524007
-1529027
-1532243
-1543891
-1569923
-1589299
-1591547
-1593659
-1619699
-1627523
-1627771
-1635563
-1666303
-1676027
-1688987
-1696579
-1700143
-1714187
-1716059
-1731251
-1739251
-1741099
-1743827
-1745371
-1747307
-1752563
-1754699
-1758923
-1760267
-1799731
-1805123
-1812683
-1844963
-1864547
-1869563
-1869691
-1876163
-1900763
-1901267
-1907987
-1919647
-1919843
-1936219
-1981543
-1982579
-1999163
-1999219
-1999979
-2005931
-2044411
-2050211
-2054483
-2061203
-2064323
-2076259
-2087627
-2088683
-2093123
-2098171
-2115227
-2116651
-2125523
-2174299
-2183539
-2190691
-2205947
-2219059
-2228867
-2240267
-2240747
-2289979
-2298211
-2299907
-2306851
-2325571
-2341819
-2342611
-2346931
-2347067
-2393507
-2449171
-2450491
-2487211
-2500187
-2522867
-2523379
-2530699
-2555011
-2557067
-2558251
-2597299
-2600251
-2624627
-2634923
-2657243
-2689699
-2694499
-2716843
-2719523
-2727427
-2728171
-2740219
-2746699
-2746819
-2763347
-2778619
-2786923
-2792987
-2851787
-2857303
-2859211
-2859979
-2861851
-2865691
-2873491
-2883467
-2886451
-2898683
-2932883
-2972731
-3020491
-3049643
-3053131
-3133643
-3141811
-3153467
-3173371
-3188387
-3188587
-3199411
-3201379
-3234787
-3250099
-3275147
-3277283
-3325051
-3325867
-3337427
-3338603
-3339331
-3341059
-3345739
-3348227
-3371867
-3396803
-3401131
-3426811
-3440627
-3447091
-3455363
-3459763
-3490171
-3497419
-3511051
-3521803
-3561907
-3568163
-3573499
-3604891
-3617611
-3642451
-3657571
-3695059
-3706723
-3745771
-3748819
-3751387
-3770491
-3794299
-3855091
-3860299
-3864139
-3874531
-3887011
-3888571
-3917131
-3919099
-3933091
-3943171
-3977011
-3994411
-4011331
-4021411
-4046083
-4084027
-4096283
-4100419
-4140259
-4182883
-4188347
-4221683
-4237531
-4267531
-4269403
-4270667
-4286323
-4286467
-4333027
-4336907
-4348171
-4362331
-4371139
-4376347
-4385243
-4414411
-4427971
-4428379
-4444291
-4445387
-4449163
-4468787
-4504243
-4554331
-4611931
-4629451
-4634011
-4651771
-4702627
-4702699
-4704379
-4717963
-4719667
-4741483
-4761619
-4794931
-4805179
-4823803
-4829779
-4864243
-4894651
-4915171
-4934899
-4944523
-4945267
-5002771
-5015371
-5028523
-5028811
-5037211
-5056699
-5100811
-5111299
-5120131
-5129827
-5165707
-5169763
-5187283
-5215051
-5258723
-5260819
-5269051
-5280091
-5322739
-5345467
-5381683
-5423779
-5429251
-5472763
-5475643
-5481211
-5500819
-5519243
-5524147
-5557171
-5647699
-5658187
-5683771
-5724931
-5730211
-5737531
-5743291
-5750083
-5791531
-5805907
-5839219
-5847979
-5855491
-5895763
-5914627
-5960971
-5963731
-6001747
