-60791 17920 0
-64511 512 1 2081
-68015 65538 1 223
-71639 262144 1 1009
-77111 256 1 2659
-84335 16777218 1 167
-87479 4 1 12497
-88271 0 2 103 857
-93455 2 1 18691
-95639 32768 1 1621
-100199 8 1 9109
-100631 0 2 103 977
-103055 2 1 20611
-113543 32 1 6679
-115439 0 2 241 479
-122855 2 1 24571
-127295 6 1 3637
-131615 10 1 2393
-134855 6 1 3853
-137351 64 1 7229
-142055 2 1 28411
-144287 24 1 1009
-148823 4096 1 3461
-149063 128 1 6481
-152984 33554448 1 1471
-153455 8194 1 653
-155519 20 1 1709
-156311 131072 1 2333
-158807 8 1 14437
-161719 32768 1 2741
-165215 2 2 173 191
-174503 8388612 1 257
-180359 2115584 0
-181159 4104 1 383
-181367 0 2 293 619
-186991 4 1 26713
-188255 130 1 1637
-193976 33554432 1 24247
-197071 8196 1 599
-201983 17408 1 103
-202007 2064 1 379
-202039 0 2 281 719
-209551 2112 1 269
-211655 2 1 42331
-212504 50331648 1 263
-215543 544 1 409
-218671 96 1 677
-222047 4 1 31721
-223016 67174400 1 457
-224855 2 1 44971
-225991 131072 1 3373
-227495 2 2 173 263
-228056 33554688 1 983
-229463 80 1 929
-230264 33554432 2 107 269
-232964 0 2 139 419
-234055 2 1 46811
-234295 8194 1 997
-238415 2050 1 1163
-238616 33554436 1 4261
-241103 0 2 461 523
-242996 16 1 4673
-243215 6 1 6949
-248495 18 1 3823
-251671 4 2 157 229
-257444 8 1 5851
-258647 64 1 13613
-261044 4 1 9323
-262159 0 2 317 827
-263663 64 1 13877
-265343 16 1 20411
-267055 2 1 53411
-269816 33554688 1 1163
-270104 33554496 1 1777
-270751 32784 1 353
-270935 6 1 7741
-273095 2 2 193 283
-277055 2 1 55411
-277736 67108864 2 149 233
-284911 32776 1 439
-289367 16 1 22259
-294743 0 2 241 1223
-296804 0 1 74201
-299576 33554432 1 37447
-299636 0 2 173 433
-300455 2 1 60091
-300836 0 1 75209
-301124 2097152 1 907
-305455 2 1 61091
-311624 67108864 1 38953
-311903 262272 1 191
-313591 0 2 557 563
-314516 65536 1 1289
-316280 33554434 1 7907
-316436 0 2 239 331
-317423 1152 1 373
-319759 2056 1 709
-323159 4194304 1 3631
-324356 0 2 131 619
-325159 544 1 617
-328351 16777216 1 3251
-332216 33554432 2 131 317
-333751 8 1 30341
-334543 40 1 1789
-335087 160 1 857
-335480 33554434 1 8387
-340616 67108864 1 42577
-342919 0 2 307 1117
-343256 33554432 2 107 401
-343556 0 1 85889
-347828 16 1 6689
-349279 2052 1 1217
-349639 32 2 131 157
-352487 131072 1 5261
-353191 320 1 641
-355943 4 1 50849
-356911 65536 1 5851
-357527 32 1 21031
-359444 128 1 3907
-361076 64 1 4751
-363299 64 1 19121
-364951 2097152 1 4397
-365816 33554440 1 4157
-368264 67108880 1 3541
-370735 16386 1 1399
-373055 2 1 74611
-373544 67125248 1 881
-380168 67108864 1 47521
-383119 264 1 1201
-388015 262146 1 1093
-389144 33554436 1 6949
-390164 0 2 103 947
-393416 67108864 1 49177
-393887 2064 1 739
-394040 33554434 1 9851
-396404 0 2 113 877
-397988 0 1 99497
-399055 2 1 79811
-402799 2097280 1 211
-405895 6 1 11597
-406487 32 1 23911
-407911 68 1 3067
-408847 0 2 107 3821
-411271 2052 1 1433
-413335 18 1 6359
-416327 0 2 457 911
-419071 16384 1 7907
-420631 32 2 109 227
-421255 2 2 173 487
-425144 33554496 1 2797
-427255 2 1 85451
-429299 16 1 33023
-429607 1056 1 683
-431455 2 1 86291
-433807 8 2 113 349
-433880 33554434 1 10847
-439859 516 1 2027
-440051 0 2 431 1021
-441871 0 2 197 2243
-442760 67108866 1 11069
-442856 67108864 2 197 281
-442999 8388608 1 4567
-444655 2 2 113 787
-445844 4 1 15923
-445951 262152 1 571
-448520 67108866 1 11213
-448639 0 2 149 3011
-449864 67125248 1 1061
-450655 2 2 193 467
-452543 20 1 4973
-452935 6 1 12941
-453535 65538 1 1487
-454399 16777224 1 409
-458503 18432 1 211
-460019 4 1 65717
-460376 33554436 1 8221
-460916 65536 1 1889
-464023 4 2 151 439
-469859 8208 1 769
-470216 67125248 1 1109
-472811 65664 1 337
-472931 262144 1 6661
-473239 32784 1 617
-473459 4 2 239 283
-473672 67108864 1 59209
-476047 24 1 3329
-476119 36 1 4001
-477364 0 2 131 911
-478331 132 1 2971
-480847 0 2 257 1871
-483919 0 2 277 1747
-484088 33554440 1 5501
-484571 0 2 421 1151
-487619 8388616 1 457
-492356 2097152 1 1483
-494036 0 2 113 1093
-497167 8 1 45197
-498251 16 1 38327
-499379 4194816 1 181
-501656 34078720 1 859
-504584 67108864 1 63073
-505384 67108872 1 5743
-505544 67108880 1 4861
-507439 512 1 16369
-507755 2 2 173 587
-509624 33554432 1 63703
-509720 33554434 1 12743
-510452 1024 1 3449
-512719 0 2 331 1549
-512744 67108864 2 107 599
-513848 33554432 1 64231
-515555 8388610 1 1063
-516836 0 1 129209
-518531 16 1 39887
-522055 2 2 263 397
-522164 512 1 4211
-523831 12 1 6803
-529855 2 1 105971
-530792 67112960 1 1543
-531559 4 1 75937
-532516 131072 1 1987
-534740 2 1 26737
-535007 40 1 2861
-538040 33554434 1 13451
-541487 10240 1 281
-542264 33554432 1 67783
-542516 16 1 10433
-543944 67108864 1 67993
-544619 0 2 733 743
-547015 6 1 15629
-547063 2056 1 1213
-549476 0 1 137369
-549896 67108864 1 68737
-550399 0 2 277 1987
-551455 2 1 110291
-553519 8192 1 11777
-556015 65538 1 1823
-557411 512 1 17981
-558919 0 2 139 4021
-562232 33554440 1 6389
-565927 8192 1 12041
-566228 16 1 10889
-567895 16386 1 2143
-568591 0 2 541 1051
-570740 2 1 28537
-572983 16448 1 569
-573635 8194 1 2441
-573823 8448 1 421
-574484 64 1 7559
-574808 33554448 1 5527
-578215 10 1 10513
-582152 67125248 1 1373
-587383 262144 1 8273
-588679 20 1 6469
-590411 256 1 20359
-592520 67108866 1 14813
-593191 0 2 281 2111
-593828 0 1 148457
-594559 4 2 157 541
-596359 0 2 467 1277
-596743 4 2 163 523
-599108 64 1 7883
-600164 0 1 150041
-600680 67108866 1 15017
-605431 1024 1 16363
-606655 6 1 17333
-606728 67108864 2 149 509
-607955 2 1 121591
-610255 2 1 122051
-611503 4096 1 14221
-612415 16386 1 2311
-615251 20 1 6761
-616859 4194560 1 239
-617071 20 1 6781
-617684 0 2 307 503
-617720 33554434 1 15443
-619652 8 1 14083
-619748 0 1 154937
-622088 67108864 1 77761
-622543 256 1 21467
-626372 0 1 156593
-628472 33554448 1 6043
-629864 67112960 1 1831
-631331 1024 2 113 151
-633128 67109120 1 2729
-633272 33554432 1 79159
-633343 1048576 1 8017
-634951 0 2 317 2003
-637316 0 2 283 563
-638963 144 1 2137
-639607 128 1 27809
-639668 4096 1 3719
-640232 67108864 2 191 419
-642055 2 1 128411
-643640 33554434 1 16091
-645752 33570816 1 1523
-646052 8 1 14683
-647023 262160 1 701
-647060 2 1 32353
-647455 2 1 129491
-647555 131074 1 1933
-649931 0 2 347 1873
-650084 0 2 331 491
-650116 0 1 162529
-650383 2304 1 547
-653171 4196352 1 179
-655019 4096 1 15233
-655831 8 1 59621
-656795 34 1 7727
-656804 0 1 164201
-657895 6 1 18797
-659215 514 1 4253
-662264 33554496 1 4357
-664015 10 1 12073
-665027 8 1 60457
-668935 2 2 353 379
-674455 4098 1 3137
-674623 131072 1 10069
-675031 524292 1 1321
-677171 8 1 61561
-678247 1152 1 797
-678376 67108928 1 4463
-681103 278528 1 181
-685816 33587200 1 1453
-685976 33554496 1 4513
-688388 0 1 172097
-693535 258 1 4783
-695252 524288 1 2381
-696011 0 2 457 1523
-696904 67108880 1 6701
-697796 8 1 15859
-701167 0 2 127 5521
-702895 2 2 257 547
-707236 0 1 176809
-708872 67108864 1 88609
-709591 0 2 239 2969
-709951 8 2 233 277
-710555 2 1 142111
-711176 67108864 1 88897
-712543 32784 1 929
-714899 262144 1 10069
-714964 8192 1 3803
-716120 33554434 1 17903
-718628 0 1 179657
-720932 0 1 180233
-722219 32768 1 12241
-723080 67108866 1 18077
-727379 32 1 42787
-727811 4 2 173 601
-727931 4194304 1 8179
-728584 67174400 1 1493
-732196 0 2 163 1123
-734767 8 1 66797
-738392 33554560 1 4013
-741416 67108880 1 7129
-743359 524320 1 599
-746335 65538 1 2447
-747055 2 1 149411
-747428 8 1 16987
-755288 33554496 1 4969
-755651 1040 1 1571
-756103 0 2 137 5519
-756872 67109888 1 2557
-757352 67110912 1 2309
-757715 6 1 21649
-759607 8390656 1 191
-761012 4 1 27179
-761171 524288 1 10427
-763691 32 2 167 269
-764407 4 1 109201
-770599 33792 1 353
-771755 2 1 154351
-771895 2 2 317 487
-775139 0 2 607 1277
-775543 1048576 1 9817
-775855 2 1 155171
-777655 4098 1 3617
-777956 4096 1 4523
-779311 16 2 151 397
-780655 2 1 156131
-782411 4 1 111773
-782627 131072 1 11681
-783796 16 1 15073
-784264 67108880 1 7541
-784340 2 1 39217
-784807 1024 1 21211
-784955 1026 1 4243
-785479 64 1 41341
-787172 2097152 1 2371
-796244 0 2 137 1453
-796999 2052 1 2777
-797624 33554432 2 179 557
-802615 10 1 14593
-803252 128 1 8731
-805268 1024 1 5441
-806024 67125248 1 1901
-809876 128 1 8803
-810296 33554432 1 101287
-810823 8388624 1 643
-810895 2 2 127 1277
-811448 33554440 1 9221
-812312 33587200 1 1721
-813080 33554434 1 20327
-814868 16777216 1 2017
-817615 34 1 9619
-817807 8388608 1 8431
-817816 33554432 2 151 677
-818047 0 2 211 3877
-819368 67108872 1 9311
-819572 16 1 15761
-819971 0 2 223 3677
-820595 2 2 337 487
-822008 33554440 1 9341
-822967 0 2 277 2971
-823892 0 2 281 733
-824468 16384 1 3889
-831895 34 1 9787
-833407 2048 1 20327
-833459 40 1 4457
-835163 4 2 229 521
-835892 131072 1 3119
-838903 8208 1 1373
-840248 33554432 1 105031
-840899 1024 1 22727
-841139 4194320 1 727
-844615 2 2 251 673
-847691 16 2 197 331
-847855 1026 1 4583
-848339 0 2 281 3019
-848552 67633152 1 1453
-850772 16 1 16361
-851407 1024 1 23011
-851983 524296 1 1061
-852227 32 1 50131
-857455 2 1 171491
-858247 16 2 107 617
-858779 0 2 499 1721
-859016 67108864 1 107377
-859688 67110912 1 2621
-859931 0 2 181 4751
-863432 67109888 1 2917
-863476 16384 1 4073
-864916 16 1 16633
-865595 2 2 233 743
-865880 33554434 1 21647
-865955 2 1 173191
-866695 8388610 1 1787
-867127 4194304 1 9743
-868855 18 1 13367
-869099 12 1 11287
-869483 32768 1 14737
-870356 512 1 7019
-871715 18 1 13411
-873092 8 1 19843
-873332 512 1 7043
-874451 1048576 1 11069
-878612 4 1 31379
-878792 67108864 1 109849
-878887 2097152 1 10589
-882344 67125248 1 2081
-883115 2 2 347 509
-883403 0 2 401 2203
-884335 2 2 137 1291
-886351 4194432 1 433
-887924 8192 1 4723
-888607 32 2 167 313
-891556 64 1 11731
-892739 16777216 1 8839
-894904 33554432 1 111863
-895067 1056 1 1423
-897611 24 1 6277
-897976 33554432 1 112247
-898232 33554432 1 112279
-898388 1048576 1 2843
-898883 0 2 199 4517
-899119 16 1 69163
-899743 131088 1 1033
-904139 8192 1 19237
-906008 33554432 2 109 1039
-906703 4 1 129529
-910259 4 2 109 1193
-910903 1028 1 3517
-911528 67109120 1 3929
-911764 4 1 32563
-913499 0 2 463 1973
-914132 0 2 173 1321
-914915 2050 1 4463
-916543 0 2 113 8111
-918152 67108864 1 114769
-921016 33554432 1 115127
-921035 130 1 8009
-921668 8 1 20947
-922783 16512 1 757
-923288 33554432 2 131 881
-923647 64 2 173 281
-924152 33554432 2 331 349
-925067 24 1 6469
-926219 4 2 307 431
-926599 16384 1 17483
-927011 0 2 223 4157
-927188 256 1 7993
-929732 0 1 232433
-929863 8 1 84533
-932435 6 1 26641
-932891 0 2 563 1657
-941459 128 1 40933
-942491 8200 1 1823
-942968 33554448 1 9067
-943331 64 2 131 379
-944407 16384 2 103 173
-944644 0 2 139 1699
-945604 8 1 21491
-948107 4128 1 1297
-948488 67125248 1 2237
-948655 2 2 337 563
-950372 32768 1 4027
-953863 0 2 359 2657
-955735 10 1 17377
-957736 67108880 1 9209
-960916 8 1 21839
-963851 68 1 7247
-966872 33554496 1 6361
-968383 16 2 163 457
-970211 8 2 193 457
-972127 16 1 74779
-973019 0 2 601 1619
-973144 33554432 2 103 1181
-974555 2 1 194911
-979667 16 2 179 421
-980407 16777248 1 571
-981368 33619968 1 2011
-983944 67108880 1 9461
-988712 67633152 1 1693
-990484 8 1 22511
-992344 33554432 2 163 761
-995171 0 2 149 6679
-996376 33554432 2 269 463
-997571 2304 1 839
-999316 512 1 8059
-999895 18 1 15383
-1001492 0 2 109 2297
-1001767 16 2 263 293
-1002308 2097152 1 3019
-1005443 2048 2 137 179
-1006955 1026 1 5443
-1010051 4 2 313 461
-1012148 1048576 1 3203
-1014247 65552 1 1279
-1014347 0 2 701 1447
-1016596 4 1 36307
-1016887 0 2 113 8999
-1018568 67108864 1 127321
-1024456 67109888 1 3461
-1027748 64 1 13523
-1029011 0 2 587 1753
-1029016 33554432 2 293 439
-1030808 33554432 2 269 479
-1031555 6 1 29473
-1036451 65552 1 1307
-1037647 80 1 4201
-1039663 1024 1 28099
-1041607 36 1 8753
-1042063 65544 1 1553
-1042859 0 2 599 1741
-1044280 33554434 1 26107
-1045811 16 1 80447
-1047796 2048 1 6389
-1049236 0 2 461 569
-1049464 33554448 1 10091
-1049939 520 1 3079
-1050179 16 1 80783
-1054456 33554448 1 10139
-1054628 0 1 263657
-1055699 262144 1 14869
-1056539 8 2 139 691
-1058863 8208 1 1733
-1064099 0 2 181 5879
-1065583 4096 1 24781
-1065608 67108864 1 133201
-1065668 0 1 266417
-1067044 8 1 24251
-1070168 33554440 1 12161
-1071272 67108896 1 7877
-1072255 2 1 214451
-1072807 69632 1 409
-1073764 0 2 331 811
-1074247 288 1 2179
-1076072 67109376 1 4339
-1077443 65568 1 1039
-1078135 262146 1 3037
-1080611 4 1 154373
-1081043 64 1 56897
-1081112 33685504 1 2017
-1082315 18 1 16651
-1082335 66 1 11393
-1084472 33554432 1 135559
-1085528 33554688 1 4679
-1088527 40 1 5821
-1089179 20 1 11969
-1089367 0 2 107 10181
-1090787 0 2 509 2143
-1091656 67174400 1 2237
-1091743 0 2 967 1129
-1097080 33554434 1 27427
-1097764 0 1 274441
-1097972 64 1 14447
-1098515 10 1 19973
-1099172 0 2 283 971
-1099451 0 2 587 1873
-1099571 8 1 99961
-1100408 33685504 1 2053
-1100555 2 2 103 2137
-1104059 264 1 3461
-1107611 128 1 48157
-1112743 0 2 769 1447
-1113544 67108864 2 109 1277
-1115503 0 2 181 6163
-1117207 20 1 12277
-1118648 33554432 1 139831
-1119428 0 1 279857
-1121224 67108880 1 10781
-1123396 0 2 163 1723
-1123448 33554432 2 317 443
-1123960 33554434 1 28099
-1124171 1152 1 1321
-1124291 65540 1 2633
-1124852 256 1 9697
-1125299 4 1 160757
-1127387 0 2 109 10343
-1128155 6 1 32233
-1129355 2 1 225871
-1130215 66 1 11897
-1132868 8 1 25747
-1138504 67174400 1 2333
-1141211 131072 1 17033
-1142339 264 1 3581
-1146971 4 1 163853
-1147907 384 1 1721
-1150120 67108866 1 28753
-1151867 524800 1 509
-1153748 0 2 211 1367
-1153807 131104 1 1013
-1156067 8 1 105097
-1157476 0 1 289369
-1158392 33554496 1 7621
-1159832 33554432 2 113 1283
-1161332 0 2 227 1279
-1162091 4 1 166013
-1165028 0 1 291257
-1165624 33554432 1 145703
-1167223 0 2 463 2521
-1169095 524290 1 3203
-1169219 8192 1 24877
-1170152 67108864 2 107 1367
-1171547 16 2 227 397
-1174456 33554432 1 146807
-1174532 0 1 293633
-1177379 4 1 168197
-1177687 2097156 1 2027
-1186255 6 1 33893
-1186760 67108866 1 29669
-1187767 4 1 169681
-1190072 33554448 1 11443
-1190819 4 2 311 547
-1193656 33554496 1 7853
-1194724 0 1 298681
-1196167 4 1 170881
-1196795 2 2 107 2237
-1199464 67108868 1 21419
-1200539 263168 1 457
-1200971 576 1 2039
-1202531 8 1 109321
-1202555 130 1 10457
-1203880 67108866 1 30097
-1205048 33554448 1 11587
-1205288 67108868 1 21523
-1205579 0 2 1093 1103
-1205912 33554464 1 8867
-1205944 33554432 1 150743
-1206664 67108864 1 150833
-1208483 0 2 109 11087
-1208795 6 1 34537
-1211435 524290 1 3319
-1212571 1048576 1 15349
-1214003 4 1 173429
-1216447 128 1 52889
-1218395 131074 1 3637
-1219115 130 1 10601
-1219283 262160 1 1321
-1220056 33554464 1 8971
-1220824 33554440 1 13873
-1220915 65538 1 4003
-1221155 18 1 18787
-1221556 4 1 43627
-1223047 4 1 174721
-1223080 67108866 1 30577
-1223147 0 2 131 9337
-1226440 67108866 1 30661
-1228628 0 2 181 1697
-1229507 262144 1 17317
-1230484 0 2 283 1087
-1230548 8 1 27967
-1231348 4096 1 7159
-1231864 33558528 1 3581
-1233707 544 1 2341
-1233811 0 2 197 6263
-1235176 67108864 2 103 1499
-1235348 8192 1 6571
-1237816 33554432 1 154727
-1239272 75497472 1 1597
-1240292 4096 1 7211
-1241143 0 2 547 2269
-1242740 2 1 62137
-1243543 32772 1 3011
-1246216 67108864 1 155777
-1246772 16384 1 5881
-1247524 0 1 311881
-1247956 16777216 1 3089
-1247963 1048576 1 15797
-1249903 0 2 109 11467
-1251155 1026 1 6763
-1258648 33554432 2 131 1201
-1259588 8 1 28627
-1260520 67108866 1 31513
-1264403 4 1 180629
-1265332 0 2 137 2309
-1267268 0 1 316817
-1267379 32768 1 21481
-1267508 8 1 28807
-1268408 33554432 1 158551
-1269367 8 2 167 691
-1275059 2048 2 137 227
-1275076 8 1 28979
-1279783 64 2 193 349
-1280612 0 1 320153
-1281016 33554440 1 14557
-1281428 0 2 457 701
-1281515 524290 1 3511
-1283732 0 2 487 659
-1284904 67174400 1 2633
-1285192 67108864 1 160649
-1286536 67108864 1 160817
-1286963 0 2 109 11807
-1288807 16 1 99139
-1290248 67108864 1 161281
-1291043 8208 1 2113
-1292836 64 1 17011
-1293539 80 1 5237
-1293844 0 2 107 3023
-1294811 4 2 109 1697
-1295860 2 1 64793
-1297255 2 1 259451
-1297892 0 1 324473
-1299364 8 1 29531
-1300120 33554434 1 32503
-1301716 16 1 25033
-1302755 2 1 260551
-1303156 0 2 103 3163
-1303864 33554432 2 349 467
-1304051 4 2 241 773
-1305652 4096 1 7591
-1306955 18 1 20107
-1308008 67108880 1 12577
-1309156 0 1 327289
-1310047 0 2 881 1487
-1310404 2097152 1 3947
-1310867 64 1 68993
-1310983 0 2 181 7243
-1311823 0 2 197 6659
-1312163 256 1 45247
-1313464 33554432 1 164183
-1313795 6 1 37537
-1314635 6 1 37561
-1315667 0 2 283 4649
-1316596 0 2 443 743
-1317124 0 1 329281
-1317155 6 1 37633
-1318427 264 1 4133
-1321144 33554440 1 15013
-1321576 67108864 2 233 709
-1323563 524288 1 18131
-1324523 147456 1 373
-1326184 75497472 1 1709
-1327355 2 1 265471
-1329428 0 2 163 2039
-1331860 2 1 66593
-1333592 33554448 1 12823
-1334579 64 1 70241
-1334708 0 2 191 1747
-1335571 32 2 251 313
-1339112 67633152 1 2293
-1339924 0 2 457 733
-1341971 264192 1 461
-1342216 67108864 1 167777
-1345291 1048576 1 17029
-1347076 0 1 336769
-1347371 4194304 1 15139
-1348907 4 2 131 1471
-1349476 0 1 337369
-1349672 67108864 2 113 1493
-1350728 67108864 2 109 1549
-1351211 65568 1 1303
-1351864 33554688 1 5827
-1355044 0 1 338761
-1355407 32768 1 22973
-1358072 33570816 1 3203
-1358123 16 1 104471
-1358243 0 2 487 2789
-1358644 4 1 48523
-1359016 67108864 2 257 661
-1364171 0 2 673 2027
-1366451 256 1 47119
-1367108 0 1 341777
-1370243 65540 1 3209
-1370435 10 1 24917
-1370680 33554434 1 34267
-1372091 516 1 6323
-1373815 32770 1 4657
-1374223 256 1 47387
-1374872 37748736 1 1931
-1377496 33554432 2 233 739
-1377563 65544 1 2053
-1378504 67108864 1 172313
-1379363 2080 1 1979
-1380203 8 2 271 463
-1380739 0 2 191 7229
-1381172 16 1 26561
-1382387 16777216 1 13687
-1382555 2 2 113 2447
-1382596 0 2 179 1931
-1386184 67108864 1 173273
-1387355 2 2 293 947
-1389496 33554432 1 173687
-1389607 16384 2 157 167
-1391003 0 2 491 2833
-1392967 0 2 491 2837
-1393352 67108864 1 174169
-1393763 4 1 199109
-1395707 0 2 1021 1367
-1396660 2 1 69833
-1399384 33554436 1 24989
-1401332 0 2 223 1571
-1404515 6 1 40129
-1404947 2048 1 34267
-1405960 67108866 1 35149
-1406296 33555456 1 4751
-1408379 4100 1 4679
-1409080 33554434 1 35227
-1411139 0 2 911 1549
-1412344 33570816 1 3331
-1413512 67108864 2 109 1621
-1413544 67108872 1 16063
-1416436 4 1 50587
-1419211 544 1 2693
-1422755 2 1 284551
-1428035 6 1 40801
-1428212 0 2 277 1289
-1428823 8 1 129893
-1429499 0 2 173 8263
-1430195 18 1 22003
-1431992 33554496 1 9421
-1433828 8 1 32587
-1436243 4096 2 127 263
-1438072 33554496 1 9461
-1438355 2 1 287671
-1438495 2 2 173 1663
-1440415 514 1 9293
-1441667 0 2 1093 1319
-1441892 0 2 547 659
-1441907 131072 1 21521
-1442363 16 1 110951
-1444307 2048 1 35227
-1445348 0 1 361337
-1445512 83886080 1 1789
-1446395 2 2 443 653
-1447955 524290 1 3967
-1448723 544 1 2749
-1450084 0 1 362521
-1450807 1024 2 113 347
-1452139 1040 1 3019
-1454267 16512 1 1193
-1454468 32768 1 6163
-1456183 0 2 661 2203
-1456264 67109120 1 6277
-1457368 33554440 1 16561
-1457915 4098 1 6781
-1462187 32 1 86011
-1465144 33554432 2 373 491
-1465684 8 1 33311
-1465883 8192 1 31189
-1466051 1024 1 39623
-1466915 2 2 397 739
-1471531 2112 1 1889
-1471864 33554432 2 251 733
-1474216 67108864 2 127 1451
-1475416 33558528 1 4289
-1475651 65568 1 1423
-1476155 2097154 1 3557
-1477855 2 1 295571
-1479064 33554432 2 293 631
-1482563 0 2 1187 1249
-1485583 264 1 4657
-1485995 6 1 42457
-1487935 2 2 523 569
-1489091 0 2 379 3929
-1491128 33554432 1 186391
-1491428 0 2 179 2083
-1493528 33554560 1 8117
-1493647 64 2 127 619
-1497371 64 1 78809
-1501907 8 1 136537
-1508312 33554448 1 14503
-1508987 512 1 48677
-1509451 0 2 647 2333
-1517044 0 2 251 1511
-1520584 67108880 1 14621
-1521223 2056 1 3373
-1521251 8388608 1 15683
-1521752 33554432 2 223 853
-1523416 33554432 2 191 997
-1523764 8 1 34631
-1525924 0 1 381481
-1528927 0 2 373 4099
-1529348 64 1 20123
-1532195 6 1 43777
-1534504 69206016 1 2311
-1535080 67108866 1 38377
-1536139 524296 1 1913
-1539316 32 1 22637
-1540232 67108864 1 192529
-1544147 8 2 229 613
-1548583 0 2 431 3593
-1550723 96 1 4801
-1551755 2 2 503 617
-1554587 0 2 557 2791
-1554955 2 2 307 1013
-1561192 67108928 1 10271
-1561307 8 1 141937
-1564739 32776 1 2411
-1565915 18 1 24091
-1566568 67141632 1 3319
-1566707 0 2 401 3907
-1566755 2 1 313351
-1568059 256 2 139 389
-1570579 32 1 92387
-1570852 0 2 499 787
-1571236 0 1 392809
-1573444 0 1 393361
-1573523 68 1 11831
-1574740 2 1 78737
-1575155 130 1 13697
-1576067 32768 1 26713
-1577140 2 1 78857
-1578035 258 1 10883
-1582024 67108864 1 197753
-1582183 0 2 103 15361
-1583507 0 2 541 2927
-1585859 8 1 144169
-1587016 67108864 1 198377
-1590947 0 2 607 2621
-1590971 0 2 353 4507
-1591096 33554448 1 15299
-1592435 18 1 24499
-1593268 2097152 1 4799
-1594667 131072 1 23801
-1596040 67108866 1 39901
-1597355 2 2 167 1913
-1600355 2 2 263 1217
-1601224 67108864 1 200153
-1601464 33554432 1 200183
-1601512 67108872 1 18199
-1602227 8 2 113 1289
-1602484 16 1 30817
-1605851 16 1 123527
-1607764 0 2 113 3557
-1609684 0 2 103 3907
-1609828 8 1 36587
-1612168 67109120 1 6949
-1613147 544 1 3061
-1613176 33554496 1 10613
-1616404 16777216 1 4001
-1624276 512 1 13099
-1625731 0 2 113 14387
-1626872 33554448 1 15643
-1627543 4194304 1 18287
-1630259 4608 1 1223
-1630804 4 1 58243
-1632244 0 2 389 1049
-1632760 33554434 1 40819
-1633835 6 1 46681
-1634155 2 1 326831
-1636523 4 2 389 601
-1636744 67108864 2 109 1877
-1639720 67108866 1 40993
-1644563 32 1 96739
-1646027 2112 1 2113
-1646411 4194320 1 1423
-1646555 2 2 127 2593
-1649176 33554432 2 211 977
-1653640 67108866 1 41341
-1654324 4 1 59083
-1658212 0 1 414553
-1658819 2048 1 40459
-1659016 67108864 1 207377
-1664248 33554496 1 10949
-1666360 33554434 1 41659
-1667272 67108864 1 208409
-1671583 196608 1 409
-1672936 67108896 1 12301
-1673315 6 1 47809
-1673843 1088 1 2381
-1676507 1028 1 6473
-1676644 0 1 419161
-1677688 33558528 1 4877
-1677784 33554432 2 401 523
-1678643 0 2 727 2309
-1678787 8 1 152617
-1682963 16777280 1 877
-1682983 32 1 98999
-1683064 50331648 1 2083
-1683256 33554432 1 210407
-1686136 33554496 1 11093
-1689011 0 2 113 14947
-1689587 278528 1 449
-1691956 4 1 60427
-1697012 0 2 571 743
-1698532 8 1 38603
-1698755 2 1 339751
-1700027 4 2 211 1151
-1701364 4 1 60763
-1708595 6 1 48817
-1708804 2097152 1 5147
-1709603 4 2 283 863
-1711816 67108864 1 213977
-1718692 0 1 429673
-1719155 2 1 343831
-1721851 524288 2 103 229
-1722436 131072 1 6427
-1724488 67108864 2 157 1373
-1725796 0 1 431449
-1727387 32 1 101611
-1730987 0 2 727 2381
-1734619 0 2 631 2749
-1734676 8192 1 9227
-1736308 4 1 62011
-1740443 1056 1 2767
-1741331 1088 1 2477
-1745140 2 1 87257
-1745243 0 2 137 12739
-1745524 8 1 39671
-1749155 2 1 349831
-1750948 0 2 107 4091
-1750984 67108864 1 218873
-1754059 1024 1 47407
-1754603 0 2 701 2503
-1756451 0 2 1093 1607
-1758755 2 1 351751
-1760116 0 2 131 3359
-1761083 256 1 60727
-1762744 33554496 1 11597
-1763699 36 1 14821
-1763743 0 2 1117 1579
-1767544 33554432 2 109 2027
-1768043 2304 1 1487
-1769267 0 2 151 11717
-1778435 2 2 401 887
-1778891 0 2 577 3083
-1780907 0 2 307 5801
-1781224 67125248 1 4201
-1783816 67108864 1 222977
-1784987 16384 1 33679
-1786936 33554432 1 223367
-1788379 18432 1 823
-1788728 33555456 1 6043
-1789355 2 2 113 3167
-1792024 33554448 1 17231
-1793723 1024 1 48479
-1795204 0 1 448801
-1795912 67109120 1 7741
-1797563 2080 1 2579
-1799320 33554434 1 44983
-1799899 0 2 293 6143
-1801163 20 1 19793
-1801643 32 2 131 809
-1801955 2 1 360391
-1802387 0 2 487 3701
-1803064 33554432 1 225383
-1804283 8208 1 2953
-1805080 33554434 1 45127
-1805252 0 1 451313
-1805267 8389632 1 503
-1805416 69206016 1 2719
-1806563 8 1 164233
-1807115 524290 1 4951
-1809556 4 1 64627
-1809736 67108864 1 226217
-1810907 65540 1 4241
-1812323 2048 1 44203
-1814164 8 1 41231
-1819411 8 2 193 857
-1822792 67108864 1 227849
-1824083 65568 1 1759
-1827995 18 1 28123
-1830388 4 1 65371
-1831651 8388736 1 821
-1833683 1024 1 49559
-1834324 0 2 499 919
-1835656 67108864 2 269 853
-1836707 2097152 1 22129
-1850027 0 2 197 9391
-1853368 33554440 1 21061
-1854367 1048576 1 23473
-1855595 6 1 53017
-1856755 524290 1 5087
-1859867 0 3 109 113 151
-1860388 32768 1 7883
-1861816 33554440 1 21157
-1862920 67108866 1 46573
-1864984 33554440 1 21193
-1871867 1024 1 50591
-1874027 16448 1 1861
-1874059 8 1 170369
-1875967 32 2 163 677
-1877987 0 2 151 12437
-1878376 67371008 1 3307
-1884088 33558528 1 5477
-1884952 33554496 1 12401
-1885067 0 2 1321 1427
-1888163 64 1 99377
-1892539 8 1 172049
-1894183 1048576 1 23977
-1896244 4 1 67723
-1896467 2621440 1 313
-1901627 20 1 20897
-1901867 2056 1 4217
-1907768 33554432 1 238471
-1908155 2 1 381631
-1910771 128 1 83077
-1910843 8 1 173713
-1912043 4 1 273149
-1918207 262144 1 27017
-1918379 2097408 1 797
-1920136 67108864 1 240017
-1923563 0 2 163 11801
-1927012 0 1 481753
-1929880 33554434 1 48247
-1929940 2 1 96497
-1930171 0 2 821 2351
-1930312 83886080 1 2389
-1931896 33587200 1 4093
-1934308 0 1 483577
-1937963 8388608 1 19979
-1938520 33554434 1 48463
-1939171 4112 1 3469
-1940851 524296 1 2417
-1941352 67108868 1 34667
-1942235 130 1 16889
-1942555 2 2 443 877
-1942888 67108864 2 211 1151
-1943332 0 1 485833
-1944308 64 1 25583
-1944827 256 2 199 337
-1945787 0 2 739 2633
-1947827 4 1 278261
-1948499 4 2 173 1609
-1948984 33554432 1 243623
-1950008 33554496 1 12829
-1950451 0 2 911 2141
-1953208 33554688 1 8419
-1953355 2 1 390671
-1956676 32768 1 8291
-1959364 8 1 44531
-1960084 4 1 70003
-1960216 33587200 1 4153
-1961987 32 2 131 881
-1963787 4 1 280541
-1964344 33554688 1 8467
-1965592 33554432 2 277 887
-1968259 131328 1 1013
-1969432 33554432 2 173 1423
-1970644 16 1 37897
-1971587 0 2 313 6299
-1975156 16777216 1 4889
-1975352 33554432 1 246919
-1975547 4 1 282221
-1975883 20 1 21713
-1976195 18 1 30403
-1980856 33554432 1 247607
-1981411 0 2 103 19237
-1984051 1024 1 53623
-1986148 131072 1 7411
-1987579 16777224 1 1789
-1990763 320 1 3613
-1993396 262144 1 7019
-1994147 0 2 167 11941
-1995832 33554432 2 317 787
-1996355 2 1 399271
-1997155 2 2 107 3733
-2000555 8194 1 8513
-2002120 67108866 1 50053
-2002835 2 2 103 3889
-2006963 4 2 409 701
-2008504 33554432 1 251063
-2008523 8 1 182593
-2008667 0 2 829 2423
-2009027 128 2 113 773
-2009080 33554434 1 50227
-2009608 67108864 1 251201
-2009987 4 1 287141
-2010964 32 1 29573
-2013683 4 1 287669
-2018440 67108866 1 50461
-2020523 0 2 443 4561
-2026883 0 2 227 8929
-2028571 0 2 127 15973
-2031395 2 2 107 3797
-2032315 4194306 1 4567
-2032579 131200 1 1319
-2041403 20 1 22433
-2043172 0 1 510793
-2043331 16777216 1 20231
-2044772 0 1 511193
-2048680 67108866 1 51217
-2048731 0 2 457 4483
-2050072 33554432 2 109 2351
-2056504 33587200 1 4357
-2056771 16384 2 151 257
-2057983 0 2 907 2269
-2057992 67108864 1 257249
-2060987 131136 1 1619
-2063176 67109120 1 8893
-2065480 67108866 1 51637
-2073172 0 2 523 991
-2075224 33554464 1 15259
-2076772 0 1 519193
-2077459 4096 1 48313
-2078363 4 1 296909
-2078872 33570816 1 4903
-2079203 4 2 317 937
-2079412 131072 1 7759
-2079619 256 1 71711
-2079931 4 1 297133
-2080468 16 1 40009
-2082563 4 1 297509
-2082676 0 2 587 887
-2083528 67108864 1 260441
-2083687 0 2 419 4973
-2085827 32768 1 35353
-2086411 0 2 809 2579
-2087003 0 2 479 4357
-2087560 67108866 1 52189
-2088223 0 2 491 4253
-2095288 33554448 1 20147
-2098787 4096 1 48809
-2098939 32 2 311 397
-2100472 33554440 1 23869
-2101187 131080 1 2851
-2104232 67108880 1 20233
-2105651 4227072 1 401
-2106331 0 2 373 5647
-2106859 0 2 691 3049
-2107972 0 1 526993
-2108884 32 1 31013
-2109515 2 2 179 2357
-2109556 8388608 1 5437
-2110355 18 1 32467
-2110883 512 2 149 457
-2111320 33554434 1 52783
-2115304 68157440 1 3347
-2117003 4 1 302429
-2117224 67108864 2 383 691
-2117236 8 1 48119
-2121155 2 1 424231
-2122744 33554448 1 20411
-2123908 0 1 530977
-2124035 2 2 181 2347
-2124040 67108866 1 53101
-2124347 0 2 397 5351
-2124715 2 2 251 1693
-2128235 2 2 499 853
-2131864 33554436 1 38069
-2134084 131072 1 7963
-2141867 20 1 23537
-2142484 0 2 433 1237
-2143835 2 2 157 2731
-2144680 67108866 1 53617
-2144920 33554434 1 53623
-2144987 16 1 164999
-2147555 2 1 429511
-2152984 33554560 1 11701
-2153179 131076 1 4591
-2153668 8 1 48947
-2154212 0 1 538553
-2157443 0 2 773 2791
-2158804 8192 1 11483
-2158955 16386 1 8147
-2159987 512 1 69677
-2160184 33554448 1 20771
-2161336 33554432 1 270167
-2166811 0 3 103 109 193
-2167144 67108868 1 38699
-2167240 67108866 1 54181
-2169208 33554432 2 397 683
-2169784 33587200 1 4597
-2169940 2 1 108497
-2170235 1026 1 11731
-2173355 2097154 1 5237
-2173771 64 2 191 599
-2175172 0 1 543793
-2175923 0 2 857 2539
-2176312 33554432 1 272039
-2179012 8 1 49523
-2183003 0 2 127 17189
-2183992 33554432 1 272999
-2185643 256 1 75367
-2185955 2 1 437191
-2186392 33554448 1 21023
-2188516 8 1 49739
-2190163 8519680 1 337
-2191715 8388610 1 4519
-2197051 0 2 743 2957
-2198603 8 1 199873
-2199635 4194306 1 4943
-2201755 34 1 25903
-2211467 64 2 239 487
-2212612 0 1 553153
-2220088 33554448 1 21347
-2222987 16 2 307 557
-2225363 4 2 257 1237
-2225731 0 2 821 2711
-2227624 67108868 1 39779
-2227787 4096 2 103 503
-2227955 1026 1 12043
-2229748 0 2 389 1433
-2230516 0 2 347 1607
-2230883 4352 1 1789
-2233108 64 1 29383
-2234212 32768 1 9467
-2234392 33554688 1 9631
-2235211 40 1 11953
-2236555 2 1 447311
-2237768 67108880 1 21517
-2239291 32 2 157 839
-2239795 1026 1 12107
-2240627 256 1 77263
-2247028 4 1 80251
-2248043 132 1 13963
-2250628 2097152 1 6779
-2254552 33554560 1 12253
-2255108 0 1 563777
-2258056 67109120 1 9733
-2259379 65536 1 37039
-2262856 67174400 1 4637
-2263955 2 2 113 4007
-2266996 0 2 439 1291
-2267128 33570816 1 5347
-2267668 16 1 43609
-2268436 0 2 701 809
-2270260 2 1 113513
-2271160 33554434 1 56779
-2271931 32 2 107 1249
-2272651 1024 2 239 257
-2273899 0 2 113 20123
-2274808 33554432 2 181 1571
-2277803 8 1 207073
-2278523 16400 1 3307
-2279176 67108864 1 284897
-2279320 33554434 1 56983
-2280388 8 1 51827
-2285243 65536 1 37463
-2288419 260 1 11273
-2292676 0 2 307 1867
-2293715 2 2 283 1621
-2294680 33554434 1 57367
-2296235 16777218 1 4547
-2298628 0 1 574657
-2300371 69632 1 877
-2302552 33554436 1 41117
-2304947 64 1 121313
-2312104 67109376 1 9323
-2313124 8 1 52571
-2314072 33554432 2 139 2081
-2317720 33554434 1 57943
-2317883 256 2 257 311
-2318419 0 2 157 14767
-2319844 0 1 579961
-2319947 516 1 10691
-2320667 4352 1 1861
-2328904 67108864 1 291113
-2330483 64 2 173 709
-2330488 33554432 2 523 557
-2331064 33685504 1 4349
-2331112 67108868 1 41627
-2332955 2 2 547 853
-2334683 16 1 179591
-2335339 16384 2 139 317
-2335720 67108866 1 58393
-2338132 0 2 659 887
-2338531 272 1 6203
-2339251 1056 1 3719
-2339659 36 1 19661
-2341144 33554448 1 22511
-2343256 35651584 1 3529
-2344459 144 1 7841
-2347235 10 1 42677
-2347508 0 2 509 1153
-2350756 64 1 30931
-2351867 4 2 269 1249
-2352115 8194 1 10009
-2354659 0 2 701 3359
-2356168 67125248 1 5557
-2357656 33554436 1 42101
-2358355 2 1 471671
-2359540 2 1 117977
-2360371 528 1 5857
-2360387 8192 1 50221
-2362219 131072 1 35257
-2362936 33558528 1 6869
-2363080 67108866 1 59077
-2363332 0 1 590833
-2363867 40 1 12641
-2364923 8 1 214993
-2365699 4 1 337957
-2365732 0 2 211 2803
-2366068 65536 1 9697
-2366680 33554434 1 59167
-2370520 33554434 1 59263
-2373355 2 1 474671
-2374708 4 1 84811
-2376472 33554436 1 42437
-2376811 2304 1 1999
-2377108 0 2 409 1453
-2380547 16 1 183119
-2382628 0 2 131 4547
-2386276 0 1 596569
-2391880 67108866 1 59797
-2392771 393216 1 503
-2396003 4096 1 55721
-2396308 0 2 197 3041
-2397811 16 1 184447
-2397979 0 2 349 6871
-2398840 33554434 1 59971
-2402692 0 1 600673
-2402971 128 2 191 547
-2404427 2129920 1 491
-2405195 18 1 37003
-2407732 128 1 26171
-2408555 2 2 127 3793
-2408627 2064 1 4519
-2408851 131072 2 157 229
-2414260 2 1 120713
-2417752 33554944 1 9749
-2417956 2097152 1 7283
-2418280 67108866 1 60457
-2418376 67108864 1 302297
-2421571 0 2 193 12547
-2421688 33554432 1 302711
-2423659 68 1 18223
-2427203 0 2 199 12197
-2427448 33554432 1 303431
-2428187 4194304 1 27283
-2430212 0 2 307 1979
-2430520 33554434 1 60763
-2430568 67108868 1 43403
-2431315 2 2 103 4721
-2431915 2050 1 11863
-2432011 16384 1 45887
-2432243 2056 1 5393
-2432692 0 2 251 2423
-2440307 0 2 179 13633
-2441128 67108992 1 13267
-2441428 8 1 55487
-2442739 2064 1 4583
-2442923 4 1 348989
-2443048 67109376 1 9851
-2443912 67108864 1 305489
-2443960 33554434 1 61099
-2446787 4 2 431 811
-2447128 33554432 2 113 2707
-2447944 67108864 2 157 1949
-2448211 0 2 577 4243
-2455288 33554440 1 27901
-2458099 4 1 351157
-2459032 33619968 1 5039
-2459971 0 2 181 13591
-2460395 6 1 70297
-2461684 1024 1 16633
-2463736 33554440 1 27997
-2464531 512 2 107 743
-2464667 0 2 197 12511
-2466148 0 1 616537
-2469115 10 1 44893
-2473348 0 1 618337
-2474440 67108866 1 61861
-2476132 0 1 619033
-2476763 0 2 389 6367
-2477752 33554496 1 16301
-2482372 0 2 179 3467
-2485067 80 1 10061
-2486584 33554432 1 310823
-2488459 0 2 719 3461
-2489747 16 1 191519
-2490755 34 1 29303
-2493619 65536 1 40879
-2494643 64 1 131297
-2497288 67108864 1 312161
-2498488 33554432 1 312311
-2500939 65540 1 5857
-2504248 33554432 1 313031
-2507539 1048576 1 31741
-2507812 0 1 626953
-2509195 18 1 38603
-2509720 33554434 1 62743
-2514724 0 1 628681
-2519320 33554434 1 62983
-2521459 4196352 1 691
-2523832 33554432 2 389 811
-2525092 0 1 631273
-2525464 37748736 1 3547
-2531899 0 2 877 2887
-2535139 0 3 103 151 163
-2536955 131074 1 7573
-2537272 33554432 1 317159
-2537476 2097152 1 7643
-2538115 66 1 26717
-2540168 67109120 1 10949
-2540851 64 2 173 773
-2543848 67108864 2 379 839
-2544280 33554434 1 63607
-2544707 524296 1 3169
-2546104 33554440 1 28933
-2547784 67108864 1 318473
-2551579 16896 1 1553
-2552872 67108868 1 45587
-2553592 33555456 1 8627
-2556235 10 1 46477
-2556280 33554434 1 63907
-2557960 67108866 1 63949
-2559107 0 2 653 3919
-2559544 33554448 1 24611
-2563060 2 1 128153
-2572067 128 1 111829
-2573779 272 1 6827
-2577227 0 2 401 6427
-2580451 0 2 293 8807
-2581667 264 1 8093
-2582260 2 1 129113
-2585147 8388864 1 919
-2585299 0 2 149 17351
-2586683 8 2 113 2081
-2590667 2048 2 179 353
-2590996 128 1 28163
-2591387 128 2 307 367
-2592091 0 2 1607 1613
-2594267 16 1 199559
-2597128 67108864 1 324641
-2599643 2097152 1 31321
-2600179 2048 1 63419
-2606627 32 2 107 1433
-2608456 67108864 1 326057
-2614372 0 1 653593
-2617339 0 2 463 5653
-2618248 67108864 2 293 1117
-2625955 2 1 525191
-2627080 67108866 1 65677
-2628376 33570816 1 6199
-2631235 65538 1 8627
-2631739 8 2 419 571
-2631955 2 1 526391
-2642371 0 2 283 9337
-2648027 8192 2 103 547
-2650651 0 2 271 9781
-2652343 64 1 139597
-2652571 64 1 139609
-2657092 0 1 664273
-2659531 36 1 22349
-2659555 2 1 531911
-2659768 33554432 1 332471
-2659960 33554434 1 66499
-2660920 33554434 1 66523
-2662468 0 1 665617
-2663963 1024 1 71999
-2664755 2 1 532951
-2665171 128 1 115877
-2665579 4 1 380797
-2668468 8 1 60647
-2670676 0 2 149 4481
-2673112 33554448 1 25703
-2673811 36 1 22469
-2675539 0 2 233 11483
-2676091 264 1 8389
-2679203 16384 1 50551
-2679347 8 1 243577
-2680787 512 1 86477
-2688139 64 1 141481
-2689048 33558528 1 7817
-2689192 67108872 1 30559
-2692291 4 2 139 2767
-2693428 0 2 547 1231
-2700772 0 2 523 1291
-2701795 8194 1 11497
-2702555 2 1 540511
-2702680 33554434 1 67567
-2703827 2052 1 9421
-2704699 0 2 967 2797
-2708872 67108864 1 338609
-2710168 33554432 2 277 1223
-2711572 65536 1 11113
-2715019 32 1 159707
-2715364 4096 1 15787
-2716852 128 1 29531
-2717851 256 1 93719
-2719171 20 1 29881
-2720867 288 1 5519
-2720963 516 1 12539
-2722360 33554434 1 68059
-2724088 33555456 1 9203
-2724947 1048608 1 2029
-2725307 16 1 209639
-2728324 64 1 35899
-2733515 34 1 32159
-2735128 33554440 1 31081
-2738920 67108866 1 68473
-2739976 67108864 1 342497
-2740792 33554432 1 342599
-2741267 32 2 113 1427
-2744755 18 1 42227
-2745832 67108992 1 14923
-2746372 0 1 686593
-2748259 4096 1 63913
-2749720 33554434 1 68743
-2750251 4 1 392893
-2752660 2 1 137633
-2753723 65540 1 6449
-2754211 65536 2 163 277
-2755531 524288 1 37747
-2756987 128 1 119869
-2760328 67108864 1 345041
-2760712 67108864 1 345089
-2763923 0 2 317 8719
-2767795 524290 1 7583
-2769931 5120 1 1741
-2770228 16777216 1 6857
-2772520 67108866 1 69313
-2772707 2052 1 9661
-2773768 67108864 1 346721
-2774116 0 1 693529
-2775160 33554434 1 69379
-2776120 33554434 1 69403
-2783908 0 2 683 1019
-2787832 33554496 1 18341
-2787995 6 1 79657
-2791291 0 2 223 12517
-2792248 33558528 1 8117
-2792548 8 1 63467
-2794195 2097154 1 6733
-2796424 67108864 1 349553
-2796691 0 2 661 4231
-2797828 8 1 63587
-2799019 32768 1 47441
-2800771 64 1 147409
-2801368 33570816 1 6607
-2802232 33555456 1 9467
-2802739 32 2 113 1459
-2803531 0 2 131 21401
-2804363 0 2 107 26209
-2804404 2097152 1 8447
-2805211 1048576 1 35509
-2807371 4 1 401053
-2809480 67108866 1 70237
-2811451 128 2 251 487
-2811892 0 2 113 6221
-2813899 264 1 8821
-2814292 16 1 54121
-2814904 33554432 1 351863
-2815819 64 1 148201
-2817208 33554432 2 157 2243
-2822584 33554432 2 389 907
-2823508 0 2 647 1091
-2823832 33554440 1 32089
-2824891 0 2 149 18959
-2825140 2 1 141257
-2826616 33554448 1 27179
-2827715 10 1 51413
-2827787 0 2 109 25943
-2829979 0 2 199 14221
-2830312 67110912 1 8629
-2831795 1026 1 15307
-2834488 33554432 2 139 2549
-2835412 0 2 463 1531
-2839732 4 1 101419
-2841859 4195328 1 863
-2842408 67239936 1 5303
-2844004 0 1 711001
-2846435 2 2 571 997
-2848963 1040 1 5923
-2851864 33554432 2 103 3461
-2852932 0 1 713233
-2853880 33554434 1 71347
-2854312 67174400 1 5849
-2854792 67125248 1 6733
-2858920 67108866 1 71473
-2859115 6 1 81689
-2859451 36 1 24029
-2859571 24 1 19997
-2863667 32 1 168451
-2864251 16 1 220327
-2871544 33554448 1 27611
-2872307 65536 1 47087
-2872852 0 2 139 5167
-2874155 2 2 113 5087
-2878276 0 1 719569
-2878888 67109120 1 12409
-2879128 33554436 1 51413
-2879539 16 2 359 617
-2880683 262160 1 3121
-2880952 33554432 2 131 2749
-2881051 1048576 1 36469
-2881315 2 2 173 3331
-2881624 33554560 1 15661
-2883640 33554434 1 72091
-2885572 32768 1 12227
-2886979 256 1 99551
-2888440 33554434 1 72211
-2889403 8 2 193 1361
-2890427 0 2 113 25579
-2890504 67108864 1 361313
-2890531 1048580 1 5227
-2891572 64 1 38047
-2893480 67108866 1 72337
-2894963 16777216 1 28663
-2899291 131072 2 109 397
-2900251 32 1 170603
-2900611 65540 1 6793
-2901619 4 2 199 2083
-2901979 128 1 126173
-2905315 6 1 83009
-2907107 32772 1 7039
-2907211 512 2 191 491
-2909080 33554434 1 72727
-2910211 4194368 1 1721
-2910772 0 2 359 2027
-2913467 0 2 881 3307
-2915188 0 2 593 1229
-2916571 36 1 24509
-2923411 131072 1 43633
-2925667 18874368 1 349
-2927755 2 1 585551
-2928499 4 1 418357
-2929336 33554432 1 366167
-2930179 4 1 418597
-2932531 4 1 418933
-2935048 67108864 1 366881
-2939896 33554432 2 179 2053
-2942152 67174400 1 6029
-2942536 67109888 1 9941
-2945299 4 1 420757
-2950564 0 1 737641
-2952571 0 2 409 7219
-2954963 8 2 353 761
-2955448 33554688 1 12739
-2956771 0 2 373 7927
-2957332 4 1 105619
-2957560 33554434 1 73939
-2960483 8192 1 62989
-2964232 67108864 1 370529
-2968339 8 2 449 601
-2969179 2048 2 139 521
-2969731 1024 1 80263
-2972539 0 2 109 27271
-2973019 4 2 227 1871
-2973112 33554432 1 371639
-2974243 0 2 293 10151
-2976443 0 2 199 14957
-2977187 0 2 359 8293
-2979448 33570816 1 7027
-2983195 2 2 617 967
-2984035 2 2 463 1289
-2984068 0 1 746017
-2987524 32768 1 12659
-2988280 33554434 1 74707
-2991587 128 1 130069
-2995547 0 2 199 15053
-2995595 4098 1 13933
-2995787 320 1 5437
-3002659 40 1 16057
-3003352 33554440 1 34129
-3005963 0 2 127 23669
-3008248 33555456 1 10163
-3011419 36864 1 1187
-3011716 0 1 752929
-3012691 8 1 273881
-3014932 128 1 32771
-3025435 6 1 86441
-3026356 4194304 1 8501
-3028120 33554434 1 75703
-3034531 256 1 104639
-3035123 20 1 33353
-3035491 32768 1 51449
-3035971 131072 2 113 401
-3036211 16384 1 57287
-3038680 33554434 1 75967
-3039379 36 1 25541
-3039563 64 1 159977
-3039796 0 2 257 2957
-3042979 2048 1 74219
-3046667 16 2 131 1789
-3047867 0 2 1381 2207
-3048203 0 2 307 9929
-3052120 33554434 1 76303
-3060595 34 1 36007
-3061012 0 2 547 1399
-3061108 16777216 1 7577
-3061480 67108866 1 76537
-3064372 256 1 26417
-3065011 8192 1 65213
-3065315 10 1 55733
-3067355 2 1 613471
-3069979 40 1 16417
-3074920 67108866 1 76873
-3076067 16384 2 127 457
-3077363 0 2 263 11701
-3078520 33554434 1 76963
-3079099 0 2 613 5023
-3086843 32 2 107 1697
-3087355 2 1 617471
-3089035 131074 1 9221
-3089092 0 1 772273
-3090803 0 2 1091 2833
-3091192 33554448 1 29723
-3092824 33554436 1 55229
-3097763 69632 1 1181
-3098179 4194308 1 4973
-3103267 4096 1 72169
-3104827 264 1 9733
-3104987 4096 2 163 443
-3106132 256 1 26777
-3107443 16384 1 58631
-3108232 67108864 1 388529
-3108355 2 1 621671
-3117083 64 1 164057
-3120532 0 2 157 4969
-3122611 32 1 183683
-3124051 4 1 446293
-3124852 262144 1 11003
-3125507 12 1 40591
-3130771 36 1 26309
-3131572 0 2 599 1307
-3132376 33554448 1 30119
-3134995 2 2 127 4937
-3135448 33554432 2 337 1163
-3136948 0 2 811 967
-3137035 10 1 57037
-3141379 2080 1 4507
-3142708 0 2 149 5273
-3146035 514 1 20297
-3147208 67108864 1 393401
-3147739 4 1 449677
-3149812 0 2 163 4831
-3150523 64 1 165817
-3155464 67108880 1 30341
-3155848 67108864 1 394481
-3155860 2 1 157793
-3156772 131072 1 11779
-3160387 0 2 1409 2243
-3162232 33554432 2 277 1427
-3163043 16 1 243311
-3165976 33554440 1 35977
-3175123 260 1 15641
-3177451 0 2 503 6317
-3179716 0 2 491 1619
-3184036 0 1 796009
-3185611 24 1 22277
-3191896 37748736 1 4483
-3193444 64 1 42019
-3200083 0 2 509 6287
-3204979 4194304 1 36011
-3206371 4 1 458053
-3206467 4104 1 6779
-3207928 33554432 2 131 3061
-3212488 67109888 1 10853
-3212872 67108880 1 30893
-3216043 32 2 139 1361
-3221491 20 1 35401
-3221608 67108880 1 30977
-3223555 2 2 233 2767
-3224440 33554434 1 80611
-3224692 128 1 35051
-3224963 4 1 460709
-3226459 2097152 1 38873
-3226555 130 1 28057
-3226819 524288 1 44203
-3228040 67108866 1 80701
-3228211 132 1 20051
-3228856 33554432 1 403607
-3229636 0 1 807409
-3232120 33554434 1 80803
-3235291 0 2 167 19373
-3235912 67108864 1 404489
-3240196 0 1 810049
-3241003 16384 1 61151
-3241588 4 1 115771
-3246715 4098 1 15101
-3247579 65536 1 53239
-3250315 34 1 38239
-3252451 16384 2 109 563
-3252691 16 2 151 1657
-3252808 67108880 1 31277
-3253003 1040 1 6763
-3253051 131200 1 2111
-3253492 8 1 73943
-3254248 67108864 2 127 3203
-3256459 1048576 1 41221
-3257992 67108864 1 407249
-3258676 0 2 839 971
-3260155 8194 1 13873
-3262120 67108866 1 81553
-3262291 0 2 911 3581
-3262408 67108864 1 407801
-3263747 256 1 112543
-3264388 4096 1 18979
-3264859 16 1 251143
-3265588 4194304 1 9173
-3268915 18 1 50291
-3269123 24 1 22861
-3274267 2097152 2 103 383
-3275011 8388672 1 1777
-3279448 34603008 1 5189
-3286555 2 1 657311
-3291931 2080 1 4723
-3293131 0 2 379 8689
-3293272 33554432 2 113 3643
-3295123 8208 1 5393
-3295915 6 1 94169
-3300328 75497472 1 4253
-3300931 0 2 659 5009
-3305032 67108864 1 413129
-3305731 24 1 23117
-3307348 8 1 75167
-3308728 33685504 1 6173
-3311032 33554432 1 413879
-3312259 8388608 1 34147
-3312376 33558528 1 9629
-3313579 2048 1 80819
-3314923 66048 1 1753
-3319787 0 2 337 9851
-3323515 18 1 51131
-3323635 6 1 94961
-3323716 8 1 75539
-3325579 8192 2 173 409
-3326248 67110912 1 10141
-3327556 0 1 831889
-3330280 67108866 1 83257
-3330499 0 2 311 10709
-3331339 4104 1 7043
-3334372 0 1 833593
-3339508 128 1 36299
-3340264 67108864 2 239 1747
-3340315 10 1 60733
-3341608 67108864 2 199 2099
-3343315 2 2 157 4259
-3343579 1152 1 3929
-3347755 2 1 669551
-3348019 3072 1 2207
-3349523 0 2 443 7561
-3350363 0 2 281 11923
-3353539 36 1 28181
-3355540 2 1 167777
-3356123 32 1 197419
-3358267 8 1 305297
-3359512 33554448 1 32303
-3367051 0 2 449 7499
-3367816 67108864 1 420977
-3368920 33554434 1 84223
-3369556 0 2 263 3203
-3369571 8192 1 71693
-3372811 16 2 401 647
-3374968 33554432 2 277 1523
-3376243 80 1 13669
-3380728 33554448 1 32507
-3383908 8 1 76907
-3386659 98304 1 941
-3388163 0 2 1423 2381
-3395899 16 1 261223
-3396520 67108866 1 84913
-3399160 33554434 1 84979
-3401003 1056 1 5407
-3401128 67112960 1 9887
-3402955 2 2 383 1777
-3406187 576 1 5783
-3407131 20 1 37441
-3407867 0 2 1033 3299
-3413092 0 2 347 2459
-3420628 0 2 251 3407
-3421771 0 2 1823 1877
-3425080 33554434 1 85627
-3427048 67108864 2 443 967
-3428011 512 1 110581
-3432532 0 2 151 5683
-3440968 67108864 1 430121
-3441571 4 1 491653
-3441787 0 2 197 17471
-3442168 33554432 2 587 733
-3448123 4 2 191 2579
-3448552 67108896 1 25357
-3449524 16 1 66337
-3449608 67109120 1 14869
-3450472 67109888 1 11657
-3450931 8 1 313721
-3452452 64 1 45427
-3453928 67108864 2 193 2237
-3455731 0 2 167 20693
-3462148 0 1 865537
-3464131 2056 1 7681
-3469555 2 2 103 6737
-3470539 128 1 150893
-3470680 33554434 1 86767
-3471451 1056 1 5519
-3471928 33554432 2 197 2203
-3473155 6 1 99233
-3473243 256 2 229 523
-3477083 262144 1 48973
-3477715 130 1 30241
-3483571 20 1 38281
-3483835 2 2 641 1087
-3484651 0 2 1709 2039
-3484852 4 1 124459
-3486499 16384 2 157 419
-3487795 2 2 167 4177
-3488539 0 2 569 6131
-3489235 4098 1 16229
-3489955 6 1 99713
-3493288 67108864 2 353 1237
-3497155 34 1 41143
-3497332 0 2 157 5569
-3498859 20 1 38449
-3500731 80 1 14173
-3503668 4 1 125131
-3504091 32 1 206123
-3508612 32768 1 14867
-3514051 0 3 103 109 313
-3518419 65536 1 57679
-3518747 128 1 152989
-3519124 4 1 125683
-3519268 0 1 879817
-3520291 1024 1 95143
-3521752 33554448 1 33863
-3528904 67108864 1 441113
-3529891 0 2 757 4663
-3530899 0 2 1777 1987
-3539491 64 2 311 599
-3549592 33554432 2 281 1579
-3555208 67108864 1 444401
-3558835 6 1 101681
-3562339 65544 1 5309
-3564724 128 1 38747
-3565219 4 1 509317
-3566587 128 1 155069
-3568612 0 1 892153
-3573547 0 2 1777 2011
-3575563 0 2 137 26099
-3576292 0 1 894073
-3578507 16384 2 251 269
-3581752 33554432 2 139 3221
-3582148 0 2 179 5003
-3584728 33554436 1 64013
-3585352 67108864 1 448169
-3585595 18 1 55163
-3586219 20 1 39409
-3587011 2097280 1 1879
-3587779 1040 1 7459
-3588955 34 1 42223
-3590680 33554434 1 89767
-3592627 32 2 233 907
-3593572 32768 1 15227
-3594331 16 1 276487
-3594424 33554432 1 449303
-3598099 0 3 103 181 193
-3600139 4194368 1 2129
-3602488 33554432 1 450311
-3602680 33554434 1 90067
-3611179 24 1 25253
-3612379 0 2 1721 2099
-3613283 0 2 107 33769
-3614539 262144 1 50909
-3614920 67108866 1 90373
-3615928 33554496 1 23789
-3618712 33554432 2 113 4003
-3619163 0 2 1187 3049
-3621499 4194308 1 5813
-3623155 2 1 724631
-3624955 2 1 724991
-3627019 8 1 329729
-3627208 67108880 1 34877
-3628120 33554434 1 90703
-3630595 2 2 587 1237
-3631643 8192 1 77269
-3631795 34 1 42727
-3633592 33554432 1 454199
-3633979 0 2 911 3989
-3634435 6 1 103841
-3635635 2 2 197 3691
-3635752 67108864 2 641 709
-3636379 0 2 139 26161
-3637288 67108864 2 151 3011
-3637531 64 1 191449
-3639451 1048704 1 2003
-3640051 768 1 4049
-3643684 8 1 82811
-3644299 0 2 563 6473
-3646120 67108866 1 91153
-3649747 32 1 214691
-3650056 67109120 1 15733
-3651331 0 2 151 24181
-3652504 33554432 2 163 2801
-3654139 0 2 233 15683
-3664408 33554440 1 41641
-3664555 2 1 732911
-3666328 33570816 1 8647
-3668491 4202496 1 877
-3669443 128 1 159541
-3671059 4 2 397 1321
-3672595 34 1 43207
-3673411 36 1 30869
-3674248 67109888 1 12413
-3674488 33554432 2 421 1091
-3674920 67108866 1 91873
-3679348 8192 1 19571
-3682291 0 2 613 6007
-3684355 2 1 736871
-3689011 1024 2 179 557
-3689128 67633152 1 6317
-3689899 1536 1 3217
-3691528 67108864 1 461441
-3695155 2 1 739031
-3696772 0 2 467 1979
-3697828 4096 1 21499
-3702052 0 1 925513
-3705652 0 2 337 2749
-3706708 131072 1 13831
-3707603 64 1 195137
-3709972 4 1 132499
-3713908 8 1 84407
-3714787 0 2 179 20753
-3724612 0 1 931153
-3725368 33554496 1 24509
-3726019 8200 1 7207
-3729787 0 2 139 26833
-3729811 2048 1 90971
-3732403 0 2 127 29389
-3735988 32 1 54941
-3736132 0 1 934033
-3737572 0 1 934393
-3738827 32 1 219931
-3739192 33554432 1 467399
-3739283 0 2 113 33091
-3740155 524290 1 10247
-3741268 0 2 577 1621
-3741467 0 2 157 23831
-3741619 2052 1 13037
-3742147 0 2 1061 3527
-3743131 4 2 139 3847
-3743395 2 2 107 6997
-3744280 33554434 1 93607
-3747832 33554440 1 42589
-3749032 67108868 1 66947
-3752632 33554448 1 36083
-3759379 262160 1 4073
-3760667 0 2 271 13877
-3760771 4 2 727 739
-3762388 4 1 134371
-3765211 96 1 11657
-3767251 32 1 221603
-3768091 0 2 1231 3061
-3770692 0 2 283 3331
-3771571 0 2 233 16187
-3772660 2 1 188633
-3772792 33554496 1 24821
-3774619 65536 1 61879
-3780331 16384 1 71327
-3780772 64 1 49747
-3787939 128 2 157 1049
-3793939 64 2 233 857
-3804052 4 1 135859
-3804931 16 2 487 601
-3808051 48 1 17231
-3810772 4 1 136099
-3814276 0 2 643 1483
-3818392 33554496 1 25121
-3818731 4 1 545533
-3820132 32768 1 16187
-3820552 67174400 1 7829
-3820699 32 2 379 593
-3821035 16386 1 14419
-3821140 2 1 191057
-3822739 32 2 109 2063
-3822868 4 1 136531
-3825592 33554432 1 478199
-3826948 0 2 139 6883
-3828472 33554432 2 373 1283
-3829048 33554432 1 478631
-3829819 16777220 1 5417
-3830740 2 1 191537
-3830920 67108866 1 95773
-3831259 524800 1 1693
-3831892 128 1 41651
-3836788 16777216 1 9497
-3840532 262144 1 13523
-3842488 33554448 1 36947
-3847891 2048 1 93851
-3853432 33554440 1 43789
-3855691 4 1 550813
-3859252 512 1 31123
-3860627 8192 1 82141
-3862651 2064 1 7247
-3869827 16 2 109 2731
-3870451 16 1 297727
-3870979 8388612 1 5701
-3872779 0 2 421 9199
-3874648 33587200 1 8209
-3875491 1024 1 104743
-3879988 4 1 138571
-3882328 41943040 1 5003
-3882619 8388624 1 3079
-3885283 2048 2 193 491
-3890555 2 1 778111
-3892291 262160 1 4217
-3892771 4194304 2 191 229
-3893515 1048578 1 9857
-3894547 32 2 193 1187
-3894979 8 2 317 1117
-3895012 8 1 88523
-3897107 65792 1 2203
-3900568 33554436 1 69653
-3903715 16386 1 14731
-3905347 0 2 307 12721
-3906643 16 1 300511
-3908452 64 1 51427
-3914296 33587200 1 8293
-3914740 2 1 195737
-3915832 33554432 1 489479
-3917608 67108864 2 251 1951
-3919123 16 1 301471
-3920212 128 1 42611
-3920603 128 2 373 457
-3921619 80 1 15877
-3925048 33554432 1 490631
-3931291 20 1 43201
-3932803 4 1 561829
-3933587 4 2 269 2089
-3935080 67108866 1 98377
-3935572 0 2 211 4663
-3939211 8192 1 83813
-3944179 0 3 103 149 257
-3945832 67108872 1 44839
-3949828 0 1 987457
-3951412 32 1 58109
-3955411 1024 1 106903
-3957412 0 1 989353
-3959971 512 2 139 919
-3961444 0 1 990361
-3961732 32768 1 16787
-3963907 32 2 431 541
-3964243 0 2 107 37049
-3964360 67108866 1 99109
-3967492 0 1 991873
-3968419 20 1 43609
-3969928 67108864 2 677 733
-3972739 256 1 136991
-3973315 2 2 139 5717
-3975835 1026 1 21491
-3976843 16 2 179 1709
-3978772 4 1 142099
-3980179 524292 1 7789
-3986899 65540 1 9337
-3987208 67108864 1 498401
-3989443 256 1 137567
-3994291 4 1 570613
-3995371 2098176 1 1301
-3998968 33554496 1 26309
-4001755 2 1 800351
-4006459 786432 1 773
-4008835 2 2 167 4801
-4010011 32 2 139 1697
-4011139 8 2 353 1033
-4011208 67108864 1 501401
-4016323 0 2 109 36847
-4016635 6 1 114761
-4018219 0 2 661 6079
-4023331 16 2 197 1571
-4024372 8 1 91463
-4024627 8388608 1 41491
-4026052 0 1 1006513
-4027108 0 2 139 7243
-4027531 0 2 911 4421
-4029019 0 2 1117 3607
-4029595 34 1 47407
-4029955 2 1 805991
-4030099 0 2 1327 3037
-4031896 33554440 1 45817
-4032187 16384 1 76079
-4033672 67108864 1 504209
-4034123 512 2 179 727
-4034707 64 1 212353
-4036312 33554436 1 72077
-4036372 0 2 131 7703
-4037812 512 1 32563
-4038163 288 1 8191
-4041508 0 2 227 4451
-4042171 4 1 577453
-4043059 32 2 103 2309
-4049851 65552 1 5107
-4065499 32 1 239147
-4068712 67108896 1 29917
-4073512 67108864 2 647 787
-4073659 288 1 8263
-4074739 196608 1 997
-4076963 72 1 19507
-4084408 33554432 1 510551
-4087555 2 2 103 7937
-4088968 67108880 1 39317
-4092568 33558528 1 11897
-4093252 0 1 1023313
-4095508 0 2 167 6131
-4096072 67108864 1 512009
-4097251 131072 1 61153
-4099579 8 1 372689
-4103419 16384 2 139 557
-4108708 131072 1 15331
-4112155 2 1 822431
-4112899 2097156 1 7079
-4113019 0 2 887 4637
-4116772 8 1 93563
-4123195 2 2 337 2447
-4123540 2 1 206177
-4124683 0 2 251 16433
-4125091 0 2 809 5099
-4128628 4 1 147451
-4132228 0 1 1033057
-4134859 32 1 243227
-4138283 512 1 133493
-4142155 2 1 828431
-4142395 2 2 683 1213
-4144507 8192 2 109 809
-4145347 256 2 223 641
-4148731 32 1 244043
-4149688 33570816 1 9787
-4151179 544 1 7877
-4154452 1048576 1 13147
-4157155 2 1 831431
-4159108 0 2 163 6379
-4159240 67108866 1 103981
-4159972 32768 1 17627
-4160788 0 2 103 10099
-4161955 6 1 118913
-4164232 67108864 1 520529
-4164532 0 2 421 2473
-4165459 32800 1 4153
-4170532 0 1 1042633
-4170952 67108864 1 521369
-4171192 33554432 1 521399
-4171915 10 1 75853
-4173499 520 1 12239
-4176739 4 2 173 3449
-4183048 67108864 1 522881
-4183588 0 2 179 5843
-4184152 33554436 1 74717
-4185715 258 1 28867
-4185988 0 1 1046497
-4188088 33554432 1 523511
-4191307 2048 2 151 677
-4191352 33554440 1 47629
-4194040 33554434 1 104851
-4195163 4 1 599309
-4197691 32 1 246923
-4198435 2 2 479 1753
-4201192 67174400 1 8609
-4202731 16 2 379 853
-4203208 67108864 2 173 3037
-4204555 2 1 840911
-4207315 6 1 120209
-4207939 557056 1 977
-4211092 0 2 107 9839
-4212691 4 1 601813
-4213387 0 2 163 25849
-4215067 0 2 1069 3943
-4215880 67108866 1 105397
-4216132 0 1 1054033
-4234756 0 2 467 2267
-4236019 1024 1 114487
-4236052 0 2 659 1607
-4242232 33554432 1 530279
-4243192 33554432 2 107 4957
-4243523 160 1 10853
-4245955 6 1 121313
-4252579 0 2 257 16547
-4255171 0 2 157 27103
-4257947 0 2 571 7457
-4259899 132 1 26459
-4265032 67108864 1 533129
-4265851 0 2 563 7577
-4266715 2 2 359 2377
-4275091 1024 2 227 509
-4277299 80 1 17317
-4285411 48 1 19391
-4286371 0 2 1831 2341
-4288531 524304 1 4519
-4290355 2 2 593 1447
-4291915 130 1 37321
-4292387 65544 1 6397
-4295395 18 1 66083
-4297528 33554432 1 537191
-4302712 33554432 2 211 2549
-4307659 0 2 353 12203
-4308355 2 2 107 8053
-4308803 32 2 113 2243
-4309768 67108864 1 538721
-4310968 33554432 1 538871
-4314955 2 1 862991
-4315672 33554432 2 139 3881
-4316899 4096 1 100393
-4321963 0 2 223 19381
-4331188 0 2 691 1567
-4335928 33554432 1 541991
-4337851 4 1 619693
-4341227 136 1 17159
-4345699 64 2 331 691
-4347283 0 2 593 7331
-4352227 8 1 395657
-4357363 0 2 379 11497
-4361491 0 2 359 12149
-4363528 67108880 1 41957
-4363907 16777216 1 43207
-4366963 4194304 2 139 353
-4367755 6 1 124793
-4370251 0 2 1249 3499
-4370755 2 1 874151
-4373539 32 2 367 701
-4373563 0 2 167 26189
-4374280 67108866 1 109357
-4376212 1024 1 29569
-4377451 16 1 336727
-4377508 0 1 1094377
-4384195 2 2 103 8513
-4388968 67110912 1 13381
-4389355 2 1 877871
-4394392 33554432 2 103 5333
-4396312 33554560 1 23893
-4396372 64 1 57847
-4400299 1024 1 118927
-4401283 32 2 199 1301
-4408843 0 2 1097 4019
-4408888 33554440 1 50101
-4409059 0 3 127 149 233
-4411051 0 2 887 4973
-4412248 33554464 1 32443
-4414708 0 2 619 1783
-4414792 67108864 1 551849
-4425259 4096 1 102913
-4425859 0 2 173 25583
-4425892 2097152 1 13331
-4434088 67108864 2 131 4231
-4435147 32 2 317 823
-4435171 16 2 311 1097
-4435972 0 1 1108993
-4447480 33554434 1 111187
-4447787 512 1 143477
-4454947 4 1 636421
-4457395 2 2 863 1033
-4461508 4096 1 25939
-4467859 8 1 406169
-4469419 32 2 283 929
-4470712 35651584 1 6733
-4473604 0 2 307 3643
-4478539 528 1 11113
-4481155 6 1 128033
-4484659 66560 1 1987
-4485592 33554432 2 271 2069
-4487428 8 1 101987
-4496452 0 1 1124113
-4506115 16777218 1 8923
-4506808 33554432 1 563351
-4508632 33619968 1 9239
-4512808 67108864 2 157 3593
-4514659 0 2 839 5381
-4518715 514 1 29153
-4519411 16 2 509 683
-4519768 33554440 1 51361
-4521688 33554432 2 317 1783
-4522987 1048580 1 8179
-4525267 0 2 1657 2731
-4527112 67108864 1 565889
-4527499 0 2 457 9907
-4528819 2048 1 110459
-4532035 130 1 39409
-4534168 41943040 1 5843
-4537108 256 1 39113
-4539667 8 2 311 1327
-4540843 4096 1 105601
-4545748 0 2 173 6569
-4547683 4 2 211 3079
-4548907 8 1 413537
-4551403 0 2 631 7213
-4553659 8 2 503 823
-4554859 32768 1 77201
-4556155 2 1 911231
-4569355 6 1 130553
-4571755 2 1 914351
-4572403 8 1 415673
-4572472 50331648 1 5659
-4575859 524288 1 62683
-4578427 4194308 1 7349
-4579483 0 3 103 173 257
-4579828 8 1 104087
-4586548 8388608 1 11821
-4587988 0 2 181 6337
-4589515 6 1 131129
-4597048 33554432 1 574631
-4597939 32 2 307 881
-4598227 16793600 1 859
-4601332 0 2 251 4583
-4614235 2 2 733 1259
-4615147 4352 1 3701
-4620643 512 1 149053
-4621195 34 1 54367
-4621267 4 1 660181
-4626088 69206016 1 6967
-4626148 0 1 1156537
-4630819 2097152 1 55793
-4637923 32 2 149 1831
-4641715 18 1 71411
-4642219 512 1 149749
-4644043 4128 1 6353
-4644931 2048 2 193 587
-4646068 4 1 165931
-4647595 8194 1 19777
-4649131 16777216 2 191 241
-4649668 0 1 1162417
-4656451 524288 2 227 281
-4656712 67108864 2 709 821
-4657339 128 1 202493
-4658488 33570816 1 10987
-4660792 33554432 2 683 853
-4663432 67109120 1 20101
-4665427 16 1 358879
-4666072 33554432 2 109 5351
-4672648 67108864 1 584081
-4673608 67108864 2 733 797
-4676008 67108864 2 577 1013
-4676083 0 2 1553 3011
-4677955 2 1 935591
-4679155 18 1 71987
-4683115 2 2 499 1877
-4684147 1048592 1 4561
-4686667 0 2 1217 3851
-4686715 10 1 85213
-4692088 33554496 1 30869
-4692883 16 2 467 773
-4696792 33816576 1 8269
-4702307 65536 2 157 491
-4703107 1049600 1 1609
-4703812 0 1 1175953
-4706872 33554432 1 588359
-4710280 67108866 1 117757
-4710355 18 1 72467
-4710472 67108880 1 45293
-4713811 2080 1 6763
-4714867 32768 2 157 509
-4718227 0 2 131 36017
-4718452 32 1 69389
-4719523 524320 1 3803
-4720171 1048576 2 149 401
-4722667 2048 2 229 503
-4726187 32 2 173 1607
-4727032 33554432 2 179 3301
-4730152 67108868 1 84467
-4735459 2048 1 115499
-4740388 0 2 1019 1163
-4740808 67108864 1 592601
-4742179 1040 1 9859
-4742923 1048576 1 60037
-4743412 0 2 557 2129
-4744888 33554432 1 593111
-4745251 65540 1 11113
-4751272 67108864 2 173 3433
-4753291 8388608 1 49003
-4760872 67109120 1 20521
-4761739 0 2 479 9941
-4762552 33554432 1 595319
-4763848 67108864 1 595481
-4765963 2048 1 116243
-4767307 0 2 179 26633
-4768372 4 1 170299
-4777627 512 2 229 673
-4778155 2 2 433 2207
-4780120 33554434 1 119503
-4781428 4096 1 27799
-4781635 66 1 50333
-4786795 18 1 73643
-4787587 4 2 223 3067
-4792915 2 2 199 4817
-4793155 2 2 193 4967
-4795732 0 2 269 4457
-4796632 33562624 1 12757
-4801672 67108864 2 229 2621
-4808947 24 1 33629
-4812643 72 1 23027
-4817155 6 1 137633
-4818088 67108872 1 54751
-4819819 0 2 757 6367
-4828819 256 2 269 619
-4836280 33554434 1 120907
-4837843 160 1 12373
-4844155 2 1 968831
-4846459 0 3 103 211 223
-4847419 524288 1 66403
-4852603 4 2 359 1931
-4854259 512 1 156589
-4854628 0 1 1213657
-4857112 33554448 1 46703
-4861027 128 1 211349
-4861972 0 2 521 2333
-4863811 0 2 617 7883
-4864195 6 1 138977
-4865755 2 1 973151
-4866955 4098 1 22637
-4867108 0 1 1216777
-4868392 67108896 1 35797
-4872931 36 1 40949
-4875283 4 2 353 1973
-4884499 4352 1 3917
-4892515 34 1 57559
-4894483 8 1 444953
-4895155 2 1 979031
-4897243 16 2 449 839
-4899451 32 1 288203
-4901032 67108896 1 36037
-4902979 128 1 213173
-4905499 0 2 557 8807
-4907659 2048 1 119699
-4910392 33554432 2 211 2909
-4910728 67108864 1 613841
-4911571 4 1 701653
-4921459 0 3 109 163 277
-4923643 2097152 2 137 433
-4924603 0 2 1229 4007
-4924915 262146 1 13873
-4931563 20 1 54193
-4934260 2 1 246713
-4935172 8 1 112163
-4941067 160 1 12637
-4948948 0 2 113 10949
-4953115 16386 1 18691
-4954324 0 2 743 1667
-4955347 32 1 291491
-4955608 33554436 1 88493
-4958872 33554432 2 173 3583
-4961188 0 2 139 8923
-4963051 524288 1 67987
-4975747 36 1 41813
-4980019 8 2 401 1129
-4982968 33619968 1 10211
-4983091 32 1 293123
-4987411 24 1 34877
-4988692 1048576 1 15787
-4990435 34 1 58711
-4990939 64 1 262681
-4993315 2 2 211 4733
-4993339 16777232 1 3803
-4994155 2 1 998831
-4996171 0 2 241 20731
-4996643 4096 1 116201
-4996667 16 1 384359
-5000827 528 1 12409
-5004211 4352 1 4013
-5006299 8448 1 3673
-5008027 2048 1 122147
-5008228 0 1 1252057
-5010532 4096 1 29131
-5011528 67108864 2 181 3461
-5012851 0 2 701 7151
-5013460 2 1 250673
-5020627 32 2 281 1051
-5023012 0 2 251 5003
-5023291 20 1 55201
-5033128 71303168 1 7069
-5034472 67110912 1 15349
-5036392 67108864 2 599 1051
-5036728 33554432 1 629591
-5037832 67108864 2 269 2341
-5046568 67108992 1 27427
-5046643 4 2 163 4423
-5047771 0 2 277 18223
-5047915 2 2 193 5231
-5050795 131074 1 15077
-5052547 8192 2 193 557
-5057395 6 1 144497
-5060443 139264 1 1607
-5060563 0 2 367 13789
-5061331 8 2 127 3623
-5062168 33554432 2 251 2521
-5063011 0 2 409 12379
-5067355 2 1 1013471
-5070739 1088 1 7213
-5073931 64 1 267049
-5077912 33554436 1 90677
-5077987 256 1 175103
-5079379 288 1 10303
-5079907 4 2 229 3169
-5080843 2048 1 123923
-5084899 66048 1 2689
-5088952 33554440 1 57829
-5093092 4096 1 29611
-5095252 0 2 449 2837
-5100712 67108864 2 281 2269
-5101435 32770 1 17293
-5117155 130 1 44497
-5125483 40 1 27409
-5125492 2048 1 31253
-5126707 288 1 10399
-5127508 0 2 349 3673
-5129131 4 2 313 2341
-5131243 524304 1 5407
-5133979 2048 1 125219
-5137795 18 1 79043
-5139835 2 2 367 2801
-5139979 16 1 395383
-5140699 512 1 165829
-5142148 8 1 116867
-5143027 262176 1 4261
-5144443 1024 2 163 853
-5151955 2 2 157 6563
-5152372 256 1 44417
-5154571 0 2 569 9059
-5159659 192 1 11807
-5160067 262152 1 6607
-5160883 20 1 56713
-5161867 128 1 224429
-5167012 64 1 67987
-5167867 16777280 1 2693
-5170507 0 2 619 8353
-5175427 256 2 179 997
-5177443 64 2 269 1013
-5178451 0 2 113 45827
-5184712 67108880 1 49853
-5194843 32 2 431 709
-5201227 0 2 643 8089
-5202883 4 1 743269
-5205988 0 1 1301497
-5211643 4160 1 6379
-5214187 8 1 474017
-5215288 33554448 1 50147
-5217955 2 1 1043591
-5223208 67108992 1 28387
-5227051 0 2 613 8527
-5228491 512 2 227 743
-5231332 0 1 1307833
-5233099 0 2 251 20849
-5234395 2097154 1 12613
-5237827 4 2 193 3877
-5245051 4 2 191 3923
-5245747 16 2 271 1489
-5247403 65540 1 12289
-5248123 2112 1 6737
-5248651 0 2 1213 4327
-5249947 8256 1 5879
-5251768 33554432 1 656471
-5253259 65544 1 7829
-5254468 0 2 163 8059
-5256715 8194 1 22369
-5256868 0 1 1314217
-5258611 32832 1 4691
-5262787 0 2 2011 2617
-5263627 64 2 449 617
-5269672 67108864 2 193 3413
-5271595 6 1 150617
-5278003 0 2 547 9649
-5279083 512 1 170293
-5279971 0 2 223 23677
-5284360 67108866 1 132109
-5287891 4 1 755413
-5294515 1026 1 28619
-5298259 4227072 1 1009
-5298643 65540 1 12409
-5301739 32 1 311867
-5302915 16386 1 20011
-5303203 262144 2 113 661
-5304955 2 1 1060991
-5309899 36 1 44621
-5312059 0 2 1423 3733
-5313835 32770 1 18013
-5315947 20 1 58417
-5317555 2 2 463 2297
-5317579 0 2 107 49697
-5323651 8650752 1 773
-5325268 16 1 102409
-5335492 0 2 443 3011
-5338723 16 1 410671
-5343283 8 1 485753
-5347627 0 2 1013 5279
-5349067 32 1 314651
-5350987 0 2 151 35437
-5359003 524304 1 5647
-5362003 1024 2 313 463
-5362243 128 1 233141
-5363635 2 2 619 1733
-5367883 8388608 1 55339
-5372728 33554432 1 671591
-5373379 8 2 557 877
-5374723 32768 1 91097
-5376235 65538 1 17627
-5377483 0 2 1723 3121
-5379283 20 1 59113
-5383291 262144 1 75821
-5385139 0 2 199 27061
-5392867 0 2 827 6521
-5393731 4 1 770533
-5395219 262144 1 75989
-5398411 1024 1 145903
-5402683 24 1 37781
-5404939 0 2 457 11827
-5407435 10 1 98317
-5410372 8 1 122963
-5413747 512 1 174637
-5414755 34 1 63703
-5421112 33554432 1 677639
-5425459 131088 1 6229
-5427811 32 2 139 2297
-5434291 0 2 2053 2647
-5434648 33554432 2 317 2143
-5436427 256 1 187463
-5436712 67108864 2 149 4561
-5441563 2113536 1 1237
-5443768 33554440 1 61861
-5444632 34078720 1 9323
-5446228 0 2 103 13219
-5447572 16 1 104761
-5449507 4 2 293 2657
-5451499 64 2 479 599
-5455528 67108880 1 52457
-5460187 0 2 1723 3169
-5461963 16 2 383 1097
-5464067 4 2 677 1153
-5464792 33554432 2 337 2027
-5469163 4 1 781309
-5470867 16777216 1 54167
-5473339 0 2 239 22901
-5474008 33554432 2 389 1759
-5475403 384 1 8209
-5476948 0 2 593 2309
-5477587 32 2 419 769
-5479747 20 1 60217
-5479819 4194432 1 2677
-5481835 2 2 919 1193
-5486803 4 1 783829
-5488312 33554432 1 686039
-5491315 4098 1 25541
-5493715 16386 1 20731
-5495659 524304 1 5791
-5496067 0 2 1553 3539
-5499323 128 2 181 1321
-5502763 4 1 786109
-5511427 524288 2 103 733
-5513572 64 1 72547
-5518603 0 2 1901 2903
-5519035 2 2 347 3181
-5520835 34 1 64951
-5521048 33554448 1 53087
-5526067 0 2 269 20543
-5527387 0 2 367 15061
-5537467 16 1 425959
-5537668 0 2 563 2459
-5538811 0 2 131 42281
-5539195 34 1 65167
-5544499 32 1 326147
-5549812 0 2 911 1523
-5551051 8 2 173 2917
-5555272 67108864 1 694409
-5560147 8192 2 281 421
-5560987 4194304 1 62483
-5561035 2050 1 27127
-5567515 2 2 811 1373
-5571955 2 2 167 6673
-5572267 0 2 383 14549
-5574088 67108880 1 53597
-5579515 2 2 107 10429
-5580115 2 2 173 6451
-5585731 0 2 199 28069
-5586115 34 1 65719
-5586595 6 1 159617
-5592091 0 2 311 17981
-5597395 130 1 48673
-5600611 64 2 281 1049
-5601619 32 2 109 3023
-5603368 67108864 2 139 5039
-5606443 512 2 223 811
-5613835 66 1 59093
-5615755 2 1 1123151
-5617555 2 1 1123511
-5619907 0 2 433 12979
-5621587 64 1 295873
-5622331 24 1 39317
-5632531 64 2 521 569
-5632708 0 1 1408177
-5638027 0 2 157 35911
-5638867 16 1 433759
-5647555 2 1 1129511
-5652952 33558528 1 16433
-5656027 8208 1 9257
-5660692 4096 1 32911
-5662147 1024 2 199 769
-5662819 32 1 333107
-5663155 2 2 173 6547
-5666827 0 3 107 211 251
-5668435 8194 1 24121
-5669395 2 2 107 10597
-5672155 2 2 167 6793
-5672635 2097154 1 13669
-5673235 2 2 193 5879
-5673592 33558528 1 16493
-5678083 262144 1 79973
-5690467 256 2 317 619
-5698987 32772 1 13799
-5700235 262146 1 16057
-5703595 16386 1 21523
-5708371 4194816 1 2069
-5715355 2 1 1143071
-5715691 16777216 1 56591
-5716123 4 1 816589
-5716723 0 3 109 179 293
-5720155 6 1 163433
-5733115 2 2 607 1889
-5734963 1040 1 11923
-5737483 32 2 547 617
-5739283 8 1 521753
-5744932 0 2 347 4139
-5751787 0 2 331 17377
-5752003 8388672 1 3121
-5752243 4 2 877 937
-5757355 2 1 1151471
-5769259 0 2 389 14831
-5772715 18 1 88811
-5779051 512 2 277 673
-5781595 2 2 683 1693
-5782123 0 2 109 53047
-5786008 33554432 2 131 5521
-5786995 2 2 523 2213
-5788363 4 2 211 3919
-5788627 16 1 445279
-5791192 33554440 1 65809
-5791732 64 1 76207
-5793748 16384 1 27329
-5798563 8388608 1 59779
-5799172 0 2 1123 1291
-5799715 2 2 191 6073
-5801323 8 1 527393
-5804923 8192 2 113 1093
-5806435 34 1 68311
-5807131 8 1 527921
-5811019 524416 1 3461
-5811427 0 2 227 25601
-5813107 1088 1 8269
-5815252 65536 1 23833
-5816068 0 2 179 8123
-5819419 131072 1 86857
-5819803 8 2 317 1669
-5822035 2097154 1 14029
-5822323 16 2 227 1973
-5829352 67108928 1 38351
-5834728 67108864 2 277 2633
-5835019 1048576 2 233 317
-5836627 288 1 11839
-5837155 16386 1 22027
-5837539 2048 2 173 823
-5838403 0 2 311 18773
-5843779 512 2 131 1439
-5847571 0 2 137 42683
-5848459 288 1 11863
-5848915 8194 1 24889
-5851195 6 1 167177
-5852155 2 2 347 3373
-5853715 6 1 167249
-5854987 32 2 283 1217
-5859307 0 2 191 30677
-5863540 2 1 293177
-5864803 4 2 643 1303
-5865091 2112 1 7529
-5866219 128 1 255053
-5866483 4 1 838069
-5868328 67108864 2 593 1237
-5869867 0 2 103 56989
-5873779 0 2 563 10433
-5875795 34 1 69127
-5889832 67108880 1 56633
-5901955 2 1 1180391
-5904628 0 2 1033 1429
-5912347 4 1 844621
-5913043 0 2 311 19013
-5923867 0 2 2203 2689
-5926987 8 1 538817
-5927515 10 1 107773
-5931451 0 2 2039 2909
-5936008 67108880 1 57077
-5936539 1028 1 22921
-5943595 6 1 169817
-5945203 264 1 18637
-5947795 6 1 169937
-5951995 6 1 170057
-5953732 0 1 1488433
-5954755 2 1 1190951
-5955412 8388608 1 15349
-5963512 33555456 1 20147
-5975155 2 1 1195031
-5976427 0 2 541 11047
-5985187 16 2 151 3049
-5986948 8 1 136067
-5988187 4259840 1 1103
-5992771 64 1 315409
-5996692 16 1 115321
-5997412 0 1 1499353
-5999035 6 1 171401
-5999851 24 1 41957
