-59351
-69431
-96911
-180287
-206303
-226991
-233279
-234743
-245711
-291647
-333647
-339263
-344791
-366439
-388159
-392647
-397223
-401939
-405247
-411167
-454231
-468271
-472847
-502451
-534971
-545023
-563119
-582419
-586571
-631471
-645179
-646619
-654343
-675079
-713743
-722983
-738443
-765659
-784211
-788891
-793379
-798059
-817111
-842623
-842771
-847139
-860939
-862259
-874303
-877091
-937379
-938983
-945463
-951367
-953647
-963103
-967979
-979211
-981731
-1003091
-1013891
-1025383
-1026251
-1035659
-1051619
-1071487
-1085003
-1086703
-1091339
-1120739
-1124051
-1166531
-1183571
-1185823
-1238267
-1260583
-1264979
-1270051
-1273423
-1275899
-1277651
-1287007
-1299491
-1305371
-1306051
-1314539
-1332823
-1342883
-1345931
-1371947
-1375379
-1384067
-1392007
-1404107
-1413107
-1432447
-1432667
-1457483
-1476539
-1477643
-1522067
-1538027
-1552807
-1556147
-1567067
-1568891
-1589219
-1595339
-1609403
-1632779
-1681787
-1690739
-1703291
-1709047
-1713683
-1716107
-1721299
-1744087
-1748027
-1769023
-1782463
-1782971
-1806487
-1807067
-1824727
-1890923
-1921307
-1925387
-1965347
-1968139
-1969207
-1981667
-2018299
-2038307
-2047571
-2049347
-2053067
-2053423
-2067851
-2083283
-2084503
-2091619
-2096483
-2096987
-2099387
-2103083
-2106563
-2110187
-2111167
-2147843
-2148947
-2170283
-2210387
-2210987
-2214691
-2306027
-2315003
-2351147
-2363027
-2375267
-2428427
-2431283
-2448379
-2451331
-2476291
-2519939
-2554891
-2597627
-2605411
-2641099
-2641411
-2666779
-2672387
-2690659
-2705047
-2705147
-2723627
-2753147
-2761163
-2846243
-2859803
-2871227
-2883019
-2885251
-2902447
-2904323
-2920163
-2923651
-2943739
-2955803
-2970347
-2973083
-3000931
-3005627
-3048499
-3060107
-3062779
-3071723
-3078211
-3119107
-3129811
-3133171
-3137179
-3165619
-3174739
-3189811
-3195707
-3245611
-3252619
-3261259
-3266243
-3283939
-3285683
-3368747
-3376291
-3393107
-3404867
-3422131
-3445667
-3447827
-3449491
-3459107
-3464971
-3473731
-3493291
-3495883
-3500779
-3533147
-3540499
-3541411
-3562771
-3653851
-3659611
-3680867
-3686731
-3722899
-3749611
-3764323
-3785539
-3797179
-3799427
-3813499
-3877243
-3885499
-3899603
-3900331
-3902491
-3906323
-3943307
-3961339
-4047803
-4055179
-4062811
-4070971
-4075147
-4104427
-4131979
-4178443
-4182043
-4186771
-4244707
-4248227
-4251451
-4275811
-4281803
-4338883
-4338979
-4339787
-4339883
-4369147
-4418587
-4421203
-4529179
-4538251
-4559827
-4574443
-4576763
-4591771
-4615291
-4636243
-4709371
-4713347
-4716083
-4737107
-4757659
-4819363
-4827859
-4857091
-4908331
-4962259
-4982563
-5000851
-5018731
-5023307
-5026243
-5097139
-5123683
-5139859
-5159227
-5173939
-5186659
-5193571
-5206891
-5216683
-5224291
-5348587
-5352163
-5433979
-5443531
-5466403
-5468707
-5469619
-5510971
-5511307
-5599939
-5611867
-5628379
-5635051
-5716771
-5742523
-5751283
-5762347
-5771851
-5853307
-5861467
-5877211
-5890459
-5924011
-5977651
-5986339
-6006643
