-73751
-81839
-84191
-113111
-156623
-160159
-187751
-212791
-242479
-249079
-250727
-260807
-262519
-264527
-276599
-317783
-332903
-339799
-340999
-393007
-396631
-414179
-432023
-434479
-439279
-451039
-470819
-476579
-477439
-488263
-489823
-522047
-536479
-540391
-557891
-559807
-559859
-587863
-678611
-681631
-683863
-684683
-694259
-708131
-723127
-724303
-726463
-734911
-739379
-756607
-769231
-773407
-778567
-790327
-802951
-813367
-818291
-835327
-844499
-847663
-855131
-862447
-864107
-865259
-868331
-868379
-882823
-917771
-919883
-928159
-931543
-948847
-951491
-952619
-962363
-965983
-979787
-985979
-1019503
-1020247
-1041583
-1042259
-1069303
-1080251
-1093087
-1107583
-1109387
-1126859
-1146539
-1160219
-1161947
-1165903
-1214867
-1215587
-1242107
-1281899
-1288571
-1312019
-1314779
-1337891
-1373147
-1393739
-1395323
-1410947
-1431107
-1442003
-1445963
-1448819
-1456687
-1460743
-1483091
-1500823
-1519163
-1520339
-1529383
-1540499
-1556363
-1558307
-1559731
-1572443
-1574627
-1637963
-1640167
-1647083
-1647931
-1659811
-1661983
-1669163
-1689703
-1699043
-1705339
-1715507
-1721011
-1737739
-1751579
-1754743
-1787603
-1805603
-1809299
-1854491
-1868987
-1890019
-1908967
-1930883
-1936859
-1938803
-1984327
-2019587
-2031563
-2035403
-2083219
-2104811
-2108243
-2112587
-2115059
-2144843
-2153267
-2163347
-2167883
-2170043
-2229379
-2251547
-2265587
-2270131
-2288843
-2300611
-2314883
-2351779
-2356307
-2367971
-2370451
-2371651
-2393011
-2411587
-2415859
-2459123
-2473907
-2481859
-2486611
-2503387
-2576407
-2577739
-2588059
-2632067
-2638787
-2685083
-2698771
-2711363
-2713531
-2714011
-2716163
-2718203
-2720603
-2746283
-2767579
-2770667
-2783603
-2783611
-2787571
-2825363
-2842403
-2842891
-2847139
-2850563
-2855843
-2903899
-2904259
-2912059
-2952379
-2963371
-2964859
-2984731
-3034523
-3043603
-3057451
-3065483
-3071659
-3077539
-3087467
-3089731
-3119267
-3132379
-3147259
-3148099
-3149851
-3162443
-3177739
-3216683
-3224251
-3230483
-3247243
-3248731
-3252091
-3278371
-3303683
-3318803
-3345091
-3367363
-3372331
-3379667
-3385099
-3395131
-3402323
-3433051
-3454387
-3480947
-3504923
-3505771
-3515419
-3554731
-3728251
-3773131
-3784507
-3789811
-3797611
-3841603
-3882019
-3898547
-3957451
-3977203
-4007491
-4010603
-4025627
-4028851
-4062347
-4064227
-4065587
-4083571
-4100251
-4104587
-4124899
-4127131
-4127611
-4189651
-4208779
-4239187
-4264339
-4309411
-4349251
-4404019
-4420987
-4421947
-4443259
-4499851
-4519843
-4530067
-4592963
-4615003
-4649083
-4657171
-4659211
-4686931
-4702427
-4766059
-4807427
-4816531
-4870843
-4873027
-4880779
-4950307
-4951459
-4976899
-4993987
-5023099
-5087179
-5138179
-5151043
-5191723
-5194459
-5203531
-5225587
-5262203
-5303443
-5348923
-5350603
-5355643
-5365267
-5394787
-5401483
-5433787
-5465387
-5493283
-5499283
-5499979
-5524483
-5563651
-5586307
-5592827
-5630659
-5644627
-5648347
-5665243
-5673259
-5705803
-5725747
-5786971
-5787427
-5806147
-5823211
-5867347
-5867443
-5875627
-5889979
-5922883
-5931139
-5938363
-5968939
-5975923
-5984659
-5985211
-5995819
