-54911 4096 1 1277
-62471 0 2 179 349
-79799 0 2 199 401
-80639 16 1 6203
-84647 8192 1 1801
-86759 16777216 1 859
-95999 32 1 5647
-103799 128 1 4513
-123599 4 1 17657
-125663 16384 1 2371
-128711 8 1 11701
-134711 128 1 5857
-137063 2048 1 3343
-143015 2 1 28603
-143303 8192 1 3049
-148847 524288 1 2039
-156503 64 1 8237
-163967 128 1 7129
-165911 0 2 251 661
-169703 0 2 223 761
-175319 0 2 199 881
-196136 67108864 1 24517
-203719 0 2 137 1487
-217159 0 2 397 547
-237383 128 1 10321
-241496 33554432 1 30187
-247159 8 1 22469
-262439 131072 1 3917
-263311 524288 1 3607
-275071 4096 1 6397
-276596 0 1 69149
-276983 4 1 39569
-277111 0 2 181 1531
-296119 256 1 10211
-299444 0 1 74861
-300503 4 1 42929
-300559 4 1 42937
-303656 67108864 1 37957
-303956 0 1 75989
-306199 128 1 13313
-309919 2048 1 7559
-311959 0 2 157 1987
-315439 0 2 151 2089
-321704 67108864 1 40213
-332327 128 1 14449
-335576 33554432 1 41947
-340231 0 2 313 1087
-345908 0 1 86477
-350183 32 1 20599
-353791 0 2 499 709
-356599 4096 1 8293
-358535 2 1 71707
-363284 0 1 90821
-364615 2 1 72923
-366679 524288 1 5023
-373591 1048576 1 4729
-373931 0 2 179 2089
-377015 2 1 75403
-380543 1048576 1 4817
-382159 0 2 257 1487
-390031 32 1 22943
-393535 2 1 78707
-399679 4 1 57097
-411416 33554432 1 51427
-414872 33554432 1 51859
-419143 2048 1 10223
-420692 0 1 105173
-428084 0 1 107021
-444647 4 1 63521
-445351 4096 1 10357
-446744 33554432 1 55843
-448811 8 1 40801
-448823 0 2 479 937
-448831 0 2 139 3229
-450152 67108864 1 56269
-456391 16 1 35107
-457112 33554432 1 57139
-457859 0 2 227 2017
-461579 524288 1 6323
-462287 4 1 66041
-466615 2 1 93323
-479924 0 1 119981
-484931 0 2 239 2029
-508463 131072 1 7589
-511639 2048 1 12479
-513035 2 1 102607
-515252 0 1 128813
-516535 2 1 103307
-520615 2 1 104123
-523619 0 2 593 883
-527287 1024 1 14251
-527348 0 1 131837
-527939 0 2 127 4157
-536911 32 1 31583
-537752 33554432 1 67219
-543847 32 1 31991
-547783 0 2 233 2351
-551732 0 1 137933
-554911 4 1 79273
-555992 33554432 1 69499
-556735 2 1 111347
-557527 0 2 359 1553
-558439 4 1 79777
-559019 0 2 691 809
-564724 0 1 141181
-577379 8 1 52489
-583379 1024 1 15767
-584407 128 1 25409
-590623 8 1 53693
-591179 2048 1 14419
-603527 8192 1 12841
-604687 16777216 1 5987
-611047 8192 1 13001
-615487 0 2 211 2917
-619183 128 1 26921
-623915 2 1 124783
-624991 512 1 20161
-626291 262144 1 8821
-629012 0 1 157253
-640735 2 1 128147
-645236 0 1 161309
-654932 0 1 163733
-657223 4 1 93889
-658484 0 1 164621
-661499 0 2 479 1381
-669007 0 2 139 4813
-672488 67108864 1 84061
-675572 0 1 168893
-680551 0 2 617 1103
-681035 2 1 136207
-681176 33554432 1 85147
-689171 4 1 98453
-692047 128 1 30089
-694676 0 1 173669
-698699 16384 1 13183
-703807 16 1 54139
-715979 8 1 65089
-721879 4194304 1 8111
-726415 2 1 145283
-733204 0 1 183301
-735583 16777216 1 7283
-735607 32 1 43271
-740459 262144 1 10429
-748835 2 1 149767
-755219 0 2 829 911
-755864 33554432 1 94483
-773044 0 1 193261
-773263 1024 1 20899
-774559 4096 1 18013
-781903 524288 1 10711
-783971 0 2 127 6173
-786103 256 1 27107
-786779 4 1 112397
-801083 0 2 227 3529
-803099 8 1 73009
-804392 67108864 1 100549
-806287 256 1 27803
-808903 262144 1 11393
-810827 2097152 1 9769
-813544 67108864 1 101693
-820207 256 1 28283
-827215 2 1 165443
-828103 512 1 26713
-831347 8 1 75577
-832691 512 1 26861
-834751 32 1 49103
-837251 0 2 349 2399
-847211 0 2 797 1063
-849251 16 1 65327
-849847 32 1 49991
-851743 65536 1 13963
-855943 8 1 77813
-856687 16 1 65899
-859951 0 2 379 2269
-863435 2 1 172687
-865427 512 1 27917
-865951 0 2 107 8093
-869335 2 1 173867
-871144 67108864 1 108893
-878819 512 1 28349
-887192 33554432 1 110899
-889543 32768 1 15077
-890743 4 1 127249
-895316 0 1 223829
-918415 2 1 183683
-928379 0 2 727 1277
-932468 0 1 233117
-933364 0 1 233341
-934616 33554432 1 116827
-940052 0 1 235013
-942035 2 1 188407
-951179 0 2 661 1439
-956047 0 2 241 3967
-967336 67108864 1 120917
-970451 0 2 271 3581
-970835 2 1 194167
-971743 0 2 881 1103
-972376 33554432 1 121547
-972535 2 1 194507
-972703 4096 1 22621
-974527 0 2 821 1187
-975316 0 1 243829
-976216 33554432 1 122027
-983171 4 1 140453
-985327 4 1 140761
-988451 131072 1 14753
-999223 512 1 32233
-1004596 0 1 251149
-1006423 8 1 91493
-1010987 0 2 233 4339
-1014548 0 1 253637
-1015384 33554432 1 126923
-1015447 2048 1 24767
-1022935 2 1 204587
-1025867 64 1 53993
-1028531 4 1 146933
-1034383 4 1 147769
-1040983 1048576 1 13177
-1041659 0 2 149 6991
-1046219 512 1 33749
-1048715 2 1 209743
-1055843 2097152 1 12721
-1061411 16 1 81647
-1072052 0 1 268013
-1073887 8388608 1 11071
-1078936 33554432 1 134867
-1083127 4096 1 25189
-1090715 2 1 218143
-1094888 67108864 1 136861
-1096276 0 1 274069
-1099691 0 2 997 1103
-1101011 131072 1 16433
-1101443 4 1 157349
-1105907 8 1 100537
-1117684 0 1 279421
-1118167 0 2 233 4799
-1126735 2 1 225347
-1133656 33554432 1 141707
-1133699 4 1 161957
-1137083 0 2 773 1471
-1143796 0 1 285949
-1150451 0 2 1019 1129
-1153268 0 1 288317
-1153715 2 1 230743
-1162307 32 1 68371
-1165172 0 1 291293
-1165427 32768 1 19753
-1170068 0 1 292517
-1172767 0 2 173 6779
-1184051 8 1 107641
-1184852 0 1 296213
-1192543 8 1 108413
-1210388 0 1 302597
-1210567 0 2 151 8017
-1217819 32768 1 20641
-1219547 4 1 174221
-1221371 0 2 223 5477
-1231015 2 1 246203
-1233659 4 1 176237
-1239659 512 1 39989
-1245848 33554432 1 155731
-1248467 8 1 113497
-1253459 0 2 461 2719
-1254491 4 1 179213
-1257064 67108864 1 157133
-1260724 0 1 315181
-1261352 67108864 1 157669
-1264051 64 1 66529
-1267567 4 1 181081
-1267643 16 1 97511
-1269419 512 1 40949
-1275496 67108864 1 159437
-1282087 1024 1 34651
-1285067 4 1 183581
-1285096 67108864 1 160637
-1285615 2 1 257123
-1291624 67108864 1 161453
-1293652 0 1 323413
-1294927 0 2 857 1511
-1308127 0 2 307 4261
-1312063 0 2 317 4139
-1313099 0 2 421 3119
-1319315 2 1 263863
-1326779 256 1 45751
-1335784 67108864 1 166973
-1337767 0 2 641 2087
-1340596 0 1 335149
-1342171 0 2 211 6361
-1353107 4 1 193301
-1353731 64 1 71249
-1355387 8 1 123217
-1367699 0 2 251 5449
-1367867 64 1 71993
-1371752 67108864 1 171469
-1377256 67108864 1 172157
-1384235 2 1 276847
-1388699 16 1 106823
-1390907 4 1 198701
-1391092 0 1 347773
-1402216 67108864 1 175277
-1404563 0 2 937 1499
-1410635 2 1 282127
-1413332 0 1 353333
-1414427 4 1 202061
-1417327 0 2 109 13003
-1419539 8 1 129049
-1421416 67108864 1 177677
-1426456 33554432 1 178307
-1426979 1024 1 38567
-1428583 16 1 109891
-1431784 67108864 1 178973
-1435687 8 1 130517
-1442219 0 2 113 12763
-1446331 8192 1 30773
-1447115 2 1 289423
-1448212 0 1 362053
-1448407 2048 1 35327
-1448603 16 1 111431
-1448852 0 1 362213
-1449011 0 2 601 2411
-1451171 32 1 85363
-1465043 32 1 86179
-1478891 131072 1 22073
-1491011 0 2 109 13679
-1491092 0 1 372773
-1491515 2 1 298303
-1496344 33554432 1 187043
-1498115 2 1 299623
-1502987 32 1 88411
-1506379 4 1 215197
-1511464 67108864 1 188933
-1515103 0 2 293 5171
-1522667 0 2 983 1549
-1529128 67108864 1 191141
-1533823 32768 1 25997
-1538776 33554432 1 192347
-1557851 256 1 53719
-1558139 8 1 141649
-1561207 0 2 109 14323
-1562072 33554432 1 195259
-1568363 0 2 211 7433
-1573115 2 1 314623
-1573883 16777216 1 15583
-1588403 128 1 69061
-1596947 8 1 145177
-1597643 32 1 93979
-1603835 2 1 320767
-1606219 524288 1 22003
-1610267 8192 1 34261
-1614035 2 1 322807
-1617979 8 1 147089
-1619003 0 2 211 7673
-1620392 67108864 1 202549
-1642024 67108864 1 205253
-1643416 33554432 1 205427
-1648787 4 1 235541
-1651063 8192 1 35129
-1653844 0 1 413461
-1656244 0 1 414061
-1661908 0 1 415477
-1665683 128 1 72421
-1672115 2 1 334423
-1674083 256 1 57727
-1679003 0 2 103 16301
-1682776 33554432 1 210347
-1691915 2 1 338383
-1692035 2 1 338407
-1708043 64 1 89897
-1709179 0 2 149 11471
-1711691 64 1 90089
-1711715 2 1 342343
-1714036 0 1 428509
-1714051 4194304 1 19259
-1722851 16 1 132527
-1737467 0 2 421 4127
-1737556 0 1 434389
-1738036 0 1 434509
-1748315 2 1 349663
-1750744 33554432 1 218843
-1752707 8 1 159337
-1753643 64 1 92297
-1754611 0 2 653 2687
-1773931 0 2 1259 1409
-1774219 262144 1 24989
-1776856 33554432 1 222107
-1778068 0 1 444517
-1783303 0 2 131 13613
-1787483 65536 1 29303
-1790843 131072 1 26729
-1792411 0 2 167 10733
-1796468 0 1 449117
-1803992 33554432 1 225499
-1804072 67108864 1 225509
-1807307 0 2 401 4507
-1809515 2 1 361903
-1812035 2 1 362407
-1813171 0 2 131 13841
-1813411 262144 1 25541
-1814483 8 1 164953
-1818136 33554432 1 227267
-1819096 33554432 1 227387
-1825624 33554432 1 228203
-1831715 2 1 366343
-1836916 0 1 459229
-1837163 0 2 139 13217
-1851923 0 2 229 8087
-1853059 16 1 142543
-1857703 16384 1 35051
-1857827 256 1 64063
-1863035 2 1 372607
-1865915 2 1 373183
-1868147 32 1 109891
-1871764 0 1 467941
-1873108 0 1 468277
-1873459 4 1 267637
-1879907 0 2 883 2129
-1882427 32 1 110731
-1896035 2 1 379207
-1896731 1024 1 51263
-1902568 67108864 1 237821
-1911064 33554432 1 238883
-1921384 67108864 1 240173
-1923739 0 2 149 12911
-1925435 2 1 385087
-1927771 0 2 709 2719
-1935832 33554432 1 241979
-1939928 33554432 1 242491
-1949899 4 1 278557
-1967272 67108864 1 245909
-1991411 2048 1 48571
-1992923 0 2 1031 1933
-1998811 131072 1 29833
-2007379 8 1 182489
-2009963 0 2 389 5167
-2011883 0 2 1321 1523
-2012411 0 2 193 10427
-2019091 16777216 1 19991
-2022616 33554432 1 252827
-2026219 16 1 155863
-2029204 0 1 507301
-2030356 0 1 507589
-2037259 4 1 291037
-2040424 67108864 1 255053
-2045387 524288 1 28019
-2052136 67108864 1 256517
-2065403 0 2 353 5851
-2068504 33554432 1 258563
-2087851 4194304 1 23459
-2090659 0 2 887 2357
-2103124 0 1 525781
-2105659 65536 1 34519
-2117123 0 2 283 7481
-2121203 4 1 303029
-2123416 33554432 1 265427
-2128915 2 1 425783
-2141032 67108864 1 267629
-2146819 8192 1 45677
-2151515 2 1 430303
-2162584 33554432 1 270323
-2164312 33554432 1 270539
-2166568 67108864 1 270821
-2167819 128 1 94253
-2172683 0 2 137 15859
-2174099 0 2 139 15641
-2180968 67108864 1 272621
-2187607 0 2 199 10993
-2188715 2 1 437743
-2191043 0 2 397 5519
-2196052 0 1 549013
-2199607 0 2 241 9127
-2207843 8 1 200713
-2214323 0 2 653 3391
-2219743 0 2 1031 2153
-2227891 0 2 271 8221
-2228131 4096 1 51817
-2233043 131072 1 33329
-2235379 512 1 72109
-2250811 0 2 367 6133
-2254715 2 1 450943
-2256563 32 1 132739
-2264915 2 1 452983
-2273896 67108864 1 284237
-2286964 0 1 571741
-2295316 0 1 573829
-2295587 4 1 327941
-2302307 4 1 328901
-2308067 0 2 971 2377
-2309987 0 2 743 3109
-2313268 0 1 578317
-2323348 0 1 580837
-2325979 0 2 197 11807
-2327284 0 1 581821
-2350835 2 1 470167
-2357032 67108864 1 294629
-2357723 0 2 601 3923
-2361979 0 2 277 8527
-2372299 32 1 139547
-2377547 0 2 877 2711
-2382232 33554432 1 297779
-2388931 0 2 751 3181
-2390507 4 1 341501
-2402536 67108864 1 300317
-2407547 64 1 126713
-2414419 4 1 344917
-2423035 2 1 484607
-2424724 0 1 606181
-2424923 0 2 109 22247
-2441515 2 1 488303
-2443579 0 2 457 5347
-2448715 2 1 489743
-2449204 0 1 612301
-2449291 16 1 188407
-2452051 4 1 350293
-2456507 0 2 113 21739
-2461528 33554432 1 307691
-2485699 0 2 103 24133
-2486023 0 2 1399 1777
-2496107 4096 1 58049
-2497219 256 1 86111
-2502979 0 2 1373 1823
-2510059 128 1 109133
-2533043 0 2 373 6791
-2533219 16 1 194863
-2540843 0 2 263 9661
-2543704 33554432 1 317963
-2545624 33554432 1 318203
-2545819 0 2 587 4337
-2549416 67108864 1 318677
-2552747 128 1 110989
-2552867 4096 1 59369
-2555419 0 2 439 5821
-2556443 32 1 150379
-2559448 33554432 1 319931
-2559683 4 1 365669
-2572072 67108864 1 321509
-2572763 32 1 151339
-2581411 4 1 368773
-2589208 33554432 1 323651
-2593187 0 2 181 14327
-2599547 0 2 1193 2179
-2600747 0 2 397 6551
-2616211 16 1 201247
-2621428 0 1 655357
-2622772 0 1 655693
-2629096 67108864 1 328637
-2630296 33554432 1 328787
-2632403 32768 1 44617
-2634563 256 1 90847
-2634587 0 2 317 8311
-2636404 0 1 659101
-2652563 16777216 1 26263
-2652707 65536 1 43487
-2652979 4 1 378997
-2661811 0 2 1117 2383
-2664232 67108864 1 333029
-2683816 67108864 1 335477
-2683907 0 2 109 24623
-2699603 0 2 109 24767
-2706292 0 1 676573
-2714243 4 1 387749
-2717659 4 1 388237
-2717992 67108864 1 339749
-2722036 0 1 680509
-2726059 4 1 389437
-2729963 0 2 191 14293
-2736628 0 1 684157
-2742115 2 1 548423
-2743291 1024 1 74143
-2770307 0 2 719 3853
-2777683 0 2 163 17041
-2787688 67108864 1 348461
-2789987 524288 1 38219
-2798179 2097152 1 33713
-2805364 0 1 701341
-2813603 16 1 216431
-2813867 4 1 401981
-2815156 0 1 703789
-2816491 0 2 457 6163
-2824168 67108864 1 353021
-2824792 33554432 1 353099
-2829172 0 1 707293
-2831251 0 2 1049 2699
-2831704 33554432 1 353963
-2837611 4 1 405373
-2839156 0 1 709789
-2845771 0 2 271 10501
-2846059 0 2 197 14447
-2860459 4 1 408637
-2860939 2048 1 69779
-2865556 0 1 716389
-2876539 256 1 99191
-2876788 0 1 719197
-2879627 65536 1 47207
-2879848 67108864 1 359981
-2888603 256 1 99607
-2890051 32 1 170003
-2892532 0 1 723133
-2895316 0 1 723829
-2896552 67108864 1 362069
-2896891 0 2 293 9887
-2899163 32 1 170539
-2908339 4 1 415477
-2909899 0 2 1087 2677
-2913172 0 1 728293
-2921491 0 2 607 4813
-2927387 64 1 154073
-2928379 0 2 433 6763
-2929907 0 2 1123 2609
-2933608 67108864 1 366701
-2937619 2097152 1 35393
-2938051 262144 1 41381
-2940628 0 1 735157
-2944939 0 2 1511 1949
-2953819 8 1 268529
-2959807 0 2 269 11003
-2960027 4 1 422861
-2960803 0 2 1097 2699
-2971096 33554432 1 371387
-2987188 0 1 746797
-2990843 16384 1 56431
-2994203 0 2 197 15199
-2994739 8 1 272249
-3000563 32768 1 50857
-3002947 0 2 457 6571
-3011851 131072 1 44953
-3012379 128 1 130973
-3015739 256 1 103991
-3016339 0 2 1607 1877
-3016787 0 2 769 3923
-3024019 512 1 97549
-3024107 0 2 233 12979
-3035267 524288 1 41579
-3036787 16 1 233599
-3043099 0 2 283 10753
-3046696 67108864 1 380837
-3048088 33554432 1 381011
-3049771 0 2 563 5417
-3052771 0 2 137 22283
-3054388 0 1 763597
-3054499 4 1 436357
-3058648 33554432 1 382331
-3061144 33554432 1 382643
-3061672 67108864 1 382709
-3072587 4 1 438941
-3082099 0 2 373 8263
-3087787 4096 1 71809
-3090292 0 1 772573
-3090691 0 2 457 6763
-3095659 4 1 442237
-3110363 0 2 1033 3011
-3119179 4 1 445597
-3120203 128 1 135661
-3121012 0 1 780253
-3124643 0 2 151 20693
-3127763 262144 1 44053
-3140212 0 1 785053
-3143603 0 2 199 15797
-3150232 33554432 1 393779
-3152299 0 2 479 6581
-3152692 0 1 788173
-3153379 0 2 197 16007
-3154067 4 1 450581
-3154547 8 1 286777
-3159379 0 2 127 24877
-3165227 16 1 243479
-3168835 2 1 633767
-3170515 2 1 634103
-3173059 0 2 1489 2131
-3190771 0 2 823 3877
-3197387 32768 1 54193
-3197539 0 2 1709 1871
-3204947 0 2 487 6581
-3210331 32 1 188843
-3218419 8192 1 68477
-3228331 0 2 1063 3037
-3235048 67108864 1 404381
-3238523 262144 1 45613
-3243091 64 1 170689
-3253972 0 1 813493
-3254452 0 1 813613
-3271348 0 1 817837
-3275899 8 1 297809
-3288052 0 1 822013
-3296483 0 2 317 10399
-3300347 0 2 647 5101
-3301339 0 2 557 5927
-3307403 8 1 300673
-3308779 32768 1 56081
-3322819 1048576 1 42061
-3323752 67108864 1 415469
-3334915 2 1 666983
-3351691 4 1 478813
-3353011 4096 1 77977
-3355315 2 1 671063
-3357208 33554432 1 419651
-3358939 262144 1 47309
-3365147 64 1 177113
-3372139 64 1 177481
-3378467 4096 1 78569
-3382787 2048 1 82507
-3385307 0 2 229 14783
-3402691 64 1 179089
-3408235 2 1 681647
-3432379 1024 1 92767
-3435883 8 1 312353
-3437272 33554432 1 429659
-3439732 0 1 859933
-3444052 0 1 861013
-3471323 0 2 109 31847
-3480739 0 2 113 30803
-3483211 0 2 1753 1987
-3493819 4 1 499117
-3494488 33554432 1 436811
-3494836 0 1 873709
-3508888 33554432 1 438611
-3513979 4 1 501997
-3521371 4 1 503053
-3525571 4 1 503653
-3539707 0 2 769 4603
-3539915 2 1 707983
-3540979 16 1 272383
-3543832 33554432 1 442979
-3553939 0 2 173 20543
-3556099 128 1 154613
-3562963 0 2 919 3877
-3564547 4 1 509221
-3569179 16384 1 67343
-3586939 0 2 347 10337
-3591107 16 1 276239
-3600427 0 2 409 8803
-3610667 4096 1 83969
-3613939 4 1 516277
-3616043 0 2 439 8237
-3633307 0 2 1051 3457
-3637012 0 1 909253
-3645748 0 1 911437
-3656299 0 2 1373 2663
-3656728 33554432 1 457091
-3664552 67108864 1 458069
-3670067 1024 1 99191
-3684532 0 1 921133
-3709171 0 2 397 9343
-3726292 0 1 931573
-3727171 4 1 532453
-3740788 0 1 935197
-3740803 8 1 340073
-3751252 0 1 937813
-3773428 0 1 943357
-3774947 8 1 343177
-3776371 0 2 167 22613
-3784291 4 1 540613
-3790291 64 1 199489
-3793651 65536 1 62191
-3795892 0 1 948973
-3803323 0 2 131 29033
-3806371 0 2 1697 2243
-3807563 1048576 1 48197
-3813859 4 1 544837
-3816115 2 1 763223
-3821635 2 1 764327
-3822499 524288 1 52363
-3834403 0 2 947 4049
-3848611 16 1 296047
-3852568 33554432 1 481571
-3855715 2 1 771143
-3857563 0 2 887 4349
-3859435 2 1 771887
-3860968 67108864 1 482621
-3868507 0 2 307 12601
-3883643 2048 1 94723
-3889771 0 2 107 36353
-3893332 0 1 973333
-3902971 0 2 613 6367
-3903707 0 2 1033 3779
-3913003 0 2 1399 2797
-3916312 33554432 1 489539
-3921331 0 2 881 4451
-3927115 2 1 785423
-3933811 4 1 561973
-3938851 4 1 562693
-3952852 0 1 988213
-3959512 33554432 1 494939
-3969139 0 2 173 22943
-3977812 0 1 994453
-3979187 16384 1 75079
-3984163 0 2 1069 3727
-3990115 2 1 798023
-3991771 4 1 570253
-3999832 33554432 1 499979
-4007059 4 1 572437
-4044203 0 2 1543 2621
-4050467 0 2 541 7487
-4056043 0 2 647 6269
-4060051 0 2 139 29209
-4061683 0 2 947 4289
-4062568 67108864 1 507821
-4067867 0 2 1531 2657
-4074827 0 2 691 5897
-4075432 67108864 1 509429
-4103491 4 1 586213
-4103507 0 2 241 17027
-4108339 32 1 241667
-4110811 1024 1 111103
-4111099 0 2 1931 2129
-4117387 0 2 191 21557
-4117459 0 2 463 8893
-4134772 0 1 1033693
-4137379 0 2 1549 2671
-4139251 0 2 733 5647
-4147315 2 1 829463
-4149835 2 1 829967
-4154539 0 2 1831 2269
-4159348 0 1 1039837
-4162843 64 1 219097
-4164691 2097152 1 50177
-4173352 67108864 1 521669
-4186939 0 2 479 8741
-4198531 0 2 1987 2113
-4204939 1024 1 113647
-4207051 2048 1 102611
-4207459 128 1 182933
-4217083 16 1 324391
-4217947 128 1 183389
-4223971 0 2 1619 2609
-4226419 0 2 421 10039
-4227259 0 2 1597 2647
-4240435 2 1 848087
-4274635 2 1 854927
-4299508 0 1 1074877
-4303828 0 1 1075957
-4329019 0 2 151 28669
-4330387 0 2 149 29063
-4333003 2048 1 105683
-4333288 67108864 1 541661
-4341268 0 1 1085317
-4353667 2048 1 106187
-4364611 65536 1 71551
-4364923 0 2 191 22853
-4367668 0 1 1091917
-4371028 0 1 1092757
-4392835 2 1 878567
-4393315 2 1 878663
-4395451 0 2 691 6361
-4403515 2 1 880703
-4403587 4096 1 102409
-4406035 2 1 881207
-4410712 33554432 1 551339
-4413451 4 1 630493
-4418899 0 2 1597 2767
-4421332 0 1 1105333
-4436611 4096 1 103177
-4447732 0 1 1111933
-4450708 0 1 1112677
-4458235 2 1 891647
-4460203 8 1 405473
-4466803 8 1 406073
-4469908 0 1 1117477
-4471435 2 1 894287
-4475752 67108864 1 559469
-4487539 4 1 641077
-4537627 16777216 1 44927
-4542232 33554432 1 567779
-4548019 4 1 649717
-4555435 2 1 911087
-4558744 33554432 1 569843
-4578283 0 2 179 25577
-4587187 8 1 417017
-4597643 0 2 239 19237
-4605736 67108864 1 575717
-4606027 0 2 167 27581
-4606171 65536 1 75511
-4607083 16 1 354391
-4611115 2 1 922223
-4616011 8192 1 98213
-4619371 0 2 127 36373
-4626259 8 1 420569
-4628347 0 2 787 5881
-4633432 33554432 1 579179
-4637587 0 2 137 33851
-4642315 2 1 928463
-4660651 128 1 202637
-4661507 8192 1 99181
-4677643 0 2 431 10853
-4693867 0 2 109 43063
-4710403 0 2 281 16763
-4713083 64 1 248057
-4720468 0 1 1180117
-4721083 512 1 152293
-4729771 0 2 163 29017
-4752211 0 2 1637 2903
-4752235 2 1 950447
-4752259 256 1 163871
-4758235 2 1 951647
-4763608 33554432 1 595451
-4766452 0 1 1191613
-4771771 0 2 127 37573
-4775707 64 1 251353
-4779787 0 2 113 42299
-4802548 0 1 1200637
-4802968 33554432 1 600371
-4809172 0 1 1202293
-4821091 8 1 438281
-4821547 4096 1 112129
-4846888 67108864 1 605861
-4851412 0 1 1212853
-4853251 16 1 373327
-4859323 4 1 694189
-4871899 0 2 193 25243
-4873432 33554432 1 609179
-4882291 0 2 521 9371
-4886779 131072 1 72937
-4888987 8192 1 104021
-4905019 4 1 700717
-4917931 0 2 233 21107
-4921492 0 1 1230373
-4923928 33554432 1 615491
-4930267 0 2 127 38821
-4934515 2 1 986903
-4940803 4 1 705829
-4969027 4 1 709861
-4970968 33554432 1 621371
-4991779 16 1 383983
-5013403 0 2 149 33647
-5029723 0 2 1249 4027
-5052331 16384 1 95327
-5061592 33554432 1 632699
-5069387 0 2 463 10949
-5085043 0 2 379 13417
-5104852 0 1 1276213
-5110027 16 1 393079
-5122627 32 1 301331
-5131732 0 1 1282933
-5134339 4 1 733477
-5146315 2 1 1029263
-5147467 16 1 395959
-5153563 0 2 2089 2467
-5157187 4 1 736741
-5175403 262144 1 72893
-5181115 2 1 1036223
-5185643 16777216 1 51343
-5187571 512 1 167341
-5189848 33554432 1 648731
-5192251 16384 1 97967
-5192683 0 2 367 14149
-5194363 0 2 587 8849
-5201332 0 1 1300333
-5214163 0 2 353 14771
-5230219 4096 1 121633
-5230987 0 2 139 37633
-5242123 1024 1 141679
-5243188 0 1 1310797
-5247208 67108864 1 655901
-5281603 0 2 149 35447
-5290072 33554432 1 661259
-5294923 0 2 521 10163
-5301115 2 1 1060223
-5302267 0 2 443 11969
-5309035 2 1 1061807
-5315032 33554432 1 664379
-5316712 67108864 1 664589
-5331412 0 1 1332853
-5333971 32 1 313763
-5341099 65536 1 87559
-5344552 67108864 1 668069
-5363971 16384 1 101207
-5369803 0 2 1373 3911
-5376667 0 2 173 31079
-5379547 0 2 283 19009
-5394904 33554432 1 674363
-5397352 67108864 1 674669
-5399803 0 2 701 7703
-5406451 0 2 463 11677
-5412643 0 2 359 15077
-5433331 65536 1 89071
-5445259 0 2 307 17737
-5457763 0 2 1783 3061
-5460379 0 2 271 20149
-5470915 2 1 1094183
-5479651 0 2 2143 2557
-5490763 1024 1 148399
-5495011 0 2 283 19417
-5507947 0 2 1559 3533
-5519011 128 1 239957
-5542963 524288 1 75931
-5544187 8 1 504017
-5546707 1024 1 149911
-5547683 0 2 103 53861
-5548291 4 1 792613
-5565652 0 1 1391413
-5571163 16 1 428551
-5598427 2048 1 136547
-5609752 33554432 1 701219
-5611723 16 1 431671
-5614243 0 2 2029 2767
-5619643 16384 1 106031
-5624035 2 1 1124807
-5638132 0 1 1409533
-5641339 8 1 512849
-5651992 33554432 1 706499
-5658388 0 1 1414597
-5658763 8 1 514433
-5664619 0 2 349 16231
-5671339 0 2 139 40801
-5700427 131072 1 85081
-5737915 2 1 1147583
-5750452 0 1 1437613
-5760067 256 1 198623
-5779243 4096 1 134401
-5785315 2 1 1157063
-5787499 4096 1 134593
-5802715 2 1 1160543
-5805347 32 1 341491
-5817163 8 1 528833
-5817739 512 1 187669
-5819608 33554432 1 727451
-5820691 0 2 1583 3677
-5837812 0 1 1459453
-5861035 2 1 1172207
-5862883 16 1 450991
-5865427 0 2 401 14627
-5866228 0 1 1466557
-5881283 0 2 439 13397
-5884915 2 1 1176983
-5911603 64 1 311137
-5914099 0 2 193 30643
-5917243 2048 1 144323
-5920147 256 1 204143
-5921059 0 2 107 55337
-5935528 67108864 1 741941
-5939992 33554432 1 742499
-5940148 0 1 1485037
-5944339 32 1 349667
-5962963 0 2 313 19051
-5964235 2 1 1192847
-5964283 16 1 458791
-5971363 2048 1 145643
-5985787 0 2 257 23291
-5988667 64 1 315193
-5993635 2 1 1198727
-5996443 8388608 1 61819
-5998963 0 2 761 7883
-6013771 262144 1 84701
