-73295 2 2 107 137
-89351 0 2 199 449
-103655 2 1 20731
-106343 320 1 193
-108335 8194 1 461
-109679 131072 1 1637
-110159 4 1 15737
-110399 16384 1 2083
-111383 512 1 3593
-115271 16 1 8867
-121943 0 2 197 619
-124079 0 2 127 977
-130823 12 1 1699
-142127 0 2 311 457
-143447 131072 1 2141
-161327 256 1 5563
-166583 2080 1 239
-168215 34 1 1979
-171716 0 1 42929
-174983 0 2 233 751
-186031 544 1 353
-190055 2 1 38011
-190751 8 1 17341
-192079 0 2 401 479
-194024 68157440 1 307
-198407 40 1 1061
-209015 34 1 2459
-210679 4 1 30097
-224135 130 1 1949
-224696 33554432 1 28087
-231767 0 2 227 1021
-237991 16 1 18307
-240644 0 1 60161
-245311 264 1 769
-246095 2097154 1 593
-252023 4096 1 5861
-254303 36 1 2137
-257567 32 2 109 139
-257599 0 2 313 823
-258503 4 1 36929
-258767 256 1 8923
-262247 256 1 9043
-263479 0 2 173 1523
-265295 8388610 1 547
-271015 131074 1 809
-280655 2 1 56131
-282871 0 2 191 1481
-283951 32 1 16703
-284687 65552 1 359
-292055 2 1 58411
-293336 33555456 1 991
-293567 16640 1 191
-293927 0 2 173 1699
-294263 524544 1 139
-296447 128 1 12889
-298591 8192 1 6353
-302935 4098 1 1409
-313736 67108864 1 39217
-314183 9439232 0
-314855 2 1 62971
-315287 524292 1 617
-315535 10 1 5737
-318383 80 1 1289
-320479 4352 1 257
-321032 67108864 1 40129
-324079 131076 1 691
-326543 4 1 46649
-328964 0 1 82241
-329327 64 1 17333
-333919 0 2 131 2549
-334823 0 2 191 1753
-339767 2048 1 8287
-342404 0 1 85601
-345716 4 1 12347
-345919 4 1 49417
-346376 67109120 1 1493
-346616 33555456 1 1171
-347615 1026 1 1879
-348863 0 2 167 2089
-349784 33554560 1 1901
-352952 33554432 1 44119
-356063 128 2 113 137
-357704 67174400 1 733
-361343 0 2 151 2393
-363704 33554440 1 4133
-364655 2 1 72931
-370904 33816576 1 653
-374996 0 2 241 389
-378055 2 1 75611
-379508 32 1 5581
-396356 0 1 99089
-401623 0 2 223 1801
-402079 1024 1 10867
-403259 4194432 1 197
-404455 130 1 3517
-405956 0 1 101489
-407335 2050 1 1987
-408932 0 1 102233
-413531 36864 1 163
-420407 524304 1 443
-424916 64 1 5591
-425719 65540 1 997
-426776 33554436 1 7621
-426824 67108864 1 53353
-427016 67108864 1 53377
-428623 16 1 32971
-429199 32 1 25247
-431551 512 1 13921
-437816 33554432 1 54727
-442724 0 1 110681
-456920 33554434 1 11423
-463931 16 2 127 281
-466591 0 2 547 853
-470311 2048 1 11471
-474919 262144 1 6689
-475739 65544 1 709
-477608 67108864 2 227 263
-478136 33587200 1 1013
-479119 0 2 283 1693
-483655 2 1 96731
-484040 67108866 1 12101
-485407 16 1 37339
-489895 6 1 13997
-491576 33558528 1 1429
-492008 67108872 1 5591
-497215 2 2 277 359
-498788 64 1 6563
-501371 16 1 38567
-501899 262144 1 7069
-502196 0 2 223 563
-503864 33554432 1 62983
-506315 2 2 131 773
-509576 67108864 1 63697
-511544 33554440 1 5813
-511931 4 1 73133
-512024 33554688 1 2207
-517304 33554432 1 64663
-518143 288 1 1051
-518647 131072 1 7741
-525251 2176 1 557
-526724 8 1 11971
-529688 34078720 1 907
-531179 4104 1 1123
-532979 128 1 23173
-535847 8208 1 877
-537476 0 1 134369
-538280 67108866 1 13457
-538856 67108864 2 193 349
-540296 67108864 1 67537
-541256 67109120 1 2333
-543631 524296 1 677
-544760 33554434 1 13619
-545444 0 1 136361
-545555 2 1 109111
-547028 0 2 163 839
-550103 32 1 32359
-553691 16896 1 337
-554456 33554436 1 9901
-557051 4194312 1 569
-563455 2 1 112691
-564596 0 2 191 739
-567860 2 1 28393
-570535 6 1 16301
-573631 2080 1 823
-574964 16 1 11057
-578996 8 1 13159
-579031 0 2 173 3347
-581720 33554434 1 14543
-583855 130 1 5077
-586619 40 1 3137
-587095 34 1 6907
-587204 0 1 146801
-591188 16 1 11369
-591415 10 1 10753
-592436 16 1 11393
-592904 67108880 1 5701
-598964 0 2 137 1093
-600932 64 1 7907
-603032 33558528 1 1753
-605099 8 1 55009
-606392 33554432 2 229 331
-610591 1081344 1 131
-611768 33554432 1 76471
-611819 80 1 2477
-615224 33570816 1 1451
-616039 65536 1 10099
-617287 40 1 3301
-618391 0 2 653 947
-619447 0 2 109 5683
-621131 4194308 1 997
-624452 0 2 107 1459
-625028 0 1 156257
-628619 0 2 113 5563
-629071 64 2 113 293
-630884 0 1 157721
-630991 0 2 197 3203
-631268 8 1 14347
-632411 16 1 48647
-636008 67108864 2 107 743
-638264 33554440 1 7253
-642424 33554432 2 131 613
-643591 528 1 1597
-643831 2097152 1 7757
-645044 0 2 131 1231
-645055 2 1 129011
-645539 525312 1 239
-647791 0 2 557 1163
-648596 16 1 12473
-649688 33554448 1 6247
-651367 2048 1 15887
-653383 1024 1 17659
-654116 4096 1 3803
-655544 33554432 1 81943
-659048 67108880 1 6337
-664232 68157440 1 1051
-669140 2 1 33457
-669512 67108864 1 83689
-670519 128 1 29153
-671012 0 2 227 739
-672415 2 2 181 743
-672440 33554434 1 16811
-674887 4194304 1 7583
-676744 67109120 1 2917
-677191 0 2 137 4943
-680095 18 1 10463
-681848 33554688 1 2939
-683384 33554448 1 6571
-688759 2048 2 107 157
-691811 0 2 131 5281
-692767 32 1 40751
-694931 0 2 809 859
-699679 0 2 103 6793
-700183 16392 1 1201
-702031 72 1 3359
-702155 2 2 317 443
-702632 67108868 1 12547
-708308 128 1 7699
-710767 0 2 449 1583
-710935 258 1 4903
-711271 8 1 64661
-714103 16 2 163 337
-714548 2048 1 4357
-717251 4194304 1 8059
-720548 0 1 180137
-723784 67108864 1 90473
-725960 67108866 1 18149
-726155 34 1 8543
-728660 2 1 36433
-732548 4096 1 4259
-733076 0 2 131 1399
-733144 33554432 2 113 811
-733423 0 2 307 2389
-735823 8 2 151 443
-740935 18 1 11399
-743291 160 1 1901
-744296 67108868 1 13291
-745979 16 1 57383
-748628 0 2 211 887
-749528 33554448 1 7207
-750007 128 1 32609
-756007 36 1 6353
-757379 4 2 257 421
-760388 0 1 190097
-761123 8 1 69193
-762631 524800 1 337
-763384 33555456 1 2579
-763955 2 1 152791
-767432 67108864 1 95929
-768440 33554434 1 19211
-770564 64 1 10139
-772952 33570816 1 1823
-775172 0 1 193793
-775207 0 2 509 1523
-777343 4 1 111049
-778760 67108866 1 19469
-780155 2 2 337 463
-780536 33558528 1 2269
-783607 8 1 71237
-786247 12 1 10211
-791048 67174400 1 1621
-791767 16384 1 14939
-791816 67109120 1 3413
-792755 2 1 158551
-794708 65536 1 3257
-795967 64 1 41893
-797479 128 1 34673
-801155 2 1 160231
-801367 4 2 239 479
-802519 32 1 47207
-805384 67108864 1 100673
-805571 16 1 61967
-806551 4096 1 18757
-808183 524288 1 11071
-811235 4194306 1 1823
-812456 67110912 1 2477
-812651 36 1 6829
-814615 2 2 191 853
-814619 16 2 223 281
-819179 32 1 48187
-819796 0 2 311 659
-826904 33554448 1 7951
-829307 2048 2 113 179
-829495 130 1 7213
-829796 8 1 18859
-829903 0 2 353 2351
-829988 0 1 207497
-830695 2 2 103 1613
-833287 20 1 9157
-833503 8 1 75773
-836099 264 1 2621
-836767 0 2 457 1831
-838087 1024 1 22651
-839555 2 1 167911
-846152 67108864 1 105769
-846488 33554496 1 5569
-846631 0 2 421 2011
-848407 68 1 6379
-850760 67108866 1 21269
-851099 4096 1 19793
-852247 8 1 77477
-852703 32 1 50159
-853208 33554560 1 4637
-854852 0 1 213713
-855320 33554434 1 21383
-857531 524320 1 691
-858392 33619968 1 1759
-859499 0 2 163 5273
-859508 16 1 16529
-860023 262144 1 12113
-860243 16384 1 16231
-861608 67108872 1 9791
-861991 65552 1 1087
-869363 40 1 4649
-869972 64 1 11447
-872651 80 1 3533
-873127 0 2 727 1201
-875348 16384 1 4129
-875695 4098 1 4073
-876548 0 2 419 523
-876616 67108880 1 8429
-877355 2 2 227 773
-879604 8 1 19991
-880520 67108866 1 22013
-882655 2 1 176531
-885320 67108866 1 22133
-886327 272 1 2351
-888055 6 1 25373
-890168 33554432 1 111271
-893416 67108864 2 181 617
-893720 33554434 1 22343
-893987 8320 1 827
-894308 0 1 223577
-894395 2 2 113 1583
-896708 0 1 224177
-897155 6 1 25633
-898931 262152 1 1151
-899411 0 2 461 1951
-900299 65536 1 14759
-902023 1024 1 24379
-902891 1048584 1 1039
-905815 258 1 6247
-909943 512 2 149 197
-910292 4194304 1 2557
-910568 67112960 1 2647
-910952 67108868 1 16267
-911623 0 2 647 1409
-912068 0 2 107 2131
-912932 0 1 228233
-913087 36 1 7673
-914468 0 1 228617
-914516 8388608 1 2357
-914623 0 2 353 2591
-915371 0 2 457 2003
-915491 1024 2 109 227
-915524 0 1 228881
-916868 0 1 229217
-918611 0 2 197 4663
-920132 64 1 12107
-922712 33554436 1 16477
-924680 67108866 1 23117
-927679 0 2 229 4051
-927823 16 2 149 479
-932383 0 2 193 4831
-932660 2 1 46633
-933316 0 1 233329
-933583 4 2 197 677
-937832 67108868 1 16747
-937979 8196 1 2851
-938095 2 2 373 503
-938404 0 2 379 619
-938792 67108864 2 239 491
-940855 2 1 188171
-942436 8 1 21419
-943928 33554432 1 117991
-944792 33554464 1 6947
-944983 16 2 157 463
-946472 67108864 2 193 613
-947287 8 1 86117
-947695 6 1 27077
-948851 256 1 32719
-950228 64 1 12503
-951848 67112960 1 2767
-955163 262152 1 1223
-958255 4098 1 4457
-958996 0 2 197 1217
-959432 67108864 1 119929
-959599 8224 1 1201
-960152 33554432 2 257 467
-963011 4 1 137573
-963512 33554440 1 10949
-965771 32768 1 16369
-967087 8 1 87917
-967144 67125248 1 2281
-973412 8 1 22123
-976783 0 2 167 5849
-977252 0 1 244313
-978452 32 1 14389
-978632 67108864 2 149 821
-981992 67108872 1 11159
-983716 2097152 1 2963
-987796 4096 1 5743
-988052 16 1 19001
-989407 0 2 809 1223
-990155 2 1 198031
-991076 0 1 247769
-992408 33554496 1 6529
-994276 0 1 248569
-994787 256 1 34303
-997988 0 1 249497
-999560 67108866 1 24989
-1002755 18 1 15427
-1003303 4 1 143329
-1003448 33558528 1 2917
-1003924 0 2 419 599
-1004623 2048 2 107 229
-1004648 67109376 1 4051
-1005304 33570816 1 2371
-1005943 0 2 139 7237
-1006388 128 1 10939
-1006807 1024 1 27211
-1006859 36 1 8461
-1008655 2 1 201731
-1009448 67108872 1 11471
-1010612 524288 1 3461
-1011151 0 2 103 9817
-1011971 0 2 181 5591
-1015063 4 1 145009
-1015303 64 1 53437
-1018996 8 1 23159
-1022776 33554432 2 173 739
-1023320 33554434 1 25583
-1024115 2 2 239 857
-1024447 0 2 499 2053
-1024504 33554448 1 9851
-1027835 2 2 199 1033
-1029956 0 1 257489
-1031176 67108864 2 157 821
-1034291 0 2 379 2729
-1036772 8 1 23563
-1039811 1024 2 157 179
-1040296 67108864 2 109 1193
-1041032 67109888 1 3517
-1042355 34 1 12263
-1042952 67108864 1 130369
-1044155 6 1 29833
-1047188 0 2 389 673
-1048619 24 1 7333
-1049383 65536 1 17203
-1053655 2 1 210731
-1054543 4 1 150649
-1055672 33554432 1 131959
-1058527 0 2 281 3767
-1058612 0 2 383 691
-1059199 1024 1 28627
-1061224 67108864 2 109 1217
-1061348 0 1 265337
-1061887 128 2 137 337
-1063811 2097156 1 1831
-1066715 18 1 16411
-1069816 33554440 1 12157
-1069832 67108864 2 173 773
-1073288 67108864 1 134161
-1078451 8 1 98041
-1079167 8192 1 22961
-1082948 0 1 270737
-1085435 18 1 16699
-1097531 1024 1 29663
-1103531 24 1 7717
-1104223 4194368 1 653
-1106164 0 2 131 2111
-1106191 32768 1 18749
-1107539 256 2 181 211
-1109027 0 2 199 5573
-1110011 4 1 158573
-1110491 32 1 65323
-1111955 18 1 17107
-1112407 0 2 863 1289
-1113736 67108880 1 10709
-1115192 33554448 1 10723
-1115699 80 1 4517
-1116731 12 1 14503
-1117355 4098 1 5197
-1117928 67108868 1 19963
-1118756 0 1 279689
-1119572 16384 1 5281
-1123235 2 2 277 811
-1125803 4 1 160829
-1126516 2048 1 6869
-1127108 0 1 281777
-1127492 0 2 251 1123
-1129235 2 2 449 503
-1132984 33554432 1 141623
-1134343 4 2 347 467
-1134616 33554436 1 20261
-1138024 67108928 1 7487
-1139743 8 1 103613
-1141135 2 2 241 947
-1142647 8 2 109 953
-1142867 8 2 107 971
-1144036 0 1 286009
-1146308 64 1 15083
-1147576 33685504 1 2141
-1147912 67108864 1 143489
-1149899 64 1 60521
-1150039 8 1 104549
-1153787 0 2 431 2677
-1153979 128 2 131 383
-1159931 2112 1 1489
-1161668 2097152 1 3499
-1163411 2097152 2 107 131
-1164920 33554434 1 29123
-1167064 33554432 2 113 1291
-1168211 65544 1 1741
-1168280 33554434 1 29207
-1169195 2 2 197 1187
-1170367 8 1 106397
-1172647 4 1 167521
-1177412 0 1 294353
-1178836 64 1 15511
-1182548 0 2 293 1009
-1182680 33554434 1 29567
-1185304 33554432 2 229 647
-1185655 2097154 1 2857
-1186567 0 2 769 1543
-1191463 20 1 13093
-1191848 67108868 1 21283
-1192936 67110912 1 3637
-1193435 1026 1 6451
-1194068 128 1 12979
-1196243 0 2 269 4447
-1203512 33554432 1 150439
-1204952 33554436 1 21517
-1208776 67174400 1 2477
-1210063 4096 2 107 263
-1212340 2 1 60617
-1215727 512 1 39217
-1216615 16386 1 4591
-1216691 524292 1 2381
-1217723 8208 1 1993
-1218083 512 1 39293
-1219640 33554434 1 30491
-1220167 8208 1 1997
-1220584 67108864 2 271 563
-1221755 2 1 244351
-1224484 0 1 306121
-1224803 0 2 479 2557
-1227583 4 2 157 1117
-1230904 33554432 2 251 613
-1232792 33554440 1 14009
-1232836 8 1 28019
-1233103 0 2 131 9413
-1233784 33554496 1 8117
-1236103 8 2 103 1091
-1241051 36 1 10429
-1244920 33554434 1 31123
-1246427 20 1 13697
-1247647 1048608 1 929
-1249448 67117056 1 3323
-1252456 67117056 1 3331
-1252660 2 1 62633
-1253828 0 2 331 947
-1254632 67109376 1 5059
-1256312 33570816 1 2963
-1256536 33554560 1 6829
-1256723 16 1 96671
-1259764 8 1 28631
-1261144 33554496 1 8297
-1262555 6 1 36073
-1263395 6 1 36097
-1269272 33554688 1 5471
-1269899 128 1 55213
-1274459 32768 1 21601
-1274552 33554432 1 159319
-1274555 2 1 254911
-1276472 33554432 2 379 421
-1278196 32 1 18797
-1280771 64 1 67409
-1281092 0 1 320273
-1286555 2 1 257311
-1286863 0 2 227 5669
-1289188 64 1 16963
-1291715 66 1 13597
-1292920 33554434 1 32323
-1297955 4098 1 6037
-1298383 0 2 683 1901
-1299496 67108872 1 14767
-1300952 33554432 2 137 1187
-1301299 2080 1 1867
-1301503 36 1 10937
-1304552 67108864 2 179 911
-1304555 6 1 37273
-1305367 4 1 186481
-1305496 33570816 1 3079
-1312516 0 1 328129
-1313819 16 1 101063
-1315139 4 1 187877
-1319176 67108864 2 269 613
-1320967 0 2 383 3449
-1321108 64 1 17383
-1321924 0 2 563 587
-1324067 0 2 293 4519
-1329755 6 1 37993
-1339667 8388612 1 1973
-1339715 18 1 20611
-1340228 0 1 335057
-1340344 33554432 1 167543
-1341223 16 1 103171
-1343123 0 2 457 2939
-1346824 67108864 1 168353
-1347572 256 1 11617
-1351303 524288 2 107 173
-1357087 512 1 43777
-1357903 8388608 1 13999
-1358483 4 1 194069
-1359256 33554432 2 131 1297
-1359544 33554432 1 169943
-1359967 132 1 8447
-1360379 1024 1 36767
-1360715 262146 1 3833
-1361263 0 2 1061 1283
-1364296 67108864 1 170537
-1364627 8 2 131 947
-1365227 16384 1 25759
-1366183 20 1 15013
-1366403 0 2 571 2393
-1368587 2097160 1 1499
-1370527 16448 1 1361
-1371011 0 2 431 3181
-1372772 0 1 343193
-1373704 67108864 1 171713
-1380467 8 1 125497
-1381139 0 2 109 12671
-1381783 16 1 106291
-1382915 66 1 14557
-1384036 64 1 18211
-1385243 1280 1 1291
-1386452 32 1 20389
-1389635 18 1 21379
-1391896 33554440 1 15817
-1396619 4 2 127 1571
-1397291 4 2 433 461
-1398424 33685504 1 2609
-1399211 8 2 131 971
-1399652 0 1 349913
-1399988 0 2 107 3271
-1402952 67108864 2 157 1117
-1403647 4 2 239 839
-1405547 24 1 9829
-1408303 16 2 127 853
-1413059 0 2 353 4003
-1413796 0 2 571 619
-1415867 256 1 48823
-1416995 2 2 167 1697
-1417208 33554448 1 13627
-1424003 4 1 203429
-1424047 262656 1 647
-1424171 516 1 6563
-1424267 4194320 1 1231
-1431179 288 1 2903
-1440548 2097152 1 4339
-1441336 33554448 1 13859
-1443347 0 2 199 7253
-1446127 65536 2 151 157
-1447043 1048592 1 1409
-1449755 2 1 289951
-1451699 512 1 46829
-1453112 33554432 1 181639
-1454836 0 2 149 2441
-1458211 0 2 829 1759
-1458823 0 2 1187 1229
-1459019 256 1 50311
-1467259 0 2 401 3659
-1467556 0 1 366889
-1469368 33619968 1 3011
-1471327 24 1 10289
-1472291 64 1 77489
-1472723 65540 1 3449
-1472915 2 2 223 1321
-1476755 6 1 42193
-1479563 0 2 991 1493
-1482251 16384 1 27967
-1483067 1048576 1 18773
-1483403 262176 1 1229
-1484263 32776 1 2287
-1484555 2 1 296911
-1485059 8256 1 1663
-1485107 262160 1 1609
-1486472 67108880 1 14293
-1487047 0 2 317 4691
-1488227 16 1 114479
-1489444 8 1 33851
-1489595 130 1 12953
-1489715 2 2 401 743
-1490488 33554432 1 186311
-1491368 67108864 2 277 673
-1491539 2052 1 5197
-1491563 32 1 87739
-1494035 4098 1 6949
-1494244 0 1 373561
-1500755 2 1 300151
-1501163 20971520 1 167
-1504996 0 2 251 1499
-1505912 33554688 1 6491
-1506583 16 1 115891
-1509707 4194304 1 16963
-1509784 33556480 1 4603
-1514267 8519680 1 233
-1516744 67108864 1 189593
-1520164 0 1 380041
-1521443 12 1 19759
-1527755 2 1 305551
-1528327 128 1 66449
-1531352 33685504 1 2857
-1532387 0 2 433 3539
-1533368 33554432 1 191671
-1536452 0 1 384113
-1547540 2 1 77377
-1553123 24 1 10861
-1557251 8224 1 1949
-1558456 33554496 1 10253
-1560155 2 1 312031
-1561211 64 2 127 647
-1566424 33554432 2 103 1901
-1567355 2 1 313471
-1567432 67108864 1 195929
-1567643 12 1 20359
-1569583 0 2 107 14669
-1570355 2 2 127 2473
-1571956 32 1 23117
-1572616 67125248 1 3709
-1578103 0 2 137 11519
-1579748 0 2 107 3691
-1581304 33554432 2 157 1259
-1582739 16384 1 29863
-1585156 0 2 139 2851
-1586003 16779264 1 383
-1586383 0 2 443 3581
-1590563 272 1 4219
-1594091 0 2 113 14107
-1595320 33554434 1 39883
-1596856 33554688 1 6883
-1599256 33558528 1 4649
-1599995 130 1 13913
-1603259 4 1 229037
-1605347 0 2 293 5479
-1605803 32800 1 1601
-1607887 1048576 1 20353
-1608244 8 1 36551
-1610296 33554432 1 201287
-1610740 2 1 80537
-1611683 5120 1 1013
-1616143 0 2 109 14827
-1623703 0 2 151 10753
-1624571 48 1 7351
-1626223 0 2 683 2381
-1627531 512 1 52501
-1627624 67109376 1 6563
-1633012 64 1 21487
-1635847 2097152 1 19709
-1636811 40 1 8753
-1638328 33554432 1 204791
-1639096 33554432 1 204887
-1641343 8 1 149213
-1644904 67108864 2 127 1619
-1645172 64 1 21647
-1645595 6 1 47017
-1652987 132 1 10267
-1653736 67108868 1 29531
-1655387 8192 1 35221
-1656440 33554434 1 41411
-1657412 0 2 131 3163
-1658132 4 1 59219
-1658404 8 1 37691
-1661195 2 2 457 727
-1662139 64 1 87481
-1665371 32 2 163 601
-1666207 4096 1 38749
-1666324 8 1 37871
-1668452 0 1 417113
-1669048 33554432 1 208631
-1672579 32 1 98387
-1673608 67108864 1 209201
-1675288 33554432 2 197 1063
-1678547 16 1 129119
-1680635 10 1 30557
-1681547 4 2 229 1049
-1682888 67108864 1 210361
-1684183 524288 1 23071
-1686419 4 2 103 2339
-1689323 2048 1 41203
-1690628 0 1 422657
-1690859 81920 1 523
-1692632 33554432 2 173 1223
-1693336 33554464 1 12451
-1696564 0 2 197 2153
-1701796 32768 1 7211
-1701847 4 1 243121
-1702303 4194816 1 617
-1703560 67108866 1 42589
-1707124 262144 1 6011
-1707544 33554432 2 461 463
-1708324 0 1 427081
-1709003 526336 1 571
-1714283 65536 2 157 179
-1716995 6 1 49057
-1717955 2 1 343591
-1719571 4 1 245653
-1721236 8 1 39119
-1723835 2 2 109 3163
-1724023 4 1 246289
-1725844 0 2 163 2647
-1727672 33554432 1 215959
-1729547 1048576 1 21893
-1729699 32 1 101747
-1737412 0 1 434353
-1742116 0 1 435529
-1745320 67108866 1 43633
-1747571 4 2 421 593
-1747667 0 2 1223 1429
-1748056 33554432 2 353 619
-1749092 0 1 437273
-1750564 0 1 437641
-1755035 2097154 1 4229
-1755107 128 2 137 557
-1765268 0 2 223 1979
-1766648 33554448 1 16987
-1768120 33554434 1 44203
-1769044 1024 1 11953
-1771667 128 1 77029
-1775560 67108866 1 44389
-1776755 34 1 20903
-1779592 67108864 2 181 1229
-1787524 0 1 446881
-1790260 2 1 89513
-1794899 0 2 607 2957
-1795931 4194336 1 1187
-1796644 0 1 449161
-1802795 16386 1 6803
-1805387 1048576 1 22853
-1805896 67109888 1 6101
-1807060 2 1 90353
-1808312 33554440 1 20549
-1808987 32 1 106411
-1812196 0 2 179 2531
-1813876 0 2 113 4013
-1814795 2097154 1 4373
-1817080 33554434 1 45427
-1817167 8 2 233 709
-1817432 33554432 2 157 1447
-1818571 8192 1 38693
-1818739 528 1 4513
-1819403 0 2 691 2633
-1822523 0 2 653 2791
-1824419 16640 1 1187
-1824491 32 1 107323
-1824995 2 2 383 953
-1826788 0 1 456697
-1828067 2048 1 44587
-1831096 33554432 1 228887
-1834187 0 2 383 4789
-1836808 67108864 1 229601
-1837720 33554434 1 45943
-1839779 0 2 443 4153
-1841044 0 2 149 3089
-1842227 16384 1 34759
-1845992 67141632 1 3911
-1846787 0 2 109 16943
-1847131 24 1 12917
-1847483 8 1 167953
-1848127 512 1 59617
-1848779 1280 1 1723
-1853267 16 1 142559
-1855048 67108880 1 17837
-1856824 33554432 1 232103
-1856867 0 2 127 14621
-1858427 8192 1 39541
-1859896 33554432 1 232487
-1860755 18 1 28627
-1860916 524288 1 6373
-1863827 4 1 266261
-1863992 33554448 1 17923
-1866931 4104 1 3947
-1866955 131074 1 5573
-1870547 4 2 353 757
-1871363 2064 1 3511
-1875544 33554440 1 21313
-1881496 33554432 2 251 937
-1882756 0 1 470689
-1886824 67108864 2 227 1039
-1894996 0 2 227 2087
-1895656 67108868 1 33851
-1899395 1026 1 10267
-1900691 16 2 293 499
-1900888 33554440 1 21601
-1901080 33554434 1 47527
-1905227 524288 1 26099
-1906168 33554440 1 21661
-1909192 67108864 1 238649
-1909955 2 1 381991
-1914803 8 2 109 1597
-1916008 67109888 1 6473
-1919171 64 1 101009
-1919476 16 1 36913
-1922899 520 1 5639
-1923923 0 2 127 15149
-1928692 8192 1 10259
-1934104 33554432 2 419 577
-1934776 33554432 1 241847
-1941587 32 2 181 631
-1945384 67108868 1 34739
-1945715 514 1 12553
-1946152 67108880 1 18713
-1950484 0 2 211 2311
-1951924 16 1 37537
-1955320 33554434 1 48883
-1956148 65536 1 8017
-1956635 2 2 491 797
-1957156 0 2 379 1291
-1958555 2 1 391711
-1958776 33554688 1 8443
-1958920 67108866 1 48973
-1964212 0 2 181 2713
-1966307 4 2 257 1093
-1969355 2 1 393871
-1970819 4096 1 45833
-1973176 33554432 2 157 1571
-1973195 6 1 56377
-1974083 0 2 347 5689
-1976555 6 1 56473
-1978355 2 1 395671
-1978360 33554434 1 49459
-1978819 0 2 709 2791
-1978984 67108868 1 35339
-1984099 16 1 152623
-1985459 4 1 283637
-1986227 0 2 643 3089
-1986616 33554688 1 8563
-1986739 32 1 116867
-1989923 16 1 153071
-1990067 256 2 163 421
-1991627 8 2 331 547
-1993108 16 1 38329
-1994836 128 1 21683
-1996516 0 1 499129
-1997315 2050 1 9743
-2002015 258 1 13807
-2010803 0 2 617 3259
-2013443 128 1 87541
-2014372 0 1 503593
-2015407 8192 2 137 313
-2016904 67174400 1 4133
-2017208 33554432 1 252151
-2017355 524290 1 5527
-2018195 2 2 167 2417
-2020115 514 1 13033
-2022755 6 1 57793
-2023480 33554434 1 50587
-2030635 8194 1 8641
-2030740 2 1 101537
-2030963 8 1 184633
-2031316 4 1 72547
-2033267 8192 1 43261
-2036344 33554496 1 13397
-2040515 32770 1 6917
-2045320 67108866 1 51133
-2045828 0 1 511457
-2045843 4194304 2 127 181
-2046107 4 1 292301
-2046568 67117056 1 5443
-2049784 33554440 1 23293
-2050276 0 1 512569
-2063287 12582912 1 239
-2063716 0 1 515929
-2067707 0 2 881 2347
-2067755 2 1 413551
-2068324 0 1 517081
-2070244 8 1 47051
-2072627 0 2 193 10739
-2072884 8 1 47111
-2073635 2 2 641 647
-2073908 1048576 1 6563
-2075819 160 1 5309
-2076347 20 1 22817
-2076499 32 1 122147
-2076868 0 1 519217
-2080696 33554432 2 179 1453
-2080984 33554432 2 269 967
-2082280 67108866 1 52057
-2085880 33554434 1 52147
-2087555 2 1 417511
-2089883 0 2 541 3863
-2090404 0 1 522601
-2091016 67109120 1 9013
-2092756 256 1 18041
-2098084 0 1 524521
-2103544 33554688 1 9067
-2104715 2 2 509 827
-2108483 32784 1 2749
-2109923 4194304 2 151 157
-2113099 2048 1 51539
-2113427 2112 1 2713
-2115995 6 1 60457
-2116787 0 2 137 15451
-2118155 18 1 32587
-2124203 8454144 1 359
-2126603 128 1 92461
-2127928 33554440 1 24181
-2129411 0 2 557 3823
-2129716 262144 1 7499
-2134051 0 2 229 9319
-2139223 0 2 197 10859
-2142856 67108864 1 267857
-2143291 0 2 131 16361
-2143547 36 1 18013
-2150072 33554432 1 268759
-2152408 33558528 1 6257
-2152699 256 1 74231
-2157931 0 2 239 9029
-2163016 83886080 1 2677
-2163256 33554432 1 270407
-2163619 16384 1 40823
-2167547 2304 1 1823
-2168027 524320 1 1747
-2169016 33554432 1 271127
-2169508 8 1 49307
-2172443 20 1 23873
-2175064 33554560 1 11821
-2176840 67108866 1 54421
-2177483 12 1 28279
-2181028 0 1 545257
-2182171 160 1 5581
-2182783 32 1 128399
-2183315 2097154 1 5261
-2185531 512 1 70501
-2187035 258 1 15083
-2189080 33554434 1 54727
-2189992 67108868 1 39107
-2196451 8224 1 2749
-2199832 35651584 1 3313
-2199976 67117056 1 5851
-2201224 67108864 1 275153
-2202995 2 2 593 743
-2203576 33554432 1 275447
-2211739 4194304 1 24851
-2213027 1048576 2 109 257
-2213723 32 2 107 1217
-2215816 67108864 1 276977
-2216888 33554432 2 181 1531
-2221444 0 1 555361
-2224291 2048 1 54251
-2225843 524288 1 30491
-2226995 2 2 313 1423
-2228680 67108866 1 55717
-2229499 32 2 313 419
-2229803 0 2 179 12457
-2232995 2 2 197 2267
-2236099 2048 1 54539
-2236984 33554496 1 14717
-2238616 33554432 2 461 607
-2239012 0 2 139 4027
-2239828 0 2 313 1789
-2241467 1048608 1 1669
-2241683 262144 1 31573
-2246596 8 1 51059
-2247016 67108928 1 14783
-2249435 2 2 433 1039
-2249539 0 2 467 4817
-2250379 2097216 1 1427
-2250827 0 2 139 16193
-2251355 130 1 19577
-2251531 288 1 4567
-2252356 0 2 139 4051
-2252491 512 1 72661
-2252659 16448 1 2237
-2252776 67108864 2 379 743
-2255416 33554432 1 281927
-2258104 33554432 2 277 1019
-2264795 18 1 34843
-2265028 64 1 29803
-2271844 0 1 567961
-2277923 65536 2 107 349
-2282344 67109376 1 9203
-2283923 128 2 199 499
-2290819 16384 1 43223
-2291627 16 2 409 431
-2295923 524292 1 4493
-2299067 0 2 191 12037
-2299480 33554434 1 57487
-2301604 0 1 575401
-2309176 33554432 1 288647
-2311688 83886080 1 2861
-2319707 16 1 178439
-2321539 8 1 211049
-2324267 8 1 211297
-2326315 262146 1 6553
-2326372 0 2 739 787
-2329427 0 2 911 2557
-2331563 16 1 179351
-2332355 2 2 127 3673
-2332360 67108866 1 58309
-2334035 10 1 42437
-2336363 128 1 101581
-2339843 1032 1 5749
-2341771 512 1 75541
-2345752 33554688 1 10111
-2348155 2 1 469631
-2353163 1024 1 63599
-2354584 37748736 1 3307
-2355784 67108864 2 389 757
-2356936 83886080 1 2917
-2361355 2 2 193 2447
-2362168 33554432 1 295271
-2365043 4096 1 55001
-2365348 64 1 31123
-2373107 8 1 215737
-2380660 2 1 119033
-2382107 20 1 26177
-2384603 32784 1 3109
-2386072 33554448 1 22943
-2386372 0 1 596593
-2388436 0 2 367 1627
-2393140 2 1 119657
-2393315 2 2 127 3769
-2394184 67108880 1 23021
-2394424 33554432 2 229 1307
-2396632 33554436 1 42797
-2397256 67109120 1 10333
-2401163 4160 1 2939
-2404888 33554464 1 17683
-2404939 32 2 241 587
-2404955 6 1 68713
-2407828 4096 1 13999
-2408003 80 1 9749
-2409832 67108864 2 227 1327
-2414987 0 2 167 14461
-2416228 0 1 604057
-2417524 2048 1 14741
-2418788 0 1 604697
-2424515 8388610 1 4999
-2424532 8 1 55103
-2432212 0 2 113 5381
-2438483 8388736 1 1093
-2446427 16896 1 1489
-2446516 64 1 32191
-2447764 8 1 55631
-2449924 0 1 612481
-2450596 0 1 612649
-2455768 33554436 1 43853
-2457844 0 2 743 827
-2458187 0 2 677 3631
-2459779 4 1 351397
-2466715 2 2 619 797
-2467828 8 1 56087
-2469508 0 2 307 2011
-2470084 0 1 617521
-2473288 83886080 1 3061
-2475448 33555456 1 8363
-2475892 1024 1 16729
-2476523 2052 1 8629
-2484355 2 1 496871
-2485291 0 2 269 9239
-2488372 2048 1 15173
-2488739 65544 1 3709
-2490088 67108864 2 149 2089
-2492371 1048580 1 4507
-2493995 6 1 71257
-2500228 0 1 625057
-2501963 128 2 181 601
-2506699 2064 1 4703
-2508323 8388672 1 1361
-2509240 33554434 1 62731
-2509459 0 2 311 8069
-2510611 160 1 6421
-2511619 2056 1 5569
-2514616 33554448 1 24179
-2514979 131072 1 37537
-2516651 0 2 1483 1697
-2516932 8 1 57203
-2518819 0 2 139 18121
-2518840 33554434 1 62971
-2523683 524288 2 181 191
-2524660 2 1 126233
-2524891 96 1 7817
-2527787 0 2 137 18451
-2529880 33554434 1 63247
-2532755 2 1 506551
-2537752 33554436 1 45317
-2537896 67108896 1 18661
-2538683 516 1 11699
-2539720 67108866 1 63493
-2540971 128 1 110477
-2545043 0 2 197 12919
-2548360 67108866 1 63709
-2549944 33554432 1 318743
-2553892 8 1 58043
-2554024 67108872 1 29023
-2559659 0 2 601 4259
-2560084 128 1 27827
-2560411 4 1 365773
-2561371 64 2 113 1193
-2562904 33554688 1 11047
-2564152 33554432 2 197 1627
-2567555 2 1 513511
-2567560 67108866 1 64189
-2569204 8 1 58391
-2569576 67109888 1 8681
-2570788 8 1 58427
-2572120 33554434 1 64303
-2573899 1049088 1 1051
-2578324 4 1 92083
-2581288 67108864 2 229 1409
-2584531 0 2 1523 1697
-2585195 131074 1 7717
-2586851 0 2 401 6451
-2587528 67108864 1 323441
-2588267 40 1 13841
-2588315 2 2 617 839
-2588452 0 1 647113
-2588884 0 2 283 2287
-2590283 128 1 112621
-2591251 8208 1 4241
-2596756 524288 1 8893
-2597752 33554432 2 443 733
-2602643 0 2 953 2731
-2604019 8 1 236729
-2604691 64 1 137089
-2604979 16 1 200383
-2605339 8 2 239 991
-2605684 0 2 337 1933
-2611720 67108866 1 65293
-2614984 67108864 1 326873
-2625451 4096 1 61057
-2626552 33554432 2 397 827
-2627963 528 1 6521
-2630167 8192 2 107 523
-2633179 1024 1 71167
-2633491 4 2 211 1783
-2641144 33554440 1 30013
-2641252 0 2 163 4051
-2642008 33554432 2 131 2521
-2644795 2097154 1 6373
-2646328 33554432 1 330791
-2647771 4 1 378253
-2647864 33554432 1 330983
-2649803 16 2 317 643
-2649832 67112960 1 7703
-2650936 33554432 1 331367
-2658571 0 2 1019 2609
-2659547 2056 1 5897
-2660596 1024 1 17977
-2665336 33554432 2 317 1051
-2668283 0 2 571 4673
-2668787 8 1 242617
-2673784 33554432 2 283 1181
-2673940 2 1 133697
-2674852 0 1 668713
-2674883 32768 1 45337
-2678795 6 1 76537
-2679007 0 2 691 3877
-2683235 1048578 1 6793
-2690452 131072 1 10039
-2691748 0 1 672937
-2693272 33619968 1 5519
-2694083 4 2 409 941
-2694355 2 1 538871
-2698072 33554448 1 25943
-2701732 8 1 61403
-2702299 0 2 139 19441
-2702627 0 2 797 3391
-2704852 2048 1 16493
-2705848 33554432 1 338231
-2706532 131072 1 10099
-2708068 8 1 61547
-2710355 2 1 542071
-2711011 0 2 223 12157
-2713187 10485760 1 337
-2718664 67108880 1 26141
-2720539 65536 2 103 433
-2733256 67108864 2 149 2293
-2735555 34 1 32183
-2742232 33554496 1 18041
-2742328 33554432 1 342791
-2742443 264 1 8597
-2743444 8 1 62351
-2746171 0 2 317 8663
-2755411 32 2 109 1487
-2758648 33554496 1 18149
-2758852 0 1 689713
-2764276 65536 1 11329
-2765027 0 2 1481 1867
-2765843 0 2 107 25849
-2770084 0 1 692521
-2775563 4 1 396509
-2775683 65536 1 45503
-2778772 0 2 131 5303
-2779192 33554448 1 26723
-2781811 540672 1 719
-2788883 2097152 1 33601
-2790472 67108864 2 149 2341
-2793892 0 2 419 1667
-2795779 4 2 347 1151
-2795812 64 1 36787
-2800132 0 2 467 1499
-2806456 33570816 1 6619
-2816584 67108864 1 352073
-2816920 33554434 1 70423
-2820739 0 2 967 2917
-2821480 67108866 1 70537
-2822164 256 1 24329
-2834851 0 2 433 6547
-2835515 34 1 33359
-2837155 8194 1 12073
-2839912 67109120 1 12241
-2840104 67108864 2 109 3257
-2845048 33554432 2 349 1019
-2845171 36 1 23909
-2846728 67108864 1 355841
-2848276 0 2 409 1741
-2850052 0 2 107 6659
-2850139 524288 1 39043
-2850520 33554434 1 71263
-2852536 33554432 1 356567
-2858899 524288 1 39163
-2863012 0 1 715753
-2868979 0 2 1187 2417
-2869763 528 1 7121
-2872339 16777216 1 28439
-2872667 68 1 21599
-2873419 0 2 1109 2591
-2878648 33554432 2 587 613
-2887427 4194304 1 32443
-2889940 2 1 144497
-2890283 8 2 103 2551
-2898347 288 1 5879
-2902036 32 1 42677
-2903368 67108880 1 27917
-2903491 512 2 229 409
-2903555 2 1 580711
-2904904 67108864 2 149 2437
-2910520 33554434 1 72763
-2911171 0 2 199 14629
-2911643 4 1 415949
-2911876 8 1 66179
-2915795 16386 1 11003
-2918011 2048 1 71171
-2922803 16 1 224831
-2932291 0 2 239 12269
-2933272 33554432 2 373 983
-2936536 33554432 2 593 619
-2939032 33554560 1 15973
-2940691 528 1 7297
-2941907 1152 1 3457
-2950355 2 1 590071
-2950840 33554434 1 73771
-2951992 33554496 1 19421
-2954392 33554436 1 52757
-2956696 33554560 1 16069
-2957476 0 1 739369
-2957539 2097168 1 2741
-2963387 4 1 423341
-2976436 2048 1 18149
-2976808 67108864 2 233 1597
-2977288 67174400 1 6101
-2978755 18 1 45827
-2984440 33554434 1 74611
-2987572 4 1 106699
-2995291 16 2 113 2039
-2995915 18 1 46091
-2997107 128 2 311 419
-2998411 16 1 230647
-3000139 0 2 647 4637
-3003355 2097154 1 7237
-3004408 33554440 1 34141
-3009227 16 1 231479
-3015604 64 1 39679
-3015691 132 1 18731
-3016948 8 1 68567
-3019315 18 1 46451
-3027688 67108928 1 19919
-3029188 0 1 757297
-3030827 0 2 1613 1879
-3030859 16 1 233143
-3033259 32 2 113 1579
-3057019 4 1 436717
-3068387 4 1 438341
-3068971 65536 1 50311
-3071668 16384 1 14489
-3072091 72 1 14699
-3072712 67108864 1 384089
-3074488 33554432 2 227 1693
-3078443 32768 1 52177
-3079192 33554432 2 151 2549
-3080116 16 1 59233
-3080344 33554560 1 16741
-3082411 0 2 109 28279
-3083956 262144 1 10859
-3083987 1056 1 4903
-3086299 262176 1 2557
-3087592 67108864 2 107 3607
-3091315 130 1 26881
-3092555 34 1 36383
-3094051 1056 1 4919
-3098395 2 2 157 3947
-3098851 8196 1 9419
-3102724 0 1 775681
-3103480 33554434 1 77587
-3105880 33554434 1 77647
-3105931 524288 2 157 271
-3111364 64 1 40939
-3112888 33554432 1 389111
-3115067 1024 1 84191
-3117832 67174400 1 6389
-3119320 33554434 1 77983
-3119603 0 2 191 16333
-3120947 262144 2 113 389
-3121915 2 2 293 2131
-3121955 2 1 624391
-3124948 0 2 569 1373
-3131512 33554432 2 197 1987
-3132040 67108866 1 78301
-3132835 2097154 1 7549
-3133043 64 2 269 613
-3136363 512 1 101173
-3137555 2 1 627511
-3140059 16 1 241543
-3142307 4 2 593 757
-3163459 16 1 243343
-3165827 4 2 617 733
-3168964 0 1 792241
-3173027 24 1 22189
-3175819 2304 1 2671
-3178043 8 1 288913
-3193699 0 2 349 9151
-3194392 33556480 1 9739
-3196660 2 1 159833
-3197179 4096 1 74353
-3198499 32 1 188147
-3209627 16512 1 2633
-3215779 4 1 459397
-3219640 33554434 1 80491
-3224932 0 1 806233
-3225355 6 1 92153
-3227923 0 2 1373 2351
-3232099 16400 1 4691
-3233971 80 1 13093
-3235051 0 2 1511 2141
-3235252 0 2 107 7559
-3236491 128 1 140717
-3239752 67108864 1 404969
-3239944 67108864 2 173 2341
-3246664 67174400 1 6653
-3249304 33554496 1 21377
-3255955 2 1 651191
-3262552 33562624 1 8677
-3263188 0 2 347 2351
-3266404 64 1 42979
-3272827 0 2 1229 2663
-3279592 67108864 2 109 3761
-3282331 16 2 163 1549
-3283547 8388608 1 33851
-3290296 33554432 1 411287
-3293747 1048576 2 173 241
-3295763 256 1 113647
-3296611 0 2 461 7151
-3297268 16 1 63409
-3298072 33554432 2 173 2383
-3299752 67141632 1 6991
-3302059 16384 1 62303
-3307531 8192 1 70373
-3311272 67108864 2 599 691
-3313972 0 2 331 2503
-3314404 0 1 828601
-3320248 33554432 1 415031
-3320536 33554432 2 269 1543
-3321635 2 2 113 5879
-3321784 33554432 2 277 1499
-3325172 0 2 389 2137
-3326212 0 1 831553
-3326723 2097152 2 149 269
-3326728 67108864 2 389 1069
-3328555 8388610 1 6863
-3328651 32 2 103 1901
-3335795 2 2 163 4093
-3337720 33554434 1 83443
-3341368 33554432 1 417671
-3342280 67108866 1 83557
-3344932 0 1 836233
-3345563 16 1 257351
-3348499 12 1 43487
-3351571 1024 1 90583
-3353956 64 1 44131
-3355588 0 1 838897
-3359848 67112960 1 9767
-3363563 4 1 480509
-3367003 544 1 6389
-3368395 2 2 163 4133
-3368555 2097154 1 8117
-3372280 33554434 1 84307
-3372568 33619968 1 6911
-3375235 2 2 433 1559
-3376708 0 2 163 5179
-3377032 67108864 1 422129
-3377755 2 1 675551
-3378323 16 2 151 1721
-3383188 0 2 173 4889
-3385528 33554432 1 423191
-3385912 33685504 1 6317
-3387640 33554434 1 84691
-3389572 0 1 847393
-3390052 2097152 1 10211
-3392008 67108864 1 424001
-3392440 33554434 1 84811
-3395251 2048 1 82811
-3396323 4 2 547 887
-3398392 33554432 2 149 2851
-3401179 0 2 179 19001
-3403528 67108864 1 425441
-3403963 1024 2 197 467
-3407860 2 1 170393
-3409480 67108866 1 85237
-3409883 1024 2 157 587
-3410755 2 1 682151
-3413608 67108872 1 38791
-3415672 33554448 1 32843
-3416635 258 1 23563
-3416884 64 1 44959
-3421123 4096 1 79561
-3421651 0 2 557 6143
-3422027 4 1 488861
-3423827 264 1 10733
-3426628 0 2 139 6163
-3427555 2 1 685511
-3429827 0 2 761 4507
-3433480 67108866 1 85837
-3434260 2 1 171713
-3437539 4 2 683 719
-3439531 2048 1 83891
-3446131 32784 1 4493
-3446803 128 1 149861
-3451768 33554496 1 22709
-3455272 67108864 2 521 829
-3456616 67108864 2 503 859
-3456808 67108992 1 18787
-3457051 16 2 431 617
-3462739 4 1 494677
-3463192 33554432 2 193 2243
-3469411 40 1 18553
-3472324 0 1 868081
-3474979 0 2 241 14419
-3475283 2052 1 12109
-3475732 16 1 66841
-3483923 0 2 1117 3119
-3485032 67108864 2 367 1187
-3485752 33558528 1 10133
-3491896 33554496 1 22973
-3493588 4 1 124771
-3497539 64 1 184081
-3498379 524320 1 2819
-3501691 0 2 103 33997
-3504259 8 1 318569
-3506131 544 1 6653
-3506987 8 1 318817
-3508072 67109120 1 15121
-3508315 8194 1 14929
-3510323 32768 1 59497
-3512827 8704 1 2411
-3519587 0 2 311 11317
-3524323 4104 1 7451
-3526408 67125248 1 8317
-3531451 12 1 45863
-3532651 96 1 10937
-3533155 2 1 706631
-3544243 0 2 1321 2683
-3545272 33554432 1 443159
-3548932 0 1 887233
-3550612 16 1 68281
-3550771 516 1 16363
-3551668 0 2 317 2801
-3554104 33619968 1 7283
-3556411 0 2 193 18427
-3557659 4 1 508237
-3558292 0 2 421 2113
-3560131 0 2 179 19889
-3560443 4608 1 2671
-3563267 0 2 953 3739
-3563368 67108864 2 211 2111
-3564040 67108866 1 89101
-3565267 65536 2 211 277
-3566107 32 1 209771
-3567124 8 1 81071
-3570739 32768 1 60521
-3572723 12 1 46399
-3573571 33792 1 1637
-3574264 33554432 2 163 2741
-3575131 4 2 331 1543
-3575755 2 1 715151
-3576139 4 2 641 797
-3580723 524288 2 181 271
-3583547 8 1 325777
-3583768 33554560 1 19477
-3587092 0 2 941 953
-3588328 83886080 1 4441
-3592531 128 2 109 1433
-3597352 67108872 1 40879
-3598043 0 2 347 10369
-3600619 520 1 10559
-3603067 8208 1 5897
-3603115 2 2 163 4421
-3606436 0 2 571 1579
-3607051 4 1 515293
-3614155 2 2 293 2467
-3616411 0 2 1223 2957
-3618328 33554436 1 64613
-3622907 0 2 307 11801
-3625912 33554432 1 453239
-3627592 67108864 2 277 1637
-3628312 34603008 1 5741
-3629476 0 1 907369
-3631891 0 2 521 6971
-3633323 256 1 125287
-3641908 0 2 109 8353
-3642292 0 2 179 5087
-3642628 8 1 82787
-3642811 32 1 214283
-3646948 0 1 911737
-3647704 33554432 2 617 739
-3650371 0 2 1657 2203
-3653032 67108864 2 179 2551
-3658699 8 2 131 2539
-3660331 64 2 383 503
-3663019 256 1 126311
-3663379 0 2 293 12503
-3664708 0 1 916177
-3664840 67108866 1 91621
-3665764 0 1 916441
-3670307 512 2 197 601
-3670948 0 1 917737
-3676123 8 2 179 1867
-3677155 2 1 735431
-3677272 33554432 2 673 683
-3686824 67108896 1 27109
-3690595 2097154 1 8893
-3693811 40 1 19753
-3694408 67108864 1 461801
-3697348 0 1 924337
-3698851 16 1 284527
-3699448 33554432 2 163 2837
-3702083 12 1 48079
-3703240 67108866 1 92581
-3709195 6 1 105977
-3711508 32 1 54581
-3725491 12 1 48383
-3727603 8 2 317 1069
-3729947 80 1 15101
-3730456 33554432 2 317 1471
-3731092 32 1 54869
-3732227 1088 1 5309
-3736963 1024 1 100999
-3739012 0 1 934753
-3741931 0 2 151 24781
-3744712 67109120 1 16141
-3745579 0 2 1301 2879
-3748132 0 1 937033
-3752515 18 1 57731
-3753467 8192 1 79861
-3753544 67108864 1 469193
-3756259 16 2 283 1021
-3759064 33619968 1 7703
-3759748 4096 1 21859
-3763315 32770 1 12757
-3766667 0 2 433 8699
-3767731 8 1 342521
-3774259 2098176 1 1229
-3775747 0 2 241 15667
-3775828 4 1 134851
-3780107 64 1 198953
-3781240 33554434 1 94531
-3786163 0 2 1531 2473
-3796132 0 1 949033
-3800251 20 1 41761
-3800392 67109120 1 16381
-3810595 2 2 283 2693
-3811012 0 1 952753
-3811067 262160 1 4129
-3812683 65540 1 8929
-3814072 33554432 1 476759
-3815512 33554432 2 241 1979
-3815803 32 2 193 1163
-3818644 128 1 41507
-3818995 524290 1 10463
-3821080 33554434 1 95527
-3821515 34 1 44959
-3824371 160 1 9781
-3824507 32 2 367 613
-3825172 16 1 73561
-3827995 2 2 103 7433
-3830212 0 1 957553
-3833603 0 2 467 8209
-3836971 0 2 1319 2909
-3837595 2 2 743 1033
-3839371 4194304 2 179 241
-3844939 2052 1 13397
-3846712 33554432 1 480839
-3853480 67108866 1 96337
-3854707 0 2 853 4519
-3855499 64 1 202921
-3857752 33554432 2 127 3797
-3857899 256 2 151 881
-3858019 8 1 350729
-3863899 2097168 1 3581
-3863947 1056 1 6143
-3865939 12 1 50207
-3867880 67108866 1 96697
-3869560 33554434 1 96739
-3875608 33554440 1 44041
-3876115 2 2 181 4283
-3879352 33554432 2 173 2803
-3879448 33554432 2 239 2029
-3885427 20 1 42697
-3885592 33555456 1 13127
-3887179 278528 1 1033
-3889528 33554496 1 25589
-3892043 0 2 181 21503
-3894091 8448 1 2857
-3900571 0 2 821 4751
-3907252 524288 1 13381
-3913828 0 1 978457
-3923188 0 2 131 7487
-3923747 8388672 1 2129
-3929080 33554434 1 98227
-3935419 512 1 126949
-3937732 0 2 643 1531
-3937768 67112960 1 11447
-3942811 1048832 1 1721
-3943891 4 1 563413
-3946171 20971520 1 439
-3948107 0 2 113 34939
-3950728 67109120 1 17029
-3954568 67108864 2 653 757
-3955915 2 2 349 2267
-3956827 4 1 565261
-3958339 12 1 51407
-3960196 0 2 179 5531
-3970132 0 2 461 2153
-3974068 4 1 141931
-3981979 0 2 239 16661
-3982099 8 2 563 643
-3982195 6 1 113777
-3982339 0 2 127 31357
-3988651 64 1 209929
-3990355 2 1 798071
-3991768 33554440 1 45361
-3993988 0 1 998497
-3995419 0 2 389 10271
-3996712 67108864 2 179 2791
-3997411 8 1 363401
-4002292 4 1 142939
-4003771 128 1 174077
-4011928 33554432 2 503 997
-4015387 0 2 1913 2099
-4018547 8208 1 6577
-4023832 33554464 1 29587
-4026331 288 1 8167
-4027195 8194 1 17137
-4028635 18 1 61979
-4028947 2064 1 7559
-4032091 4 1 576013
-4036555 2 2 353 2287
-4038203 80 1 16349
-4045204 0 2 127 7963
-4049147 16448 1 4021
-4049539 1040 1 8419
-4049572 0 2 163 6211
-4053172 0 2 541 1873
-4061848 33554436 1 72533
-4067128 33554448 1 39107
-4068040 67108866 1 101701
-4074052 0 1 1018513
-4074259 4 1 582037
-4075912 67125248 1 9613
-4077379 0 2 113 36083
-4078852 0 1 1019713
-4079812 8 1 92723
-4086388 2048 1 24917
-4086772 0 2 149 6857
-4087699 12 1 53087
-4088308 4 1 146011
-4091851 0 2 509 8039
-4092139 8388608 1 42187
-4094947 0 2 347 11801
-4097659 0 2 181 22639
-4099043 262160 1 4441
-4103755 2 2 277 2963
-4104328 67108864 1 513041
-4110691 16 2 181 1747
-4114132 8 1 93503
-4116331 64 1 216649
-4120372 0 2 233 4421
-4123156 32768 1 17471
-4123459 4194304 2 107 433
-4127035 10 1 75037
-4127267 131072 2 229 269
-4128184 33554432 1 516023
-4128715 8194 1 17569
-4130392 33554436 1 73757
-4135972 0 2 883 1171
-4142563 256 2 211 677
-4145752 33554448 1 39863
-4151515 2 2 577 1439
-4152379 12 1 53927
-4159720 67108866 1 103993
-4163419 48 1 18839
-4168555 2 1 833711
-4172539 32772 1 10103
-4176715 2 2 293 2851
-4187323 4 1 598189
-4187752 67108928 1 27551
-4193755 2 1 838751
-4198840 33554434 1 104971
-4204147 128 1 182789
-4205752 33554432 1 525719
-4210531 16 2 419 773
-4212787 32 1 247811
-4222276 32768 1 17891
-4225459 524292 1 8269
-4228819 4 2 389 1553
-4229683 264192 1 1453
-4231732 16384 1 19961
-4235491 16 1 325807
-4244803 0 2 733 5791
-4244995 130 1 36913
-4247608 35651584 1 6397
-4248827 40 1 22721
-4249699 16384 2 181 443
-4261003 128 2 229 809
-4262515 2 2 571 1493
-4263355 2 1 852671
-4265059 65792 1 2411
-4266280 67108866 1 106657
-4267960 33554434 1 106699
-4274627 4 1 610661
-4275832 33554440 1 48589
-4284955 2 2 337 2543
-4288723 2304 1 3607
-4292488 67108864 1 536561
-4293859 0 2 439 9781
-4294195 4098 1 19973
-4294312 67108872 1 48799
-4296772 0 2 307 3499
-4300243 0 2 139 30937
-4301848 33554432 2 269 1999
-4308232 67108864 1 538529
-4312456 67174400 1 8837
-4316392 67108864 2 709 761
-4316491 0 2 277 15583
-4326323 128 2 137 1373
-4327195 131074 1 12917
-4328008 67108864 1 541001
-4330372 0 1 1082593
-4330939 65536 1 70999
-4331131 32772 1 10487
-4332052 0 2 439 2467
-4334548 0 2 491 2207
-4334968 33554440 1 49261
-4336195 16386 1 16363
-4339432 67108864 2 313 1733
-4342147 262272 1 2659
-4348219 8388736 1 1949
-4349368 33554432 1 543671
-4354651 2052 1 15173
-4359859 8388612 1 6421
-4364243 80 1 17669
-4365331 128 1 189797
-4366132 2097152 1 13151
-4372468 32 1 64301
-4379572 0 2 409 2677
-4384459 64 1 230761
-4390987 0 2 137 32051
-4396067 16 1 338159
-4397731 16 1 338287
-4397752 33554432 1 549719
-4397755 2097154 1 10597
-4399912 67108872 1 49999
-4409419 524292 1 8629
-4412632 33554436 1 78797
-4415027 0 2 421 10487
-4418548 16777216 1 10937
-4422520 33554434 1 110563
-4427779 16448 1 4397
-4427908 0 1 1106977
-4431571 128 1 192677
-4432612 4096 1 25771
-4433251 64 1 233329
-4434859 24 1 31013
-4435768 33554432 2 139 3989
-4439659 4 1 634237
-4440628 2048 1 27077
-4440859 32 2 239 1093
-4444468 4 1 158731
-4446712 33587200 1 9421
-4456531 0 2 211 21121
-4457419 64 2 379 619
-4462408 67108864 1 557801
-4464707 32784 1 5821
-4465043 264 1 13997
-4466755 2 1 893351
-4468195 34 1 52567
-4468648 67108928 1 29399
-4469179 24 1 31253
-4469371 8192 1 95093
-4490083 144 1 15017
-4494283 0 2 797 5639
-4496011 16 2 317 1091
-4496419 16777216 1 44519
-4496515 2 2 373 2411
-4497163 40 1 24049
-4501492 0 2 179 6287
-4502968 33554432 1 562871
-4507795 2 2 103 8753
-4512691 0 2 127 35533
-4513912 33554448 1 43403
-4518451 4 1 645493
-4522552 33554432 1 565319
-4534507 0 2 881 5147
-4534888 67108864 2 359 1579
-4534948 8 1 103067
-4538548 4 1 162091
-4539928 33554432 2 461 1231
-4541179 2097152 1 54713
-4541560 33554434 1 113539
-4543843 1048576 2 113 509
-4545755 2 1 909151
-4545763 0 2 1979 2297
-4546312 67108864 1 568289
-4557787 16 2 229 1531
-4558363 1056 1 7247
-4560328 67108864 1 570041
-4564408 33554496 1 30029
-4564555 2 1 912911
-4565611 4198400 1 1193
-4565779 0 2 1231 3709
-4570819 8 2 193 2153
-4573315 2 2 257 3559
-4578739 8 1 416249
-4580707 262144 2 149 433
-4581019 10485760 1 569
-4585435 2 2 401 2287
-4585912 33554432 2 269 2131
-4588027 0 2 487 9421
-4590883 520 1 13463
-4591915 2 2 311 2953
-4592212 0 2 151 7603
-4593715 6 1 131249
-4594291 16 2 157 2251
-4596619 128 1 199853
-4599203 4 1 657029
-4599955 2 2 673 1367
-4600699 4096 1 106993
-4601203 32 1 270659
-4605091 0 2 2131 2161
-4612360 67108866 1 115309
-4615108 0 1 1153777
-4616488 67108864 2 347 1663
-4616632 33587200 1 9781
-4617667 512 1 148957
-4620955 2 1 924191
-4622155 2 1 924431
-4624708 8 1 105107
-4624795 6 1 132137
-4625155 2 2 173 5347
-4626211 16384 2 191 457
-4626328 33554436 1 82613
-4628611 16 2 463 769
-4629811 0 2 151 30661
-4630840 33554434 1 115771
-4631971 0 3 157 163 181
-4632571 16384 1 87407
-4633051 128 1 201437
-4633528 33554432 2 107 5413
-4636132 131072 1 17299
-4639240 67108866 1 115981
-4641331 128 1 201797
-4642195 2 2 107 8677
-4644739 8 1 422249
-4645672 67371008 1 8179
-4646611 0 2 431 10781
-4651588 0 1 1162897
-4657720 33554434 1 116443
-4660312 33554464 1 34267
-4662088 67108864 1 582761
-4664179 16 1 358783
-4666939 0 2 683 6833
-4669003 576 1 7927
-4685851 0 2 107 43793
-4688971 4 1 669853
-4689172 0 2 293 4001
-4690907 524304 1 4943
-4696171 16384 1 88607
-4699108 0 2 179 6563
-4700452 131072 1 17539
-4704232 67108880 1 45233
-4704739 16 1 361903
-4709131 68 1 35407
-4711891 8448 1 3457
-4712488 67108872 1 53551
-4724603 16 1 363431
-4725955 18 1 72707
-4733731 512 2 311 491
-4734451 8192 1 100733
-4736995 8388610 1 9767
-4756408 33554432 1 594551
-4765435 2 2 211 4517
-4765747 65540 1 11161
-4766467 512 1 153757
-4769995 2 2 193 4943
-4776571 8388736 1 2141
-4780099 256 1 164831
-4783403 0 2 113 42331
-4783912 67108868 1 85427
-4784923 24 1 33461
-4785796 64 1 62971
-4789163 262144 1 67453
-4792852 0 2 163 7351
-4804648 67112960 1 13967
-4808731 0 2 677 7103
-4809592 33554688 1 20731
-4810555 1026 1 26003
-4821268 32 1 70901
-4822372 0 2 131 9203
-4825171 16 2 239 1553
-4825579 8 2 193 2273
-4829803 4104 1 10211
-4832371 0 2 257 18803
-4832488 67108896 1 35533
-4832920 33554434 1 120823
-4838755 2 1 967751
-4842499 0 3 107 167 271
-4846267 81920 1 1499
-4846411 8388640 1 2939
-4846699 24 1 33893
-4848379 12288 1 2399
-4848904 67108864 1 606113
-4852948 0 2 103 11779
-4854568 67108864 2 239 2539
-4857667 4096 2 173 653
-4861528 33554436 1 86813
-4864840 67108866 1 121621
-4870003 0 2 331 14713
-4875019 0 2 271 17989
-4883131 40 1 26113
-4884388 0 1 1221097
-4884587 4456448 1 773
-4884955 2 1 976991
-4886932 0 2 353 3461
-4889011 0 2 653 7487
-4890088 67108868 1 87323
-4894531 0 2 271 18061
-4897723 256 1 168887
-4898692 0 1 1224673
-4900243 1024 1 132439
-4903363 66048 1 2593
-4904179 4 1 700597
-4904635 130 1 42649
-4905412 0 1 1226353
-4908040 67108866 1 122701
-4910011 1024 2 131 1013
-4916728 33685504 1 9173
-4922587 16384 2 131 709
-4926979 131072 2 151 487
-4929955 2 1 985991
-4933108 32768 1 20903
-4937080 33554434 1 123427
-4941091 1024 1 133543
-4941112 33554440 1 56149
-4943131 8192 1 105173
-4943395 2 2 257 3847
-4946680 33554434 1 123667
-4953691 0 2 1327 3733
-4955428 64 1 65203
-4957603 4 1 708229
-4958116 0 1 1239529
-4962472 67174400 1 10169
-4967443 16 2 139 2749
-4972603 2048 1 121283
-4974043 512 1 160453
-4974931 48 1 22511
-4975699 0 2 389 12791
-4978171 72 1 23819
-4981627 4 2 109 6529
-4982299 4 1 711757
-4988395 34 1 58687
-4988707 0 2 1951 2557
-4991032 33554432 1 623879
-4991092 128 1 54251
-4992808 67108864 2 281 2221
-4995928 33554436 1 89213
-4997731 8519680 1 769
-5003803 516 1 23059
-5008648 67109120 1 21589
-5010595 131074 1 14957
-5011588 0 1 1252897
-5018267 0 2 337 14891
-5021080 33554434 1 125527
-5022115 6 1 143489
-5022568 67109120 1 21649
-5023348 8 1 114167
-5023771 2112 1 6449
-5023795 6 1 143537
-5025835 2 2 443 2269
-5028403 0 2 887 5669
-5029651 8 1 457241
-5032228 32768 1 21323
-5032372 0 2 397 3169
-5034355 130 1 43777
-5049715 10 1 91813
-5050219 64 2 157 1693
-5058931 0 2 167 30293
-5062123 8 2 307 1499
-5062948 8 1 115067
-5072152 33554432 2 257 2467
-5073235 2 2 739 1373
-5073835 18 1 78059
-5081947 16 2 223 1753
-5086939 24 1 35573
-5087683 0 2 1289 3947
-5091112 67108880 1 48953
-5094907 64 1 268153
-5096548 0 1 1274137
-5101699 128 1 221813
-5106280 67108866 1 127657
-5112619 0 2 251 20369
-5115268 0 1 1278817
-5115832 33554688 1 22051
-5116948 128 1 55619
-5117368 33554432 1 639671
-5118451 16 1 393727
-5119243 0 3 127 173 233
-5122555 2 1 1024511
-5126452 32 1 75389
-5136499 524320 1 4139
-5138872 33554432 1 642359
-5148595 2 2 197 5227
-5150776 33554432 1 643847
-5151523 16 2 223 1777
-5163739 32772 1 12503
-5163748 0 1 1290937
-5164372 0 2 383 3371
-5167555 2 2 937 1103
-5169859 8448 1 3793
-5176099 0 2 787 6577
-5186467 24 1 36269
-5187592 67108864 1 648449
-5195707 8 2 331 1427
-5195731 4194304 1 58379
-5196571 0 2 1153 4507
-5197387 16 2 541 739
-5198659 0 2 829 6271
-5199235 2 2 547 1901
-5202115 2 2 307 3389
-5204147 8388624 1 4127
-5207443 1048832 1 2273
-5207812 32768 1 22067
-5208955 2 2 727 1433
-5212792 33554448 1 50123
-5214451 8 2 109 4349
-5217187 256 1 179903
-5223595 18 1 80363
-5224132 0 1 1306033
-5228803 1024 1 141319
-5229352 67108864 2 127 5147
-5234155 8194 1 22273
-5238499 36 1 44021
-5239067 8388608 1 54011
-5240027 16 1 403079
-5246068 512 1 42307
-5246131 8 1 476921
-5246899 4 1 749557
-5250499 0 2 283 18553
-5253352 67108880 1 50513
-5261752 33554432 1 657719
-5264467 16 1 404959
-5268523 32784 1 6869
-5269636 0 1 1317409
-5270491 4194304 1 59219
-5273467 0 2 353 14939
-5286787 264 1 16573
-5287915 2 2 181 5843
-5292331 8 2 149 3229
-5294872 33554440 1 60169
-5299147 4 2 641 1181
-5307067 0 2 587 9041
-5308891 65540 1 12433
-5310211 0 3 149 157 227
-5310955 18 1 81707
-5311123 32 2 151 2069
-5315843 16 1 408911
-5316868 0 1 1329217
-5325067 264 1 16693
-5326867 20 1 58537
-5328067 0 2 137 38891
-5328499 8 2 103 4703
-5328715 6 1 152249
-5330851 65536 2 281 311
-5332267 0 2 1129 4723
-5333995 2097154 1 12853
-5335411 131072 1 79633
-5337352 67108864 2 709 941
-5339683 288 1 10831
-5346331 0 2 349 15319
-5347763 0 2 223 23981
-5349403 0 2 1667 3209
-5350627 0 2 2251 2377
-5351395 6 1 152897
-5356948 0 2 241 5557
-5358088 67125248 1 12637
-5358292 0 2 1049 1277
-5372872 67108864 1 671609
-5376307 0 2 223 24109
-5376859 0 2 1811 2969
-5382619 8 1 489329
-5385892 64 1 70867
-5392243 4198400 1 1409
-5397115 2 2 137 7879
-5398612 0 2 1109 1217
-5401411 0 2 881 6131
-5403652 0 2 179 7547
-5408227 40 1 28921
-5408440 33554434 1 135211
-5410915 66 1 56957
-5411923 136 1 21391
-5413732 0 1 1353433
-5419315 10 1 98533
-5422795 6 1 154937
-5424952 33554448 1 52163
-5426491 4 2 173 4481
-5429395 4098 1 25253
-5431963 0 2 461 11783
-5433955 2 1 1086791
-5435515 2 2 227 4789
-5437603 32 2 499 641
-5438008 33554432 1 679751
-5439211 256 1 187559
-5442868 32768 1 23063
-5445595 130 1 47353
-5452792 33554432 2 421 1619
-5455243 9216 1 3137
-5459812 0 1 1364953
-5460931 4 2 157 4969
-5461768 67108880 1 52517
-5468632 33554448 1 52583
-5469955 2 1 1093991
-5470291 512 1 176461
-5479267 128 1 238229
-5489155 6 1 156833
-5492107 256 2 229 827
-5519992 33554432 2 251 2749
-5526187 8388736 1 2477
-5527288 33554448 1 53147
-5528395 130 1 48073
-5543752 67108864 1 692969
-5547259 2112 1 7121
-5549755 2 1 1109951
-5551252 4 1 198259
-5552635 10 1 100957
-5559211 4 1 794173
-5564107 0 3 107 149 349
-5564452 0 1 1391113
-5568628 16 1 107089
-5571595 2 2 643 1733
-5573155 6 1 159233
-5582488 33554432 2 307 2273
-5585923 4 2 109 7321
-5598088 67108864 1 699761
-5607331 160 1 14341
-5618488 33554432 1 702311
-5619355 6 1 160553
-5623243 131104 1 4937
-5627683 0 2 1297 4339
-5632099 8 1 512009
-5638339 36 1 47381
-5641288 67108864 1 705161
-5643547 20 1 62017
-5645032 67108864 2 263 2683
-5650267 4 1 807181
-5656291 544 1 10733
-5656483 2052 1 19709
-5660488 67108864 1 707561
-5661883 0 2 1907 2969
-5664955 2 1 1132991
-5667115 2 2 241 4703
-5671555 2 1 1134311
-5671768 33554432 2 449 1579
-5672899 0 2 241 23539
-5674043 0 2 1409 4027
-5683588 32768 1 24083
-5691688 67108864 2 131 5431
-5693059 0 2 617 9227
-5693347 8 1 517577
-5694280 67108866 1 142357
-5694355 2 2 103 11057
-5701267 24 1 39869
-5708947 0 2 1217 4691
-5723908 0 2 163 8779
-5727403 8 2 479 1087
-5728915 34 1 67399
-5738632 67108864 2 109 6581
-5739187 524544 1 2711
-5739523 32 2 283 1193
-5748628 0 2 491 2927
-5753683 16 2 103 4297
-5754283 64 1 302857
-5756419 8192 1 122477
-5773051 4096 1 134257
-5777395 18 1 88883
-5778307 512 1 186397
-5784883 16 2 479 929
-5792059 20 1 63649
-5792488 67108880 1 55697
-5794531 0 2 379 15289
-5795668 0 2 379 3823
-5797555 2 2 997 1163
-5797771 132 1 36011
-5802187 128 2 347 727
-5812747 0 2 421 13807
-5815492 4096 1 33811
-5816587 4 2 269 3089
-5818168 33554432 1 727271
-5823427 0 2 2351 2477
-5825083 8 2 173 3061
-5826472 67108864 2 197 3697
-5830840 33554434 1 145771
-5838955 2 1 1167791
-5841592 33554432 1 730199
-5848195 2 2 283 4133
-5853112 33554432 1 731639
-5854468 0 1 1463617
-5858083 12 1 76079
-5858395 1026 1 31667
-5866312 67108864 1 733289
-5867491 32772 1 14207
-5870008 33554432 1 733751
-5880232 67108896 1 43237
-5881912 33554432 1 735239
-5885923 1024 1 159079
-5887060 2 1 294353
-5887667 256 1 203023
-5887828 0 2 331 4447
-5888248 33558528 1 17117
-5892859 4 2 179 4703
-5900899 0 2 919 6421
-5913595 2 2 677 1747
-5913715 514 1 38153
-5914939 262144 2 227 367
-5917483 24 1 41381
-5919115 131074 1 17669
-5921752 33554432 2 109 6791
-5926267 0 2 1319 4493
-5933272 33554464 1 43627
-5939923 8 1 539993
-5939971 0 2 1669 3559
-5943835 2 2 487 2441
-5949931 16 1 457687
-5950747 1032 1 14621
-5950771 256 2 157 1307
-5952955 2 1 1190591
-5956387 0 2 103 57829
-5958955 130 1 51817
-5959987 8 1 541817
-5960131 0 2 1019 5849
-5963332 0 1 1490833
-5963443 524288 2 151 541
-5965012 64 1 78487
-5966248 67108864 2 337 2213
-5966251 0 2 173 34487
-5968003 32 1 351059
-5975131 256 1 206039
-5983828 0 2 151 9907
-5991448 33558528 1 17417
-5991955 2 2 257 4663
-5993080 33554434 1 149827
-5994955 2 1 1198991
-6001192 67108864 2 103 7283
