-91079
-120623
-128159
-140663
-154991
-169823
-171079
-173807
-189439
-199583
-205223
-214639
-266663
-358103
-360391
-366631
-376759
-386119
-400823
-402383
-420367
-458327
-490619
-505159
-508951
-522059
-582251
-583543
-599623
-649087
-650567
-668939
-680651
-714223
-716531
-719791
-748207
-799807
-837439
-873419
-893147
-901687
-915251
-938263
-943183
-1001983
-1008131
-1010431
-1013003
-1027139
-1048063
-1061171
-1067939
-1071443
-1073243
-1076263
-1078331
-1106767
-1135663
-1136339
-1139143
-1147043
-1157531
-1171811
-1184047
-1237567
-1254971
-1256659
-1263463
-1326343
-1350127
-1385099
-1391363
-1394147
-1394747
-1400051
-1422103
-1477043
-1480663
-1565027
-1594283
-1607699
-1636043
-1641131
-1705051
-1730147
-1750379
-1770331
-1773227
-1787459
-1790531
-1816403
-1818923
-1862251
-1870651
-1898047
-1915163
-1916531
-1931339
-1939787
-1961963
-1966819
-1999819
-2035667
-2042851
-2045987
-2078723
-2082499
-2082827
-2085803
-2109011
-2114023
-2150527
-2178739
-2194883
-2205451
-2235683
-2244499
-2247379
-2254531
-2272691
-2277823
-2290619
-2297483
-2298707
-2304563
-2307467
-2319179
-2333867
-2353187
-2405867
-2417027
-2426059
-2461891
-2488067
-2491523
-2496803
-2498971
-2519131
-2528243
-2534627
-2545651
-2549387
-2575523
-2598859
-2603059
-2607347
-2609963
-2623939
-2627483
-2645507
-2646659
-2647459
-2657731
-2665771
-2667611
-2670667
-2680427
-2725819
-2768483
-2822723
-2889923
-2890883
-2902187
-2913139
-2914579
-2941699
-2984131
-3029731
-3041603
-3089539
-3091579
-3107803
-3120107
-3123403
-3161611
-3190051
-3197723
-3200779
-3208771
-3224491
-3230963
-3249443
-3284851
-3313787
-3324323
-3330211
-3336323
-3386611
-3388907
-3393619
-3409339
-3419483
-3446731
-3477499
-3484171
-3490819
-3513019
-3546259
-3554611
-3579523
-3607411
-3611059
-3618403
-3659371
-3665419
-3668851
-3691403
-3718027
-3719011
-3724403
-3741211
-3761123
-3773491
-3789139
-3790763
-3792091
-3825683
-3854027
-3873379
-3876203
-3884899
-3885347
-3890387
-3894587
-3920179
-3947131
-3986971
-3996323
-4026859
-4062451
-4067611
-4098571
-4156531
-4184347
-4211267
-4219099
-4246771
-4252819
-4263739
-4287667
-4290331
-4326643
-4351187
-4355971
-4360579
-4365931
-4380547
-4391851
-4410499
-4431187
-4435643
-4463971
-4476379
-4485043
-4507651
-4566979
-4585459
-4600291
-4608787
-4614499
-4624579
-4642163
-4644347
-4650883
-4664323
-4734547
-4737923
-4748827
-4749691
-4766371
-4799251
-4806323
-4817779
-4824619
-4880203
-5014267
-5053771
-5115379
-5143339
-5157947
-5188219
-5220091
-5308531
-5309179
-5324227
-5327723
-5328331
-5331019
-5340763
-5379931
-5382907
-5383627
-5415499
-5436979
-5477371
-5498203
-5516011
-5554603
-5559331
-5598907
-5637427
-5681227
-5700451
-5710699
-5713963
-5716699
-5722459
-5744659
-5755579
-5777963
-5780227
-5790067
-5791171
-5820739
-5884531
-5887507
-5907259
-5976547
-5997091
-5998171
-6005899
