-69359 4096 1 1613
-81479 32768 1 1381
-91271 0 2 107 853
-105839 0 2 109 971
-107231 0 2 157 683
-112319 32 1 6607
-113831 4194304 1 1279
-116711 4 1 16673
-133151 8192 1 2833
-133223 0 2 127 1049
-138503 4096 1 3221
-141743 4 1 20249
-163103 0 2 211 773
-175367 512 1 5657
-180199 1048576 1 2281
-183284 0 1 45821
-188447 4 1 26921
-191711 16 1 14747
-213047 64 1 11213
-225047 0 2 313 719
-227807 0 2 157 1451
-232916 0 1 58229
-235604 0 1 58901
-243416 33554432 1 30427
-249511 32768 1 4229
-260839 32768 1 4421
-268399 8388608 1 2767
-268703 0 2 167 1609
-271223 32768 1 4597
-279287 0 2 367 761
-287687 8192 1 6121
-291919 131072 1 4357
-295463 4 1 42209
-296936 67108864 1 37117
-312079 0 2 521 599
-314551 32 1 18503
-319016 67108864 1 39877
-320984 33554432 1 40123
-321439 512 1 10369
-322676 0 1 80669
-323327 0 2 367 881
-341071 32 1 20063
-342743 0 2 233 1471
-342872 33554432 1 42859
-357524 0 1 89381
-359431 32 1 21143
-362063 16 1 27851
-370831 8388608 1 3823
-373471 4 1 53353
-376999 4 1 53857
-379159 8 1 34469
-381263 256 1 13147
-385487 0 2 397 971
-406471 16 1 31267
-419119 0 2 107 3917
-419732 0 1 104933
-432623 4096 1 10061
-436039 0 2 271 1609
-437939 16384 1 8263
-442259 262144 1 6229
-446324 0 1 111581
-446959 128 1 19433
-448015 2 1 89603
-452264 67108864 1 56533
-453751 0 2 587 773
-454207 16 1 34939
-461204 0 1 115301
-464359 4 1 66337
-466904 33554432 1 58363
-472487 8388608 1 4871
-496207 1024 1 13411
-501743 8 1 45613
-506359 4 1 72337
-513512 67108864 1 64189
-515327 0 2 311 1657
-524935 2 1 104987
-530996 0 1 132749
-532711 32768 1 9029
-535508 0 1 133877
-541928 67108864 1 67741
-545047 1024 1 14731
-550931 524288 1 7547
-555199 64 1 29221
-556951 0 2 241 2311
-558247 0 2 151 3697
-559135 2 1 111827
-566119 0 2 271 2089
-568543 0 2 199 2857
-578516 0 1 144629
-579668 0 1 144917
-581623 4 1 83089
-583208 67108864 1 72901
-583735 2 1 116747
-584503 0 2 457 1279
-587911 32 1 34583
-602819 4 1 86117
-606871 0 2 373 1627
-608239 0 2 443 1373
-610471 4096 1 14197
-619352 33554432 1 77419
-625487 512 1 20177
-634231 16 1 48787
-641768 67108864 1 80221
-652436 0 1 163109
-665816 33554432 1 83227
-672419 8 1 61129
-675011 0 2 337 2003
-692791 8 1 62981
-693371 4 1 99053
-696703 4 1 99529
-697279 8 1 63389
-708727 0 2 503 1409
-710699 8 1 64609
-714079 0 2 151 4729
-716603 262144 1 10093
-723323 512 1 23333
-723752 67108864 1 90469
-728459 1048576 1 9221
-736543 0 2 277 2659
-742232 33554432 1 92779
-747559 262144 1 10529
-749599 0 2 587 1277
-751015 2 1 150203
-752119 524288 1 10303
-757303 0 2 229 3307
-758168 33554432 1 94771
-758696 67108864 1 94837
-762452 0 1 190613
-773215 2 1 154643
-773743 128 1 33641
-774415 2 1 154883
-778499 0 2 541 1439
-780271 2048 1 19031
-782888 67108864 1 97861
-783535 2 1 156707
-788623 8 1 71693
-791531 16 1 60887
-791983 0 2 491 1613
-792535 2 1 158507
-797023 0 2 383 2081
-800671 16384 1 15107
-804515 2 1 160903
-806359 65536 1 13219
-807535 2 1 161507
-815219 256 1 28111
-821588 0 1 205397
-824411 4 1 117773
-825487 16 1 63499
-825908 0 1 206477
-825967 0 2 293 2819
-827647 262144 1 11657
-840583 0 2 103 8161
-845335 2 1 169067
-852968 67108864 1 106621
-853096 67108864 1 106637
-863023 4 1 123289
-866359 16 1 66643
-869672 67108864 1 108709
-876632 33554432 1 109579
-881819 0 2 241 3659
-897044 0 1 224261
-898447 8 1 81677
-899339 4 1 128477
-901259 0 2 743 1213
-903796 0 1 225949
-907736 33554432 1 113467
-907931 0 2 157 5783
-911192 33554432 1 113899
-913903 32 1 53759
-924923 0 2 271 3413
-928615 2 1 185723
-938339 512 1 30269
-945368 33554432 1 118171
-953527 1024 1 25771
-958087 16 1 73699
-959828 0 1 239957
-961591 0 2 233 4127
-962551 2097152 1 11597
-968372 0 1 242093
-968483 0 2 131 7393
-969539 0 2 103 9413
-976663 0 2 607 1609
-977972 0 1 244493
-978136 33554432 1 122267
-978563 0 2 491 1993
-993847 0 2 103 9649
-995891 16 1 76607
-996059 262144 1 14029
-997748 0 1 249437
-1011007 32 1 59471
-1022983 16 1 78691
-1035668 0 1 258917
-1039903 0 2 173 6011
-1046228 0 1 261557
-1047967 0 2 619 1693
-1053611 16 1 81047
-1054687 0 2 181 5827
-1067051 512 1 34421
-1076468 0 1 269117
-1084052 0 1 271013
-1084264 67108864 1 135533
-1084568 33554432 1 135571
-1092008 67108864 1 136501
-1092631 0 2 331 3301
-1095179 64 1 57641
-1097167 8388608 1 11311
-1097171 0 2 977 1123
-1098535 2 1 219707
-1102327 0 2 337 3271
-1108084 0 1 277021
-1112116 0 1 278029
-1116251 0 2 131 8521
-1126087 0 2 373 3019
-1130767 8 1 102797
-1134979 0 2 307 3697
-1136891 4 1 162413
-1142987 0 2 211 5417
-1147811 4 1 163973
-1166888 67108864 1 145861
-1167367 512 1 37657
-1167851 0 2 223 5237
-1176664 33554432 1 147083
-1178344 67108864 1 147293
-1180163 0 2 757 1559
-1182803 0 2 947 1249
-1184728 33554432 1 148091
-1190099 0 2 727 1637
-1192063 0 2 311 3833
-1194419 0 2 181 6599
-1199147 64 1 63113
-1217267 0 2 719 1693
-1221419 1048576 1 15461
-1222327 64 1 64333
-1228207 0 2 149 8243
-1229407 0 2 829 1483
-1232287 4 1 176041
-1234451 512 1 39821
-1236779 128 1 53773
-1243183 0 2 151 8233
-1251343 4096 1 29101
-1262339 16 1 97103
-1262503 8 1 114773
-1267207 524288 1 17359
-1268776 67108864 1 158597
-1270804 0 1 317701
-1273816 33554432 1 159227
-1275035 2 1 255007
-1275992 33554432 1 159499
-1276504 33554432 1 159563
-1277887 16 1 98299
-1286888 67108864 1 160861
-1291028 0 1 322757
-1300687 32 1 76511
-1302343 4 1 186049
-1320463 0 2 163 8101
-1321667 0 2 271 4877
-1324427 16 1 101879
-1327892 0 1 331973
-1339423 256 1 46187
-1341607 8388608 1 13831
-1341976 33554432 1 167747
-1354859 8 1 123169
-1374727 0 2 251 5477
-1384927 0 2 227 6101
-1391464 67108864 1 173933
-1393715 2 1 278743
-1401748 0 1 350437
-1404443 2097152 1 16921
-1405876 0 1 351469
-1407463 64 1 74077
-1410371 32 1 82963
-1419316 0 1 354829
-1429748 0 1 357437
-1447931 0 2 179 8089
-1455343 64 1 76597
-1460843 0 2 401 3643
-1461608 67108864 1 182701
-1461611 1024 1 39503
-1467683 4 1 209669
-1467992 33554432 1 183499
-1473223 4096 1 34261
-1476184 33554432 1 184523
-1489835 2 1 297967
-1503323 4096 1 34961
-1507412 0 1 376853
-1516628 0 1 379157
-1517588 0 1 379397
-1529887 0 2 167 9161
-1533544 67108864 1 191693
-1545035 2 1 309007
-1545227 0 2 773 1999
-1553047 0 2 139 11173
-1554415 2 1 310883
-1558715 2 1 311743
-1560487 1048576 1 19753
-1569496 33554432 1 196187
-1571263 4096 1 36541
-1572635 2 1 314527
-1573135 2 1 314627
-1576115 2 1 315223
-1577647 0 2 211 7477
-1580891 16 1 121607
-1582232 33554432 1 197779
-1587379 0 2 787 2017
-1587928 33554432 1 198491
-1592483 0 2 103 15461
-1599851 8 1 145441
-1619483 0 2 593 2731
-1636084 0 1 409021
-1637656 33554432 1 204707
-1640603 0 2 617 2659
-1646887 8 1 149717
-1649167 16 1 126859
-1650203 0 2 743 2221
-1657115 2 1 331423
-1658612 0 1 414653
-1662488 33554432 1 207811
-1671827 65536 1 27407
-1676623 16 1 128971
-1678139 16384 1 31663
-1688536 33554432 1 211067
-1693652 0 1 423413
-1695448 33554432 1 211931
-1698299 0 2 379 4481
-1726763 0 2 233 7411
-1735091 0 2 907 1913
-1737304 33554432 1 217163
-1742164 0 1 435541
-1753099 0 2 271 6469
-1762036 0 1 440509
-1762307 64 1 92753
-1762984 67108864 1 220373
-1766056 67108864 1 220757
-1785832 67108864 1 223229
-1793915 2 1 358783
-1799272 67108864 1 224909
-1799284 0 1 449821
-1817887 0 2 131 13877
-1825576 67108864 1 228197
-1831763 0 2 193 9491
-1838552 33554432 1 229819
-1840936 67108864 1 230117
-1845227 1024 1 49871
-1864579 0 2 1259 1481
-1866635 2 1 373327
-1869347 0 2 103 18149
-1870763 0 2 1033 1811
-1882996 0 1 470749
-1883747 0 2 1193 1579
-1887491 0 2 353 5347
-1894979 2048 1 46219
-1900939 0 2 151 12589
-1904251 0 2 269 7079
-1912403 2097152 1 23041
-1915252 0 1 478813
-1931368 67108864 1 241421
-1948403 0 2 367 5309
-1953011 32 1 114883
-1953019 0 2 421 4639
-1953256 67108864 1 244157
-1955699 0 2 131 14929
-1958248 67108864 1 244781
-1959208 67108864 1 244901
-1971683 4 1 281669
-1983515 2 1 396703
-1987903 0 2 433 4591
-1992467 128 1 86629
-1995923 0 2 373 5351
-1997635 2 1 399527
-2000899 0 2 743 2693
-2004952 33554432 1 250619
-2005403 0 2 853 2351
-2009752 33554432 1 251219
-2020427 0 2 599 3373
-2028563 0 2 829 2447
-2028619 0 2 439 4621
-2031668 0 1 507917
-2033432 33554432 1 254179
-2035156 0 1 508789
-2058811 65536 1 33751
-2058932 0 1 514733
-2065396 0 1 516349
-2067028 0 1 516757
-2077163 8 1 188833
-2080835 2 1 416167
-2092648 67108864 1 261581
-2094947 0 2 443 4729
-2103499 0 2 911 2309
-2118451 0 2 257 8243
-2118635 2 1 423727
-2121556 0 1 530389
-2138627 0 2 191 11197
-2147363 256 1 74047
-2161099 0 2 331 6529
-2168539 0 2 139 15601
-2170183 0 2 307 7069
-2172499 4 1 310357
-2188307 8 1 198937
-2189387 8388608 1 22571
-2189507 0 2 563 3889
-2191768 33554432 1 273971
-2193304 33554432 1 274163
-2196683 0 2 389 5647
-2197763 1024 1 59399
-2202827 8 1 200257
-2214107 4 1 316301
-2239787 8 1 203617
-2240692 0 1 560173
-2244724 0 1 561181
-2251715 2 1 450343
-2256019 32 1 132707
-2261299 0 2 163 13873
-2261464 33554432 1 282683
-2267224 33554432 1 283403
-2271823 65536 1 37243
-2277947 4 1 325421
-2279059 0 2 457 4987
-2300867 0 2 139 16553
-2306548 0 1 576637
-2310587 0 2 1231 1877
-2328052 0 1 582013
-2330779 8 1 211889
-2338915 2 1 467783
-2352491 8192 1 50053
-2383144 67108864 1 297893
-2389447 128 1 103889
-2392216 33554432 1 299027
-2393368 33554432 1 299171
-2402915 2 1 480583
-2406232 33554432 1 300779
-2413835 2 1 482767
-2418635 2 1 483727
-2421019 0 2 347 6977
-2433923 0 2 193 12611
-2436184 33554432 1 304523
-2438104 33554432 1 304763
-2440744 67108864 1 305093
-2445587 0 2 137 17851
-2446187 0 2 277 8831
-2462644 0 1 615661
-2466211 8 1 224201
-2469784 33554432 1 308723
-2470547 0 2 337 7331
-2473435 2 1 494687
-2478484 0 1 619621
-2483176 67108864 1 310397
-2485403 128 1 108061
-2489332 0 1 622333
-2489512 67108864 1 311189
-2504387 0 2 641 3907
-2508251 0 2 587 4273
-2509739 0 2 239 10501
-2527043 0 2 487 5189
-2529859 0 2 337 7507
-2530408 67108864 1 316301
-2536915 2 1 507383
-2545684 0 1 636421
-2561347 0 2 419 6113
-2563531 4096 1 59617
-2567867 32 1 151051
-2569699 8 1 233609
-2570843 8 1 233713
-2571931 16384 1 48527
-2579851 512 1 83221
-2586203 0 2 421 6143
-2586707 1024 1 69911
-2599252 0 1 649813
-2600443 1048576 1 32917
-2605588 0 1 651397
-2609428 0 1 652357
-2611171 4194304 1 29339
-2614187 8192 1 55621
-2617819 16777216 1 25919
-2634379 8 1 239489
-2642644 0 1 660661
-2647291 32 1 155723
-2648851 0 2 103 25717
-2655988 0 1 663997
-2657176 33554432 1 332147
-2657267 0 2 439 6053
-2659579 16 1 204583
-2662819 0 2 199 13381
-2665108 0 1 666277
-2666164 0 1 666541
-2671051 0 2 1171 2281
-2675843 128 1 116341
-2676724 0 1 669181
-2685091 0 2 1429 1879
-2693659 2048 1 65699
-2700923 0 2 149 18127
-2726056 67108864 1 340757
-2732776 67108864 1 341597
-2737048 33554432 1 342131
-2738392 33554432 1 342299
-2742923 0 2 1523 1801
-2743115 2 1 548623
-2769496 33554432 1 346187
-2790808 33554432 1 348851
-2806051 4096 1 65257
-2810251 262144 1 39581
-2810611 0 2 359 7829
-2820827 32 1 165931
-2828248 33554432 1 353531
-2835451 4194304 1 31859
-2838835 2 1 567767
-2845939 0 2 157 18127
-2854187 4 1 407741
-2873963 0 2 193 14891
-2890339 262144 1 40709
-2892184 33554432 1 361523
-2897603 0 2 149 19447
-2900243 4194304 1 32587
-2902435 2 1 580487
-2908523 32768 1 49297
-2914099 16384 1 54983
-2927731 0 2 127 23053
-2932715 2 1 586543
-2939476 0 1 734869
-2942123 0 2 577 5099
-2955931 8 1 268721
-2958587 0 2 109 27143
-2961827 8 1 269257
-2969539 0 2 1487 1997
-2990872 33554432 1 373859
-2994019 4 1 427717
-3000472 33554432 1 375059
-3007252 0 1 751813
-3007883 2048 1 73363
-3024619 16 1 232663
-3028291 4 1 432613
-3029011 0 2 1567 1933
-3035027 32 1 178531
-3051203 128 1 132661
-3060328 67108864 1 382541
-3062452 0 1 765613
-3064552 67108864 1 383069
-3079651 524288 1 42187
-3086251 4 1 440893
-3095003 32 1 182059
-3103067 8 1 282097
-3111379 0 2 571 5449
-3117139 1024 1 84247
-3131659 0 2 929 3371
-3135931 64 1 165049
-3138292 0 1 784573
-3150835 2 1 630167
-3160552 67108864 1 395069
-3175187 0 2 113 28099
-3176363 64 1 167177
-3210923 0 2 521 6163
-3217099 64 1 169321
-3222004 0 1 805501
-3225707 32768 1 54673
-3245363 8 1 295033
-3259883 8 1 296353
-3270947 2097152 1 39409
-3280411 0 2 397 8263
-3288715 2 1 657743
-3294868 0 1 823717
-3307771 0 2 367 9013
-3310219 8 1 300929
-3314068 0 1 828517
-3314152 67108864 1 414269
-3317843 2048 1 80923
-3318019 0 2 113 29363
-3338779 0 2 109 30631
-3343528 67108864 1 417941
-3349912 33554432 1 418739
-3351379 512 1 108109
-3355435 2 1 671087
-3361163 16 1 258551
-3369715 2 1 673943
-3380971 8 1 307361
-3408571 0 2 919 3709
-3409048 33554432 1 426131
-3431299 0 2 1277 2687
-3440251 0 2 907 3793
-3440611 0 2 193 17827
-3464267 0 2 1733 1999
-3467668 0 1 866917
-3477748 0 1 869437
-3480931 0 2 911 3821
-3483691 32 1 204923
-3489448 67108864 1 436181
-3494164 0 1 873541
-3497251 1048576 1 44269
-3506644 0 1 876661
-3524008 67108864 1 440501
-3536488 67108864 1 442061
-3544747 0 2 941 3767
-3548008 67108864 1 443501
-3570827 16 1 274679
-3579451 0 2 109 32839
-3580523 32 1 210619
-3600088 33554432 1 450011
-3600628 0 1 900157
-3620731 0 2 757 4783
-3638515 2 1 727703
-3641035 2 1 728207
-3644251 16 1 280327
-3649192 67108864 1 456149
-3659368 67108864 1 457421
-3660568 33554432 1 457571
-3664907 0 2 109 33623
-3667348 0 1 916837
-3668387 64 1 193073
-3674059 0 2 107 34337
-3674251 4 1 524893
-3678307 32 1 216371
-3678772 0 1 919693
-3685492 0 1 921373
-3686011 4 1 526573
-3686632 67108864 1 460829
-3687107 128 1 160309
-3696451 8 1 336041
-3700579 0 2 701 5279
-3704371 8 1 336761
-3704923 4096 1 86161
-3712787 16 1 285599
-3715819 0 2 997 3727
-3721547 16777216 1 36847
-3727427 8 1 338857
-3730043 0 2 643 5801
-3742483 0 2 557 6719
-3746683 0 2 431 8693
-3750139 0 2 181 20719
-3761467 0 2 919 4093
-3764011 0 2 239 15749
-3764251 2048 1 91811
-3768808 67108864 1 471101
-3780683 0 2 659 5737
-3782299 0 2 173 21863
-3783091 16 1 291007
-3785659 0 2 1451 2609
-3785812 0 1 946453
-3792931 0 2 563 6737
-3793099 0 2 241 15739
-3797123 8 1 345193
-3818147 0 2 311 12277
-3825139 0 2 401 9539
-3834083 8 1 348553
-3834772 0 1 958693
-3837091 16777216 1 37991
-3843019 0 2 373 10303
-3843352 33554432 1 480419
-3868771 0 2 151 25621
-3876436 0 1 969109
-3881368 33554432 1 485171
-3884308 0 1 971077
-3885307 0 2 283 13729
-3887284 0 1 971821
-3888424 67108864 1 486053
-3895339 4 1 556477
-3899563 0 2 547 7129
-3915112 67108864 1 489389
-3929491 0 2 787 4993
-3953128 67108864 1 494141
-3967435 2 1 793487
-3976372 0 1 994093
-3978139 8 1 361649
-3978328 33554432 1 497291
-3988819 0 2 131 30449
-3989011 16 1 306847
-4003315 2 1 800663
-4009972 0 1 1002493
-4013843 262144 1 56533
-4033768 67108864 1 504221
-4038568 67108864 1 504821
-4043203 0 2 827 4889
-4050667 64 1 213193
-4061371 0 2 257 15803
-4064035 2 1 812807
-4064728 33554432 1 508091
-4072411 4 1 581773
-4084648 67108864 1 510581
-4087528 67108864 1 510941
-4100632 33554432 1 512579
-4104139 16 1 315703
-4107691 4 1 586813
-4109848 33554432 1 513731
-4129547 0 2 1069 3863
-4155451 0 2 131 31721
-4158683 262144 1 58573
-4182259 0 2 853 4903
-4192819 0 2 1523 2753
-4193587 512 1 135277
-4204891 0 2 193 21787
-4222187 0 2 181 23327
-4228747 0 2 107 39521
-4261939 8 1 387449
-4264819 16 1 328063
-4273723 8388608 1 44059
-4280963 0 2 107 40009
-4287931 4194304 1 48179
-4291579 0 2 191 22469
-4297723 0 2 491 8753
-4309684 0 1 1077421
-4309747 16 1 331519
-4312067 32 1 253651
-4314472 67108864 1 539309
-4316692 0 1 1079173
-4322452 0 1 1080613
-4332148 0 1 1083037
-4336339 4 1 619477
-4344379 16 1 334183
-4344811 2048 1 105971
-4348888 33554432 1 543611
-4375939 0 2 257 17027
-4376488 67108864 1 547061
-4378228 0 1 1094557
-4378339 4 1 625477
-4383563 0 2 613 7151
-4400635 2 1 880127
-4406147 2048 1 107467
-4409267 0 2 211 20897
-4432867 16384 1 83639
-4443928 33554432 1 555491
-4454419 0 2 409 10891
-4485268 0 1 1121317
-4485739 32 1 263867
-4486696 67108864 1 560837
-4492219 0 2 881 5099
-4492819 131072 1 67057
-4496179 64 1 236641
-4500052 0 1 1125013
-4517507 0 2 739 6113
-4521211 0 2 109 41479
-4527947 64 1 238313
-4531531 0 2 1061 4271
-4532011 8 1 412001
-4561048 33554432 1 570131
-4563547 4096 1 106129
-4564291 16777216 1 45191
-4576291 4194304 1 51419
-4584091 0 2 971 4721
-4585099 64 1 241321
-4585747 0 2 397 11551
-4607731 32 1 271043
-4632283 0 2 1031 4493
-4635499 8 1 421409
-4650388 0 1 1162597
-4661603 0 2 109 42767
-4665448 67108864 1 583181
-4666099 16777216 1 46199
-4679299 0 2 1091 4289
-4681048 33554432 1 585131
-4681588 0 1 1170397
-4686196 0 1 1171549
-4686691 65536 1 76831
-4692328 67108864 1 586541
-4701283 0 2 587 8009
-4717771 524288 1 64627
-4720643 0 2 163 28961
-4723507 4096 1 109849
-4731667 0 2 1091 4337
-4732403 16 1 364031
-4732531 0 2 197 24023
-4733779 0 2 1741 2719
-4735732 0 1 1183933
-4737331 0 2 1019 4649
-4739299 0 2 509 9311
-4743811 0 2 1279 3709
-4745128 67108864 1 593141
-4748008 67108864 1 593501
-4758331 0 2 167 28493
-4759192 33554432 1 594899
-4780219 2097152 1 57593
-4792699 0 2 181 26479
-4806019 32 1 282707
-4808507 8 1 437137
-4816792 33554432 1 602099
-4818883 0 2 2087 2309
-4819315 2 1 963863
-4831171 0 2 593 8147
-4833811 32768 1 81929
-4835032 33554432 1 604379
-4850003 0 2 127 38189
-4880587 64 1 256873
-4889323 0 2 2003 2441
-4938035 2 1 987607
-4939291 4 1 705613
-4962739 0 2 167 29717
-4967251 0 2 241 20611
-4969915 2 1 993983
-4972888 33554432 1 621611
-4973992 67108864 1 621749
-4996435 2 1 999287
-5007832 33554432 1 625979
-5008651 0 2 431 11621
-5015779 0 2 449 11171
-5015851 0 2 191 26261
-5029867 0 2 797 6311
-5040232 67108864 1 630029
-5041787 0 2 1697 2971
-5048488 67108864 1 631061
-5060491 0 2 373 13567
-5067523 0 2 139 36457
-5068099 0 2 1123 4513
-5079211 8388608 1 52363
-5087188 0 1 1271797
-5092363 0 2 131 38873
-5093848 33554432 1 636731
-5118019 0 2 337 15187
-5126251 16 1 394327
-5149843 262144 1 72533
-5154388 0 1 1288597
-5154547 256 1 177743
-5181268 0 1 1295317
-5186731 8 1 471521
-5192059 32768 1 88001
-5194819 4 1 742117
-5203915 2 1 1040783
-5207987 0 2 547 9521
-5208331 524288 1 71347
-5230915 2 1 1046183
-5232088 33554432 1 654011
-5260852 0 1 1315213
-5266315 2 1 1053263
-5274019 0 2 757 6967
-5286763 0 2 107 49409
-5301619 1024 1 143287
-5301715 2 1 1060343
-5315731 16777216 1 52631
-5316091 8 1 483281
-5317483 4194304 1 59747
-5320435 2 1 1064087
-5320747 512 1 171637
-5321923 2048 1 129803
-5340403 0 2 859 6217
-5344387 0 2 181 29527
-5352427 2048 1 130547
-5354068 0 1 1338517
-5357179 0 2 947 5657
-5361835 2 1 1072367
-5378323 0 2 127 42349
-5392603 128 1 234461
-5406235 2 1 1081247
-5432788 0 1 1358197
-5434267 0 2 1787 3041
-5435971 32 1 319763
-5438371 1024 1 146983
-5445307 4 1 777901
-5448427 0 2 127 42901
-5450603 0 2 2027 2689
-5471443 2097152 1 65921
-5479003 0 2 643 8521
-5496691 0 2 509 10799
-5511412 0 1 1377853
-5518219 4 1 788317
-5523379 0 2 599 9221
-5551912 67108864 1 693989
-5569723 0 2 283 19681
-5570803 4 1 795829
-5587243 0 2 1549 3607
-5587483 8 1 507953
-5600179 16 1 430783
-5609299 0 2 1663 3373
-5615323 4 1 802189
-5616931 0 2 233 24107
-5620723 65536 1 92143
-5628523 256 1 194087
-5657203 0 2 457 12379
-5666515 2 1 1133303
-5669683 512 1 182893
-5686747 8 1 516977
-5688835 2 1 1137767
-5691508 0 1 1422877
-5692523 128 1 247501
-5695843 2048 1 138923
-5700619 128 1 247853
-5713987 0 2 373 15319
-5745907 1048576 1 72733
-5747635 2 1 1149527
-5769619 128 1 250853
-5773531 0 2 1511 3821
-5773651 16 1 444127
-5793763 0 2 223 25981
-5798899 1024 1 156727
-5800483 16 1 446191
-5810548 0 1 1452637
-5818867 0 2 719 8093
-5826619 0 2 113 51563
-5830168 33554432 1 728771
-5842315 2 1 1168463
-5845747 0 2 1033 5659
-5860099 4 1 837157
-5869291 0 2 359 16349
-5876947 64 1 309313
-5878891 0 2 331 17761
-5882299 0 2 1103 5333
-5886115 2 1 1177223
-5894467 0 2 337 17491
-5935723 0 2 971 6113
-5941963 0 2 643 9241
-5951059 0 2 1181 5039
-5983843 0 2 239 25037
-5983891 0 2 1231 4861
-5987203 0 2 271 22093
-5991211 0 2 227 26393
