-84431
-130367
-149351
-197599
-222839
-248063
-274583
-281807
-286711
-296911
-297263
-322111
-330887
-363751
-366031
-385591
-406423
-418471
-426971
-432391
-490111
-507491
-528679
-552031
-560239
-568831
-589759
-601231
-644531
-655807
-660659
-677119
-680503
-714463
-730567
-756419
-777251
-779579
-787331
-813203
-816703
-869551
-871159
-904811
-938359
-939923
-946091
-964259
-968503
-970423
-993679
-1009499
-1010407
-1022891
-1023083
-1033139
-1046459
-1047491
-1050899
-1055143
-1083827
-1110223
-1119343
-1132567
-1167703
-1170487
-1171427
-1176223
-1197467
-1202023
-1209223
-1216451
-1217651
-1231379
-1237571
-1241651
-1246307
-1264451
-1264643
-1269467
-1270859
-1271987
-1293583
-1304503
-1305971
-1310527
-1327427
-1368083
-1368827
-1375571
-1377179
-1412287
-1416487
-1483451
-1506611
-1508723
-1526263
-1533127
-1549087
-1556263
-1556339
-1556767
-1576763
-1602703
-1609219
-1615447
-1619243
-1626803
-1645499
-1662487
-1664387
-1680659
-1697627
-1713847
-1759763
-1776779
-1807643
-1842131
-1844027
-1891619
-1914971
-1923107
-1941323
-1944779
-1951811
-1952131
-2033579
-2049451
-2049611
-2066539
-2093251
-2096123
-2097083
-2122499
-2140763
-2144491
-2155067
-2186491
-2227651
-2253827
-2291699
-2294051
-2294987
-2316323
-2341219
-2353051
-2382803
-2386187
-2390779
-2397299
-2402747
-2419883
-2426899
-2430091
-2438503
-2478691
-2524163
-2524339
-2567387
-2584523
-2596459
-2597971
-2635891
-2659187
-2675003
-2682947
-2686907
-2705243
-2722547
-2727451
-2732539
-2792147
-2865683
-2878699
-2882227
-2911187
-2916827
-2919443
-2932411
-2960267
-2970467
-3062963
-3067927
-3071251
-3075379
-3136531
-3153203
-3178403
-3231331
-3251747
-3262339
-3266371
-3282211
-3327227
-3344723
-3349699
-3355459
-3371371
-3376603
-3390707
-3406219
-3475883
-3508651
-3531571
-3558259
-3567379
-3569611
-3572003
-3581971
-3582107
-3618323
-3624107
-3673763
-3678803
-3679891
-3704243
-3753979
-3755779
-3772763
-3795443
-3799099
-3803251
-3811427
-3811771
-3883427
-3883699
-3894619
-3895403
-3920227
-3933907
-3971899
-3983123
-3992627
-4012147
-4033651
-4037419
-4073731
-4080259
-4134283
-4152067
-4196371
-4201843
-4231291
-4257203
-4262683
-4280011
-4282939
-4363531
-4442843
-4492003
-4492459
-4512451
-4554139
-4574803
-4624643
-4649539
-4667851
-4677019
-4693067
-4723051
-4727707
-4748131
-4752931
-4805011
-4832467
-4850347
-4871491
-4873411
-4887331
-4891507
-4935187
-4935739
-4937467
-4993603
-5001979
-5016331
-5017603
-5060467
-5093731
-5093947
-5105707
-5153747
-5163787
-5184427
-5238979
-5244763
-5343979
-5494243
-5510539
-5601907
-5641819
-5661907
-5675539
-5677891
-5841859
-5867899
-5908459
-5926187
-6033619
