-74231
-95231
-96479
-104231
-111791
-115727
-122231
-137999
-144071
-149183
-176791
-184607
-186671
-187463
-191551
-193799
-202879
-205103
-216751
-217367
-238703
-244367
-246151
-281927
-283583
-298343
-317087
-336871
-348287
-382463
-398459
-408971
-417559
-419191
-419579
-444127
-493159
-497551
-500567
-508087
-538331
-539503
-552983
-554959
-600659
-607583
-623383
-653651
-680263
-683651
-684799
-718087
-718691
-721451
-729991
-745379
-768751
-784327
-821771
-824459
-828131
-829811
-829979
-835859
-842267
-850303
-852827
-896047
-898927
-907567
-912467
-915727
-935071
-942779
-945367
-956051
-956143
-956843
-963223
-984391
-988783
-992023
-993851
-994811
-995699
-1013627
-1037123
-1038727
-1039327
-1041731
-1045571
-1049263
-1055531
-1081859
-1082099
-1088579
-1089107
-1096691
-1108567
-1109791
-1120787
-1131131
-1149487
-1161659
-1163891
-1176083
-1181771
-1184123
-1203443
-1230727
-1240207
-1277743
-1288187
-1293011
-1298887
-1307123
-1308367
-1310987
-1322287
-1324663
-1333567
-1341707
-1354547
-1370287
-1372303
-1378903
-1387427
-1390859
-1392731
-1401083
-1412651
-1415023
-1443971
-1448771
-1454699
-1463263
-1466767
-1473847
-1484419
-1490627
-1497659
-1497803
-1503739
-1505507
-1508383
-1508627
-1520143
-1524683
-1550287
-1556747
-1589059
-1623539
-1642447
-1656659
-1668323
-1679627
-1715099
-1719203
-1737899
-1744531
-1745147
-1758131
-1776847
-1778747
-1779247
-1796503
-1801411
-1809971
-1820747
-1848323
-1858403
-1859531
-1861567
-1862023
-1863707
-1865027
-1878323
-1882459
-1898363
-1950107
-1954691
-1980859
-1995683
-1997003
-2006603
-2018747
-2035807
-2111387
-2127331
-2140907
-2143451
-2211019
-2222611
-2223967
-2241779
-2249171
-2251163
-2261891
-2286443
-2298203
-2303867
-2324731
-2345971
-2353651
-2357851
-2358227
-2363047
-2373947
-2375843
-2406683
-2418203
-2437531
-2437763
-2451811
-2471299
-2478611
-2494451
-2522491
-2534267
-2538499
-2554763
-2562947
-2589859
-2611579
-2620139
-2628139
-2645267
-2649811
-2656051
-2688451
-2718227
-2729747
-2730347
-2735899
-2748467
-2749763
-2751323
-2782187
-2811619
-2820331
-2827427
-2829107
-2831971
-2873179
-2888243
-2923051
-2966723
-2981483
-2993867
-3002843
-3011011
-3021587
-3035371
-3072859
-3118579
-3122059
-3131123
-3134147
-3137003
-3150107
-3165139
-3181051
-3181411
-3182371
-3183211
-3185123
-3192451
-3203251
-3211459
-3237683
-3238507
-3261211
-3269963
-3281363
-3297571
-3304363
-3325043
-3325403
-3338131
-3341179
-3354443
-3355819
-3362363
-3363571
-3373043
-3373283
-3374603
-3383131
-3402211
-3418787
-3442171
-3468379
-3470851
-3474683
-3490307
-3528379
-3541883
-3561947
-3574187
-3585259
-3595099
-3597203
-3598843
-3605299
-3620011
-3626011
-3626059
-3630203
-3633187
-3638851
-3642347
-3665539
-3673699
-3700547
-3708923
-3739819
-3757643
-3775339
-3780739
-3785371
-3795563
-3803419
-3809539
-3836179
-3848539
-3848563
-3855083
-3859771
-3896027
-3939259
-3990859
-3992011
-4003819
-4031179
-4057043
-4069099
-4072507
-4089907
-4102843
-4126579
-4135507
-4152091
-4155763
-4167763
-4178971
-4187707
-4192547
-4204819
-4217011
-4220059
-4233811
-4260019
-4278499
-4278931
-4284811
-4305523
-4322683
-4338331
-4340179
-4348459
-4351411
-4351891
-4362619
-4362859
-4389443
-4389571
-4412059
-4460587
-4481843
-4493179
-4499323
-4518347
-4532419
-4554467
-4567411
-4572307
-4574419
-4583563
-4596859
-4613803
-4681003
-4712731
-4721243
-4731451
-4783291
-4814363
-4814779
-4822627
-4823779
-4831051
-4878163
-4898851
-4906723
-4912891
-4922563
-4936163
-4942747
-4975651
-4978579
-4983323
-5006971
-5035267
-5046259
-5046883
-5050723
-5080219
-5086507
-5118907
-5120299
-5128723
-5132131
-5138803
-5181667
-5201467
-5213371
-5224339
-5233171
-5247019
-5251459
-5298523
-5314123
-5317099
-5329531
-5355211
-5364923
-5373691
-5383507
-5384683
-5389627
-5396563
-5399011
-5405083
-5430547
-5438107
-5457691
-5464003
-5532643
-5540707
-5546491
-5595763
-5608123
-5630467
-5640403
-5669539
-5674219
-5685451
-5722267
-5724787
-5747563
-5750203
-5750707
-5830483
-5898283
-5902219
-5913283
-5924851
-5935051
-5950891
-5971507
-5981851
-5987419
-5998627
-6014419
