-73391 1048576 1 929
-77831 16 1 5987
-97415 2 1 19483
-102431 4 1 14633
-120311 512 1 3881
-133415 2 1 26683
-146735 2 1 29347
-159143 4096 1 3701
-163463 512 1 5273
-179791 128 1 7817
-184151 8 1 16741
-189815 2 1 37963
-201719 4 1 28817
-206135 2 1 41227
-210623 4 1 30089
-211343 8 1 19213
-214471 2048 1 5231
-230591 0 2 293 787
-238823 16 1 18371
-249031 0 2 131 1901
-269207 256 1 9283
-270836 0 1 67709
-274004 0 1 68501
-316399 0 2 107 2957
-317183 0 2 419 757
-325639 4096 1 7573
-327287 0 2 509 643
-329684 0 1 82421
-332071 0 2 139 2389
-340639 16 1 26203
-341876 0 1 85469
-347327 32 1 20431
-352247 4 1 50321
-353624 33554432 1 44203
-357991 0 2 271 1321
-369623 0 2 113 3271
-371039 512 1 11969
-377959 128 1 16433
-379796 0 1 94949
-402623 16 1 30971
-405983 0 2 181 2243
-406292 0 1 101573
-412904 67108864 1 51613
-417236 0 1 104309
-417871 0 2 103 4057
-423767 65536 1 6947
-433007 32 1 25471
-436487 64 1 22973
-449791 0 2 223 2017
-457076 0 1 114269
-459199 16 1 35323
-460687 1024 1 12451
-467924 0 1 116981
-474631 0 2 521 911
-474871 0 2 577 823
-479863 256 1 16547
-480728 33554432 1 60091
-484399 0 2 149 3251
-500311 4 1 71473
-509099 32 1 29947
-518036 0 1 129509
-528607 0 2 331 1597
-531943 64 1 27997
-537512 67108864 1 67189
-541735 2 1 108347
-544351 0 2 683 797
-552407 0 2 163 3389
-559111 4 1 79873
-564439 0 2 389 1451
-567023 0 2 617 919
-568088 33554432 1 71011
-569863 4 1 81409
-573011 256 1 19759
-575191 32768 1 9749
-575576 33554432 1 71947
-578359 1048576 1 7321
-590651 0 2 113 5227
-593192 67108864 1 74149
-595691 2097152 1 7177
-601331 64 1 31649
-603271 0 2 103 5857
-625304 33554432 1 78163
-627631 1024 1 16963
-628663 4 1 89809
-635815 2 1 127163
-636799 262144 1 8969
-641719 16 1 49363
-645143 131072 1 9629
-658811 131072 1 9833
-659191 16 1 50707
-668983 4 1 95569
-672536 33554432 1 84067
-684943 4 1 97849
-690967 4096 1 16069
-693416 67108864 1 86677
-696967 32768 1 11813
-699544 33554432 1 87443
-699623 0 2 241 2903
-700184 33554432 1 87523
-707239 16 1 54403
-716071 0 2 419 1709
-717428 0 1 179357
-724543 0 2 181 4003
-731048 67108864 1 91381
-732179 4 1 104597
-733567 32 1 43151
-736811 2048 1 17971
-739796 0 1 184949
-749492 0 1 187373
-753343 0 2 859 877
-756596 0 1 189149
-759188 0 1 189797
-759251 4096 1 17657
-765179 0 2 173 4423
-767815 2 1 153563
-767939 0 2 107 7177
-795559 0 2 137 5807
-801896 67108864 1 100237
-801967 65536 1 13147
-802664 67108864 1 100333
-803671 8 1 73061
-805748 0 1 201437
-806815 2 1 161363
-809287 65536 1 13267
-813364 0 1 203341
-816007 0 2 359 2273
-816583 0 2 193 4231
-822847 16777216 1 8147
-824143 32 1 48479
-828584 67108864 1 103573
-828827 0 2 643 1289
-832015 2 1 166403
-832543 16777216 1 8243
-841816 33554432 1 105227
-843092 0 1 210773
-843967 0 2 263 3209
-848503 0 2 509 1667
-854579 8 1 77689
-861967 256 1 29723
-867992 33554432 1 108499
-871576 33554432 1 108947
-895619 0 2 229 3911
-901691 4 1 128813
-908023 0 2 727 1249
-910039 16 1 70003
-913663 512 1 29473
-916148 0 1 229037
-917339 64 1 48281
-922567 8388608 1 9511
-922615 2 1 184523
-923891 0 2 193 4787
-926483 32 1 54499
-926824 67108864 1 115853
-929339 32 1 54667
-931663 0 2 317 2939
-932411 0 2 179 5209
-932479 0 2 337 2767
-935891 8 1 85081
-937268 0 1 234317
-938579 1024 1 25367
-942127 0 2 149 6323
-947432 67108864 1 118429
-954299 4096 1 22193
-957779 0 2 787 1217
-961211 0 2 163 5897
-965915 2 1 193183
-977651 1024 1 26423
-979096 33554432 1 122387
-979331 0 2 383 2557
-981367 512 1 31657
-982207 1048576 1 12433
-984616 67108864 1 123077
-986456 33554432 1 123307
-990056 67108864 1 123757
-1010839 0 2 173 5843
-1010891 4 1 144413
-1014967 128 1 44129
-1015187 4096 1 23609
-1020308 0 1 255077
-1020788 0 1 255197
-1023847 8 1 93077
-1028824 33554432 1 128603
-1031287 0 2 479 2153
-1048979 0 2 113 9283
-1051183 4 1 150169
-1051636 0 1 262909
-1056872 67108864 1 132109
-1059796 0 1 264949
-1061912 33554432 1 132739
-1064863 32 1 62639
-1069268 0 1 267317
-1069864 67108864 1 133733
-1077491 0 2 157 6863
-1080116 0 1 270029
-1080247 4 1 154321
-1112099 16384 1 20983
-1117211 0 2 383 2917
-1117619 2048 1 27259
-1119512 33554432 1 139939
-1134491 0 2 127 8933
-1146247 0 2 479 2393
-1146856 67108864 1 143357
-1148767 512 1 37057
-1156712 67108864 1 144589
-1162739 8388608 1 11987
-1166291 4 1 166613
-1172312 33554432 1 146539
-1174807 512 1 37897
-1178531 256 1 40639
-1182107 0 2 367 3221
-1184891 128 1 51517
-1200127 0 2 1063 1129
-1201571 4 1 171653
-1201576 67108864 1 150197
-1203371 16 1 92567
-1213336 33554432 1 151667
-1222568 67108864 1 152821
-1227124 0 1 306781
-1227544 33554432 1 153443
-1234427 0 2 907 1361
-1236692 0 1 309173
-1238723 1024 1 33479
-1239188 0 1 309797
-1244648 67108864 1 155581
-1245007 0 2 463 2689
-1247983 8 1 113453
-1251847 0 2 257 4871
-1255207 256 1 43283
-1258024 67108864 1 157253
-1266007 32 1 74471
-1272724 0 1 318181
-1278932 0 1 319733
-1279028 0 1 319757
-1279063 32 1 75239
-1279903 0 2 1093 1171
-1281251 0 2 149 8599
-1282772 0 1 320693
-1284463 8192 1 27329
-1286627 0 2 269 4783
-1289123 8 1 117193
-1289716 0 1 322429
-1293223 2097152 1 15581
-1296971 16 1 99767
-1308179 0 2 443 2953
-1316503 0 2 751 1753
-1319287 0 2 151 8737
-1324331 0 2 331 4001
-1335227 0 2 547 2441
-1337396 0 1 334349
-1344872 67108864 1 168109
-1346776 33554432 1 168347
-1358935 2 1 271787
-1363163 512 1 43973
-1363663 4 1 194809
-1367267 8 1 124297
-1374803 256 1 47407
-1376315 2 1 275263
-1386127 0 2 311 4457
-1387763 16 1 106751
-1395703 0 2 499 2797
-1398727 8 1 127157
-1403419 0 2 827 1697
-1417384 67108864 1 177173
-1418644 0 1 354661
-1422587 64 1 74873
-1423063 0 2 227 6269
-1428968 67108864 1 178621
-1429331 0 2 103 13877
-1430171 0 2 139 10289
-1439912 67108864 1 179989
-1441211 0 2 1091 1321
-1452184 33554432 1 181523
-1462291 0 2 103 14197
-1475603 0 2 1129 1307
-1485607 4096 1 34549
-1487435 2 1 297487
-1491892 0 1 372973
-1492763 0 2 547 2729
-1495499 0 2 397 3767
-1499915 2 1 299983
-1502315 2 1 300463
-1503083 0 2 233 6451
-1507811 128 1 65557
-1509635 2 1 301927
-1511407 4096 1 35149
-1513499 16 1 116423
-1515368 67108864 1 189421
-1515796 0 1 378949
-1524251 0 2 337 4523
-1528451 0 2 163 9377
-1528499 4 1 218357
-1529972 0 1 382493
-1534663 16 1 118051
-1543739 1048576 1 19541
-1545304 33554432 1 193163
-1554472 67108864 1 194309
-1554484 0 1 388621
-1554967 16384 1 29339
-1557035 2 1 311407
-1558447 8 1 141677
-1569059 1024 1 42407
-1576628 0 1 394157
-1592168 67108864 1 199021
-1594979 0 2 563 2833
-1596967 0 2 1237 1291
-1604527 0 2 457 3511
-1609183 0 2 229 7027
-1611796 0 1 402949
-1622164 0 1 405541
-1624936 67108864 1 203117
-1628392 67108864 1 203549
-1635251 0 2 269 6079
-1641364 0 1 410341
-1641443 0 2 167 9829
-1643335 2 1 328667
-1648532 0 1 412133
-1657163 0 2 263 6301
-1657235 2 1 331447
-1661299 0 2 179 9281
-1662068 0 1 415517
-1667188 0 1 416797
-1670164 0 1 417541
-1674968 33554432 1 209371
-1676659 32 1 98627
-1677803 0 2 941 1783
-1678504 67108864 1 209813
-1681115 2 1 336223
-1688408 33554432 1 211051
-1703027 64 1 89633
-1704916 0 1 426229
-1705876 0 1 426469
-1707736 33554432 1 213467
-1711156 0 1 427789
-1718296 33554432 1 214787
-1723859 1048576 1 21821
-1727123 1024 1 46679
-1742872 33554432 1 217859
-1744628 0 1 436157
-1744651 0 2 349 4999
-1749016 33554432 1 218627
-1756163 4096 1 40841
-1756423 32 1 103319
-1758299 256 1 60631
-1775291 4 1 253613
-1780264 67108864 1 222533
-1784099 32 1 104947
-1784819 0 2 1097 1627
-1785127 0 2 751 2377
-1785451 0 2 311 5741
-1787647 256 1 61643
-1788299 64 1 94121
-1801115 2 1 360223
-1804859 4 1 257837
-1813684 0 1 453421
-1815487 256 1 62603
-1823611 0 2 149 12239
-1824299 0 2 181 10079
-1825643 0 2 379 4817
-1837571 0 2 251 7321
-1839592 67108864 1 229949
-1841704 67108864 1 230213
-1862767 0 2 499 3733
-1863604 0 1 465901
-1868623 32 1 109919
-1868771 0 2 157 11903
-1876283 2048 1 45763
-1877863 16 1 144451
-1884328 67108864 1 235541
-1890967 16 1 145459
-1903219 0 2 229 8311
-1906915 2 1 381383
-1907956 0 1 476989
-1917107 32 1 112771
-1917491 524288 1 26267
-1918835 2 1 383767
-1920019 131072 1 28657
-1926131 0 2 349 5519
-1931507 524288 1 26459
-1931963 8 1 175633
-1937899 0 2 227 8537
-1938107 1048576 1 24533
-1938859 16 1 149143
-1942936 33554432 1 242867
-1943507 0 2 103 18869
-1946072 33554432 1 243259
-1948264 67108864 1 243533
-1961915 2 1 392383
-1962196 0 1 490549
-1968931 0 2 461 4271
-2006435 2 1 401287
-2006824 67108864 1 250853
-2017651 2048 1 49211
-2021899 8 1 183809
-2026715 2 1 405343
-2028904 67108864 1 253613
-2030987 4 1 290141
-2047576 33554432 1 255947
-2060312 33554432 1 257539
-2063912 67108864 1 257989
-2064499 0 2 751 2749
-2077336 33554432 1 259667
-2077763 256 1 71647
-2083043 0 2 223 9341
-2085563 0 2 521 4003
-2089327 4096 1 48589
-2092084 0 1 523021
-2103016 67108864 1 262877
-2110667 16 1 162359
-2124827 64 1 111833
-2130011 16 1 163847
-2132723 0 2 181 11783
-2133923 8 1 193993
-2137819 1048576 1 27061
-2138536 67108864 1 267317
-2150851 0 2 191 11261
-2152552 67108864 1 269069
-2159512 33554432 1 269939
-2163635 2 1 432727
-2164427 0 2 683 3169
-2166011 0 2 373 5807
-2166083 0 2 919 2357
-2174843 8 1 197713
-2179051 4 1 311293
-2179403 0 2 757 2879
-2181451 0 2 137 15923
-2181707 8 1 198337
-2182499 8 1 198409
-2190443 0 2 197 11119
-2193083 0 2 991 2213
-2193823 0 2 241 9103
-2194708 0 1 548677
-2203688 67108864 1 275461
-2210356 0 1 552589
-2211107 16384 1 41719
-2212543 0 2 103 21481
-2233684 0 1 558421
-2236952 33554432 1 279619
-2242411 2097152 1 27017
-2255047 0 2 1019 2213
-2270315 2 1 454063
-2281907 524288 1 31259
-2286971 1048576 1 28949
-2291416 33554432 1 286427
-2292952 33554432 1 286619
-2298323 0 2 157 14639
-2299859 512 1 74189
-2305915 2 1 461183
-2307587 0 2 443 5209
-2309603 32 1 135859
-2312371 131072 1 34513
-2316515 2 1 463303
-2326804 0 1 581701
-2335636 0 1 583909
-2347699 0 2 367 6397
-2353048 33554432 1 294131
-2354635 2 1 470927
-2364259 0 2 383 6173
-2365051 16 1 181927
-2383924 0 1 595981
-2396483 8192 1 50989
-2414603 0 2 263 9181
-2418923 16 1 186071
-2425547 0 2 103 23549
-2429507 0 2 1163 2089
-2451703 64 1 129037
-2453608 67108864 1 306701
-2461283 8 1 223753
-2462483 32768 1 41737
-2477635 2 1 495527
-2481832 67108864 1 310229
-2484659 0 2 617 4027
-2490392 33554432 1 311299
-2494283 8 1 226753
-2495476 0 1 623869
-2495987 16 1 191999
-2499011 8388608 1 25763
-2499892 0 1 624973
-2500648 67108864 1 312581
-2516851 1024 1 68023
-2519771 0 2 641 3931
-2520472 33554432 1 315059
-2527283 8 1 229753
-2531779 0 2 787 3217
-2538931 512 1 81901
-2541347 32 1 149491
-2542132 0 1 635533
-2546452 0 1 636613
-2549491 4 1 364213
-2554427 0 2 251 10177
-2556347 4194304 1 28723
-2561851 0 2 1009 2539
-2565323 64 1 135017
-2582123 0 2 1103 2341
-2591123 32 1 152419
-2597288 67108864 1 324661
-2597483 4 1 371069
-2617547 512 1 84437
-2634731 8 1 239521
-2641315 2 1 528263
-2643563 16 1 203351
-2644643 8192 1 56269
-2649035 2 1 529807
-2656579 0 2 521 5099
-2664916 0 1 666229
-2667619 64 1 140401
-2684116 0 1 671029
-2684267 0 2 409 6563
-2688323 8 1 244393
-2697683 0 2 131 20593
-2716411 64 1 142969
-2719339 4 1 388477
-2728903 0 2 137 19919
-2742715 2 1 548543
-2747032 33554432 1 343379
-2749939 0 2 479 5741
-2751851 0 2 103 26717
-2752163 0 2 509 5407
-2767348 0 1 691837
-2770835 2 1 554167
-2777059 64 1 146161
-2779835 2 1 555967
-2781076 0 1 695269
-2792371 0 2 139 20089
-2799592 67108864 1 349949
-2811923 131072 1 41969
-2819299 4 1 402757
-2822243 16777216 1 27943
-2825531 0 2 653 4327
-2829976 33554432 1 353747
-2830643 32768 1 47977
-2831476 0 1 707869
-2831987 0 2 1583 1789
-2837387 4 1 405341
-2841688 33554432 1 355211
-2849128 67108864 1 356141
-2851636 0 1 712909
-2856827 262144 1 40237
-2858776 33554432 1 357347
-2862083 4 1 408869
-2872219 4 1 410317
-2879707 0 2 191 15077
-2887531 0 2 797 3623
-2891731 16777216 1 28631
-2898712 33554432 1 362339
-2900963 16 1 223151
-2908435 2 1 581687
-2914643 0 2 181 16103
-2914939 32 1 171467
-2923636 0 1 730909
-2927515 2 1 585503
-2927572 0 1 731893
-2931139 0 2 173 16943
-2936003 4 1 419429
-2938523 4 1 419789
-2943796 0 1 735949
-2945512 67108864 1 368189
-2945716 0 1 736429
-2955508 0 1 738877
-2972267 128 1 129229
-2978644 0 1 744661
-2980547 128 1 129589
-2981032 67108864 1 372629
-2983291 524288 1 40867
-2986651 4096 1 69457
-2992984 33554432 1 374123
-2999747 16384 1 56599
-3004163 0 2 167 17989
-3006035 2 1 601207
-3010651 4 1 430093
-3012587 32 1 177211
-3015707 0 2 431 6997
-3018739 64 1 158881
-3028264 67108864 1 378533
-3029027 0 2 1193 2539
-3033211 0 2 673 4507
-3055411 256 1 105359
-3058283 32 1 179899
-3060436 0 1 765109
-3069544 67108864 1 383693
-3089747 256 1 106543
-3094132 0 1 773533
-3094531 8 1 281321
-3096691 16 1 238207
-3098027 0 2 1447 2141
-3100891 0 2 313 9907
-3115939 0 2 971 3209
-3117208 33554432 1 389651
-3117859 0 2 881 3539
-3118771 0 2 1097 2843
-3121459 8 1 283769
-3121883 0 2 307 10169
-3127939 0 2 241 12979
-3133912 33554432 1 391739
-3138712 33554432 1 392339
-3139523 128 1 136501
-3143704 33554432 1 392963
-3148084 0 1 787021
-3148435 2 1 629687
-3148579 4 1 449797
-3168856 33554432 1 396107
-3168931 2048 1 77291
-3170003 4096 1 73721
-3175219 128 1 138053
-3181435 2 1 636287
-3181939 0 2 1061 2999
-3204184 33554432 1 400523
-3207619 0 2 239 13421
-3209491 1024 1 86743
-3217051 0 2 1567 2053
-3222227 0 2 281 11467
-3222923 8 1 292993
-3234772 0 1 808693
-3243827 1024 1 87671
-3246811 256 1 111959
-3250307 0 2 1153 2819
-3267112 67108864 1 408389
-3275123 0 2 109 30047
-3275299 0 2 251 13049
-3288088 33554432 1 411011
-3311764 0 1 827941
-3318139 8 1 301649
-3325667 0 2 107 31081
-3326243 32768 1 56377
-3354328 33554432 1 419291
-3355348 0 1 838837
-3361108 0 1 840277
-3362536 67108864 1 420317
-3376468 0 1 844117
-3381571 0 2 137 24683
-3386147 0 2 599 5653
-3395608 33554432 1 424451
-3395635 2 1 679127
-3402811 0 2 103 33037
-3404419 0 2 107 31817
-3411379 0 2 379 9001
-3414184 67108864 1 426773
-3415252 0 1 853813
-3419123 0 2 431 7933
-3422843 4096 1 79601
-3436648 67108864 1 429581
-3443971 0 2 251 13721
-3457547 0 2 197 17551
-3464488 67108864 1 433061
-3465832 67108864 1 433229
-3470987 16 1 266999
-3483988 0 1 870997
-3484307 512 1 112397
-3489379 0 2 191 18269
-3494539 1024 1 94447
-3497971 32 1 205763
-3504931 8192 1 74573
-3507736 33554432 1 438467
-3522803 0 2 181 19463
-3522968 33554432 1 440371
-3529315 2 1 705863
-3537499 4 1 505357
-3546587 8 1 322417
-3568267 0 2 839 4253
-3573931 256 1 123239
-3574507 4194304 1 40163
-3577939 32 1 210467
-3583715 2 1 716743
-3591811 32 1 211283
-3594203 0 2 761 4723
-3600808 67108864 1 450101
-3607291 0 2 107 33713
-3613771 4 1 516253
-3614731 64 1 190249
-3617387 0 2 167 21661
-3651827 0 2 109 33503
-3655283 0 2 139 26297
-3656851 8 1 332441
-3663515 2 1 732703
-3663931 0 2 431 8501
-3665908 0 1 916477
-3671704 33554432 1 458963
-3675323 2097152 1 44281
-3677251 512 1 118621
-3680788 0 1 920197
-3683899 256 1 127031
-3684712 67108864 1 460589
-3686068 0 1 921517
-3689627 0 2 263 14029
-3690859 256 1 127271
-3694763 32 1 217339
-3705923 16 1 285071
-3706051 32 1 218003
-3711811 0 2 103 36037
-3718819 16 1 286063
-3729211 0 2 587 6353
-3743515 2 1 748703
-3772312 33554432 1 471539
-3782659 0 2 719 5261
-3788203 2097152 1 45641
-3810691 0 2 103 36997
-3817171 0 2 719 5309
-3818299 128 1 166013
-3820219 16 1 293863
-3821848 33554432 1 477731
-3826307 0 2 1103 3469
-3827251 0 2 617 6203
-3827387 4096 1 89009
-3835891 64 1 201889
-3847315 2 1 769463
-3854371 0 2 1381 2791
-3870772 0 1 967693
-3880651 0 2 193 20107
-3897496 33554432 1 487187
-3915091 0 2 677 5783
-3926515 2 1 785303
-3946699 64 1 207721
-3960139 32768 1 67121
-3968152 33554432 1 496019
-3970963 0 2 271 14653
-3977515 2 1 795503
-3980212 0 1 995053
-3989992 67108864 1 498749
-3993331 0 2 139 28729
-3996568 33554432 1 499571
-4001539 65536 1 65599
-4015828 0 1 1003957
-4016212 0 1 1004053
-4024171 0 2 109 36919
-4028968 67108864 1 503621
-4035331 1024 1 109063
-4040147 8388608 1 41651
-4047091 1048576 1 51229
-4055131 2097152 1 48857
-4064371 2048 1 99131
-4093939 1024 1 110647
-4097419 0 2 109 37591
-4119028 0 1 1029757
-4132531 16 1 317887
-4132915 2 1 826583
-4134979 0 2 929 4451
-4135171 0 2 1621 2551
-4135603 256 1 142607
-4139507 0 2 1423 2909
-4144163 128 1 180181
-4146091 0 2 359 11549
-4151659 1024 1 112207
-4159768 33554432 1 519971
-4173172 0 1 1043293
-4180771 4 1 597253
-4184308 0 1 1046077
-4184723 0 2 587 7129
-4187539 4194304 1 47051
-4209112 33554432 1 526139
-4212115 2 1 842423
-4219339 0 2 1217 3467
-4221748 0 1 1055437
-4221859 512 1 136189
-4221947 0 2 449 9403
-4223731 0 2 557 7583
-4223848 67108864 1 527981
-4224691 256 1 145679
-4228219 0 2 109 38791
-4235627 8 1 385057
-4244131 0 2 271 15661
-4254115 2 1 850823
-4260052 0 1 1065013
-4261108 0 1 1065277
-4261667 524288 1 58379
-4264787 0 2 127 33581
-4273531 0 2 683 6257
-4274356 0 1 1068589
-4278772 0 1 1069693
-4281451 0 2 751 5701
-4282891 0 2 811 5281
-4283992 33554432 1 535499
-4292539 512 1 138469
-4296115 2 1 859223
-4297012 0 1 1074253
-4301083 0 2 1171 3673
-4311259 0 2 223 19333
-4319923 0 2 103 41941
-4327819 0 2 1061 4079
-4330459 4 1 618637
-4334248 67108864 1 541781
-4340603 0 2 719 6037
-4341467 16 1 333959
-4352035 2 1 870407
-4354891 0 2 179 24329
-4368424 67108864 1 546053
-4376179 0 2 569 7691
-4379419 8 1 398129
-4384267 0 2 307 14281
-4392859 0 2 607 7237
-4414132 0 1 1103533
-4426819 0 2 1951 2269
-4436248 33554432 1 554531
-4440979 262144 1 62549
-4441588 0 1 1110397
-4442008 33554432 1 555251
-4450339 128 1 193493
-4453492 0 1 1113373
-4461883 0 2 397 11239
-4464043 0 2 241 18523
-4465915 2 1 893183
-4479451 16777216 1 44351
-4484008 67108864 1 560501
-4492339 4096 1 104473
-4496728 33554432 1 562091
-4499227 0 2 421 10687
-4501912 33554432 1 562739
-4503763 8 1 409433
-4518376 67108864 1 564797
-4543576 33554432 1 567947
-4550723 0 2 233 19531
-4565507 0 2 593 7699
-4566347 0 2 137 33331
-4571179 0 2 173 26423
-4577659 8192 1 97397
-4580123 32 1 269419
-4582219 0 2 547 8377
-4585403 64 1 241337
-4589267 0 2 157 29231
-4600987 1024 1 124351
-4611028 0 1 1152757
-4619779 0 2 113 40883
-4626811 4 1 660973
-4627219 2048 1 112859
-4636888 33554432 1 579611
-4637491 0 2 907 5113
-4659412 0 1 1164853
-4666708 0 1 1166677
-4667059 0 2 1327 3517
-4671811 8388608 1 48163
-4682611 2097152 1 56417
-4690883 0 2 379 12377
-4708843 0 2 1759 2677
-4712059 8 1 428369
-4723627 0 2 389 12143
-4724059 512 1 152389
-4731139 4 1 675877
-4743988 0 1 1185997
-4747123 512 1 153133
-4750883 0 2 227 20929
-4780763 16 1 367751
-4787843 8192 1 101869
-4791451 4 1 684493
-4794835 2 1 958967
-4796035 2 1 959207
-4800244 0 1 1200061
-4805123 0 2 1993 2411
-4821283 128 1 209621
-4831819 0 2 197 24527
-4839508 0 1 1209877
-4848835 2 1 969767
-4849963 0 2 1319 3677
-4854043 0 2 1699 2857
-4859347 0 2 953 5099
-4875571 64 1 256609
-4883419 0 2 467 10457
-4886851 0 2 859 5689
-4900891 0 2 461 10631
-4903732 0 1 1225933
-4907752 67108864 1 613469
-4913332 0 1 1228333
-4917043 0 2 467 10529
-4922747 2048 1 120067
-4942843 32768 1 83777
-4955635 2 1 991127
-4964515 2 1 992903
-4966228 0 1 1241557
-4971107 0 2 241 20627
-4971352 33554432 1 621419
-4979851 256 1 171719
-4998115 2 1 999623
-4998772 0 1 1249693
-5000899 32768 1 84761
-5001748 0 1 1250437
-5009428 0 1 1252357
-5010083 16 1 385391
-5012635 2 1 1002527
-5012899 16384 1 94583
-5013859 524288 1 68683
-5020888 33554432 1 627611
-5025739 2048 1 122579
-5027347 16 1 386719
-5029588 0 1 1257397
-5029672 67108864 1 628709
-5071763 32 1 298339
-5082307 1048576 1 64333
-5095771 32768 1 86369
-5098699 0 2 1699 3001
-5099059 4 1 728437
-5103739 256 1 175991
-5110708 0 1 1277677
-5114563 4194304 1 57467
-5116315 2 1 1023263
-5125012 0 1 1281253
-5131531 0 2 181 28351
-5141131 0 2 1549 3319
-5148835 2 1 1029767
-5157115 2 1 1031423
-5171035 2 1 1034207
-5217811 0 2 577 9043
-5221243 131072 1 77929
-5221912 33554432 1 652739
-5226427 2097152 1 62969
-5231323 0 2 211 24793
-5232232 67108864 1 654029
-5232259 0 2 881 5939
-5239027 0 2 2141 2447
-5241979 0 2 103 50893
-5256232 67108864 1 657029
-5260312 33554432 1 657539
-5277115 2 1 1055423
-5281363 0 2 163 32401
-5309627 32 1 312331
-5315251 32768 1 90089
-5324131 4096 1 123817
-5330011 2097152 1 64217
-5336035 2 1 1067207
-5364427 0 2 139 38593
-5365699 0 2 229 23431
-5371411 0 2 109 49279
-5373208 33554432 1 671651
-5382707 8 1 489337
-5386579 8 1 489689
-5390548 0 1 1347637
-5390932 0 1 1347733
-5410651 0 2 109 49639
-5428459 0 2 2309 2351
-5430451 16 1 417727
-5432491 4096 1 126337
-5433563 64 1 285977
-5434699 0 2 1163 4673
-5437492 0 1 1359373
-5442331 0 2 127 42853
-5444723 0 2 193 28211
-5449768 67108864 1 681221
-5467435 2 1 1093487
-5480212 0 1 1370053
-5486323 1024 1 148279
-5494699 4 1 784957
-5495803 0 2 167 32909
-5509288 67108864 1 688661
-5510251 16384 1 103967
-5511563 0 2 131 42073
-5512219 8388608 1 56827
-5526952 67108864 1 690869
-5527843 128 1 240341
-5536915 2 1 1107383
-5541208 33554432 1 692651
-5543179 0 2 1979 2801
-5544523 64 1 291817
-5552323 4 1 793189
-5560435 2 1 1112087
-5568532 0 1 1392133
-5584843 8 1 507713
-5595235 2 1 1119047
-5596648 67108864 1 699581
-5601091 0 2 223 25117
-5605219 0 2 569 9851
-5625163 0 2 109 51607
-5627092 0 1 1406773
-5631667 4096 1 130969
-5632291 4 1 804613
-5633812 0 1 1408453
-5655259 16384 1 106703
-5670571 32 1 333563
-5687251 64 1 299329
-5698747 4096 1 132529
-5705563 0 2 283 20161
-5715988 0 1 1428997
-5718787 512 1 184477
-5729107 0 2 397 14431
-5734147 0 2 1009 5683
-5744563 8 1 522233
-5750107 8 1 522737
-5757931 64 1 303049
-5765035 2 1 1153007
-5768179 4194304 1 64811
-5774491 0 2 383 15077
-5781715 2 1 1156343
-5792851 0 2 127 45613
-5800003 8 1 527273
-5803051 0 2 109 53239
-5804212 0 1 1451053
-5807272 67108864 1 725909
-5813908 0 1 1453477
-5821883 0 2 1511 3853
-5830612 0 1 1457653
-5833747 0 2 107 54521
-5841235 2 1 1168247
-5854228 0 1 1463557
-5857123 0 2 271 21613
-5860072 67108864 1 732509
-5878003 512 1 189613
-5879092 0 1 1469773
-5879899 0 2 163 36073
-5882251 0 2 227 25913
-5883928 33554432 1 735491
-5886587 4 1 840941
-5887747 128 1 255989
-5918035 2 1 1183607
-5921035 2 1 1184207
-5930659 4 1 847237
-5931427 16777216 1 58727
-5936587 32 1 349211
-5946643 0 2 389 15287
-5952139 0 2 1481 4019
-5955112 67108864 1 744389
-5972227 4096 1 138889
-5981011 1048576 1 75709
-6001048 33554432 1 750131
