-100559
-133439
-165983
-172343
-205991
-212183
-213391
-214759
-225287
-230551
-235559
-243031
-258983
-272191
-281431
-286367
-395119
-414991
-419599
-448999
-460039
-515839
-543539
-544543
-546151
-551743
-563599
-630607
-632839
-642623
-657779
-666751
-689599
-695503
-707359
-711731
-714247
-718807
-724807
-739303
-743819
-756227
-783011
-795659
-798487
-810967
-821099
-824671
-837847
-854599
-856711
-859619
-874543
-876607
-879343
-882179
-902119
-902311
-913259
-913327
-953983
-954319
-957751
-962623
-984847
-1007891
-1028263
-1031431
-1066979
-1074083
-1078019
-1110127
-1142363
-1162859
-1167847
-1179583
-1208219
-1241263
-1242947
-1244819
-1255139
-1285903
-1290463
-1306667
-1308611
-1340527
-1342567
-1345811
-1356491
-1362103
-1371583
-1373627
-1385287
-1418167
-1426063
-1427143
-1433503
-1433623
-1434847
-1437223
-1450927
-1471403
-1478051
-1486451
-1497127
-1509971
-1540211
-1550603
-1563091
-1570043
-1570927
-1591783
-1606663
-1630619
-1661243
-1684307
-1686827
-1711643
-1725499
-1732883
-1788211
-1790651
-1801691
-1836827
-1868747
-1871459
-1872847
-1874623
-1876183
-1886267
-1894691
-1917059
-1953967
-1972283
-1985003
-2006611
-2007451
-2027843
-2042179
-2079247
-2084003
-2087147
-2088587
-2107531
-2108003
-2117147
-2152427
-2154499
-2172179
-2175707
-2192963
-2203163
-2206283
-2223607
-2249963
-2255147
-2268247
-2303767
-2310563
-2311163
-2320051
-2327579
-2337859
-2342363
-2347451
-2369251
-2372779
-2375963
-2395499
-2401807
-2406539
-2419523
-2492899
-2538443
-2545783
-2545891
-2595563
-2598707
-2623339
-2637419
-2645779
-2646923
-2679811
-2693059
-2703739
-2748827
-2764903
-2784563
-2804731
-2806211
-2817467
-2837867
-2847379
-2849963
-2854091
-2907419
-2983459
-2999483
-3011647
-3019579
-3024803
-3025651
-3097891
-3101491
-3136403
-3162619
-3198739
-3210803
-3251659
-3288619
-3290267
-3332363
-3351451
-3368851
-3369227
-3378691
-3380731
-3391939
-3394771
-3442163
-3521059
-3540451
-3550163
-3554227
-3559867
-3568003
-3575147
-3578683
-3580763
-3596731
-3600563
-3618259
-3628291
-3648107
-3652171
-3680363
-3685051
-3697163
-3715307
-3722491
-3724939
-3726739
-3763003
-3778427
-3806027
-3846347
-3913051
-3919171
-3923627
-3938107
-3939907
-3947659
-3972643
-3993683
-4013507
-4040419
-4049107
-4051891
-4096667
-4113379
-4188427
-4218763
-4224811
-4235923
-4255579
-4262267
-4265731
-4269211
-4273427
-4307131
-4330523
-4351339
-4366699
-4376243
-4394563
-4410787
-4437067
-4449619
-4464547
-4492123
-4502611
-4510483
-4531171
-4564411
-4570843
-4615099
-4623331
-4626707
-4640131
-4641811
-4670707
-4686307
-4700243
-4708339
-4742011
-4772483
-4840819
-4864043
-4899067
-4899379
-4909283
-4928971
-4945867
-4948963
-4990771
-5001163
-5012587
-5016083
-5022547
-5033227
-5056283
-5057587
-5075251
-5082211
-5090507
-5095171
-5115203
-5119267
-5153779
-5186491
-5198251
-5235091
-5279539
-5286859
-5293667
-5304811
-5384371
-5389171
-5478211
-5500507
-5523211
-5581531
-5583211
-5587187
-5589739
-5598067
-5599723
-5637811
-5645947
-5663611
-5694883
-5696107
-5710123
-5730811
-5736547
-5816731
-5835139
-5851603
-5857531
-5876683
-5888611
-5898163
-5901187
-5928451
-5939179
-5953459
-5954563
-5992291
-6019987
