-73559 32 1 4327
-76151 0 2 271 281
-78671 0 2 151 521
-95399 64 1 5021
-97655 2 1 19531
-97679 8405056 0
-109271 0 2 113 967
-111239 0 2 173 643
-129455 34 1 1523
-132935 10 1 2417
-136079 2048 1 3319
-136151 0 2 173 787
-141191 0 2 271 521
-147287 16388 1 397
-152255 1026 1 823
-154031 1152 1 181
-164159 0 2 139 1181
-169631 12 1 2203
-176255 2 1 35251
-187991 16384 1 3547
-190007 0 2 251 757
-194279 0 2 173 1123
-196367 32 1 11551
-197336 33554464 1 1451
-201764 0 1 50441
-202943 131088 1 233
-205124 64 1 2699
-206456 33554432 2 131 197
-213719 8 1 19429
-219023 131076 1 467
-232295 6 1 6637
-235823 32772 1 571
-238376 69206016 1 359
-238916 0 1 59729
-241007 16 1 18539
-242111 2097152 1 2917
-243176 67108864 2 113 269
-246679 33792 1 113
-248036 32768 1 1051
-251060 2 1 12553
-258455 2 1 51691
-266360 33554434 1 6659
-267704 33554432 2 109 307
-269671 288 1 547
-272303 0 2 317 859
-275204 0 2 107 643
-277271 0 2 179 1549
-279503 4 1 39929
-287255 524290 1 787
-293864 67108864 2 109 337
-295844 0 1 73961
-296255 2 2 193 307
-297415 34 1 3499
-299815 65538 1 983
-303224 33554688 1 1307
-304343 2064 1 571
-304639 0 2 353 863
-304724 4 1 10883
-305183 65536 1 5003
-306596 0 1 76649
-312215 2050 1 1523
-315023 0 2 211 1493
-316943 8 1 28813
-318344 67108880 1 3061
-322231 20 1 3541
-323384 33554432 1 40423
-323687 20 1 3557
-326207 4 1 46601
-327439 260 1 1613
-327959 2112 1 421
-329720 33554434 1 8243
-332936 67108864 1 41617
-337103 16 1 25931
-337247 0 2 163 2069
-338084 0 1 84521
-347455 2 1 69491
-348164 0 1 87041
-350567 65540 1 821
-350696 67141632 1 743
-353671 128 1 15377
-363455 2 2 157 463
-365719 256 1 12611
-369464 33554432 1 46183
-371807 32 1 21871
-372836 2097152 1 1123
-374543 8208 1 613
-374567 0 2 463 809
-374671 8 1 34061
-377095 16386 1 1423
-378751 131072 1 5653
-379784 67109120 1 1637
-380719 128 1 16553
-383876 64 1 5051
-386359 32 1 22727
-386495 34 1 4547
-391604 8192 1 2083
-395540 2 1 19777
-397231 0 2 163 2437
-397255 2 1 79451
-402344 67108928 1 2647
-406904 33554496 1 2677
-408151 65536 1 6691
-409076 512 1 3299
-409247 0 2 317 1291
-414536 67108864 1 51817
-417935 6 1 11941
-423491 576 1 719
-423944 67108864 2 197 269
-427343 2052 1 1489
-428263 8 1 38933
-435047 32 2 157 163
-438344 67108864 2 157 349
-440119 0 2 103 4273
-440695 16386 1 1663
-443359 4 1 63337
-446671 64 1 23509
-450116 0 2 131 859
-452455 34 1 5323
-453319 0 2 227 1997
-453944 33554432 2 179 317
-457880 33554434 1 11447
-458804 128 1 4987
-459059 1088 1 653
-460351 64 1 24229
-461864 67108880 1 4441
-462068 262144 1 1627
-463979 128 1 20173
-470479 0 2 107 4397
-476756 4 1 17027
-487519 256 1 16811
-488359 160 1 1249
-488939 8 1 44449
-488996 4096 1 2843
-489647 65664 1 349
-490823 262656 1 223
-492344 33554432 1 61543
-495631 0 2 439 1129
-498536 83886080 1 617
-505471 128 1 21977
-506719 2080 1 727
-508052 0 2 157 809
-508436 32 1 7477
-517463 65568 1 499
-521816 33554496 1 3433
-525956 0 1 131489
-527695 6 1 15077
-528583 264 1 1657
-531415 130 1 4621
-535111 0 2 199 2689
-537511 16 2 173 239
-542372 0 1 135593
-542699 0 2 397 1367
-545204 8 1 12391
-545423 18432 1 251
-546068 0 2 211 647
-547111 32 1 32183
-548087 0 2 157 3491
-548564 256 1 4729
-549044 0 2 317 433
-550724 0 2 131 1051
-550727 0 2 691 797
-551783 16640 1 359
-551935 2 2 167 661
-552116 2097152 1 1663
-559064 33554440 1 6353
-559556 32768 1 2371
-563924 32 1 8293
-563939 131136 1 443
-564632 33554432 2 163 433
-566696 67108880 1 5449
-570779 72 1 2731
-572339 32 2 131 257
-574951 8208 1 941
-576356 8 1 13099
-576440 33554434 1 14411
-576503 0 2 199 2897
-576655 2 1 115331
-578072 33554440 1 6569
-580484 0 1 145121
-591767 136 1 2339
-598591 4 1 85513
-600452 4096 1 3491
-602579 0 2 613 983
-605144 33685504 1 1129
-606344 67108864 1 75793
-606823 4 1 86689
-607571 0 2 191 3181
-610760 67108866 1 15269
-612055 2 2 167 733
-618740 2 1 30937
-620431 65540 1 1453
-620660 2 1 31033
-622136 33554496 1 4093
-622255 8388610 1 1283
-625880 33554434 1 15647
-630343 36 1 5297
-631592 67108880 1 6073
-633611 8 1 57601
-635887 4 1 90841
-640759 4 2 239 383
-640999 0 2 179 3581
-642680 33554434 1 16067
-643447 4 1 91921
-651635 16386 1 2459
-655735 2 2 313 419
-656215 6 1 18749
-656339 0 2 421 1559
-656647 256 1 22643
-656948 32 1 9661
-658567 20 1 7237
-658691 8 2 233 257
-660884 4 1 23603
-664807 24 1 4649
-664855 2 1 132971
-665108 32 1 9781
-666440 67108866 1 16661
-670015 2 2 103 1301
-672919 1040 1 1399
-673124 0 1 168281
-677671 32 1 39863
-679447 131072 1 10141
-682979 264 1 2141
-683732 4 1 24419
-688292 8 1 15643
-688532 16 1 13241
-688952 33554440 1 7829
-689215 2 2 307 449
-690392 33554432 2 211 409
-691255 2 1 138251
-694255 130 1 6037
-694927 768 1 773
-697336 33685504 1 1301
-698411 36 1 5869
-700663 64 1 36877
-701551 264192 1 241
-702344 67108864 1 87793
-704143 8 1 64013
-706331 16384 1 13327
-706543 16384 1 13331
-706772 8 1 16063
-707048 67109376 1 2851
-707815 16386 1 2671
-709331 4 1 101333
-712196 64 1 9371
-712280 33554434 1 17807
-713012 0 2 397 449
-713339 8 1 64849
-714392 33554436 1 12757
-716095 2 2 197 727
-720199 128 2 173 181
-721999 262144 1 10169
-724615 130 1 6301
-727543 0 2 631 1153
-731527 1056 1 1163
-733892 0 1 183473
-735860 2 1 36793
-741604 0 1 185401
-742676 8 1 16879
-746719 64 1 39301
-748111 20 1 8221
-748855 2 1 149771
-750872 33562624 1 1997
-751412 64 1 9887
-752552 67108928 1 4951
-753364 0 2 127 1483
-755492 131072 1 2819
-763208 67108864 1 95401
-763928 33554440 1 8681
-765127 8 1 69557
-765428 65536 1 3137
-767252 2097152 1 2311
-768899 0 2 787 977
-771860 2 1 38593
-772568 33554432 2 269 359
-776504 33554688 1 3347
-777608 67108880 1 7477
-778484 4 1 27803
-779540 2 1 38977
-779768 33554440 1 8861
-781112 33554432 2 251 389
-782516 4 1 27947
-782887 8388612 1 1153
-783059 264192 1 269
-783727 4 2 103 1087
-789944 33554496 1 5197
-792251 288 1 1607
-794884 64 1 10459
-796196 0 1 199049
-796327 4 1 113761
-797527 0 2 601 1327
-798488 33554432 2 151 661
-802744 33554432 1 100343
-805735 6 1 23021
-807464 67108868 1 14419
-807524 0 1 201881
-807608 33554432 2 157 643
-809815 2 2 149 1087
-812891 0 2 257 3163
-815044 0 1 203761
-823444 2048 1 5021
-825179 8396800 1 181
-825764 32768 1 3499
-831823 512 1 26833
-833863 0 2 463 1801
-836887 0 2 401 2087
-837764 0 1 209441
-840799 0 2 601 1399
-844040 67108866 1 21101
-844687 262144 1 11897
-846127 64 1 44533
-846164 8 1 19231
-846727 524292 1 1657
-850964 0 2 229 929
-853736 67108880 1 8209
-854984 67108880 1 8221
-855860 2 1 42793
-857192 67108868 1 15307
-857771 8389632 1 239
-858680 33554434 1 21467
-860215 4098 1 4001
-866167 32 1 50951
-867515 10 1 15773
-870011 0 2 149 5839
-871783 2056 1 1933
-872815 2 2 227 769
-873751 16779264 1 211
-873944 33554688 1 3767
-874255 2 1 174851
-874571 2099200 1 257
-876439 0 2 281 3119
-877019 24 1 6133
-877112 33554432 1 109639
-880868 0 1 220217
-882731 65792 1 499
-885851 0 2 683 1297
-892628 8 1 20287
-896312 33554432 2 181 619
-897416 67108880 1 8629
-898136 33554432 2 131 857
-898859 16 1 69143
-899383 0 2 701 1283
-901379 64 1 47441
-903295 34 1 10627
-905411 16 2 257 271
-907316 0 2 109 2081
-907892 32768 1 3847
-912659 264 1 2861
-912836 64 1 12011
-915032 33554560 1 4973
-915395 18 1 14083
-921991 4 1 131713
-922280 67108866 1 23057
-924415 2 2 293 631
-924964 0 1 231241
-924971 0 2 263 3517
-925255 2 1 185051
-925567 524800 1 409
-925636 0 1 231409
-928355 2097154 1 2237
-929252 64 1 12227
-930295 131074 1 2777
-933155 2 2 193 967
-934804 16 1 17977
-936055 2 1 187211
-940379 16392 1 1613
-944648 67108864 1 118081
-949448 67108864 1 118681
-949783 0 2 521 1823
-959239 131072 2 103 139
-960203 8388672 1 521
-962215 16386 1 3631
-970808 33554432 1 121351
-970916 0 1 242729
-971647 0 2 229 4243
-973064 67108864 1 121633
-977939 0 2 431 2269
-979015 2 2 103 1901
-980036 0 2 491 499
-981035 10 1 17837
-981320 67108866 1 24533
-982739 0 2 331 2969
-983339 4 1 140477
-983599 512 1 31729
-983959 2048 2 103 233
-985352 67108864 1 123169
-988063 512 1 31873
-988447 2097152 1 11909
-990539 40 1 5297
-997423 4194308 1 1601
-997652 64 1 13127
-1000996 64 1 13171
-1003331 4 1 143333
-1006615 2 2 109 1847
-1007455 2 1 201491
-1007795 16386 1 3803
-1011011 128 2 113 389
-1014971 768 1 1129
-1015687 8389632 1 283
-1017035 2 2 107 1901
-1018616 33554432 2 157 811
-1020484 0 1 255121
-1023895 8194 1 4357
-1024811 160 1 2621
-1025723 524288 1 14051
-1026395 2 2 103 1993
-1026703 64 1 54037
-1026724 0 2 283 907
-1027172 0 2 491 523
-1029332 0 2 277 929
-1029640 67108866 1 25741
-1030855 6 1 29453
-1033412 0 1 258353
-1033864 67108880 1 9941
-1035416 33554688 1 4463
-1036148 1024 1 7001
-1039748 0 1 259937
-1039879 0 2 233 4463
-1041851 2048 1 25411
-1045259 0 2 439 2381
-1046719 32768 2 113 157
-1047992 33554440 1 11909
-1048543 1056 1 1667
-1049579 1088 1 1493
-1049887 2304 1 883
-1051060 2 1 52553
-1053443 0 2 257 4099
-1053923 16 1 81071
-1055051 64 1 55529
-1056487 0 2 577 1831
-1057211 0 2 397 2663
-1059908 0 1 264977
-1060996 0 1 265249
-1061716 0 2 433 613
-1065080 33554434 1 26627
-1066324 4 1 38083
-1066571 8200 1 2063
-1066807 4 2 257 593
-1067815 6 1 30509
-1067819 4160 1 1307
-1071284 0 2 107 2503
-1071304 67108880 1 10301
-1074943 16777472 1 367
-1075423 16384 2 103 197
-1079195 18 1 16603
-1080703 32784 1 1409
-1081268 32 1 15901
-1081643 0 2 701 1543
-1083032 33554432 2 331 409
-1086079 288 1 2203
-1086515 66 1 11437
-1088291 128 1 47317
-1089236 0 2 307 887
-1089755 131074 1 3253
-1090019 4 1 155717
-1090328 34078720 1 1867
-1091195 6 1 31177
-1091768 33554432 1 136471
-1092943 1024 2 109 271
-1094948 0 2 331 827
-1096235 6 1 31321
-1107076 32768 1 4691
-1107367 8192 1 23561
-1107971 512 2 103 347
-1110728 67108864 1 138841
-1111207 0 2 137 8111
-1111652 64 1 14627
-1112404 512 1 8971
-1113460 2 1 55673
-1117835 34 1 13151
-1120447 8388608 1 11551
-1121263 24 1 7841
-1121503 128 1 48761
-1126835 1026 1 6091
-1127023 192 1 2579
-1127320 33554434 1 28183
-1127656 67109376 1 4547
-1129139 136 1 4463
-1129892 64 1 14867
-1132303 524288 1 15511
-1132664 33554448 1 10891
-1134436 0 1 283609
-1135447 32 1 66791
-1136915 18 1 17491
-1146299 12 1 14887
-1149496 33554432 1 143687
-1151407 262144 1 16217
-1152035 2 2 113 2039
-1154372 0 2 131 2203
-1160840 67108866 1 29021
-1162499 16 2 223 401
-1164932 0 2 179 1627
-1165156 64 1 15331
-1166915 2 2 419 557
-1169144 33587200 1 2477
-1169492 65536 1 4793
-1171019 4096 2 113 241
-1171303 4 1 167329
-1173032 67108868 1 20947
-1177384 67108880 1 11321
-1180619 264 1 3701
-1187012 0 1 296753
-1187743 128 2 113 457
-1188155 2 1 237631
-1192388 0 2 307 971
-1194823 4 1 170689
-1195403 8 2 109 997
-1196555 2 2 167 1433
-1199143 8 1 109013
-1200212 16 1 23081
-1200392 67108864 2 181 829
-1204340 2 1 60217
-1205252 32768 1 5107
-1206308 0 1 301577
-1208552 67108928 1 7951
-1211695 131074 1 3617
-1212920 33554434 1 30323
-1216567 8 1 110597
-1220564 128 1 13267
-1221092 64 1 16067
-1222211 0 2 787 1553
-1225355 2 1 245071
-1225807 8200 1 2371
-1227155 2097154 1 2957
-1228088 33554432 1 153511
-1228115 6 1 35089
-1231636 4 1 43987
-1233368 33554432 2 151 1021
-1233512 67108868 1 22027
-1237019 65540 1 2897
-1238555 2 1 247711
-1240355 2 1 248071
-1241732 0 1 310433
-1242155 2 1 248431
-1242404 0 2 131 2371
-1244116 128 1 13523
-1245899 0 2 383 3253
-1246292 0 2 173 1801
-1247240 67108866 1 31181
-1249748 8388608 1 3221
-1250335 258 1 8623
-1255096 33554432 1 156887
-1259699 4 1 179957
-1260664 33555456 1 4259
-1263995 524290 1 3463
-1264067 4194308 1 2029
-1267807 512 1 40897
-1270456 33554440 1 14437
-1271723 0 2 173 7351
-1275332 0 1 318833
-1280983 16777224 1 1153
-1281659 0 2 257 4987
-1282040 33554434 1 32051
-1282868 0 2 137 2341
-1286623 80 1 5209
-1289828 4096 1 7499
-1290872 33554440 1 14669
-1291955 6 1 36913
-1292164 0 2 211 1531
-1296635 2 2 173 1499
-1296664 33554432 2 109 1487
-1297207 2097152 1 15629
-1299032 33554436 1 23197
-1300783 8 1 118253
-1303643 520 1 3823
-1308308 0 2 379 863
-1308392 67110912 1 3989
-1311107 4 2 157 1193
-1312735 2 2 103 2549
-1315423 512 1 42433
-1322884 0 1 330721
-1323655 2 1 264731
-1327423 0 2 131 10133
-1327688 67108864 1 165961
-1327979 0 2 103 12893
-1330571 524296 1 1657
-1332035 34 1 15671
-1333087 4 2 157 1213
-1334072 33555456 1 4507
-1336744 67108896 1 9829
-1337108 0 2 223 1499
-1355192 33554432 1 169399
-1355651 8 2 251 491
-1356127 16777472 1 463
-1356776 67108864 2 181 937
-1358051 4194304 1 15259
-1363451 32 2 139 577
-1364404 0 2 347 983
-1366952 67108864 2 241 709
-1368539 2304 1 1151
-1373383 8 1 124853
-1376644 0 1 344161
-1377524 0 2 521 661
-1379480 33554434 1 34487
-1379767 4195328 1 419
-1383992 33554432 1 172999
-1385819 4194432 1 677
-1385828 131072 1 5171
-1386755 2 2 337 823
-1387859 8 2 281 449
-1389035 2 2 379 733
-1389812 64 1 18287
-1391492 0 1 347873
-1392856 33558528 1 4049
-1393412 0 1 348353
-1401992 67108864 2 173 1013
-1402207 65536 2 127 181
-1405352 67108880 1 13513
-1412536 33554496 1 9293
-1417903 2048 1 34583
-1419467 4 2 199 1019
-1420516 64 1 18691
-1420984 33554432 1 177623
-1422244 0 2 107 3323
-1425055 1026 1 7703
-1430383 132096 1 577
-1439887 0 2 353 4079
-1443299 24 1 10093
-1443752 67108864 2 251 719
-1446655 6 1 41333
-1448344 33554432 2 197 919
-1451335 2 2 109 2663
-1454008 33554432 1 181751
-1454408 67109120 1 6269
-1454584 33554432 2 173 1051
-1462235 2 2 109 2683
-1464979 0 2 467 3137
-1466363 262208 1 1087
-1470788 8 1 33427
-1471883 4 2 283 743
-1472315 18 1 22651
-1475179 64 1 77641
-1475315 2 2 109 2707
-1479203 264 1 4637
-1480091 0 2 401 3691
-1482607 4 1 211801
-1489691 32772 1 3607
-1492472 33554432 2 197 947
-1493176 33554432 1 186647
-1494520 33554434 1 37363
-1497343 32 1 88079
-1500995 2 2 317 947
-1506964 131072 1 5623
-1507336 67108864 1 188417
-1510084 0 1 377521
-1511032 33554496 1 9941
-1512971 0 2 569 2659
-1513384 83886080 1 1873
-1514468 131072 1 5651
-1517795 2 2 107 2837
-1518083 36 1 12757
-1518520 33554434 1 37963
-1526776 33554432 2 139 1373
-1530127 320 1 2777
-1536587 80 1 6221
-1537403 4 1 219629
-1540523 32 1 90619
-1540772 0 1 385193
-1543835 2 2 131 2357
-1543903 8192 2 107 307
-1544888 33554688 1 6659
-1553320 67108866 1 38833
-1554007 20 1 17077
-1555235 10 1 28277
-1555715 6 1 44449
-1556584 67108864 2 179 1087
-1558712 33554432 1 194839
-1562644 0 2 241 1621
-1565123 4 1 223589
-1571044 0 1 392761
-1572068 0 1 393017
-1573876 4194304 1 4421
-1574867 4 2 157 1433
-1581995 2 2 107 2957
-1584868 0 1 396217
-1585208 33554496 1 10429
-1589080 33554434 1 39727
-1591139 1048584 1 1831
-1593844 4 1 56923
-1594216 67108880 1 15329
-1599179 0 2 389 4111
-1600403 8388612 1 2357
-1602419 20 1 17609
-1603955 2 1 320791
-1604852 0 2 421 953
-1605556 256 1 13841
-1606072 33554448 1 15443
-1607555 4098 1 7477
-1607779 0 2 409 3931
-1607944 67108880 1 15461
-1611203 262152 1 2063
-1611491 4 1 230213
-1612499 4 1 230357
-1614823 4 2 349 661
-1619176 67108880 1 15569
-1620059 4 2 199 1163
-1621183 0 2 173 9371
-1621447 0 2 233 6959
-1622843 0 2 1033 1571
-1623155 524290 1 4447
-1623803 8192 1 34549
-1624232 67109120 1 7001
-1628047 0 2 337 4831
-1633624 33555456 1 5519
-1634623 1024 1 44179
-1635124 0 2 337 1213
-1635268 0 1 408817
-1638788 64 1 21563
-1639156 512 1 13219
-1640843 128 1 71341
-1641491 2097152 1 19777
-1644251 4 1 234893
-1647124 0 2 509 809
-1647304 67108864 1 205913
-1647583 4 1 235369
-1647755 2 1 329551
-1649795 6 1 47137
-1654255 2 2 373 887
-1657355 6 1 47353
-1657907 0 2 257 6451
-1659076 0 1 414769
-1662152 67108864 1 207769
-1665124 0 1 416281
-1668851 0 2 283 5897
-1668904 67108864 2 227 919
-1669667 0 2 443 3769
-1670795 6 1 47737
-1672516 0 1 418129
-1674196 131072 1 6247
-1676195 2 2 137 2447
-1676315 4194306 1 3767
-1678403 64 1 88337
-1679588 2097152 1 5059
-1680376 33554688 1 7243
-1680724 256 1 14489
-1682167 16416 1 1867
-1683908 0 1 420977
-1684403 2052 1 5869
-1685704 67108864 1 210713
-1692196 8 1 38459
-1694116 64 1 22291
-1697455 2 1 339491
-1698443 256 1 58567
-1703912 67108868 1 30427
-1704004 4096 1 9907
-1707923 4 1 243989
-1709219 2097152 1 20593
-1709555 2 1 341911
-1712147 8388672 1 929
-1715555 34 1 20183
-1717883 0 2 1069 1607
-1721192 67108872 1 19559
-1724884 4 1 61603
-1730023 8192 1 36809
-1735283 524296 1 2161
-1735432 67125248 1 4093
-1740532 2048 1 10613
-1744216 33554432 2 263 829
-1746452 524288 1 5981
-1746823 16 1 134371
-1746971 32 1 102763
-1751147 0 2 151 11597
-1754771 0 2 151 11621
-1755155 2 1 351031
-1756868 0 1 439217
-1761515 6 1 50329
-1762804 524288 1 6037
-1762979 32768 1 29881
-1767107 0 2 139 12713
-1776035 2 2 593 599
-1785604 0 1 446401
-1790179 524288 2 137 179
-1797364 0 2 641 701
-1798148 8 1 40867
-1798276 0 1 449569
-1799483 4 1 257069
-1803272 67125248 1 4253
-1807403 2064 1 3391
-1812340 2 1 90617
-1812803 2097152 1 21841
-1813432 33554432 2 419 541
-1814452 0 2 479 947
-1815124 32 1 26693
-1815368 67109888 1 6133
-1816355 2 1 363271
-1818088 67109376 1 7331
-1819979 516 1 8387
-1820296 67108864 1 227537
-1823768 33554432 2 277 823
-1825684 4 1 65203
-1825748 64 1 24023
-1826455 2 1 365291
-1832659 2048 1 44699
-1839107 0 2 149 12343
-1840423 131088 1 2113
-1840499 0 2 139 13241
-1840903 0 2 271 6793
-1841051 0 2 823 2237
-1841176 33554496 1 12113
-1846459 256 1 63671
-1848611 0 2 421 4391
-1851007 32768 2 137 229
-1851515 2 2 367 1009
-1852936 67174400 1 3797
-1853524 128 1 20147
-1859723 0 2 409 4547
-1860419 8 1 169129
-1860904 67108864 2 457 509
-1862404 0 2 563 827
-1866619 0 2 131 14249
-1869035 6 1 53401
-1871291 64 2 149 661
-1873427 32768 2 113 281
-1881571 262144 1 26501
-1884248 33554432 2 317 743
-1886228 0 2 269 1753
-1892680 67108866 1 47317
-1897396 0 2 347 1367
-1900088 33554432 2 109 2179
-1902947 1024 1 51431
-1905556 0 2 449 1061
-1908520 67108866 1 47713
-1908739 4 2 257 1061
-1908803 16 2 359 409
-1909787 8 1 173617
-1911091 20 1 21001
-1911736 33554432 1 238967
-1915187 128 1 83269
-1915336 67108864 1 239417
-1915835 2 2 107 3581
-1918936 33554560 1 10429
-1922836 32 1 28277
-1923035 262146 1 5417
-1923272 67108880 1 18493
-1924063 256 1 66347
-1925315 6 1 55009
-1930547 0 2 131 14737
-1933876 4 1 69067
-1936595 2 2 157 2467
-1936763 528384 1 617
-1951412 128 1 21211
-1956964 0 1 489241
-1960984 33554464 1 14419
-1961771 4 1 280253
-1963448 35651584 1 2957
-1963903 0 2 919 2137
-1964104 67108864 1 245513
-1964708 131072 1 7331
-1964843 2080 1 2819
-1966955 2 2 227 1733
-1967176 67108864 1 245897
-1968923 40 1 10529
-1969288 67109888 1 6653
-1969807 36 1 16553
-1970267 528 1 4889
-1970884 0 1 492721
-1971736 33554448 1 18959
-1973851 8 1 179441
-1979003 16 1 152231
-1979704 33554432 1 247463
-1981211 0 2 1327 1493
-1981240 33554434 1 49531
-1981571 2080 1 2843
-1982851 16 2 127 1201
-1984903 16416 1 2203
-1986424 33554440 1 22573
-1988296 67108864 1 248537
-1994584 33554432 2 283 881
-1994819 512 2 229 281
-1994968 33554688 1 8599
-1995640 33554434 1 49891
-2006195 8194 1 8537
-2007608 33554432 1 250951
-2009767 73728 1 701
-2011139 131088 1 2309
-2011684 0 1 502921
-2012228 4096 1 11699
-2013035 258 1 13883
-2013064 67109120 1 8677
-2016472 33554464 1 14827
-2021963 2097184 1 1433
-2027027 0 2 157 12911
-2028007 33792 1 929
-2031203 0 2 433 4691
-2031752 67108864 1 253969
-2035624 67125248 1 4801
-2039224 33554440 1 23173
-2039767 0 2 1231 1657
-2050907 0 2 491 4177
-2052259 8 1 186569
-2053955 2 2 277 1483
-2055268 64 1 27043
-2055607 524544 1 971
-2057032 67108864 2 389 661
-2057819 2097152 1 24793
-2058328 33554432 2 457 563
-2060971 8 1 187361
-2060995 34 1 24247
-2062663 128 1 89681
-2066824 67108864 1 258353
-2067256 33554432 1 258407
-2067515 2 2 197 2099
-2070467 4 2 227 1303
-2071448 34078720 1 3547
-2072963 65568 1 1999
-2073016 33554440 1 23557
-2073064 67108868 1 37019
-2078131 40 1 11113
-2078747 32776 1 3203
-2083667 0 2 601 3467
-2084795 34 1 24527
-2088755 2 1 417751
-2091563 4096 2 127 383
-2092715 2 2 571 733
-2093555 2 2 433 967
-2094724 0 1 523681
-2095355 16386 1 7907
-2097619 64 2 113 977
-2097976 33554688 1 9043
-2101355 2 1 420271
-2104264 67109888 1 7109
-2105848 33554432 2 461 571
-2106371 0 2 167 12613
-2107715 8194 1 8969
-2110372 8 1 47963
-2110691 72 1 10099
-2112155 2 1 422431
-2112227 8208 1 3457
-2112568 33554432 1 264071
-2113115 514 1 13633
-2115928 33556480 1 6451
-2117128 67108880 1 20357
-2119108 64 1 27883
-2121179 64 1 111641
-2126104 33554944 1 8573
-2129555 2 1 425911
-2129656 33554432 2 509 523
-2130452 0 2 103 5171
-2135539 8196 1 6491
-2136947 0 2 241 8867
-2138723 0 2 163 13121
-2142323 32 1 126019
-2144164 8 1 48731
-2149763 12 1 27919
-2150027 8 1 195457
-2155684 0 1 538921
-2156116 8388608 1 5557
-2160152 33554688 1 9311
-2163967 80 1 8761
-2164516 0 1 541129
-2165284 8 1 49211
-2169512 67108864 2 139 1951
-2174392 33554440 1 24709
-2178155 6 1 62233
-2178328 33554432 2 277 983
-2178488 33554448 1 20947
-2179099 16 1 167623
-2179955 2 2 127 3433
-2181880 33554434 1 54547
-2186503 8 2 197 1009
-2188660 2 1 109433
-2191379 0 2 463 4733
-2191652 0 2 347 1579
-2191972 131072 1 8179
-2193892 64 1 28867
-2195080 67108866 1 54877
-2195371 0 2 271 8101
-2196443 512 1 70853
-2199467 128 1 95629
-2200427 1024 1 59471
-2202299 40 1 11777
-2202683 4 2 419 751
-2203067 524288 2 103 293
-2204503 516 1 10159
-2205256 67108864 1 275657
-2205460 2 1 110273
-2205556 4096 1 12823
-2208004 0 1 552001
-2212888 33554432 2 163 1697
-2214223 16777224 1 1993
-2220259 1152 1 2609
-2220532 1048576 1 7027
-2224139 0 2 139 16001
-2227043 20 1 24473
-2227187 32 1 131011
-2227303 524304 1 2347
-2229211 2048 1 54371
-2229784 33554432 2 167 1669
-2230612 8388608 1 5749
-2231003 0 2 1069 2087
-2233283 1040 1 4643
-2239060 2 1 111953
-2240435 2 2 163 2749
-2244472 33554432 2 157 1787
-2245636 0 1 561409
-2246152 67108864 1 280769
-2248264 67108864 1 281033
-2250083 32776 1 3467
-2251204 32768 1 9539
-2252531 0 2 673 3347
-2255267 4 2 199 1619
-2255555 131074 1 6733
-2255851 80 1 9133
-2256568 33554432 1 282071
-2257427 65664 1 1609
-2258579 32768 1 38281
-2258611 0 2 139 16249
-2258627 4 2 229 1409
-2259272 67108864 1 282409
-2259619 8192 2 131 367
-2260835 2 2 139 3253
-2260952 33554432 2 409 691
-2262571 0 2 773 2927
-2262683 32 2 167 797
-2267963 0 2 109 20807
-2268808 67108864 1 283601
-2272835 2050 1 11087
-2276987 32768 1 38593
-2278996 512 1 18379
-2280347 1024 1 61631
-2282296 33554432 1 285287
-2284564 0 2 467 1223
-2284651 0 2 613 3727
-2285732 0 1 571433
-2286563 1280 1 2131
-2286755 34 1 26903
-2287835 10 1 41597
-2288299 16 1 176023
-2290187 512 1 73877
-2292628 16 1 44089
-2293240 33554434 1 57331
-2293687 8 2 109 1913
-2294527 512 1 74017
-2297012 0 2 151 3803
-2300387 2112 1 2953
-2300596 64 1 30271
-2304184 33554432 1 288023
-2305907 0 2 523 4409
-2307908 0 1 576977
-2308564 0 2 233 2477
-2315860 2 1 115793
-2315944 67108896 1 17029
-2317699 0 2 151 15349
-2318920 67108866 1 57973
-2324435 2 2 397 1171
-2327627 256 1 80263
-2329171 16 1 179167
-2330987 4096 2 151 359
-2333464 33554436 1 41669
-2335715 34 1 27479
-2336008 67109120 1 10069
-2339528 67108864 1 292441
-2340616 67108864 1 292577
-2341099 0 2 1109 2111
-2341355 2 1 468271
-2341835 34 1 27551
-2342483 24 1 16381
-2345603 131088 1 2693
-2346571 0 2 443 5297
-2346583 0 2 1511 1553
-2349316 0 2 523 1123
-2349688 33554440 1 26701
-2351131 0 2 1489 1579
-2353835 10 1 42797
-2354627 2097160 1 2579
-2355515 65538 1 7723
-2356051 128 1 102437
-2359204 131072 1 8803
-2359907 65544 1 3517
-2363944 67108872 1 26863
-2364343 32 1 139079
-2365907 288 1 4799
-2366152 67108864 1 295769
-2366603 1048832 1 1033
-2367979 0 2 233 10163
-2370331 1024 1 64063
-2370932 128 1 25771
-2372344 33554448 1 22811
-2377763 131200 1 1543
-2384167 0 2 601 3967
-2384915 18 1 36691
-2390747 0 2 191 12517
-2391155 18 1 36787
-2391992 33554432 1 298999
-2392324 8 1 54371
-2394436 8 1 54419
-2395048 69206016 1 3607
-2396344 33587200 1 5077
-2396507 65568 1 2311
-2397323 544 1 4549
-2400484 0 2 571 1051
-2403755 2 2 107 4493
-2405915 130 1 20921
-2408536 33554448 1 23159
-2410763 0 2 193 12491
-2413108 0 2 353 1709
-2413307 524304 1 2543
-2414344 67108864 1 301793
-2422088 67108864 2 277 1093
-2425067 288 1 4919
-2426003 131072 1 36209
-2428996 0 1 607249
-2433019 0 2 257 9467
-2441059 128 2 211 503
-2442139 4 2 409 853
-2443204 0 1 610801
-2444915 10 1 44453
-2445496 33558528 1 7109
-2448847 256 1 84443
-2449732 0 2 523 1171
-2450692 0 2 227 2699
-2454323 0 2 139 17657
-2457208 33554448 1 23627
-2458651 16 1 189127
-2458936 33554432 1 307367
-2459483 16 2 277 683
-2460847 4096 2 151 379
-2461979 16 2 229 827
-2468356 8 1 56099
-2470883 1048576 1 31277
-2472424 67109120 1 10657
-2477764 32768 1 10499
-2482936 33554432 2 149 2083
-2485720 33554434 1 62143
-2485768 67108864 1 310721
-2485816 33554432 1 310727
-2487112 67108864 1 310889
-2489812 16 1 47881
-2491115 10 1 45293
-2493124 0 1 623281
-2493460 2 1 124673
-2494531 16 2 311 617
-2498824 67108864 1 312353
-2501123 18432 1 1151
-2501335 16386 1 9439
-2505976 33554440 1 28477
-2512072 83886080 1 3109
-2516212 0 2 107 5879
-2518696 67108864 2 149 2113
-2520376 33554432 1 315047
-2521588 0 2 311 2027
-2522035 34 1 29671
-2522308 0 1 630577
-2526772 64 1 33247
-2527048 67108864 1 315881
-2532232 67174400 1 5189
-2532472 33554496 1 16661
-2533204 32 1 37253
-2539156 0 2 103 6163
-2540195 6 1 72577
-2542099 4 1 363157
-2544323 0 2 541 4703
-2544340 2 1 127217
-2547640 33554434 1 63691
-2549080 33554434 1 63727
-2549179 2097152 1 30713
-2550211 0 2 257 9923
-2552920 33554434 1 63823
-2553496 33554440 1 29017
-2554388 16384 1 12049
-2554408 69206016 1 3847
-2555464 67108864 1 319433
-2562292 128 1 27851
-2564003 16 2 127 1553
-2564167 0 2 1511 1697
-2567731 32 2 131 1153
-2569235 524290 1 7039
-2574923 2064 1 4831
-2577448 67108864 2 199 1619
-2580331 524304 1 2719
-2582339 0 2 233 11083
-2584955 2 1 516991
-2585320 67108866 1 64633
-2591320 33554434 1 64783
-2591704 33554432 2 131 2473
-2592019 0 2 1601 1619
-2595635 6 1 74161
-2596051 256 1 89519
-2599672 33554432 2 107 3037
-2601460 2 1 130073
-2601683 4 1 371669
-2602648 33554432 2 263 1237
-2603128 33554440 1 29581
-2603812 0 1 650953
-2605444 0 1 651361
-2607364 0 1 651841
-2608051 2048 1 63611
-2615059 32 2 199 773
-2615267 2048 2 227 281
-2615723 8 2 401 593
-2616280 33554434 1 65407
-2617043 24 1 18301
-2619827 8196 1 7963
-2621003 12 1 34039
-2622635 2 2 431 1217
-2625155 18 1 40387
-2629492 32 1 38669
-2631155 2 1 526231
-2638084 0 1 659521
-2638228 0 2 157 4201
-2641636 0 1 660409
-2645003 256 2 223 409
-2647732 262144 1 9323
-2648659 524304 1 2791
-2649124 0 1 662281
-2650523 0 2 131 20233
-2650547 0 2 967 2741
-2653720 33554434 1 66343
-2655355 2 1 531071
-2656355 18 1 40867
-2657419 557056 1 617
-2662115 34 1 31319
-2663608 33554432 1 332951
-2667827 32 2 139 1129
-2674744 33554496 1 17597
-2674835 514 1 17257
-2674907 0 2 251 10657
-2676148 4096 1 15559
-2677699 0 2 317 8447
-2677763 8 1 243433
-2687507 8192 2 211 271
-2688004 8 1 61091
-2688328 67108864 1 336041
-2689208 33554432 1 336151
-2692292 0 1 673073
-2696555 2 1 539311
-2707732 0 2 151 4483
-2709139 0 2 941 2879
-2712331 0 2 757 3583
-2714008 33554440 1 30841
-2717419 0 2 127 21397
-2717908 0 2 239 2843
-2719927 4 2 337 1153
-2720435 16777218 1 5387
-2721467 4 1 388781
-2722307 4 1 388901
-2722868 256 1 23473
-2723764 64 1 35839
-2727352 33554432 1 340919
-2728504 33554432 1 341063
-2731219 0 2 131 20849
-2747387 32 1 161611
-2747659 32 1 161627
-2750987 1024 2 149 499
-2751443 524288 1 37691
-2755051 16 1 211927
-2756680 67108866 1 68917
-2766088 67108880 1 26597
-2767955 2 1 553591
-2771128 33554432 1 346391
-2773187 1024 2 241 311
-2773688 33554432 1 346711
-2776643 2048 1 67723
-2779651 4 1 397093
-2782283 4 1 397469
-2782408 67108864 1 347801
-2783432 67108864 1 347929
-2785828 0 1 696457
-2786051 16384 1 52567
-2786344 67108872 1 31663
-2787635 2 2 359 1553
-2790467 256 1 96223
-2790587 64 2 193 761
-2791067 0 2 1459 1913
-2792632 33554432 1 349079
-2794024 67108864 2 311 1123
-2799395 2 2 677 827
-2801027 0 2 509 5503
-2801608 67174400 1 5741
-2806072 33554496 1 18461
-2810644 32 1 41333
-2811467 0 2 991 2837
-2813435 258 1 19403
-2816068 0 1 704017
-2816692 0 2 683 1031
-2819059 32 2 139 1193
-2820859 256 2 211 461
-2822527 32 1 166031
-2827307 4 1 403901
-2829928 67109376 1 11411
-2830747 0 2 907 3121
-2833528 33558528 1 8237
-2848555 2 1 569711
-2850083 1052672 1 839
-2850443 3072 1 1879
-2860051 64 2 109 1381
-2871508 64 1 37783
-2874083 524288 1 39371
-2877155 2 1 575431
-2879320 33554434 1 71983
-2885843 0 2 223 12941
-2893288 67110912 1 8821
-2895496 67125248 1 6829
-2895635 2 2 271 2137
-2895827 8 1 263257
-2897944 33554436 1 51749
-2900843 8 2 307 859
-2902948 0 1 725737
-2903224 33554432 1 362903
-2911288 33554432 1 363911
-2911915 130 1 25321
-2912680 67108866 1 72817
-2912743 128 1 126641
-2914763 327680 1 673
-2917240 33554434 1 72931
-2917835 258 1 20123
-2924867 40 1 15641
-2926595 6 1 83617
-2928979 524288 1 40123
-2929555 2 1 585911
-2932087 327680 1 677
-2935672 33685504 1 5477
-2940683 0 2 163 18041
-2940739 0 2 1013 2903
-2943707 16 2 367 617
-2944355 2 1 588871
-2946040 33554434 1 73651
-2948296 67108880 1 28349
-2952244 0 2 461 1601
-2955739 32 1 173867
-2958052 0 1 739513
-2958184 67239936 1 5519
-2958388 0 2 733 1009
-2958916 4096 1 17203
-2960644 0 1 740161
-2962744 33587200 1 6277
-2965240 33554434 1 74131
-2966867 0 2 619 4793
-2969603 20 1 32633
-2972548 0 1 743137
-2972699 262144 2 149 281
-2973115 2050 1 14503
-2973208 33554436 1 53093
-2973496 33554432 2 491 757
-2976952 33554440 1 33829
-2988235 2 2 109 5483
-2992427 0 2 1187 2521
-2996627 4096 2 227 307
-2996963 1024 2 107 757
-2998579 160 1 7669
-3001307 0 2 149 20143
-3002387 32 1 176611
-3007012 0 1 751753
-3009355 4098 1 13997
-3011723 24 1 21061
-3017987 4 1 431141
-3018136 33554440 1 34297
-3021155 34 1 35543
-3022939 0 2 769 3931
-3025576 67108864 2 131 2887
-3030323 0 2 251 12073
-3031108 64 1 39883
-3031156 4096 1 17623
-3033947 4 1 433421
-3034187 528 1 7529
-3036083 0 2 193 15731
-3037835 2 2 467 1301
-3042388 32 1 44741
-3042683 4 2 593 733
-3045604 4096 1 17707
-3048635 2 2 127 4801
-3055588 0 1 763897
-3060280 33554434 1 76507
-3064312 33685504 1 5717
-3064435 10 1 55717
-3065236 32 1 45077
-3066155 2 1 613231
-3066628 0 2 179 4283
-3067048 67108864 2 107 3583
-3069652 32768 1 13007
-3072691 0 2 293 10487
-3072979 20 1 33769
-3075755 2 1 615151
-3087604 16 1 59377
-3088459 8 1 280769
-3088579 16 2 193 1231
-3092515 2 2 569 1087
-3095555 2 1 619111
-3102952 67108864 2 397 977
-3102979 8 1 282089
-3108520 67108866 1 77713
-3108979 128 1 135173
-3109720 33554434 1 77743
-3111715 2 2 233 2671
-3115720 67108866 1 77893
-3115816 67108872 1 35407
-3116171 64 2 401 409
-3116539 0 2 199 15661
-3116788 0 2 373 2089
-3125560 33554434 1 78139
-3125956 64 1 41131
-3128147 8 1 284377
-3128507 65536 1 51287
-3129259 4 2 409 1093
-3129931 4 1 447133
-3130891 0 3 103 113 269
-3146795 2 2 263 2393
-3146843 4 1 449549
-3150388 524288 1 10789
-3150548 0 2 563 1399
-3150587 1032 1 7741
-3150856 67108864 1 393857
-3151252 16 1 60601
-3152539 16 2 281 863
-3161668 0 1 790417
-3162083 0 2 1087 2909
-3163876 0 1 790969
-3164884 0 2 397 1993
-3166787 80 1 12821
-3167428 8 1 71987
-3167860 2 1 158393
-3168952 33554432 1 396119
-3171256 33554440 1 36037
-3172024 33558528 1 9221
-3172996 0 2 283 2803
-3173867 0 2 197 16111
-3175907 68 1 23879
-3177227 5120 1 1997
-3177691 40 1 16993
-3179044 8 1 72251
-3180388 0 1 795097
-3184771 524288 1 43627
-3189971 256 2 317 347
-3190744 33554560 1 17341
-3194680 33554434 1 79867
-3200836 0 1 800209
-3201347 128 2 181 769
-3201460 2 1 160073
-3202516 0 2 227 3527
-3206419 131072 1 47857
-3206680 33554434 1 80167
-3209188 0 1 802297
-3209320 67108866 1 80233
-3213331 8 2 293 997
-3213604 0 2 563 1427
-3218371 1040 1 6691
-3218827 128 2 349 401
-3228088 33554432 1 403511
-3228952 33587200 1 6841
-3229768 67108864 1 403721
-3229787 8 1 293617
-3231923 4096 1 75161
-3232783 4096 1 75181
-3234568 67108864 1 404321
-3239560 67108866 1 80989
-3240772 0 1 810193
-3242212 0 1 810553
-3244532 0 2 443 1831
-3247459 32 1 191027
-3248548 0 1 812137
-3249307 32768 1 55073
-3249451 1536 1 2833
-3251611 8 1 295601
-3254584 33558528 1 9461
-3254747 0 2 1723 1889
-3255331 16777216 2 167 193
-3263236 0 1 815809
-3263272 67110912 1 9949
-3268952 33554432 2 401 1019
-3274120 67108866 1 81853
-3274996 0 2 163 5023
-3277547 20 1 36017
-3280948 8 1 74567
-3282019 16 1 252463
-3282628 0 1 820657
-3283771 32 1 193163
-3288616 67108896 1 24181
-3289652 0 2 277 2969
-3295288 33554432 2 109 3779
-3295835 66 1 34693
-3299155 2 1 659831
-3302212 0 1 825553
-3302315 2 2 353 1871
-3302483 16384 1 62311
-3304408 33554432 2 317 1303
-3304660 2 1 165233
-3306355 18 1 50867
-3310411 16 1 254647
-3313403 128 1 144061
-3313771 192 1 7583
-3316523 4 1 473789
-3319027 1048576 1 42013
-3319864 33619968 1 6803
-3322315 2 2 503 1321
-3322936 33554688 1 14323
-3323896 33554432 2 163 2549
-3324616 67108864 1 415577
-3324628 0 2 271 3067
-3324755 6 1 94993
-3325912 33554496 1 21881
-3327107 4 1 475301
-3327652 0 1 831913
-3327928 33555456 1 11243
-3334792 67108864 1 416849
-3335483 128 1 145021
-3335779 0 2 157 21247
-3348568 33554432 2 223 1877
-3355907 16512 1 2753
-3356611 0 2 443 7577
-3362104 33554432 1 420263
-3366139 4 2 197 2441
-3373924 0 2 107 7883
-3375544 33554432 1 421943
-3377987 128 2 227 647
-3379048 67141632 1 7159
-3385291 20 1 37201
-3386872 33554432 2 181 2339
-3387739 128 1 147293
-3389483 0 2 1783 1901
-3396083 0 2 197 17239
-3396811 8 1 308801
-3398147 8224 1 4253
-3399496 67109120 1 14653
-3400948 512 1 27427
-3404539 8224 1 4261
-3406051 8 2 419 739
-3407363 4096 1 79241
-3408739 4096 1 79273
-3417460 2 1 170873
-3418648 50331648 1 4231
-3423955 2 1 684791
-3424312 33554432 1 428039
-3426083 2048 1 83563
-3426148 8 1 77867
-3426683 16 1 263591
-3428536 33554432 1 428567
-3431848 67108868 1 61283
-3432683 0 3 127 151 179
-3433787 4 1 490541
-3436084 0 2 179 4799
-3439219 36 1 28901
-3439571 0 2 419 8209
-3442372 0 1 860593
-3443080 67108866 1 86077
-3443507 0 2 233 14779
-3446027 16 1 265079
-3446707 8 2 431 727
-3447835 66 1 36293
-3453331 4 1 493333
-3464659 264 1 10861
-3465064 67108864 2 181 2393
-3465571 4194432 1 1693
-3471203 131072 2 103 503
-3471208 67108880 1 33377
-3476104 67108864 2 389 1117
-3476548 0 1 869137
-3477016 33554432 2 223 1949
-3477979 32 1 204587
-3481643 8 2 113 2801
-3483467 16 1 267959
-3486004 0 2 149 5849
-3486052 0 1 871513
-3489019 768 1 3881
-3489832 67108864 2 379 1151
-3491971 4 2 233 2141
-3496187 4194304 2 163 241
-3498115 2 2 241 2903
-3499336 67108864 2 109 4013
-3502468 0 1 875617
-3507707 132 1 21787
-3508552 67108864 1 438569
-3511219 64 2 181 1021
-3511492 0 1 877873
-3513499 72 1 16811
-3514643 2056 1 7793
-3514948 0 1 878737
-3515080 67108866 1 87877
-3515627 2112 1 4513
-3517579 16 1 270583
-3521464 33554432 1 440183
-3525211 256 1 121559
-3528340 2 1 176417
-3538595 2 2 113 6263
-3541672 67125248 1 8353
-3541768 67108864 1 442721
-3542260 2 1 177113
-3543427 0 2 127 27901
-3544372 16 1 68161
-3548779 16 1 272983
-3551416 33554440 1 40357
-3558211 512 1 114781
-3559403 64 1 187337
-3559588 32768 1 15083
-3561691 4194308 1 5717
-3561988 131072 1 13291
-3567268 0 1 891817
-3567635 514 1 23017
-3567683 131076 1 7607
-3570712 33554688 1 15391
-3573412 0 2 139 6427
-3575851 0 3 103 149 233
-3580516 0 2 283 3163
-3581035 2097154 1 8629
-3587224 33555456 1 12119
-3589667 2162688 1 709
-3596932 0 1 899233
-3597859 64 1 189361
-3598507 8 2 277 1181
-3598648 33554432 2 149 3019
-3599080 67108866 1 89977
-3609467 8388608 2 127 293
-3611779 512 2 263 443
-3616651 2048 1 88211
-3620548 0 1 905137
-3628888 33554464 1 26683
-3635155 2 2 193 3767
-3636280 33554434 1 90907
-3641491 4 1 520213
-3642091 64 1 191689
-3643396 0 1 910849
-3649480 67108866 1 91237
-3650315 2 2 131 5573
-3660388 64 1 48163
-3666772 64 1 48247
-3667288 33554432 2 557 823
-3667883 0 2 397 9239
-3670804 0 2 277 3313
-3677368 33554432 1 459671
-3678467 16 1 282959
-3686899 0 2 107 34457
-3689032 67109120 1 15901
-3693155 1026 1 19963
-3693208 33554688 1 15919
-3694936 33554436 1 65981
-3695572 512 1 29803
-3696520 67108866 1 92413
-3696808 67108864 2 137 3373
-3698491 65536 1 60631
-3700120 33554434 1 92503
-3701011 32768 2 149 421
-3705547 0 2 281 13187
-3708664 33558528 1 10781
-3709864 67108928 1 24407
-3710116 0 1 927529
-3719635 2 2 293 2539
-3725908 128 1 40499
-3735064 33554432 2 541 863
-3737428 0 2 241 3877
-3740584 67109376 1 15083
-3743032 33554432 1 467879
-3744595 2 2 127 5897
-3752548 0 2 643 1459
-3752932 0 1 938233
-3760276 16 1 72313
-3760987 8192 1 80021
-3772435 131074 1 11261
-3774211 4 2 107 5039
-3776395 6 1 107897
-3777448 67108864 2 149 3169
-3777451 160 1 9661
-3781048 33554432 1 472631
-3783028 1024 1 25561
-3783203 0 2 127 29789
-3785512 67108864 2 163 2903
-3787204 0 1 946801
-3792691 4 2 239 2267
-3796651 4194560 1 1471
-3797147 0 2 503 7549
-3799339 8192 2 229 353
-3802291 128 1 165317
-3804040 67108866 1 95101
-3807163 64 2 151 1327
-3812627 20 1 41897
-3813028 0 2 907 1051
-3818083 2097152 2 157 293
-3821992 67108864 2 643 743
-3824779 36 1 32141
-3827851 0 2 661 5791
-3829835 2 2 137 5591
-3839483 0 2 1523 2521
-3840955 2 1 768191
-3841156 8 1 87299
-3844411 1024 1 103903
-3847540 2 1 192377
-3847547 8 2 257 1361
-3848632 33554432 2 139 3461
-3848644 0 1 962161
-3849268 0 2 263 3659
-3850427 4 1 550061
-3853219 64 2 139 1459
-3853732 64 1 50707
-3859699 2176 1 4093
-3861859 0 2 1753 2203
-3866740 2 1 193337
-3868120 33554434 1 96703
-3868447 8 2 401 877
-3870187 128 1 168269
-3870280 67108866 1 96757
-3874084 0 1 968521
-3875128 33554432 2 691 701
-3878131 512 1 125101
-3886555 4098 1 18077
-3886955 2 1 777391
-3887608 33685504 1 7253
-3892699 256 2 269 499
-3897211 0 3 103 157 241
-3897235 130 1 33889
-3898531 20 1 42841
-3899723 32768 2 157 421
-3899908 0 1 974977
-3900292 8 1 88643
-3901219 4 2 109 5113
-3902123 0 2 337 11579
-3903124 0 2 167 5843
-3904852 4 1 139459
-3905971 32 1 229763
-3912619 16384 1 73823
-3916948 4 1 139891
-3920680 67108866 1 98017
-3921235 258 1 27043
-3928523 4096 2 103 887
-3929539 1048576 1 49741
-3933448 67125248 1 9277
-3933688 33554440 1 44701
-3933835 8388610 1 8111
-3933880 33554434 1 98347
-3933892 0 2 491 2003
-3934403 136 1 15551
-3935812 64 1 51787
-3939091 16 1 303007
-3941755 2 1 788351
-3949891 72 1 18899
-3951172 0 1 987793
-3951211 2056 1 8761
-3952187 0 2 139 28433
-3952792 35651584 1 5953
-3955768 33554432 1 494471
-3957083 16 1 304391
-3961459 544 1 7517
-3963619 8 2 409 881
-3966232 33554432 2 359 1381
-3967531 4194304 1 44579
-3968179 0 2 1063 3733
-3970555 2 1 794111
-3974632 67108864 2 691 719
-3979924 16 1 76537
-3982648 33554432 1 497831
-3984532 0 2 311 3203
-3985636 0 1 996409
-3986491 1024 2 163 661
-3987083 1024 2 197 547
-3988168 67108864 1 498521
-3988307 0 2 271 14717
-3988648 69206016 1 6007
-3995428 0 1 998857
-3999811 1056 1 6359
-4000099 0 2 199 20101
-4003540 2 1 200177
-4022104 33554432 2 139 3617
-4022195 2 2 167 4817
-4022968 33554432 2 157 3203
-4027288 33554688 1 17359
-4031419 4 2 173 3329
-4032451 32 1 237203
-4032856 33554688 1 17383
-4034872 33554432 1 504359
-4035643 0 2 103 39181
-4036043 8 2 163 2251
-4038499 0 2 821 4919
-4040659 1028 1 15601
-4046395 2 2 383 2113
-4048163 4 1 578309
-4052548 64 1 53323
-4053955 2 1 810791
-4053979 1024 1 109567
-4058155 34 1 47743
-4061608 67112960 1 11807
-4078264 33554432 1 509783
-4081144 33619968 1 8363
-4085971 0 2 127 32173
-4086451 66048 1 2161
-4087540 2 1 204377
-4088680 67108866 1 102217
-4089571 32 2 109 2207
-4094059 524320 1 3299
-4099960 33554434 1 102499
-4102228 16 1 78889
-4106344 67108872 1 46663
-4106392 33554432 2 233 2203
-4107403 36864 1 1619
-4108651 2176 1 4357
-4111651 32768 2 227 307
-4111864 33554432 2 173 2971
-4115752 67108864 2 499 1031
-4116520 67108866 1 102913
-4122292 256 1 35537
-4125988 32768 1 17483
-4131592 67108864 1 516449
-4134763 65536 1 67783
-4139371 262144 2 173 337
-4140515 514 1 26713
-4143235 66 1 43613
-4145995 6 1 118457
-4146523 0 2 997 4159
-4146664 67109888 1 14009
-4154404 0 1 1038601
-4160539 1152 1 4889
-4162819 0 3 109 181 211
-4164235 34 1 48991
-4167739 0 2 1997 2087
-4169179 16777220 1 5897
-4172923 0 2 1697 2459
-4177636 0 1 1044409
-4180312 41943040 1 5387
-4184884 8 1 95111
-4187572 524288 1 14341
-4189912 33685504 1 7817
-4190596 0 1 1047649
-4199572 16 1 80761
-4201096 67108864 1 525137
-4202452 32768 1 17807
-4202507 0 2 1667 2521
-4205299 4 2 701 857
-4208212 0 2 773 1361
-4208440 33554434 1 105211
-4214548 16 1 81049
-4217656 33554432 1 527207
-4219763 0 2 191 22093
-4224707 4160 1 5171
-4227688 69206016 1 6367
-4228660 2 1 211433
-4232107 8 1 384737
-4233508 0 1 1058377
-4237972 0 2 911 1163
-4242772 0 2 727 1459
-4242811 0 2 113 37547
-4245211 4194304 1 47699
-4245508 0 1 1061377
-4246468 0 1 1061617
-4247971 20 1 46681
-4248139 4 2 149 4073
-4248163 0 2 433 9811
-4248616 67109120 1 18313
-4248628 64 1 55903
-4249043 1152 1 4993
-4257592 33554432 1 532199
-4259395 6 1 121697
-4259512 33554432 1 532439
-4260755 2 1 852151
-4264643 0 2 409 10427
-4265635 10 1 77557
-4266451 260 1 21017
-4268299 4 1 609757
-4268363 136 1 16871
-4268683 32 1 251099
-4268731 640 1 5987
-4269268 65536 1 17497
-4284115 10 1 77893
-4284643 8 1 389513
-4285972 32 1 63029
-4287208 67108864 2 419 1279
-4289995 2 2 577 1487
-4291048 67108864 2 673 797
-4291891 64 1 225889
-4297444 0 1 1074361
-4298659 0 2 983 4373
-4298680 33554434 1 107467
-4299688 67108864 2 107 5023
-4302379 64 2 127 1783
-4302467 16 2 139 2381
-4305827 0 2 109 39503
-4310243 4 1 615749
-4312168 67108868 1 77003
-4312667 2048 2 293 359
-4312883 65568 1 4159
-4317499 0 2 751 5749
-4318747 0 2 113 38219
-4323571 524292 1 8461
-4323787 528 1 10729
-4326379 4194304 1 48611
-4328963 1049600 1 1481
-4330795 6 1 123737
-4332811 1028 1 16729
-4343987 128 1 188869
-4347016 67108864 2 157 3461
-4350619 20 1 47809
-4351387 0 2 2083 2089
-4351672 33554448 1 41843
-4352987 256 2 367 409
-4354219 0 2 163 26713
-4354564 0 1 1088641
-4355044 0 1 1088761
-4356232 67109888 1 14717
-4356571 8192 1 92693
-4358515 6 1 124529
-4360339 1024 2 191 617
-4372315 34 1 51439
-4372939 256 1 150791
-4373140 2 1 218657
-4375763 4 1 625109
-4377139 16 1 336703
-4381876 0 2 641 1709
-4387963 128 2 107 1783
-4394248 67108864 1 549281
-4396120 33554434 1 109903
-4400632 33555456 1 14867
-4400779 256 2 263 577
-4404235 10 1 80077
-4405315 2 2 311 2833
-4407448 34078720 1 7547
-4425928 67108880 1 42557
-4426372 0 1 1106593
-4426435 18 1 68099
-4427755 2 1 885551
-4428232 67108864 1 553529
-4434379 0 2 617 7187
-4434628 8 1 100787
-4436452 0 1 1109113
-4443787 0 2 257 17291
-4447588 0 1 1111897
-4448251 1024 1 120223
-4449748 0 2 337 3301
-4450651 8388640 1 2699
-4450792 69206016 1 6703
-4452979 8388864 1 1583
-4455571 0 2 499 8929
-4464715 66 1 46997
-4465555 2 1 893111
-4466152 67112960 1 12983
-4473844 0 2 601 1861
-4475659 64 2 103 2287
-4479880 67108866 1 111997
-4484152 33554496 1 29501
-4485083 64 2 113 2089
-4490491 0 2 103 43597
-4491091 8 2 557 733
-4491571 16777220 1 6353
-4491835 2 2 229 3923
-4492267 48 1 20327
-4498888 67108864 1 562361
-4500091 0 2 157 28663
-4502152 67108864 2 173 3253
-4502507 0 2 523 8609
-4503211 8192 1 95813
-4504468 4194304 1 12653
-4506520 33554434 1 112663
-4507547 8 1 409777
-4509235 2 2 541 1667
-4514155 2 2 823 1097
-4514308 0 1 1128577
-4516408 33554448 1 43427
-4519555 2 2 827 1093
-4520995 130 1 39313
-4526131 32 2 443 601
-4526776 33554432 2 379 1493
-4529368 33554432 2 257 2203
-4539979 4194560 1 1759
-4540468 64 1 59743
-4543435 18 1 69899
-4547371 0 2 109 41719
-4554259 4096 1 105913
-4562371 8 2 241 1721
-4565179 196608 1 1117
-4570360 33554434 1 114259
-4571059 2097152 1 55073
-4573012 524288 1 15661
-4573699 80 1 18517
-4575739 4 2 349 1873
-4576219 0 2 397 11527
-4578211 8 1 416201
-4580251 16 1 352327
-4583827 256 2 263 601
-4587139 65536 2 139 541
-4591291 0 2 241 19051
-4592371 516 1 21163
-4593412 0 2 467 2459
-4615643 0 2 157 29399
-4617763 0 2 683 6761
-4617827 0 2 233 19819
-4620436 4096 1 26863
-4622179 0 2 1321 3499
-4623643 32 2 211 1289
-4632691 4100 1 15391
-4635811 128 1 201557
-4639459 8 2 491 859
-4642168 33555456 1 15683
-4643092 524288 1 15901
-4646692 0 2 587 1979
-4647064 33554432 2 211 2753
-4650683 0 2 1013 4591
-4654168 33554432 2 131 4441
-4657480 67108866 1 116437
-4662355 2 1 932471
-4666612 0 2 269 4337
-4667668 0 2 163 7159
-4669907 8 1 424537
-4671331 4 1 667333
-4676419 2056 1 10369
-4687672 33554440 1 53269
-4688251 128 2 103 1979
-4690948 64 1 61723
-4694867 0 2 739 6353
-4698712 33554432 2 167 3517
-4706392 33562624 1 12517
-4711336 67108868 1 84131
-4712968 67108880 1 45317
-4716955 130 1 41017
-4719352 33554440 1 53629
-4722040 33554434 1 118051
-4725643 48 1 21383
-4736363 0 2 379 12497
-4738747 16 2 479 761
-4739587 128 1 206069
-4740868 8 1 107747
-4751155 2 1 950231
-4754611 1056 1 7559
-4754920 67108866 1 118873
-4757755 2 2 107 8893
-4758691 36 1 39989
-4762708 0 2 911 1307
-4764328 67109376 1 19211
-4770259 2097168 1 4421
-4770499 128 2 211 983
-4770691 64 2 257 977
-4770811 0 2 1483 3217
-4776619 320 1 8669
-4778008 33619968 1 9791
-4787515 2 2 367 2609
-4788088 33685504 1 8933
-4794808 33554432 2 163 3677
-4796251 0 2 1433 3347
-4797811 4096 1 111577
-4799320 33554434 1 119983
-4801123 32 2 109 2591
-4803859 0 2 929 5171
-4804888 33554440 1 54601
-4805371 524288 1 65827
-4807720 67108866 1 120193
-4809355 2 1 961871
-4811395 2 2 127 7577
-4816891 0 2 853 5647
-4818139 0 2 359 13421
-4819723 0 2 433 11131
-4822504 67108928 1 31727
-4824235 18 1 74219
-4824772 4096 1 28051
-4827451 0 3 149 179 181
-4829755 6 1 137993
-4833691 256 1 166679
-4838788 0 1 1209697
-4841011 4 1 691573
-4842712 33554436 1 86477
-4843579 16 2 229 1627
-4844707 4 2 257 2693
-4846891 4 1 692413
-4850488 33554432 1 606311
-4851691 16 1 373207
-4860355 2 1 972071
-4861768 67108864 1 607721
-4863892 8 1 110543
-4864651 4194312 1 4969
-4865428 0 2 419 2903
-4867051 4 1 695293
-4867972 32768 1 20627
-4868068 0 1 1217017
-4879027 0 2 647 7541
-4879051 32 1 287003
-4880131 64 2 113 2273
-4884532 8388608 1 12589
-4884715 10 1 88813
-4891972 0 1 1222993
-4892728 33554496 1 32189
-4892779 0 2 787 6217
-4895971 0 2 797 6143
-4897768 67108896 1 36013
-4906531 4 1 700933
-4907123 16 1 377471
-4908712 67108864 2 269 2281
-4909459 0 2 967 5077
-4911748 0 2 283 4339
-4914760 67108866 1 122869
-4915483 0 2 439 11197
-4920859 0 2 1049 4691
-4920979 4 2 241 2917
-4923763 131088 1 5653
-4936024 33685504 1 9209
-4938091 256 1 170279
-4940515 130 1 42961
-4942403 65536 1 81023
-4944868 131072 1 18451
-4949848 33556480 1 15091
-4951219 20 1 54409
-4955155 2 1 991031
-4955467 8 2 109 4133
-4955539 8192 1 105437
-4958155 8388610 1 10223
-4958692 0 2 827 1499
-4961155 2 1 992231
-4968451 0 2 823 6037
-4968808 67108880 1 47777
-4970419 64 1 261601
-4971091 0 2 157 31663
-4972171 66560 1 2203
-4974628 0 2 307 4051
-4975891 64 2 379 691
-4980232 67108864 1 622529
-4984228 0 1 1246057
-4985131 32 2 127 2309
-4988680 67108866 1 124717
-4992595 1026 1 26987
-4994632 67108864 1 624329
-4994728 67109120 1 21529
-5000467 0 2 461 10847
-5001259 0 2 733 6823
-5002120 67108866 1 125053
-5009908 0 2 241 5197
-5012872 67108864 1 626609
-5023411 65536 1 82351
-5023528 67108864 2 113 5557
-5023588 0 2 131 9587
-5024680 67108866 1 125617
-5029195 34 1 59167
-5031587 264 1 15773
-5035531 4194560 1 1951
-5041912 33554432 2 173 3643
-5050555 2 2 163 6197
-5051563 8 1 459233
-5053960 67108866 1 126349
-5057320 67108866 1 126433
-5061928 67109376 1 20411
-5065912 33554432 2 571 1109
-5068363 32 2 443 673
-5071144 67108880 1 48761
-5072419 264 1 15901
-5073499 0 2 131 38729
-5075083 16 1 390391
-5077108 0 2 281 4517
-5080555 2 1 1016111
-5083163 512 1 163973
-5083195 18 1 78203
-5083528 67108864 1 635441
-5084968 67108868 1 90803
-5085592 33554432 2 463 1373
-5088568 33554432 1 636071
-5090488 33554448 1 48947
-5096212 8 1 115823
-5100328 67108864 2 109 5849
-5104651 0 2 317 16103
-5108851 1048584 1 5879
-5110339 16 1 393103
-5111368 67108864 2 541 1181
-5111731 0 2 631 8101
-5112883 2097152 2 229 269
-5118232 33554436 1 91397
-5118955 34 1 60223
-5121208 33554432 1 640151
-5123752 67117056 1 13627
-5128099 8388864 1 1823
-5130568 67109888 1 17333
-5131939 0 2 601 8539
-5132212 8192 1 27299
-5133739 16400 1 7451
-5136772 0 2 131 9803
-5141128 67108864 2 269 2389
-5143939 0 2 137 37547
-5144083 4 1 734869
-5149012 8 1 117023
-5150227 0 2 991 5197
-5153419 0 2 443 11633
-5155003 4 1 736429
-5156152 33554432 1 644519
-5157112 33570816 1 12163
-5159032 33554496 1 33941
-5159848 67117056 1 13723
-5162995 16386 1 19483
-5165128 67108864 1 645641
-5169268 16 1 99409
-5170852 0 1 1292713
-5174779 0 2 617 8387
-5188339 16 2 317 1259
-5190532 0 1 1297633
-5192392 67109120 1 22381
-5192632 33554432 1 649079
-5199883 16400 1 7547
-5201368 33554432 2 733 887
-5207155 2 2 107 9733
-5208931 20 1 57241
-5210635 514 1 33617
-5211508 0 2 109 11953
-5212372 8 1 118463
-5214403 256 1 179807
-5216635 2050 1 25447
-5223499 4194368 1 3089
-5232715 2 2 137 7639
-5233651 0 2 397 13183
-5234347 6144 1 2969
-5234371 0 2 967 5413
-5235067 0 2 127 41221
-5236939 128 1 227693
-5238547 64 2 293 941
-5242219 2048 1 127859
-5242555 2 2 487 2153
-5243428 0 2 107 12251
-5248627 524288 1 71899
-5250139 0 2 761 6899
-5251891 5120 1 3301
-5252203 8200 1 10159
-5255131 16777220 1 7433
-5261128 67174400 1 10781
-5262043 65536 1 86263
-5262595 18 1 80963
-5263672 33554432 1 657959
-5264452 32768 1 22307
-5265595 2 2 137 7687
-5267368 67108992 1 28627
-5269912 33619968 1 10799
-5273635 8194 1 22441
-5275043 0 2 157 33599
-5276548 0 1 1319137
-5288923 540672 1 1367
-5301571 65544 1 7901
-5311579 20 1 58369
-5321395 130 1 46273
-5330548 256 1 45953
-5340532 0 2 163 8191
-5343763 32 1 314339
-5345092 0 1 1336273
-5348515 2 2 233 4591
-5350403 16384 2 157 643
-5350651 32896 1 3943
-5351539 1048576 1 67741
-5351747 768 1 5953
-5358835 2 2 571 1877
-5359048 67108864 2 181 3701
-5360059 0 2 173 30983
-5362883 320 1 9733
-5366008 33554432 2 347 1933
-5373715 2 2 113 9511
-5380132 0 1 1345033
-5382292 0 2 743 1811
-5385595 16386 1 20323
-5393572 0 1 1348393
-5393899 4 1 770557
-5396392 67108864 2 653 1033
-5399272 67108864 2 331 2039
-5399752 67108864 2 677 997
-5404195 130 1 46993
-5406808 33554440 1 61441
-5409907 65536 2 131 677
-5409955 1026 1 29243
-5411491 32 1 318323
-5415412 0 2 113 11981
-5423419 512 2 137 1277
-5424091 0 2 1031 5261
-5430280 67108866 1 135757
-5435812 0 1 1358953
-5440312 33554432 1 680039
-5441059 16 2 571 733
-5443147 131072 2 137 593
-5452228 4096 1 31699
-5454115 8194 1 23209
-5461387 4096 2 107 1187
-5462872 33554432 2 113 6043
-5466523 8192 2 107 1087
-5470027 0 2 2087 2621
-5471155 2 2 383 2857
-5471428 0 1 1367857
-5477059 132 1 34019
-5477704 67108864 1 684713
-5478808 34603008 1 8669
-5480659 0 2 199 27541
-5480932 0 2 643 2131
-5486755 2 1 1097351
-5492932 0 1 1373233
-5499163 786432 1 1061
-5505019 16 1 423463
-5510632 67109888 1 18617
-5523347 0 2 211 26177
-5524507 1056 1 8783
-5528152 33554436 1 98717
-5530915 18 1 85091
-5533339 4 2 509 1553
-5533915 130 1 48121
-5534027 544 1 10501
-5537587 8200 1 10711
-5537851 8 1 503441
-5539307 1024 1 149711
-5540947 0 2 1097 5051
-5542195 130 1 48193
-5543848 67239936 1 10343
-5544331 16 1 426487
-5545171 262144 1 78101
-5545444 0 1 1386361
-5546068 8 1 126047
-5552803 0 2 193 28771
-5570788 0 1 1392697
-5571028 64 1 73303
-5572195 2 2 233 4783
-5573371 1048576 1 70549
-5579755 524290 1 15287
-5582587 256 2 163 1181
-5588452 4096 1 32491
-5592868 0 1 1398217
-5594488 33554432 2 419 1669
-5596867 0 2 2333 2399
-5598955 2 2 227 4933
-5599195 6 1 159977
-5599763 16 1 430751
-5602051 20 1 61561
-5606155 2 1 1121231
-5608939 4 1 801277
-5619352 33554432 2 211 3329
-5624179 8 1 511289
-5625523 0 2 191 29453
-5627572 64 1 74047
-5634259 32 2 157 2111
-5637763 0 2 353 15971
-5639992 33554432 1 704999
-5641795 2 2 157 7187
-5644948 0 2 137 10301
-5646955 2 1 1129391
-5646964 0 2 467 3023
-5658472 67108864 2 701 1009
-5666107 65792 1 3203
-5667412 256 1 48857
-5670091 4 1 810013
-5678488 33554432 2 653 1087
-5680555 2 1 1136111
-5683171 16 2 137 3191
-5684548 131072 1 21211
-5691268 8 1 129347
-5691955 2 1 1138391
-5698027 0 2 139 40993
-5698459 8388624 1 4519
-5706691 128 1 248117
-5710627 16 1 439279
-5711752 83886080 1 7069
-5717347 65600 1 4933
-5718739 16 1 439903
-5719027 0 2 823 6949
-5719492 0 2 227 6299
-5719828 2048 1 34877
-5725288 68157440 1 9059
-5726395 8388610 1 11807
-5729395 6 1 163697
-5734195 131074 1 17117
-5734612 16 1 110281
-5741995 6 1 164057
-5743012 8 1 130523
-5753428 64 1 75703
-5754772 32 1 84629
-5757460 2 1 287873
-5758387 64 1 303073
-5761651 4 2 223 3691
-5766283 0 2 947 6089
-5770435 10 1 104917
-5780299 65540 1 13537
-5784472 50331648 1 7159
-5784571 16 1 444967
-5790499 24 1 40493
-5793355 130 1 50377
-5794408 67108864 2 773 937
-5807908 0 2 563 2579
-5810755 2 2 457 2543
-5817208 33685504 1 10853
-5818195 130 1 50593
-5824291 8 2 601 881
-5824408 33554432 2 311 2341
-5825128 67108864 2 199 3659
-5832952 50331648 1 7219
-5836132 4096 1 33931
-5837467 0 2 113 51659
-5837563 0 2 1579 3697
-5838772 0 2 523 2791
-5839987 0 2 193 30259
-5845195 34 1 68767
-5847259 8 1 531569
-5849812 0 2 109 13417
-5851795 2 2 233 5023
-5854648 33554432 1 731831
-5856811 8448 1 4297
-5862628 0 2 283 5179
-5867755 2 1 1173551
-5868043 2080 1 8419
-5868763 0 2 547 10729
-5869732 8 1 133403
-5878699 0 2 181 32479
-5890387 0 2 127 46381
-5898763 16 2 587 773
-5902579 0 2 127 46477
-5905147 4096 2 191 719
-5906755 2 2 137 8623
-5906827 0 2 739 7993
-5913955 2 1 1182791
-5915603 2048 2 157 919
-5918392 33554432 1 739799
-5925787 4100 1 19687
-5926483 0 3 137 181 239
-5926552 33685504 1 11057
-5931739 8 2 449 1201
-5931832 33554432 1 741479
-5934595 2 2 263 4513
-5938315 1026 1 32099
-5944267 65540 1 13921
-5952187 64 1 313273
-5959459 8200 1 11527
-5961355 2 1 1192271
-5965523 0 2 271 22013
-5973412 0 2 443 3371
-5973592 33554432 2 769 971
-5974723 1536 1 5209
-5975563 8 1 543233
-5982739 68 1 44983
-5984779 0 2 167 35837
-5990227 0 2 503 11909
-5991523 128 2 337 773
-5995588 2097152 1 18059
-6000355 130 1 52177
