-87671
-106319
-120551
-125303
-143879
-157679
-202679
-215063
-225143
-237791
-282287
-283487
-296719
-305111
-313351
-317671
-332191
-348991
-349831
-365303
-402511
-405287
-413807
-419459
-446839
-451831
-460379
-472159
-480343
-492103
-493279
-509263
-510611
-525871
-540179
-614983
-621031
-628423
-629263
-662671
-682303
-694999
-703139
-704719
-704863
-709879
-716143
-762967
-765899
-775087
-781087
-797287
-798131
-819131
-844927
-855919
-862423
-870031
-874091
-883423
-890459
-891103
-897103
-918371
-947987
-964499
-976091
-985571
-1016527
-1018711
-1031623
-1042931
-1045547
-1059823
-1062683
-1087543
-1131343
-1137271
-1146727
-1153063
-1157699
-1161007
-1194463
-1194727
-1207211
-1231423
-1237783
-1239127
-1259143
-1263487
-1273499
-1279807
-1283771
-1286839
-1291567
-1297619
-1308343
-1308467
-1309283
-1330207
-1337527
-1343651
-1349891
-1354663
-1372211
-1385963
-1394167
-1395487
-1397983
-1403411
-1429859
-1440779
-1448219
-1457887
-1457891
-1477187
-1489207
-1489783
-1529263
-1568143
-1584703
-1588183
-1592411
-1597423
-1597663
-1601731
-1614659
-1619339
-1630763
-1636303
-1638487
-1669883
-1672091
-1679143
-1685051
-1724971
-1730887
-1741807
-1744543
-1770739
-1809487
-1818379
-1818611
-1822547
-1823383
-1824607
-1830923
-1836691
-1844867
-1874819
-1876187
-1877147
-1886459
-1894283
-1909807
-1919387
-1925747
-1970867
-2000731
-2006483
-2009243
-2012611
-2039143
-2044187
-2044739
-2053087
-2056763
-2085367
-2090147
-2105963
-2127443
-2129003
-2129627
-2131691
-2143763
-2163979
-2188339
-2202451
-2204623
-2205487
-2219939
-2236667
-2237899
-2245787
-2251979
-2253323
-2258843
-2287291
-2294731
-2302219
-2305643
-2325299
-2331691
-2341459
-2361899
-2375491
-2411027
-2435243
-2451259
-2461339
-2471527
-2509307
-2514947
-2515787
-2530067
-2538091
-2546179
-2571827
-2576731
-2583019
-2603483
-2608219
-2610859
-2618843
-2624483
-2628683
-2643947
-2658451
-2670331
-2674523
-2689411
-2705251
-2736947
-2747923
-2756491
-2768627
-2793347
-2830523
-2854627
-2860643
-2927747
-2945179
-2969363
-2972363
-2973379
-2996387
-3025459
-3035731
-3061579
-3061939
-3084083
-3094411
-3104611
-3107483
-3127259
-3159859
-3182771
-3209611
-3232291
-3258487
-3268907
-3292907
-3297499
-3299123
-3303571
-3308027
-3312107
-3329707
-3338627
-3340411
-3341363
-3380539
-3381683
-3394891
-3397291
-3401011
-3401107
-3414211
-3443059
-3454651
-3466787
-3466891
-3493507
-3501467
-3533371
-3584419
-3603619
-3628067
-3634219
-3653603
-3663547
-3668603
-3683731
-3685763
-3724243
-3734779
-3737843
-3756619
-3783343
-3788419
-3836851
-3849707
-3870227
-3892939
-3948619
-3949051
-3957859
-3959491
-4007963
-4042427
-4046851
-4050283
-4054667
-4068739
-4084819
-4090907
-4099531
-4116571
-4137083
-4161811
-4169491
-4170211
-4189219
-4202851
-4207771
-4210411
-4216411
-4224331
-4237603
-4241843
-4241851
-4245499
-4253419
-4270531
-4275787
-4285651
-4296499
-4309339
-4330507
-4331779
-4332443
-4363267
-4384291
-4403803
-4425307
-4475467
-4478251
-4481611
-4499659
-4509907
-4520611
-4520731
-4536019
-4546891
-4548403
-4549651
-4555843
-4579339
-4606939
-4618771
-4629931
-4682059
-4699579
-4702163
-4717651
-4736131
-4754131
-4767331
-4774411
-4802731
-4810867
-4835683
-4854307
-4872643
-4874803
-4877867
-4890139
-4924771
-4934467
-4943347
-4944451
-4957891
-4960883
-4961851
-4963243
-5051251
-5091547
-5107483
-5111723
-5129227
-5134699
-5144483
-5146667
-5176459
-5189251
-5191411
-5205019
-5208043
-5225419
-5226211
-5230627
-5233003
-5246011
-5246851
-5306267
-5310691
-5368123
-5392819
-5428387
-5428651
-5429107
-5463163
-5491579
-5513539
-5529571
-5543443
-5568931
-5583139
-5601307
-5623747
-5633539
-5645491
-5687827
-5691739
-5706643
-5707459
-5739667
-5770267
-5779723
-5794843
-5828947
-5830963
-5832427
-5834299
-5855851
-5873851
-5912251
-5923243
-5935339
-5941651
-5944579
-5983267
-5994739
