-76439 8 1 6949
-81791 4194304 1 919
-84311 32768 1 1429
-107591 8 1 9781
-132959 512 1 4289
-134735 2 1 26947
-138815 2 1 27763
-185159 16 1 14243
-219935 2 1 43987
-232343 0 2 283 821
-250247 0 2 251 997
-256607 16 1 19739
-261335 2 1 52267
-262279 0 2 353 743
-264151 512 1 8521
-267944 67108864 1 33493
-271103 4 1 38729
-273743 0 2 457 599
-279704 33554432 1 34963
-281687 4 1 40241
-287444 0 1 71861
-287567 4 1 41081
-290519 0 2 353 823
-291839 32 1 17167
-305303 32 1 17959
-315143 256 1 10867
-323063 16 1 24851
-323431 0 2 281 1151
-328535 2 1 65707
-334079 0 2 439 761
-339287 16 1 26099
-343487 0 2 389 883
-362735 2 1 72547
-371444 0 1 92861
-382319 4 1 54617
-397039 256 1 13691
-397999 4 1 56857
-400616 67108864 1 50077
-404663 4 1 57809
-415256 33554432 1 51907
-415711 0 2 199 2089
-419359 128 1 18233
-419719 8388608 1 4327
-426511 32768 1 7229
-428431 64 1 22549
-439256 33554432 1 54907
-439316 0 1 109829
-452615 2 1 90523
-461215 2 1 92243
-462767 2048 1 11287
-467099 0 2 167 2797
-471263 16 1 36251
-471956 0 1 117989
-474823 0 2 457 1039
-478232 33554432 1 59779
-482927 1048576 1 6113
-485047 128 1 21089
-489128 67108864 1 61141
-493343 0 2 619 797
-496591 0 2 157 3163
-497815 2 1 99563
-513607 2048 1 12527
-517159 0 2 277 1867
-517279 4 1 73897
-518215 2 1 103643
-523951 0 2 709 739
-526111 524288 1 7207
-529039 4 1 75577
-533839 0 2 463 1153
-539636 0 1 134909
-541015 2 1 108203
-545183 0 2 311 1753
-547796 0 1 136949
-550759 8 1 50069
-557215 2 1 111443
-562951 64 1 29629
-566936 33554432 1 70867
-571567 8192 1 12161
-589091 4194304 1 6619
-589544 67108864 1 73693
-590423 0 2 127 4649
-590936 33554432 1 73867
-610931 16384 1 11527
-613519 131072 1 9157
-614099 64 1 32321
-614479 64 1 32341
-620839 128 1 26993
-622711 0 2 257 2423
-622859 0 2 139 4481
-624491 4 1 89213
-628136 67108864 1 78517
-631607 0 2 367 1721
-632407 0 2 179 3533
-635191 128 1 27617
-636943 0 2 433 1471
-638504 67108864 1 79813
-638623 16777216 1 6323
-648344 33554432 1 81043
-649172 0 1 162293
-650407 1048576 1 8233
-653096 67108864 1 81637
-657908 0 1 164477
-661735 2 1 132347
-667807 4 1 95401
-672535 2 1 134507
-675223 32 1 39719
-681871 2048 1 16631
-696104 67108864 1 87013
-698143 262144 1 9833
-701815 2 1 140363
-705044 0 1 176261
-712159 4 1 101737
-724379 524288 1 9923
-724979 0 2 317 2287
-725143 0 2 487 1489
-732007 0 2 829 883
-733471 2097152 1 8837
-734935 2 1 146987
-737623 1048576 1 9337
-740647 0 2 401 1847
-747127 256 1 25763
-752599 0 2 149 5051
-752756 0 1 188189
-754471 64 1 39709
-758839 128 1 32993
-769364 0 1 192341
-782168 33554432 1 97771
-783299 8 1 71209
-784979 16 1 60383
-785432 33554432 1 98179
-791239 2097152 1 9533
-801428 0 1 200357
-810299 4 1 115757
-812339 8 1 73849
-813079 32768 1 13781
-824119 0 2 149 5531
-824887 4 1 117841
-827623 8192 1 17609
-828847 512 1 26737
-829859 0 2 467 1777
-839647 32 1 49391
-841999 0 2 149 5651
-845143 16 1 65011
-854339 0 2 211 4049
-857023 2048 1 20903
-859624 67108864 1 107453
-864244 0 1 216061
-868328 67108864 1 108541
-869743 4 1 124249
-876847 0 2 197 4451
-878132 0 1 219533
-879764 0 1 219941
-881503 4 1 125929
-885848 33554432 1 110731
-890699 0 2 691 1289
-891607 0 2 457 1951
-901639 256 1 31091
-901927 16 1 69379
-902747 64 1 47513
-906491 32 1 53323
-911983 4194304 1 10247
-912371 1048576 1 11549
-915188 0 1 228797
-915736 33554432 1 114467
-916783 4 1 130969
-920215 2 1 184043
-923444 0 1 230861
-924611 0 2 463 1997
-933428 0 1 233357
-934139 1024 1 25247
-937172 0 1 234293
-937759 0 2 683 1373
-946259 0 2 137 6907
-947476 0 1 236869
-953815 2 1 190763
-954559 0 2 283 3373
-960035 2 1 192007
-967691 32 1 56923
-971603 64 1 51137
-972511 2097152 1 11717
-975272 67108864 1 121909
-977383 8 1 88853
-978548 0 1 244637
-982615 2 1 196523
-990011 8 1 90001
-995636 0 1 248909
-995819 8 1 90529
-996007 0 2 643 1549
-998164 0 1 249541
-998647 16 1 76819
-999731 0 2 599 1669
-1006691 4 1 143813
-1021399 0 2 271 3769
-1027859 4 1 146837
-1032991 0 2 151 6841
-1034939 0 2 257 4027
-1049768 67108864 1 131221
-1051999 16 1 80923
-1056899 0 2 211 5009
-1058987 0 2 739 1433
-1063576 33554432 1 132947
-1070311 8 1 97301
-1074103 2097152 1 12941
-1082804 0 1 270701
-1082836 0 1 270709
-1084903 0 2 137 7919
-1085167 0 2 149 7283
-1089332 0 1 272333
-1090088 67108864 1 136261
-1091579 0 2 151 7229
-1097887 4 1 156841
-1103287 128 1 47969
-1103719 0 2 919 1201
-1105112 33554432 1 138139
-1105139 4 1 157877
-1106339 16 1 85103
-1138292 0 1 284573
-1145588 0 1 286397
-1156084 0 1 289021
-1160344 33554432 1 145043
-1164308 0 1 291077
-1168735 2 1 233747
-1189187 1048576 1 15053
-1191656 67108864 1 148957
-1198807 16384 1 22619
-1202503 0 2 257 4679
-1203247 8192 1 25601
-1219451 65536 1 19991
-1220404 0 1 305101
-1220948 0 1 305237
-1227284 0 1 306821
-1227827 2048 1 29947
-1231543 256 1 42467
-1235771 8192 1 26293
-1236223 32 1 72719
-1243787 0 2 151 8237
-1244312 33554432 1 155539
-1245367 0 2 733 1699
-1249879 0 2 521 2399
-1251736 33554432 1 156467
-1252567 0 2 907 1381
-1253656 33554432 1 156707
-1262527 4 1 180361
-1264232 67108864 1 158029
-1265003 2097152 1 15241
-1266463 8 1 115133
-1269823 256 1 43787
-1272323 16 1 97871
-1277219 262144 1 17989
-1280143 2048 1 31223
-1280404 0 1 320101
-1285927 0 2 233 5519
-1286507 0 2 821 1567
-1287848 67108864 1 160981
-1289383 512 1 41593
-1291571 1048576 1 16349
-1292056 33554432 1 161507
-1292215 2 1 258443
-1295656 67108864 1 161957
-1295911 0 2 229 5659
-1301983 0 2 389 3347
-1304315 2 1 260863
-1305299 0 2 691 1889
-1309864 67108864 1 163733
-1313588 0 1 328397
-1314136 33554432 1 164267
-1316459 0 2 941 1399
-1316771 0 2 479 2749
-1319891 0 2 151 8741
-1321979 16384 1 24943
-1327576 33554432 1 165947
-1328344 33554432 1 166043
-1329512 67108864 1 166189
-1329607 128 1 57809
-1334383 0 2 229 5827
-1336543 16 1 102811
-1338059 0 2 719 1861
-1343647 65536 1 22027
-1344923 2048 1 32803
-1348615 2 1 269723
-1348756 0 1 337189
-1349416 67108864 1 168677
-1353899 262144 1 19069
-1359899 131072 1 20297
-1382132 0 1 345533
-1385239 0 2 199 6961
-1386751 256 1 47819
-1391252 0 1 347813
-1405331 1048576 1 17789
-1409143 0 2 103 13681
-1411691 256 1 48679
-1421912 33554432 1 177739
-1430708 0 1 357677
-1444328 67108864 1 180541
-1447787 8 1 131617
-1450451 16384 1 27367
-1469236 0 1 367309
-1487243 0 2 131 11353
-1494007 0 2 293 5099
-1496531 0 2 409 3659
-1500559 2048 1 36599
-1505363 8192 1 32029
-1522211 0 2 257 5923
-1523383 16777216 1 15083
-1524491 0 2 389 3919
-1531403 256 1 52807
-1531444 0 1 382861
-1538008 33554432 1 192251
-1545731 8 1 140521
-1557992 67108864 1 194749
-1559704 33554432 1 194963
-1560107 32 1 91771
-1561748 0 1 390437
-1562963 32 1 91939
-1565503 2048 1 38183
-1567207 0 2 173 9059
-1579687 0 2 883 1789
-1589531 0 2 1151 1381
-1601048 33554432 1 200131
-1604363 16384 1 30271
-1606931 0 2 127 12653
-1611347 0 2 109 14783
-1613044 0 1 403261
-1615171 64 1 85009
-1619224 33554432 1 202403
-1620127 131072 1 24181
-1621748 0 1 405437
-1623796 0 1 405949
-1630931 256 1 56239
-1636403 32 1 96259
-1638967 8 1 148997
-1640552 67108864 1 205069
-1648984 33554432 1 206123
-1655723 65536 1 27143
-1658315 2 1 331663
-1661315 2 1 332263
-1667267 4 1 238181
-1675187 32768 1 28393
-1690996 0 1 422749
-1691891 32 1 99523
-1692419 0 2 107 15817
-1693931 32 1 99643
-1695943 0 2 257 6599
-1700971 0 2 1187 1433
-1723156 0 1 430789
-1730215 2 1 346043
-1731803 0 2 281 6163
-1735307 4 1 247901
-1739284 0 1 434821
-1740436 0 1 435109
-1740724 0 1 435181
-1744691 16 1 134207
-1749103 0 2 709 2467
-1753204 0 1 438301
-1759207 0 2 263 6689
-1761451 512 1 56821
-1762459 64 1 92761
-1764212 0 1 441053
-1764632 33554432 1 220579
-1764803 8192 1 37549
-1770367 0 2 167 10601
-1772983 512 1 57193
-1775348 0 1 443837
-1786264 33554432 1 223283
-1791923 4 1 255989
-1796539 1048576 1 22741
-1798579 0 2 149 12071
-1800683 0 2 853 2111
-1804135 2 1 360827
-1809499 0 2 571 3169
-1811828 0 1 452957
-1814419 0 2 601 3019
-1816564 0 1 454141
-1819379 524288 1 24923
-1823764 0 1 455941
-1829108 0 1 457277
-1831208 67108864 1 228901
-1832003 2048 1 44683
-1836904 67108864 1 229613
-1840808 67108864 1 230101
-1841971 1024 1 49783
-1846091 16 1 142007
-1846447 0 2 397 4651
-1851604 0 1 462901
-1855379 0 2 233 7963
-1855499 32 1 109147
-1858043 8 1 168913
-1861619 32 1 109507
-1863256 33554432 1 232907
-1865387 0 2 997 1871
-1866932 0 1 466733
-1870427 16 1 143879
-1870691 4194304 1 21019
-1872664 33554432 1 234083
-1873684 0 1 468421
-1873811 4096 1 43577
-1878868 0 1 469717
-1879043 64 1 98897
-1886491 64 1 99289
-1898143 16 1 146011
-1902484 0 1 475621
-1903156 0 1 475789
-1915412 0 1 478853
-1918115 2 1 383623
-1931179 64 1 101641
-1932619 16 1 148663
-1942663 0 2 257 7559
-1945835 2 1 389167
-1948696 33554432 1 243587
-1954292 0 1 488573
-1971299 8 1 179209
-1977947 0 2 673 2939
-1980347 32 1 116491
-1989703 0 2 677 2939
-1989784 33554432 1 248723
-1997987 128 1 86869
-2000104 67108864 1 250013
-2001332 0 1 500333
-2008024 33554432 1 251003
-2008408 33554432 1 251051
-2008532 0 1 502133
-2011979 0 2 541 3719
-2013971 0 2 139 14489
-2020328 67108864 1 252541
-2024852 0 1 506213
-2025064 67108864 1 253133
-2026516 0 1 506629
-2032852 0 1 508213
-2033176 33554432 1 254147
-2033704 67108864 1 254213
-2035115 2 1 407023
-2047028 0 1 511757
-2056024 33554432 1 257003
-2056163 131072 1 30689
-2057768 67108864 1 257221
-2057939 16 1 158303
-2061803 2097152 1 24841
-2064367 524288 1 28279
-2067316 0 1 516829
-2069483 16 1 159191
-2071924 0 1 517981
-2090776 33554432 1 261347
-2101331 0 2 691 3041
-2108027 0 2 241 8747
-2110207 8 1 191837
-2115496 67108864 1 264437
-2118616 33554432 1 264827
-2125912 33554432 1 265739
-2132059 262144 1 30029
-2133323 0 2 1231 1733
-2140948 0 1 535237
-2141287 32768 1 36293
-2143499 524288 1 29363
-2144552 67108864 1 268069
-2147092 0 1 536773
-2152372 0 1 538093
-2156819 4 1 308117
-2159723 128 1 93901
-2163544 33554432 1 270443
-2165603 8 1 196873
-2173235 2 1 434647
-2177459 16777216 1 21559
-2188532 0 1 547133
-2190616 33554432 1 273827
-2194427 16777216 1 21727
-2194691 256 1 75679
-2198296 33554432 1 274787
-2204963 0 2 461 4783
-2208923 131072 1 32969
-2219459 8 1 201769
-2233876 0 1 558469
-2238827 64 1 117833
-2240459 16 1 172343
-2242619 0 2 103 21773
-2249299 16 1 173023
-2249627 32 1 132331
-2253967 256 1 77723
-2253976 33554432 1 281747
-2256692 0 1 564173
-2260307 4 1 322901
-2264887 0 2 179 12653
-2268107 0 2 1013 2239
-2272936 67108864 1 284117
-2274227 4096 1 52889
-2282747 512 1 73637
-2285044 0 1 571261
-2296936 67108864 1 287117
-2302504 67108864 1 287813
-2310548 0 1 577637
-2314264 33554432 1 289283
-2315531 0 2 347 6673
-2325731 0 2 643 3617
-2326187 0 2 239 9733
-2330011 0 2 239 9749
-2332504 33554432 1 291563
-2338036 0 1 584509
-2341336 33554432 1 292667
-2343419 16 1 180263
-2345939 16384 1 44263
-2351315 2 1 470263
-2354008 33554432 1 294251
-2355736 33554432 1 294467
-2358947 256 1 81343
-2378747 4 1 339821
-2384372 0 1 596093
-2395816 67108864 1 299477
-2400331 0 2 107 22433
-2401192 67108864 1 300149
-2402011 8388608 1 24763
-2403803 0 2 419 5737
-2405627 4 1 343661
-2409103 512 1 77713
-2415347 8 1 219577
-2425204 0 1 606301
-2426344 67108864 1 303293
-2428952 33554432 1 303619
-2430707 0 2 593 4099
-2436499 16 1 187423
-2437459 0 2 1063 2293
-2438843 8 1 221713
-2441315 2 1 488263
-2443739 1024 1 66047
-2443864 33554432 1 305483
-2444051 2048 1 59611
-2447435 2 1 489487
-2452067 0 2 1549 1583
-2454964 0 1 613741
-2463796 0 1 615949
-2466107 4 1 352301
-2473396 0 1 618349
-2474363 128 1 107581
-2481323 16 1 190871
-2485144 33554432 1 310643
-2495915 2 1 499183
-2502131 32768 1 42409
-2506171 0 2 769 3259
-2509403 16 1 193031
-2524327 16 1 194179
-2524712 67108864 1 315589
-2528404 0 1 632101
-2531407 0 2 977 2591
-2543284 0 1 635821
-2559259 0 2 421 6079
-2573812 0 1 643453
-2575883 512 1 83093
-2576843 32 1 151579
-2578516 0 1 644629
-2582287 0 2 359 7193
-2583016 67108864 1 322877
-2587427 0 2 331 7817
-2594771 0 2 449 5779
-2595608 33554432 1 324451
-2596235 2 1 519247
-2598184 67108864 1 324773
-2607515 2 1 521503
-2640488 67108864 1 330061
-2644504 33554432 1 330563
-2649107 1048576 1 33533
-2650264 33554432 1 331283
-2652947 8 1 241177
-2655227 0 2 739 3593
-2656643 8 1 241513
-2656939 0 2 197 13487
-2666123 0 2 769 3467
-2678915 2 1 535783
-2680219 0 2 313 8563
-2701715 2 1 540343
-2703443 128 1 117541
-2704276 0 1 676069
-2718515 2 1 543703
-2720779 0 2 1409 1931
-2735051 8 1 248641
-2743063 8388608 1 28279
-2745923 256 1 94687
-2751923 0 2 109 25247
-2755828 0 1 688957
-2761171 4 1 394453
-2770163 8 1 251833
-2775211 0 2 1553 1787
-2781179 1024 1 75167
-2783299 128 1 121013
-2783435 2 1 556687
-2785183 0 2 193 14431
-2791028 0 1 697757
-2791063 8 1 253733
-2792627 131072 1 41681
-2803219 0 2 503 5573
-2814376 67108864 1 351797
-2831188 0 1 707797
-2836547 4 1 405221
-2840491 0 2 1187 2393
-2841556 0 1 710389
-2859107 128 1 124309
-2865715 2 1 573143
-2875043 2048 1 70123
-2875139 0 2 223 12893
-2879603 0 2 137 21019
-2884715 2 1 576943
-2885035 2 1 577007
-2886232 33554432 1 360779
-2897915 2 1 579583
-2899547 4 1 414221
-2906003 256 1 100207
-2911912 67108864 1 363989
-2912251 0 2 197 14783
-2913635 2 1 582727
-2915867 0 2 251 11617
-2924056 33554432 1 365507
-2925976 33554432 1 365747
-2926036 0 1 731509
-2926907 32 1 172171
-2927419 8 1 266129
-2927851 2048 1 71411
-2947051 0 2 1283 2297
-2950132 0 1 737533
-2950523 0 2 641 4603
-2957611 32768 1 50129
-2959636 0 1 739909
-2962996 0 1 740749
-2966644 0 1 741661
-2967035 2 1 593407
-2967592 67108864 1 370949
-2970931 0 2 383 7757
-2979035 2 1 595807
-2979323 32768 1 50497
-2997923 0 2 653 4591
-3001187 4 1 428741
-3002299 0 2 797 3767
-3007412 0 1 751853
-3009739 8192 1 64037
-3014899 32 1 177347
-3015347 0 2 613 4919
-3020243 0 2 239 12637
-3024115 2 1 604823
-3029464 33554432 1 378683
-3036467 4 1 433781
-3039739 32768 1 51521
-3042083 8 1 276553
-3047131 32 1 179243
-3051352 33554432 1 381419
-3051688 67108864 1 381461
-3062915 2 1 612583
-3063635 2 1 612727
-3070036 0 1 767509
-3083123 65536 1 50543
-3093208 33554432 1 386651
-3097543 0 2 107 28949
-3104419 0 2 1747 1777
-3115771 8192 1 66293
-3120683 0 2 251 12433
-3127444 0 1 781861
-3129844 0 1 782461
-3137131 128 1 136397
-3142411 256 1 108359
-3144947 16 1 241919
-3150203 4 1 450029
-3151307 32 1 185371
-3156367 0 2 1319 2393
-3158539 0 2 1049 3011
-3164083 16 1 243391
-3167188 0 1 791797
-3169108 0 1 792277
-3169576 67108864 1 396197
-3173123 0 2 1733 1831
-3188212 0 1 797053
-3190763 0 2 277 11519
-3193835 2 1 638767
-3207592 67108864 1 400949
-3212635 2 1 642527
-3214168 33554432 1 401771
-3220715 2 1 644143
-3226915 2 1 645383
-3235864 33554432 1 404483
-3237451 4 1 462493
-3238651 16 1 249127
-3270635 2 1 654127
-3272027 8 1 297457
-3272404 0 1 818101
-3283099 0 2 191 17189
-3288148 0 1 822037
-3291124 0 1 822781
-3296152 33554432 1 412019
-3299572 0 1 824893
-3304216 33554432 1 413027
-3305843 0 2 151 21893
-3307816 67108864 1 413477
-3320104 67108864 1 415013
-3325547 128 1 144589
-3335656 67108864 1 416957
-3341659 4096 1 77713
-3345499 0 2 449 7451
-3352084 0 1 838021
-3370403 32 1 198259
-3374179 256 1 116351
-3374899 8 1 306809
-3383971 4096 1 78697
-3389236 0 1 847309
-3397283 0 2 257 13219
-3403163 0 2 953 3571
-3407512 33554432 1 425939
-3411019 0 2 1249 2731
-3411227 0 2 907 3761
-3411859 8 1 310169
-3415924 0 1 853981
-3416131 0 2 1033 3307
-3430612 0 1 857653
-3432515 2 1 686503
-3441112 33554432 1 430139
-3449515 2 1 689903
-3451339 2048 1 84179
-3455128 33554432 1 431891
-3456052 0 1 864013
-3458536 67108864 1 432317
-3459467 8 1 314497
-3461272 33554432 1 432659
-3462499 0 2 1453 2383
-3482452 0 1 870613
-3490339 0 2 1789 1951
-3493699 8 1 317609
-3494507 65536 1 57287
-3498388 0 1 874597
-3499283 0 2 193 18131
-3500843 0 2 613 5711
-3502115 2 1 700423
-3515368 67108864 1 439421
-3515971 0 2 1279 2749
-3519223 0 2 293 12011
-3534484 0 1 883621
-3534859 0 2 1193 2963
-3537691 0 2 113 31307
-3539251 0 2 157 22543
-3541171 0 2 1583 2237
-3558424 33554432 1 444803
-3559667 0 2 191 18637
-3567931 0 2 257 13883
-3572123 0 2 233 15331
-3573652 0 1 893413
-3577579 0 2 929 3851
-3580867 0 2 643 5569
-3589643 0 2 277 12959
-3593963 0 2 211 17033
-3601099 1024 1 97327
-3625459 4096 1 84313
-3632779 16384 1 68543
-3634667 128 1 158029
-3641983 8192 1 77489
-3642664 67108864 1 455333
-3643048 67108864 1 455381
-3645016 33554432 1 455627
-3647668 0 1 911917
-3648443 0 2 739 4937
-3649427 2097152 1 43969
-3650243 0 2 619 5897
-3651499 0 2 1753 2083
-3679384 33554432 1 459923
-3691288 33554432 1 461411
-3691651 16777216 1 36551
-3692731 4 1 527533
-3698867 0 2 1823 2029
-3700327 0 2 227 16301
-3715099 0 2 1831 2029
-3715771 0 2 547 6793
-3718531 0 2 193 19267
-3721483 256 1 128327
-3722179 256 1 128351
-3737128 67108864 1 467141
-3741652 0 1 935413
-3742459 4 1 534637
-3742663 0 2 859 4357
-3743899 0 2 673 5563
-3746267 4 1 535181
-3750811 0 2 937 4003
-3752491 0 2 761 4931
-3753931 4194304 1 42179
-3756587 16384 1 70879
-3759256 33554432 1 469907
-3759827 0 2 709 5303
-3766747 4194304 1 42323
-3768148 0 1 942037
-3768331 4 1 538333
-3775384 33554432 1 471923
-3781051 0 2 503 7517
-3785752 33554432 1 473219
-3788507 0 2 197 19231
-3789652 0 1 947413
-3792232 67108864 1 474029
-3795979 8 1 345089
-3807035 2 1 761407
-3807979 4 1 543997
-3820523 4 1 545789
-3824363 0 2 157 24359
-3829907 1024 1 103511
-3836419 1024 1 103687
-3836692 0 1 959173
-3839243 0 2 1861 2063
-3843691 128 1 167117
-3845003 1024 1 103919
-3848267 0 2 163 23609
-3859651 0 2 1531 2521
-3862835 2 1 772567
-3868891 16 1 297607
-3877291 8 1 352481
-3889492 0 1 972373
-3908123 0 2 131 29833
-3916219 0 2 1093 3583
-3917779 8192 1 83357
-3925291 0 2 179 21929
-3945451 0 2 1543 2557
-3960619 16 1 304663
-3962723 262144 1 55813
-3963928 33554432 1 495491
-3967939 2048 1 96779
-3970264 33554432 1 496283
-3971416 33554432 1 496427
-3971507 0 2 1627 2441
-3978619 64 1 209401
-3981211 16 1 306247
-3994612 0 1 998653
-3997907 32 1 235171
-4003924 0 1 1000981
-4004123 524288 1 54851
-4004251 1024 1 108223
-4019668 0 1 1004917
-4027651 0 2 683 5897
-4032323 4194304 1 45307
-4037243 4 1 576749
-4042219 0 2 1367 2957
-4054744 33554432 1 506843
-4055419 0 2 103 39373
-4062211 0 2 859 4729
-4066043 32 1 239179
-4083715 2 1 816743
-4088872 67108864 1 511109
-4090643 64 1 215297
-4093427 16 1 314879
-4097011 0 2 167 24533
-4098139 32 1 241067
-4100147 0 2 709 5783
-4113619 128 1 178853
-4119811 0 2 1997 2063
-4125139 512 1 133069
-4129427 0 2 1553 2659
-4130419 0 2 281 14699
-4134568 67108864 1 516821
-4149268 0 1 1037317
-4149379 16 1 319183
-4153651 0 2 317 13103
-4155835 2 1 831167
-4159283 0 2 233 17851
-4159576 33554432 1 519947
-4160152 33554432 1 520019
-4162435 2 1 832487
-4168171 4 1 595453
-4168547 256 1 143743
-4175659 32 1 245627
-4186667 128 1 182029
-4198099 32 1 246947
-4200107 0 2 281 14947
-4203412 0 1 1050853
-4207363 0 2 797 5279
-4215331 0 2 241 17491
-4218443 0 2 1741 2423
-4232363 65536 1 69383
-4238068 0 1 1059517
-4238419 0 2 151 28069
-4238548 0 1 1059637
-4252648 67108864 1 531581
-4255051 8192 1 90533
-4259315 2 1 851863
-4275028 0 1 1068757
-4287784 67108864 1 535973
-4291411 65536 1 70351
-4291883 0 2 179 23977
-4293499 4 1 613357
-4298627 1048576 1 54413
-4302667 0 2 271 15877
-4307284 0 1 1076821
-4308683 0 2 1697 2539
-4311988 0 1 1077997
-4315907 64 1 227153
-4327156 0 1 1081789
-4327651 0 2 1607 2693
-4335451 0 2 1181 3671
-4366312 67108864 1 545789
-4370843 0 2 107 40849
-4377683 0 2 1789 2447
-4393192 67108864 1 549149
-4400363 8 1 400033
-4401587 0 2 1181 3727
-4402715 2 1 880543
-4403752 67108864 1 550469
-4419619 0 2 151 29269
-4431412 0 1 1107853
-4435771 1048576 1 56149
-4436776 67108864 1 554597
-4449667 64 1 234193
-4453363 0 2 229 19447
-4465283 0 2 419 10657
-4472347 8 1 406577
-4477907 4 1 639701
-4500712 67108864 1 562589
-4507427 64 1 237233
-4518467 512 1 145757
-4518964 0 1 1129741
-4521323 0 2 601 7523
-4522072 33554432 1 565259
-4537432 33554432 1 567179
-4539508 0 1 1134877
-4543411 0 2 197 23063
-4544243 8 1 413113
-4545211 8 1 413201
-4555651 0 2 881 5171
-4559668 0 1 1139917
-4567427 0 2 109 41903
-4569211 256 1 157559
-4578484 0 1 1144621
-4583092 0 1 1145773
-4596499 64 1 241921
-4599115 2 1 919823
-4609939 0 2 439 10501
-4610435 2 1 922087
-4615243 0 2 457 10099
-4620203 4 1 660029
-4650211 0 2 1741 2671
-4651288 33554432 1 581411
-4652915 2 1 930583
-4654531 4 1 664933
-4661416 67108864 1 582677
-4665691 0 2 761 6131
-4668952 33554432 1 583619
-4670548 0 1 1167637
-4674259 0 2 1429 3271
-4678411 0 2 313 14947
-4683347 32 1 275491
-4695784 67108864 1 586973
-4701859 131072 1 70177
-4718932 0 1 1179733
-4735411 0 2 709 6679
-4736107 32768 1 80273
-4736308 0 1 1184077
-4737451 512 1 152821
-4744771 0 2 223 21277
-4745368 33554432 1 593171
-4746292 0 1 1186573
-4748035 2 1 949607
-4759283 4096 1 110681
-4763419 0 2 631 7549
-4765507 0 2 1009 4723
-4773115 2 1 954623
-4775971 0 2 1301 3671
-4778152 67108864 1 597269
-4780084 0 1 1195021
-4792171 2097152 1 57737
-4797979 0 2 409 11731
-4798819 262144 1 67589
-4800259 0 2 449 10691
-4813771 32 1 283163
-4814659 128 1 209333
-4815235 2 1 963047
-4815323 512 1 155333
-4818811 16777216 1 47711
-4827923 0 2 151 31973
-4828939 2048 1 117779
-4834579 32 1 284387
-4836952 33554432 1 604619
-4851739 0 2 1531 3169
-4871803 0 2 1567 3109
-4872571 8 1 442961
-4876387 0 2 691 7057
-4877971 4 1 696853
-4879171 8 1 443561
-4883572 0 1 1220893
-4885651 0 2 349 13999
-4890587 16 1 376199
-4893259 4 1 699037
-4899892 0 1 1224973
-4901659 4 1 700237
-4904267 128 1 213229
-4908571 512 1 158341
-4922152 67108864 1 615269
-4923496 67108864 1 615437
-4925491 0 2 1901 2591
-4926443 131072 1 73529
-4931491 16384 1 93047
-4932931 32768 1 83609
-4933051 0 2 1277 3863
-4941208 33554432 1 617651
-4954339 16 1 381103
-4966427 0 2 1613 3079
-4972372 0 1 1243093
-4976539 2048 1 121379
-4979956 0 1 1244989
-4982779 0 2 167 29837
-5013091 0 2 1229 4079
-5013499 4096 1 116593
-5016835 2 1 1003367
-5019988 0 1 1254997
-5020315 2 1 1004063
-5021131 0 2 1907 2633
-5025691 8 1 456881
-5038888 67108864 1 629861
-5040451 16 1 387727
-5052532 0 1 1263133
-5053243 16 1 388711
-5066419 524288 1 69403
-5069347 0 2 1667 3041
-5072728 33554432 1 634091
-5075731 0 2 709 7159
-5083864 33554432 1 635483
-5097112 33554432 1 637139
-5101163 0 2 1783 2861
-5109907 8 1 464537
-5115835 2 1 1023167
-5119252 0 1 1279813
-5121803 0 2 197 25999
-5138659 0 2 2053 2503
-5147035 2 1 1029407
-5147368 67108864 1 643421
-5150011 0 2 373 13807
-5150644 0 1 1287661
-5151451 64 1 271129
-5160403 0 2 103 50101
-5171731 0 2 883 5857
-5172532 0 1 1293133
-5173363 16 1 397951
-5173492 0 1 1293373
-5182907 0 2 173 29959
-5188835 2 1 1037767
-5191219 8 1 471929
-5201803 16777216 1 51503
-5204659 256 1 179471
-5213483 8 1 473953
-5213851 8192 1 110933
-5222179 32 1 307187
-5234968 33554432 1 654371
-5242531 4 1 748933
-5255128 33554432 1 656891
-5285272 33554432 1 660659
-5291107 4096 1 123049
-5295508 0 1 1323877
-5306803 4194304 1 59627
-5312308 0 1 1328077
-5312344 33554432 1 664043
-5313643 0 2 727 7309
-5319235 2 1 1063847
-5319323 0 2 2053 2591
-5324299 0 2 353 15083
-5329384 67108864 1 666173
-5334568 67108864 1 666821
-5338387 0 2 103 51829
-5348371 4 1 764053
-5352232 67108864 1 669029
-5352931 0 2 1871 2861
-5360243 4 1 765749
-5387176 67108864 1 673397
-5391563 0 2 2311 2333
-5401939 0 2 1109 4871
-5404747 128 1 234989
-5405723 524288 1 74051
-5409139 0 2 1493 3623
-5414731 4 1 773533
-5430587 0 2 743 7309
-5442683 64 1 286457
-5446219 8192 1 115877
-5446867 256 1 187823
-5449432 33554432 1 681179
-5459092 0 1 1364773
-5459267 8 1 496297
-5460307 0 2 743 7349
-5462707 128 1 237509
-5467048 67108864 1 683381
-5480635 2 1 1096127
-5492692 0 1 1373173
-5504251 131072 1 82153
-5510011 16 1 423847
-5515291 0 2 109 50599
-5522728 67108864 1 690341
-5539339 16 1 426103
-5541667 65536 1 90847
-5542168 33554432 1 692771
-5544148 0 1 1386037
-5548003 0 2 919 6037
-5571619 0 2 619 9001
-5574808 33554432 1 696851
-5587867 131072 1 83401
-5588035 2 1 1117607
-5611523 0 2 1627 3449
-5622403 0 2 181 31063
-5631571 8 1 511961
-5638888 67108864 1 704861
-5641435 2 1 1128287
-5651188 0 1 1412797
-5659315 2 1 1131863
-5661115 2 1 1132223
-5663092 0 1 1415773
-5667139 0 2 599 9461
-5675251 0 2 317 17903
-5681659 0 2 311 18269
-5685211 4 1 812173
-5689987 64 1 299473
-5690635 2 1 1138127
-5698228 0 1 1424557
-5705368 33554432 1 713171
-5712052 0 1 1428013
-5712259 4 1 816037
-5719576 33554432 1 714947
-5729011 0 2 199 28789
-5733571 0 2 2137 2683
-5736451 4 1 819493
-5744363 0 2 389 14767
-5746363 4 1 820909
-5757592 33554432 1 719699
-5759419 0 2 751 7669
-5759899 0 2 283 20353
-5764427 0 2 283 20369
-5764435 2 1 1152887
-5769268 0 1 1442317
-5783587 32 1 340211
-5785531 0 2 347 16673
-5793923 32 1 340819
-5796643 32 1 340979
-5826923 131072 1 86969
-5842579 0 2 661 8839
-5845051 0 2 1949 2999
-5858851 0 2 263 22277
-5874235 2 1 1174847
-5879803 2097152 1 70841
-5881867 256 1 202823
-5888371 0 2 1153 5107
-5894011 8388608 1 60763
-5894635 2 1 1178927
-5900683 32 1 347099
-5903668 0 1 1475917
-5907451 8 1 537041
-5920507 0 2 311 19037
-5931928 33554432 1 741491
-5936179 32 1 349187
-5940328 67108864 1 742541
-5959171 0 2 337 17683
-5962699 32 1 350747
-5963371 128 1 259277
-5969368 33554432 1 746171
-5974708 0 1 1493677
-5978452 0 1 1494613
-5980987 0 2 431 13877
-5982091 256 1 206279
-5984635 2 1 1196927
-5985947 8 1 544177
