-82199 16 1 6323
-101471 256 1 3499
-116231 8192 1 2473
-134231 0 2 269 499
-149327 512 1 4817
-155735 2 1 31147
-182615 2 1 36523
-183743 4 1 26249
-195215 2 1 39043
-197231 0 2 127 1553
-206999 16 1 15923
-214343 0 2 103 2081
-219383 1048576 1 2777
-228815 2 1 45763
-230903 0 2 233 991
-233791 4096 1 5437
-239927 131072 1 3581
-255479 4 1 36497
-267287 0 2 137 1951
-276647 4 1 39521
-285991 32 1 16823
-305576 67108864 1 38197
-320615 2 1 64123
-347015 2 1 69403
-347447 0 2 337 1031
-361711 4 1 51673
-366767 0 2 353 1039
-369919 8 1 33629
-373519 512 1 12049
-374663 32 1 22039
-382196 0 1 95549
-382591 8 1 34781
-384647 131072 1 5741
-389204 0 1 97301
-422783 0 2 127 3329
-424724 0 1 106181
-427496 67108864 1 53437
-452015 2 1 90403
-457223 16 1 35171
-459319 4 1 65617
-470168 33554432 1 58771
-470911 4 1 67273
-477887 32 1 28111
-479735 2 1 95947
-503935 2 1 100787
-517019 16777216 1 5119
-539348 0 1 134837
-539599 0 2 241 2239
-543656 67108864 1 67957
-569651 0 2 331 1721
-575311 8 1 52301
-590743 8192 1 12569
-601879 1024 1 16267
-609031 0 2 709 859
-613259 0 2 491 1249
-616628 0 1 154157
-628951 16384 1 11867
-638516 0 1 159629
-648611 0 2 491 1321
-650051 0 2 283 2297
-657896 67108864 1 82237
-659431 256 1 22739
-679351 128 1 29537
-690991 4 1 98713
-703015 2 1 140603
-712619 0 2 199 3581
-716407 0 2 127 5641
-719939 8 1 65449
-730859 0 2 503 1453
-732383 2048 1 17863
-740648 67108864 1 92581
-746551 16 1 57427
-746819 0 2 463 1613
-752936 67108864 1 94117
-758311 0 2 269 2819
-758623 2048 1 18503
-760808 67108864 1 95101
-764191 0 2 191 4001
-764579 64 1 40241
-771608 33554432 1 96451
-772063 0 2 151 5113
-777319 2048 1 18959
-781811 256 1 26959
-782567 2048 1 19087
-789703 0 2 181 4363
-797716 0 1 199429
-802904 33554432 1 100363
-810932 0 1 202733
-813751 64 1 42829
-815336 67108864 1 101917
-815771 8 1 74161
-819631 2048 1 19991
-820735 2 1 164147
-829735 2 1 165947
-830219 16 1 63863
-830287 4096 1 19309
-833192 67108864 1 104149
-845819 16 1 65063
-847451 8 1 77041
-851263 4 1 121609
-862591 8192 1 18353
-863215 2 1 172643
-870103 16 1 66931
-872296 67108864 1 109037
-875335 2 1 175067
-877172 0 1 219293
-880399 16 1 67723
-885992 67108864 1 110749
-895519 0 2 307 2917
-896552 67108864 1 112069
-901543 0 2 883 1021
-903764 0 1 225941
-905048 33554432 1 113131
-909851 16384 1 17167
-918491 4 1 131213
-931928 33554432 1 116491
-939031 0 2 239 3929
-940331 4 1 134333
-940568 33554432 1 117571
-944099 16 1 72623
-949063 0 2 109 8707
-953048 33554432 1 119131
-953167 0 2 641 1487
-953935 2 1 190787
-965479 4096 1 22453
-966299 128 1 42013
-966635 2 1 193327
-975704 33554432 1 121963
-979571 0 2 967 1013
-994472 67108864 1 124309
-996035 2 1 199207
-1000759 0 2 373 2683
-1004339 4 1 143477
-1013339 0 2 263 3853
-1014932 0 1 253733
-1018964 0 1 254741
-1035679 512 1 33409
-1036091 4 1 148013
-1038932 0 1 259733
-1040852 0 1 260213
-1043339 8 1 94849
-1078783 0 2 659 1637
-1103167 16 1 84859
-1111931 262144 1 15661
-1120567 4 1 160081
-1123796 0 1 280949
-1131971 0 2 131 8641
-1133023 0 2 107 10589
-1134823 0 2 431 2633
-1136051 4 1 162293
-1138619 0 2 179 6361
-1138903 0 2 661 1723
-1139167 128 1 49529
-1145204 0 1 286301
-1147735 2 1 229547
-1152308 0 1 288077
-1163051 262144 1 16381
-1166863 32 1 68639
-1168088 33554432 1 146011
-1172372 0 1 293093
-1175528 67108864 1 146941
-1175771 32 1 69163
-1190356 0 1 297589
-1193027 8 1 108457
-1205623 32 1 70919
-1213687 128 1 52769
-1214503 0 2 587 2069
-1226132 0 1 306533
-1227467 0 2 853 1439
-1234804 0 1 308701
-1241647 8 1 112877
-1254419 0 2 587 2137
-1256435 2 1 251287
-1257823 4 1 179689
-1258115 2 1 251623
-1267135 2 1 253427
-1269011 256 1 43759
-1270744 33554432 1 158843
-1282984 67108864 1 160373
-1288424 67108864 1 161053
-1293683 32 1 76099
-1296611 0 2 367 3533
-1298623 0 2 137 9479
-1306615 2 1 261323
-1315096 33554432 1 164387
-1323668 0 1 330917
-1324447 0 2 211 6277
-1332487 16 1 102499
-1335727 0 2 613 2179
-1336628 0 1 334157
-1336903 0 2 113 11831
-1338583 0 2 251 5333
-1345327 0 2 673 1999
-1354456 33554432 1 169307
-1354883 32 1 79699
-1371251 4 1 195893
-1388312 33554432 1 173539
-1393859 64 1 73361
-1399139 4 1 199877
-1404184 33554432 1 175523
-1405907 524288 1 19259
-1410392 33554432 1 176299
-1411567 64 1 74293
-1412584 67108864 1 176573
-1412948 0 1 353237
-1413535 2 1 282707
-1419419 0 2 461 3079
-1430819 16 1 110063
-1443463 4 1 206209
-1462808 33554432 1 182851
-1465748 0 1 366437
-1471139 0 2 691 2129
-1476308 0 1 369077
-1481768 67108864 1 185221
-1485364 0 1 371341
-1490123 0 2 1013 1471
-1494068 0 1 373517
-1496596 0 1 374149
-1513235 2 1 302647
-1514219 4 1 216317
-1519208 67108864 1 189901
-1521179 8 1 138289
-1522423 4 1 217489
-1523647 131072 1 22741
-1531427 0 2 317 4831
-1534135 2 1 306827
-1538047 4 1 219721
-1540135 2 1 308027
-1542947 4 1 220421
-1543663 8 1 140333
-1553192 67108864 1 194149
-1556056 33554432 1 194507
-1556987 4096 1 36209
-1559623 16 1 119971
-1567448 33554432 1 195931
-1572631 0 2 283 5557
-1576567 512 1 50857
-1583768 33554432 1 197971
-1585492 0 1 396373
-1586315 2 1 317263
-1601939 0 2 227 7057
-1602683 262144 1 22573
-1603307 128 1 69709
-1613915 2 1 322783
-1615135 2 1 323027
-1616503 4 1 230929
-1621336 33554432 1 202667
-1623343 131072 1 24229
-1626904 33554432 1 203363
-1632788 0 1 408197
-1636499 256 1 56431
-1663115 2 1 332623
-1671016 67108864 1 208877
-1682315 2 1 336463
-1697044 0 1 424261
-1699352 33554432 1 212419
-1709647 65536 1 28027
-1718168 33554432 1 214771
-1721108 0 1 430277
-1730356 0 1 432589
-1733219 8192 1 36877
-1737256 67108864 1 217157
-1750187 0 2 127 13781
-1753063 16 1 134851
-1763123 2048 1 43003
-1765211 4 1 252173
-1768283 8 1 160753
-1774643 16 1 136511
-1775699 256 1 61231
-1788788 0 1 447197
-1791727 4 1 255961
-1795688 67108864 1 224461
-1800131 0 2 103 17477
-1806467 16 1 138959
-1815851 0 2 347 5233
-1829767 32768 1 31013
-1848436 0 1 462109
-1849135 2 1 369827
-1856123 128 1 80701
-1857487 8192 1 39521
-1859003 0 2 191 9733
-1859483 0 2 197 9439
-1859764 0 1 464941
-1861835 2 1 372367
-1869515 2 1 373903
-1891019 16 1 145463
-1900663 0 2 457 4159
-1902103 4 1 271729
-1911587 0 2 1289 1483
-1914851 65536 1 31391
-1916863 16 1 147451
-1918531 4096 1 44617
-1931315 2 1 386263
-1936687 0 2 139 13933
-1953635 2 1 390727
-1960187 0 2 811 2417
-1962827 512 1 63317
-1963816 67108864 1 245477
-1966183 0 2 653 3011
-1974011 16 1 151847
-1986827 0 2 563 3529
-1992223 0 2 1373 1451
-1997972 0 1 499493
-2000023 0 2 157 12739
-2001491 131072 1 29873
-2012267 0 2 251 8017
-2020667 8 1 183697
-2021287 0 2 373 5419
-2025059 0 2 149 13591
-2026235 2 1 405247
-2028343 0 2 211 9613
-2031035 2 1 406207
-2034727 256 1 70163
-2037848 33554432 1 254731
-2040083 131072 1 30449
-2050408 67108864 1 256301
-2051299 0 2 397 5167
-2055848 67108864 1 256981
-2056091 32768 1 34849
-2058563 16 1 158351
-2062691 0 2 491 4201
-2076916 0 1 519229
-2100467 512 1 67757
-2101547 4 1 300221
-2109208 33554432 1 263651
-2121923 32 1 124819
-2144344 33554432 1 268043
-2145211 0 2 331 6481
-2146024 67108864 1 268253
-2147851 0 2 163 13177
-2157203 64 1 113537
-2161135 2 1 432227
-2173715 2 1 434743
-2179783 0 2 181 12043
-2190376 67108864 1 273797
-2192483 0 2 353 6211
-2194307 524288 1 30059
-2208227 4 1 315461
-2211443 16 1 170111
-2226179 1024 1 60167
-2227835 2 1 445567
-2229035 2 1 445807
-2231023 128 1 97001
-2234027 0 2 389 5743
-2236235 2 1 447247
-2243611 4096 1 52177
-2248936 67108864 1 281117
-2256727 8 1 205157
-2268611 512 1 73181
-2269096 67108864 1 283637
-2276027 16 1 175079
-2277443 4 1 325349
-2280035 2 1 456007
-2284456 67108864 1 285557
-2284819 0 2 547 4177
-2288099 8 1 208009
-2292683 0 2 653 3511
-2292899 4 1 327557
-2297851 16777216 1 22751
-2301587 128 1 100069
-2315176 67108864 1 289397
-2320532 0 1 580133
-2326939 16777216 1 23039
-2328227 8 1 211657
-2335859 0 2 1459 1601
-2335924 0 1 583981
-2336296 67108864 1 292037
-2338307 16384 1 44119
-2343107 16 1 180239
-2343211 16 1 180247
-2370707 0 2 131 18097
-2370964 0 1 592741
-2379739 0 2 313 7603
-2380835 2 1 476167
-2388532 0 1 597133
-2388632 33554432 1 298579
-2394856 67108864 1 299357
-2397992 67108864 1 299749
-2409059 256 1 83071
-2419907 4 1 345701
-2425972 0 1 606493
-2426411 16 1 186647
-2429044 0 1 607261
-2434303 0 2 281 8663
-2440783 128 1 106121
-2444243 32 1 143779
-2463107 0 2 769 3203
-2468968 67108864 1 308621
-2473139 16384 1 46663
-2478452 0 1 619613
-2479252 0 1 619813
-2490676 0 1 622669
-2492771 0 2 1279 1949
-2499304 67108864 1 312413
-2499515 2 1 499903
-2508931 64 1 132049
-2516147 0 2 727 3461
-2529223 64 1 133117
-2535259 0 2 229 11071
-2543659 32 1 149627
-2554619 65536 1 41879
-2576147 4 1 368021
-2577467 0 2 743 3469
-2579147 0 2 277 9311
-2592916 0 1 648229
-2600623 0 2 719 3617
-2602303 8 1 236573
-2609483 32 1 153499
-2609863 8192 1 55529
-2612603 4 1 373229
-2619992 33554432 1 327499
-2622107 0 2 1093 2399
-2623528 67108864 1 327941
-2626303 16777216 1 26003
-2627011 0 2 433 6067
-2631848 67108864 1 328981
-2634223 4096 1 61261
-2650763 0 2 557 4759
-2654867 128 1 115429
-2659028 0 1 664757
-2662619 0 2 113 23563
-2672491 1048576 1 33829
-2696692 0 1 674173
-2709127 8192 1 57641
-2712323 8192 1 57709
-2715928 33554432 1 339491
-2720915 2 1 544183
-2729843 32 1 160579
-2738419 2097152 1 32993
-2743379 0 2 967 2837
-2749427 32 1 161731
-2761523 0 2 199 13877
-2762059 0 2 113 24443
-2766139 0 2 439 6301
-2766203 8 1 251473
-2767235 2 1 553447
-2780363 0 2 151 18413
-2786584 33554432 1 348323
-2808488 67108864 1 351061
-2821108 0 1 705277
-2826035 2 1 565207
-2831963 0 2 1093 2591
-2834584 33554432 1 354323
-2836312 33554432 1 354539
-2844019 128 1 123653
-2846824 67108864 1 355853
-2851099 2048 1 69539
-2860888 33554432 1 357611
-2861491 32 1 168323
-2876968 67108864 1 359621
-2878696 67108864 1 359837
-2883508 0 1 720877
-2885419 128 1 125453
-2891188 0 1 722797
-2905204 0 1 726301
-2908283 4 1 415469
-2909539 0 2 787 3697
-2929219 32 1 172307
-2930987 32 1 172411
-2937323 256 1 101287
-2941643 0 2 821 3583
-2942747 0 2 1481 1987
-2952616 67108864 1 369077
-2957491 0 2 1409 2099
-2958659 8 1 268969
-2960212 0 1 740053
-2976488 67108864 1 372061
-2978867 0 2 1567 1901
-2982347 0 2 173 17239
-2990659 4 1 427237
-2997928 67108864 1 374741
-3010235 2 1 602047
-3010667 8 1 273697
-3013819 0 2 307 9817
-3028183 0 2 199 15217
-3033304 33554432 1 379163
-3042472 67108864 1 380309
-3077843 0 2 173 17791
-3081827 4 1 440261
-3083267 8 1 280297
-3094883 8 1 281353
-3102964 0 1 775741
-3108515 2 1 621703
-3111124 0 1 777781
-3138083 16 1 241391
-3158267 4 1 451181
-3165811 8 1 287801
-3172643 128 1 137941
-3173003 0 2 1373 2311
-3174515 2 1 634903
-3182267 8 1 289297
-3182356 0 1 795589
-3190667 256 1 110023
-3200627 0 2 1559 2053
-3202283 4 1 457469
-3205283 256 1 110527
-3206068 0 1 801517
-3208756 0 1 802189
-3220852 0 1 805213
-3236776 67108864 1 404597
-3248507 0 2 419 7753
-3259187 0 2 1097 2971
-3265048 33554432 1 408131
-3266611 65536 1 53551
-3275992 33554432 1 409499
-3279563 4 1 468509
-3291811 0 2 211 15601
-3293656 33554432 1 411707
-3293723 0 2 739 4457
-3308491 0 2 1531 2161
-3326539 64 1 175081
-3328691 0 2 1009 3299
-3335027 0 2 139 23993
-3343828 0 1 835957
-3348467 0 2 521 6427
-3351587 0 2 241 13907
-3354139 0 2 149 22511
-3355163 4 1 479309
-3362299 4096 1 78193
-3373912 33554432 1 421739
-3382936 33554432 1 422867
-3397819 0 2 617 5507
-3402587 0 2 463 7349
-3419779 8 1 310889
-3421307 65536 1 56087
-3424187 16 1 263399
-3438331 16 1 264487
-3450323 0 2 1493 2311
-3470659 4096 1 80713
-3478568 67108864 1 434821
-3490132 0 1 872533
-3494603 4 1 499229
-3505903 0 2 311 11273
-3508468 0 1 877117
-3524692 0 1 881173
-3529163 8 1 320833
-3540568 33554432 1 442571
-3562459 8192 1 75797
-3568756 0 1 892189
-3571732 0 1 892933
-3572971 0 2 463 7717
-3584963 0 2 269 13327
-3592852 0 1 898213
-3597928 67108864 1 449741
-3602611 262144 1 50741
-3603892 0 1 900973
-3610643 0 2 229 15767
-3624707 0 2 127 28541
-3632788 0 1 908197
-3635572 0 1 908893
-3645172 0 1 911293
-3658307 2048 1 89227
-3666587 512 1 118277
-3668131 0 2 131 28001
-3678619 4 1 525517
-3686548 0 1 921637
-3698059 0 2 359 10301
-3716788 0 1 929197
-3722483 0 2 401 9283
-3734251 1048576 1 47269
-3752627 0 2 359 10453
-3753832 67108864 1 469229
-3766819 4 1 538117
-3776308 0 1 944077
-3777064 67108864 1 472133
-3823531 0 2 211 18121
-3838235 2 1 767647
-3849844 0 1 962461
-3861835 2 1 772367
-3862312 67108864 1 482789
-3865291 0 2 229 16879
-3884003 0 2 383 10141
-3889339 32768 1 65921
-3899956 0 1 974989
-3901115 2 1 780223
-3922043 0 2 277 14159
-3948184 33554432 1 493523
-3960947 0 2 239 16573
-3986779 0 2 467 8537
-3987688 67108864 1 498461
-3989483 512 1 128693
-3990803 65536 1 65423
-3990823 0 2 1471 2713
-3995668 0 1 998917
-4010099 0 2 103 38933
-4022267 0 2 577 6971
-4024024 33554432 1 503003
-4024883 0 2 1439 2797
-4025467 0 2 359 11213
-4026712 33554432 1 503339
-4027315 2 1 805463
-4028587 16777216 1 39887
-4036643 16 1 310511
-4037027 0 2 131 30817
-4037428 0 1 1009357
-4048372 0 1 1012093
-4060411 512 1 130981
-4064212 0 1 1016053
-4076371 16 1 313567
-4090771 0 2 1499 2729
-4091251 64 1 215329
-4096651 16 1 315127
-4101923 4 1 585989
-4109179 0 2 491 8369
-4110211 4 1 587173
-4115539 2048 1 100379
-4117891 0 2 197 20903
-4150228 0 1 1037557
-4156648 67108864 1 519581
-4160123 8 1 378193
-4163188 0 1 1040797
-4173563 1024 1 112799
-4174051 4 1 596293
-4174939 0 2 1481 2819
-4188947 4 1 598421
-4233364 0 1 1058341
-4236376 33554432 1 529547
-4237115 2 1 847423
-4262483 2048 1 103963
-4264948 0 1 1066237
-4265512 67108864 1 533189
-4280152 33554432 1 535019
-4286132 0 1 1071533
-4306228 0 1 1076557
-4307092 0 1 1076773
-4309171 0 2 271 15901
-4313128 67108864 1 539141
-4314091 2097152 1 51977
-4321384 67108864 1 540173
-4322152 67108864 1 540269
-4326184 67108864 1 540773
-4327291 16384 1 81647
-4343848 67108864 1 542981
-4364659 16 1 335743
-4367512 33554432 1 545939
-4376387 0 2 163 26849
-4390163 0 2 113 38851
-4401379 0 2 2083 2113
-4420051 32 1 260003
-4432171 0 2 1237 3583
-4436179 8 1 403289
-4437592 33554432 1 554699
-4438036 0 1 1109509
-4441291 0 2 1741 2551
-4442344 67108864 1 555293
-4443115 2 1 888623
-4447771 0 2 487 9133
-4454248 67108864 1 556781
-4454539 4194304 1 50051
-4456307 0 2 173 25759
-4466267 16 1 343559
-4473268 0 1 1118317
-4482139 0 2 1451 3089
-4524947 4 1 646421
-4528699 4 1 646957
-4536808 67108864 1 567101
-4556788 0 1 1139197
-4558171 0 2 983 4637
-4562131 4 1 651733
-4566083 512 1 147293
-4593748 0 1 1148437
-4594339 262144 1 64709
-4612283 16 1 354791
-4614443 512 1 148853
-4621523 2097152 1 55681
-4628059 0 2 163 28393
-4638083 16384 1 87511
-4638803 16 1 356831
-4646059 8 1 422369
-4646539 0 2 353 13163
-4657051 4 1 665293
-4657403 0 2 211 22073
-4659923 256 1 160687
-4663192 33554432 1 582899
-4670824 67108864 1 583853
-4672088 33554432 1 584011
-4696427 2048 1 114547
-4706179 0 2 229 20551
-4713304 33554432 1 589163
-4720459 2097152 1 56873
-4723003 0 2 127 37189
-4731619 0 2 421 11239
-4742123 0 2 1367 3469
-4747915 2 1 949583
-4749347 0 2 367 12941
-4751683 32768 1 80537
-4766659 0 2 149 31991
-4774891 8 1 434081
-4784059 4 1 683437
-4787539 0 2 401 11939
-4791091 0 2 313 15307
-4834315 2 1 966863
-4834339 0 2 1093 4423
-4848691 0 2 1381 3511
-4849048 33554432 1 606131
-4850728 67108864 1 606341
-4868491 256 1 167879
-4870163 131072 1 72689
-4874611 4 1 696373
-4876315 2 1 975263
-4881619 0 2 1319 3701
-4884403 0 2 367 13309
-4900468 0 1 1225117
-4910923 16777216 1 48623
-4930651 8 1 448241
-4930907 0 2 331 14897
-4944347 1024 1 133631
-4951771 8 1 450161
-4953139 65536 1 81199
-4968235 2 1 993647
-4977235 2 1 995447
-4984852 0 1 1246213
-4985179 0 2 643 7753
-4985368 33554432 1 623171
-4986619 8 1 453329
-4993435 2 1 998687
-5003668 0 1 1250917
-5014891 4 1 716413
-5022931 0 2 181 27751
-5032459 32 1 296027
-5049832 67108864 1 631229
-5058683 4 1 722669
-5058923 1048576 1 64037
-5072107 64 1 266953
-5073203 0 2 509 9967
-5078059 4 1 725437
-5085172 0 1 1271293
-5089907 0 2 353 14419
-5095531 4 1 727933
-5107291 4 1 729613
-5110915 2 1 1022183
-5113588 0 1 1278397
-5124619 256 1 176711
-5151235 2 1 1030247
-5157443 32 1 303379
-5177512 67108864 1 647189
-5178931 32 1 304643
-5182612 0 1 1295653
-5194612 0 1 1298653
-5195752 67108864 1 649469
-5197043 0 2 1471 3533
-5205323 0 2 191 27253
-5206651 16777216 1 51551
-5217556 0 1 1304389
-5228635 2 1 1045727
-5236051 32 1 308003
-5236099 8 1 476009
-5241443 0 2 283 18521
-5242915 2 1 1048583
-5280331 4 1 754333
-5291603 0 2 457 11579
-5292328 67108864 1 661541
-5296168 67108864 1 662021
-5304259 0 2 547 9697
-5310568 67108864 1 663821
-5310827 512 1 171317
-5319619 4194304 1 59771
-5330059 4 1 761437
-5343043 0 2 1987 2689
-5350051 4 1 764293
-5359768 33554432 1 669971
-5386267 0 2 1091 4937
-5389108 0 1 1347277
-5404648 67108864 1 675581
-5420027 0 2 139 38993
-5445451 8 1 495041
-5468683 8 1 497153
-5471572 0 1 1367893
-5478499 16 1 421423
-5486779 0 2 2161 2539
-5500603 4096 1 127921
-5501515 2 1 1100303
-5501992 67108864 1 687749
-5535448 33554432 1 691931
-5537128 67108864 1 692141
-5545051 0 2 1021 5431
-5566411 64 1 292969
-5576035 2 1 1115207
-5577739 0 2 157 35527
-5587283 16 1 429791
-5601688 33554432 1 700211
-5603992 33554432 1 700499
-5607115 2 1 1121423
-5629012 0 1 1407253
-5633011 0 2 109 51679
-5633483 524288 1 77171
-5633752 33554432 1 704219
-5640715 2 1 1128143
-5672515 2 1 1134503
-5684923 0 2 2111 2693
-5687083 0 2 211 26953
-5692283 262144 1 80173
-5720131 16384 1 107927
-5722411 2048 1 139571
-5735635 2 1 1147127
-5745811 0 2 277 20743
-5750627 0 2 197 29191
-5761915 2 1 1152383
-5766931 1024 1 155863
-5769763 0 2 409 14107
-5773912 33554432 1 721739
-5786635 2 1 1157327
-5787211 256 1 199559
-5791603 0 2 197 29399
-5802571 0 2 1051 5521
-5830243 0 2 613 9511
-5841112 33554432 1 730139
-5867572 0 1 1466893
-5881963 64 1 309577
-5908411 64 1 310969
-5934283 0 2 353 16811
-5934499 0 2 331 17929
-5946547 16384 1 112199
-5954611 16 1 458047
-5981923 0 2 1439 4157
-5991028 0 1 1497757
-5994811 512 1 193381
-6001108 0 1 1500277
