-75599 32 1 4447
-90719 2097152 1 1093
-92879 0 2 131 709
-93071 8 1 8461
-97079 0 2 193 503
-98591 64 1 5189
-123815 2 1 24763
-138839 32 1 8167
-143783 32768 1 2437
-157631 0 2 283 557
-167207 0 2 271 617
-176543 16384 1 3331
-181103 16 1 13931
-181247 8 1 16477
-189503 512 1 6113
-199319 1024 1 5387
-211823 512 1 6833
-246991 0 2 367 673
-253415 2 1 50683
-260159 256 1 8971
-265943 64 1 13997
-266516 0 1 66629
-269615 2 1 53923
-273887 32 1 16111
-275791 32 1 16223
-277943 0 2 499 557
-277976 33554432 1 34747
-288151 0 2 107 2693
-290239 2048 1 7079
-295367 4096 1 6869
-306743 0 2 137 2239
-312439 0 2 397 787
-333199 16777216 1 3299
-333511 0 2 359 929
-340436 0 1 85109
-349583 16 1 26891
-357871 0 2 113 3167
-360559 16384 1 6803
-360919 16 1 27763
-363319 8 1 33029
-364823 0 2 109 3347
-377431 0 2 571 661
-378263 0 2 293 1291
-390631 512 1 12601
-392551 1048576 1 4969
-401783 1024 1 10859
-408335 2 1 81667
-422071 16 1 32467
-432104 67108864 1 54013
-449588 0 1 112397
-455671 4096 1 10597
-465935 2 1 93187
-465983 4 1 66569
-467624 67108864 1 58453
-472244 0 1 118061
-473183 2097152 1 5701
-474836 0 1 118709
-477647 0 2 127 3761
-478015 2 1 95603
-486548 0 1 121637
-487159 0 2 269 1811
-487639 0 2 337 1447
-488599 0 2 359 1361
-493687 0 2 383 1289
-495464 67108864 1 61933
-495863 0 2 347 1429
-503071 0 2 487 1033
-505364 0 1 126341
-525263 0 2 107 4909
-528415 2 1 105683
-529727 8 1 48157
-532184 33554432 1 66523
-539579 0 2 227 2377
-539816 67108864 1 67477
-541063 64 1 28477
-549464 33554432 1 68683
-553783 16777216 1 5483
-556471 0 2 599 929
-564404 0 1 141101
-567271 0 2 353 1607
-568847 4096 1 13229
-570344 67108864 1 71293
-571028 0 1 142757
-572071 64 1 30109
-574019 0 2 103 5573
-577103 4096 1 13421
-580519 2048 1 14159
-588884 0 1 147221
-590047 2097152 1 7109
-591092 0 1 147773
-592951 0 2 349 1699
-593624 33554432 1 74203
-601663 256 1 20747
-603863 16 1 46451
-605743 0 2 103 5881
-606779 0 2 379 1601
-607247 4194304 1 6823
-608935 2 1 121787
-611359 4 1 87337
-622007 1024 1 16811
-628135 2 1 125627
-629911 0 2 109 5779
-637039 16 1 49003
-650456 33554432 1 81307
-653935 2 1 130787
-657143 0 2 311 2113
-663503 2048 1 16183
-664303 256 1 22907
-666223 0 2 173 3851
-667015 2 1 133403
-669524 0 1 167381
-677743 8 1 61613
-680215 2 1 136043
-680359 0 2 229 2971
-688091 128 1 29917
-691019 4 1 98717
-692756 0 1 173189
-693023 2048 1 16903
-695479 0 2 131 5309
-700159 8192 1 14897
-700619 131072 1 10457
-701144 33554432 1 87643
-705332 0 1 176333
-706964 0 1 176741
-713959 32768 1 12101
-719252 0 1 179813
-720152 33554432 1 90019
-725219 8 1 65929
-736231 64 1 38749
-746516 0 1 186629
-753539 2048 1 18379
-758087 8 1 68917
-761167 8 1 69197
-764648 67108864 1 95581
-764927 4096 1 17789
-765656 33554432 1 95707
-767384 33554432 1 95923
-770807 524288 1 10559
-782647 0 2 233 3359
-786535 2 1 157307
-786536 67108864 1 98317
-795919 524288 1 10903
-797864 67108864 1 99733
-801871 4 1 114553
-802423 4096 1 18661
-811543 0 2 173 4691
-815503 16 1 62731
-820687 4 1 117241
-821287 32 1 48311
-821839 0 2 307 2677
-825128 67108864 1 103141
-832111 4 1 118873
-832847 32 1 48991
-833291 0 2 131 6361
-837823 4 1 119689
-838135 2 1 167627
-841331 0 2 241 3491
-841499 0 2 883 953
-841811 4096 1 19577
-847639 16 1 65203
-855371 8 1 77761
-857339 4 1 122477
-859063 65536 1 14083
-860287 1024 1 23251
-870068 0 1 217517
-872276 0 1 218069
-875143 32 1 51479
-887339 0 2 937 947
-888031 0 2 151 5881
-890311 0 2 577 1543
-890935 2 1 178187
-890939 4 1 127277
-891944 67108864 1 111493
-894823 2097152 1 10781
-895144 67108864 1 111893
-899503 8 1 81773
-901144 33554432 1 112643
-907087 0 2 263 3449
-908171 8 1 82561
-915316 0 1 228829
-916327 0 2 479 1913
-922279 64 1 48541
-923383 0 2 461 2003
-925396 0 1 231349
-926287 0 2 449 2063
-929263 0 2 163 5701
-938935 2 1 187787
-940111 262144 1 13241
-943784 67108864 1 117973
-945304 33554432 1 118163
-946303 0 2 733 1291
-948511 0 2 353 2687
-952015 2 1 190403
-953239 4 1 136177
-955352 33554432 1 119419
-957463 16 1 73651
-959647 16 1 73819
-972659 0 2 587 1657
-973327 256 1 33563
-982451 0 2 761 1291
-985115 2 1 197023
-986527 32 1 58031
-987031 64 1 51949
-989435 2 1 197887
-995459 65536 1 16319
-1007167 4 1 143881
-1007219 0 2 773 1303
-1010863 4 1 144409
-1017943 32 1 59879
-1022104 33554432 1 127763
-1024756 0 1 256189
-1025215 2 1 205043
-1028915 2 1 205783
-1032223 32 1 60719
-1038104 33554432 1 129763
-1046603 0 2 557 1879
-1047343 8 1 95213
-1049435 2 1 209887
-1055099 0 2 163 6473
-1060999 0 2 317 3347
-1063144 67108864 1 132893
-1065496 33554432 1 133187
-1066015 2 1 213203
-1073012 0 1 268253
-1074967 0 2 541 1987
-1074968 33554432 1 134371
-1075087 16 1 82699
-1075927 0 2 827 1301
-1077415 2 1 215483
-1077703 8 1 97973
-1080659 1024 1 29207
-1082036 0 1 270509
-1085743 0 2 163 6661
-1090235 2 1 218047
-1100963 0 2 127 8669
-1103023 2048 1 26903
-1103335 2 1 220667
-1105211 64 1 58169
-1105499 0 2 103 10733
-1106503 64 1 58237
-1114307 0 2 109 10223
-1115819 0 2 769 1451
-1117303 8 1 101573
-1119971 0 2 491 2281
-1120207 8 1 101837
-1121579 2097152 1 13513
-1123544 33554432 1 140443
-1123636 0 1 280909
-1124503 0 2 149 7547
-1125736 67108864 1 140717
-1125779 32768 1 19081
-1139983 16 1 87691
-1140943 131072 1 17029
-1141879 0 2 839 1361
-1143092 0 1 285773
-1144283 4 1 163469
-1153624 33554432 1 144203
-1156615 2 1 231323
-1164103 0 2 401 2903
-1170164 0 1 292541
-1171879 4096 1 27253
-1172719 0 2 983 1193
-1173847 0 2 569 2063
-1178579 0 2 271 4349
-1180376 33554432 1 147547
-1180499 8192 1 25117
-1182068 0 1 295517
-1183892 0 1 295973
-1185007 0 2 181 6547
-1185323 2097152 1 14281
-1195928 33554432 1 149491
-1196215 2 1 239243
-1204184 33554432 1 150523
-1208335 2 1 241667
-1208408 33554432 1 151051
-1213163 4 1 173309
-1214335 2 1 242867
-1227316 0 1 306829
-1229503 8 1 111773
-1233703 8192 1 26249
-1234328 33554432 1 154291
-1234811 32768 1 20929
-1235732 0 1 308933
-1237864 67108864 1 154733
-1239611 1024 1 33503
-1240084 0 1 310021
-1242415 2 1 248483
-1252532 0 1 313133
-1255711 0 2 397 3163
-1256852 0 1 314213
-1257367 2097152 1 15149
-1266607 1048576 1 16033
-1266644 0 1 316661
-1268056 33554432 1 158507
-1269779 4 1 181397
-1272731 0 2 1019 1249
-1274047 4096 1 29629
-1280747 16 1 98519
-1281607 64 1 67453
-1283287 0 2 331 3877
-1290196 0 1 322549
-1291543 8 1 117413
-1291688 67108864 1 161461
-1293703 131072 1 19309
-1304024 33554432 1 163003
-1308968 67108864 1 163621
-1309903 4 1 187129
-1316935 2 1 263387
-1320635 2 1 264127
-1321832 67108864 1 165229
-1321876 0 1 330469
-1324052 0 1 331013
-1324712 67108864 1 165589
-1325167 32 1 77951
-1331219 32 1 78307
-1333928 67108864 1 166741
-1334143 32 1 78479
-1336015 2 1 267203
-1336063 0 2 857 1559
-1336532 0 1 334133
-1338007 8 1 121637
-1339508 0 1 334877
-1339927 0 2 103 13009
-1344103 2048 1 32783
-1345063 128 1 58481
-1351307 8388608 1 13931
-1354292 0 1 338573
-1355335 2 1 271067
-1355416 33554432 1 169427
-1366808 33554432 1 170851
-1378331 0 2 127 10853
-1380415 2 1 276083
-1380916 0 1 345229
-1381567 8 1 125597
-1384211 0 2 941 1471
-1385435 2 1 277087
-1388435 2 1 277687
-1389103 0 2 397 3499
-1392728 33554432 1 174091
-1395544 33554432 1 174443
-1397224 67108864 1 174653
-1401347 0 2 281 4987
-1412056 33554432 1 176507
-1418132 0 1 354533
-1419368 67108864 1 177421
-1422488 33554432 1 177811
-1427956 0 1 356989
-1428916 0 1 357229
-1431247 32 1 84191
-1432783 8 1 130253
-1434635 2 1 286927
-1434856 67108864 1 179357
-1435508 0 1 358877
-1439348 0 1 359837
-1447715 2 1 289543
-1450115 2 1 290023
-1452971 16 1 111767
-1455668 0 1 363917
-1458559 2097152 1 17573
-1459624 67108864 1 182453
-1461847 32 1 85991
-1461976 33554432 1 182747
-1465543 0 2 191 7673
-1465783 8 1 133253
-1477379 1048576 1 18701
-1478219 64 1 77801
-1482515 2 1 296503
-1484819 4 1 212117
-1484867 0 2 421 3527
-1484935 2 1 296987
-1485823 128 1 64601
-1486036 0 1 371509
-1487768 33554432 1 185971
-1488856 33554432 1 186107
-1489172 0 1 372293
-1492696 33554432 1 186587
-1497172 0 1 374293
-1497752 33554432 1 187219
-1500367 8 1 136397
-1503784 67108864 1 187973
-1505176 33554432 1 188147
-1506004 0 1 376501
-1522307 131072 1 22721
-1522712 33554432 1 190339
-1523171 16 1 117167
-1523627 4 1 217661
-1524347 8 1 138577
-1524904 67108864 1 190613
-1525591 0 2 523 2917
-1529023 0 2 157 9739
-1529047 16 1 117619
-1534063 32 1 90239
-1535935 2 1 307187
-1536371 0 2 251 6121
-1537619 128 1 66853
-1541588 0 1 385397
-1544411 8 1 140401
-1544767 4 1 220681
-1545223 0 2 137 11279
-1546087 64 1 81373
-1547915 2 1 309583
-1548727 0 2 229 6763
-1553819 0 2 751 2069
-1555379 4 1 222197
-1556743 0 2 107 14549
-1565699 0 2 421 3719
-1567156 0 1 391789
-1568027 0 2 1187 1321
-1569707 0 2 1201 1307
-1582115 2 1 316423
-1583143 131072 1 23629
-1584179 32 1 93187
-1585063 32 1 93239
-1585172 0 1 396293
-1585204 0 1 396301
-1587304 67108864 1 198413
-1588052 0 1 397013
-1591687 64 1 83773
-1594324 0 1 398581
-1595651 0 2 109 14639
-1600276 0 1 400069
-1601603 0 2 661 2423
-1604771 4 1 229253
-1607819 16777216 1 15919
-1612783 128 1 70121
-1617496 33554432 1 202187
-1618216 67108864 1 202277
-1618712 33554432 1 202339
-1627096 33554432 1 203387
-1630868 0 1 407717
-1633087 0 2 239 6833
-1643507 0 2 127 12941
-1653035 2 1 330607
-1673492 0 1 418373
-1674136 33554432 1 209267
-1674152 67108864 1 209269
-1677299 16 1 129023
-1677943 262144 1 23633
-1679284 0 1 419821
-1680343 4 1 240049
-1681588 0 1 420397
-1682935 2 1 336587
-1683736 33554432 1 210467
-1684451 128 1 73237
-1685143 0 2 107 15749
-1685507 0 2 487 3461
-1685672 67108864 1 210709
-1687303 128 1 73361
-1687787 0 2 1117 1511
-1691407 0 2 509 3323
-1692659 16777216 1 16759
-1703767 16 1 131059
-1704007 0 2 757 2251
-1713323 0 2 907 1889
-1714163 8 1 155833
-1718824 67108864 1 214853
-1724935 2 1 344987
-1726619 0 2 811 2129
-1726744 33554432 1 215843
-1733887 0 2 199 8713
-1734847 0 2 503 3449
-1737752 33554432 1 217219
-1747787 32 1 102811
-1747835 2 1 349567
-1762708 0 1 440677
-1766983 0 2 277 6379
-1767016 67108864 1 220877
-1770007 512 1 57097
-1771643 4096 1 41201
-1775315 2 1 355063
-1778584 33554432 1 222323
-1780276 0 1 445069
-1781044 0 1 445261
-1788971 8388608 1 18443
-1792052 0 1 448013
-1795715 2 1 359143
-1797076 0 1 449269
-1799743 8 1 163613
-1799764 0 1 449941
-1803572 0 1 450893
-1804115 2 1 360823
-1811176 67108864 1 226397
-1813643 16 1 139511
-1814987 4096 1 42209
-1825291 16 1 140407
-1833512 67108864 1 229189
-1834264 33554432 1 229283
-1834804 0 1 458701
-1837204 0 1 459301
-1839971 4 1 262853
-1840984 33554432 1 230123
-1841887 0 2 1069 1723
-1843715 2 1 368743
-1844003 4 1 263429
-1844888 33554432 1 230611
-1850335 2 1 370067
-1856408 33554432 1 232051
-1856743 4 1 265249
-1861087 0 2 733 2539
-1864451 64 1 98129
-1868915 2 1 373783
-1871384 33554432 1 233923
-1873187 0 2 199 9413
-1876207 0 2 641 2927
-1884899 0 2 229 8231
-1888567 256 1 65123
-1891687 4 1 270241
-1900952 33554432 1 237619
-1907287 65536 1 31267
-1910228 0 1 477557
-1920443 4 1 274349
-1920535 2 1 384107
-1924687 2097152 1 23189
-1926488 33554432 1 240811
-1930715 2 1 386143
-1931939 64 1 101681
-1932244 0 1 483061
-1932583 0 2 173 11171
-1934051 4 1 276293
-1934168 33554432 1 241771
-1935227 4 1 276461
-1935587 64 1 101873
-1940824 33554432 1 242603
-1943003 0 2 307 6329
-1944724 0 1 486181
-1951019 4 1 278717
-1951903 256 1 67307
-1953128 67108864 1 244141
-1955971 0 2 199 9829
-1957979 16384 1 36943
-1959443 256 1 67567
-1959604 0 1 489901
-1970603 0 2 139 14177
-1973108 0 1 493277
-1983188 0 1 495797
-1991383 0 2 241 8263
-1991767 0 2 401 4967
-1992052 0 1 498013
-1993091 1048576 1 25229
-1996756 0 1 499189
-1999576 33554432 1 249947
-1999783 0 2 367 5449
-2000887 4 1 285841
-2002379 32 1 117787
-2002687 0 2 281 7127
-2010247 1024 1 54331
-2011523 0 2 647 3109
-2012603 0 2 887 2269
-2012623 0 2 521 3863
-2014615 2 1 402923
-2018267 0 2 349 5783
-2018644 0 1 504661
-2021491 0 2 1277 1583
-2023144 67108864 1 252893
-2023508 0 1 505877
-2023663 32 1 119039
-2029684 0 1 507421
-2030104 33554432 1 253763
-2030824 67108864 1 253853
-2031899 0 2 569 3571
-2038859 0 2 113 18043
-2040179 256 1 70351
-2040244 0 1 510061
-2057108 0 1 514277
-2061343 262144 1 29033
-2063531 16777216 1 20431
-2066867 8 1 187897
-2070247 0 2 367 5641
-2073803 0 2 239 8677
-2076607 16 1 159739
-2078843 16 1 159911
-2081503 65536 1 34123
-2086307 128 1 90709
-2087579 16 1 160583
-2089699 0 2 199 10501
-2090708 0 1 522677
-2092504 33554432 1 261563
-2096723 4096 1 48761
-2105723 0 2 1181 1783
-2106515 2 1 421303
-2107183 16 1 162091
-2108023 0 2 827 2549
-2108963 1024 1 56999
-2115508 0 1 528877
-2120948 0 1 530237
-2124103 0 2 1069 1987
-2134324 0 1 533581
-2135272 67108864 1 266909
-2137643 128 1 92941
-2138651 32 1 125803
-2143699 0 2 223 9613
-2144267 128 1 93229
-2147891 0 2 197 10903
-2149063 4 1 307009
-2157059 0 2 373 5783
-2157172 0 1 539293
-2160331 2048 1 52691
-2161811 0 2 1229 1759
-2165524 0 1 541381
-2171339 64 1 114281
-2176084 0 1 544021
-2177492 0 1 544373
-2183867 4 1 311981
-2185019 64 1 115001
-2186123 0 2 1381 1583
-2186131 524288 1 29947
-2189527 0 2 463 4729
-2195915 2 1 439183
-2198824 67108864 1 274853
-2201491 128 1 95717
-2202868 0 1 550717
-2206303 8 1 200573
-2210167 0 2 113 19559
-2210344 67108864 1 276293
-2217227 0 2 593 3739
-2219147 4 1 317021
-2220436 0 1 555109
-2220607 0 2 1063 2089
-2221928 67108864 1 277741
-2222356 0 1 555589
-2231267 32 1 131251
-2233931 4 1 319133
-2235223 65536 1 36643
-2236427 2048 1 54547
-2237887 8388608 1 23071
-2239892 0 1 559973
-2240527 2048 1 54647
-2241035 2 1 448207
-2244251 65536 1 36791
-2248084 0 1 562021
-2250676 0 1 562669
-2255383 16 1 173491
-2255464 67108864 1 281933
-2256203 0 2 257 8779
-2257219 64 1 118801
-2258747 4096 1 52529
-2260052 0 1 565013
-2260568 33554432 1 282571
-2262616 33554432 1 282827
-2262899 256 1 78031
-2264047 0 2 239 9473
-2265203 131072 1 33809
-2270132 0 1 567533
-2273863 64 1 119677
-2274856 67108864 1 284357
-2276507 0 2 173 13159
-2278859 8 1 207169
-2279963 4 1 325709
-2289844 0 1 572461
-2293691 32 1 134923
-2294623 0 2 617 3719
-2300363 16 1 176951
-2302427 0 2 967 2381
-2304091 0 2 331 6961
-2310851 0 2 163 14177
-2315828 0 1 578957
-2317096 67108864 1 289637
-2317187 256 1 79903
-2318179 0 2 241 9619
-2318383 1024 1 62659
-2329307 0 2 127 18341
-2330435 2 1 466087
-2345623 4 1 335089
-2347099 0 2 241 9739
-2348056 33554432 1 293507
-2348867 0 2 1297 1811
-2350931 8 1 213721
-2353019 0 2 397 5927
-2353235 2 1 470647
-2361076 0 1 590269
-2366899 0 2 127 18637
-2369027 32768 1 40153
-2369768 67108864 1 296221
-2369944 33554432 1 296243
-2371715 2 1 474343
-2375143 4194304 1 26687
-2376488 67108864 1 297061
-2380468 0 1 595117
-2381419 0 2 1151 2069
-2391707 0 2 499 4793
-2394004 0 1 598501
-2396267 0 2 137 17491
-2397367 4 1 342481
-2402123 8192 1 51109
-2403731 8 1 218521
-2417627 0 2 139 17393
-2418587 32768 1 40993
-2418803 256 1 83407
-2424148 0 1 606037
-2430971 0 2 139 17489
-2435387 0 2 109 22343
-2437588 0 1 609397
-2439467 64 1 128393
-2441627 0 2 223 10949
-2459048 67108864 1 307381
-2471435 2 1 494287
-2481847 32 1 145991
-2482811 1024 1 67103
-2487899 32 1 146347
-2488756 0 1 622189
-2488883 4096 1 57881
-2491624 67108864 1 311453
-2493748 0 1 623437
-2495956 0 1 623989
-2496563 0 2 173 14431
-2499107 16 1 192239
-2501267 4096 1 58169
-2503192 33554432 1 312899
-2503691 0 2 461 5431
-2504296 67108864 1 313037
-2506984 67108864 1 313373
-2508712 67108864 1 313589
-2509096 67108864 1 313637
-2510548 0 1 627637
-2511707 8 1 228337
-2518504 67108864 1 314813
-2524051 512 1 81421
-2527144 67108864 1 315893
-2527523 512 1 81533
-2530787 4 1 361541
-2531743 0 2 109 23227
-2532052 0 1 633013
-2534291 4096 1 58937
-2539403 0 2 1259 2017
-2544467 128 1 110629
-2548235 2 1 509647
-2556376 33554432 1 319547
-2556899 0 2 953 2683
-2564699 0 2 419 6121
-2568347 4096 1 59729
-2579047 0 2 1097 2351
-2591003 262144 1 36493
-2599651 4096 1 60457
-2601707 1048576 1 32933
-2602403 4096 1 60521
-2617204 0 1 654301
-2618891 8 1 238081
-2623336 67108864 1 327917
-2625083 262144 1 36973
-2635096 33554432 1 329387
-2640152 33554432 1 330019
-2642899 4 1 377557
-2643112 67108864 1 330389
-2643796 0 1 660949
-2645179 0 2 229 11551
-2645848 33554432 1 330731
-2648104 67108864 1 331013
-2656792 33554432 1 332099
-2663419 8 1 242129
-2669627 512 1 86117
-2671615 2 1 534323
-2673064 67108864 1 334133
-2675171 32 1 157363
-2676611 4 1 382373
-2679107 256 1 92383
-2679739 0 2 257 10427
-2681435 2 1 536287
-2686228 0 1 671557
-2686804 0 1 671701
-2692691 512 1 86861
-2699627 4 1 385661
-2704643 16384 1 51031
-2711767 1024 1 73291
-2714132 0 1 678533
-2723123 16 1 209471
-2724139 8 1 247649
-2728979 8 1 248089
-2739608 33554432 1 342451
-2742203 2048 1 66883
-2745059 2097152 1 33073
-2746456 33554432 1 343307
-2751796 0 1 687949
-2752168 67108864 1 344021
-2753987 0 2 173 15919
-2756027 0 2 127 21701
-2758187 0 2 907 3041
-2761691 0 2 1307 2113
-2762164 0 1 690541
-2764235 2 1 552847
-2773835 2 1 554767
-2776756 0 1 694189
-2779547 0 2 827 3361
-2784803 4 1 397829
-2787059 8 1 253369
-2787112 67108864 1 348389
-2787731 0 2 167 16693
-2788696 33554432 1 348587
-2790499 32 1 164147
-2791636 0 1 697909
-2797187 262144 1 39397
-2797876 0 1 699469
-2798296 33554432 1 349787
-2802019 8 1 254729
-2804747 8 1 254977
-2806952 67108864 1 350869
-2808424 67108864 1 351053
-2809876 0 1 702469
-2814979 32 1 165587
-2815087 8 1 255917
-2816344 33554432 1 352043
-2819963 131072 1 42089
-2823316 0 1 705829
-2824564 0 1 706141
-2825611 524288 1 38707
-2827915 2 1 565583
-2829931 16 1 217687
-2831887 0 2 1621 1747
-2836264 67108864 1 354533
-2846747 0 2 1069 2663
-2855179 1024 1 77167
-2855779 32 1 167987
-2859851 8388608 1 29483
-2861588 0 1 715397
-2863163 0 2 137 20899
-2866763 0 2 733 3911
-2866931 32 1 168643
-2871256 33554432 1 358907
-2874619 8 1 261329
-2875547 0 2 181 15887
-2883316 0 1 720829
-2884148 0 1 721037
-2884643 512 1 93053
-2885524 0 1 721381
-2896084 0 1 724021
-2901992 67108864 1 362749
-2905547 2048 1 70867
-2907379 262144 1 40949
-2917459 0 2 263 11093
-2923339 0 2 919 3181
-2930344 67108864 1 366293
-2933779 0 2 151 19429
-2934827 4 1 419261
-2937448 67108864 1 367181
-2939603 0 2 449 6547
-2941787 0 2 613 4799
-2942483 0 2 1571 1873
-2944936 67108864 1 368117
-2945027 4096 1 68489
-2947807 16384 1 55619
-2949367 0 2 1301 2267
-2952707 0 2 193 15299
-2961064 67108864 1 370133
-2963507 512 1 95597
-2965492 0 1 741373
-2965715 2 1 593143
-2967463 0 2 1259 2357
-2970691 0 2 1447 2053
-2971403 0 2 139 21377
-2972243 32768 1 50377
-2976367 0 2 1249 2383
-2977048 33554432 1 372131
-2977588 0 1 744397
-2979467 0 2 1087 2741
-2979544 33554432 1 372443
-2986408 67108864 1 373301
-2990747 1024 1 80831
-2996731 2048 1 73091
-2999896 33554432 1 374987
-3005003 0 2 191 15733
-3005779 4 1 429397
-3006203 0 2 271 11093
-3014027 64 1 158633
-3014435 2 1 602887
-3020747 32 1 177691
-3023387 0 2 349 8663
-3031988 0 1 757997
-3036451 8 1 276041
-3038488 33554432 1 379811
-3040771 1024 1 82183
-3048443 128 1 132541
-3051544 33554432 1 381443
-3054083 0 2 1567 1949
-3058547 4096 1 71129
-3062767 0 2 503 6089
-3063107 0 2 1061 2887
-3065003 128 1 133261
-3065627 32 1 180331
-3074392 33554432 1 384299
-3078388 0 1 769597
-3081112 33554432 1 385139
-3086612 0 1 771653
-3093976 33554432 1 386747
-3099707 16 1 238439
-3103444 0 1 775861
-3107723 0 2 419 7417
-3120856 33554432 1 390107
-3123259 0 2 1583 1973
-3140404 0 1 785101
-3149131 32 1 185243
-3157699 32 1 185747
-3158027 0 2 337 9371
-3163163 524288 1 43331
-3168916 0 1 792229
-3172651 131072 1 47353
-3180091 0 2 599 5309
-3188779 8 1 289889
-3196139 0 2 199 16061
-3197848 33554432 1 399731
-3208219 4 1 458317
-3208579 8 1 291689
-3212899 0 2 283 11353
-3215659 4194304 1 36131
-3224371 0 2 619 5209
-3225007 0 2 229 14083
-3225379 0 2 491 6569
-3225691 4 1 460813
-3236027 0 2 613 5279
-3241907 0 2 163 19889
-3245416 67108864 1 405677
-3251224 33554432 1 406403
-3255827 1048576 1 41213
-3266776 33554432 1 408347
-3268115 2 1 653623
-3269843 64 1 172097
-3269987 4 1 467141
-3277787 32 1 192811
-3278723 4 1 468389
-3279035 2 1 655807
-3291928 33554432 1 411491
-3293627 0 2 769 4283
-3296792 33554432 1 412099
-3299603 128 1 143461
-3306923 0 2 1409 2347
-3307699 128 1 143813
-3308407 256 1 114083
-3312443 512 1 106853
-3318347 0 2 139 23873
-3326419 0 2 1487 2237
-3328699 8 1 302609
-3328756 0 1 832189
-3333107 524288 1 45659
-3344408 33554432 1 418051
-3345268 0 1 836317
-3345811 4 1 477973
-3346984 67108864 1 418373
-3349096 67108864 1 418637
-3352219 16 1 257863
-3353716 0 1 838429
-3353731 0 2 131 25601
-3356627 0 2 373 8999
-3358427 0 2 349 9623
-3368692 0 1 842173
-3375028 0 1 843757
-3378712 33554432 1 422339
-3383983 1024 1 91459
-3386851 16 1 260527
-3390232 33554432 1 423779
-3397396 0 1 849349
-3398056 67108864 1 424757
-3399923 1048576 1 43037
-3402571 0 2 947 3593
-3414739 32 1 200867
-3432923 16 1 264071
-3447412 0 1 861853
-3449219 1048576 1 43661
-3455743 32 1 203279
-3460939 8192 1 73637
-3461044 0 1 865261
-3461428 0 1 865357
-3468635 2 1 693727
-3479387 0 2 853 4079
-3479572 0 1 869893
-3489707 16 1 268439
-3499459 256 1 120671
-3502643 262144 1 49333
-3503491 2048 1 85451
-3505291 64 1 184489
-3506267 32 1 206251
-3506299 0 2 463 7573
-3507979 0 2 197 17807
-3512692 0 1 878173
-3517163 16 1 270551
-3520067 0 2 907 3881
-3525736 67108864 1 440717
-3534739 16 1 271903
-3538283 4 1 505469
-3544523 0 2 181 19583
-3545812 0 1 886453
-3550168 33554432 1 443771
-3554483 0 2 751 4733
-3557059 8 1 323369
-3560728 33554432 1 445091
-3560915 2 1 712183
-3564712 67108864 1 445589
-3573019 0 2 179 19961
-3576931 0 2 157 22783
-3578963 0 2 487 7349
-3580888 33554432 1 447611
-3580891 256 1 123479
-3584059 32 1 210827
-3594823 0 2 877 4099
-3597331 0 2 631 5701
-3600931 8388608 1 37123
-3604456 67108864 1 450557
-3605435 2 1 721087
-3606571 512 1 116341
-3606739 0 2 271 13309
-3609571 4 1 515653
-3610763 16 1 277751
-3612619 32 1 212507
-3613303 0 2 181 19963
-3615635 2 1 723127
-3615796 0 1 903949
-3620788 0 1 905197
-3625763 8388608 1 37379
-3627227 0 2 1423 2549
-3630947 524288 1 49739
-3632872 67108864 1 454109
-3633128 67108864 1 454141
-3637579 8 1 330689
-3644363 0 2 113 32251
-3648091 0 2 1907 1913
-3649396 0 1 912349
-3655699 32768 1 61961
-3658516 0 1 914629
-3659251 0 2 127 28813
-3661012 0 1 915253
-3662387 0 2 1709 2143
-3666203 32 1 215659
-3669827 4 1 524261
-3688276 0 1 922069
-3692116 0 1 923029
-3700183 0 2 181 20443
-3702388 0 1 925597
-3716603 8 1 337873
-3716899 0 2 229 16231
-3731131 0 2 1583 2357
-3734627 16 1 287279
-3741691 0 2 193 19387
-3750107 0 2 293 12799
-3755603 0 2 1321 2843
-3759347 0 2 227 16561
-3762947 16384 1 70999
-3763252 0 1 940813
-3764731 32768 1 63809
-3771115 2 1 754223
-3773923 0 2 353 10691
-3775348 0 1 943837
-3776243 0 2 1051 3593
-3778708 0 1 944677
-3783227 4 1 540461
-3786196 0 1 946549
-3786227 2048 1 92347
-3787543 0 2 337 11239
-3795379 4 1 542197
-3802264 33554432 1 475283
-3809851 0 2 139 27409
-3816532 0 1 954133
-3818419 8 1 347129
-3823192 33554432 1 477899
-3833611 64 1 201769
-3834811 0 2 1571 2441
-3835459 0 2 997 3847
-3841939 16777216 1 38039
-3842243 0 2 577 6659
-3844891 65536 1 63031
-3845992 67108864 1 480749
-3848788 0 1 962197
-3856547 1024 1 104231
-3873019 0 2 541 7159
-3873619 0 2 1447 2677
-3874699 0 2 467 8297
-3887272 67108864 1 485909
-3890723 0 2 257 15139
-3893851 16 1 299527
-3896611 0 2 167 23333
-3899284 0 1 974821
-3902632 67108864 1 487829
-3905908 0 1 976477
-3911272 67108864 1 488909
-3912628 0 1 978157
-3916427 0 2 569 6883
-3922307 0 2 1307 3001
-3923851 1048576 1 49669
-3927283 0 2 769 5107
-3930803 1048576 1 49757
-3934132 0 1 983533
-3937907 0 2 331 11897
-3944971 0 2 1867 2113
-3958291 16777216 1 39191
-3964696 33554432 1 495587
-3966868 0 1 991717
-3969283 0 2 1697 2339
-3970115 2 1 794023
-3971035 2 1 794207
-3975571 0 2 467 8513
-3986419 1048576 1 50461
-3989435 2 1 797887
-3992867 2048 1 97387
-3994651 16777216 1 39551
-4000307 16777216 1 39607
-4000552 67108864 1 500069
-4001971 256 1 137999
-4004723 0 2 977 4099
-4016987 16 1 308999
-4019608 33554432 1 502451
-4028131 1048576 1 50989
-4029268 0 1 1007317
-4029323 32 1 237019
-4030891 1024 1 108943
-4038292 0 1 1009573
-4039348 0 1 1009837
-4045715 2 1 809143
-4047467 1024 1 109391
-4056571 1048576 1 51349
-4065107 64 1 213953
-4075156 0 1 1018789
-4077592 33554432 1 509699
-4078315 2 1 815663
-4079867 8 1 370897
-4083739 8 1 371249
-4088627 0 2 151 27077
-4091092 0 1 1022773
-4091123 16384 1 77191
-4097908 0 1 1024477
-4105771 0 2 1907 2153
-4108756 0 1 1027189
-4114228 0 1 1028557
-4119979 64 1 216841
-4120852 0 1 1030213
-4121899 128 1 179213
-4122739 0 2 547 7537
-4124419 16 1 317263
-4125608 67108864 1 515701
-4131571 0 2 269 15359
-4146019 0 2 131 31649
-4147288 33554432 1 518411
-4148435 2 1 829687
-4151611 256 1 143159
-4154179 64 1 218641
-4156459 64 1 218761
-4167563 16777216 1 41263
-4169371 128 1 181277
-4180411 128 1 181757
-4184315 2 1 836863
-4184987 0 2 439 9533
-4186651 4 1 598093
-4200139 32 1 247067
-4209467 0 2 337 12491
-4213891 8 1 383081
-4217123 0 2 829 5087
-4225883 0 2 467 9049
-4229867 4096 1 98369
-4232203 16777216 1 41903
-4236979 16384 1 79943
-4249012 0 1 1062253
-4249576 67108864 1 531197
-4261771 1024 1 115183
-4266772 0 1 1066693
-4270996 0 1 1067749
-4273012 0 1 1068253
-4288051 128 1 186437
-4288411 1024 1 115903
-4291907 0 2 103 41669
-4296923 2048 1 104803
-4298179 1024 1 116167
-4299619 0 2 283 15193
-4306699 0 2 109 39511
-4314019 0 2 997 4327
-4317268 0 1 1079317
-4322008 33554432 1 540251
-4322611 8388608 1 44563
-4325435 2 1 865087
-4327771 4 1 618253
-4328491 0 2 397 10903
-4328788 0 1 1082197
-4337011 4 1 619573
-4344091 0 2 131 33161
-4347347 512 1 140237
-4353083 4 1 621869
-4355731 64 1 229249
-4356347 262144 1 61357
-4358963 4 1 622709
-4361603 0 2 317 13759
-4364419 0 2 103 42373
-4370635 2 1 874127
-4392739 16 1 337903
-4394179 0 2 1609 2731
-4399411 1024 1 118903
-4401467 4 1 628781
-4404227 0 2 107 41161
-4405288 67108864 1 550661
-4407124 0 1 1101781
-4411444 0 1 1102861
-4423219 64 1 232801
-4425323 4 1 632189
-4434211 0 2 389 11399
-4444579 131072 1 66337
-4445435 2 1 889087
-4446443 0 2 701 6343
-4449448 67108864 1 556181
-4451764 0 1 1112941
-4453672 67108864 1 556709
-4465192 67108864 1 558149
-4466851 0 2 349 12799
-4470952 67108864 1 558869
-4474516 0 1 1118629
-4476347 0 2 991 4517
-4482587 1024 1 121151
-4492427 512 1 144917
-4497748 0 1 1124437
-4498771 524288 1 61627
-4503379 0 2 283 15913
-4518331 65536 1 74071
-4518868 0 1 1129717
-4522163 0 2 1427 3169
-4523608 33554432 1 565451
-4524323 1024 1 122279
-4536472 33554432 1 567059
-4541491 1024 1 122743
-4544212 0 1 1136053
-4549051 16 1 349927
-4551827 4 1 650261
-4551979 0 2 113 40283
-4562123 0 2 467 9769
-4563304 67108864 1 570413
-4572052 0 1 1143013
-4574011 16 1 351847
-4585667 2097152 1 55249
-4587379 64 1 241441
-4595963 0 2 103 44621
-4595971 0 2 107 42953
-4597171 128 1 199877
-4600667 128 1 200029
-4605652 0 1 1151413
-4611739 8 1 419249
-4618612 0 1 1154653
-4618819 0 2 571 8089
-4619011 4194304 1 51899
-4635827 4 1 662261
-4640419 4 1 662917
-4644019 16384 1 87623
-4647316 0 1 1161829
-4647508 0 1 1161877
-4651435 2 1 930287
-4652179 4 1 664597
-4655128 33554432 1 581891
-4658968 33554432 1 582371
-4670899 0 2 313 14923
-4673128 67108864 1 584141
-4674931 64 1 246049
-4676116 0 1 1169029
-4676971 16 1 359767
-4677763 128 1 203381
-4678067 0 2 1741 2687
-4678819 4194304 1 52571
-4685003 8388608 1 48299
-4685908 0 1 1171477
-4686676 0 1 1171669
-4687771 8 1 426161
-4702547 0 2 503 9349
-4704347 0 2 229 20543
-4708315 2 1 941663
-4709812 0 1 1177453
-4710484 0 1 1177621
-4714228 0 1 1178557
-4715731 0 2 617 7643
-4722619 8 1 429329
-4723643 0 2 227 20809
-4725211 0 2 293 16127
-4726283 0 2 373 12671
-4727843 0 2 1049 4507
-4728532 0 1 1182133
-4729435 2 1 945887
-4729883 2048 1 115363
-4736539 0 2 1109 4271
-4738171 0 2 227 20873
-4742851 0 2 1429 3319
-4746772 0 1 1186693
-4756852 0 1 1189213
-4762915 2 1 952583
-4764244 0 1 1191061
-4769659 256 1 164471
-4771187 1024 1 128951
-4776259 0 2 769 6211
-4777603 16777216 1 47303
-4778947 1048576 1 60493
-4779587 0 2 283 16889
-4786531 1048576 1 60589
-4792219 1048576 1 60661
-4795291 0 2 463 10357
-4804147 0 2 751 6397
-4805315 2 1 961063
-4808371 0 2 311 15461
-4816715 2 1 963343
-4821748 0 1 1205437
-4824859 16 1 371143
-4827892 0 1 1206973
-4832803 0 2 431 11213
-4837067 0 2 733 6599
-4837291 128 1 210317
-4843627 0 2 151 32077
-4845091 0 2 443 10937
-4845763 16 1 372751
-4847188 0 1 1211797
-4847299 64 1 255121
-4847627 8192 1 103141
-4850971 0 2 1663 2917
-4851508 0 1 1212877
-4852648 67108864 1 606581
-4856387 0 2 997 4871
-4858771 0 2 281 17291
-4861867 262144 1 68477
-4864792 33554432 1 608099
-4865923 4096 1 113161
-4871131 0 2 1289 3779
-4875139 0 2 491 9929
-4878211 16 1 375247
-4885288 67108864 1 610661
-4886248 67108864 1 610781
-4889587 1024 1 132151
-4891051 8 1 444641
-4894579 65536 1 80239
-4898131 4 1 699733
-4900051 16 1 376927
-4903699 0 2 1459 3361
-4917379 0 2 839 5861
-4929883 4 1 704269
-4932376 33554432 1 616547
-4933972 0 1 1233493
-4953739 4 1 707677
-4959691 8 1 450881
-4964788 0 1 1241197
-4980467 65536 1 81647
-4987816 67108864 1 623477
-5004379 65536 1 82039
-5007235 2 1 1001447
-5012131 1024 1 135463
-5012968 67108864 1 626621
-5018008 33554432 1 627251
-5030035 2 1 1006007
-5035987 8 1 457817
-5042611 4 1 720373
-5047732 0 1 1261933
-5049667 4 1 721381
-5050579 0 2 1039 4861
-5063371 256 1 174599
-5067028 0 1 1266757
-5068651 4 1 724093
-5073688 33554432 1 634211
-5080667 32768 1 86113
-5082835 2 1 1016567
-5087987 0 2 941 5407
-5089867 4096 1 118369
-5093363 8 1 463033
-5098579 0 2 199 25621
-5102299 0 2 487 10477
-5109403 16 1 393031
-5111371 0 2 719 7109
-5113291 128 1 222317
-5114299 2048 1 124739
-5116339 64 1 269281
-5120587 32 1 301211
-5120611 512 1 165181
-5132692 0 1 1283173
-5150179 0 2 499 10321
-5155732 0 1 1288933
-5156392 67108864 1 644549
-5160088 33554432 1 645011
-5168467 256 1 178223
-5171032 33554432 1 646379
-5174248 67108864 1 646781
-5178803 4 1 739829
-5179043 0 2 1979 2617
-5179171 0 2 167 31013
-5182132 0 1 1295533
-5195003 8 1 472273
-5195491 4 1 742213
-5196052 0 1 1299013
-5197867 4194304 1 58403
-5197912 33554432 1 649739
-5223019 0 2 1297 4027
-5224948 0 1 1306237
-5225827 0 2 2003 2609
-5226388 0 1 1306597
-5226979 0 2 179 29201
-5228507 1024 1 141311
-5236747 262144 1 73757
-5237507 8 1 476137
-5246371 16 1 403567
-5250307 0 2 127 41341
-5255611 0 2 661 7951
-5264779 16 1 404983
-5269963 0 2 2131 2473
-5274347 16 1 405719
-5281816 33554432 1 660227
-5282539 65536 1 86599
-5285563 131072 1 78889
-5290228 0 1 1322557
-5293012 0 1 1323253
-5296883 1024 1 143159
-5299828 0 1 1324957
-5301172 0 1 1325293
-5302315 2 1 1060463
-5306152 67108864 1 663269
-5306299 0 2 941 5639
-5313259 4 1 759037
-5318644 0 1 1329661
-5323828 0 1 1330957
-5324243 0 2 389 13687
-5333428 0 1 1333357
-5337835 2 1 1067567
-5338171 65536 1 87511
-5342632 67108864 1 667829
-5345491 65536 1 87631
-5346091 0 2 787 6793
-5355352 33554432 1 669419
-5362043 0 2 137 39139
-5365459 8 1 487769
-5367331 1024 1 145063
-5367451 65536 1 87991
-5370307 256 1 185183
-5396008 67108864 1 674501
-5396851 0 2 1063 5077
-5400715 2 1 1080143
-5405387 16 1 415799
-5426968 33554432 1 678371
-5429627 4 1 775661
-5439307 0 2 367 14821
-5440948 0 1 1360237
-5441443 4 1 777349
-5448019 0 2 2203 2473
-5450779 0 2 131 41609
-5459179 8 1 496289
-5460436 0 1 1365109
-5473579 0 2 1031 5309
-5477011 262144 1 77141
-5481379 0 2 397 13807
-5481787 0 2 1109 4943
-5487715 2 1 1097543
-5488915 2 1 1097783
-5489899 16384 1 103583
-5495131 32 1 323243
-5499115 2 1 1099823
-5504491 0 2 1217 4523
-5530708 0 1 1382677
-5531899 32768 1 93761
-5546635 2 1 1109327
-5572891 0 2 661 8431
-5577235 2 1 1115447
-5577652 0 1 1394413
-5578099 0 2 571 9769
-5587963 0 2 113 49451
-5589748 0 1 1397437
-5590147 0 2 293 19079
-5594731 0 2 127 44053
-5600227 65536 1 91807
-5601427 16 1 430879
-5606027 4 1 800861
-5614228 0 1 1403557
-5626132 0 1 1406533
-5634235 2 1 1126847
-5639539 0 2 809 6971
-5640707 0 2 1171 4817
-5641579 0 2 1259 4481
-5648611 2048 1 137771
-5650819 262144 1 79589
-5651179 0 2 2083 2713
-5665432 33554432 1 708179
-5674387 0 2 443 12809
-5682331 512 1 183301
-5683699 4 1 811957
-5685172 0 1 1421293
-5692291 8 1 517481
-5693491 512 1 183661
-5706088 67108864 1 713261
-5707288 33554432 1 713411
-5718227 0 2 367 15581
-5721172 0 1 1430293
-5729299 2048 1 139739
-5738728 67108864 1 717341
-5739763 0 2 157 36559
-5746747 0 2 673 8539
-5751739 4 1 821677
-5756323 0 2 167 34469
-5763091 0 2 839 6869
-5763211 0 2 251 22961
-5768611 0 2 991 5821
-5773411 4 1 824773
-5776411 0 2 1103 5237
-5777059 32 1 339827
-5781268 0 1 1445317
-5787379 16 1 445183
-5791283 4096 1 134681
-5793211 0 2 631 9181
-5796283 0 2 157 36919
-5801812 0 1 1450453
-5802292 0 1 1450573
-5817523 0 2 1489 3907
-5821523 0 2 677 8599
-5827219 0 2 191 30509
-5835859 128 1 253733
-5836651 0 2 281 20771
-5847619 0 2 103 56773
-5853928 67108864 1 731741
-5861971 0 2 151 38821
-5862091 0 2 367 15973
-5866939 16 1 451303
-5882707 0 2 1069 5503
-5884468 0 1 1471117
-5886235 2 1 1177247
-5888131 256 1 203039
-5889691 2048 1 143651
-5890523 0 2 643 9161
-5906299 4 1 843757
-5921128 67108864 1 740141
-5921491 32 1 348323
-5923732 0 1 1480933
-5924392 67108864 1 740549
-5927128 33554432 1 740891
-5928739 16384 1 111863
-5938291 32768 1 100649
-5944283 64 1 312857
-5950235 2 1 1190047
-5953867 32768 1 100913
-5970163 4096 1 138841
-5971915 2 1 1194383
-5972035 2 1 1194407
-5975512 33554432 1 746939
-5976643 0 2 353 16931
-5978011 16 1 459847
