-87071
-87359
-123791
-167159
-175631
-192407
-207719
-210071
-214631
-232919
-240631
-241463
-247943
-248783
-290671
-299063
-301759
-308423
-316879
-320911
-364583
-376639
-395191
-396079
-396919
-407791
-412943
-417983
-422911
-431311
-453527
-470263
-493231
-497303
-508943
-515663
-570511
-571223
-581239
-600319
-608191
-613499
-620183
-645023
-669167
-669847
-686143
-687559
-709703
-730111
-743671
-753631
-769807
-790739
-837611
-843127
-844999
-846851
-853571
-861299
-884743
-920743
-935719
-947407
-949951
-963779
-980503
-993823
-1015471
-1029103
-1045859
-1085867
-1087019
-1123807
-1134487
-1153211
-1158823
-1190047
-1197367
-1203971
-1227491
-1235867
-1241987
-1282471
-1283167
-1295051
-1297211
-1311367
-1312183
-1317131
-1319719
-1339571
-1355987
-1377223
-1386223
-1391051
-1397483
-1410943
-1419511
-1434607
-1450571
-1457503
-1470611
-1495379
-1500007
-1511099
-1521011
-1530847
-1540859
-1560539
-1564139
-1606259
-1638899
-1645543
-1652887
-1656847
-1673983
-1678067
-1710131
-1721767
-1736219
-1737103
-1738691
-1741063
-1742179
-1756187
-1766579
-1772047
-1779607
-1783423
-1795979
-1807691
-1821731
-1822427
-1823219
-1860847
-1893707
-1927979
-1932563
-1943411
-1970263
-1994483
-1997459
-2013251
-2045363
-2052731
-2056979
-2072131
-2089543
-2124299
-2129891
-2161787
-2172563
-2175323
-2184059
-2191807
-2208343
-2213411
-2240299
-2270987
-2272427
-2282243
-2328463
-2334179
-2346587
-2373823
-2380043
-2416163
-2423147
-2430587
-2433127
-2453531
-2467691
-2471939
-2484707
-2514563
-2542531
-2552503
-2586139
-2587163
-2598731
-2636503
-2639891
-2652367
-2654011
-2657939
-2660767
-2662207
-2700847
-2702243
-2731907
-2732243
-2735387
-2748227
-2758531
-2778203
-2788427
-2807527
-2828731
-2851523
-2853443
-2860523
-2873363
-2902183
-2917307
-2946443
-2955683
-2985107
-2993603
-3050867
-3065507
-3093803
-3144259
-3151763
-3193643
-3252827
-3265187
-3291083
-3293387
-3319763
-3327347
-3329899
-3348827
-3387019
-3440971
-3448163
-3461123
-3518243
-3523763
-3530507
-3547163
-3548899
-3564683
-3616939
-3671627
-3676219
-3678811
-3687847
-3717859
-3761507
-3767483
-3778459
-3796339
-3850403
-3857263
-3871579
-3918923
-3927019
-3954707
-3965419
-3968011
-3979219
-3993019
-3996059
-4018699
-4019131
-4022003
-4025387
-4031843
-4046387
-4046963
-4076027
-4126531
-4205623
-4224739
-4279819
-4308467
-4329331
-4406627
-4411963
-4422247
-4438699
-4443107
-4452947
-4453663
-4485883
-4515323
-4526371
-4560587
-4567891
-4601011
-4681507
-4684579
-4720307
-4722083
-4753459
-4776347
-4807459
-4867243
-4882027
-4890803
-4910131
-4911859
-4919267
-4928267
-4941227
-4946731
-4961027
-4982179
-4984523
-5059651
-5081731
-5086579
-5088379
-5116627
-5161099
-5163859
-5188147
-5216243
-5249147
-5249683
-5296787
-5313443
-5375011
-5379379
-5395163
-5429707
-5488579
-5527939
-5552011
-5596819
-5607571
-5617291
-5655451
-5674987
-5736091
-5792107
-5806523
-5808107
-5839667
-5855107
-5861507
-5866363
-5899651
-5913907
-5929459
-5943139
-5948323
-5958499
-5990363
