-106679 0 2 107 997
-114839 128 1 4993
-118151 136 1 467
-132695 2 1 26539
-142631 4608 1 107
-145535 18 1 2239
-147239 0 2 113 1303
-150695 2 1 30139
-158471 1024 1 4283
-164615 526346 0
-180119 256 1 6211
-187439 4 1 26777
-201815 2 2 181 223
-203015 66 1 2137
-203495 2 1 40699
-217631 0 2 367 593
-222767 4194304 1 2503
-223295 263202 0
-231647 16 2 103 173
-235247 0 2 367 641
-246359 131072 1 3677
-250351 1048576 1 3169
-250415 266 1 157
-255647 32772 1 619
-264536 33558528 1 769
-266783 1048584 1 307
-268616 67108864 1 33577
-271556 256 1 2341
-274487 16384 1 5179
-282799 8200 1 547
-293231 8388608 1 3023
-293495 2 1 58699
-305191 2097152 1 3677
-317543 32 1 18679
-325316 0 2 167 487
-327695 2 1 65539
-328436 8192 1 1747
-329303 524304 1 347
-337364 192 1 193
-339524 32 1 4993
-344119 0 2 193 1783
-344564 2056 1 191
-344839 8584 0
-345799 32768 1 5861
-348335 146 1 233
-349727 8196 1 1063
-356207 262400 1 173
-357623 8196 1 1087
-359576 33554436 1 6421
-362071 2048 1 8831
-363656 67108864 2 131 347
-365924 528 1 227
-366344 67109000 1 181
-367064 33554464 1 2699
-368951 40 1 1973
-375140 2 1 18757
-375679 0 2 197 1907
-380036 0 1 95009
-386084 0 2 263 367
-387095 2 1 77419
-389780 2 1 19489
-391111 32772 1 947
-394471 8204 1 109
-397967 256 1 13723
-398996 16 1 7673
-400484 4 1 14303
-400879 0 2 311 1289
-404036 0 1 101009
-405079 16384 1 7643
-409604 16 1 7877
-410695 2 1 82139
-417263 12 1 5419
-419903 32776 1 647
-420020 2 1 21001
-420104 67108896 1 3089
-434687 4104 1 919
-438247 131584 1 211
-438679 128 1 19073
-440063 16 1 33851
-440671 8421388 0
-441071 128 2 127 151
-441199 72 1 2111
-446551 4 1 63793
-448295 2 1 89659
-449060 2 1 22453
-449204 65540 1 263
-450295 2 1 90059
-452276 72 1 541
-462439 2048 1 11279
-464303 68 1 3491
-465047 131080 1 631
-469943 0 2 269 1747
-473864 67108864 1 59233
-477023 16777216 1 4723
-477871 1048704 1 263
-477944 33554432 1 59743
-483799 0 2 167 2897
-484967 260 1 2389
-486932 4160 1 149
-490295 82 1 397
-492596 16 1 9473
-493556 4 1 17627
-496639 152 1 151
-498440 67108898 1 733
-500276 36 1 1051
-500324 2097160 1 137
-501416 67108864 2 233 269
-504596 16777216 1 1249
-504884 0 2 113 1117
-505028 0 1 126257
-506504 67108864 1 63313
-512456 67108868 1 9151
-513935 2178 1 109
-515719 32768 1 8741
-515959 128 1 22433
-518084 4 1 18503
-533876 132 1 829
-542311 12 1 7043
-542984 67109008 1 227
-543176 67112960 1 1579
-544244 0 2 359 379
-544724 4096 1 3167
-549860 66 1 1447
-559160 33554438 1 1997
-560180 1026 1 757
-563695 1034 1 277
-563719 16 2 103 421
-565064 69207168 0
-565256 67108864 1 70657
-567623 4 2 131 619
-570127 2097152 1 6869
-571607 0 2 509 1123
-571640 33554946 1 461
-574783 8 1 52253
-575624 67108932 1 541
-582751 144 1 1949
-586231 8192 1 12473
-588047 32 1 34591
-589796 0 1 147449
-591716 256 1 5101
-596311 0 2 107 5573
-597299 0 2 457 1307
-597704 67108864 1 74713
-602180 2 1 30109
-602852 256 1 5197
-603416 33554440 1 6857
-604724 32 1 8893
-608671 4194308 1 977
-612655 66 1 6449
-613352 67112960 1 1783
-614239 0 2 421 1459
-618836 262144 1 2179
-619256 33554952 1 227
-619496 67108864 2 211 367
-620324 0 1 155081
-620935 6 2 113 157
-620936 67108864 1 77617
-621896 67109896 1 191
-622295 2 1 124459
-627032 33554436 1 11197
-627560 67109122 1 541
-629219 4096 1 14633
-634351 0 2 151 4201
-635624 67109384 1 233
-638660 10 1 2903
-639539 4096 2 107 139
-644420 6 1 4603
-645655 2 2 139 929
-646004 256 1 5569
-646196 524288 1 2213
-647096 33562624 1 1721
-647960 41943042 1 167
-649399 10240 1 337
-649451 168 1 151
-650696 67108864 2 163 499
-650756 1024 1 4397
-650903 8200 1 1259
-652879 0 2 229 2851
-654383 0 2 113 5791
-657815 262178 1 109
-658999 8 2 139 431
-659876 4 1 23567
-661844 32 1 9733
-673615 2 2 199 677
-673784 33554432 1 84223
-675428 528 1 419
-681428 40 1 911
-682039 524288 1 9343
-682520 33554434 2 113 151
-683864 34078720 1 1171
-684871 136 1 2707
-687863 8 1 62533
-697331 4096 1 16217
-697903 8704 1 479
-706127 0 2 191 3697
-706724 96 1 547
-710516 128 1 7723
-711535 42 1 761
-712472 35652864 0
-715784 67108864 2 131 683
-719444 2097160 1 197
-719719 28 1 719
-720680 67112962 1 419
-722215 2066 1 271
-722216 67109128 1 283
-722699 0 2 647 1117
-725492 8224 1 227
-727460 2 1 36373
-728036 0 1 182009
-731063 64 2 109 353
-732920 34078722 1 251
-733064 67112960 1 2131
-735899 0 2 677 1087
-737240 33554438 1 2633
-739499 64 1 38921
-741727 164 1 271
-743087 32 1 43711
-744548 4 1 26591
-748244 4 1 26723
-749828 512 1 6047
-750884 0 1 187721
-752564 8192 1 4003
-755204 0 1 188801
-756151 16392 1 1297
-756884 192 1 433
-759755 90114 0
-761192 67109152 1 193
-762152 67117056 1 2027
-763091 4 1 109013
-769499 0 2 373 2063
-770276 16 1 14813
-772916 0 2 199 971
-777535 131082 1 211
-782360 33554434 1 19559
-783176 67108864 2 223 439
-785359 0 2 181 4339
-787619 1028 1 3041
-789032 67109184 1 179
-790543 16 1 60811
-791959 132 1 4919
-793015 2 2 199 797
-795823 132 1 4943
-797915 16386 1 3011
-798836 192 1 457
-801656 33554432 1 100207
-803095 2 1 160619
-804548 0 2 197 1021
-806327 32 1 47431
-807944 67108992 1 4391
-811591 4194312 1 829
-812744 67108928 1 5347
-814424 33556496 1 191
-817399 72 1 3911
-818216 67108932 1 769
-819299 592 1 107
-822995 2 1 164599
-823880 67112962 1 479
-825031 0 2 263 3137
-825236 0 2 103 2003
-825620 2 1 41281
-826040 33554434 2 107 193
-827444 0 2 269 769
-829220 6 1 5923
-829711 64 1 43669
-829999 0 2 107 7757
-831044 0 2 373 557
-832196 0 1 208049
-833207 64 1 43853
-834296 33554432 1 104287
-834344 67117060 1 317
-836143 12 1 10859
-839588 0 2 431 487
-841255 2 2 311 541
-845291 96 1 2617
-846991 32 1 49823
-847448 33555460 1 409
-852824 41943044 1 157
-854180 2 1 42709
-854959 1028 1 3301
-855272 67108872 1 9719
-855608 33554512 1 433
-856340 8194 1 911
-857048 33554432 2 149 719
-859663 4 2 127 967
-861367 16 2 173 383
-862232 37748740 1 173
-862760 67108866 1 21569
-866168 33554432 1 108271
-867524 4 1 30983
-868052 1181696 0
-869348 0 1 217337
-871015 258 1 6007
-871784 67141632 1 1847
-871880 67371010 1 307
-871940 2 1 43597
-873416 67112960 1 2539
-875768 33554432 1 109471
-875816 69206016 1 1319
-876020 2 1 43801
-877652 0 2 313 701
-880451 8216 1 131
-884852 0 2 157 1409
-886244 32 1 13033
-888487 4325376 1 149
-890264 33554496 1 5857
-891295 2 1 178259
-891463 2080 1 1279
-892231 0 2 157 5683
-892772 96 1 691
-893815 18 1 13751
-895235 2058 1 397
-895748 4 1 31991
-896839 128 1 38993
-897895 2 1 179579
-900488 67109376 1 3631
-900728 33555488 1 179
-901859 4 1 128837
-903176 67109152 1 229
-904184 33554432 1 113023
-904615 2 2 239 757
-905527 4 1 129361
-906932 16 2 107 163
-907255 2 2 421 431
-907303 0 2 157 5779
-908647 0 2 167 5441
-911551 524288 1 12487
-911864 33554432 1 113983
-913879 20480 1 401
-915044 16 1 17597
-915899 4196352 1 251
-916580 6 1 6547
-917599 0 2 431 2129
-918035 4194306 1 2063
-921944 33554464 1 6779
-922292 4 1 32939
-925495 2 1 185099
-925880 34603010 1 293
-926984 67108864 1 115873
-929924 0 2 383 607
-931159 0 2 809 1151
-931592 69271680 0
-932552 67108896 1 6857
-933620 2 1 46681
-936655 2163714 0
-938824 67108864 1 117353
-939659 4 2 241 557
-947935 4098 1 4409
-948727 208 1 167
-950516 2097156 1 409
-955303 1024 1 25819
-956023 131136 1 751
-956056 33554432 2 127 941
-957908 4 1 34211
-960392 67108864 1 120049
-960584 67108864 2 167 719
-961640 67109122 1 829
-962024 67110916 1 419
-962143 8388628 1 109
-966056 67108884 1 1327
-968863 65540 1 2269
-970580 18 1 3733
-973739 16 1 74903
-976711 0 2 617 1583
-981428 4 1 35051
-981967 4 1 140281
-983012 0 1 245753
-987044 131328 1 127
-987395 2 1 197479
-989311 64 1 52069
-990248 67108868 1 17683
-990260 131074 1 739
-996152 33554432 2 239 521
-997784 33554432 2 191 653
-999103 16388 1 2693
-999476 64 1 13151
-999779 8388616 1 937
-1001924 12 1 3253
-1002895 2 1 200579
-1003976 67108864 1 125497
-1005032 67108868 2 131 137
-1009543 2048 1 24623
-1011608 33816592 1 137
-1014895 6 2 107 271
-1016167 0 2 131 7757
-1016552 67109376 1 4099
-1016651 1048608 1 757
-1018735 131074 1 3041
-1021063 0 2 839 1217
-1025479 32788 1 191
-1026548 0 2 271 947
-1030931 1064 1 149
-1032967 16 2 181 439
-1034360 33554498 1 1361
-1036184 33554528 1 401
-1036903 4 2 167 887
-1037576 67108992 1 5639
-1038343 32 2 103 593
-1038371 8192 1 22093
-1038583 16777236 1 113
-1038884 12 1 3373
-1039135 65538 1 3407
-1039576 33554432 2 199 653
-1039739 524288 1 14243
-1040551 1024 1 28123
-1041476 1536 1 227
-1041668 0 1 260417
-1043503 0 2 439 2377
-1045448 67108864 1 130681
-1046215 2097154 1 2521
-1047295 2 1 209459
-1047332 24 1 1831
-1048184 33554432 1 131023
-1050980 6 1 7507
-1051595 2 1 210319
-1053367 260 1 5189
-1055623 0 2 397 2659
-1056511 512 2 173 197
-1056596 4096 1 6143
-1058120 67108870 1 3779
-1058372 4 1 37799
-1058411 65536 1 17351
-1060232 67108864 1 132529
-1060811 393216 1 223
-1062103 4 1 151729
-1062788 5120 1 167
-1063016 71303168 1 1493
-1064072 67108992 1 5783
-1064420 6 1 7603
-1065716 0 2 157 1697
-1066183 512 2 163 211
-1066331 4 2 347 439
-1066903 8388640 1 647
-1067972 0 1 266993
-1068616 67108864 2 223 599
-1069691 20971556 0
-1069892 1024 1 7229
-1070036 2097160 1 293
-1070767 256 1 36923
-1070915 4130 1 293
-1071332 0 1 267833
-1071380 2 1 53569
-1071812 16777220 1 379
-1073023 262180 1 127
-1073192 67108864 2 163 823
-1078063 4 2 337 457
-1078091 4 2 233 661
-1081399 1032 1 2657
-1082239 0 2 277 3907
-1084136 67109120 1 4673
-1084292 72 1 1297
-1084807 8192 1 23081
-1085480 67108874 1 2467
-1085960 67108898 1 1597
-1088264 67108864 1 136033
-1088660 258 1 1877
-1090255 524546 1 103
-1091455 66 1 11489
-1094984 67109000 1 541
-1095055 50 1 991
-1096580 2 1 54829
-1097588 32 1 16141
-1098487 16 1 84499
-1099735 22 1 2417
-1100948 0 2 449 613
-1101943 32832 1 983
-1102040 33554434 1 27551
-1103383 512 1 35593
-1103672 33570880 1 137
-1103864 33554432 1 137983
-1104104 68157440 1 1747
-1105615 518 1 1019
-1108712 67112968 1 293
-1109051 131072 1 16553
-1111019 276 1 421
-1112456 67108864 2 241 577
-1114903 4194304 1 12527
-1115815 2050 1 5443
-1118792 67108864 2 107 1307
-1119176 67109952 1 199
-1119416 33554464 1 8231
-1121284 0 1 280321
-1126136 33685512 1 191
-1127099 64 2 137 433
-1127291 8 1 102481
-1128851 32 1 66403
-1129076 16 1 21713
-1131764 133120 1 103
-1132183 8240 1 109
-1136479 18432 1 523
-1141327 520 1 3347
-1145291 4 1 163613
-1146260 1026 1 1549
-1148888 33554448 1 11047
-1149080 33554562 1 1249
-1150567 8 1 104597
-1152776 67108864 2 103 1399
-1153208 33554436 1 20593
-1155556 512 1 9319
-1157767 2098448 0
-1159880 67108866 2 107 271
-1159924 0 2 409 709
-1161124 16384 1 5477
-1161419 2097156 1 1999
-1161635 2 2 379 613
-1161895 4194310 1 373
-1162139 8 1 105649
-1163764 4194308 1 467
-1164484 512 1 9391
-1165087 12 1 15131
-1166767 132 1 7247
-1169012 16 1 22481
-1169108 64 1 15383
-1170484 36 1 2459
-1171928 33554432 2 263 557
-1172792 33554944 1 4729
-1175656 67108864 2 223 659
-1176068 0 2 269 1093
-1176131 8 1 106921
-1177508 128 1 12799
-1179371 8320 1 1091
-1179655 2 2 131 1801
-1179659 16 2 103 881
-1181623 0 2 241 4903
-1182452 32 1 17389
-1182799 0 2 131 9029
-1184324 512 1 9551
-1185188 0 2 181 1637
-1189096 67108928 1 7823
-1191751 40 1 6373
-1191752 67108864 2 311 479
-1193176 33555712 1 139
-1194212 1024 1 8069
-1196072 67108864 2 307 487
-1197415 262146 1 3373
-1197704 67108864 1 149713
-1198691 208 1 211
-1199060 2 2 167 359
-1202132 0 2 149 2017
-1206415 6 1 34469
-1208647 72 1 5783
-1210331 0 2 859 1409
-1212440 33554466 1 1783
-1214792 67108864 1 151849
-1215895 8388738 1 109
-1216340 65538 1 997
-1223492 0 1 305873
-1223651 4120 1 199
-1227127 8 2 281 397
-1227731 32768 1 20809
-1228568 33554568 1 607
-1231480 33554466 1 1811
-1234087 0 2 661 1867
-1234148 0 1 308537
-1234756 2048 1 7529
-1238047 512 1 39937
-1238795 2 1 247759
-1238887 16 2 157 607
-1238948 0 1 309737
-1240643 224 1 167
-1241960 67174402 1 509
-1242011 64 2 131 499
-1243928 41943044 1 229
-1246855 258 1 8599
-1251380 18 1 4813
-1251464 67108864 2 311 503
-1254199 0 2 967 1297
-1254223 0 2 439 2857
-1258520 34078722 1 431
-1259167 16777236 1 137
-1263332 4 1 45119
-1263752 67108868 1 22567
-1264139 256 1 43591
-1267652 512 1 10223
-1268551 512 2 151 271
-1270807 0 2 619 2053
-1273019 72 1 6091
-1273640 67108898 1 1873
-1273691 32 1 74923
-1273783 4 2 283 643
-1277647 1028 1 4933
-1277972 384 1 479
-1280335 6 2 157 233
-1280356 12 1 4157
-1282687 644 1 257
-1283720 67239938 1 479
-1283815 18 1 19751
-1286584 37748752 1 139
-1286660 2 1 64333
-1288183 16 2 197 503
-1288808 67174464 1 139
-1290920 67141634 1 547
-1292036 0 1 323009
-1293124 4 1 46183
-1296740 130 1 2819
-1299011 68 1 9767
-1299320 33554442 1 2953
-1300808 67108864 1 162601
-1301012 2048 1 7933
-1301143 256 1 44867
-1301284 16777216 1 3221
-1303172 80 1 1319
-1304767 270496 0
-1308676 16384 1 6173
-1310339 4608 1 983
-1312216 46137408 0
-1313240 33554434 1 32831
-1313560 33554434 1 32839
-1314727 0 2 1009 1303
-1314740 6 1 9391
-1316072 67108896 1 9677
-1316195 2 1 263239
-1317491 4 2 107 1759
-1318244 512 1 10631
-1318292 131072 1 4919
-1319960 33554434 1 32999
-1320055 10 1 24001
-1322891 128 2 113 509
-1323847 4 2 379 499
-1325348 0 1 331337
-1326068 32 1 19501
-1326755 2097282 1 139
-1326995 2 1 265399
-1328695 2 1 265739
-1331171 640 1 1867
-1331407 12 1 17291
-1331524 0 1 332881
-1333183 0 2 971 1373
-1334792 67108864 1 166849
-1334836 0 2 307 1087
-1337828 320 1 607
-1337915 258 1 9227
-1338491 12 1 17383
-1340771 0 2 193 6947
-1342787 320 1 2437
-1344755 2 2 449 599
-1345924 32 1 19793
-1348019 0 2 673 2003
-1351336 67141636 1 409
-1353415 6 1 38669
-1353779 4212740 0
-1356488 67108868 1 24223
-1356827 1024 1 36671
-1357396 0 2 137 2477
-1359812 65536 1 5573
-1361540 66 1 3583
-1362152 67109000 1 673
-1363940 8194 1 1451
-1364335 38 1 2293
-1367455 2 2 181 1511
-1368452 8448 1 251
-1371055 4102 1 911
-1374971 16 1 105767
-1376072 67108864 1 172009
-1380487 256 2 181 263
-1380968 67125248 1 3257
-1381595 2 1 276319
-1383140 10 1 6287
-1384916 16 1 26633
-1385284 0 1 346321
-1385764 0 1 346441
-1385891 48 1 6271
-1386788 16 1 26669
-1386967 131072 2 127 163
-1388167 8388616 1 1301
-1388771 4096 1 32297
-1389188 0 1 347297
-1389224 67108864 2 211 823
-1392683 0 2 257 5419
-1399015 34 2 109 151
-1399807 8388608 1 14431
-1400191 265232 0
-1401784 33554432 2 137 1279
-1402936 33554944 1 5657
-1404932 128 1 15271
-1405495 22 1 3089
-1409288 67108864 1 176161
-1411336 67108864 1 176417
-1412623 525312 1 523
-1413847 64 1 74413
-1414447 0 2 313 4519
-1415027 0 2 1091 1297
-1416127 524352 1 1021
-1417087 4 1 202441
-1417624 33558544 1 317
-1417735 10 2 149 173
-1421195 16898 1 173
-1425032 67108868 1 25447
-1426859 4 2 103 1979
-1427972 20 1 3923
-1428635 530 1 709
-1430023 65572 1 197
-1431620 8194 1 1523
-1432811 4194336 1 947
-1434703 32768 1 24317
-1434923 4 2 359 571
-1435211 4096 1 33377
-1436056 34078720 1 2459
-1439459 1048644 1 137
-1439672 33554448 2 109 127
-1439732 4 1 51419
-1442215 130 1 12541
-1443371 0 2 337 4283
-1444568 33570816 1 3407
-1445816 33554464 1 10631
-1447624 67141632 1 3067
-1450148 131076 1 773
-1450183 4 1 207169
-1450783 320 1 2633
-1452680 67108994 1 1579
-1452980 2 1 72649
-1453396 4 1 51907
-1455103 16 2 173 647
-1455419 580 1 353
-1456760 34603010 1 461
-1458488 33554944 1 5881
-1458535 82 1 1181
-1459495 2 1 291899
-1466180 2 1 73309
-1467092 8 1 33343
-1472503 2097152 2 113 157
-1473947 0 2 191 7717
-1474996 0 2 283 1303
-1477571 0 2 241 6131
-1478383 4096 1 34381
-1480996 8388616 1 347
-1483028 0 2 499 743
-1486331 8388620 1 199
-1486615 18 1 22871
-1490468 4 1 53231
-1493699 16384 1 28183
-1494155 18 2 127 181
-1498772 136 1 1481
-1499288 33556484 1 653
-1502935 134 1 1867
-1504324 0 1 376081
-1508776 67108864 2 113 1669
-1511720 67108870 1 5399
-1512116 1056 1 601
-1512452 0 2 103 3671
-1512680 67108882 1 2909
-1513748 32 2 113 197
-1515395 262 1 1493
-1516568 33554432 2 293 647
-1518676 0 2 313 1213
-1521463 64 1 80077
-1521908 32 1 22381
-1524367 16 1 117259
-1524440 33554562 1 1657
-1528423 16 1 117571
-1528808 68192256 0
-1530916 0 1 382729
-1531832 34148352 0
-1532612 0 1 383153
-1533428 1040 1 797
-1534216 67109152 1 389
-1536967 2112 1 1973
-1537160 69206018 1 463
-1540148 2097152 1 4639
-1541647 8192 1 32801
-1541704 67108864 2 103 1871
-1542920 67108898 1 2269
-1545496 33619968 1 3167
-1546808 33554432 2 239 809
-1547095 138 1 1223
-1548659 132 1 9619
-1548968 67109888 1 5233
-1549336 33554496 1 10193
-1551844 68 1 2917
-1552264 67125252 1 523
-1552280 33554434 2 151 257
-1552355 38 1 2609
-1552883 512 1 50093
-1557332 4 1 55619
-1558084 40 1 2083
-1560184 33554432 1 195023
-1560347 0 2 103 15149
-1563155 8388618 1 293
-1563535 2306 1 263
-1565335 8194 1 6661
-1566212 0 1 391553
-1570567 65536 1 25747
-1571143 4 1 224449
-1576324 256 2 107 127
-1578008 33556512 1 283
-1580792 33554432 1 197599
-1580888 34078720 1 2707
-1582787 4096 1 36809
-1583096 33554432 1 197887
-1583383 40960 1 571
-1583912 67110920 1 439
-1584995 290 1 643
-1586411 0 2 311 5101
-1592095 2 1 318419
-1596136 67108864 2 127 1571
-1597019 0 2 1031 1549
-1597907 0 2 521 3067
-1600868 0 1 400217
-1601531 0 2 1231 1301
-1602131 524320 1 1291
-1603508 32 1 23581
-1605899 64 1 84521
-1607416 33554432 1 200927
-1611368 67108872 1 18311
-1612420 2 1 80621
-1614788 16777220 1 571
-1615087 1024 1 43651
-1616647 128 1 70289
-1616695 2 1 323339
-1617812 68 1 3041
-1618036 4 1 57787
-1619459 2048 1 39499
-1622335 26 1 2269
-1625620 2 1 81281
-1628852 0 2 313 1301
-1630211 8 1 148201
-1631828 8 1 37087
-1632295 6 2 149 313
-1633540 2 1 81677
-1633832 67108864 2 131 1559
-1634455 2 2 109 2999
-1634507 4 2 103 2267
-1634948 4 1 58391
-1636063 56 1 673
-1638196 2052 1 1427
-1638371 32772 1 3967
-1639688 75497472 1 2113
-1639876 4 1 58567
-1640143 32 1 96479
-1642355 26 1 2297
-1647188 0 2 239 1723
-1649143 526656 0
-1650539 8 2 181 829
-1652483 4 1 236069
-1653604 1024 1 11173
-1654807 12 1 21491
-1655507 262148 1 3331
-1656439 64 1 87181
-1658072 33554448 2 107 149
-1658099 0 2 349 4751
-1659467 256 1 57223
-1659995 2 1 331999
-1660715 134 1 2063
-1661432 33554432 1 207679
-1661956 0 1 415489
-1665127 0 2 439 3793
-1665784 33554432 1 208223
-1668664 33554432 2 167 1249
-1668920 33554442 1 3793
-1669832 67108864 1 208729
-1670435 530 1 829
-1671539 4096 1 38873
-1674515 130 1 14561
-1674823 32 1 98519
-1676228 0 1 419057
-1679339 2097152 1 20233
-1680227 64 2 191 463
-1680851 33280 1 919
-1681715 6 1 48049
-1683367 16777220 1 2381
-1684447 131584 1 811
-1685464 33554440 2 107 179
-1689055 2 2 211 1601
-1690052 20 1 4643
-1691464 67108864 1 211433
-1694623 4 2 109 2221
-1696180 2 1 84809
-1698616 33554432 2 113 1879
-1700195 518 1 1567
-1701515 262146 1 4793
-1703492 2097156 1 733
-1704932 0 1 426233
-1709780 16386 1 1613
-1711595 2 1 342319
-1711636 0 2 271 1579
-1712296 67108864 2 193 1109
-1718344 67108864 2 347 619
-1718767 128 1 74729
-1725752 33554436 1 30817
-1726403 132 1 10723
-1726855 530 1 857
-1731332 0 1 432833
-1732024 33554436 2 157 197
-1732955 131078 1 739
-1735220 16386 1 1637
-1738088 67108872 1 19751
-1739651 4224 1 1759
-1739939 0 2 401 4339
-1740904 67633160 1 271
-1742228 32 1 25621
-1743563 16842752 1 283
-1746371 8 1 158761
-1747687 512 1 56377
-1748132 0 1 437033
-1750504 67108868 1 31259
-1751764 4 1 62563
-1751867 48 1 7927
-1752008 67108864 1 219001
-1754459 16388 1 4729
-1755092 65536 1 7193
-1755103 4 2 157 1597
-1759096 33816640 1 163
-1762019 4 2 151 1667
-1765892 32 1 25969
-1766699 136 1 6983
-1767727 16 1 135979
-1771015 2 2 127 2789
-1772887 139264 1 563
-1773544 69206016 1 2671
-1775579 524304 1 1871
-1776515 18 2 151 181
-1777624 33554560 1 9661
-1777816 42991872 0
-1778104 33562624 1 4729
-1778527 1056768 1 479
-1779784 67108864 2 379 587
-1785295 270338 1 107
-1785380 2 1 89269
-1787219 4 2 199 1283
-1788367 4 2 449 569
-1788851 0 2 787 2273
-1789748 0 2 257 1741
-1790116 0 2 311 1439
-1790552 33572864 1 103
-1791059 1024 1 48407
-1791332 128 1 19471
-1792520 67110914 1 1093
-1792783 64 2 157 601
-1797683 0 2 401 4483
-1797995 2 1 359599
-1798052 1024 1 12149
-1804456 67141632 1 3823
-1807144 67108864 2 397 569
-1807379 4 1 258197
-1807652 12 1 5869
-1808612 16 1 34781
-1810472 67113024 1 277
-1810744 33554576 1 757
-1812068 64 2 113 211
-1812452 0 2 109 4157
-1814788 1048576 1 5743
-1815752 67108864 2 263 863
-1815976 67112960 1 5279
-1816340 2 2 197 461
-1816379 128 2 151 523
-1816792 33556736 1 191
-1818308 0 1 454577
-1818376 67108932 1 1709
-1818971 12 1 23623
-1818980 2 2 103 883
-1820792 34738176 0
-1821908 8200 1 881
-1822979 0 2 521 3499
-1823935 2 2 283 1289
-1825235 66 1 19213
-1828495 2 1 365699
-1829539 1024 2 197 251
-1829603 0 2 829 2207
-1832932 0 2 503 911
-1833007 262152 1 2347
-1833752 33562624 1 4877
-1833844 256 1 15809
-1834235 18 1 28219
-1837667 16 1 141359
-1839256 33554432 2 149 1543
-1839572 4 1 65699
-1840084 1024 1 12433
-1840744 67112960 1 5351
-1840907 0 2 1103 1669
-1842967 132 1 11447
-1843499 16388 1 4969
-1845812 64 2 149 163
-1848260 2 1 92413
-1852084 16 1 35617
-1853012 4 1 66179
-1853176 33554448 2 103 173
-1854424 33554456 1 1621
-1858543 512 2 167 359
-1860068 4 1 66431
-1860760 33554442 1 4229
-1865080 33554438 1 6661
-1865108 32772 1 1129
-1866515 38 1 3137
-1866607 18432 1 859
-1870264 33570824 1 401
-1870564 0 1 467641
-1871044 68 1 3517
-1871695 16390 1 1009
-1875812 0 1 468953
-1876303 24 1 13121
-1879183 0 2 197 9539
-1880099 272 1 4987
-1885156 20 1 5179
-1885540 130 1 4099
-1886056 67108864 2 431 547
-1887295 2 1 377459
-1892647 327872 0
-1894763 144 1 6337
-1901012 0 2 137 3469
-1901956 4 1 67927
-1904243 8 2 331 523
-1904584 67109000 1 941
-1905103 0 2 193 9871
-1905607 8 2 191 907
-1907348 65536 1 7817
-1907383 32 1 112199
-1908899 4096 2 103 431
-1909208 33554436 2 103 331
-1912472 33619968 1 3919
-1915015 8450 1 281
-1915087 512 2 163 379
-1915928 33554436 1 34213
-1916404 4 1 68443
-1919192 33554440 2 113 193
-1920703 2621440 1 317
-1921892 4 1 68639
-1922167 16 1 147859
-1923076 128 1 20903
-1926059 0 2 479 4021
-1926856 67108864 2 107 2251
-1927183 0 2 839 2297
-1928047 8 1 175277
-1928723 16384 2 151 241
-1930327 1284 1 257
-1931656 71303168 1 2713
-1932424 67108912 1 1093
-1932932 0 1 483233
-1934723 4 1 276389
-1935812 0 1 483953
-1939508 0 2 457 1061
-1939652 24 1 3391
-1941011 0 2 1193 1627
-1941064 67108864 1 242633
-1942883 64 2 293 349
-1944371 24 1 13597
-1947611 256 2 239 281
-1950103 64 2 197 521
-1952888 33558532 1 811
-1953127 8 2 277 641
-1953556 264 1 1531
-1953796 16 1 37573
-1954468 0 1 488617
-1955192 33554432 1 244399
-1957576 67108992 1 10639
-1967320 33554434 2 137 359
-1968995 16777222 1 557
-1969940 6 1 14071
-1970251 0 2 503 3917
-1970356 0 2 191 2579
-1970920 67108870 1 7039
-1973284 132096 1 199
-1975096 33554432 2 239 1033
-1980755 38 1 3329
-1982195 8585218 0
-1983076 0 1 495769
-1989572 16 1 38261
-1990835 14 1 5171
-1994579 4718592 1 307
-1995812 20 1 5483
-1998520 33554466 1 2939
-2002804 32 1 29453
-2004535 18 1 30839
-2005327 0 2 409 4903
-2006536 67108868 1 35831
-2006723 576 1 3407
-2006888 67109008 1 839
-2006980 130 1 4363
-2008756 64 1 26431
-2010152 67371008 1 3539
-2010664 67108864 2 127 1979
-2011396 128 1 21863
-2012356 1024 1 13597
-2014571 16 2 353 439
-2017499 1032 1 4957
-2017636 65536 1 8269
-2019059 4 2 211 1367
-2021044 0 2 199 2539
-2024023 128 1 88001
-2024887 96 1 6269
-2025343 136256 0
-2027704 33554436 1 36209
-2031131 256 1 70039
-2032760 37748738 1 571
-2033480 67109122 1 1753
-2034515 6 1 58129
-2036287 72 1 9743
-2038135 10 1 37057
-2038472 67108928 1 13411
-2038651 128 2 151 587
-2039435 4194306 1 4583
-2040904 67109184 1 463
-2041208 33554512 1 1033
-2044276 16 1 39313
-2045492 0 2 433 1181
-2045764 4 1 73063
-2046247 131076 1 4363
-2050423 64 2 311 347
-2051656 67108864 2 337 761
-2058040 33554562 1 2237
-2061992 67239936 1 3847
-2068115 1030 1 1597
-2069060 6 1 14779
-2072168 67108868 1 37003
-2076203 0 2 859 2417
-2076724 16 1 39937
-2076895 2 1 415379
-2079035 6 2 191 311
-2079832 33554432 2 499 521
-2080292 0 1 520073
-2081195 2 1 416239
-2081944 33554496 1 13697
-2082308 2048 1 12697
-2082367 4 1 297481
-2082820 2 2 223 467
-2089576 67108864 2 149 1753
-2089835 10 1 37997
-2090888 67109376 1 8431
-2095396 1048640 1 349
-2097035 34 1 24671
-2097419 1024 1 56687
-2099363 4 1 299909
-2102195 2 1 420439
-2103736 41943040 1 2711
-2103847 0 2 281 7487
-2104283 0 2 499 4217
-2109844 8 1 47951
-2111432 67109184 1 479
-2117767 0 2 991 2137
-2118395 36866 1 167
-2118487 4 2 127 2383
-2119043 0 2 887 2389
-2121064 67108872 1 24103
-2122855 6 2 131 463
-2124947 1160 1 227
-2125576 67113984 1 167
-2130203 0 2 373 5711
-2131636 16 1 40993
-2132372 8 1 48463
-2133316 1052672 1 157
-2133784 33554432 2 109 2447
-2133851 0 2 103 20717
-2137187 1048592 1 2081
-2140036 2048 1 13049
-2140331 64 2 127 887
-2147972 256 1 18517
-2152495 2 1 430499
-2154203 128 2 229 409
-2155015 2 2 293 1471
-2155204 0 1 538801
-2156915 4195330 1 131
-2157103 16 1 165931
-2159252 262144 1 7603
-2160004 12 1 7013
-2160008 67108864 1 270001
-2164303 8192 1 46049
-2165140 258 1 3733
-2166367 4 1 309481
-2168164 128 1 23567
-2169668 0 2 127 4271
-2172280 33554442 1 4937
-2177960 67108866 1 54449
-2178995 22 1 4789
-2179208 67108864 2 211 1291
-2179684 16 2 167 251
-2185732 0 2 449 1217
-2191135 2 2 593 739
-2193124 0 2 151 3631
-2197403 65584 1 163
-2199016 67109376 1 8867
-2202260 258 1 3797
-2202340 6 1 15731
-2203096 33554436 1 39341
-2205083 4160 1 2699
-2208607 0 2 233 9479
-2210180 6 1 15787
-2211940 2 1 110597
-2212936 67108872 1 25147
-2213267 32900 1 233
-2217940 4098 1 2579
-2218744 33554504 1 1327
-2219176 67371008 1 3907
-2220703 9216 1 1277
-2221739 1552 1 149
-2223155 2097162 1 487
-2224264 67108868 1 39719
-2228792 33554560 1 12113
-2229256 67141632 1 4723
-2231147 0 2 229 9743
-2233268 32768 1 9463
-2234948 1024 1 15101
-2235923 32768 1 37897
-2240164 65536 1 9181
-2240503 0 2 953 2351
-2241323 65796 1 181
-2241668 24 1 3919
-2242927 0 2 587 3821
-2245028 16777216 1 5557
-2249320 67125250 1 1061
-2249383 2099200 1 661
-2250964 4224 1 569
-2251096 33555200 1 313
-2252287 8192 2 173 277
-2254520 33554434 2 157 359
-2260024 33554960 1 701
-2262664 67108864 1 282833
-2263576 35651588 1 487
-2273236 68 1 4273
-2274340 2 1 113717
-2274980 2 1 113749
-2276795 1538 1 397
-2283127 12 2 149 199
-2283160 33554442 1 5189
-2283755 2 2 661 691
-2287448 50331712 1 149
-2296264 67108928 1 15107
-2296283 72 1 10987
-2298820 2 1 114941
-2301592 33554432 2 173 1663
-2303939 8 1 209449
-2304008 67108868 1 41143
-2305543 32896 1 1699
-2307683 68 1 17351
-2309651 1024 1 62423
-2310212 128 1 25111
-2311303 1048608 1 1721
-2313755 2 2 359 1289
-2314523 65600 1 1997
-2314840 33554442 1 5261
-2315236 12 1 7517
-2316628 0 2 269 2153
-2316676 0 2 103 5623
-2317115 4196354 1 127
-2317268 65536 1 9497
-2318915 65538 1 7603
-2319652 256 1 19997
-2319752 67109920 1 461
-2322323 0 2 599 3877
-2324584 67108864 2 277 1049
-2326420 2 2 293 397
-2327348 64 2 113 271
-2327944 67108864 1 290993
-2330983 512 1 75193
-2333224 71303424 1 113
-2333507 8 2 307 691
-2334248 67633156 1 571
-2336503 16 2 191 941
-2337512 67126272 1 149
-2342392 50331664 1 223
-2344955 32770 1 7949
-2348387 0 2 983 2389
-2348647 68 1 17659
-2348843 4 2 347 967
-2349848 33554432 2 239 1229
-2350180 6 1 16787
-2350328 33554432 1 293791
-2350532 0 1 587633
-2351464 67108864 2 401 733
-2352484 0 1 588121
-2352515 10 1 42773
-2352788 4096 1 13679
-2353268 128 1 25579
-2356667 0 2 557 4231
-2359048 67108864 2 131 2251
-2360435 14 1 6131
-2360623 0 2 607 3889
-2360980 8388610 1 1217
-2361304 33554440 1 26833
-2362547 8 2 397 541
-2363704 33554436 1 42209
-2364692 8 2 223 241
-2367035 10 1 43037
-2369416 67109124 1 1459
-2370532 0 2 109 5437
-2371156 256 1 20441
-2371595 2 1 474319
-2372287 256 2 179 457
-2372920 33554442 1 5393
-2373604 0 1 593401
-2376563 4 2 467 727
-2377139 3072 1 1567
-2377835 2 2 109 4363
-2379371 131104 1 2089
-2379508 524544 1 281
-2380211 512 1 76781
-2381192 67108872 1 27059
-2381780 2 1 119089
-2382443 516 1 10979
-2382676 64 2 107 293
-2385188 16 1 45869
-2385635 6 1 68161
-2387287 4 1 341041
-2387944 67108880 1 22961
-2388035 18 1 36739
-2388068 0 2 359 1663
-2388091 1053760 0
-2389220 131074 1 1783
-2393123 1024 1 64679
-2393983 0 2 149 16067
-2397347 32768 2 179 227
-2401355 10 1 43661
-2405047 4259840 1 443
-2405716 2048 1 14669
-2408027 0 2 1471 1637
-2409608 67108864 2 359 839
-2412388 8 2 109 503
-2412932 2048 1 14713
-2413028 0 1 603257
-2415784 67108868 2 179 241
-2418436 0 1 604609
-2421016 33554448 1 23279
-2421604 0 1 605401
-2421683 72 1 11587
-2423195 2 1 484639
-2423315 1026 1 13099
-2424323 65544 1 3613
-2424436 4 1 86587
-2426536 67108868 1 43331
-2427220 2 2 157 773
-2429764 0 2 127 4783
-2430148 4 2 229 379
-2430571 152 1 739
-2430916 128 1 26423
-2431651 2097152 1 29297
-2431892 262144 1 8563
-2432003 36 2 107 191
-2432596 4096 1 14143
-2433035 522 1 1427
-2433124 16512 1 499
-2433572 0 1 608393
-2434523 532 1 863
-2436083 524336 1 151
-2436203 268 1 1091
-2436724 4608 1 457
-2439847 64 1 128413
-2441252 8 2 113 491
-2441795 162 1 1249
-2442295 2 1 488459
-2444555 386 1 733
-2445604 68 1 4597
-2445668 36864 1 241
-2446696 67108868 1 43691
-2447080 67108866 2 131 467
-2447195 2 1 489439
-2447476 1152 1 719
-2448323 32800 1 2441
-2451976 67109376 1 9887
-2452451 8388608 2 131 193
-2452619 1040 1 5099
-2453603 590144 0
-2454068 0 2 199 3083
-2455403 32768 1 41617
-2455459 256 2 227 373
-2456836 65536 1 10069
-2457604 0 2 463 1327
-2458132 1056 1 977
-2459108 0 2 701 877
-2459647 0 2 389 6323
-2459656 67108864 2 131 2347
-2462932 192 1 1409
-2466440 67108866 2 197 313
-2468372 4096 2 113 127
-2468404 64 1 32479
-2469880 33554438 1 8821
-2470276 0 2 599 1031
-2470564 1024 1 16693
-2470931 8256 1 2767
-2472964 80 1 2503
-2473115 2 2 601 823
-2473447 0 2 743 3329
-2474020 2 1 123701
-2476216 41943040 1 3191
-2478664 67109056 1 709
-2478872 33554472 1 1657
-2479715 6 1 70849
-2479763 24 1 17341
-2480056 33554432 2 127 2441
-2480836 0 2 431 1439
-2481304 33587204 1 751
-2484580 6 1 17747
-2484916 4 1 88747
-2486339 0 2 113 22003
-2486728 67108864 2 163 1907
-2488408 33816592 1 337
-2489579 512 1 80309
-2491336 67108864 2 239 1303
-2492104 67108864 2 151 2063
-2493064 67108868 1 44519
-2494772 4 2 139 641
-2496155 2 2 179 2789
-2498056 67108872 1 28387
-2504003 0 2 239 10477
-2504260 10 1 11383
-2506024 67108928 1 16487
-2506264 33570944 1 257
-2507492 16 1 48221
-2508424 67108864 1 313553
-2510680 33554562 1 2729
-2510987 0 2 337 7451
-2516056 33554496 1 16553
-2516312 33554432 2 149 2111
-2517299 0 2 193 13043
-2517316 256 1 21701
-2517640 67108866 2 113 557
-2518063 128 1 109481
-2519588 0 1 629897
-2519720 67108870 1 8999
-2521907 4096 2 223 263
-2522344 67108872 1 28663
-2522596 32 1 37097
-2523160 33554434 1 63079
-2523979 262208 1 1871
-2527720 67108882 1 4861
-2532923 16384 1 47791
-2533115 18 1 38971
-2535316 4 1 90547
-2535844 0 1 633961
-2537891 2097152 1 30577
-2539643 1024 1 68639
-2539931 0 2 257 9883
-2542840 33554434 2 151 421
-2543192 33558528 1 7393
-2544203 32 2 103 1453
-2544803 64 2 151 887
-2548996 0 2 263 2423
-2549956 0 1 637489
-2550148 16512 1 523
-2554276 512 1 20599
-2557523 0 2 313 8171
-2559940 2 1 127997
-2562664 67110928 1 601
-2570963 128 1 111781
-2575211 32 1 151483
-2576596 520 1 1889
-2580484 0 2 167 3863
-2580808 67108928 1 16979
-2583544 33554624 1 739
-2583707 2097156 1 4447
-2584516 8 2 151 389
-2587067 4 1 369581
-2587156 24 1 4523
-2588536 33554432 1 323567
-2590744 33554704 1 859
-2593576 67108928 2 113 151
-2595140 2 1 129757
-2596360 67108882 1 4993
-2598739 56 1 1069
-2601556 64 1 34231
-2602756 16 1 50053
-2603176 67108896 1 19141
-2604964 0 2 431 1511
-2605096 67109904 1 677
-2605163 8200 1 5039
-2605907 64 1 137153
-2608687 0 2 397 6571
-2608804 8 2 211 281
-2609704 67109408 1 619
-2609891 32 1 153523
-2610040 33554562 1 2837
-2613947 4 2 257 1453
-2615236 80 1 2647
-2615716 0 1 653929
-2617927 16 2 277 727
-2618243 32768 2 199 223
-2618363 8 2 103 2311
-2618819 4 1 374117
-2622947 32 1 154291
-2623288 33570944 1 269
-2624740 2 2 263 499
-2625460 2 2 251 523
-2627051 8929284 0
-2628299 256 1 90631
-2628760 33554434 1 65719
-2629480 67108870 1 9391
-2630795 2 1 526159
-2636915 2114 1 677
-2636980 2 1 131849
-2639987 1028 1 10193
-2642056 69206144 1 173
-2643188 264192 1 227
-2643223 72 1 12647
-2646388 1024 1 17881
-2649179 272 1 7027
-2649823 8 1 240893
-2650907 4100 1 8807
-2651383 1284 1 353
-2652155 10 1 48221
-2657147 0 2 151 17597
-2658083 0 2 463 5741
-2658635 1030 1 2053
-2661227 4096 2 199 311
-2662420 2 1 133121
-2669812 0 2 811 823
-2670371 2568 1 191
-2675108 0 2 223 2999
-2675243 131072 1 39929
-2677444 12 1 8693
-2678596 0 1 669649
-2680756 528 1 1663
-2682635 2 2 103 5209
-2685124 16 1 51637
-2689427 16 1 206879
-2691988 16 1 51769
-2692883 0 2 907 2969
-2694463 8192 1 57329
-2699284 4 2 149 647
-2700223 1216 1 167
-2700760 33554434 2 251 269
-2703931 256 1 93239
-2704619 32768 1 45841
-2705935 2 2 271 1997
-2706280 67109122 1 2333
-2709707 28 1 2707
-2720116 68 1 5113
-2722516 32 1 40037
-2722660 2 1 136133
-2723483 131076 1 5807
-2725051 262148 1 5483
-2725960 67108994 1 2963
-2726440 67108866 1 68161
-2728084 1024 1 18433
-2733227 66564 1 173
-2734088 67108868 1 48823
-2734651 64 2 163 883
-2737384 67108880 1 26321
-2737780 2 1 136889
-2738260 6 1 19559
-2740903 131080 1 3719
-2743307 36 1 23053
-2750968 33558536 1 727
-2753843 0 2 937 2939
-2754068 16777248 1 401
-2758180 2 1 137909
-2760107 4 2 353 1117
-2761288 67113088 1 349
-2764643 4 2 163 2423
-2765492 131104 1 607
-2765896 67108868 1 49391
-2766347 512 1 89237
-2766995 14 1 7187
-2767012 262144 1 9743
-2767060 514 1 4463
-2767204 65544 1 1031
-2773096 67109120 1 11953
-2773691 2048 1 67651
-2775352 33554464 1 20407
-2776763 552 1 479
-2779204 8192 1 14783
-2781268 36 1 5843
-2781412 4096 2 103 157
-2781608 67108896 2 113 181
-2782043 8 1 252913
-2782372 0 1 695593
-2783956 68 1 5233
-2784808 67108880 1 26777
-2786507 1024 2 127 593
-2789623 8388608 1 28759
-2790155 8706 1 383
-2790184 67112960 1 8111
-2790739 68 1 20983
-2791480 33554498 1 3673
-2792623 16384 1 52691
-2793683 16384 1 52711
-2793796 5120 1 439
-2794264 33554440 2 113 281
-2795656 67141632 1 5923
-2796971 64 1 147209
-2801987 4194368 1 1657
-2805988 0 1 701497
-2807908 262144 1 9887
-2808548 0 1 702137
-2809172 65792 1 397
-2809411 8388616 1 2633
-2810680 33554690 1 2423
-2813380 2 2 163 863
-2814788 0 2 503 1399
-2815096 33554432 1 351887
-2816164 528 1 1747
-2818840 33554498 1 3709
-2822404 16 1 54277
-2823347 4194304 1 31723
-2823368 67108864 2 139 2539
-2824756 4104 1 1493
-2827619 4194304 1 31771
-2830168 33554696 1 1109
-2830660 6 1 20219
-2832532 16896 1 431
-2833787 524296 1 3529
-2834132 4 2 127 797
-2834740 2050 1 3457
-2837192 67141632 1 6011
-2838856 67109376 1 11447
-2841563 66560 1 1259
-2841880 33554562 1 3089
-2843867 16 2 283 773
-2844484 0 1 711121
-2845240 35651586 1 857
-2848648 67108872 1 32371
-2849332 128 1 30971
-2849560 33554438 1 10177
-2852003 12 1 37039
-2852440 33554690 1 2459
-2856712 67109376 1 11519
-2858596 16 1 54973
-2860328 67109120 1 12329
-2861236 36 1 6011
-2861672 67109384 1 1049
-2862628 0 1 715657
-2863715 2 2 151 3793
-2864612 0 2 127 5639
-2867767 4 2 229 1789
-2867956 20 1 7879
-2869384 67108868 1 51239
-2870116 0 1 717529
-2873059 260 1 14153
-2875336 67108864 1 359417
-2879143 2048 1 70223
-2880664 33619968 1 5903
-2881864 67108864 1 360233
-2882363 8 2 157 1669
-2888248 33554568 1 1427
-2889508 0 1 722377
-2889652 4194304 1 8117
-2891131 0 2 163 17737
-2891620 2 2 163 887
-2894315 262658 1 263
-2904467 32 1 170851
-2904803 8 2 199 1327
-2904856 33554432 2 331 1097
-2910280 67109378 1 2347
-2911768 33587712 1 199
-2912147 4 2 643 647
-2915128 33562624 1 7753
-2916068 8192 1 15511
-2916376 33685504 1 5441
-2922568 67108872 1 33211
-2927140 66 1 7703
-2927243 16392 1 5021
-2932084 4096 1 17047
-2932187 0 2 263 11149
-2936143 4 1 419449
-2939224 33620032 1 317
-2944187 0 2 1423 2069
-2944360 67108866 1 73609
-2947156 524288 1 10093
-2947192 33554432 1 368399
-2947684 0 1 736921
-2948404 8192 1 15683
-2950120 67108866 2 131 563
-2951560 67108866 2 113 653
-2953927 2048 1 72047
-2954435 10 1 53717
-2956216 33554432 2 449 823
-2957843 4 1 422549
-2958083 32768 2 181 277
-2960548 0 2 223 3319
-2963003 0 2 1321 2243
-2963108 1024 1 20021
-2963656 67108864 2 271 1367
-2968996 16777216 1 7349
-2970040 33556482 1 1811
-2970827 36864 1 1171
-2971492 262144 1 10463
-2973640 67108898 1 4373
-2974216 67108868 2 173 307
-2977907 32800 1 2969
-2977960 67108866 1 74449
-2980043 8 1 270913
-2980948 65600 1 643
-2981320 67633154 1 1021
-2981992 67125264 1 541
-2982619 0 2 1543 1933
-2983939 3076 1 281
-2984627 262144 2 127 331
-2987899 256 2 197 523
-2988196 0 1 747049
-2993140 2 2 109 1373
-2996152 33554432 2 607 617
-2996459 0 2 977 3067
-2998667 4 2 443 967
-2999315 138 1 2371
-3001447 1048576 1 37993
-3002296 33554440 2 109 313
-3002632 68157440 1 4751
-3002680 33554434 2 271 277
-3006004 0 2 277 2713
-3012703 0 2 367 8209
-3018952 67108864 1 377369
-3023716 0 2 229 3301
-3029896 67108864 2 467 811
-3031876 8192 1 16127
-3034744 33554432 1 379343
-3034931 8704 1 2083
-3035080 67108994 1 3299
-3035963 32772 1 7351
-3037715 2 2 541 1123
-3039556 16 1 58453
-3043576 33554432 1 380447
-3044980 2 1 152249
-3049412 0 2 281 2713
-3050920 71303170 1 857
-3052163 2336 1 151
-3053899 32768 2 191 271
-3054107 8196 1 9283
-3055960 33554498 1 4021
-3059419 1032 1 7517
-3061384 67108864 2 257 1489
-3066388 16 2 109 541
-3066520 33554946 1 2473
-3066532 4 1 109519
-3068659 520 1 8999
-3069227 4 2 463 947
-3071992 33554444 1 4987
-3072007 2560 1 2417
-3072707 8 1 279337
-3074296 33554432 1 384287
-3074372 32772 1 1861
-3086867 262148 1 6211
-3088552 67174400 1 6329
-3088939 4 2 137 3221
-3089315 1026 1 16699
-3090203 9216 1 1777
-3094456 33554432 2 503 769
-3096379 32792 1 367
-3099652 16384 1 14621
-3099928 33556496 1 727
-3101716 0 2 107 7247
-3105784 33554696 1 1217
-3108995 2 1 621799
-3109156 0 2 173 4493
-3112339 0 2 229 13591
-3114355 65538 1 10211
-3115624 67109408 1 739
-3122131 0 2 173 18047
-3127960 33554442 1 7109
-3131284 16 1 60217
-3135556 0 2 149 5261
-3135803 2088 1 409
-3135811 4 2 373 1201
-3137092 4 2 181 619
-3139720 67125250 1 1481
-3140987 0 2 131 23977
-3141323 512 1 101333
-3142660 2 1 157133
-3143332 0 2 197 3989
-3144328 67108872 1 35731
-3148091 64 2 223 743
-3151972 0 1 787993
-3154168 33554432 1 394271
-3159395 2097282 1 331
-3160120 33554434 2 199 397
-3160792 33685504 1 5897
-3162628 4 1 112951
-3162692 16 1 60821
-3165028 0 1 791257
-3165064 67108868 1 56519
-3165544 67117056 1 8419
-3165931 0 2 223 14197
-3167795 2 1 633559
-3168052 32 1 46589
-3170315 2 2 653 971
-3170363 262148 1 6379
-3172696 33554496 1 20873
-3172772 64 2 109 383
-3173267 256 1 109423
-3173299 8192 2 107 631
-3173627 64 1 167033
-3175816 67108868 1 56711
-3184259 16 1 244943
-3187288 33554512 1 1613
-3189608 67117088 1 499
-3193715 6 1 91249
-3194104 33554432 1 399263
-3194596 0 1 798649
-3197851 128 2 257 541
-3199592 67108872 2 103 353
-3207139 8464 1 181
-3207259 8 1 291569
-3207412 16 1 61681
-3208276 0 2 311 2579
-3210820 2 1 160541
-3211396 16777216 1 7949
-3214388 128 1 34939
-3214643 0 2 337 9539
-3216244 16777280 1 419
-3218824 67108868 2 229 251
-3220036 1024 1 21757
-3220168 67108868 1 57503
-3224708 0 1 806177
-3225256 67108864 2 359 1123
-3225460 6 1 23039
-3226132 20 1 8863
-3230260 10 1 14683
-3230968 33562640 1 661
-3232852 4 1 115459
-3233224 67117056 1 8599
-3235480 33562626 1 1721
-3237304 33554436 1 57809
-3238883 16512 1 2657
-3241924 4 1 115783
-3242123 0 2 1567 2069
-3243256 33554432 1 405407
-3244696 33554452 1 4457
-3244715 1026 1 17539
-3245080 33554946 1 2617
-3245867 8192 1 69061
-3246244 0 1 811561
-3246340 66 1 8543
-3246947 32776 1 5003
-3248899 256 1 112031
-3252820 2 1 162641
-3254168 34603072 1 271
-3254980 2 1 162749
-3256744 67125248 1 7681
-3259720 67108866 2 227 359
-3260248 37748800 1 241
-3261331 224 1 439
-3265492 64 1 42967
-3265592 33558536 1 863
-3269131 163840 1 827
-3269731 1048576 1 41389
-3271163 4 2 313 1493
-3273028 524296 1 1019
-3276203 4 1 468029
-3276691 8 1 297881
-3276856 33554568 1 1619
-3278584 33554432 1 409823
-3279707 8704 1 2251
-3280660 34 1 9649
-3284020 2 1 164201
-3292219 4 1 470317
-3294520 33554562 1 3581
-3294904 33570880 1 409
-3296164 32 1 48473
-3297880 33554690 1 2843
-3301672 67108904 1 2207
-3303107 0 2 103 32069
-3309160 67108866 1 82729
-3311176 67108872 2 191 197
-3311668 544 1 1571
-3313816 33554440 1 37657
-3316567 163840 1 839
-3316612 16 1 63781
-3318580 524290 1 2273
-3322648 33554436 1 59333
-3323044 1024 1 22453
-3323656 67108868 1 59351
-3324035 26 1 4649
-3324731 2099200 1 977
-3325427 262148 1 6691
-3325624 33554432 2 151 2753
-3326584 33554432 1 415823
-3330568 67108864 2 383 1087
-3331012 512 1 26863
-3332884 160 1 2131
-3333587 2048 1 81307
-3333604 0 2 337 2473
-3333832 67108864 2 331 1259
-3334472 75497472 1 4297
-3334840 33554434 2 263 317
-3335059 131092 1 547
-3336808 67109888 1 11273
-3337960 67108866 1 83449
-3338920 67108882 1 6421
-3341320 67108866 2 103 811
-3341387 4 1 477341
-3342148 0 2 593 1409
-3342232 42500096 0
-3343060 6 1 23879
-3345587 4 1 477941
-3347179 8388616 1 3137
-3347539 16 1 257503
-3347963 288 1 6791
-3348859 0 2 821 4079
-3348899 33280 1 1831
-3349595 34 2 157 251
-3351604 0 2 313 2677
-3351844 512 1 27031
-3356740 8194 1 3571
-3358523 4 2 199 2411
-3358804 0 2 359 2339
-3359992 33554432 1 419999
-3361444 32 1 49433
-3364459 4 2 523 919
-3366484 8 1 76511
-3367876 0 2 199 4231
-3368243 512 2 179 607
-3368948 136 1 3329
-3375323 4 1 482189
-3376804 0 1 844201
-3378635 32786 1 881
-3379768 33554436 1 60353
-3387092 2112 1 1087
-3391240 67108866 2 149 569
-3391972 0 1 847993
-3392147 8 2 113 2729
-3392632 33554432 1 424079
-3393124 4 2 179 677
-3393859 4 2 313 1549
-3393947 4096 1 78929
-3394036 2097152 1 10223
-3394283 512 2 223 491
-3397207 8200 1 6571
-3399124 128 1 36947
-3400360 67108866 1 85009
-3401419 4 2 223 2179
-3401524 2052 1 2963
-3401668 0 1 850417
-3403195 16777346 1 293
-3403780 2 1 170189
-3404299 128 1 148013
-3408136 67108864 2 167 2551
-3409684 524288 1 11677
-3409819 132 1 21179
-3410003 128 2 173 857
-3410387 2097184 1 2417
-3410824 67108864 1 426353
-3411395 530 1 1693
-3412667 0 2 1697 2011
-3413332 2064 1 1601
-3413435 1026 1 18451
-3414568 67108864 2 367 1163
-3414587 4104 1 7219
-3416963 16392 1 5861
-3418219 4 1 488317
-3418979 0 2 773 4423
-3423556 0 1 855889
-3424115 2050 1 16703
-3424372 4 1 122299
-3425459 128 1 148933
-3426004 65600 1 739
-3426820 2 1 171341
-3427144 67108932 1 3221
-3427643 1024 1 92639
-3438563 64 2 137 1321
-3438587 16384 1 64879
-3441619 0 2 563 6113
-3444995 2 1 688999
-3447035 2 2 463 1489
-3447124 32 2 163 311
-3448180 16386 1 3253
-3450019 4096 1 80233
-3453923 8 1 313993
-3454564 0 1 863641
-3456739 152 1 1051
-3459652 4 2 157 787
-3463336 67182592 1 151
-3464027 16388 1 9337
-3464596 4096 1 20143
-3464980 2 1 173249
-3466531 4160 1 4243
-3468136 67108900 1 3643
-3471155 1282 1 647
-3472948 0 2 199 4363
-3473435 6 1 99241
-3474520 33554438 1 12409
-3474916 4198400 1 227
-3478660 2 1 173933
-3478840 33554690 1 2999
-3479320 33554450 1 6691
-3479764 524320 1 701
-3480136 67371016 1 557
-3480964 0 1 870241
-3481883 64 2 401 457
-3485603 262152 1 4463
-3485611 16777216 1 34511
-3487043 4 2 151 3299
-3490643 8464 1 197
-3491483 0 2 463 7541
-3493835 2 2 233 2999
-3495091 0 2 571 6121
-3496531 0 2 983 3557
-3498292 4 2 103 1213
-3501220 2 1 175061
-3501988 4 2 181 691
-3505108 640 1 1229
-3506435 12290 1 347
-3509944 33554944 1 14153
-3510683 8 2 439 727
-3514360 33554434 2 103 853
-3514379 8 1 319489
-3514756 4 1 125527
-3515320 33554562 1 3821
-3515812 0 1 878953
-3516148 128 1 38219
-3516467 65568 1 3391
-3518027 0 2 127 27701
-3518251 2312 1 269
-3518632 67109008 1 1471
-3527956 0 2 103 8563
-3530488 35651600 1 409
-3531940 2 1 176597
-3536980 2 1 176849
-3537323 16777216 1 35023
-3538427 331840 0
-3542116 0 1 885529
-3542147 260 1 17449
-3542980 6 1 25307
-3543947 8 2 107 3011
-3544163 18436 1 233
-3549827 2097216 1 2251
-3552323 0 2 227 15649
-3556835 130 2 157 197
-3557080 33554466 1 5231
-3559187 1048576 1 45053
-3563603 0 2 907 3929
-3563716 80 1 3607
-3565780 2 1 178289
-3567076 32 1 52457
-3567323 4224 1 3607
-3569188 68 1 6709
-3573256 67108864 1 446657
-3573347 0 2 109 32783
-3574420 34 1 10513
-3575428 0 1 893857
-3580939 128 1 155693
-3583204 0 1 895801
-3583240 67109122 1 3089
-3587272 67108912 1 2029
-3587387 256 2 103 1201
-3589528 33554432 2 127 3533
-3589768 67108884 1 4931
-3589771 160 1 9181
-3591784 67109380 1 2069
-3593332 256 1 30977
-3594568 67108864 1 449321
-3598907 16 1 276839
-3600347 16781312 1 829
-3600947 32772 1 8719
-3601240 33554434 1 90031
-3601739 32 1 211867
-3606340 2 1 180317
-3606395 18 2 113 491
-3608884 128 1 39227
-3610756 1536 1 787
-3610792 67108864 2 523 863
-3611539 64 2 131 1451
-3611939 32 1 212467
-3620419 8 2 283 1163
-3621448 67176448 1 181
-3622852 0 1 905713
-3624803 65556 1 653
-3628420 2 1 181421
-3629224 67108864 2 131 3463
-3632932 0 1 908233
-3634660 2 2 263 691
-3635944 67108880 1 34961
-3636563 4 1 519509
-3636772 0 2 127 7159
-3640996 8192 2 107 181
-3643492 512 1 29383
-3643763 352 1 389
-3644195 2 1 728839
-3644968 67108864 2 673 677
-3645604 196608 1 223
-3646259 32896 1 2687
-3646579 0 2 1871 1949
-3649444 576 1 1549
-3650491 400 1 421
-3651736 33554472 1 2441
-3652187 12 1 47431
-3652468 0 2 859 1063
-3653435 130 1 31769
-3653860 6 1 26099
-3656003 262192 1 233
-3660395 2 1 732079
-3661067 0 2 521 7027
-3661588 4 2 251 521
-3664235 524290 1 10039
-3665032 67108868 1 65447
-3666052 16 1 70501
-3667240 67108898 1 5393
-3667931 262208 1 2719
-3668644 4 1 131023
-3669076 1048608 1 683
-3669172 2064 1 1721
-3669604 128 1 39887
-3672580 8194 1 3907
-3675155 10 1 66821
-3675748 0 2 181 5077
-3678436 128 1 39983
-3678715 34 2 113 383
-3679187 0 2 181 20327
-3679240 67141634 1 1559
-3679588 8 2 241 347
-3680068 4 1 131431
-3680299 132 1 22859
-3681640 67108866 1 92041
-3683123 0 2 593 6211
-3686243 8 1 335113
-3687460 6 1 26339
-3688456 67109920 1 733
-3688552 67108868 1 65867
-3691643 64 2 331 587
-3694648 33751040 1 113
-3697835 514 1 23857
-3701320 67108870 1 13219
-3701332 4195328 1 281
-3702155 16777218 1 7331
-3706024 67108868 1 66179
-3710731 512 1 119701
-3710779 0 2 1249 2971
-3710920 67108866 2 113 821
-3711220 8388610 1 1913
-3716056 33587200 1 7873
-3721816 33556484 1 1621
-3722131 4 2 257 2069
-3724744 67108864 2 443 1051
-3726040 33554434 1 93151
-3727780 6 1 26627
-3728356 256 1 32141
-3731080 67109890 1 2521
-3733139 65600 1 3221
-3737860 6 1 26699
-3738019 65536 2 233 263
-3739624 67112964 1 1553
-3742948 8 2 257 331
-3743387 65536 2 109 563
-3747460 2 1 187373
-3749944 33558536 1 991
-3750635 16777222 1 1061
-3750859 262148 1 7547
-3752555 2 2 569 1319
-3755867 512 1 121157
-3756772 0 1 939193
-3763459 4 1 537637
-3767491 84 1 2179
-3767752 67108864 2 151 3119
-3768136 67108992 1 20479
-3770371 8 1 342761
-3770627 4100 1 12527
-3771988 32776 1 1453
-3772120 33554442 1 8573
-3775492 4 1 134839
-3775787 4096 2 277 317
-3779908 8 2 271 317
-3780388 4608 1 709
-3782980 2 1 189149
-3784651 16 2 277 1051
-3788267 4 1 541181
-3788296 67108928 1 24923
-3789028 32 1 55721
-3789347 512 2 251 487
-3791779 16640 1 2467
-3794147 4 1 542021
-3797432 33554432 2 257 1847
-3797608 67109120 1 16369
-3799924 64 1 49999
-3800260 2 2 139 1367
-3800452 32 1 55889
-3800644 0 1 950161
-3801736 67117056 1 10111
-3804139 2097152 1 45833
-3808996 8388608 1 9817
-3811651 0 2 127 30013
-3811787 4 2 191 2851
-3813203 0 2 151 25253
-3813587 256 2 107 1229
-3814840 33554434 2 283 337
-3815620 2 2 107 1783
-3816259 8192 1 81197
-3820948 4194304 1 10733
-3822203 12 1 49639
-3827267 4194304 1 43003
-3829576 67108864 1 478697
-3829624 33554720 1 971
-3829972 256 2 137 241
-3831715 65570 1 739
-3833080 34603010 1 1213
-3834664 67108864 2 149 3217
-3835060 2 2 337 569
-3837172 524320 1 773
-3838171 192 1 8783
-3839507 4 1 548501
-3843203 20 2 157 269
-3843640 33554434 2 307 313
-3846803 0 2 1201 3203
-3850888 67108864 2 257 1873
-3851236 0 2 337 2857
-3852563 280 1 929
-3853096 67108880 1 37049
-3853720 33554450 1 7411
-3857251 0 2 569 6779
-3857764 16896 1 587
-3857963 32 2 229 991
-3860251 8320 1 3571
-3861448 67108896 1 28393
-3863764 64 1 50839
-3864379 0 2 337 11467
-3864484 16 1 74317
-3864520 67108874 1 8783
-3864932 0 1 966233
-3867688 67108872 1 43951
-3867796 262144 1 13619
-3868168 67108864 2 131 3691
-3868907 4 2 439 1259
-3871108 40960 1 349
-3871240 67108898 1 5693
-3871699 48 1 17519
-3871972 80 1 3919
-3874564 0 1 968641
-3876019 68 2 151 193
-3877972 36 1 8147
-3878363 32 1 228139
-3881092 64 2 223 229
-3882635 262146 1 10937
-3883067 128 2 197 857
-3883355 6 2 181 613
-3883384 33554432 1 485423
-3886019 0 2 661 5879
-3889060 6 1 27779
-3891019 8 2 277 1277
-3892339 8 2 107 3307
-3893512 67108868 2 251 277
-3893995 262150 1 1567
-3894328 33554432 2 127 3833
-3894580 2 1 194729
-3898312 67109384 1 1429
-3899668 131072 1 14551
-3900952 41943048 1 457
-3907156 8 1 88799
-3907939 68 1 29383
-3908723 20 1 42953
-3909007 512 1 126097
-3910552 33570944 1 401
-3915107 4100 1 13007
-3915499 4 1 559357
-3918436 0 2 877 1117
-3918803 516 1 18059
-3918859 524292 1 7669
-3922180 131074 1 2927
-3926488 33556480 1 11971
-3927443 16 1 302111
-3927451 8 2 307 1163
-3930148 128 1 42719
-3931588 256 1 33893
-3933923 4 2 251 2239
-3934408 67633152 1 6737
-3934547 0 2 113 34819
-3935668 136 1 3889
-3937547 524288 1 53939
-3937972 0 2 193 5101
-3940771 64 1 207409
-3943819 8 2 137 2617
-3946228 24 1 6899
-3947123 1024 2 107 997
-3947779 8 2 191 1879
-3948955 2 2 449 1759
-3949252 0 1 987313
-3949780 34 1 11617
-3950155 10 1 71821
-3951748 1024 1 26701
-3952648 67108868 1 70583
-3953572 4 1 141199
-3953608 67108992 1 21487
-3954203 2424840 0
-3955108 0 2 631 1567
-3956392 67108872 1 44959
-3957028 0 2 157 6301
-3957160 67108866 1 98929
-3957259 8192 2 269 313
-3958355 258 1 27299
-3962068 16392 1 1699
-3962395 2 1 792479
-3962644 8388612 1 1459
-3962980 6 1 28307
-3963227 288 1 8039
-3967171 304 1 619
-3968147 2097152 1 47809
-3969683 131072 2 179 331
-3970163 32 2 409 571
-3974315 2 2 373 2131
-3974872 33554472 1 2657
-3980308 256 1 34313
-3981923 8 1 361993
-3985588 0 2 773 1289
-3988163 0 2 227 17569
-3990340 2 2 127 1571
-3994564 4 2 179 797
-3994984 67108868 1 71339
-3998267 16404 1 829
-3999355 2097282 1 419
-4002916 0 2 109 9181
-4003480 33554450 1 7699
-4005988 4 2 173 827
-4006408 67109124 1 2467
-4007507 1028 1 15473
-4010548 0 2 677 1481
-4010596 64 2 113 467
-4011931 12 1 52103
-4012228 131080 1 1361
-4014148 1048576 1 12703
-4016296 67108928 1 26423
-4020947 4 2 127 4523
-4021924 0 1 1005481
-4023220 34 1 11833
-4024360 67108866 1 100609
-4024763 0 2 281 14323
-4031723 4096 1 93761
-4031908 0 1 1007977
-4032484 8388672 1 547
-4035844 16384 1 19037
-4036612 0 1 1009153
-4036852 0 2 211 4783
-4037368 33554432 1 504671
-4040131 0 2 1259 3209
-4043656 67109952 1 719
-4044772 0 2 109 9277
-4046611 0 2 1523 2657
-4047640 33562626 1 2153
-4048792 33554440 2 139 331
-4048936 67174400 1 8297
-4049092 0 2 733 1381
-4049896 67117056 1 10771
-4050376 67108872 1 46027
-4051307 16 2 179 1741
-4054163 64 2 379 563
-4056331 0 2 173 23447
-4059736 33554464 1 29851
-4062499 4 1 580357
-4062772 2052 1 3539
-4063492 64 2 127 421
-4069348 36864 1 401
-4069636 8192 1 21647
-4070692 0 1 1017673
-4072228 0 1 1018057
-4073267 8 2 353 1049
-4074388 8388608 1 10501
-4076164 0 2 109 9349
-4079539 4096 1 94873
-4080724 0 2 173 5897
-4081187 8 2 563 659
-4083331 32772 1 9887
-4083683 2097152 1 49201
-4084339 16793604 1 109
-4088116 64 1 53791
-4089640 67108866 1 102241
-4090792 67108864 2 157 3257
-4091755 258 1 28219
-4095112 67108868 1 73127
-4097956 128 1 44543
-4098619 4 1 585517
-4099624 67108864 2 191 2683
-4100867 4096 1 95369
-4104292 0 1 1026073
-4106267 8 1 373297
-4107467 20 1 45137
-4108120 33554946 1 3313
-4108888 33554436 2 239 307
-4117444 0 1 1029361
-4118212 68 1 7741
-4118371 0 2 787 5233
-4119352 33556544 1 661
-4122379 256 1 142151
-4124836 0 2 191 5399
-4129763 4104 1 8731
-4130728 67108900 1 4339
-4132564 32 1 60773
-4132819 18874656 0
-4133428 272 1 2741
-4134259 262144 1 58229
-4134683 4 1 590669
-4137160 67108866 2 293 353
-4142747 548 1 1123
-4142971 4 2 163 3631
-4144651 292 1 1201
-4148267 8192 1 88261
-4153576 67108900 1 4363
-4154123 0 2 1117 3719
-4154632 67108864 2 191 2719
-4154995 8388626 1 659
-4157992 67108864 2 193 2693
-4158292 0 2 149 6977
-4162420 2 1 208121
-4165060 2 1 208253
-4166836 288 1 2113
-4170820 130 1 9067
-4171492 16 1 80221
-4172308 4 1 149011
-4174792 67108896 1 30697
-4176755 10 1 75941
-4179107 64 1 219953
-4179844 0 2 191 5471
-4181507 32808 1 379
-4181848 33554440 1 47521
-4183187 0 2 1453 2879
-4184260 2 1 209213
-4186819 20 2 139 331
-4187755 26 1 5857
-4191379 0 2 103 40693
-4191652 0 2 137 7649
-4192228 0 2 353 2969
-4197268 0 2 641 1637
-4197331 0 2 1021 4111
-4200340 2 2 103 2039
-4201219 8 2 167 2287
-4202008 33556608 1 557
-4202611 4 2 131 4583
-4204648 67108868 1 75083
-4205896 67108864 2 263 1999
-4207048 67175424 1 233
-4209352 67108868 1 75167
-4211027 64 2 251 883
-4212803 4 2 103 5843
-4213960 67108898 1 6197
-4214488 33587200 1 8929
-4215832 33636352 1 163
-4216235 2050 2 131 157
-4218472 67112960 1 12263
-4220179 8388608 2 139 313
-4221268 131136 1 829
-4222099 32772 1 10223
-4222355 514 1 27241
-4223092 64 2 181 307
-4223867 0 2 643 6569
-4224347 32 2 191 1301
-4225780 18 1 16253
-4226395 2 1 845279
-4227227 24576 1 1697
-4232980 2 2 113 1873
-4236739 528 1 10513
-4238827 0 2 563 7529
-4238920 67108870 1 15139
-4241032 67108864 1 530129
-4241080 33554434 2 229 463
-4241188 4 1 151471
-4241476 128 1 46103
-4245844 65536 1 17401
-4247027 2097152 1 51169
-4247272 67111040 1 563
-4247555 16777234 1 647
-4248707 2048 2 173 599
-4251460 2 1 212573
-4252552 67108864 1 531569
-4252792 33554816 1 797
-4253851 516 1 19603
-4254040 33554438 1 15193
-4255384 33554436 1 75989
-4258787 16 1 327599
-4259092 32768 1 18047
-4260331 32768 2 163 443
-4261411 12 1 55343
-4264072 67108864 1 533009
-4264792 33554436 1 76157
-4266203 64 2 151 1487
-4267816 67108900 1 4483
-4273048 33554448 2 181 227
-4276084 32768 1 18119
-4278403 1049088 1 1747
-4281928 67108868 1 76463
-4284328 68157440 1 6779
-4286440 83886082 1 1061
-4288339 8 1 389849
-4290868 4194336 1 709
-4293947 4 1 613421
-4294792 67108864 1 536849
-4295320 34078722 1 1471
-4298980 6 1 30707
-4299460 10 1 19543
-4302040 33554434 2 131 821
-4302280 67141634 1 1823
-4304440 33554438 1 15373
-4305227 262144 1 60637
-4305259 4 2 431 1427
-4306996 64 1 56671
-4311931 48 2 109 179
-4313723 16384 2 199 409
-4316731 0 2 1327 3253
-4317859 148 1 2063
-4318360 33562626 1 2297
-4319044 66048 1 571
-4319140 6 1 30851
-4319572 0 2 401 2693
-4319764 64 2 113 503
-4320635 42 1 4621
-4328659 32 1 254627
-4330312 67125252 1 1459
-4331140 10 1 19687
-4338040 33554438 1 15493
-4341652 68 1 8161
-4343272 75497728 1 193
-4343731 4100 1 14431
-4345924 4104 1 2297
-4346027 1048836 1 271
-4346452 8 2 173 571
-4346611 96 1 13457
-4348228 0 2 109 9973
-4350280 67108874 1 9887
-4354660 2 1 217733
-4354667 64 2 419 547
-4355003 0 2 233 18691
-4355848 67108868 1 77783
-4356227 0 2 127 34301
-4357771 8 2 421 941
-4357972 2048 1 26573
-4358260 2 2 359 607
-4358968 33562624 1 11593
-4359571 2048 1 106331
-4361380 2 1 218069
-4362379 4 2 193 3229
-4362856 67108928 1 28703
-4364483 1024 1 117959
-4364644 0 1 1091161
-4366372 0 2 433 2521
-4368347 64 2 223 1031
-4373224 67241984 1 199
-4374088 67108864 2 503 1087
-4375924 4 2 131 1193
-4378579 128 2 127 1499
-4378792 67108904 1 2927
-4379752 67109008 1 1831
-4383172 0 1 1095793
-4385092 1024 1 29629
-4385236 0 2 241 4549
-4387732 8192 1 23339
-4390468 512 1 35407
-4391299 72 1 21011
-4394987 4096 2 179 571
-4396699 512 1 141829
-4397080 33555458 1 2971
-4401691 8228 1 787
-4405891 68 2 157 211
-4409843 576 1 7487
-4412035 2 2 691 1277
-4415332 524288 1 15121
-4418308 0 2 313 3529
-4420420 2 1 221021
-4421003 544 1 8389
-4425220 2 1 221261
-4427512 33554432 1 553439
-4431859 0 2 193 22963
-4435907 8396804 1 139
-4436152 33555460 1 2141
-4437748 36 1 9323
-4438552 33554496 1 29201
-4441528 33554452 1 6101
-4444552 67108868 1 79367
-4445251 1048576 1 56269
-4447651 16 2 359 953
-4450667 16 1 342359
-4455784 67108864 2 139 4007
-4459960 33558530 1 2593
-4461083 8 1 405553
-4464712 67174404 1 1307
-4467556 0 1 1116889
-4467827 276 1 1693
-4468372 65536 1 18313
-4473928 68157440 1 7079
-4475251 264 1 14029
-4478068 4 1 159931
-4478296 41943296 1 199
-4480120 33554946 1 3613
-4484243 131616 1 127
-4484680 67108866 2 191 587
-4485160 67108866 1 112129
-4487755 2 2 449 1999
-4490536 67109440 1 953
-4491592 67108868 1 80207
-4492948 0 2 673 1669
-4499092 528 1 2791
-4499363 8 1 409033
-4502260 6 1 32159
-4505188 0 2 109 10333
-4507012 0 2 311 3623
-4507555 530 1 2237
-4509604 8 2 113 907
-4510163 68 1 33911
-4513528 33554432 1 564191
-4518328 33554464 1 33223
-4518472 67108868 1 80687
-4519339 136 1 17863
-4520131 8204 1 1249
-4520356 16908288 1 167
-4527592 67239936 1 8447
-4528312 33554432 2 127 4457
-4529812 4 1 161779
-4533112 33554432 1 566639
-4536355 2 2 331 2741
-4539172 262152 1 1453
-4539364 0 1 1134841
-4545347 131072 2 179 379
-4545499 516 1 20947
-4545739 1048584 1 5231
-4555523 260 1 22441
-4556932 8192 1 24239
-4558955 1090 1 1297
-4559611 8196 1 13859
-4561108 0 2 739 1543
-4566859 72 1 21851
-4568395 131090 1 1049
-4569467 131076 1 9743
-4569947 16777216 1 45247
-4572964 4104 1 2417
-4581467 8 1 416497
-4586164 8 1 104231
-4587443 4 2 227 2887
-4589371 32 2 103 2621
-4591043 589824 1 1031
-4596904 67108880 1 44201
-4598980 2 1 229949
-4600744 67108896 1 33829
-4601491 0 2 433 10627
-4602091 16 1 354007
-4602388 4 1 164371
-4603540 1026 1 6221
-4603819 8 2 139 3011
-4604248 33554440 1 52321
-4606891 4096 1 107137
-4607267 4 2 499 1319
-4608331 4194324 1 569
-4613147 12 2 181 331
-4613908 16 1 88729
-4621672 67109128 1 1811
-4621768 67108864 1 577721
-4623115 134 1 5743
-4624312 33554444 1 7507
-4625368 33554440 1 52561
-4627732 0 2 157 7369
-4628440 33554434 2 251 461
-4632052 0 2 739 1567
-4632244 1048576 2 107 137
-4632712 67108868 1 82727
-4634779 512 2 307 487
-4636660 6 1 33119
-4637080 33554438 1 16561
-4640872 67110912 1 14149
-4643128 33554436 1 82913
-4646740 6 1 33191
-4647187 131072 2 139 499
-4648612 0 2 167 6959
-4650952 67108864 1 581369
-4651684 8192 2 109 227
-4652788 4 2 107 1553
-4654120 67108866 2 307 379
-4657096 67108864 1 582137
-4657240 33554438 1 16633
-4657732 0 1 1164433
-4660744 67108872 1 52963
-4660804 0 1 1165201
-4661140 10 1 21187
-4662115 2 2 157 5939
-4664740 2 2 179 1303
-4666891 32 2 271 1013
-4667560 67108866 1 116689
-4669780 2 1 233489
-4674616 33558528 2 107 127
-4680803 256 1 161407
-4681348 4 1 167191
-4684024 33554432 1 585503
-4684163 1064 1 677
-4685188 16777216 1 11597
-4690120 67109890 1 3169
-4690168 33619972 1 1373
-4693768 67108896 1 34513
-4694980 2 1 234749
-4695160 33554434 2 107 1097
-4695979 128 1 204173
-4697267 128 2 131 1559
-4700008 67108864 2 313 1877
-4700539 2097152 1 56633
-4701499 136 1 18583
-4702612 65536 1 19273
-4703419 4 1 671917
-4708840 67108866 1 117721
-4709027 1024 1 127271
-4709972 0 2 193 6101
-4710820 2 1 235541
-4711219 0 2 347 13577
-4713595 2 1 942719
-4715560 67108866 1 117889
-4716232 67108864 1 589529
-4716292 4 2 179 941
-4717763 0 2 2017 2339
-4717768 67108872 1 53611
-4719931 32 1 277643
-4724152 33559040 1 443
-4730980 2 1 236549
-4734088 71368704 1 109
-4736452 4 1 169159
-4739963 524544 1 2239
-4741432 33554432 2 487 1217
-4745347 0 2 617 7691
-4745560 33554690 1 4091
-4746904 37781504 1 113
-4751092 32 2 109 641
-4753240 33554434 1 118831
-4755112 67113088 1 601
-4755220 524290 1 3257
-4756360 67108870 1 16987
-4758148 128 1 51719
-4759915 290 1 1931
-4759960 33554434 2 127 937
-4762072 33554436 1 85037
-4762564 128 1 51767
-4764283 2162688 1 941
-4766003 8 2 283 1531
-4767859 0 2 953 5003
-4769524 0 2 223 5347
-4770707 0 2 1117 4271
-4771096 33554440 1 54217
-4773035 2 2 179 5333
-4774744 33554960 1 1481
-4774840 33554438 1 17053
-4776227 32768 1 80953
-4776232 67109376 1 19259
-4788472 33556496 1 1123
-4788955 2 2 811 1181
-4789252 528 1 2971
-4790968 33554452 1 6581
-4791172 0 2 601 1993
-4792468 0 2 349 3433
-4794904 41944064 1 167
-4801048 33554436 1 85733
-4801732 16 2 107 863
-4802212 64 2 179 353
-4803803 128 2 331 631
-4803988 4 1 171571
-4804099 0 2 163 29473
-4805188 0 2 181 6637
-4812724 260 1 5927
-4822084 32 1 70913
-4822312 67108872 1 54799
-4823380 2 1 241169
-4825252 256 1 41597
-4826404 8 2 229 479
-4829128 67108864 1 603641
-4831864 33587456 1 353
-4832179 8 1 439289
-4832932 16 1 92941
-4834219 16 2 241 1543
-4835747 68 2 103 353
-4838251 40 1 25873
-4839091 4160 1 5923
-4839107 2068 1 1297
-4841188 8200 1 2341
-4841332 512 1 39043
-4843108 0 1 1210777
-4844083 8388608 1 49939
-4847620 2 2 163 1487
-4850920 67108866 2 173 701
-4851112 67108868 1 86627
-4854019 8192 2 139 743
-4857508 1152 1 1427
-4857923 4 1 693989
-4858888 67108992 1 26407
-4862680 33554466 1 7151
-4863587 0 2 827 5881
-4872484 0 1 1218121
-4874728 67125248 1 11497
-4881640 67108866 1 122041
-4882723 32 1 287219
-4885720 33554438 1 17449
-4886596 24 1 8543
-4886971 16576 1 211
-4889476 1024 1 33037
-4893443 4608 1 3671
-4895128 33619972 1 1433
-4896148 192 1 2801
-4897987 0 3 151 163 199
-4899028 256 2 157 269
-4899508 0 2 461 2657
-4899595 2 1 979919
-4900699 0 2 353 13883
-4902715 34 1 57679
-4902931 72 1 23459
-4904915 258 1 33827
-4905235 4718594 1 151
-4906312 67108864 1 613289
-4907147 131076 1 10463
-4907332 4096 2 103 277
-4912835 16386 1 18539
-4915955 10 1 89381
-4918043 16 2 149 2539
-4924888 35651584 1 7417
-4926235 2 2 113 8719
-4930747 64 2 139 1867
-4935652 1024 1 33349
-4937131 4160 1 6043
-4937627 256 1 170263
-4937995 2 1 987599
-4938340 10 1 22447
-4940152 33554500 1 4643
-4940155 10 1 89821
-4941979 1028 1 19081
-4948420 2 1 247421
-4948792 35651840 1 257
-4949032 67108872 1 56239
-4952068 8 2 241 467
-4952308 2048 1 30197
-4952836 4 1 176887
-4953892 0 2 1021 1213
-4956571 32 1 291563
-4958020 2 1 247901
-4958363 128 2 193 1117
-4958387 4 2 151 4691
-4961971 4 2 463 1531
-4963876 0 2 733 1693
-4964740 10 1 22567
-4968107 0 2 149 33343
-4970980 6 1 35507
-4972219 4100 1 16519
-4974280 67109890 1 3361
-4974571 2052 1 17333
-4977347 8192 2 137 773
-4978699 8 2 439 1031
-4982131 4194316 1 727
-4983784 67108880 2 173 277
-4984067 2113544 1 103
-4984552 83886592 1 199
-4986232 33554432 1 623279
-4986835 70 1 7499
-4987283 4 2 619 1151
-4987435 642 1 1399
-4987732 2080 1 1789
-4989331 526336 1 1667
-4989832 67108864 1 623729
-4990043 2129920 1 1019
-4990276 0 1 1247569
-4991176 67110912 1 15217
-4994068 0 2 193 6469
-4995172 20 1 13723
-4997635 16386 1 18859
-5000632 33554452 1 6869
-5000995 2 1 1000199
-5002795 70 1 7523
-5003179 4096 2 307 379
-5008067 0 2 1447 3461
-5009764 32 1 73673
-5010580 34 1 14737
-5011972 68 1 9421
-5012260 10 1 22783
-5015363 0 2 1013 4951
-5016388 16 1 96469
-5016952 33554432 1 627119
-5019259 2113540 1 163
-5019940 2 2 499 503
-5024392 67108864 1 628049
-5025643 4 2 691 1039
-5026120 67108874 1 11423
-5028532 524320 1 1013
-5031619 0 2 181 27799
-5032420 2 1 251621
-5033512 67117064 1 1217
-5040707 4 1 720101
-5041288 67108868 1 90023
-5043844 16 1 96997
-5045747 2052 1 17581
-5045867 0 2 103 48989
-5047195 2 1 1009439
-5051128 33554432 1 631391
-5055883 644 1 1013
-5056792 33554448 1 48623
-5057956 0 2 599 2111
-5062708 4 1 180811
-5064952 42008576 1 107
-5066440 67108994 1 5507
-5068888 33554440 1 57601
-5069035 1050626 1 313
-5069140 2 2 191 1327
-5069572 0 2 439 2887
-5072932 0 1 1268233
-5073220 2 1 253661
-5073707 2097152 1 61129
-5073755 2 2 179 5669
-5079460 66 1 13367
-5083972 16384 1 23981
-5085115 6 1 145289
-5086819 0 2 727 6997
-5089828 512 1 41047
-5092435 34 2 181 331
-5097592 33554432 1 637199
-5100635 1049602 1 349
-5101688 33554432 1 637711
-5102308 0 2 479 2663
-5102872 33554560 1 27733
-5105128 67108868 1 91163
-5107720 67108866 2 149 857
-5108932 0 1 1277233
-5109139 4 1 729877
-5109748 2052 1 4451
-5109979 164 1 1867
-5110771 0 2 197 25943
-5113816 33554432 2 383 1669
-5113828 1048576 1 16183
-5114539 17825792 1 641
-5116648 67108864 2 173 3697
-5116891 528 1 12697
-5117635 514 2 137 241
-5119283 1296 1 367
-5119939 131080 1 6947
-5121736 67108864 2 499 1283
-5126212 20 1 14083
-5127448 33554432 2 263 2437
-5127707 4112 1 9173
-5129332 16 1 98641
-5130811 2097156 1 8831
-5132755 8388674 1 557
-5135915 524290 1 14071
-5136712 67109124 1 3163
-5141332 4 2 139 1321
-5145451 0 2 541 9511
-5146276 0 1 1286569
-5146459 16384 1 97103
-5149732 4 1 183919
-5151499 0 2 997 5167
-5152360 67108898 1 7577
-5154340 2 1 257717
-5154595 2 1 1030919
-5154856 67108868 1 92051
-5155348 8 1 117167
-5156611 2048 2 173 727
-5160451 16384 1 97367
-5161108 128 1 56099
-5161828 4 1 184351
-5163316 128 1 56123
-5163827 16783616 0
-5165332 36864 1 509
-5165419 65540 1 12097
-5165560 37748738 1 1451
-5167912 69210112 1 181
-5171179 48 1 23399
-5172203 0 2 151 34253
-5174035 290 1 2099
-5174920 67125250 1 2441
-5178211 256 1 178559
-5178244 0 1 1294561
-5178568 67108864 1 647321
-5179699 4 1 739957
-5181379 36 1 43541
-5182219 262148 1 10427
-5185579 4 2 457 1621
-5189620 1026 1 7013
-5192152 33554436 1 92717
-5192980 18 1 19973
-5197411 0 2 2039 2549
-5197699 304 1 811
-5201716 16 2 167 599
-5204371 262272 1 3187
-5205592 33554436 1 92957
-5208040 67108866 1 130201
-5208292 0 2 151 8623
-5209732 8 2 167 709
-5211811 8 2 229 2069
-5213140 2 2 277 941
-5213332 512 1 42043
-5215067 24 1 36469
-5215588 4 1 186271
-5218792 67108992 2 113 251
-5221624 33816832 1 317
-5221768 67108864 2 223 2927
-5221780 2 1 261089
-5222899 8 1 474809
-5223115 262146 1 14713
-5223443 0 2 263 19861
-5223460 10 1 23743
-5224072 67108868 1 93287
-5228152 33554432 1 653519
-5229592 33554432 2 761 859
-5237320 67108874 1 11903
-5237368 33554432 1 654671
-5238040 33554466 1 7703
-5239528 67108868 1 93563
-5243908 128 1 56999
-5249812 256 2 167 271
-5250088 67117056 1 13963
-5251195 2 1 1050239
-5255395 2 1 1051079
-5256088 33554432 2 239 2749
-5257012 8388640 1 797
-5259640 33554562 1 5717
-5260936 67108864 1 657617
-5261395 2 1 1052279
-5263048 67108868 1 93983
-5265448 67108864 2 499 1319
-5266852 0 2 149 8837
-5267011 0 2 2081 2531
-5269627 8 2 163 2939
-5270020 6 1 37643
-5272771 32804 1 751
-5274451 20 2 149 389
-5276068 4 1 188431
-5277688 33554960 1 1637
-5279464 69206016 1 7951
-5281003 20 2 131 443
-5282452 2097156 1 2273
-5283160 33554434 2 269 491
-5284411 136 1 20887
-5287432 69206016 1 7963
-5291428 0 1 1322857
-5292340 262146 1 3727
-5301107 4325380 1 127
-5301112 33554432 1 662639
-5301443 4 2 179 4231
-5305171 1024 2 127 1129
-5305699 4 2 383 1979
-5307892 0 2 419 3167
-5310040 33554434 1 132751
-5310472 67141632 1 11251
-5315555 262 1 5237
-5316280 33554690 1 4583
-5318635 134 1 6607
-5325115 2 2 1031 1033
-5325955 514 1 34361
-5328811 2048 1 129971
-5329147 1024 1 144031
-5331595 2 1 1066319
-5332099 0 2 569 9371
-5334808 33686528 1 269
-5334868 12 1 17321
-5338643 2097152 2 131 491
-5341027 0 2 1831 2917
-5342788 520 1 3917
-5343640 33554434 2 103 1297
-5344027 65680 1 293
-5344792 33554432 2 359 1861
-5347723 0 2 887 6029
-5350891 20 2 127 463
-5351608 33566720 1 331
-5352712 67108864 1 669089
-5355571 16 1 411967
-5357363 40 1 28649
-5357395 2 1 1071479
-5357848 50331712 1 349
-5359588 16 1 103069
-5359907 4100 1 17807
-5360131 65540 1 12553
-5360248 33554432 1 670031
-5362339 4194304 1 60251
-5373460 2050 1 6553
-5374408 67109392 1 1667
-5375188 20 1 14767
-5378659 280 1 1297
-5380072 67108864 2 167 4027
-5383912 67108864 2 337 1997
-5388947 512 2 131 1327
-5389828 0 1 1347457
-5393611 0 2 919 5869
-5397652 16 1 103801
-5400628 4128 1 1847
-5406952 69206048 1 479
-5410120 67109378 1 4363
-5410420 34 1 15913
-5413651 64 2 499 571
-5415931 64 1 285049
-5418323 10485760 1 673
-5418331 256 2 257 727
-5418955 514 1 34961
-5421203 1024 1 146519
-5423048 67117056 1 14423
-5424323 0 2 229 23687
-5424772 1048576 1 17167
-5425960 67108866 1 135649
-5427355 2 2 571 1901
-5427691 0 2 569 9539
-5430379 1024 1 146767
-5431531 4 1 775933
-5431540 32770 1 4603
-5433091 512 1 175261
-5433508 0 1 1358377
-5434852 0 1 1358713
-5435755 18 2 241 347
-5436292 0 2 607 2239
-5436580 2 1 271829
-5438308 0 2 1063 1279
-5440660 2 2 199 1367
-5442232 33554432 2 257 2647
-5442424 33558544 1 1217
-5444440 33554434 1 136111
-5445835 2 2 409 2663
-5446907 262144 1 76717
-5449939 8 1 495449
-5450563 128 1 236981
-5451604 0 2 397 3433
-5452531 4 1 778933
-5463028 540672 1 353
-5468452 1032 1 3359
-5468488 67108864 2 523 1307
-5471608 33554560 2 131 227
-5473672 67108928 1 36011
-5474267 0 2 647 8461
-5474491 8 2 479 1039
-5474728 67141636 1 1657
-5475019 8 1 497729
-5481955 12582914 1 127
-5482219 0 2 131 41849
-5485192 67108864 1 685649
-5489992 67108864 2 113 6073
-5490772 68 1 10321
-5493268 8 1 124847
-5494555 10 1 99901
-5495284 32 2 211 383
-5496964 8 2 271 461
-5497144 33554432 2 337 2039
-5499211 65568 1 5303
-5499412 2048 1 33533
-5500852 4 1 196459
-5501848 33554440 2 103 607
-5501908 0 2 157 8761
-5507779 32 1 323987
-5512612 4 1 196879
-5513332 8 1 125303
-5513668 98304 1 383
-5513908 16896 1 839
-5521579 4 2 127 6211
-5524792 33554452 1 7589
-5526307 8192 2 307 383
-5527523 4194304 2 173 359
-5527960 33554434 2 113 1223
-5529931 72 1 26459
-5531080 67125250 1 2609
-5531428 4 1 197551
-5535955 524546 1 523
-5541592 33554468 1 5821
-5543512 33554448 2 151 353
-5545156 512 2 197 227
-5556472 33554432 1 694559
-5556859 12 1 72167
-5557915 10 2 139 727
-5558308 4 2 179 1109
-5558884 0 2 421 3301
-5559172 64 2 193 379
-5560315 770 1 1237
-5564419 4 2 251 3167
-5564692 4 2 353 563
-5565355 132098 1 449
-5568472 33554452 1 7649
-5569459 4 2 457 1741
-5570008 33554432 2 139 5009
-5570539 16 1 428503
-5571235 2 2 593 1879
-5573236 1024 1 37657
-5576212 128 1 60611
-5576915 2 2 263 4241
-5578024 67108864 2 337 2069
-5579620 2 1 278981
-5584651 133184 1 107
-5584660 2 2 103 2711
-5584699 128 1 242813
-5584963 8192 2 331 359
-5585995 2 1 1117199
-5587348 16 1 107449
-5588539 1081352 1 109
-5588680 67109378 1 4507
-5592712 67108864 1 699089
-5595592 67108864 1 699449
-5597107 0 2 1889 2963
-5600212 576 1 2377
-5600419 8 2 103 4943
-5600627 0 2 769 7283
-5601652 1028 1 5407
-5603995 2 1 1120799
-5605915 6 1 160169
-5607892 32 1 82469
-5608072 67108864 1 701009
-5608120 33554438 1 20029
-5609635 2 2 599 1873
-5610232 33554432 1 701279
-5610868 8388608 1 14461
-5613556 2064 1 2633
-5615659 68 1 42223
-5618851 2097220 1 509
-5620372 128 1 61091
-5620648 67109000 1 2777
-5625640 67108898 1 8273
-5627779 0 2 109 51631
-5628280 33554438 1 20101
-5628931 2060 1 1783
-5634772 24 1 9851
-5639627 4 2 173 4657
-5641099 0 2 491 11489
-5641627 1048576 1 71413
-5642884 16 1 108517
-5644708 1048576 1 17863
-5649220 2 1 282461
-5657656 33554432 2 263 2689
-5658568 67108864 1 707321
-5658724 0 1 1414681
-5663395 2 1 1132679
-5666123 131136 1 4451
-5666635 18 1 87179
-5667352 33554432 2 191 3709
-5668651 2097152 2 163 419
-5668708 0 2 103 13759
-5671252 1048576 2 131 137
-5674403 8454148 1 137
-5674555 2 2 269 4219
-5679547 1048608 1 4229
-5679748 0 2 263 5399
-5681956 4 2 307 661
-5682664 83886096 1 541
-5684596 32 1 83597
-5685443 0 2 1153 4931
-5686468 0 2 877 1621
-5687299 32 1 334547
-5689912 34078720 1 9743
-5690260 2 2 107 2659
-5692819 1048584 1 6551
-5693995 131202 1 739
-5696920 34078722 1 1951
-5698763 4 2 199 4091
-5700331 1044 1 1693
-5702779 0 3 107 223 239
-5704171 65544 1 8501
-5706820 6 1 40763
-5708299 0 2 1723 3313
-5711659 128 2 103 2411
-5712211 128 1 248357
-5712520 67108874 1 12983
-5714155 66 1 60149
-5715619 20 2 107 587
-5716708 2228224 1 257
-5718979 263172 1 311
-5719528 67108864 2 523 1367
-5724328 67108864 2 103 6947
-5731768 33554500 1 5387
-5734276 64 2 197 383
-5736292 128 1 62351
-5738491 264 1 17989
-5739019 131096 1 599
-5739508 1050624 1 443
-5742379 32 2 151 2237
-5742760 67108866 1 143569
-5747723 128 2 269 929
-5749891 4 2 619 1327
-5750788 0 1 1437697
-5753812 0 2 409 3517
-5756003 136 1 22751
-5756803 16 1 442831
-5759032 33554432 2 191 3769
-5763523 0 2 1321 4363
-5764187 24 2 173 233
-5766040 33554438 1 20593
-5768788 0 2 881 1637
-5770132 0 2 271 5323
-5771923 0 2 691 8353
-5772712 67108872 1 65599
-5773384 67108864 2 271 2663
-5775211 262160 1 6257
-5779411 8 2 173 3037
-5781448 69206016 1 8707
-5782120 67109378 1 4663
-5786243 512 1 186653
-5787940 2 1 289397
-5793739 4 1 827677
-5795188 4 2 139 1489
-5795512 33554944 1 23369
-5796472 33554440 2 199 331
-5798155 8202 1 2243
-5802403 0 2 977 5939
-5807059 0 2 233 24923
-5810308 4 1 207511
-5818291 0 2 787 7393
-5820292 2105344 1 373
-5822152 67108868 1 103967
-5825812 4096 1 33871
-5825848 33554436 1 104033
-5827528 67108932 1 5477
-5830883 512 2 239 787
-5834755 130 2 113 449
-5838347 0 2 449 13003
-5838827 262144 1 82237
-5839459 0 2 149 39191
-5849107 65672 1 379
-5851588 0 1 1462897
-5855128 33556480 1 17851
-5856628 128 1 63659
-5856712 67125312 1 727
-5857579 32788 1 1091
-5868259 0 2 311 18869
-5869060 2 1 293453
-5869480 67108930 1 7723
-5870740 2 2 109 2693
-5871115 2 2 761 1543
-5872708 0 2 239 6143
-5878756 16 2 131 863
-5880952 33554444 1 9547
-5883619 4 2 769 1093
-5885467 4 2 347 2423
-5885992 67108868 1 105107
-5888008 67108868 1 105143
-5888968 67108864 1 736121
-5891179 4 1 841597
-5892019 4 2 653 1289
-5893492 40 1 7879
-5896411 0 2 601 9811
-5902792 67108868 1 105407
-5902939 68 1 44383
-5907323 131072 1 88169
-5910388 8 1 134327
-5910499 4 2 199 4243
-5910691 64 2 113 2753
-5915123 4096 2 151 911
-5915128 33554432 1 739391
-5917060 2 1 295853
-5917219 12 1 76847
-5918248 67108868 1 105683
-5920291 16 1 455407
-5920948 16392 1 2539
-5921635 2097218 1 751
-5925508 0 1 1481377
-5926819 4096 2 337 409
-5927380 2 1 296369
-5927860 2097154 1 3571
-5928772 0 1 1482193
-5933371 256 1 204599
-5933848 34605056 1 229
-5934019 65556 1 1069
-5936035 518 1 5471
-5937955 2 2 239 4969
-5939908 16 1 114229
-5941720 33556482 1 3623
-5942728 67108872 1 67531
-5944372 8196 1 4517
-5947348 40 1 7951
-5947528 67372032 1 283
-5947972 1024 1 40189
-5949448 67117056 1 15823
-5951092 4 2 257 827
-5954452 4 2 109 1951
-5957560 33554438 1 21277
-5959732 2097408 1 619
-5959816 67108864 1 744977
-5963992 33554560 1 32413
-5967508 66560 1 661
-5968180 2 1 298409
-5971883 4352 1 4789
-5972347 2304 1 5023
-5972932 4 1 213319
-5973715 42 1 6389
-5975035 10 1 108637
-5976772 0 2 191 7823
-5979931 640 1 8387
-5982328 33554440 2 157 433
-5987512 33554432 2 199 3761
-5989915 270338 1 359
-5990059 2048 1 146099
-5990728 68157440 1 9479
-5992660 8388610 1 3089
-5995348 2048 2 139 263
-5997268 16384 1 28289
-5998648 33849344 1 179
-6001768 67637248 1 239
