-98999
-136319
-137279
-159119
-166631
-186311
-196919
-234167
-237959
-249143
-296663
-302999
-312199
-317071
-337367
-346439
-350783
-351391
-371087
-371447
-379751
-386471
-421607
-424967
-443711
-444623
-456871
-472639
-512207
-532823
-539839
-549319
-553727
-574967
-589583
-611551
-628583
-639263
-675419
-685367
-723319
-783779
-801247
-803359
-810023
-811351
-814211
-820279
-829399
-830447
-830891
-831367
-833047
-841207
-864151
-914339
-933319
-941771
-942367
-954007
-1002527
-1039979
-1042571
-1053383
-1053991
-1063739
-1065343
-1067767
-1104731
-1108999
-1110247
-1130819
-1132447
-1135063
-1155919
-1160839
-1181647
-1194899
-1212611
-1212919
-1214959
-1219639
-1220099
-1220599
-1230371
-1230967
-1241743
-1248847
-1255619
-1262771
-1268623
-1273331
-1280767
-1290823
-1298651
-1298719
-1301527
-1309927
-1339759
-1346747
-1348063
-1349143
-1350731
-1350851
-1360783
-1362731
-1364239
-1370503
-1375159
-1378019
-1392463
-1393619
-1397287
-1404899
-1409459
-1428587
-1475743
-1505431
-1509779
-1542823
-1549547
-1557443
-1597759
-1607143
-1619983
-1621019
-1621979
-1642259
-1656607
-1659131
-1674011
-1681423
-1728247
-1743803
-1754147
-1776539
-1786691
-1799407
-1810451
-1811651
-1844939
-1851299
-1855687
-1877983
-1878419
-1896247
-1899059
-1901651
-1902347
-1915691
-1963667
-1977823
-1999303
-2003483
-2025103
-2026327
-2056787
-2064371
-2077811
-2087051
-2116571
-2134183
-2152883
-2180527
-2181131
-2184583
-2188663
-2230663
-2247659
-2314667
-2332643
-2332651
-2368979
-2377339
-2379347
-2386063
-2386183
-2392547
-2429767
-2451343
-2477851
-2493923
-2564843
-2566163
-2570891
-2583463
-2591987
-2602447
-2604127
-2611211
-2613847
-2630627
-2630863
-2637779
-2638907
-2645647
-2647643
-2651387
-2656091
-2659859
-2662787
-2663867
-2683771
-2708483
-2711747
-2726887
-2727331
-2731427
-2742347
-2744263
-2752423
-2757463
-2782163
-2816131
-2822987
-2829247
-2845699
-2854259
-2867771
-2876647
-2903503
-2903699
-2905807
-2940127
-2956523
-2965819
-2980139
-2988731
-2996603
-3000947
-3041383
-3069107
-3102103
-3114847
-3130403
-3256927
-3312227
-3327707
-3336227
-3344147
-3367339
-3387203
-3389747
-3402127
-3404491
-3407891
-3450899
-3486563
-3494851
-3514939
-3532891
-3538531
-3543923
-3548407
-3580163
-3586283
-3605867
-3606467
-3614747
-3615467
-3633127
-3644483
-3648683
-3660343
-3718307
-3719983
-3721171
-3729419
-3739291
-3789451
-3790939
-3831379
-3844187
-3853763
-3876739
-3879739
-3883291
-3888683
-3892411
-3912827
-3920011
-3942931
-3946427
-4008227
-4019383
-4046059
-4052299
-4074443
-4080691
-4089083
-4106131
-4116127
-4116323
-4116587
-4132339
-4153979
-4165163
-4178131
-4182203
-4232731
-4267579
-4272563
-4274099
-4303163
-4309003
-4313483
-4340299
-4349027
-4368139
-4410691
-4503923
-4516651
-4534667
-4542107
-4542739
-4570411
-4587563
-4607243
-4609763
-4619507
-4629347
-4637251
-4664003
-4721627
-4750307
-4760243
-4772731
-4777907
-4778843
-4808611
-4841899
-4889611
-4902691
-4922243
-4925267
-4926563
-4929259
-4930819
-4953259
-4997611
-5028347
-5032939
-5045251
-5059291
-5074627
-5080939
-5084851
-5090243
-5091091
-5091227
-5114779
-5129363
-5167787
-5175691
-5191187
-5206291
-5227219
-5237251
-5239523
-5242291
-5252123
-5275051
-5276731
-5282899
-5319571
-5341051
-5349947
-5354443
-5373451
-5380187
-5403259
-5451091
-5474083
-5474611
-5480483
-5491883
-5503067
-5528659
-5532019
-5535443
-5544859
-5549483
-5589347
-5594011
-5605763
-5617187
-5621779
-5631979
-5655619
-5662051
-5723843
-5728147
-5804371
-5812579
-5816467
-5825899
-5875643
-5879011
-5891443
-5906899
-5931043
-5932027
-5948027
-5951611
-5967667
-5994347
-6021227
