-102119 32 1 6007
-118439 32 1 6967
-130415 2 1 26083
-130679 32 1 7687
-144959 32 1 8527
-149639 4 1 21377
-152351 524288 1 2087
-155879 8388608 1 1607
-165791 0 2 317 523
-179039 4 1 25577
-179639 32 1 10567
-186863 131072 1 2789
-192599 8 1 17509
-194759 32768 1 3301
-204767 8388608 1 2111
-210503 0 2 181 1163
-217103 0 2 107 2029
-228671 131072 1 3413
-249071 64 1 13109
-251759 0 2 271 929
-259727 16 1 19979
-260783 262144 1 3673
-272543 0 2 449 607
-292967 0 2 379 773
-305447 0 2 281 1087
-321479 0 2 151 2129
-328199 0 2 109 3011
-335144 67108864 1 41893
-338516 0 1 84629
-341111 0 2 263 1297
-378863 0 2 227 1669
-381215 2 1 76243
-383567 8192 1 8161
-389423 0 2 173 2251
-392024 33554432 1 49003
-398399 0 2 127 3137
-403007 8 1 36637
-403471 524288 1 5527
-420023 131072 1 6269
-432335 2 1 86467
-437876 0 1 109469
-441679 4 1 63097
-448724 0 1 112181
-449519 4 1 64217
-451487 0 2 353 1279
-459416 33554432 1 57427
-461807 512 1 14897
-469544 67108864 1 58693
-483263 8 1 43933
-486199 4 1 69457
-489079 64 1 25741
-510824 67108864 1 63853
-516631 1024 1 13963
-523535 2 1 104707
-533135 2 1 106627
-535016 67108864 1 66877
-539119 4 1 77017
-559463 0 2 113 4951
-561383 65536 1 9203
-561863 16777216 1 5563
-564215 2 1 112843
-569876 0 1 142469
-585623 0 2 313 1871
-590215 2 1 118043
-597647 0 2 109 5483
-601343 0 2 631 953
-603887 0 2 373 1619
-614903 1024 1 16619
-619615 2 1 123923
-623444 0 1 155861
-632239 0 2 157 4027
-637487 0 2 317 2011
-644071 131072 1 9613
-646727 0 2 179 3613
-663919 0 2 109 6091
-676223 128 1 29401
-684143 4194304 1 7687
-689671 0 2 283 2437
-707311 8 1 64301
-709999 131072 1 10597
-711079 1048576 1 9001
-732151 4 1 104593
-732503 0 2 331 2213
-736664 33554432 1 92083
-739231 0 2 103 7177
-745496 33554432 1 93187
-750871 8 1 68261
-751591 0 2 103 7297
-752792 33554432 1 94099
-789463 32 1 46439
-794359 32 1 46727
-794567 16777216 1 7867
-808807 2048 1 19727
-815051 128 1 35437
-815071 0 2 743 1097
-822319 128 1 35753
-833384 67108864 1 104173
-838735 2 1 167747
-839183 0 2 199 4217
-842671 4096 1 19597
-848459 8388608 1 8747
-849935 2 1 169987
-856015 2 1 171203
-860564 0 1 215141
-864596 0 1 216149
-877663 0 2 103 8521
-900611 128 1 39157
-906887 65536 1 14867
-919091 0 2 743 1237
-921391 0 2 467 1973
-929599 8 1 84509
-934711 32 1 54983
-945727 32 1 55631
-947047 0 2 373 2539
-950407 0 2 233 4079
-952615 2 1 190523
-957716 0 1 239429
-960515 2 1 192103
-966415 2 1 193283
-973519 0 2 787 1237
-977051 0 2 751 1301
-989599 16 1 76123
-990659 4194304 1 11131
-991351 0 2 907 1093
-1006111 32 1 59183
-1007411 2048 1 24571
-1025671 0 2 211 4861
-1037864 67108864 1 129733
-1046335 2 1 209267
-1046699 65536 1 17159
-1059992 33554432 1 132499
-1060331 0 2 659 1609
-1073335 2 1 214667
-1086223 4096 1 25261
-1088564 0 1 272141
-1089535 2 1 217907
-1090451 0 2 257 4243
-1097204 0 1 274301
-1097839 64 1 57781
-1102687 0 2 139 7933
-1110535 2 1 222107
-1120148 0 1 280037
-1122127 0 2 277 4051
-1129063 16 1 86851
-1129256 67108864 1 141157
-1134371 4 1 162053
-1138015 2 1 227603
-1156756 0 1 289189
-1157447 512 1 37337
-1175912 67108864 1 146989
-1175983 0 2 347 3389
-1186183 1024 1 32059
-1203559 4 1 171937
-1215491 0 2 163 7457
-1218059 0 2 499 2441
-1218136 33554432 1 152267
-1219924 0 1 304981
-1222139 0 2 467 2617
-1222303 32768 1 20717
-1227416 33554432 1 153427
-1230659 0 2 197 6247
-1236731 0 2 661 1871
-1252148 0 1 313037
-1261139 8 1 114649
-1265411 4 1 180773
-1267879 1024 1 34267
-1269539 0 2 223 5693
-1270811 0 2 373 3407
-1281583 128 1 55721
-1286312 67108864 1 160789
-1287419 4 1 183917
-1288879 131072 1 19237
-1295348 0 1 323837
-1299572 0 1 324893
-1309096 67108864 1 163637
-1311659 131072 1 19577
-1327931 8 1 120721
-1329007 65536 1 21787
-1335179 1048576 1 16901
-1346216 67108864 1 168277
-1352552 67108864 1 169069
-1365823 16777216 1 13523
-1370344 67108864 1 171293
-1371199 0 2 311 4409
-1375735 2 1 275147
-1377463 0 2 647 2129
-1377515 2 1 275503
-1383059 128 1 60133
-1391887 4 1 198841
-1392031 0 2 367 3793
-1400104 67108864 1 175013
-1407779 0 2 347 4057
-1415407 4 1 202201
-1420015 2 1 284003
-1422731 0 2 431 3301
-1429091 256 1 49279
-1429135 2 1 285827
-1435931 4 1 205133
-1449332 0 1 362333
-1454164 0 1 363541
-1456447 0 2 137 10631
-1457767 32 1 85751
-1459544 33554432 1 182443
-1471063 8 1 133733
-1484915 2 1 296983
-1512899 0 2 1229 1231
-1514047 0 2 1061 1427
-1515604 0 1 378901
-1520699 131072 1 22697
-1521343 8192 1 32369
-1535407 0 2 311 4937
-1550891 256 1 53479
-1557656 33554432 1 194707
-1565767 4 1 223681
-1568287 4 1 224041
-1572947 128 1 68389
-1579835 2 1 315967
-1582015 2 1 316403
-1585303 64 1 83437
-1586143 16 1 122011
-1592503 8 1 144773
-1593611 0 2 229 6959
-1596583 524288 1 21871
-1600831 131072 1 23893
-1606927 4 1 229561
-1606952 67108864 1 200869
-1607912 67108864 1 200989
-1610164 0 1 402541
-1614227 256 1 55663
-1616915 2 1 323383
-1619167 8 1 147197
-1630183 1024 1 44059
-1633748 0 1 408437
-1634119 0 2 601 2719
-1643435 2 1 328687
-1645711 0 2 193 8527
-1646167 1024 1 44491
-1646228 0 1 411557
-1646356 0 1 411589
-1647848 67108864 1 205981
-1648643 32 1 96979
-1657615 2 1 331523
-1678811 0 2 449 3739
-1681019 0 2 163 10313
-1684532 0 1 421133
-1689899 0 2 211 8009
-1690835 2 1 338167
-1691167 128 1 73529
-1696148 0 1 424037
-1708115 2 1 341623
-1710323 64 1 90017
-1710932 0 1 427733
-1719727 16777216 1 17027
-1727647 0 2 263 6569
-1747115 2 1 349423
-1754507 512 1 56597
-1757051 0 2 1291 1361
-1758296 33554432 1 219787
-1758452 0 1 439613
-1759447 0 2 389 4523
-1766888 67108864 1 220861
-1775051 1048576 1 22469
-1781431 0 2 673 2647
-1785463 0 2 809 2207
-1787243 512 1 57653
-1797464 33554432 1 224683
-1806632 67108864 1 225829
-1819807 8 1 165437
-1821364 0 1 455341
-1824203 262144 1 25693
-1825423 0 2 109 16747
-1832503 512 1 59113
-1833256 67108864 1 229157
-1843096 33554432 1 230387
-1844023 256 1 63587
-1866103 0 2 349 5347
-1868948 0 1 467237
-1875092 0 1 468773
-1875367 16 1 144259
-1879028 0 1 469757
-1879783 0 2 1321 1423
-1880852 0 1 470213
-1887011 4 1 269573
-1887943 8192 1 40169
-1906328 33554432 1 238291
-1906331 4 1 272333
-1915112 67108864 1 239389
-1918783 1024 1 51859
-1919699 0 2 881 2179
-1922743 64 1 101197
-1927091 0 2 1163 1657
-1931527 16 1 148579
-1933268 0 1 483317
-1934888 67108864 1 241861
-1950356 0 1 487589
-1952168 67108864 1 244021
-1953847 4 1 279121
-1965251 32 1 115603
-1967407 16 1 151339
-1978772 0 1 494693
-1980971 262144 1 27901
-1985432 33554432 1 248179
-1992035 2 1 398407
-2000435 2 1 400087
-2004583 4 1 286369
-2008052 0 1 502013
-2013223 2048 1 49103
-2016083 0 2 619 3257
-2022004 0 1 505501
-2023327 0 2 1061 1907
-2038807 2048 1 49727
-2043515 2 1 408703
-2057236 0 1 514309
-2067299 16 1 159023
-2090507 32 1 122971
-2095207 0 2 311 6737
-2100779 65536 1 34439
-2106683 0 2 599 3517
-2114099 16 1 162623
-2117383 0 2 349 6067
-2121419 0 2 421 5039
-2125615 2 1 425123
-2129771 4 1 304253
-2134931 0 2 619 3449
-2135147 4 1 305021
-2145064 67108864 1 268133
-2146427 0 2 127 16901
-2150836 0 1 537709
-2157607 128 1 93809
-2161091 32 1 127123
-2170187 16777216 1 21487
-2174296 33554432 1 271787
-2180531 0 2 491 4441
-2188139 0 2 919 2381
-2191015 2 1 438203
-2192852 0 1 548213
-2220779 8 1 201889
-2223035 2 1 444607
-2223707 0 2 241 9227
-2225143 1024 1 60139
-2226967 0 2 1249 1783
-2239499 1024 1 60527
-2248835 2 1 449767
-2250563 4 1 321509
-2251651 0 2 317 7103
-2252843 1048576 1 28517
-2264852 0 1 566213
-2266835 2 1 453367
-2277076 0 1 569269
-2284063 0 2 449 5087
-2284264 67108864 1 285533
-2285843 4 1 326549
-2286727 0 2 163 14029
-2288372 0 1 572093
-2288411 0 2 757 3023
-2292436 0 1 573109
-2296259 4 1 328037
-2312887 0 2 1033 2239
-2316127 8 1 210557
-2317739 0 2 1297 1787
-2319796 0 1 579949
-2322419 8 1 211129
-2327896 33554432 1 290987
-2329268 0 1 582317
-2333291 0 2 673 3467
-2337131 0 2 1153 2027
-2337515 2 1 467503
-2339867 16777216 1 23167
-2345716 0 1 586429
-2345767 0 2 113 20759
-2349272 33554432 1 293659
-2353135 2 1 470627
-2354747 8192 1 50101
-2358491 1024 1 63743
-2377087 0 2 137 17351
-2378503 0 2 107 22229
-2383859 32 1 140227
-2385256 67108864 1 298157
-2386423 16 1 183571
-2392043 64 1 125897
-2404756 0 1 601189
-2409707 0 2 883 2729
-2410087 0 2 761 3167
-2413396 0 1 603349
-2417143 8388608 1 24919
-2418179 0 2 1217 1987
-2421784 33554432 1 302723
-2425927 4 1 346561
-2430248 67108864 1 303781
-2434772 0 1 608693
-2437144 33554432 1 304643
-2446063 256 1 84347
-2452328 67108864 1 306541
-2452667 4 1 350381
-2455903 0 2 1187 2069
-2455924 0 1 613981
-2462579 4 1 351797
-2464024 33554432 1 308003
-2470036 0 1 617509
-2484967 0 2 277 8971
-2488211 8 1 226201
-2502184 67108864 1 312773
-2510215 2 1 502043
-2513944 33554432 1 314243
-2520872 67108864 1 315109
-2522219 4 1 360317
-2530283 4 1 361469
-2545204 0 1 636301
-2548699 128 1 110813
-2551592 67108864 1 318949
-2553779 0 2 1009 2531
-2556131 0 2 547 4673
-2560883 16 1 196991
-2571736 33554432 1 321467
-2573503 0 2 251 10253
-2575259 0 2 199 12941
-2577364 0 1 644341
-2581807 32 1 151871
-2582843 32768 1 43777
-2583128 33554432 1 322891
-2585915 2 1 517183
-2589463 0 2 383 6761
-2595727 0 2 947 2741
-2598004 0 1 649501
-2600852 0 1 650213
-2609527 2048 1 63647
-2618407 8 1 238037
-2618771 1048576 1 33149
-2619107 0 2 569 4603
-2625463 32 1 154439
-2628788 0 1 657197
-2633012 0 1 658253
-2634367 0 2 307 8581
-2644211 64 1 139169
-2650216 67108864 1 331277
-2660243 0 2 1487 1789
-2668451 4096 1 62057
-2669236 0 1 667309
-2682703 256 1 92507
-2685203 0 2 883 3041
-2696411 512 1 86981
-2697752 33554432 1 337219
-2705012 0 1 676253
-2713051 8 1 246641
-2714863 0 2 109 24907
-2724415 2 1 544883
-2729128 67108864 1 341141
-2730712 33554432 1 341339
-2731859 16 1 210143
-2733487 512 1 88177
-2734183 0 2 127 21529
-2737379 0 2 173 15823
-2738171 0 2 389 7039
-2739823 0 2 643 4261
-2742035 2 1 548407
-2743667 0 2 397 6911
-2750647 16384 1 51899
-2751659 0 2 167 16477
-2758835 2 1 551767
-2759528 67108864 1 344941
-2761663 524288 1 37831
-2767547 0 2 367 7541
-2775128 33554432 1 346891
-2780072 67108864 1 347509
-2784424 67108864 1 348053
-2787083 16 1 214391
-2789672 67108864 1 348709
-2798267 0 2 797 3511
-2803163 8 1 254833
-2803883 131072 1 41849
-2807867 256 1 96823
-2811496 67108864 1 351437
-2817844 0 1 704461
-2825012 0 1 706253
-2826247 0 2 1187 2381
-2832943 0 2 457 6199
-2836087 1024 1 76651
-2848532 0 1 712133
-2867435 2 1 573487
-2869652 0 1 717413
-2872372 0 1 718093
-2872808 67108864 1 359101
-2874059 2048 1 70099
-2880343 64 1 151597
-2880916 0 1 720229
-2883107 4096 1 67049
-2886059 8 1 262369
-2897723 262144 1 40813
-2898904 33554432 1 362363
-2914187 32768 1 49393
-2920763 0 2 1511 1933
-2928587 1024 1 79151
-2937556 0 1 734389
-2937931 1048576 1 37189
-2938499 0 2 263 11173
-2945315 2 1 589063
-2959883 0 2 1091 2713
-2971835 2 1 594367
-2979304 67108864 1 372413
-2981939 16384 1 56263
-2983208 67108864 1 372901
-3008603 16 1 231431
-3012347 16 1 231719
-3018196 0 1 754549
-3019403 0 2 907 3329
-3022547 8 1 274777
-3025684 0 1 756421
-3031427 4 1 433061
-3034216 67108864 1 379277
-3035147 1024 1 82031
-3035764 0 1 758941
-3059263 0 2 887 3449
-3060347 0 2 857 3571
-3063223 0 2 653 4691
-3067643 8192 1 65269
-3073331 1024 1 83063
-3079783 4 1 439969
-3085883 0 2 521 5923
-3090379 32 1 181787
-3095348 0 1 773837
-3098728 67108864 1 387341
-3110243 64 1 163697
-3113588 0 1 778397
-3119915 2 1 623983
-3120583 0 2 229 13627
-3124331 4 1 446333
-3138727 32 1 184631
-3149627 16 1 242279
-3176603 32 1 186859
-3176731 0 2 181 17551
-3177019 0 2 197 16127
-3178024 67108864 1 397253
-3181307 2097152 1 38329
-3187115 2 1 637423
-3191267 2097152 1 38449
-3193019 131072 1 47657
-3199207 8 1 290837
-3202543 128 1 139241
-3207247 0 2 173 18539
-3216856 33554432 1 402107
-3229307 0 2 491 6577
-3234467 128 1 140629
-3236404 0 1 809101
-3237323 0 2 149 21727
-3247259 524288 1 44483
-3253288 67108864 1 406661
-3259907 4 1 465701
-3269971 0 2 1019 3209
-3276184 33554432 1 409523
-3277672 67108864 1 409709
-3278603 32 1 192859
-3279083 0 2 683 4801
-3279635 2 1 655927
-3282035 2 1 656407
-3288379 128 1 142973
-3291544 33554432 1 411443
-3295807 32 1 193871
-3298216 67108864 1 412277
-3300916 0 1 825229
-3302836 0 1 825709
-3317819 128 1 144253
-3326963 0 2 173 19231
-3327028 0 1 831757
-3329099 0 2 1031 3229
-3345512 67108864 1 418189
-3353299 256 1 115631
-3355864 33554432 1 419483
-3372007 128 1 146609
-3373063 1048576 1 42697
-3379523 4 1 482789
-3380983 2048 1 82463
-3385384 67108864 1 423173
-3385651 0 2 1061 3191
-3392987 16 1 260999
-3414007 0 2 1409 2423
-3420635 2 1 684127
-3422123 0 2 137 24979
-3422296 33554432 1 427787
-3422867 4 1 488981
-3434747 1024 1 92831
-3444212 0 1 861053
-3444436 0 1 861109
-3446627 0 2 257 13411
-3449899 0 2 773 4463
-3450008 33554432 1 431251
-3464788 0 1 866197
-3467363 0 2 211 16433
-3467723 4 1 495389
-3474964 0 1 868741
-3479287 4 1 497041
-3480247 0 2 313 11119
-3486515 2 1 697303
-3494219 0 2 1049 3331
-3518315 2 1 703663
-3521939 2097152 1 42433
-3525635 2 1 705127
-3526643 0 2 881 4003
-3529859 0 2 283 12473
-3544115 2 1 708823
-3553523 128 1 154501
-3564247 1024 1 96331
-3567448 33554432 1 445931
-3574787 0 2 1559 2293
-3579203 8388608 1 36899
-3579899 0 2 107 33457
-3581371 65536 1 58711
-3583883 128 1 155821
-3589567 32 1 211151
-3610411 4 1 515773
-3622516 0 1 905629
-3624856 33554432 1 453107
-3626152 67108864 1 453269
-3631187 4 1 518741
-3645076 0 1 911269
-3653236 0 1 913309
-3660803 0 2 419 8737
-3663223 0 2 739 4957
-3668372 0 1 917093
-3673643 0 2 157 23399
-3677267 8 1 334297
-3679663 16 1 283051
-3683023 16384 1 69491
-3699007 16 1 284539
-3700328 67108864 1 462541
-3704723 8 1 336793
-3708827 262144 1 52237
-3719512 33554432 1 464939
-3720308 0 1 930077
-3721219 0 2 421 8839
-3721819 16384 1 70223
-3723827 0 2 809 4603
-3726443 4 1 532349
-3739771 4 1 534253
-3744947 32 1 220291
-3756904 67108864 1 469613
-3761192 67108864 1 470149
-3762179 128 1 163573
-3764963 2097152 1 45361
-3782483 32 1 222499
-3783011 4096 1 87977
-3787915 2 1 757583
-3788887 0 2 1439 2633
-3796115 2 1 759223
-3800296 67108864 1 475037
-3816571 8 1 346961
-3818315 2 1 763663
-3820372 0 1 955093
-3825563 4 1 546509
-3833483 32 1 225499
-3841931 0 2 857 4483
-3847924 0 1 961981
-3852587 512 1 124277
-3859087 0 2 709 5443
-3862708 0 1 965677
-3873211 256 1 133559
-3874567 0 2 167 23201
-3882467 65536 1 63647
-3887956 0 1 971989
-3889876 0 1 972469
-3890603 32 1 228859
-3895028 0 1 973757
-3896779 0 2 857 4547
-3906083 0 2 397 9839
-3911723 256 1 134887
-3912707 4194304 1 43963
-3922216 67108864 1 490277
-3928531 0 2 1427 2753
-3929524 0 1 982381
-3931171 0 2 997 3943
-3952283 512 1 127493
-3954703 0 2 271 14593
-3955048 67108864 1 494381
-3959464 67108864 1 494933
-3962863 16384 1 74771
-3966499 0 2 569 6971
-3966616 33554432 1 495827
-3987451 16 1 306727
-3987892 0 1 996973
-3990091 4 1 570013
-3990872 33554432 1 498859
-3995387 8 1 363217
-3997171 512 1 128941
-3997283 0 2 311 12853
-3998387 0 2 431 9277
-3999259 8 1 363569
-4002587 0 2 149 26863
-4003715 2 1 800743
-4010983 0 2 1301 3083
-4028692 0 1 1007173
-4035635 2 1 807127
-4056035 2 1 811207
-4059083 4 1 579869
-4064267 0 2 907 4481
-4076147 0 2 1787 2281
-4079912 67108864 1 509989
-4090783 0 2 347 11789
-4092923 64 1 215417
-4109371 4 1 587053
-4115179 8192 1 87557
-4116436 0 1 1029109
-4125019 1024 1 111487
-4126763 524288 1 56531
-4127603 128 1 179461
-4131259 8 1 375569
-4131796 0 1 1032949
-4135339 16 1 318103
-4139992 33554432 1 517499
-4147859 0 2 683 6073
-4151668 0 1 1037917
-4162163 0 2 1549 2687
-4164392 67108864 1 520549
-4166983 0 2 683 6101
-4168643 0 2 883 4721
-4175947 8388608 1 43051
-4177771 16 1 321367
-4195403 0 2 1579 2657
-4200916 0 1 1050229
-4203323 0 2 1879 2237
-4211915 2 1 842383
-4214435 2 1 842887
-4227019 0 2 491 8609
-4228283 0 2 293 14431
-4238932 0 1 1059733
-4243444 0 1 1060861
-4249835 2 1 849967
-4250383 16777216 1 42083
-4255283 0 2 107 39769
-4261763 8 1 387433
-4275539 128 1 185893
-4277912 33554432 1 534739
-4278323 4 1 611189
-4286483 262144 1 60373
-4294763 8 1 390433
-4296379 256 1 148151
-4303192 33554432 1 537899
-4323028 0 1 1080757
-4325032 67108864 1 540629
-4341827 4 1 620261
-4343243 256 1 149767
-4345907 0 2 1217 3571
-4347859 4096 1 101113
-4350872 33554432 1 543859
-4354132 0 1 1088533
-4357163 256 1 150247
-4372187 0 2 1297 3371
-4375163 16 1 336551
-4377332 0 1 1094333
-4383235 2 1 876647
-4390115 2 1 878023
-4392467 0 2 599 7333
-4394387 0 2 569 7723
-4396043 0 2 587 7489
-4396171 16 1 338167
-4397507 0 2 659 6673
-4407619 0 2 751 5869
-4409771 1024 1 119183
-4416899 0 2 673 6563
-4422683 65536 1 72503
-4436027 4194304 1 49843
-4437976 33554432 1 554747
-4446227 2097152 1 53569
-4457659 0 2 701 6359
-4458088 67108864 1 557261
-4477163 524288 1 61331
-4484123 4 1 640589
-4490363 32 1 264139
-4490627 0 2 487 9221
-4501352 67108864 1 562669
-4511252 0 1 1127813
-4513303 0 2 509 8867
-4514968 33554432 1 564371
-4547659 0 2 193 23563
-4549672 67108864 1 568709
-4552564 0 1 1138141
-4554947 4096 1 105929
-4555835 2 1 911167
-4556507 128 1 198109
-4567252 0 1 1141813
-4573771 512 1 147541
-4574312 67108864 1 571789
-4580507 0 2 109 42023
-4585787 524288 1 62819
-4587107 4 1 655301
-4597763 0 2 1597 2879
-4607656 67108864 1 575957
-4610708 0 1 1152677
-4615427 0 2 797 5791
-4622659 0 2 257 17987
-4625147 0 2 911 5077
-4637747 0 2 383 12109
-4642996 0 1 1160749
-4671976 67108864 1 583997
-4680635 2 1 936127
-4681099 0 2 421 11119
-4687043 4096 1 109001
-4687828 0 1 1171957
-4696459 32768 1 79601
-4717012 0 1 1179253
-4724596 0 1 1181149
-4727131 0 2 691 6841
-4729051 0 2 1237 3823
-4729307 8 1 429937
-4735283 4 1 676469
-4738715 2 1 947743
-4750163 8 1 431833
-4757047 4096 1 110629
-4759715 2 1 951943
-4764451 0 2 271 17581
-4764931 8388608 1 49123
-4768936 67108864 1 596117
-4777427 0 2 757 6311
-4784491 0 2 179 26729
-4788139 0 2 199 24061
-4793659 16 1 368743
-4795816 67108864 1 599477
-4797203 0 2 1319 3637
-4798952 67108864 1 599869
-4803107 0 2 179 26833
-4807667 128 1 209029
-4818019 0 2 719 6701
-4819339 4 1 688477
-4819924 0 1 1204981
-4824088 33554432 1 603011
-4826243 1024 1 130439
-4828532 0 1 1207133
-4833635 2 1 966727
-4833979 128 1 210173
-4836847 0 2 233 20759
-4840771 16 1 372367
-4840984 33554432 1 605123
-4845979 0 2 317 15287
-4849447 16384 1 91499
-4851515 2 1 970303
-4853371 0 2 193 25147
-4856483 0 2 557 8719
-4857203 16 1 373631
-4857304 33554432 1 607163
-4860952 33554432 1 607619
-4861396 0 1 1215349
-4863947 8 1 442177
-4868179 0 2 107 45497
-4892267 0 2 173 28279
-4895003 8192 1 104149
-4901603 4 1 700229
-4904059 0 2 139 35281
-4909108 0 1 1227277
-4912163 32768 1 83257
-4916131 8 1 446921
-4929748 0 1 1232437
-4935451 0 2 103 47917
-4936187 524288 1 67619
-4939288 33554432 1 617411
-4945699 8 1 449609
-4960219 8 1 450929
-4964632 33554432 1 620579
-4966307 0 2 211 23537
-4968472 33554432 1 621059
-4980568 33554432 1 622571
-4988723 128 1 216901
-4992739 0 2 257 19427
-4993291 32 1 293723
-4995352 33554432 1 624419
-4995587 131072 1 74561
-5006899 64 1 263521
-5013259 256 1 172871
-5019827 1024 1 135671
-5028467 128 1 218629
-5029012 0 1 1257253
-5030435 2 1 1006087
-5037803 524288 1 69011
-5044051 0 2 1181 4271
-5048491 4 1 721213
-5050516 0 1 1262629
-5055832 33554432 1 631979
-5057987 8 1 459817
-5061691 0 2 191 26501
-5063767 0 2 1709 2963
-5068883 4096 1 117881
-5080891 0 2 647 7853
-5081299 0 2 103 49333
-5098315 2 1 1019663
-5105428 0 1 1276357
-5114123 4 1 730589
-5116372 0 1 1279093
-5120147 524288 1 70139
-5120827 4096 1 119089
-5144267 0 2 281 18307
-5144515 2 1 1028903
-5158696 67108864 1 644837
-5161048 33554432 1 645131
-5162747 32 1 303691
-5164427 131072 1 77081
-5176771 128 1 225077
-5177752 33554432 1 647219
-5178347 0 2 163 31769
-5178683 16384 1 97711
-5185448 67108864 1 648181
-5197672 67108864 1 649709
-5207764 0 1 1301941
-5212051 16 1 400927
-5216371 1024 1 140983
-5230939 4 1 747277
-5233339 262144 1 73709
-5240179 4 1 748597
-5257411 0 2 521 10091
-5259691 0 2 839 6269
-5261656 33554432 1 657707
-5270779 256 1 181751
-5276723 0 2 127 41549
-5290307 8 1 480937
-5309224 67108864 1 663653
-5314787 16384 1 100279
-5318003 8192 1 113149
-5318323 0 2 181 29383
-5319739 128 1 231293
-5321812 0 1 1330453
-5348971 0 2 2239 2389
-5362163 512 1 172973
-5375572 0 1 1343893
-5377547 4 1 768221
-5383883 32 1 316699
-5385715 2 1 1077143
-5388571 64 1 283609
-5390248 67108864 1 673781
-5391731 0 2 251 21481
-5398787 0 2 599 9013
-5402963 0 2 173 31231
-5409172 0 1 1352293
-5413411 0 2 277 19543
-5416771 8388608 1 55843
-5434171 64 1 286009
-5434804 0 1 1358701
-5437099 4194304 1 61091
-5448043 262144 1 76733
-5448499 4 1 778357
-5450968 33554432 1 681371
-5453251 0 2 149 36599
-5479924 0 1 1369981
-5482283 0 2 157 34919
-5484347 8 1 498577
-5486491 0 2 997 5503
-5495704 33554432 1 686963
-5501027 4 1 785861
-5504035 2 1 1100807
-5513896 67108864 1 689237
-5518168 33554432 1 689771
-5522584 33554432 1 690323
-5536948 0 1 1384237
-5554891 128 1 241517
-5558632 67108864 1 694829
-5566936 33554432 1 695867
-5582644 0 1 1395661
-5585659 0 2 347 16097
-5588899 0 2 2039 2741
-5589619 4 1 798517
-5604139 8192 1 119237
-5614552 33554432 1 701819
-5616683 0 2 229 24527
-5625803 0 2 1861 3023
-5641588 0 1 1410397
-5649643 0 2 859 6577
-5654387 32 1 332611
-5660008 67108864 1 707501
-5667988 0 1 1416997
-5672723 4 1 810389
-5677051 0 2 103 55117
-5679083 0 2 163 34841
-5688532 0 1 1422133
-5704915 2 1 1140983
-5707147 0 2 149 38303
-5710888 67108864 1 713861
-5716372 0 1 1429093
-5727091 8192 1 121853
-5732963 65536 1 93983
-5747971 0 2 113 50867
-5750659 16384 1 108503
-5755732 0 1 1438933
-5768027 1048576 1 73013
-5771507 4 1 824501
-5774251 4 1 824893
-5779828 0 1 1444957
-5797459 32 1 341027
-5805587 512 1 187277
-5824243 131072 1 86929
-5826883 256 1 200927
-5830699 4 1 832957
-5842307 0 2 107 54601
-5844571 64 1 307609
-5845579 0 2 1297 4507
-5874443 256 1 202567
-5889571 0 2 1499 3929
-5890763 0 2 241 24443
-5891011 4 1 841573
-5896531 0 2 233 25307
-5904019 8 1 536729
-5904515 2 1 1180903
-5925347 16384 1 111799
-5933611 1048576 1 75109
-5943643 1024 1 160639
-5948584 67108864 1 743573
-5961803 0 2 521 11443
-5968852 0 1 1492213
-5969059 64 1 314161
-5989643 8 1 544513
-5994136 33554432 1 749267
-5994859 16 1 461143
-6000724 0 1 1500181
