-164999
-168719
-197159
-214007
-236111
-272351
-280031
-282671
-354647
-376511
-391823
-430823
-443791
-468439
-480647
-487703
-553463
-606383
-633463
-647839
-665311
-706999
-725327
-740303
-756023
-771031
-772859
-779939
-781951
-783487
-797887
-831559
-838039
-840943
-864623
-867511
-890551
-898211
-903151
-905819
-957659
-977819
-994447
-1039999
-1066859
-1113899
-1114471
-1125127
-1125391
-1176407
-1191539
-1199551
-1212851
-1255039
-1255663
-1287199
-1288783
-1290031
-1304411
-1323919
-1326419
-1386611
-1387259
-1391651
-1392679
-1392943
-1418051
-1426583
-1445959
-1458319
-1484051
-1484579
-1526747
-1529459
-1536679
-1539943
-1545539
-1573543
-1602059
-1617971
-1620823
-1656247
-1672927
-1673099
-1691411
-1705111
-1725991
-1727051
-1736939
-1738207
-1746443
-1751291
-1755371
-1798619
-1803203
-1815131
-1820047
-1839727
-1847623
-1866251
-1866967
-1884247
-1934167
-1955747
-1968487
-1969447
-1983103
-1984183
-2007659
-2013247
-2043491
-2064511
-2089807
-2107087
-2127779
-2128303
-2135191
-2170307
-2190299
-2191331
-2200811
-2208847
-2309891
-2322347
-2325779
-2373971
-2382103
-2421343
-2438767
-2439323
-2481107
-2492767
-2513699
-2518291
-2525531
-2552647
-2552987
-2566667
-2581939
-2588527
-2620087
-2626451
-2643607
-2689619
-2700563
-2712851
-2731691
-2745131
-2750983
-2754923
-2768287
-2828219
-2848687
-2891263
-2955131
-2966819
-2971099
-2982691
-3042203
-3117899
-3170743
-3171823
-3181691
-3219967
-3229067
-3231931
-3284483
-3305047
-3353891
-3386027
-3412187
-3423683
-3424763
-3447947
-3529291
-3599383
-3621931
-3627139
-3635171
-3666347
-3678083
-3679427
-3696227
-3719747
-3733531
-3737179
-3793931
-3820043
-3826187
-3830863
-3834451
-3835903
-3869123
-3887003
-3952163
-3955499
-3989123
-4007123
-4008971
-4034699
-4043899
-4073171
-4119211
-4140947
-4151131
-4157611
-4200923
-4204307
-4246547
-4268603
-4296739
-4369699
-4377091
-4424363
-4428091
-4428227
-4431443
-4442387
-4499731
-4508011
-4508971
-4563007
-4576307
-4590227
-4590683
-4603811
-4609691
-4649027
-4692931
-4703003
-4722587
-4729339
-4730059
-4732067
-4736779
-4774171
-4785499
-4812499
-4840939
-4884619
-4885219
-4887139
-4897787
-4906787
-4944683
-4949611
-4973867
-4984171
-4985507
-4998979
-5035651
-5057251
-5102107
-5109739
-5113891
-5156731
-5194379
-5234987
-5240243
-5244467
-5247443
-5323291
-5330179
-5380723
-5384387
-5396299
-5461283
-5488667
-5490227
-5494283
-5519131
-5557051
-5562923
-5594747
-5633219
-5647339
-5651539
-5659051
-5721563
-5742811
-5773763
-5793451
-5796347
-5822867
-5901619
-5915731
-5923787
-6010523
