-195887
-207671
-235439
-265607
-269183
-300023
-316031
-343823
-363271
-365159
-372311
-415159
-467479
-495119
-504767
-580607
-588911
-631711
-655471
-682951
-696079
-729271
-752023
-817211
-885611
-886759
-899531
-930011
-934607
-937231
-941839
-950959
-959339
-991931
-995791
-998527
-1018807
-1030583
-1033499
-1057951
-1069379
-1069927
-1092731
-1093063
-1132639
-1160359
-1180159
-1188511
-1220171
-1243951
-1244099
-1249091
-1266247
-1269131
-1383583
-1389539
-1404583
-1413103
-1418771
-1419059
-1424699
-1435783
-1445287
-1458659
-1470151
-1488943
-1494659
-1592263
-1607987
-1611439
-1631027
-1636139
-1683299
-1744927
-1751023
-1764611
-1765567
-1783087
-1819931
-1857899
-1863923
-1879211
-1882063
-2015863
-2016823
-2039267
-2058611
-2114747
-2123167
-2123747
-2156023
-2198887
-2207299
-2209447
-2229943
-2314931
-2318891
-2340703
-2367923
-2370947
-2407567
-2408983
-2416331
-2417771
-2417843
-2434903
-2446091
-2500403
-2521807
-2523943
-2569331
-2586011
-2644043
-2656163
-2656547
-2684771
-2686259
-2706563
-2722163
-2727223
-2728043
-2779411
-2783167
-2796103
-2813647
-2833403
-2881783
-2884379
-2895127
-2895943
-2930887
-2954891
-2991899
-3039103
-3058567
-3061571
-3062291
-3066611
-3079291
-3085787
-3111847
-3124307
-3139571
-3160219
-3191179
-3221371
-3247523
-3261803
-3283531
-3300823
-3416459
-3430547
-3462947
-3542939
-3555947
-3583403
-3591967
-3595663
-3606563
-3633347
-3657331
-3660323
-3663707
-3684059
-3696487
-3699379
-3754139
-3760067
-3811207
-3856891
-3864587
-3890219
-3895427
-3979643
-3984347
-3990827
-3994891
-4007411
-4060891
-4074347
-4092323
-4126043
-4269619
-4317923
-4324807
-4367243
-4369291
-4469627
-4511387
-4522499
-4553723
-4581107
-4628867
-4647347
-4664507
-4683323
-4688867
-4695563
-4764103
-4767019
-4776691
-4828403
-4830923
-4834327
-4837579
-4894459
-4895243
-4956811
-4958843
-4963043
-4965923
-5002843
-5094083
-5103083
-5105179
-5124683
-5137787
-5141963
-5148851
-5169379
-5196923
-5224643
-5257883
-5262619
-5278699
-5317339
-5365531
-5417179
-5436323
-5454227
-5500643
-5505707
-5506651
-5512187
-5538451
-5565979
-5601859
-5635547
-5729483
-5730619
-5742367
-5743939
-5763011
-5782547
-5797531
-5809883
-5811083
-5842987
-5886967
-5887051
-5896771
-5932939
-5989307
-5998427
-6047267
