-115079
-147311
-161999
-227399
-322999
-324743
-329519
-374063
-424727
-435287
-494783
-514343
-516991
-563543
-568823
-581303
-589711
-599191
-614183
-614671
-653743
-661231
-676279
-679487
-724847
-726991
-753527
-774143
-784471
-787999
-809239
-856831
-890927
-891659
-914191
-915623
-948439
-957703
-969767
-982759
-1017299
-1029151
-1071659
-1077823
-1091239
-1156591
-1170863
-1192903
-1195927
-1216619
-1225879
-1226699
-1245103
-1246711
-1264259
-1290491
-1294019
-1305679
-1334339
-1350059
-1438447
-1468211
-1484291
-1517143
-1521491
-1528259
-1549183
-1581131
-1591859
-1620371
-1633447
-1651667
-1693859
-1704991
-1705903
-1737079
-1745647
-1761943
-1767487
-1771183
-1795571
-1801259
-1829743
-1851127
-1864691
-1871339
-1907431
-1911607
-1965323
-1982627
-2048819
-2084263
-2084767
-2086571
-2120411
-2133059
-2149187
-2154611
-2201723
-2262847
-2264771
-2269331
-2288291
-2358823
-2413739
-2465363
-2466011
-2492527
-2503327
-2523779
-2523923
-2580203
-2608211
-2638931
-2648531
-2671139
-2712811
-2726723
-2734019
-2755663
-2781803
-2785423
-2790971
-2795267
-2803663
-2809619
-2829707
-2831623
-2873099
-2880811
-2899763
-3011027
-3053263
-3058667
-3060247
-3071603
-3084227
-3093059
-3115643
-3116747
-3121259
-3130327
-3132007
-3144971
-3146987
-3160331
-3172691
-3248023
-3267727
-3273467
-3306539
-3309703
-3361459
-3366463
-3388211
-3391163
-3395603
-3396091
-3406687
-3456611
-3463783
-3509287
-3511043
-3548339
-3565819
-3575867
-3582727
-3599147
-3624443
-3642227
-3684179
-3721327
-3725963
-3732203
-3738227
-3786571
-3812843
-3819227
-3835067
-3848891
-3860267
-3918539
-3940523
-3948583
-3977891
-4011827
-4043483
-4061143
-4137563
-4139659
-4143947
-4186547
-4212827
-4245103
-4265003
-4299467
-4312547
-4315891
-4390667
-4440727
-4442483
-4466027
-4497803
-4539371
-4570283
-4571731
-4580363
-4621283
-4622539
-4629379
-4633219
-4648067
-4654051
-4660043
-4670387
-4728947
-4741307
-4762099
-4775539
-4922251
-4977691
-4989443
-4991011
-5055979
-5056819
-5072539
-5083699
-5097227
-5102651
-5116043
-5144851
-5175019
-5198147
-5200051
-5201723
-5204387
-5218531
-5222923
-5226619
-5270987
-5297867
-5299219
-5326667
-5390971
-5416291
-5433691
-5485307
-5507659
-5520131
-5531363
-5547499
-5552363
-5630267
-5704187
-5726387
-5770819
-5823019
-5837131
-5867747
-5884523
-5905891
-5922019
-5935427
-5942971
-5959403
-5967979
-5996603
-6063931
