-1991 8 0
-2279 20480 0
-2495 2 0
-3143 4 0
-3479 262148 0
-3519 161 0
-3743 64 0
-3815 6 0
-4551 3073 0
-4599 524293 0
-4616 100663296 0
-4815 3 1 107
-5135 1048594 0
-5207 2048 0
-5396 262208 0
-5456 67109384 0
-5511 9 0
-5599 8 0
-5655 275 0
-5663 4 0
-5719 4164 0
-5876 16 0
-5911 128 0
-5984 67108904 0
-6279 149 0
-6327 1089 0
-6404 0 0
-6464 83886080 0
-6783 101 0
-7095 4107 0
-7304 102760456 0
-7383 129 0
-7399 4 1 151
-7455 262151 0
-7496 100663296 0
-7640 201326594 0
-7847 32836 0
-7904 67108944 0
-7964 8 0
-8095 2 0
-8096 67109000 0
-8264 100663296 0
-8415 43 0
-8455 4194370 0
-8456 100663300 0
-8480 67125250 0
-8516 0 0
-8576 67239936 0
-8648 100671616 0
-8840 100663346 0
-9096 100663297 0
-9116 20480 0
-9296 69206020 0
-9327 1 0
-9380 131078 0
-9416 100663304 0
-9536 67108864 0
-9716 4 0
-9775 162 0
-9895 2 0
-9903 1 0
-9943 65536 0
-9944 201326600 0
-9980 2 0
-10004 67584 0
-10100 16777218 0
-10256 67108864 0
-10344 100663297 0
-10464 67108865 0
-10647 21 0
-10879 4232 0
-10976 67108868 0
-11060 1048582 0
-11072 67108864 0
-11096 201850944 0
-11247 129 0
-11480 201328646 0
-11891 8328 0
-12008 101711936 0
-12020 2 0
-12036 32801 0
-12276 521 0
-12360 100663299 0
-12548 0 0
-12564 1 1 349
-12567 294913 0
-12572 4 0
-12644 256 0
-12731 256 0
-12775 524294 0
-12872 100663296 0
-12895 2 0
-12896 67109392 0
-12932 81920 0
-13015 66 0
-13088 67108864 0
-13268 512 0
-13287 4097 0
-13296 67108865 0
-13400 201457666 0
-13464 201326633 0
-13495 2 0
-13520 67108882 0
-13584 67108865 0
-13647 1 0
-13760 67112962 0
-13916 262148 0
-14007 389 0
-14076 161 0
-14084 4 0
-14095 2 0
-14136 201327169 0
-14196 21 0
-14288 67117120 0
-14304 67108865 0
-14360 201326594 0
-14376 100663297 0
-14432 67110920 0
-14496 67108865 0
-14544 83886081 0
-14840 201342982 0
-14900 2 1 149
-14915 66 0
-14960 67108906 0
-14972 64 0
-14996 128 0
-15092 12 0
-15260 6 0
-15327 17 1 131
-15371 64 0
-15380 2 0
-15392 67109904 0
-15807 9 0
-15908 8390656 0
-15975 262147 0
-16160 83886082 0
-16224 67108881 0
-16292 0 0
-16340 4162 0
-16344 201326593 1 227
-16392 100663297 0
-16464 67108869 0
-16472 201588992 0
-16520 100696070 0
-16527 5 0
-16543 262144 0
-16584 100663297 0
-16647 513 0
-16712 100663296 0
-16728 201328673 0
-16772 4 0
-16820 258 0
-16836 65665 0
-17215 10 0
-17219 131072 0
-17240 201326594 0
-17376 67108865 0
-17480 100663490 0
-17520 67633155 0
-17616 67108865 0
-17651 64 0
-17732 536 0
-17764 0 0
-17784 201326673 0
-17792 67108864 0
-17844 1 0
-18072 201326593 1 251
-18104 201851392 0
-18128 67108872 0
-18176 67371008 0
-18179 16388 0
-18204 3073 0
-18216 100663433 0
-18368 67110916 0
-18396 524293 0
-18447 4121 0
-18512 71303184 0
-18687 1 0
-18744 201588745 0
-18788 65548 0
-18895 2 0
-18984 100663301 0
-19023 33 0
-19032 201392145 0
-19080 100679683 0
-19091 32 0
-19104 67108865 0
-19204 0 0
-19208 100663300 0
-19260 3 1 107
-19268 0 0
-19284 1 0
-19296 67239937 0
-19460 6 0
-19464 100663297 0
-19491 4718593 0
-19623 513 0
-19659 1 0
-19716 16897 0
-19864 201326608 0
-19876 0 0
-19880 100925446 0
-19903 16 0
-19940 2 0
-20167 135172 0
-20184 201326849 0
-20296 100700160 0
-20311 64 0
-20540 1048594 0
-20580 7 0
-20696 201326608 0
-20704 67108864 0
-20708 512 0
-20792 201326720 0
-20828 2048 0
-20888 201326596 0
-20916 2097157 0
-20976 67109057 0
-21012 33 0
-21015 3 1 467
-21032 100663304 0
-21076 8 0
-21080 201327138 0
-21360 71303171 0
-21367 128 0
-21456 67108865 1 149
-21480 100663299 0
-21496 201326592 0
-21536 67108864 0
-21632 67108880 0
-21703 8 0
-21744 67108865 1 151
-21768 100663297 0
-21796 0 0
-21812 2116 0
-21855 8707 0
-21876 1 0
-21984 67108865 0
-22044 9 0
-22052 1024 0
-22224 67108865 0
-22308 25 0
-22336 67108864 0
-22396 8 0
-22416 67108865 0
-22475 770 0
-22596 5 0
-22620 275 0
-22624 83886084 0
-22628 0 0
-22652 4 0
-22687 4 1 463
-22715 32782 0
-22820 6 0
-22824 100663297 1 317
-22876 4164 0
-22980 3 0
-22984 100663344 0
-23044 4 0
-23048 100798464 0
-23056 67108872 0
-23076 1 1 641
-23091 4097 0
-23195 2 0
-23280 75497475 0
-23304 100663297 0
-23376 67108865 0
-23527 4 0
-23568 67108865 0
-23604 5 0
-23644 128 0
-23664 67109153 0
-23736 201330817 0
-23863 4 1 487
-23880 100663299 0
-24184 201326592 0
-24248 201326596 0
-24323 16 0
-24564 4194433 0
-24580 2 0
-24696 201326597 0
-24699 1 0
-24740 2 0
-24771 129 0
-24912 67108865 1 173
-24980 2 0
-24992 67371016 0
-24995 2 0
-25011 5 1 397
-25024 67109024 0
-25040 67108866 0
-25060 6 0
-25104 67108865 0
-25116 149 0
-25172 772 0
-25211 32 0
-25232 69206080 0
-25308 1089 0
-25331 524288 0
-25696 67633160 0
-25744 67108864 0
-25779 17 0
-25780 2 0
-25824 67108865 0
-25887 1 0
-25912 202377216 0
-25924 0 0
-25968 67108865 0
-26052 17 0
-26080 67108866 0
-26164 512 0
-26184 100663297 0
-26376 100663301 0
-26388 1 1 733
-26411 12 0
-26468 16 0
-26531 4096 0
-26596 65536 0
-26720 67108866 0
-26740 6 0
-26824 100663300 0
-26840 201392138 0
-27132 101 0
-27152 67108864 0
-27248 67108880 0
-27272 100663300 0
-27376 67141888 0
-27384 201326597 0
-27480 201326595 0
-27492 1048833 0
-27608 201326884 0
-27683 8768 0
-27687 9 0
-27755 65558 0
-27780 3 0
-27940 10 0
-28004 0 0
-28008 100663297 1 389
-28084 32804 0
-28112 67108868 0
-28303 2097672 0
-28380 4107 0
-28400 67371010 0
-28552 102764544 0
-28608 67108865 0
-28735 6 0
-28756 1048596 0
-28816 67108864 0
-28868 4 0
-28884 2097409 0
-28899 81 0
-29016 201327121 0
-29056 67108864 0
-29192 104859648 0
-29219 65536 0
-29252 262144 0
-29267 1028 0
-29284 0 0
-29315 2074 0
-29408 67108864 0
-29435 262 0
-29448 100663297 1 409
-29460 3 0
-29476 0 0
-29532 129 0
-29536 67371024 0
-29596 4 1 151
-29620 2 0
-29652 5 0
-29680 67125254 0
-29815 4325378 0
-29820 262151 0
-29860 2 0
-29976 201326593 0
-30040 201326594 0
-30072 201326597 0
-30168 201326593 1 419
-30184 100663308 0
-30275 6 1 173
-30276 257 0
-30315 12291 0
-30368 67633168 0
-30420 19 0
-30504 100665857 0
-30515 34 0
-30544 69206144 0
-30692 0 0
-30771 17 1 263
-30804 33 0
-30820 131202 0
-30864 67108865 0
-30960 67112963 0
-30984 100663297 0
-31043 1024 0
-31096 201326736 0
-31236 65 0
-31240 100925450 0
-31264 67108864 0
-31388 32836 0
-31396 8192 0
-31512 218103825 0
-31539 1 0
-31640 201326598 0
-31720 100728850 0
-31899 517 0
-31924 128 0
-32047 524288 0
-32112 67108865 1 223
-32128 67108864 0
-32148 8257 0
-32164 4136 0
-32244 1 0
-32288 67108864 0
-32380 2 0
-32383 24592 0
-32452 65604 0
-32472 201328649 0
-32520 100663299 0
-32528 67108928 0
-32619 2097153 0
-32704 67633156 0
-32836 0 0
-32880 67108867 0
-32928 67108869 0
-33099 32809 0
-33348 5 0
-33435 3 1 743
-33504 67108865 0
-33579 2069 0
-33604 512 0
-33660 43 0
-33720 201326595 0
-33760 67108866 0
-33803 12 0
-33820 4194370 0
-33924 9 0
-33971 132 0
-33976 201327104 0
-34032 67108865 0
-34067 72 0
-34068 33 0
-34084 0 0
-34240 67108866 0
-34307 276 0
-34336 67110144 0
-34384 67108868 0
-34408 100663464 0
-34419 13 0
-34459 32 0
-34523 1048768 0
-34632 100664337 0
-34640 67108866 0
-34715 16386 0
-34779 1 0
-34788 17 0
-34900 2 1 349
-34932 264193 0
-35140 6 0
-35147 4 0
-35224 201327652 0
-35256 201326609 0
-35259 524421 0
-35315 6 0
-35448 201326597 0
-35464 100663832 0
-35472 67108865 0
-35651 12 0
-35795 2 0
-35808 67108865 0
-35892 1 1 997
-35955 8227 0
-35988 1 0
-36068 262144 0
-36103 1048576 0
-36128 67108864 0
-36219 1 0
-36264 100663297 0
-36312 205520929 0
-36320 67108866 0
-36360 117440515 0
-36372 5 0
-36548 0 0
-36696 201326601 0
-36868 16 0
-36904 100663300 0
-37011 524305 0
-37012 64 0
-37024 71303184 0
-37115 18 0
-37284 17 0
-37308 1 0
-37355 514 0
-37371 1 0
-37412 8192 0
-37416 100663297 0
-37443 5 0
-37444 1160 0
-37524 49153 0
-37744 67108868 0
-37763 8 0
-37812 129 0
-37835 8326 0
-37848 203423809 0
-37995 35 0
-38004 1 0
-38112 67108865 0
-38116 16 0
-38168 201326608 0
-38416 67108868 0
-38419 0 1 103
-38451 5 0
-38532 81 0
-38536 100663296 0
-38568 100663297 0
-38584 201342996 0
-38596 0 0
-38632 100663304 0
-38656 67108864 0
-38715 4194563 0
-38835 3 1 863
-38896 67108920 0
-39008 67125376 0
-39028 8 0
-39100 162 0
-39136 67108864 0
-39171 9 0
-39219 33 0
-39220 17410 0
-39280 67108866 0
-39387 65 0
-39432 100680193 0
-39512 201326600 0
-39515 6 0
-39540 3 0
-39544 201326592 0
-39580 2 0
-39612 1 0
-39624 100663313 0
-39772 65536 0
-39891 1 0
-39952 67108872 0
-40032 67108865 1 139
-40131 21 0
-40144 67108880 0
-40152 201326597 0
-40187 4 0
-40212 1 1 1117
-40312 201326592 0
-40323 1 0
-40440 201326595 0
-40488 100663301 0
-40516 4 0
-40523 4 1 827
-40560 67108883 0
-40576 67108864 0
-40667 8 0
-40788 9 1 103
-40896 67371009 0
-40996 1024 0
-41139 5 1 653
-41160 100663303 0
-41208 218103841 0
-41268 65 0
-41328 67110917 0
-41380 2 0
-41652 4194321 0
-41712 68157449 0
-41792 67108864 0
-42036 513 0
-42072 201326593 0
-42280 100663302 0
-42292 8388608 0
-42515 10 0
-42532 516 0
-42588 21 0
-42891 289 0
-43131 9 0
-43248 67125281 0
-43268 256 0
-43332 129 0
-43516 4232 0
-43608 202375297 0
-43624 100665412 0
-43732 272 0
-43744 67108864 0
-43779 1 0
-43851 8193 0
-43955 32770 0
-44048 67108864 0
-44052 1 0
-44152 201326592 0
-44176 67108872 0
-44256 67108865 0
-44260 2 0
-44356 16 0
-44387 36 0
-44512 67108880 0
-44532 1 1 1237
-44580 3 0
-44595 3 1 991
-44627 8 0
-44763 4097 0
-44808 100663297 0
-44932 8192 0
-44980 18 0
-44988 129 0
-44992 67109952 0
-45155 10 0
-45160 100663298 0
-45192 100663301 0
-45195 131 0
-45211 256 0
-45291 513 0
-45316 0 0
-45364 8 0
-45400 201326594 1 227
-45499 0 1 173
-45563 132 0
-45604 16 0
-45771 524361 0
-45803 0 1 163
-45851 16 0
-45880 201328130 0
-45988 0 0
-46043 2048 0
-46084 2048 0
-46096 67244032 0
-46227 65 0
-46248 100673537 0
-46275 3 1 617
-46372 0 0
-46475 26 0
-46515 7 0
-46608 67108865 0
-46648 201326628 0
-46880 67108866 0
-46912 67108864 0
-46968 201326657 0
-46984 100663300 0
-47003 8 0
-47019 5 0
-47056 67108896 0
-47091 9 0
-47112 100663313 0
-47195 2 0
-47259 4227073 0
-47320 201326614 0
-47368 100663808 0
-47395 2 0
-47499 262145 0
-47515 4146 0
-47560 100665602 0
-47568 67108865 0
-47747 68 0
-47892 17 0
-48040 100663298 0
-48120 201326595 0
-48196 0 0
-48323 136 0
-48352 67108864 0
-48363 8197 0
-48435 3 0
-48456 100663297 1 673
-48580 6 0
-48648 100663297 0
-48672 67108881 0
-48712 100663296 0
-48772 4194304 0
-48784 67108864 0
-48912 67108865 0
-48932 16 0
-49179 8388625 0
-49240 201326594 0
-49259 516 0
-49348 524304 0
-49360 67108866 0
-49380 3 0
-49392 67108869 0
-49540 2 0
-49552 67108928 0
-49611 129 0
-49672 100663300 0
-49720 201326602 0
-49792 67108864 0
-49848 201458177 0
-49992 100663297 0
-50003 512 0
-50080 67108866 0
-50115 19 0
-50136 201326593 0
-50251 512 0
-50259 9 0
-50268 294913 0
-50472 100663297 1 701
-50643 33 1 331
-50691 65537 0
-50728 100663328 0
-50808 201851137 0
-50824 100663296 0
-50912 67113984 0
-50932 36 0
-51076 0 1 113
-51100 524294 0
-51107 4 1 149
-51211 2097152 0
-51220 18 0
-51268 4 0
-51379 0 1 191
-51556 0 0
-51580 2 0
-51604 8388676 0
-51648 67108865 0
-51755 10 0
-51771 1 0
-51844 16 0
-51972 327681 0
-52060 66 0
-52308 1 1 1453
-52420 2 0
-52432 67109120 0
-52564 32 0
-52739 128 0
-52771 0 1 113
-52899 13 0
-52939 0 1 167
-52955 4194342 0
-53027 16 0
-53059 8388608 0
-53148 4097 0
-53464 201328640 0
-53476 256 0
-53508 21 0
-53560 201326610 0
-53571 5 0
-53584 67108896 0
-53619 65537 0
-53632 67108864 0
-53656 201326656 0
-53739 5 1 853
-53824 67109120 0
-53835 8389635 0
-53880 201326595 0
-53904 67108865 0
-53980 2 0
-53988 9 0
-54040 201326598 0
-54168 201393153 0
-54275 18 1 167
-54315 262179 0
-54436 512 0
-54496 67108880 0
-54587 112 0
-54588 1 0
-54840 201326595 0
-54880 67108870 0
-55011 9 0
-55012 32 0
-55204 1024 0
-55288 201326592 0
-55312 67108864 0
-55395 3 1 1231
-55560 100663299 0
-55608 201326597 0
-55792 67108872 0
-55803 4194377 0
-55924 2568 0
-56028 389 0
-56148 1 0
-56232 100925449 0
-56296 100663808 0
-56340 3 1 313
-56380 2 0
-56392 100679748 0
-56464 67108864 0
-56475 3 1 251
-56488 100663424 0
-56539 2052 0
-56560 83886086 0
-56595 15 0
-56608 67174656 0
-56627 32 0
-56772 2097217 0
-56787 129 0
-56868 5 0
-56928 67108865 0
-56971 128 0
-56987 4 1 1163
-56992 67108880 0
-57012 1 0
-57088 67108864 0
-57123 9 1 577
-57268 0 1 103
-57379 4 1 1171
-57460 50 0
-57492 1 1 1597
-57828 1114113 0
-58072 201392164 0
-58179 6153 0
-58235 66 0
-58272 67108865 0
-58452 1 0
-58491 8519681 0
-58576 67108868 0
-58707 9 1 593
-58768 67108864 0
-58804 65536 0
-58840 201326594 0
-58848 67108865 0
-58851 17 1 503
-58948 0 0
-58996 4100 0
-59027 131072 0
-59032 201334784 0
-59088 67108865 0
-59092 1048616 0
-59112 100663297 1 821
-59179 2097792 0
-59332 20 0
-59491 2048 0
-59560 100663298 0
-59680 67108866 0
-59848 100663296 0
-59956 16 0
-60120 201326595 1 167
-60315 3 0
-60323 0 1 179
-60340 6 0
-60363 65 1 353
-60400 67108866 1 151
-60424 102760468 0
-60432 67108865 0
-60496 67108928 0
-60792 201326625 0
-60888 201363457 0
-60915 515 0
-61092 1 1 1697
-61123 64 0
-61308 17 1 131
-61336 201328680 0
-61392 67108865 0
-61408 83886144 0
-61523 8236 0
-61683 257 0
-61707 131073 0
-61732 65672 0
-61780 2 0
-61915 65798 0
-61968 67108865 0
-62020 6 0
-62403 66057 0
-62536 100663296 0
-62628 33 0
-62755 14 0
-62811 5 1 997
-62868 529 0
-62931 9 0
-62952 100732929 0
-62979 5 0
-63112 100663428 0
-63228 9 0
-63252 5 1 251
-63400 100663298 1 317
-63448 201326604 0
-63460 66 0
-63520 67108866 0
-63619 0 1 113
-63672 201326597 0
-63699 33 0
-63712 67108872 0
-63732 8193 0
-63808 67108864 0
-63832 219152384 0
-63891 513 1 229
-63900 262147 0
-63915 3 0
-63940 130 0
-63987 13 0
-64036 4 0
-64275 3 1 857
-64323 5 1 1021
-64355 65538 0
-64452 2049 0
-64488 100663297 0
-64547 4 0
-64660 81922 0
-64708 4 0
-64731 1 0
-64792 205520916 0
-64883 660 0
-64920 201326595 0
-64939 4 0
-64968 100663297 0
-64992 67108865 0
-65195 32818 0
-65248 67108864 0
-65320 100925570 0
-65352 100663301 0
-65428 8 0
-65508 16385 0
-65572 8388624 0
-65620 34 0
-65715 19 0
-65795 2 0
-66040 201326610 0
-66099 9 0
-66108 5 0
-66148 128 0
-66168 201326593 1 919
-66172 262144 0
-66232 201326624 0
-66256 83888128 0
-66411 8193 1 157
-66588 513 0
-66672 67108865 1 463
-66715 10 0
-66819 1 0
-66843 5 1 1061
-66928 71311360 0
-67011 5 0
-67092 1 0
-67204 16384 0
-67252 4256 0
-67360 67108866 0
-67368 100663301 0
-67408 67108872 0
-67512 209715457 0
-67795 22 0
-67828 512 0
-67907 4194308 0
-68011 128 0
-68115 67 0
-68152 201326596 0
-68235 3 0
-68299 12 0
-68328 101187601 0
-68363 0 1 137
-68388 2049 0
-68395 2 0
-68440 201359618 0
-68452 0 1 109
-68464 67108872 0
-68547 524289 0
-68548 0 0
-68731 48 0
-68740 6 0
-68772 9 0
-68860 10 0
-68952 201326641 0
-68971 32772 0
-69195 7 0
-69220 2 0
-69267 9 0
-69316 4624 0
-69328 67108868 0
-69475 6 1 397
-69587 4 0
-69672 100663297 0
-69771 17 0
-69972 37 0
-70083 17 1 599
-70128 67108865 1 487
-70347 1 1 131
-70368 67108865 0
-70403 128 0
-70411 1032 0
-70468 1048576 0
-70648 201326592 0
-70728 100663301 0
-70907 8392736 0
-71003 16778304 0
-71235 3 1 1583
-71488 67108864 0
-71571 1 0
-71668 2240 0
-71688 100663553 0
-71691 129 0
-71715 7 0
-71752 100663296 0
-71812 16 0
-71848 100663300 0
-71968 67108880 0
-71988 5 0
-72040 100663298 0
-72051 532485 0
-72147 1 0
-72228 17 0
-72243 129 1 349
-72315 3 1 1607
-72555 7 0
-72648 100663297 1 1009
-72688 67141644 0
-72723 5 0
-72868 0 0
-72891 4194325 0
-73120 67108866 0
-73168 67108896 0
-73171 4 0
-73188 65 1 107
-73275 3 1 977
-73312 68157696 0
-73488 67108865 0
-73515 275 0
-73587 65 0
-73635 3 0
-73732 0 0
-73788 4121 0
-74008 201326856 0
-74059 512 0
-74292 2049 0
-74307 8737 0
-74308 16 0
-74404 4194376 0
-74488 201326592 0
-74603 65536 0
-74627 4 1 1523
-74659 16 0
-74667 1 0
-74712 201326601 0
-74748 1 0
-74788 4 0
-74932 24 0
-75003 129 0
-75016 100663296 0
-75160 201326594 0
-75243 5 0
-75259 96 0
-75408 67108865 0
-75443 1024 0
-75460 14 0
-75580 2 0
-75603 1048841 0
-75640 201392642 0
-75712 67108884 0
-75795 515 0
-75915 7 1 241
-75955 10 0
-75963 1 0
-76043 520 0
-76092 33 0
-76132 4 0
-76299 257 0
-76360 102760578 0
-76420 2 0
-76512 67108865 0
-76531 276 0
-76555 65538 0
-76659 16777353 0
-76840 100663330 0
-76899 1 0
-77188 128 0
-77268 8193 0
-77403 1 0
-77499 1048577 1 109
-77560 201326598 0
-77608 104857600 0
-77764 0 0
-77940 3 1 433
-78088 100667392 0
-78171 262145 0
-78492 513 0
-78507 65561 0
-78532 256 0
-79108 0 0
-79168 67108864 0
-79171 2048 0
-79323 1 1 137
-79332 9 0
-79339 48 0
-79368 100663297 0
-79396 128 0
-79419 129 0
-79608 201327105 0
-79612 16 0
-79672 201326720 0
-79755 19 0
-79827 34825 0
-80052 5 0
-80091 9 1 809
-80155 2210 0
-80260 2 0
-80275 82 0
-80308 32 0
-80427 2097249 0
-80548 16 0
-80608 67108872 0
-80668 135172 0
-80740 10 0
-80872 100663304 0
-80932 0 0
-80971 40 0
-81123 5 0
-81244 64 0
-81288 100663297 1 1129
-81291 1048581 0
-81435 4259843 0
-81587 8 0
-81627 149 0
-81720 201326595 1 227
-81768 100663297 0
-81880 205521026 0
-81888 67108865 0
-81952 67108880 0
-81988 0 1 103
-82035 3 1 1823
-82192 67108872 0
-82548 1 1 2293
-82563 524561 0
-82660 2 0
-82756 32 0
-82792 101711872 0
-82947 4097 0
-83115 3 1 1847
-83163 65 0
-83488 67108864 0
-83523 9 0
-83560 100663298 0
-83608 201326596 0
-83667 1 1 167
-83680 67108866 0
-83812 128 0
-83832 201326597 0
-83848 100671488 0
-84027 1025 0
-84060 3 1 467
-84100 258 0
-84208 67108928 0
-84580 2 0
-84648 100663297 0
-84747 18449 0
-84820 2 0
-84832 67108872 0
-84843 9 1 857
-85155 7 0
-85163 16 0
-85187 32 0
-85192 100663424 0
-85288 100663300 0
-85468 128 0
-85611 1 0
-85635 11 1 173
-86043 4481 0
-86163 13 0
-86235 3 0
-86752 67108864 0
-86779 140 0
-86812 8 0
-86835 7 0
-86920 100681730 0
-86968 201326596 0
-87019 0 1 173
-87112 100663296 0
-87172 1600 0
-87243 17 0
-87267 65 0
-87268 0 0
-87420 8707 0
-87563 4 1 1787
-87640 201326598 0
-87768 201343105 0
-87808 67108868 0
-87883 128 0
-87892 528388 0
-88168 100663296 1 103
-88315 34 0
-88443 513 1 317
-88468 32 0
-88635 67 0
-88683 2053 0
-88827 257 0
-88963 262148 0
-89032 100663808 0
-89115 19 0
-89427 17 0
-89475 3 1 1193
-89499 1 0
-89523 261 0
-89608 100663424 0
-89632 67108864 0
-89728 67108864 0
-89851 64 0
-89971 4 0
-90052 8192 0
-90123 9 0
-90192 67108865 0
-90472 100667392 0
-90532 16 0
-90552 201326605 0
-90595 2 0
-90748 4 1 463
-90859 4096 0
-91003 8 0
-91107 16385 1 191
-91155 32771 0
-91195 65682 0
-91227 8193 0
-91363 0 1 211
-91635 2051 0
-91707 13 0
-91851 33 0
-92008 100680196 0
-92115 4194435 0
-92740 2 0
-92835 3 1 2063
-92851 136 0
-92971 0 1 239
-92992 67108864 0
-93160 100663330 0
-93267 4097 1 241
-93328 67108928 0
-93699 257 1 359
-93732 524289 0
-93808 67110936 0
-93892 0 0
-94032 67108865 1 653
-94108 4 0
-94132 16777216 0
-94171 12 0
-94187 8388608 0
-94192 67109124 0
-94308 257 0
-94372 0 0
-94432 67108880 0
-94435 16777258 0
-94467 1 0
-95011 4 1 277
-95019 65 0
-95395 2 0
-95452 4 1 487
-95608 201327712 0
-95632 67112960 0
-96107 8 0
-96208 67108868 0
-96280 203424002 0
-96292 68 0
-96315 3 0
-96468 1 0
-96627 513 0
-96691 68 0
-96715 386 0
-96747 37 0
-96868 65536 0
-97043 16384 0
-97108 8 0
-97288 100663296 0
-97395 4099 0
-97515 11 1 197
-97648 67108896 0
-97728 67108865 0
-97755 71 0
-98272 69207040 0
-98371 8340 0
-98539 4 1 2011
-99088 67108872 0
-99108 1 1 2753
-99147 1 0
-99267 261 0
-99379 4 0
-99460 2 0
-99595 2 0
-99640 201351170 0
-99988 4 0
-100048 67109904 0
-100072 100663300 0
-100228 0 0
-100323 262145 1 157
-100347 2097681 0
-100419 41 0
-101043 1 2 103 109
-101355 259 0
-101392 67108864 0
-101595 19 0
-101907 131089 0
-101992 100728904 0
-101995 2 0
-102067 4 1 2083
-102208 67108864 0
-102363 1 1 149
-103048 100663304 0
-103107 1 0
-103219 0 1 233
-103240 104857858 0
-103243 4100 0
-103252 2097152 0
-103272 100663313 0
-103435 2 1 137
-103443 2305 0
-103548 1 0
-103587 528393 0
-103588 8512 0
-103672 201326592 0
-103768 201326628 0
-103779 17 1 887
-104272 67108932 0
-104608 67108868 0
-104692 4 0
-104763 8193 0
-104899 64 0
-104932 1024 0
-105088 67108864 0
-105099 16385 0
-105259 12 0
-105480 100663299 1 293
-105760 67108866 0
-105987 5 1 103
-106467 129 0
-106528 67108864 0
-106660 2 0
-106768 67108864 0
-106771 4 1 2179
-106827 5 0
-106995 7 0
-107635 74 0
-108040 101188610 0
-108168 100663297 0
-108292 0 0
-108388 1048580 0
-108472 201326612 0
-108507 5 0
-108532 4096 0
-108619 32772 0
-108628 16 0
-108843 786437 0
-108867 9 0
-109099 1048576 0
-109411 393344 0
-109635 3 0
-109707 8388881 0
-109923 9 0
-110299 4 1 2251
-110307 2097153 0
-110308 136 0
-110320 67108870 0
-110748 9 0
-110968 209715224 0
-110971 2097156 0
-111028 2048 0
-111307 4 0
-111387 1 1 107
-111412 132 0
-111451 32768 0
-111475 22 0
-111568 67108928 0
-111819 1 0
-111987 129 1 541
-112147 1028 0
-112240 67174530 0
-112660 4098 0
-112683 1 0
-113067 33 1 739
-113163 131073 0
-113212 2097672 0
-113332 256 0
-113380 2 0
-113547 5 0
-113971 24 0
-114003 16385 1 239
-114027 1 1 191
-114552 201331713 0
-114595 6162 0
-114619 65536 0
-114640 67108866 0
-114795 3 1 2551
-114931 192 0
-114940 6 0
-115012 0 0
-115035 3 0
-115083 65 1 673
-115107 66593 0
-115168 67207168 0
-115467 9 0
-115563 5 0
-115843 131156 0
-116020 2 0
-116475 3 1 1553
-116995 2 0
-117243 5 1 1861
-117412 0 1 149
-117555 35 0
-117715 18 0
-117832 100663320 0
-118035 69635 0
-118347 1 1 103
-118360 201326602 0
-118528 67108864 0
-118552 201851140 0
-118555 2 1 131
-119008 67108864 0
-119035 70 0
-119260 4325378 0
-119428 524288 0
-119652 32785 0
-120235 2 1 139
-120363 16385 0
-120603 5 0
-120915 3 1 2687
-121347 8388609 1 139
-121699 0 1 131
-121723 4 0
-121828 68 0
-122155 10 0
-122179 32 0
-122187 17 1 241
-122235 259 0
-122427 65537 1 223
-122763 1 1 151
-123160 201326594 0
-123211 136 0
-124048 67108864 0
-124072 100663312 0
-124107 2049 0
-124552 100663296 0
-124555 258 0
-124627 32 0
-124672 67108864 0
-124915 2101254 0
-125728 67108864 0
-125920 67108866 0
-126003 8388609 0
-126571 8192 0
-126643 264 0
-127012 0 1 113
-127107 257 1 487
-127252 256 0
-127275 3 1 1697
-127323 12293 0
-127443 129 0
-127827 5 1 2029
-127939 4 1 373
-127987 0 1 131
-128188 524288 0
-128251 0 1 277
-128272 67108864 0
-128307 65 0
-128419 16384 0
-128440 201326674 0
-128667 13 0
-128968 100671492 0
-129331 0 1 283
-129387 36897 0
-129532 24592 0
-129603 1 0
-129691 16384 0
-129747 65537 0
-130227 2097153 0
-130468 16 1 193
-130683 5 1 127
-130795 16778246 0
-131083 8192 0
-131275 4227074 0
-131307 137 0
-131523 5 0
-131539 0 1 199
-131728 67108864 0
-132843 1 0
-133219 16777216 0
-133323 65 0
-133648 67108864 0
-133795 2 0
-133912 201326656 0
-134203 4096 0
-134355 16403 0
-134643 1025 0
-134787 1 1 179
-134827 44 0
-135003 9 0
-135688 100663300 0
-135723 133 0
-135907 192 0
-136228 0 0
-136347 8193 0
-136515 67 0
-136635 3 0
-136723 8192 0
-137299 4608 0
-137683 4194356 0
-137907 13 1 199
-138643 64 0
-138747 5 0
-139192 201326592 1 127
-139588 0 0
-139603 0 1 137
-139771 32896 0
-140043 1 0
-140512 67108864 0
-140835 2051 0
-141208 201326656 0
-141787 262144 0
-142195 2 0
-142507 512 0
-142795 2 0
-142891 4 1 137
-142915 16777218 0
-143179 131072 0
-143187 9 0
-143347 256 0
-143812 0 1 157
-144067 12 0
-144403 4 1 421
-144412 1048576 0
-144547 16 0
-144835 2097154 0
-144907 4 1 127
-145432 201342980 0
-145707 33 0
-146307 5 0
-146392 201326848 0
-146395 131266 0
-146587 4100 0
-146752 67108864 0
-146848 67108880 0
-147147 29 0
-147643 0 1 191
-147931 4 1 3019
-148027 8 0
-148072 102760448 0
-148107 1 0
-148192 67108872 0
-148947 1 1 131
-148987 0 1 383
-149275 6 1 853
-149307 1 1 157
-149368 201326592 0
-149440 67108866 0
-149872 67109216 0
-149955 19 0
-150019 2048 0
-150283 4 1 3067
-150483 1 1 103
-150643 0 1 199
-150715 4098 0
-150955 70 0
-151288 201326592 0
-151803 16777217 1 167
-152467 132 0
-152595 3 1 3391
-152728 201326624 0
-153267 8193 0
-153955 2050 0
-154312 100663296 0
-154435 131074 0
-154843 4112 0
-155187 4097 1 401
-155395 2 0
-155488 67112960 0
-155923 2048 0
-155992 201328160 0
-156027 1 0
-156163 4 1 3187
-156808 100663328 0
-156832 67109136 0
-157267 296 0
-157467 1 0
-158323 1032 0
-158992 67108928 0
-159027 1114121 0
-159643 136 0
-160867 131076 0
-161371 4 0
-161395 18 1 191
-162292 16 0
-162355 66 0
-162475 8519682 0
-162507 65 0
-162723 9 0
-163603 8 1 107
-163683 17 1 1399
-163923 16777217 0
-164035 16386 0
-164227 260 0
-165027 1 0
-165427 1056 0
-165715 138 0
-166243 44 0
-166315 1794 0
-166408 100729352 0
-166827 1 0
-166923 33 1 1091
-167323 65552 0
-167787 1 2 103 181
-167995 2 0
-168123 1 0
-168147 37 1 157
-168163 0 1 337
-169507 32816 0
-169579 17301632 0
-170563 8256 0
-170643 9 0
-170755 263186 0
-170779 516 0
-171028 152 0
-171592 104857600 0
-171595 2 0
-171787 8388748 0
-171843 5 1 167
-172132 128 0
-172267 512 0
-173467 4 0
-173728 71368704 0
-173968 69206016 0
-174475 6 1 997
-174883 0 1 179
-175827 12545 0
-176395 2 0
-176587 559104 0
-177475 514 1 229
-177508 0 1 199
-177808 67108864 0
-178852 65536 0
-179067 5 0
-179547 8388609 0
-179608 201326616 0
-180448 67108864 0
-180523 3108 0
-180867 1 0
-180987 69761 0
-181108 64 0
-181723 128 0
-181963 65600 0
-182043 1 2 113 179
-182995 2 0
-184083 4097 0
-184515 3 0
-185427 9 1 1873
-185563 4 1 541
-185907 513 0
-187588 128 0
-187891 840 0
-187972 0 0
-188043 65 0
-188227 16 0
-188307 65541 0
-188587 260 0
-188728 201327104 0
-190435 6 0
-190947 1 0
-191332 512 0
-191443 4 1 3907
-192907 262232 0
-193123 8196 0
-193195 2 0
-193923 257 1 743
-194755 10 0
-195283 2056 0
-196627 2097280 0
-197107 16384 0
-197827 32772 0
-198667 16777220 0
-198787 0 1 137
-198867 1 1 151
-198928 67108864 0
-199203 129 0
-200523 1 0
-202027 580 0
-202195 16390 0
-203547 65 0
-203683 0 1 149
-204835 262146 0
-204955 2 1 179
-206227 36 0
-206403 1 1 107
-206563 132 0
-206683 256 0
-207363 17 1 409
-207667 128 0
-207747 2049 1 563
-208123 524288 0
-209035 8388610 0
-209443 16 0
-209467 768 0
-209539 4104 0
-209883 4097 0
-210067 24 1 113
-210387 65 0
-210715 132130 0
-211267 4 0
-211603 5188 0
-211915 10 0
-211963 0 1 127
-212443 4194828 0
-212752 67108864 0
-213595 2 0
-213843 37 0
-214195 2 0
-215275 1048578 1 109
-216043 1024 0
-216067 0 1 433
-217123 256 0
-217147 131076 0
-217947 1 0
-218155 134 0
-218827 4100 0
-219307 8 0
-220803 9 0
-220963 1048576 0
-221908 256 0
-222307 0 1 131
-222475 10 1 809
-222523 2097156 0
-223315 32770 0
-224547 4194561 0
-225547 4 1 4603
-228067 516 0
-229987 8388608 0
-230923 12 0
-232147 0 1 269
-232507 136 0
-232843 16 0
-233443 4 0
-233643 65 0
-233787 1 0
-234427 0 1 359
-235579 1024 0
-235603 32 0
-236307 1 1 227
-238243 9216 0
-238459 2097200 0
-238987 4 0
-239163 257 0
-239635 10 0
-242443 2097280 0
-242515 2070 0
-243523 68 0
-243763 48 0
-244267 256 0
-245443 16392 0
-245848 202375168 0
-247723 4100 0
-247843 65568 0
-247923 17 1 163
-248035 2 1 113
-248347 8 1 107
-249208 201326592 0
-250243 4 1 5107
-250723 136 0
-253363 520 0
-253723 0 1 349
-254467 32832 0
-255787 4 0
-256867 16 0
-256963 4 0
-257587 8 0
-258547 8192 0
-260107 4224 0
-260275 258 1 359
-260803 8704 0
-261307 96 0
-262243 0 1 191
-262315 130 0
-262795 18 1 311
-264187 532492 0
-265147 2304 0
-267883 262156 0
-268195 2 0
-270603 1 2 107 281
-274387 4194304 0
-277027 0 1 139
-277243 16384 0
-277267 64 0
-278107 262144 0
-279307 4 0
-279715 4098 0
-281107 8192 0
-282027 1 0
-282283 2097216 0
-283123 512 0
-284827 2048 0
-285163 0 1 191
-286507 16 0
-288355 16777218 0
-289027 0 1 389
-290227 4 1 5923
-298083 131073 0
-300547 65552 0
-304627 64 0
-309043 16420 0
-311707 4104 0
-316747 524288 0
-319267 2064 0
-320587 8256 0
-324163 4 0
-325147 64 1 109
-327595 2 0
-328003 144 0
-328843 0 1 149
-329827 65536 0
-330163 64 0
-332707 32 0
-333067 4 0
-338515 1048578 0
-341707 256 0
-344563 262272 0
-345027 8193 0
-346747 0 1 137
-348667 264 0
-349867 4 1 151
-350707 4 0
-354523 16 0
-355243 68 0
-360427 0 1 139
-369427 544 0
-371683 16 0
-371827 262144 0
-391363 4 1 163
-398707 0 1 577
-421507 512 0
-433987 128 0
-439987 262144 0
-443683 32 0
-451627 8 0
-467443 9502720 0
-468787 72 0
-494323 64 0
