-144479
-190391
-221999
-263567
-304127
-316847
-318023
-357239
-392087
-411119
-482351
-488687
-511279
-517999
-519287
-711679
-738919
-743551
-764327
-809839
-879679
-888799
-897647
-925063
-1027471
-1028023
-1058479
-1147231
-1165447
-1174423
-1177543
-1195091
-1203463
-1217219
-1225691
-1264231
-1273231
-1313171
-1326271
-1345423
-1351663
-1371179
-1377491
-1397839
-1443131
-1462327
-1503731
-1511599
-1553479
-1588091
-1635559
-1656367
-1678423
-1701299
-1717567
-1748959
-1814651
-1817891
-1881463
-1913407
-1917847
-1917967
-1998727
-2010583
-2037611
-2092019
-2092759
-2105767
-2182139
-2209327
-2217583
-2263423
-2274007
-2307127
-2336623
-2356663
-2369383
-2389259
-2400971
-2509687
-2518643
-2520127
-2534527
-2550727
-2559251
-2613011
-2621027
-2638187
-2658611
-2731819
-2750171
-2756099
-2764687
-2766943
-2781007
-2801459
-2812499
-2881183
-2900603
-2913727
-2917567
-2930167
-2932183
-2986183
-3021463
-3053051
-3068503
-3176171
-3195683
-3222487
-3226907
-3267347
-3279131
-3289043
-3293503
-3338939
-3351343
-3370567
-3397783
-3404503
-3418739
-3430499
-3433211
-3434047
-3473383
-3541259
-3638059
-3690703
-3696851
-3711299
-3714419
-3724579
-3753707
-3755459
-3868283
-3919183
-3926963
-3946939
-3991667
-4001867
-4020923
-4023947
-4140827
-4167827
-4175411
-4190059
-4216819
-4222619
-4287847
-4295723
-4319963
-4324259
-4350683
-4365419
-4375739
-4385627
-4407827
-4412867
-4455107
-4491827
-4550779
-4552139
-4576067
-4580627
-4585183
-4591667
-4604387
-4610267
-4621307
-4654043
-4691383
-4749139
-4802527
-4828171
-4957087
-4963411
-4969291
-4982603
-5004323
-5027299
-5050051
-5071883
-5082691
-5170427
-5182819
-5211083
-5219363
-5310379
-5323547
-5335531
-5351419
-5397979
-5494787
-5497643
-5505811
-5516603
-5545531
-5562091
-5648683
-5666263
-5670451
-5672123
-5689091
-5714483
-5727803
-5768123
-5780147
-5790563
-5810731
-5853443
-5854339
-5892619
-5926171
-5959411
-5979979
-5987627
-6011539
