-137639
-206399
-211151
-257639
-270239
-289967
-307103
-335591
-353687
-379439
-389479
-467783
-489263
-508727
-581311
-623719
-667351
-679823
-716543
-722431
-731359
-772903
-802331
-876647
-896983
-898727
-907967
-909743
-919019
-953191
-974927
-977183
-1012519
-1045183
-1050079
-1073651
-1081687
-1108759
-1141423
-1147571
-1152799
-1162583
-1169647
-1174399
-1184767
-1187311
-1211531
-1225663
-1249739
-1286239
-1307767
-1313447
-1326659
-1338751
-1368127
-1386703
-1399499
-1426231
-1469527
-1472791
-1480783
-1498811
-1524179
-1544071
-1554151
-1554583
-1592099
-1605419
-1656899
-1685119
-1707779
-1739579
-1747327
-1764899
-1805887
-1834447
-1844503
-1872319
-1872971
-1975691
-1977779
-1978927
-1994479
-2004943
-2012287
-2020019
-2042123
-2045191
-2045651
-2061971
-2085731
-2085943
-2176571
-2200139
-2225579
-2229083
-2232463
-2233787
-2251427
-2265223
-2288723
-2296687
-2300167
-2319731
-2337367
-2363623
-2374903
-2383163
-2429527
-2447743
-2465263
-2480339
-2515859
-2550703
-2566259
-2570387
-2585267
-2611207
-2616007
-2686063
-2698571
-2712943
-2715847
-2721371
-2759027
-2762407
-2787419
-2788523
-2838443
-2841967
-2857567
-2862731
-2890379
-2940011
-2977619
-2990987
-2991707
-3076691
-3083779
-3085067
-3094303
-3094331
-3121423
-3124579
-3142907
-3181163
-3190787
-3220307
-3226543
-3240967
-3248503
-3280687
-3296723
-3302527
-3302891
-3309107
-3309247
-3309563
-3337403
-3354059
-3358063
-3369827
-3370883
-3378131
-3383531
-3412567
-3428851
-3473419
-3480131
-3491627
-3500747
-3525563
-3538547
-3548299
-3550643
-3550667
-3554051
-3554527
-3556499
-3568883
-3578863
-3581723
-3585611
-3614339
-3618851
-3620843
-3622427
-3657131
-3661739
-3679163
-3710891
-3724307
-3756491
-3758387
-3818887
-3829531
-3888823
-3893027
-3908339
-3936731
-3938771
-3943651
-3963683
-4003427
-4003667
-4005367
-4072931
-4081543
-4097987
-4100963
-4143499
-4143803
-4143827
-4163387
-4168327
-4175243
-4180499
-4193743
-4211899
-4234787
-4239251
-4247539
-4308331
-4312643
-4328123
-4328339
-4356419
-4367507
-4374323
-4392203
-4393523
-4452803
-4461203
-4470419
-4481579
-4487939
-4504259
-4562627
-4590347
-4597427
-4601123
-4601131
-4613767
-4626203
-4628363
-4714427
-4845811
-4850011
-4860083
-4879547
-4882699
-4883611
-4891043
-4916027
-4945307
-4946723
-4963523
-4972651
-4973387
-5081939
-5090963
-5109107
-5155219
-5174419
-5186483
-5228147
-5288963
-5300387
-5339987
-5354179
-5420627
-5472587
-5477363
-5485819
-5503339
-5588123
-5626043
-5643091
-5668163
-5748571
-5779691
-5795267
-5813147
-5842819
-5864867
-5869099
-5872067
-5905187
-5927027
-5943107
-5971411
-5988571
-5994091
