-126671 0 2 197 643
-174359 0 2 113 1543
-185351 32 1 10903
-196679 4 1 28097
-197399 0 2 109 1811
-209999 0 2 373 563
-220991 0 2 383 577
-231671 8 1 21061
-235271 0 2 149 1579
-235583 4194304 1 2647
-251135 2 1 50227
-254711 32 1 14983
-267239 4 1 38177
-288935 2 1 57787
-315335 2 1 63067
-318551 0 2 461 691
-326504 67108864 1 40813
-331847 256 1 11443
-341327 4 1 48761
-351647 128 1 15289
-353207 0 2 107 3301
-396839 2048 1 9679
-422903 16 1 32531
-430727 8 1 39157
-442111 64 1 23269
-504407 32 1 29671
-517727 4 1 73961
-522263 4 1 74609
-526607 262144 1 7417
-527791 8 1 47981
-529223 0 2 167 3169
-531751 8 1 48341
-533144 33554432 1 66643
-537631 256 1 18539
-543896 33554432 1 67987
-547703 16 1 42131
-560519 64 1 29501
-575423 0 2 257 2239
-589279 512 1 19009
-604351 8 1 54941
-638119 8192 1 13577
-661463 8 1 60133
-666319 8192 1 14177
-692564 0 1 173141
-703135 2 1 140627
-725927 512 1 23417
-738631 1024 1 19963
-744439 64 1 39181
-763615 2 1 152723
-770543 0 2 103 7481
-787007 16 1 60539
-794431 8 1 72221
-797927 16 1 61379
-798535 2 1 159707
-799519 4 1 114217
-810919 0 2 103 7873
-819103 0 2 349 2347
-819919 512 1 26449
-827479 0 2 349 2371
-854215 2 1 170843
-859727 8 1 78157
-864247 524288 1 11839
-868831 2048 1 21191
-874463 32 1 51439
-876056 33554432 1 109507
-884696 33554432 1 110587
-886196 0 1 221549
-895663 65536 1 14683
-911935 2 1 182387
-927767 0 2 211 4397
-929191 32768 1 15749
-937691 1024 1 25343
-941144 33554432 1 117643
-950804 0 1 237701
-968579 0 2 241 4019
-981511 0 2 107 9173
-987367 128 1 42929
-988136 67108864 1 123517
-992063 0 2 131 7573
-994351 0 2 107 9293
-994639 262144 1 14009
-996343 262144 1 14033
-999503 0 2 191 5233
-1019624 67108864 1 127453
-1020899 8 1 92809
-1026644 0 1 256661
-1032404 0 1 258101
-1034435 2 1 206887
-1038991 0 2 401 2591
-1041487 0 2 613 1699
-1047899 32768 1 17761
-1079479 0 2 887 1217
-1108931 256 1 38239
-1114783 524288 1 15271
-1127119 4 1 161017
-1129639 4 1 161377
-1138964 0 1 284741
-1146131 4 1 163733
-1146751 0 2 971 1181
-1158299 0 2 257 4507
-1160939 16 1 89303
-1162388 0 1 290597
-1169819 4 1 167117
-1173415 2 1 234683
-1177172 0 1 294293
-1189784 33554432 1 148723
-1196887 0 2 431 2777
-1198804 0 1 299701
-1203476 0 1 300869
-1208767 4 1 172681
-1212824 33554432 1 151603
-1216664 33554432 1 152083
-1227035 2 1 245407
-1229588 0 1 307397
-1253983 128 1 54521
-1254851 16 1 96527
-1261016 33554432 1 157627
-1264279 64 1 66541
-1276859 512 1 41189
-1280687 0 2 739 1733
-1280699 4 1 182957
-1285015 2 1 257003
-1286579 4 1 183797
-1293799 16 1 99523
-1300184 33554432 1 162523
-1300951 0 2 283 4597
-1316687 256 1 45403
-1322036 0 1 330509
-1345639 0 2 601 2239
-1346099 0 2 1019 1321
-1348471 256 1 46499
-1355023 64 1 71317
-1357327 0 2 449 3023
-1360663 32 1 80039
-1361219 0 2 683 1993
-1364312 33554432 1 170539
-1382063 4096 1 32141
-1402327 16384 1 26459
-1412459 0 2 389 3631
-1412743 2097152 1 17021
-1413416 67108864 1 176677
-1430315 2 1 286063
-1433704 67108864 1 179213
-1470179 2097152 1 17713
-1476103 16384 1 27851
-1485812 0 1 371453
-1494439 65536 1 24499
-1523315 2 1 304663
-1525543 0 2 223 6841
-1525739 0 2 103 14813
-1537748 0 1 384437
-1562939 4 1 223277
-1564715 2 1 312943
-1566943 4 1 223849
-1572392 67108864 1 196549
-1589791 4 1 227113
-1590031 2097152 1 19157
-1603988 0 1 400997
-1605908 0 1 401477
-1607023 8 1 146093
-1621864 67108864 1 202733
-1626584 33554432 1 203323
-1641368 33554432 1 205171
-1642663 8 1 149333
-1644683 0 2 619 2657
-1653271 1024 1 44683
-1660504 33554432 1 207563
-1665535 2 1 333107
-1666472 67108864 1 208309
-1667407 4 1 238201
-1690292 0 1 422573
-1712372 0 1 428093
-1714015 2 1 342803
-1723351 4 1 246193
-1731371 128 1 75277
-1731583 4 1 247369
-1736552 67108864 1 217069
-1741748 0 1 435437
-1748983 0 2 1087 1609
-1755476 0 1 438869
-1756904 67108864 1 219613
-1757167 1024 1 47491
-1762951 32 1 103703
-1763411 16 1 135647
-1771571 8192 1 37693
-1778708 0 1 444677
-1779032 33554432 1 222379
-1790996 0 1 447749
-1801615 2 1 360323
-1815779 4 1 259397
-1831619 64 1 96401
-1833368 33554432 1 229171
-1833908 0 1 458477
-1850708 0 1 462677
-1854371 0 2 569 3259
-1855663 128 1 80681
-1862743 16777216 1 18443
-1864207 256 1 64283
-1869908 0 1 467477
-1872823 0 2 263 7121
-1875031 0 2 397 4723
-1879448 33554432 1 234931
-1902676 0 1 475669
-1926779 128 1 83773
-1928372 0 1 482093
-1928771 16 1 148367
-1929128 67108864 1 241141
-1933999 1048576 1 24481
-1935727 0 2 509 3803
-1940815 2 1 388163
-1945423 1024 1 52579
-1951211 4096 1 45377
-1958612 0 1 489653
-1962152 67108864 1 245269
-1962323 8 1 178393
-1964051 32768 1 33289
-1980515 2 1 396103
-1987112 67108864 1 248389
-1987163 0 2 733 2711
-1988215 2 1 397643
-2015891 0 2 757 2663
-2032424 67108864 1 254053
-2037556 0 1 509389
-2041091 16 1 157007
-2046872 33554432 1 255859
-2049827 16 1 157679
-2051935 2 1 410387
-2055967 0 2 269 7643
-2067131 8 1 187921
-2072747 8192 1 44101
-2073415 2 1 414683
-2074615 2 1 414923
-2089735 2 1 417947
-2090887 0 2 107 19541
-2092231 0 2 353 5927
-2101783 2048 1 51263
-2103572 0 1 525893
-2107211 0 2 199 10589
-2117407 0 2 331 6397
-2125067 4 1 303581
-2130323 16 1 163871
-2140063 65536 1 35083
-2148788 0 1 537197
-2149523 0 2 107 20089
-2153315 2 1 430663
-2156776 67108864 1 269597
-2168843 32 1 127579
-2175512 33554432 1 271939
-2178004 0 1 544501
-2183239 4096 1 50773
-2187007 524288 1 29959
-2187659 0 2 457 4787
-2199415 2 1 439883
-2214035 2 1 442807
-2219747 256 1 76543
-2221172 0 1 555293
-2223539 0 2 197 11287
-2236543 128 1 97241
-2261383 128 1 98321
-2261416 67108864 1 282677
-2271611 0 2 811 2801
-2275736 33554432 1 284467
-2278663 32 1 134039
-2278667 4194304 1 25603
-2278931 2097152 1 27457
-2279192 33554432 1 284899
-2280491 0 2 107 21313
-2286851 4 1 326693
-2287331 0 2 241 9491
-2292443 0 2 1409 1627
-2296379 0 2 1319 1741
-2300647 0 2 463 4969
-2303743 16 1 177211
-2305715 2 1 461143
-2310103 0 2 181 12763
-2324767 32 1 136751
-2325535 2 1 465107
-2344423 0 2 1481 1583
-2355092 0 1 588773
-2359508 0 1 589877
-2365543 0 2 1181 2003
-2366987 4 1 338141
-2367272 67108864 1 295909
-2373011 524288 1 32507
-2374783 0 2 109 21787
-2375407 16384 1 44819
-2383979 16 1 183383
-2384531 0 2 433 5507
-2384651 4096 1 55457
-2392564 0 1 598141
-2396468 0 1 599117
-2398859 0 2 211 11369
-2409236 0 1 602309
-2414228 0 1 603557
-2414819 8 1 219529
-2419444 0 1 604861
-2420627 8 1 220057
-2424247 4 1 346321
-2428139 4 1 346877
-2430371 32 1 142963
-2435579 32768 1 41281
-2448563 16 1 188351
-2449396 0 1 612349
-2454707 0 2 991 2477
-2461652 0 1 615413
-2465647 512 1 79537
-2472664 33554432 1 309083
-2476715 2 1 495343
-2478488 33554432 1 309811
-2480315 2 1 496063
-2480815 2 1 496163
-2480983 16384 1 46811
-2488216 33554432 1 311027
-2494211 0 2 719 3469
-2497399 0 2 157 15907
-2504263 128 1 108881
-2504756 0 1 626189
-2505176 33554432 1 313147
-2528408 33554432 1 316051
-2536979 1024 1 68567
-2553419 8 1 232129
-2555503 262144 1 35993
-2557979 0 2 401 6379
-2558356 0 1 639589
-2558935 2 1 511787
-2560043 8192 1 54469
-2560859 4 1 365837
-2570863 0 2 113 22751
-2571544 33554432 1 321443
-2580583 32 1 151799
-2580904 67108864 1 322613
-2580943 0 2 137 18839
-2599508 0 1 649877
-2624287 2048 1 64007
-2625127 131072 1 39181
-2639528 67108864 1 329941
-2648435 2 1 529687
-2649428 0 1 662357
-2657503 0 2 103 25801
-2663723 0 2 1499 1777
-2673847 8 1 243077
-2679128 33554432 1 334891
-2682223 0 2 103 26041
-2686868 0 1 671717
-2687528 67108864 1 335941
-2693627 524288 1 36899
-2699348 0 1 674837
-2704331 4 1 386333
-2708116 0 1 677029
-2716019 0 2 1447 1877
-2724323 4 1 389189
-2745007 32 1 161471
-2760635 2 1 552127
-2781011 64 1 146369
-2782543 32 1 163679
-2788187 32 1 164011
-2791508 0 1 697877
-2794648 33554432 1 349331
-2794927 0 2 293 9539
-2795915 2 1 559183
-2812547 16777216 1 27847
-2830811 0 2 191 14821
-2845327 0 2 191 14897
-2855287 0 2 149 19163
-2866715 2 1 573343
-2871668 0 1 717917
-2874707 8 1 261337
-2890291 0 2 151 19141
-2890903 0 2 1019 2837
-2917172 0 1 729293
-2929739 0 2 421 6959
-2936767 32 1 172751
-2938739 32 1 172867
-2952788 0 1 738197
-2958484 0 1 739621
-2969411 32768 1 50329
-2969704 67108864 1 371213
-2978099 0 2 269 11071
-2984171 8192 1 63493
-2986327 0 2 151 19777
-2992532 0 1 748133
-3009107 0 2 1019 2953
-3018007 0 2 967 3121
-3018491 4 1 431213
-3018943 0 2 151 19993
-3019924 0 1 754981
-3028628 0 1 757157
-3036632 33554432 1 379579
-3038051 0 2 107 28393
-3039611 128 1 132157
-3056483 4096 1 71081
-3059603 262144 1 43093
-3067444 0 1 766861
-3077167 16777216 1 30467
-3092899 0 2 239 12941
-3119348 0 1 779837
-3123304 67108864 1 390413
-3123668 0 1 780917
-3123971 32 1 183763
-3134452 0 1 783613
-3135683 256 1 108127
-3138731 0 2 863 3637
-3167768 33554432 1 395971
-3170548 0 1 792637
-3177556 0 1 794389
-3185863 64 1 167677
-3191464 67108864 1 398933
-3203315 2 1 640663
-3205684 0 1 801421
-3206507 0 2 541 5927
-3221236 0 1 805309
-3224383 0 2 139 23197
-3228971 0 2 281 11491
-3231796 0 1 807949
-3233236 0 1 808309
-3237847 64 1 170413
-3249979 0 2 131 24809
-3255851 2048 1 79411
-3268715 2 1 653743
-3273299 32 1 192547
-3275623 16 1 251971
-3277864 67108864 1 409733
-3284987 0 2 139 23633
-3304211 1024 1 89303
-3307543 0 2 607 5449
-3325183 32 1 195599
-3331892 0 1 832973
-3335287 0 2 181 18427
-3345752 33554432 1 418219
-3349067 0 2 419 7993
-3349592 33554432 1 418699
-3358307 64 1 176753
-3365411 4 1 480773
-3374843 262144 1 47533
-3390467 2097152 1 40849
-3391715 2 1 678343
-3432823 1024 1 92779
-3450676 0 1 862669
-3472088 33554432 1 434011
-3473944 33554432 1 434243
-3474487 0 2 1861 1867
-3477272 33554432 1 434659
-3479656 67108864 1 434957
-3487156 0 1 871789
-3500072 67108864 1 437509
-3501908 0 1 875477
-3516691 64 1 185089
-3518047 16 1 270619
-3524623 0 2 139 25357
-3536147 64 1 186113
-3537011 0 2 661 5351
-3537107 4 1 505301
-3551192 33554432 1 443899
-3556043 32 1 209179
-3569723 1024 1 96479
-3571235 2 1 714247
-3575315 2 1 715063
-3577576 67108864 1 447197
-3579923 64 1 188417
-3580063 0 2 787 4549
-3593944 33554432 1 449243
-3599528 67108864 1 449941
-3611176 67108864 1 451397
-3617368 33554432 1 452171
-3619624 67108864 1 452453
-3625163 0 2 131 27673
-3639491 0 2 227 16033
-3647939 256 1 125791
-3670411 0 2 293 12527
-3677027 131072 1 54881
-3695128 33554432 1 461891
-3696083 0 2 571 6473
-3700219 0 2 167 22157
-3703411 0 2 173 21407
-3713896 67108864 1 464237
-3728884 0 1 932221
-3731764 0 1 932941
-3734651 0 2 271 13781
-3735011 4 1 533573
-3737267 512 1 120557
-3764699 0 2 1327 2837
-3779339 2048 1 92179
-3791771 0 2 643 5897
-3815668 0 1 953917
-3819727 512 1 123217
-3823403 8192 1 81349
-3841979 0 2 947 4057
-3842743 0 2 557 6899
-3865427 1024 1 104471
-3866267 8192 1 82261
-3902411 2097152 1 47017
-3904024 33554432 1 488003
-3904372 0 1 976093
-3917363 64 1 206177
-3936107 4 1 562301
-3937235 2 1 787447
-3948328 67108864 1 493541
-3956627 0 2 367 10781
-3957367 512 1 127657
-3993211 64 1 210169
-4034356 0 1 1008589
-4042996 0 1 1010749
-4044308 0 1 1011077
-4047943 0 2 239 16937
-4075303 0 2 127 32089
-4081624 33554432 1 510203
-4088099 0 2 257 15907
-4091915 2 1 818383
-4095512 33554432 1 511939
-4103003 8388608 1 42299
-4113107 0 2 491 8377
-4114996 0 1 1028749
-4124776 67108864 1 515597
-4127476 0 1 1031869
-4131703 262144 1 58193
-4139224 33554432 1 517403
-4148968 67108864 1 518621
-4152088 33554432 1 519011
-4152443 128 1 180541
-4154491 8 1 377681
-4163252 0 1 1040813
-4172251 0 2 107 38993
-4191323 1024 1 113279
-4194059 0 2 401 10459
-4202243 0 2 709 5927
-4210891 65536 1 69031
-4227947 0 2 173 24439
-4228379 524288 1 57923
-4232596 0 1 1058149
-4234163 1048576 1 53597
-4238723 512 1 136733
-4239323 8 1 385393
-4266676 0 1 1066669
-4272244 0 1 1068061
-4273624 33554432 1 534203
-4280387 512 1 138077
-4289524 0 1 1072381
-4293592 33554432 1 536699
-4302227 64 1 226433
-4303028 0 1 1075757
-4303283 32768 1 72937
-4305323 8 1 391393
-4309876 0 1 1077469
-4318883 256 1 148927
-4324499 0 2 419 10321
-4325651 8 1 393241
-4341556 0 1 1085389
-4351307 8192 1 92581
-4353064 67108864 1 544133
-4354216 67108864 1 544277
-4358435 2 1 871687
-4361387 0 2 653 6679
-4365784 33554432 1 545723
-4366324 0 1 1091581
-4385512 67108864 1 548189
-4390499 512 1 141629
-4397627 16 1 338279
-4411283 0 2 307 14369
-4433867 0 2 2069 2143
-4465112 33554432 1 558139
-4485515 2 1 897103
-4491103 0 2 307 14629
-4501687 0 2 1693 2659
-4539499 64 1 238921
-4545556 0 1 1136389
-4554136 33554432 1 569267
-4560083 8 1 414553
-4578515 2 1 915703
-4580659 0 2 1409 3251
-4580971 2048 1 111731
-4581683 2097152 1 55201
-4607051 32 1 271003
-4608467 0 2 907 5081
-4610059 0 2 1249 3691
-4613608 67108864 1 576701
-4617835 2 1 923567
-4619176 67108864 1 577397
-4631476 0 1 1157869
-4638107 0 2 1663 2789
-4638727 1024 1 125371
-4639924 0 1 1159981
-4658251 16 1 358327
-4680616 67108864 1 585077
-4682843 8 1 425713
-4716436 0 1 1179109
-4734227 512 1 152717
-4735099 0 2 1259 3761
-4755019 32 1 279707
-4756163 0 2 139 34217
-4764467 0 2 439 10853
-4764803 0 2 229 20807
-4789643 0 2 557 8599
-4791347 8 1 435577
-4792168 67108864 1 599021
-4796824 33554432 1 599603
-4800923 0 2 173 27751
-4808435 2 1 961687
-4821691 4 1 688813
-4829267 2048 1 117787
-4830004 0 1 1207501
-4838371 0 2 317 15263
-4845563 0 2 1583 3061
-4847887 8 1 440717
-4851467 0 2 331 14657
-4869272 33554432 1 608659
-4882663 32768 1 82757
-4886723 4194304 1 54907
-4893979 0 2 293 16703
-4899707 0 2 487 10061
-4908724 0 1 1227181
-4916363 0 2 349 14087
-4945816 33554432 1 618227
-4947115 2 1 989423
-4952315 2 1 990463
-4957547 4 1 708221
-4969307 4 1 709901
-4970747 0 2 421 11807
-4977923 32 1 292819
-4979867 1024 1 134591
-4982167 0 2 947 5261
-4984211 512 1 160781
-5047528 67108864 1 630941
-5062228 0 1 1265557
-5063731 0 2 179 28289
-5065187 0 2 233 21739
-5082347 0 2 179 28393
-5082676 0 1 1270669
-5092787 4 1 727541
-5103892 0 1 1275973
-5113903 0 2 547 9349
-5114392 33554432 1 639299
-5116883 0 2 311 16453
-5121268 0 1 1280317
-5124139 2048 1 124979
-5128183 0 2 331 15493
-5132627 0 2 1279 4013
-5136739 0 2 439 11701
-5137907 0 2 449 11443
-5148331 32 1 302843
-5157235 2 1 1031447
-5158312 67108864 1 644789
-5169683 32 1 304099
-5179667 1024 1 139991
-5190635 2 1 1038127
-5232424 67108864 1 654053
-5240104 67108864 1 655013
-5267147 2048 1 128467
-5268443 0 2 227 23209
-5274131 32 1 310243
-5287144 67108864 1 660893
-5314067 8 1 483097
-5316467 16 1 408959
-5318164 0 1 1329541
-5321236 0 1 1330309
-5323096 33554432 1 665387
-5329235 2 1 1065847
-5329523 0 2 1451 3673
-5332939 64 1 280681
-5354771 0 2 809 6619
-5359715 2 1 1071943
-5361467 0 2 149 35983
-5384728 33554432 1 673091
-5389715 2 1 1077943
-5391107 16384 1 101719
-5393827 0 2 137 39371
-5410715 2 1 1082143
-5417176 33554432 1 677147
-5419252 0 1 1354813
-5421379 0 2 293 18503
-5430259 32 1 319427
-5436259 65536 1 89119
-5463379 262144 1 76949
-5476435 2 1 1095287
-5479384 33554432 1 684923
-5480267 16 1 421559
-5480867 4 1 782981
-5506883 32768 1 93337
-5518283 0 2 211 26153
-5526803 0 2 769 7187
-5529035 2 1 1105807
-5530579 0 2 229 24151
-5539291 0 2 2309 2399
-5543363 4 1 791909
-5560792 33554432 1 695099
-5563156 0 1 1390789
-5567291 8192 1 118453
-5570315 2 1 1114063
-5580139 0 2 613 9103
-5582296 33554432 1 697787
-5603915 2 1 1120783
-5608187 16 1 431399
-5617763 0 2 257 21859
-5624767 0 2 2011 2797
-5658683 256 1 195127
-5667028 0 1 1416757
-5682088 67108864 1 710261
-5687123 16 1 437471
-5688244 0 1 1422061
-5692312 33554432 1 711539
-5695384 33554432 1 711923
-5704459 0 2 127 44917
-5710499 0 2 1423 4013
-5710612 0 1 1427653
-5712979 0 2 173 33023
-5717011 0 2 151 37861
-5722651 8 1 520241
-5732212 0 1 1433053
-5733928 67108864 1 716741
-5743187 64 1 302273
-5749403 8 1 522673
-5762243 65536 1 94463
-5762747 0 2 103 55949
-5767067 0 2 643 8969
-5768603 0 2 1801 3203
-5769571 131072 1 86113
-5772952 33554432 1 721619
-5773099 512 1 186229
-5777507 1048576 1 73133
-5787928 33554432 1 723491
-5794643 128 1 251941
-5800763 0 2 461 12583
-5807027 64 1 305633
-5822248 67108864 1 727781
-5832628 0 1 1458157
-5846836 0 1 1461709
-5849128 67108864 1 731141
-5850203 0 2 577 10139
-5863828 0 1 1465957
-5866171 0 2 373 15727
-5867723 0 2 227 25849
-5877691 256 1 202679
-5885131 4 1 840733
-5885515 2 1 1177103
-5886772 0 1 1471693
-5893204 0 1 1473301
-5895412 0 1 1473853
-5896115 2 1 1179223
-5916607 0 2 191 30977
-5919448 33554432 1 739931
-5923348 0 1 1480837
-5964451 0 2 839 7109
-5975363 256 1 206047
-5982827 32 1 351931
-6002611 0 2 311 19301
