-136751
-190031
-206519
-223823
-238103
-242999
-263759
-277919
-298847
-312527
-320687
-330767
-334511
-402863
-501863
-503359
-517487
-522871
-536999
-578191
-586951
-590959
-609503
-610583
-626599
-651071
-672871
-673879
-680959
-718007
-725447
-734207
-736159
-738623
-747287
-769159
-777031
-860911
-872863
-887599
-903527
-921887
-930179
-948391
-966527
-972131
-973279
-1023487
-1023751
-1073791
-1078247
-1095247
-1115407
-1132471
-1133071
-1144183
-1148047
-1169183
-1172531
-1179991
-1194383
-1202303
-1227299
-1233539
-1237543
-1247167
-1258423
-1260419
-1299367
-1303591
-1308247
-1317419
-1325287
-1327111
-1364911
-1367479
-1376623
-1380251
-1401971
-1407751
-1407823
-1416871
-1420303
-1451743
-1462691
-1464031
-1511863
-1515419
-1525423
-1526339
-1527179
-1538743
-1597139
-1612619
-1624811
-1647179
-1659299
-1662007
-1692967
-1696859
-1727263
-1759663
-1763651
-1798207
-1807903
-1815251
-1827803
-1837379
-1842611
-1850767
-1857803
-1862359
-1864591
-1881343
-1887419
-1912139
-1941967
-1953059
-1976983
-2019851
-2022487
-2038019
-2047183
-2090863
-2102267
-2104859
-2115131
-2126767
-2135407
-2137423
-2149331
-2166419
-2168219
-2170643
-2183171
-2209979
-2214011
-2214367
-2223631
-2240003
-2268103
-2295011
-2301011
-2308183
-2311499
-2360291
-2361179
-2391947
-2400323
-2431139
-2467783
-2474267
-2476303
-2485643
-2496227
-2497931
-2503211
-2539087
-2548639
-2583419
-2589347
-2591623
-2607823
-2641567
-2662951
-2702143
-2709823
-2738647
-2740831
-2749567
-2772967
-2776183
-2777699
-2792051
-2792771
-2793227
-2812571
-2824163
-2829583
-2857763
-2860691
-2892367
-2907851
-2908379
-2909047
-2921767
-2930723
-2958947
-2974931
-2996291
-3005987
-3006371
-3019763
-3022883
-3026843
-3028807
-3042007
-3047167
-3054899
-3059843
-3079523
-3095503
-3096659
-3128647
-3138127
-3143131
-3164747
-3200891
-3206219
-3212723
-3235087
-3236147
-3240683
-3260863
-3279607
-3287483
-3308483
-3360683
-3388379
-3412091
-3421331
-3425267
-3444967
-3478907
-3481043
-3482411
-3488167
-3488291
-3507451
-3521867
-3553427
-3561203
-3613307
-3650887
-3672563
-3732103
-3742667
-3787643
-3806659
-3819223
-3824147
-3825947
-3836383
-3837923
-3838811
-3868699
-3892331
-3899747
-3928651
-3976207
-3977003
-3991619
-3995507
-4053923
-4081331
-4084859
-4092947
-4111207
-4112627
-4140683
-4150043
-4163699
-4174207
-4208339
-4234907
-4262147
-4262851
-4267447
-4273667
-4328419
-4335467
-4355243
-4420043
-4429427
-4439419
-4451611
-4489651
-4517143
-4544123
-4575379
-4595027
-4611323
-4619627
-4654459
-4672891
-4696187
-4701107
-4712011
-4719107
-4720283
-4746139
-4752899
-4755419
-4760251
-4765771
-4773707
-4789667
-4794203
-4820887
-4832483
-4837883
-4843427
-4859171
-4862243
-4904843
-4953943
-4953979
-4957283
-4961963
-4991267
-5021299
-5036627
-5073379
-5087011
-5090483
-5124859
-5125807
-5149891
-5156747
-5194411
-5317171
-5322379
-5339539
-5359547
-5464187
-5482291
-5489747
-5504371
-5533691
-5553179
-5576099
-5585179
-5590339
-5610203
-5622691
-5639027
-5647163
-5653643
-5696147
-5711603
-5755787
-5760827
-5763691
-5797283
-5798371
-5808947
-5816851
-5832803
-5846747
-5862691
-5875939
-5898443
-5912987
-5972723
-5999603
-6011491
