-134111 2048 1 3271
-151751 0 2 263 577
-155951 0 2 277 563
-159719 4 1 22817
-164639 65536 1 2699
-164951 544 1 313
-169391 0 2 233 727
-182399 262148 1 367
-185639 524288 1 2543
-192695 34 1 2267
-194351 16448 1 193
-194399 524288 1 2663
-210479 0 2 109 1931
-225359 320 1 409
-228527 16 1 17579
-231815 262146 1 653
-243143 131136 1 191
-257111 2048 1 6271
-264215 6 1 7549
-266735 6 1 7621
-267695 1026 1 1447
-268655 2 1 53731
-271439 36 1 2281
-278399 8 1 25309
-281903 1088 1 401
-294503 2056 1 653
-298055 2 1 59611
-298415 18 1 4591
-299615 514 1 1933
-300911 1048592 1 293
-304319 0 2 347 877
-324599 136 1 1283
-327359 4224 1 331
-331535 65538 1 1087
-338111 4194560 1 131
-340055 130 1 2957
-346535 6 1 9901
-346679 128 1 15073
-357383 1040 1 743
-358415 8388610 1 739
-360527 131072 1 5381
-366047 8 2 107 311
-368015 4194306 1 827
-369047 4 1 52721
-369671 4096 1 8597
-373655 2 1 74731
-381863 524288 1 5231
-384527 24 1 2689
-385295 2 2 263 293
-386255 131074 1 1153
-390455 18 1 6007
-396296 67108864 1 49537
-399416 33554432 1 49927
-403055 2 1 80611
-404207 0 2 619 653
-408695 6 1 11677
-411359 16 1 31643
-413351 0 2 281 1471
-420404 0 2 227 463
-433039 66048 1 229
-440855 1026 1 2383
-441167 32 1 25951
-446564 0 1 111641
-459911 256 1 15859
-466943 0 2 211 2213
-469055 2 1 93811
-473431 8196 1 1439
-475655 2 1 95131
-475871 8 1 43261
-477743 4 2 139 491
-479663 512 1 15473
-480743 32 1 28279
-480767 4 2 173 397
-481256 67112960 1 1399
-483095 16386 1 1823
-488423 16 1 37571
-488564 131072 1 1823
-489271 0 2 673 727
-490127 40 1 2621
-498695 34 1 5867
-502711 136 1 1987
-503015 1026 1 2719
-503719 512 1 16249
-514007 80 1 2081
-517124 0 1 129281
-519896 33554448 1 4999
-531767 32768 1 9013
-537655 2 2 293 367
-538055 6 1 15373
-540623 131072 1 8069
-542903 2097664 1 211
-544967 0 2 593 919
-546383 64 2 149 193
-547367 512 1 17657
-555896 33554440 1 6317
-560183 2064 1 1051
-560687 278528 1 149
-561455 2 1 112291
-569924 64 1 7499
-572036 2097152 1 1723
-578615 514 1 3733
-580367 0 2 547 1061
-584804 8 1 13291
-584927 4 1 83561
-588271 128 1 25577
-588599 524296 1 733
-602719 262160 1 653
-606047 16 1 46619
-608015 2 2 277 439
-624776 67109120 1 2693
-626839 8192 1 13337
-629599 131072 1 9397
-632119 0 2 647 977
-632927 544 1 1201
-633743 40 1 3389
-637076 8 1 14479
-638095 34 1 7507
-639431 16777232 1 487
-642695 2 2 173 743
-645391 1024 1 17443
-646367 0 2 797 811
-648455 16386 1 2447
-653255 2 1 130651
-654647 2052 1 2281
-655895 2 2 233 563
-663383 8388612 1 977
-664943 1048640 1 443
-669464 33685504 1 1249
-669764 0 1 167441
-674756 4096 1 3923
-675944 67108928 1 4447
-682616 33554440 1 7757
-682711 4096 1 15877
-684199 32 2 167 241
-684887 4 1 97841
-697364 0 2 313 557
-701839 0 2 349 2011
-702596 0 1 175649
-706436 0 1 176609
-710456 33554432 1 88807
-711167 256 2 137 179
-711215 2 2 103 1381
-711224 33554432 1 88903
-724591 36 1 6089
-729391 80 1 2953
-731396 2097152 1 2203
-732404 0 2 283 647
-733679 16384 2 109 127
-736463 20 1 8093
-737543 4194304 1 8287
-738596 0 1 184649
-747176 67141632 1 1583
-747511 4195328 1 227
-761144 33554432 1 95143
-761423 1040 1 1583
-764024 33558528 1 2221
-764455 8194 1 3253
-764671 16908288 1 113
-770744 33554448 1 7411
-771055 2 1 154211
-771704 33554496 1 5077
-771815 10 1 14033
-774584 33554432 1 96823
-776423 0 2 113 6871
-778967 4 2 257 433
-782084 4096 1 4547
-784676 0 1 196169
-789476 0 1 197369
-790424 33554688 1 3407
-793655 2 1 158731
-793703 0 2 479 1657
-795095 6 1 22717
-796831 131076 1 1699
-806839 2056 1 1789
-808916 4096 1 4703
-809816 33554436 1 14461
-810439 4 1 115777
-811844 8 1 18451
-815927 4 2 229 509
-820607 32 1 48271
-821239 0 2 131 6269
-827191 4096 1 19237
-828295 18 1 12743
-834799 516 1 3847
-836324 0 2 419 499
-838279 16 1 64483
-838607 12 1 10891
-838879 128 1 36473
-847951 80 1 3433
-853880 33554434 1 21347
-853951 4 1 121993
-854411 64 2 193 233
-857599 65568 1 827
-859231 32 1 50543
-863144 67108992 1 4691
-865759 32 2 127 401
-866935 2097154 1 2089
-868904 67108896 1 6389
-872183 144 1 2917
-872207 4 1 124601
-872516 0 2 331 659
-882131 0 2 677 1303
-886231 0 2 163 5437
-892424 67108880 1 8581
-896119 4 2 313 409
-897439 0 2 103 8713
-904328 67108864 1 113041
-907135 2 2 419 433
-907544 33554440 1 10313
-908047 524292 1 1777
-909655 2 1 181931
-915463 0 2 191 4793
-916088 33554432 2 307 373
-923431 1048576 1 11689
-924356 0 2 179 1291
-927512 33554432 2 269 431
-929567 16384 1 17539
-931076 64 1 12251
-937544 67108864 1 117193
-944459 0 2 269 3511
-950143 0 2 131 7253
-950327 4 2 349 389
-952295 2 2 283 673
-952519 0 2 157 6067
-957655 2 1 191531
-959311 0 2 947 1013
-965527 0 2 331 2917
-966731 0 2 569 1699
-967103 0 2 251 3853
-969991 8 2 109 809
-972151 2048 2 131 181
-980360 67108866 1 24509
-985687 0 2 109 9043
-986696 67109120 1 4253
-987935 18 1 15199
-992431 2097160 1 1087
-993799 2048 1 24239
-996371 512 1 32141
-1002776 33554432 2 163 769
-1005224 67108872 1 11423
-1005991 4 2 137 1049
-1006196 32 1 14797
-1006451 524320 1 811
-1008055 2 1 201611
-1010216 67108864 2 197 641
-1010599 32 1 59447
-1011031 8388612 1 1489
-1011055 2 2 433 467
-1011491 272 1 2683
-1012759 136 1 4003
-1014584 33554432 1 126823
-1015415 2 2 311 653
-1016504 33619968 1 2083
-1023031 66048 1 541
-1023491 4 1 146213
-1026632 67108864 2 181 709
-1031096 33554440 1 11717
-1036855 2 1 207371
-1039331 256 1 35839
-1041179 0 2 367 2837
-1047415 2 2 271 773
-1048615 2 2 401 523
-1051583 144 1 3517
-1056751 0 2 563 1877
-1056983 12288 1 523
-1059956 0 2 193 1373
-1060759 4 1 151537
-1063976 67108864 2 179 743
-1065371 0 2 461 2311
-1069928 67108928 1 7039
-1073287 0 2 1033 1039
-1073636 0 2 139 1931
-1075571 68 1 8087
-1075928 33554436 1 19213
-1083655 2 1 216731
-1085339 0 2 919 1181
-1086487 1048608 1 809
-1086884 0 2 163 1667
-1088119 32 1 64007
-1088599 0 2 643 1693
-1092079 0 2 179 6101
-1094051 524292 1 2141
-1095428 0 1 273857
-1096091 64 1 57689
-1097924 2097152 1 3307
-1100804 0 1 275201
-1101491 0 2 173 6367
-1101539 8320 1 1019
-1101704 67108864 1 137713
-1104055 2 1 220811
-1104631 8 2 137 733
-1104655 2 1 220931
-1107343 1048576 2 107 131
-1108868 0 1 277217
-1116056 33619968 1 2287
-1118903 4096 1 26021
-1124324 0 1 281081
-1125295 524290 1 3083
-1127695 34 1 13267
-1133791 1024 1 30643
-1135412 0 2 373 761
-1138664 67108864 2 317 449
-1138735 18 1 17519
-1138868 128 1 12379
-1139119 1056 1 1811
-1141208 33554688 1 4919
-1142911 12 1 14843
-1144087 4 2 137 1193
-1144664 33554560 1 6221
-1150724 0 1 287681
-1153940 2 1 57697
-1154699 20 1 12689
-1157887 32 1 68111
-1160312 33558528 1 3373
-1163959 64 1 61261
-1164164 0 1 291041
-1165496 33554432 1 145687
-1165847 128 2 173 293
-1167032 33554432 1 145879
-1169599 768 1 1301
-1170871 16 1 90067
-1172435 10 1 21317
-1173944 33554432 1 146743
-1174052 8 1 26683
-1177448 67125248 1 2777
-1178311 0 2 379 3109
-1178324 4 1 42083
-1178671 262160 1 1277
-1180052 64 1 15527
-1184819 0 2 431 2749
-1186292 0 2 157 1889
-1189736 67108864 2 127 1171
-1189811 516 1 5483
-1192135 6 1 34061
-1196660 2 1 59833
-1200440 33554434 1 30011
-1207279 64 1 63541
-1209092 0 1 302273
-1211935 1026 1 6551
-1219748 0 1 304937
-1220579 64 2 227 283
-1222999 1048576 2 113 137
-1223219 131072 1 18257
-1228855 2 1 245771
-1229828 0 2 131 2347
-1232207 64 1 64853
-1236776 67109376 1 4987
-1239055 2 1 247811
-1243028 0 2 191 1627
-1245251 4 1 177893
-1245895 6 1 35597
-1249211 32 1 73483
-1251511 64 2 199 331
-1252235 130 1 10889
-1254799 20 1 13789
-1258472 67117056 1 3347
-1260344 33554432 1 157543
-1263611 16777216 1 12511
-1264904 67108864 1 158113
-1269908 524288 1 4349
-1270004 1048576 1 4019
-1270715 1048578 1 3217
-1270855 2 2 433 587
-1277096 67174400 1 2617
-1277939 16 2 197 499
-1282259 40 1 6857
-1284055 131074 1 3833
-1285063 2064 1 2411
-1285399 4096 2 167 179
-1285688 33554432 1 160711
-1285796 0 1 321449
-1286407 544 1 2441
-1289480 67108866 1 32237
-1293731 0 2 163 7937
-1296103 0 2 907 1429
-1296871 10240 1 673
-1297015 34 1 15259
-1297208 33554440 1 14741
-1297496 34603008 1 2053
-1298372 0 1 324593
-1301095 34 1 15307
-1301336 33562624 1 3461
-1301348 64 1 17123
-1302223 16 2 109 919
-1303928 33554432 2 389 419
-1306091 0 2 1061 1231
-1315615 6 1 37589
-1316324 0 1 329081
-1316360 67108866 1 32909
-1318327 8388608 1 13591
-1318676 64 1 17351
-1321255 18 1 20327
-1321471 2048 2 167 193
-1322296 33554432 1 165287
-1325311 8388624 1 1051
-1328959 0 2 1031 1289
-1330255 2 1 266051
-1331156 131072 1 4967
-1337815 34 1 15739
-1342615 2 2 263 1021
-1346411 8 1 122401
-1350452 131072 1 5039
-1352312 33554448 1 13003
-1359032 33554496 1 8941
-1359044 0 1 339761
-1361455 2 2 277 983
-1362007 1024 2 131 281
-1362199 0 2 1123 1213
-1363279 128 1 59273
-1363316 131072 1 5087
-1363855 2 1 272771
-1364051 16 2 317 331
-1364696 33554432 2 179 953
-1365080 33554434 1 34127
-1370795 34 1 16127
-1373252 0 1 343313
-1376095 6 1 39317
-1376527 8388736 1 617
-1380755 2 1 276151
-1381028 8 1 31387
-1381256 67108864 1 172657
-1381460 2 1 69073
-1381711 65536 1 22651
-1383415 10 1 25153
-1386068 0 2 373 929
-1387544 33554560 1 7541
-1391288 33619968 1 2851
-1391983 128 1 60521
-1393652 16 1 26801
-1394132 512 1 11243
-1398631 16 2 271 397
-1403576 33554432 1 175447
-1408903 0 2 503 2801
-1413367 4096 1 32869
-1413727 4 1 201961
-1416491 8388640 1 859
-1416932 8 1 32203
-1419992 33554436 1 25357
-1423355 130 1 12377
-1428223 0 2 199 7177
-1428488 67108864 1 178561
-1429855 6 1 40853
-1430407 8 2 109 1193
-1434248 67108864 1 179281
-1435352 33587200 1 3041
-1437151 524288 1 19687
-1439972 64 1 18947
-1443092 4 1 51539
-1444091 16392 1 2477
-1445240 33554434 1 36131
-1447091 160 1 3701
-1447172 0 1 361793
-1448791 32 1 85223
-1449395 2 2 227 1277
-1449908 0 2 131 2767
-1450532 0 1 362633
-1451816 67108864 2 173 1049
-1451960 33554434 1 36299
-1454959 264 1 4561
-1455799 64 2 193 397
-1456516 0 1 364129
-1457864 67108864 1 182233
-1460263 4 1 208609
-1463171 16448 1 1453
-1463288 50331648 1 1811
-1463576 33554432 2 113 1619
-1464439 32768 1 24821
-1466216 67108896 1 10781
-1466564 8 1 33331
-1471544 33554432 1 183943
-1473755 2 1 294751
-1475480 33554434 1 36887
-1478024 67108864 1 184753
-1479127 16 1 113779
-1482248 67109120 1 6389
-1482692 0 1 370673
-1487479 132 1 9239
-1488776 67108864 1 186097
-1489087 64 2 181 433
-1491919 24 1 10433
-1496084 16384 1 7057
-1498471 524304 1 1579
-1499407 20 1 16477
-1503044 0 1 375761
-1503668 0 2 167 2251
-1506295 6 1 43037
-1508551 264 1 4729
-1508756 0 2 347 1087
-1511383 2048 2 191 193
-1515896 33554496 1 9973
-1517192 67174400 1 3109
-1519811 0 2 641 2371
-1521895 16386 1 5743
-1523335 10 1 27697
-1525208 35651584 1 2297
-1525399 1024 1 41227
-1531859 16388 1 4129
-1533703 0 2 421 3643
-1534855 6 1 43853
-1535060 2 1 76753
-1536056 33554432 1 192007
-1539128 33554432 1 192391
-1540283 0 2 569 2707
-1541383 1024 1 41659
-1541939 4 2 181 1217
-1542055 2 1 308411
-1543544 33619968 1 3163
-1544671 32 1 90863
-1545683 0 2 647 2389
-1545823 3072 1 1019
-1546052 0 2 307 1259
-1546355 2 1 309271
-1547720 67108866 1 38693
-1550696 67108868 1 27691
-1557179 16 1 119783
-1558532 64 1 20507
-1559528 67108864 2 151 1291
-1559972 0 2 571 683
-1562168 33554432 1 195271
-1563607 0 2 409 3823
-1563871 16448 1 1553
-1568036 2097152 1 4723
-1569656 33554440 1 17837
-1570139 8388608 1 16187
-1571407 2048 1 38327
-1571983 4 1 224569
-1572968 67108864 2 353 557
-1574456 33554448 1 15139
-1579451 8388672 1 857
-1580360 67108866 1 39509
-1580455 1026 1 8543
-1580596 524288 1 5413
-1582255 8194 1 6733
-1587919 32 1 93407
-1588855 2 1 317771
-1593011 4194308 1 2557
-1593080 33554434 1 39827
-1597748 64 1 21023
-1600739 4 1 228677
-1601455 2 1 320291
-1606520 33554434 1 40163
-1609064 67108864 2 139 1447
-1610647 16778240 1 431
-1612264 67108928 1 10607
-1614136 33554432 1 201767
-1614260 2 1 80713
-1616023 16384 1 30491
-1617320 67108866 1 40433
-1617659 65664 1 1153
-1622455 2 1 324491
-1622596 0 2 227 1787
-1624015 2 2 379 857
-1631060 2 1 81553
-1632920 33554434 1 40823
-1633160 67108866 1 40829
-1635956 4 1 58427
-1636148 32 1 24061
-1637960 67108866 1 40949
-1642835 66 1 17293
-1644731 8 1 149521
-1645064 67108864 1 205633
-1645115 66 1 17317
-1646468 0 1 411617
-1647032 33554432 1 205879
-1648232 67108864 2 179 1151
-1649684 65536 1 6761
-1651927 256 1 56963
-1653476 8 1 37579
-1660255 130 1 14437
-1660979 0 2 1117 1487
-1663015 130 1 14461
-1663652 2097152 1 5011
-1665971 66048 1 881
-1666804 256 1 14369
-1668103 0 2 1019 1637
-1669352 67371008 1 2939
-1670516 256 1 14401
-1675063 16 2 269 479
-1675255 2 1 335051
-1676555 2 2 547 613
-1677752 33554432 1 209719
-1678087 32 1 98711
-1682191 4 2 167 1439
-1683419 2112 1 2161
-1683604 16 1 32377
-1685455 2 1 337091
-1688324 8 1 38371
-1690495 2 2 557 607
-1690499 0 2 569 2971
-1690772 64 1 22247
-1690952 67108864 1 211369
-1694695 524290 1 4643
-1694852 0 1 423713
-1696019 16 2 283 461
-1696063 0 2 1153 1471
-1697336 33554432 1 212167
-1698559 1280 1 1583
-1702756 8 1 38699
-1703335 2 2 443 769
-1704055 2 1 340811
-1706383 4 1 243769
-1709480 67108866 1 42737
-1710116 0 1 427529
-1710803 0 2 199 8597
-1711451 4 1 244493
-1713371 8 2 109 1429
-1713535 2097154 1 4129
-1714739 48 1 7759
-1715108 0 1 428777
-1715236 0 1 428809
-1715579 1024 2 199 233
-1715960 33554434 1 42899
-1716491 4 2 379 647
-1719572 128 1 18691
-1719703 32 1 101159
-1720184 33554496 1 11317
-1720276 0 2 373 1153
-1724824 33554432 2 149 1447
-1725779 8 2 151 1039
-1726207 68 1 12979
-1728920 33554434 1 43223
-1736047 0 2 151 11497
-1739816 67108880 1 16729
-1748584 67109120 1 7537
-1752343 32 1 103079
-1753256 67239936 1 3271
-1757623 4 2 257 977
-1760296 67108864 2 139 1583
-1762232 33554432 1 220279
-1763768 33554432 1 220471
-1767272 67108880 1 16993
-1770920 67108866 1 44273
-1772191 0 2 1187 1493
-1777592 33554432 1 222199
-1779655 8194 1 7573
-1781348 0 2 491 907
-1782991 4 1 254713
-1784852 0 2 239 1867
-1786244 0 1 446561
-1789543 4 1 255649
-1790756 8 1 40699
-1792472 33554440 1 20369
-1795876 0 1 448969
-1802356 8192 1 9587
-1803176 67108928 1 11863
-1803487 516 1 8311
-1803631 2048 1 43991
-1804091 32 1 106123
-1805528 33554432 2 269 839
-1807639 128 1 78593
-1808276 0 2 167 2707
-1809428 0 2 241 1877
-1810664 67108864 2 239 947
-1813711 128 1 78857
-1818424 33554432 1 227303
-1818659 1048576 1 23021
-1819064 33554448 1 17491
-1821368 33554432 1 227671
-1821784 33554560 1 9901
-1823252 16777216 1 4513
-1830151 0 2 827 2213
-1830295 4098 1 8513
-1835480 33554434 1 45887
-1837331 0 2 181 10151
-1838372 0 1 459593
-1841099 16 1 141623
-1845971 0 2 1033 1787
-1847171 8388608 2 137 139
-1850095 18 1 28463
-1850651 2097160 1 2027
-1851848 67108864 1 231481
-1852244 16384 1 8737
-1854343 96 1 5741
-1854376 67109120 1 7993
-1854932 64 1 24407
-1855355 2 1 371071
-1855903 4 1 265129
-1857655 2 2 313 1187
-1858004 8192 1 9883
-1858255 6 1 53093
-1860356 0 1 465089
-1863727 1056 1 2963
-1865171 12 1 24223
-1865291 32 2 113 971
-1868120 33554434 1 46703
-1869611 16777216 2 107 173
-1869635 131074 1 5581
-1871588 0 1 467897
-1874219 8192 1 39877
-1874771 0 2 1171 1601
-1876472 33554448 1 18043
-1880168 67108864 2 197 1193
-1880372 16 1 36161
-1881092 131072 1 7019
-1881971 20 1 20681
-1883455 6 1 53813
-1884616 67108864 1 235577
-1884751 8 1 171341
-1884836 0 1 471209
-1889768 67125248 1 4457
-1891207 2048 2 193 239
-1891880 67108866 1 47297
-1896703 131072 1 28309
-1898263 0 2 1103 1721
-1898291 1048576 1 24029
-1899544 33554496 1 12497
-1901051 0 2 277 6863
-1901215 2 2 577 659
-1901896 67108864 1 237737
-1906472 67108864 2 167 1427
-1917679 0 2 449 4271
-1919864 33558528 1 5581
-1920536 33554432 2 431 557
-1920635 2 2 281 1367
-1922291 4 2 311 883
-1924739 262144 1 27109
-1930255 2 1 386051
-1931960 33554434 1 48299
-1933739 0 2 283 6833
-1933748 128 1 21019
-1933907 0 2 139 13913
-1936280 33554434 1 48407
-1941908 1024 1 13121
-1942499 16 1 149423
-1944155 8194 1 8273
-1944932 8 1 44203
-1946888 67108864 2 397 613
-1947035 2 2 163 2389
-1947059 98304 1 541
-1949432 33685504 1 3637
-1950068 32768 1 8263
-1956116 1024 1 13217
-1956967 1024 2 227 233
-1960388 0 1 490097
-1961891 2048 2 109 439
-1965419 128 1 85453
-1965511 8388736 1 881
-1968196 4096 1 11443
-1969256 67371008 1 3467
-1970936 33554440 1 22397
-1971655 6 1 56333
-1971656 67109888 1 6661
-1976888 33619968 1 4051
-1978327 528 1 4909
-1978787 0 2 127 15581
-1980199 80 1 8017
-1981016 33554496 1 13033
-1982647 0 2 103 19249
-1988104 67108864 2 181 1373
-1989080 33554434 1 49727
-1991540 2 1 99577
-1992436 2048 1 12149
-1992440 33554434 1 49811
-1993508 8 1 45307
-1995371 65540 1 4673
-1996255 2 2 157 2543
-1996927 1536 1 1741
-1997291 0 2 139 14369
-1998916 0 1 499729
-1999015 2 2 173 2311
-1999688 67108864 2 181 1381
-2002691 65536 1 32831
-2003012 8 1 45523
-2004055 2 2 113 3547
-2005807 1152 1 2357
-2008036 0 2 619 811
-2008139 2052 1 6997
-2008835 2 2 383 1049
-2009416 67108864 1 251177
-2012651 64 1 105929
-2014244 2097152 1 6067
-2014279 8224 1 2521
-2014331 8 2 149 1229
-2014495 6 1 57557
-2017591 64 1 106189
-2017859 32896 1 1487
-2022131 0 2 1249 1619
-2023619 16 1 155663
-2023955 2097154 1 4877
-2025848 33554440 1 23021
-2027623 80 1 8209
-2032043 131088 1 2333
-2032232 67125248 1 4793
-2032927 16 2 353 443
-2035087 32800 1 2029
-2035364 0 1 508841
-2035783 278528 1 541
-2037343 12 1 26459
-2037779 8192 2 191 227
-2038532 0 1 509633
-2049343 256 1 70667
-2050628 0 1 512657
-2051623 132 1 12743
-2053204 1024 1 13873
-2053960 67108866 1 51349
-2054552 33554464 1 15107
-2055812 8 1 46723
-2059592 83886080 1 2549
-2059691 0 2 103 19997
-2060483 0 2 163 12641
-2061560 33554434 1 51539
-2062148 8 1 46867
-2067151 131072 1 30853
-2068571 65536 1 33911
-2068712 67108992 1 11243
-2069003 1024 2 199 281
-2069215 2 2 421 983
-2070155 2 1 414031
-2071927 24 1 14489
-2073439 32 1 121967
-2075579 72 1 9931
-2080931 0 2 151 13781
-2084527 0 2 257 8111
-2085604 0 1 521401
-2086355 2 1 417271
-2090647 524304 1 2203
-2091860 2 1 104593
-2091971 4 1 298853
-2093012 0 2 277 1889
-2093876 64 1 27551
-2094103 8 2 127 1499
-2095172 0 1 523793
-2096143 65540 1 4909
-2098955 2 1 419791
-2100152 33554432 1 262519
-2101940 2 1 105097
-2106968 33554432 2 103 2557
-2109823 0 2 113 18671
-2110783 65536 1 34603
-2111963 524292 1 4133
-2111983 320 1 3833
-2112971 68 1 15887
-2114612 0 2 503 1051
-2116456 67174400 1 4337
-2116927 532480 1 617
-2117531 80 1 8573
-2122040 33554434 1 53051
-2122504 67108864 1 265313
-2124539 0 2 1423 1493
-2127272 67108868 1 37987
-2127668 0 2 331 1607
-2128379 8 2 181 1069
-2131624 67108872 1 24223
-2132644 0 2 563 947
-2135048 67109888 1 7213
-2135579 0 2 521 4099
-2138168 33554432 1 267271
-2145299 32784 1 2797
-2147416 33556480 1 6547
-2148103 32 1 126359
-2149783 2129920 1 439
-2153291 516 1 9923
-2154155 34 1 25343
-2157908 0 2 643 839
-2158927 0 2 491 4397
-2160223 16 2 107 1553
-2163371 260 1 10657
-2168455 131074 1 6473
-2169491 0 2 131 16561
-2170859 0 2 1013 2143
-2173451 2052 1 7573
-2174219 16384 1 41023
-2178463 516 1 10039
-2178515 2 2 167 2609
-2179207 512 1 70297
-2180072 67633152 1 3733
-2182472 67108864 1 272809
-2184463 0 2 919 2377
-2185336 33554432 2 173 1579
-2186596 64 1 28771
-2188015 32770 1 7417
-2189383 4 2 257 1217
-2189887 4 1 312841
-2190703 0 2 283 7741
-2191955 2 1 438391
-2192263 557056 1 509
-2193092 8 1 49843
-2193284 64 1 28859
-2195167 16 2 131 1289
-2195252 1048576 1 6947
-2195459 4 1 313637
-2195896 33570816 1 5179
-2195939 65536 1 35999
-2196055 16386 1 8287
-2196676 0 1 549169
-2196851 16777216 1 21751
-2198695 34 1 25867
-2199007 131200 1 1427
-2200568 33558528 1 6397
-2201348 0 1 550337
-2205463 80 1 8929
-2205655 2 2 503 877
-2208179 4198400 1 577
-2209688 33554448 1 21247
-2210143 16 2 197 863
-2211752 67108928 1 14551
-2220584 67108864 2 197 1409
-2220659 36 1 18661
-2223332 0 2 131 4243
-2223395 131074 1 6637
-2227807 1088 1 3169
-2229727 8192 1 47441
-2230667 8704 1 1531
-2231383 12 1 28979
-2233204 0 2 179 3119
-2236040 67108866 1 55901
-2236264 67108864 2 443 631
-2236307 8192 1 47581
-2236691 0 2 953 2347
-2236739 0 2 569 3931
-2239988 32 1 32941
-2245423 512 2 113 641
-2246887 0 2 1381 1627
-2248564 1024 1 15193
-2248595 130 1 19553
-2249047 0 2 757 2971
-2249891 4 1 321413
-2250371 524544 1 1063
-2251316 0 2 197 2857
-2253092 32768 1 9547
-2253823 24 1 15761
-2258468 0 1 564617
-2259607 4100 1 7507
-2260855 2 1 452171
-2263979 2048 1 55219
-2264215 1026 1 12239
-2265320 67108866 1 56633
-2268299 8 1 206209
-2268392 67108868 1 40507
-2268419 131072 1 33857
-2270695 6 1 64877
-2273767 32 2 131 1021
-2277032 67108864 2 379 751
-2277752 50331648 1 2819
-2279771 528 1 5657
-2283203 16 1 175631
-2285143 4 1 326449
-2287067 8192 1 48661
-2287160 33554434 1 57179
-2287615 10 1 41593
-2288647 0 2 971 2357
-2291335 2 2 487 941
-2296451 1050624 1 709
-2298536 67108896 1 16901
-2299835 2 2 317 1451
-2302811 65540 1 5393
-2308456 83886080 1 2857
-2309647 524544 1 1091
-2312767 0 2 157 14731
-2312863 4 1 330409
-2317447 8 2 457 461
-2319851 0 2 499 4649
-2321348 0 2 499 1163
-2321555 2 1 464311
-2322452 8 1 52783
-2322692 0 1 580673
-2324887 0 2 1301 1787
-2327167 786432 1 449
-2327464 67108864 2 107 2719
-2328308 2048 1 14197
-2329144 33554432 1 291143
-2330263 1048592 1 2269
-2332087 0 2 383 6089
-2332856 33554432 2 163 1789
-2339432 67108928 1 15391
-2340755 2 1 468151
-2343844 4096 1 13627
-2343943 36 1 19697
-2344903 8 1 213173
-2352203 4 1 336029
-2352664 33554464 1 17299
-2352728 33554436 1 42013
-2357912 33554432 2 359 821
-2359208 67109120 1 10169
-2361140 2 1 118057
-2362783 1088 1 3361
-2364779 32768 2 149 269
-2365064 67108880 1 22741
-2366584 33554440 1 26893
-2368259 1024 1 64007
-2368619 8 1 215329
-2371112 67110912 1 7229
-2374564 0 1 593641
-2374804 4096 1 13807
-2376923 4194336 1 1571
-2379299 16 1 183023
-2379428 0 1 594857
-2380756 4 1 85027
-2381432 33554432 2 109 2731
-2381987 0 2 461 5167
-2385976 33554432 1 298247
-2389928 67108896 1 17573
-2390296 33554688 1 10303
-2391131 64 2 317 397
-2391727 16 1 183979
-2393411 64 2 103 1223
-2393912 33554432 1 299239
-2397155 2 1 479431
-2397731 36 1 20149
-2400308 64 1 31583
-2401543 64 1 126397
-2401592 33554432 2 317 947
-2403512 33554432 1 300439
-2403635 18 1 36979
-2404303 264 1 7537
-2412419 32 1 141907
-2418655 16386 1 9127
-2419835 10 1 43997
-2419880 67108866 1 60497
-2422979 272 1 6427
-2424419 64 1 127601
-2424535 2050 1 11827
-2426503 2048 1 59183
-2428936 67108864 1 303617
-2431595 34 1 28607
-2433155 4098 1 11317
-2433176 33554464 1 17891
-2436244 0 2 751 811
-2436664 33554432 2 541 563
-2438984 67108864 2 109 2797
-2440303 64 1 128437
-2443096 33554496 1 16073
-2443592 67108864 1 305449
-2444099 16777220 1 3457
-2445223 8 1 222293
-2456819 32768 1 41641
-2458504 67109120 1 10597
-2459480 33554434 1 61487
-2462132 2048 1 15013
-2464135 32770 1 8353
-2464283 512 1 79493
-2465863 2048 2 137 439
-2466920 67108866 1 61673
-2467115 6 1 70489
-2467384 33554432 1 308423
-2467663 72 1 11807
-2468120 33554434 1 61703
-2468531 16 1 189887
-2469155 18 1 37987
-2469539 32 1 145267
-2474527 8 2 227 991
-2477828 64 1 32603
-2478467 1048576 2 137 229
-2478856 67108864 1 309857
-2479976 67125248 1 5849
-2480747 256 2 131 653
-2481947 262160 1 2689
-2483492 8 1 56443
-2483695 2 2 317 1567
-2484799 16384 2 173 271
-2486644 64 1 32719
-2490635 6 1 71161
-2492372 128 1 27091
-2492935 2 2 457 1091
-2495579 262144 1 35149
-2497864 67108864 1 312233
-2497955 2 1 499591
-2499131 8192 1 53173
-2502851 80 1 10133
-2503019 256 1 86311
-2503207 4 2 541 661
-2503783 32768 1 42437
-2504623 8 1 227693
-2507983 0 2 911 2753
-2508487 1048576 2 113 281
-2510708 0 2 683 919
-2515207 0 2 151 16657
-2516023 0 2 229 10987
-2516792 33554432 1 314599
-2517727 512 2 241 337
-2519288 33554688 1 10859
-2519291 0 2 523 4817
-2521688 33554448 1 24247
-2522891 4 2 353 1021
-2523971 1052672 1 743
-2525672 67141632 1 5351
-2528579 4194304 1 28411
-2529299 64 1 133121
-2530216 67108880 1 24329
-2534104 33554432 2 173 1831
-2537387 4096 1 59009
-2538295 131074 1 7577
-2538488 33570816 1 5987
-2539892 512 1 20483
-2540116 0 2 691 919
-2540939 32 2 137 1091
-2541731 0 2 103 24677
-2542255 2 1 508451
-2542292 0 2 569 1117
-2542388 0 2 397 1601
-2545139 0 2 751 3389
-2548516 0 1 637129
-2554211 4194312 1 2609
-2556196 0 1 639049
-2557763 16 1 196751
-2558648 33554432 1 319831
-2559491 8 1 232681
-2560868 0 2 499 1283
-2561339 40 1 13697
-2562059 0 2 1087 2357
-2564479 0 2 163 15733
-2565271 0 2 1093 2347
-2566328 33554432 1 320791
-2570116 0 1 642529
-2572328 67108872 1 29231
-2578063 6291456 1 349
-2579219 8192 1 54877
-2579860 2 1 128993
-2580244 0 2 239 2699
-2581684 4 1 92203
-2581691 4 2 397 929
-2584063 0 3 109 151 157
-2584520 67108866 1 64613
-2585956 0 2 139 4651
-2586568 67109120 1 11149
-2586731 2052 1 9013
-2587208 67108880 1 24877
-2587379 0 2 887 2917
-2588435 1048578 1 6553
-2591887 1024 1 70051
-2595364 0 1 648841
-2595592 67108864 1 324449
-2597843 0 2 977 2659
-2598968 33554432 1 324871
-2605924 0 1 651481
-2607007 528 1 6469
-2610056 67108864 1 326257
-2613367 0 2 439 5953
-2616611 0 2 211 12401
-2620183 128 1 113921
-2620756 0 2 151 4339
-2621983 20 1 28813
-2622227 1024 2 131 541
-2624824 33554432 1 328103
-2627108 8 1 59707
-2627972 0 1 656993
-2630503 65792 1 1487
-2631512 33554448 1 25303
-2632019 16 2 293 691
-2632568 33554432 2 109 3019
-2634724 0 1 658681
-2636296 67108880 1 25349
-2639819 20 1 29009
-2641955 2 1 528391
-2644355 6 1 75553
-2647495 34 1 31147
-2649971 0 2 353 7507
-2651720 67108866 1 66293
-2652803 0 2 1163 2281
-2654627 2048 1 64747
-2656292 0 2 571 1163
-2659060 2 1 132953
-2659355 2 1 531871
-2661848 33554436 1 47533
-2661971 8388624 1 2111
-2663060 2 1 133153
-2665684 4 1 95203
-2667076 0 1 666769
-2668040 67108866 1 66701
-2668216 33587200 1 5653
-2670007 0 2 739 3613
-2670488 33554496 1 17569
-2675771 4 1 382253
-2679727 32 2 283 557
-2680139 12 1 34807
-2680859 0 2 283 9473
-2681003 16 2 271 761
-2681287 4 1 383041
-2682968 33554432 2 151 2221
-2683955 2 1 536791
-2688779 4194304 1 30211
-2689384 67108864 2 379 887
-2689471 0 2 191 14081
-2690132 0 2 137 4909
-2690983 4096 1 62581
-2691083 32 2 311 509
-2692084 0 2 293 2297
-2693963 0 2 157 17159
-2694011 0 2 271 9941
-2694131 8 2 257 953
-2694248 67174400 1 5521
-2697895 2 2 227 2377
-2701783 4 2 109 3541
-2702099 16416 1 2999
-2703899 8 2 409 601
-2704036 0 1 676009
-2704139 524320 1 2179
-2704808 67108864 2 199 1699
-2709604 0 2 131 5171
-2709752 33587200 1 5741
-2709755 2 1 541951
-2710232 33554436 1 48397
-2710235 10 1 49277
-2717215 2 2 419 1297
-2718803 262144 2 149 257
-2720372 32768 1 11527
-2721140 2 1 136057
-2721251 16 1 209327
-2724152 33554432 1 340519
-2727428 8 1 61987
-2727976 67110912 1 8317
-2729528 33554432 1 341191
-2731307 320 1 4957
-2731955 2 1 546391
-2733140 2 1 136657
-2734067 4 1 390581
-2736127 4456448 1 433
-2736755 6 1 78193
-2740883 64 2 181 797
-2741051 768 1 3049
-2741348 0 1 685337
-2743988 16 1 52769
-2744915 2 2 239 2297
-2745203 0 2 863 3181
-2745295 6 1 78437
-2746696 67108864 1 343337
-2748856 33554440 1 31237
-2751755 2 1 550351
-2752292 0 1 688073
-2758612 0 2 163 4231
-2760376 33554432 1 345047
-2761876 16 1 53113
-2764811 262148 1 5563
-2765023 131072 1 41269
-2765051 64 2 269 541
-2765080 33554434 1 69127
-2765108 64 1 36383
-2769256 67108868 1 49451
-2769539 0 2 839 3301
-2770024 67108864 2 181 1913
-2770564 0 1 692641
-2772184 33554432 2 197 1759
-2774647 0 2 593 4679
-2774824 67108880 1 26681
-2775736 33558528 1 8069
-2779688 67108992 1 15107
-2780315 2 2 463 1201
-2782984 67108864 1 347873
-2783531 2048 1 67891
-2783828 128 1 30259
-2787203 0 2 173 16111
-2787347 128 1 121189
-2798291 2048 2 131 521
-2802440 67108866 1 70061
-2802655 2 1 560531
-2809447 1024 1 75931
-2810291 8 2 449 569
-2810968 33554560 1 15277
-2811011 524292 1 5501
-2815115 34 1 33119
-2817572 0 1 704393
-2818015 2 2 373 1511
-2819896 33685504 1 5261
-2821235 34 1 33191
-2824715 2 2 229 2467
-2827183 128 1 122921
-2828372 0 2 139 5087
-2829908 1024 1 19121
-2838395 6 1 81097
-2844823 0 2 1289 2207
-2845880 33554434 1 71147
-2848063 512 1 91873
-2848543 0 2 751 3793
-2850632 67108864 2 349 1021
-2851687 0 2 233 12239
-2851927 16 2 431 509
-2854355 6 1 81553
-2855891 256 1 98479
-2856632 33554432 1 357079
-2861252 0 1 715313
-2863931 4194308 1 4597
-2866868 4194304 1 8053
-2867348 8 1 65167
-2868692 8192 1 15259
-2871992 33554432 1 358999
-2874131 16 1 221087
-2874367 131072 1 42901
-2875748 0 1 718937
-2878052 131072 1 10739
-2878088 67108864 1 359761
-2880823 16777224 1 2593
-2882047 4 1 411721
-2883539 0 2 1303 2213
-2887172 0 1 721793
-2888888 33554432 1 361111
-2889131 4 2 271 1523
-2889316 0 2 563 1283
-2891915 18 1 44491
-2897983 8 2 109 2417
-2909912 33570816 1 6863
-2910424 33554440 1 33073
-2914783 0 2 883 3301
-2916052 0 2 601 1213
-2923444 1024 1 19753
-2924435 2 2 487 1201
-2924891 524288 2 103 389
-2926567 36 1 24593
-2932568 33554464 1 21563
-2934971 16 1 225767
-2935832 33554464 1 21587
-2938328 33554432 2 311 1181
-2938952 67108864 1 367369
-2941336 33554432 2 337 1091
-2943736 33554432 2 227 1621
-2944712 67108864 1 368089
-2945435 262146 1 8297
-2949419 524296 1 3673
-2952247 0 2 179 16493
-2953115 10 1 53693
-2953855 2 1 590771
-2955128 33554440 1 33581
-2957528 33554436 1 52813
-2958008 33554432 1 369751
-2959499 32768 2 103 487
-2961491 16 2 157 1451
-2962211 4 1 423173
-2963555 6 1 84673
-2967848 67108880 1 28537
-2969047 128 1 129089
-2969531 1048576 1 37589
-2970199 0 2 373 7963
-2973155 2 2 587 1013
-2974568 67112960 1 8647
-2976916 0 2 523 1423
-2980447 2097152 2 149 241
-2981555 2 2 107 5573
-2981771 16 2 347 661
-2988635 18 1 45979
-2991467 528384 1 953
-2991727 262400 1 1453
-2994136 33554432 2 131 2857
-3001940 2 1 150097
-3002168 33554448 1 28867
-3004355 2 2 337 1783
-3004472 33554432 1 375559
-3004772 0 1 751193
-3005171 528 1 7457
-3008167 32 1 176951
-3008579 4 1 429797
-3009347 1048584 1 3463
-3012424 67174400 1 6173
-3014987 0 2 317 9511
-3015256 33554464 1 22171
-3017896 67108868 1 53891
-3019739 128 1 131293
-3020104 67108864 1 377513
-3020723 1048576 1 38237
-3023027 516 1 13931
-3027604 2048 1 18461
-3029383 36 1 25457
-3029819 1040 1 6299
-3030088 67108864 1 378761
-3031883 65664 1 2161
-3033368 33554448 1 29167
-3034760 67108866 1 75869
-3037091 0 2 191 15901
-3044123 64 1 160217
-3044948 16777216 1 7537
-3045967 512 1 98257
-3052379 65544 1 4549
-3053828 0 1 763457
-3055051 0 2 131 23321
-3057604 8 1 69491
-3058148 131072 1 11411
-3058183 262208 1 2267
-3058451 8 1 278041
-3059363 0 2 677 4519
-3059507 40 1 16361
-3059767 0 2 131 23357
-3060103 512 1 98713
-3062644 16 1 58897
-3063016 67108872 1 34807
-3065771 2101248 1 859
-3068680 67108866 1 76717
-3068987 4194304 1 34483
-3070211 0 2 1409 2179
-3070615 130 1 26701
-3071080 67108866 1 76777
-3073307 64 1 161753
-3075272 67125248 1 7253
-3075604 4 1 109843
-3077416 67108864 2 313 1229
-3080987 20 1 33857
-3081992 67108864 1 385249
-3082423 544 1 5849
-3082715 2 2 257 2399
-3084103 8 1 280373
-3084971 16384 1 58207
-3085576 67108880 1 29669
-3087371 4 1 441053
-3088403 0 3 113 151 181
-3088472 33554432 2 149 2591
-3089044 4 1 110323
-3094936 33554448 1 29759
-3097880 33554434 1 77447
-3099155 2 1 619831
-3099515 2 2 229 2707
-3101764 0 1 775441
-3102436 0 2 523 1483
-3102683 0 2 383 8101
-3104312 33554432 2 173 2243
-3106360 33554434 1 77659
-3107867 16388 1 8377
-3109955 2 2 107 5813
-3110891 4 2 521 853
-3113668 0 1 778417
-3118532 4096 1 18131
-3118696 67108868 1 55691
-3118744 41943040 1 4019
-3121931 32 2 227 809
-3122312 67108864 1 390289
-3123707 0 2 971 3217
-3125263 160 1 7993
-3125455 4098 1 14537
-3126563 8 1 284233
-3127688 67108864 1 390961
-3133835 2050 1 15287
-3134296 33554440 1 35617
-3134695 2 2 313 2003
-3135155 2 2 607 1033
-3138452 0 2 389 2017
-3139091 512 2 109 929
-3139927 4 1 448561
-3142148 0 1 785537
-3148564 0 2 311 2531
-3150136 33554440 1 35797
-3154084 0 1 788521
-3154955 2 2 197 3203
-3158072 33554432 1 394759
-3160019 16384 2 109 547
-3162395 8194 1 13457
-3165347 0 2 569 5563
-3166115 2 2 337 1879
-3167887 32768 1 53693
-3167896 33558528 1 9209
-3169444 4096 1 18427
-3169832 67108864 2 193 2053
-3177755 6 1 90793
-3179192 33554432 2 587 677
-3181172 1048576 1 10067
-3182699 8208 1 5209
-3184052 0 2 179 4447
-3186916 0 2 179 4451
-3187763 64 1 167777
-3192248 33554432 1 399031
-3192632 33554432 1 399079
-3195316 0 2 571 1399
-3197819 32 1 188107
-3198728 67108880 1 30757
-3200072 67108864 1 400009
-3205595 2 2 677 947
-3211355 6 1 91753
-3211807 0 2 241 13327
-3212296 67108864 1 401537
-3213880 33554434 1 80347
-3220687 524288 1 44119
-3221219 128 1 140053
-3222827 0 2 1609 2003
-3224056 33554440 1 36637
-3225928 67108864 1 403241
-3226163 16640 1 2099
-3228731 1032 1 7933
-3230104 34078720 1 5531
-3233764 0 1 808441
-3238379 64 1 170441
-3240760 33554434 1 81019
-3240920 33554434 1 81023
-3241187 0 2 1663 1949
-3241787 0 2 227 14281
-3246212 0 1 811553
-3248219 16 1 249863
-3248648 67108880 1 31237
-3250499 4100 1 10799
-3253508 0 1 813377
-3258452 32768 1 13807
-3259636 0 2 509 1601
-3259684 131072 1 12163
-3260335 18 1 50159
-3264155 2 1 652831
-3265163 8 1 296833
-3269944 33554432 1 408743
-3270004 512 1 26371
-3272579 2112 1 4201
-3278171 16 2 461 547
-3279364 8 1 74531
-3280955 2 2 113 5807
-3281555 2 1 656311
-3286259 64 2 257 673
-3286804 8192 1 17483
-3289051 0 2 709 4639
-3290440 67108866 1 82261
-3292084 32 1 48413
-3292372 0 2 223 3691
-3294436 2097152 1 9923
-3296171 0 2 1181 2791
-3298927 512 1 106417
-3299048 67108864 2 151 2731
-3300155 130 1 28697
-3302651 8 2 113 2657
-3306376 67108864 2 173 2389
-3309299 4 2 233 2029
-3310379 256 2 211 541
-3310579 64 1 174241
-3316811 64 1 174569
-3317795 18 1 51043
-3320023 4 1 474289
-3320219 36 1 27901
-3324583 0 2 263 12641
-3326767 64 2 311 563
-3326852 0 1 831713
-3327851 524288 1 45587
-3328283 4 1 475469
-3328888 33558528 1 9677
-3330212 0 2 419 1987
-3330707 2097152 1 40129
-3330760 67108866 1 83269
-3331459 0 2 199 16741
-3335171 4 2 523 911
-3335767 16384 1 62939
-3337771 0 2 197 16943
-3339035 6 1 95401
-3340696 33570816 1 7879
-3343112 67108864 2 509 821
-3343163 0 2 1049 3187
-3343427 2048 1 81547
-3345059 1024 1 90407
-3351988 16777216 1 8297
-3352648 67108880 1 32237
-3356404 0 2 487 1723
-3356603 2098176 1 1093
-3357976 33554464 1 24691
-3359032 33554432 2 643 653
-3360680 67108866 1 84017
-3363124 0 2 347 2423
-3364811 16384 1 63487
-3367403 16 2 431 601
-3373624 33554432 1 421703
-3376211 0 2 211 16001
-3378488 33554432 1 422311
-3379447 32 2 269 739
-3380708 64 1 44483
-3382292 0 2 677 1249
-3383243 66560 1 1499
-3383528 67108864 2 577 733
-3384395 6 1 96697
-3385283 8 2 467 659
-3386603 8 1 307873
-3387064 35651584 1 5101
-3387683 1040 1 7043
-3388088 33554440 1 38501
-3389863 16777216 1 33563
-3393976 33554432 1 424247
-3397927 16 1 261379
-3401528 33554448 1 32707
-3401656 33554432 1 425207
-3403691 0 2 151 22541
-3404387 4 1 486341
-3407287 16 2 349 751
-3409307 8 1 309937
-3411059 65536 2 199 281
-3413224 67109376 1 13763
-3415624 67108864 2 109 3917
-3418043 64 1 179897
-3418235 16386 1 12899
-3419896 33554432 2 293 1459
-3423107 0 2 1051 3257
-3424595 16386 1 12923
-3424859 0 2 1019 3361
-3424927 8 2 503 619
-3427019 512 2 227 487
-3433828 0 1 858457
-3433876 2097152 1 10343
-3436232 67108864 1 429529
-3440168 67108864 2 487 883
-3441995 2 2 613 1123
-3443896 33554432 1 430487
-3445447 0 2 479 7193
-3449027 0 2 1451 2377
-3449527 0 2 347 9941
-3451259 4 2 229 2153
-3452555 2 1 690511
-3453203 16 2 491 541
-3454903 64 1 181837
-3456827 8 1 314257
-3457643 4 2 181 2729
-3460235 130 1 30089
-3461252 0 1 865313
-3471976 83886080 1 4297
-3476939 65536 1 56999
-3477463 8 1 316133
-3478619 0 2 103 33773
-3478996 0 2 523 1663
-3481336 33554432 2 277 1571
-3481427 8388672 1 1889
-3482387 0 2 751 4637
-3484835 32770 1 11813
-3485099 0 2 331 10529
-3492904 67633152 1 5981
-3494459 128 2 137 1109
-3494887 8 1 317717
-3495011 144 1 11689
-3499876 64 1 46051
-3500003 16 1 269231
-3505063 64 1 184477
-3508472 33554440 1 39869
-3509428 16 1 67489
-3509560 33554434 1 87739
-3517219 0 2 131 26849
-3517571 0 2 349 10079
-3518795 6 1 100537
-3520696 33554432 1 440087
-3520996 0 1 880249
-3525155 2 1 705031
-3526139 256 1 121591
-3530836 1024 1 23857
-3532835 524290 1 9679
-3533092 0 1 883273
-3536056 33554432 1 442007
-3536387 512 1 114077
-3537395 4098 1 16453
-3538931 8 1 321721
-3540227 1050624 1 1093
-3545432 33554440 1 40289
-3548612 0 1 887153
-3549083 2048 2 107 809
-3551048 67108864 1 443881
-3554596 64 1 46771
-3554920 67108866 1 88873
-3555332 8 1 80803
-3555539 16 1 273503
-3561652 512 1 28723
-3562283 262144 2 131 383
-3562516 128 1 38723
-3563320 33554434 1 89083
-3564295 6 1 101837
-3565384 67108864 2 349 1277
-3567976 67109376 1 14387
-3573032 67109120 1 15401
-3576707 128 1 155509
-3583043 1024 2 179 541
-3585947 0 2 773 4639
-3585992 67108864 1 448249
-3586084 0 1 896521
-3586216 67108864 2 191 2347
-3589043 64 2 109 1733
-3591208 67108864 2 593 757
-3592084 0 2 223 4027
-3593143 131072 1 53629
-3594107 8 1 326737
-3595355 2 1 719071
-3597076 4 1 128467
-3597256 67108880 1 34589
-3605080 33554434 1 90127
-3605219 16384 1 68023
-3605267 0 2 1013 3559
-3606323 516 1 16619
-3606707 16 2 421 659
-3606724 8 1 81971
-3607096 33554432 1 450887
-3608339 4 1 515477
-3608680 67108866 1 90217
-3609604 0 1 902401
-3610787 512 2 269 433
-3610996 16384 1 17033
-3611704 33554432 2 661 683
-3612808 67108864 1 451601
-3613156 2097152 1 10883
-3614971 16384 1 68207
-3616120 33554434 1 90403
-3616667 16384 1 68239
-3617224 67108880 1 34781
-3618760 67108866 1 90469
-3619816 67108864 2 331 1367
-3620920 33554434 1 90523
-3622663 8 1 329333
-3623603 32768 1 61417
-3624347 4194304 2 193 211
-3625187 0 2 373 9719
-3627128 33554432 2 131 3461
-3628355 2 1 725671
-3631499 2097152 1 43753
-3636856 33554432 2 163 2789
-3637651 0 2 103 35317
-3637667 8 1 330697
-3638819 1048576 1 46061
-3645323 8 2 283 1171
-3649423 131072 1 54469
-3649523 0 2 269 13567
-3649739 16384 1 68863
-3652979 4104 1 7723
-3653963 32 1 214939
-3654008 33554432 2 661 691
-3655156 1024 1 24697
-3655720 67108866 1 91393
-3656459 8192 1 77797
-3656555 6 1 104473
-3660683 8388624 1 2903
-3663064 33554432 2 263 1741
-3663080 67108866 1 91577
-3667684 64 1 48259
-3668536 33554432 1 458567
-3675247 1056 1 5843
-3676648 67108864 2 251 1831
-3676772 8 1 83563
-3676808 67108864 2 197 2333
-3677572 0 1 919393
-3678995 16386 1 13883
-3681140 2 1 184057
-3684943 256 2 283 449
-3685163 1024 2 137 727
-3685636 0 1 921409
-3689188 0 2 283 3259
-3691540 2 1 184577
-3697043 132 1 22963
-3698488 33554432 1 462311
-3699755 2 1 739951
-3701219 2097216 1 2347
-3704383 0 2 1031 3593
-3712516 32768 1 15731
-3715931 4096 2 103 839
-3716548 8 1 84467
-3718135 1048578 1 9413
-3719435 2 2 479 1553
-3721447 2048 2 139 653
-3721624 37748736 1 5227
-3723124 0 2 113 8237
-3724763 4 2 409 1301
-3730715 130 1 32441
-3731828 64 1 49103
-3731899 0 2 313 11923
-3733219 4 1 533317
-3734147 0 2 457 8171
-3734644 0 2 683 1367
-3735659 0 2 181 20639
-3737971 0 2 1259 2969
-3744340 2 1 187217
-3746072 33554440 1 42569
-3746371 2097152 1 45137
-3746579 524320 1 3019
-3748043 16 2 229 1259
-3751715 10 1 68213
-3754984 67108864 2 131 3583
-3756107 128 1 163309
-3756563 65536 1 61583
-3758195 6 1 107377
-3758948 0 1 939737
-3761848 33554496 1 24749
-3763783 32 1 221399
-3765347 65568 1 3631
-3771064 33554440 1 42853
-3771755 18 1 58027
-3777619 0 2 577 6547
-3778952 67108864 1 472369
-3782023 4 2 409 1321
-3782611 4 1 540373
-3784043 4096 1 88001
-3788315 66 1 39877
-3790715 2 2 607 1249
-3793624 33554432 2 227 2089
-3794099 2304 1 3191
-3794296 33554440 1 43117
-3797651 24 1 26557
-3800147 16 1 292319
-3801659 32 2 113 1979
-3801707 20 1 41777
-3806627 264 1 11933
-3807428 0 2 571 1667
-3807508 0 2 827 1151
-3808379 64 2 227 883
-3811051 0 2 293 13007
-3811931 32768 1 64609
-3814324 32 1 56093
-3814783 36 1 32057
-3816488 67108880 1 36697
-3816947 0 2 131 29137
-3829348 0 1 957337
-3832264 67174400 1 7853
-3833767 4 1 547681
-3835163 256 1 132247
-3838451 512 1 123821
-3841547 0 2 1459 2633
-3842164 0 2 239 4019
-3843128 33554432 1 480391
-3843155 2 1 768631
-3844660 2 1 192233
-3846004 0 2 509 1889
-3847447 0 2 503 7649
-3848507 80 1 15581
-3850148 0 1 962537
-3850996 64 1 50671
-3851339 0 2 827 4657
-3851944 67108864 2 113 4261
-3851956 0 2 233 4133
-3852211 65544 1 5741
-3853099 262144 1 54269
-3853543 32 2 419 541
-3855943 20 1 42373
-3860027 2560 1 3037
-3860315 2 2 151 5113
-3864179 8 1 351289
-3864472 33619968 1 7919
-3864635 2 2 359 2153
-3867755 34 1 45503
-3869752 33554432 1 483719
-3871352 33554432 2 277 1747
-3872164 0 1 968041
-3873076 32 1 56957
-3877835 18 1 59659
-3880504 33554432 1 485063
-3880667 4194308 1 6229
-3881284 8 1 88211
-3883303 256 2 359 373
-3885304 33554688 1 16747
-3885491 0 2 107 36313
-3886331 16384 1 73327
-3886756 0 2 491 1979
-3894244 0 1 973561
-3894259 8388672 1 2113
-3894424 33558528 1 11321
-3898643 4 2 521 1069
-3898984 67108896 1 28669
-3905143 8 2 109 3257
-3907043 4 1 558149
-3907907 128 1 169909
-3908747 0 3 103 137 277
-3910979 4160 1 4787
-3914051 0 2 877 4463
-3916088 33554440 1 44501
-3919684 0 1 979921
-3921256 67112960 1 11399
-3923123 0 2 211 18593
-3923459 65536 1 64319
-3924152 33554432 1 490519
-3925336 33554432 2 239 2053
-3928712 67108864 2 397 1237
-3928835 2 2 139 5653
-3932116 0 2 337 2917
-3940456 67108880 1 37889
-3941176 33554432 1 492647
-3942152 67108864 1 492769
-3943012 0 2 179 5507
-3943579 2097152 1 47513
-3948376 33562624 1 10501
-3952667 0 2 109 36263
-3956003 1536 1 3449
-3958235 514 1 25537
-3960571 131072 1 59113
-3961379 18432 1 1823
-3962123 8 1 360193
-3966419 640 1 5563
-3975995 4098 1 18493
-3983555 2 1 796711
-3984184 33554432 2 349 1427
-3984280 33554434 1 99607
-3987131 64 2 173 1213
-3988595 18 1 61363
-3991096 33554688 1 17203
-3998584 33554432 2 397 1259
-3998836 0 2 223 4483
-3999011 0 2 149 26839
-4003979 65540 1 9377
-4004099 8 2 137 2657
-4008155 2 1 801631
-4008664 33554440 1 45553
-4009355 6 1 114553
-4010644 8 1 91151
-4014539 8388608 1 41387
-4015144 67108868 1 71699
-4018183 16 1 309091
-4019044 0 1 1004761
-4019896 33554432 1 502487
-4021960 67108866 1 100549
-4025956 8 1 91499
-4030939 32776 1 6211
-4031672 33554432 1 503959
-4032395 131074 1 12037
-4037483 32 2 439 541
-4037972 128 1 43891
-4038683 8 2 571 643
-4039787 256 1 139303
-4040483 320 1 7333
-4041064 67108864 2 463 1091
-4041368 33554432 2 181 2791
-4044088 33554432 1 505511
-4044587 64 1 212873
-4046747 8448 1 2969
-4048052 256 1 34897
-4048543 0 2 523 7741
-4049027 0 2 1097 3691
-4051096 33554436 1 72341
-4051384 33554432 1 506423
-4051480 33554434 1 101287
-4052195 6 1 115777
-4052836 4096 1 23563
-4055972 0 1 1013993
-4057988 8 1 92227
-4060036 0 1 1015009
-4060543 0 3 107 137 277
-4060888 33554448 1 39047
-4063667 8192 1 86461
-4067459 8 2 197 1877
-4067555 2 1 813511
-4068827 4 1 581261
-4069336 33554432 2 271 1877
-4071352 33554432 1 508919
-4073503 4 2 179 3251
-4073699 4 2 521 1117
-4076132 0 1 1019033
-4078355 2 1 815671
-4078628 0 1 1019657
-4080904 67108864 2 293 1741
-4082179 0 2 307 13297
-4082983 128 2 167 1063
-4083844 0 1 1020961
-4084996 0 2 547 1867
-4085411 262152 1 5231
-4085611 16384 2 157 491
-4087283 0 2 263 15541
-4087624 67108864 2 661 773
-4093480 67108866 1 102337
-4094387 520 1 12007
-4095923 16 2 509 619
-4098452 64 1 53927
-4099019 0 2 719 5701
-4099384 33554432 2 107 4789
-4101443 1048576 2 193 269
-4101463 0 2 257 15959
-4103147 139264 1 1303
-4108595 2 2 373 2203
-4111955 2 1 822391
-4113272 33554496 1 27061
-4114648 37748736 1 5779
-4119892 4 1 147139
-4121851 4096 1 95857
-4122136 33619968 1 8447
-4123663 0 2 887 4649
-4125752 33587200 1 8741
-4126084 0 1 1031521
-4127764 128 1 44867
-4134995 34 1 48647
-4136596 128 1 44963
-4137304 33554432 2 103 5021
-4139812 0 1 1034953
-4143371 1024 2 113 991
-4143659 16 1 318743
-4144148 1024 1 28001
-4145108 8 1 94207
-4145383 8 1 376853
-4145768 67108872 1 47111
-4149683 160 1 10613
-4151492 0 1 1037873
-4152676 8 1 94379
-4155947 0 3 103 157 257
-4158632 69206016 1 6263
-4158808 33554432 2 641 811
-4160584 67108864 1 520073
-4160836 0 2 683 1523
-4161007 256 1 143483
-4161155 2 2 127 6553
-4161556 4 1 148627
-4163716 0 1 1040929
-4164920 33554434 1 104123
-4167179 0 2 109 38231
-4179640 33554434 1 104491
-4180115 2 2 313 2671
-4180955 2 1 836191
-4183652 8 1 95083
-4187627 32 2 313 787
-4188616 67108864 1 523577
-4188755 2 2 827 1013
-4189571 0 2 601 6971
-4190776 33554432 1 523847
-4191608 33554432 2 709 739
-4193896 67108868 1 74891
-4194367 16384 1 79139
-4194436 0 1 1048609
-4194488 35651584 1 6317
-4197635 18 1 64579
-4198804 2097152 1 12647
-4200467 128 2 181 1009
-4202815 2 2 239 3517
-4202987 262144 1 59197
-4204355 34 1 49463
-4205023 64 1 221317
-4206155 2 1 841231
-4210120 67108866 1 105253
-4213955 2 1 842791
-4214072 33554432 1 526759
-4215160 33554434 1 105379
-4215755 2 2 863 977
-4216115 524290 1 11551
-4216543 0 2 467 9029
-4219259 8 2 541 709
-4219499 0 2 109 38711
-4219528 67108864 1 527441
-4221832 67108864 1 527729
-4222291 0 2 587 7193
-4226051 0 2 727 5813
-4226920 67108866 1 105673
-4227736 33554688 1 18223
-4228543 8200 1 8179
-4230664 67108864 1 528833
-4231048 67108864 1 528881
-4234451 16 2 307 1061
-4234504 67108864 1 529313
-4234955 34 1 49823
-4235131 1280 1 3947
-4239352 33554448 1 40763
-4239736 33554496 1 27893
-4247915 6 1 121369
-4249720 33554434 1 106243
-4251736 33554432 2 131 4057
-4252216 33554432 2 349 1523
-4252571 4096 1 98897
-4252744 67108864 2 109 4877
-4255156 0 2 239 4451
-4257299 0 2 103 41333
-4262164 0 2 557 1913
-4265339 16 1 328103
-4266196 8 1 96959
-4268195 2 2 193 4423
-4269332 524288 1 14621
-4272347 8192 1 90901
-4273547 32768 2 113 641
-4273684 4096 1 24847
-4275892 512 1 34483
-4276715 2 2 233 3671
-4278280 67108866 1 106957
-4283603 65536 1 70223
-4290227 0 2 173 24799
-4290395 8194 1 18257
-4290712 33558528 1 12473
-4293076 32768 1 18191
-4293395 2 2 307 2797
-4294883 4096 1 99881
-4296424 67108872 1 48823
-4299448 33587200 1 9109
-4300643 32 1 252979
-4301012 0 2 179 6007
-4301795 2 2 103 8353
-4302619 1024 2 103 1129
-4303339 256 2 179 829
-4303864 33554432 2 283 1901
-4304747 0 2 1811 2377
-4308676 0 2 107 10067
-4312324 0 1 1078081
-4318567 72 1 20663
-4319971 4194304 1 48539
-4321172 0 2 227 4759
-4321739 0 2 157 27527
-4325171 1064960 1 1033
-4326676 0 2 569 1901
-4327547 16777220 1 6121
-4328440 33554434 1 108211
-4329635 130 1 37649
-4329784 33554432 2 373 1451
-4330811 0 2 167 25933
-4330907 4 2 347 1783
-4330984 67108868 1 77339
-4332340 2 1 216617
-4341172 8 1 98663
-4342564 64 1 57139
-4342612 8192 1 23099
-4346068 0 2 863 1259
-4346243 8 1 395113
-4347556 0 2 547 1987
-4349080 33554434 1 108727
-4349704 67108864 1 543713
-4351192 35651584 1 6553
-4351748 0 1 1087937
-4355284 0 2 619 1759
-4357355 34 1 51263
-4358680 33554434 1 108967
-4360411 264 1 13669
-4361867 2048 2 191 557
-4362664 67108864 2 443 1231
-4362971 512 1 140741
-4363915 2 2 787 1109
-4364123 65792 1 2467
-4367339 0 2 149 29311
-4368127 0 2 103 42409
-4370116 2097152 1 13163
-4370503 256 1 150707
-4372756 4096 1 25423
-4375595 6 1 125017
-4378955 6 1 125113
-4381432 33554440 1 49789
-4381547 2048 1 106867
-4388836 0 1 1097209
-4390379 4 1 627197
-4391963 256 2 269 563
-4393651 524288 2 139 433
-4395803 131072 1 65609
-4397284 64 1 57859
-4401211 65664 1 3137
-4402883 0 2 263 16741
-4403956 65536 1 18049
-4406315 34 1 51839
-4406363 144 1 14737
-4409896 67141632 1 9343
-4409908 4096 1 25639
-4412779 4 2 311 2027
-4415335 2 2 139 6353
-4423283 256 2 127 1201
-4423523 80 1 17909
-4424920 33554434 1 110623
-4425155 6 1 126433
-4425611 65536 1 72551
-4428203 16400 1 6427
-4430179 528 1 10993
-4433003 0 2 1229 3607
-4434616 33570816 1 10459
-4434803 0 2 1151 3853
-4435876 0 2 859 1291
-4436920 33554434 1 110923
-4438504 67108868 1 79259
-4441355 2 1 888271
-4442315 2 2 157 5659
-4444307 4 1 634901
-4451147 0 2 409 10883
-4451368 67108864 2 431 1291
-4454344 67108864 1 556793
-4454723 20 1 48953
-4457716 0 2 197 5657
-4458203 512 1 143813
-4458904 33554432 2 107 5209
-4459427 4 2 179 3559
-4460215 16386 1 16831
-4462468 131072 1 16651
-4464808 67108864 2 197 2833
-4466680 33554434 1 111667
-4467131 768 1 4969
-4469432 33554440 1 50789
-4470808 33554432 2 151 3701
-4471156 64 1 58831
-4471955 2 1 894391
-4473428 2048 1 27277
-4477355 2 1 895471
-4479539 0 2 857 5227
-4486024 67108864 1 560753
-4486643 4 1 640949
-4491880 67108866 1 112297
-4492660 2 1 224633
-4493627 32 1 264331
-4495715 6 1 128449
-4497304 33554436 1 80309
-4501763 4 2 151 4259
-4502776 33619968 1 9227
-4503755 2 1 900751
-4506728 67633152 1 7717
-4508915 2 2 557 1619
-4513144 33554432 2 163 3461
-4515823 16 2 563 617
-4516883 36 1 37957
-4517764 0 1 1129441
-4517867 128 1 196429
-4517992 67108864 2 103 5483
-4519355 2 1 903871
-4520315 2 2 137 6599
-4520632 33554496 1 29741
-4523527 0 2 1307 3461
-4530004 131072 1 16903
-4532884 0 2 127 8923
-4534355 6 1 129553
-4535779 0 2 461 9839
-4537663 16 1 349051
-4539107 0 3 103 127 347
-4539947 128 1 197389
-4540067 4 2 131 4951
-4545487 5120 1 2857
-4549183 262176 1 3769
-4550792 67125248 1 10733
-4552979 16842752 1 739
-4558324 128 1 49547
-4564468 1024 1 30841
-4566280 67108866 1 114157
-4566755 8194 1 19433
-4567768 33554432 2 239 2389
-4568596 131072 1 17047
-4569364 128 1 49667
-4569976 33554432 2 739 773
-4572532 0 2 541 2113
-4572995 6 1 130657
-4573307 0 2 263 17389
-4575688 67108880 1 43997
-4576955 2 1 915391
-4577368 33554560 1 24877
-4578691 8388624 1 3631
-4582355 2 1 916471
-4582456 33554432 1 572807
-4582643 16 1 352511
-4584340 2 1 229217
-4586584 33554432 2 359 1597
-4594372 0 1 1148593
-4596068 0 1 1149017
-4596520 67108866 1 114913
-4597667 32 1 270451
-4598339 8192 2 227 431
-4599683 8 2 271 1543
-4599947 8 1 418177
-4600292 0 1 1150073
-4602328 33619968 1 9431
-4604836 0 1 1151209
-4605668 0 1 1151417
-4607188 131072 1 17191
-4609288 67108864 1 576161
-4611803 2052 1 16069
-4614635 2 2 251 3677
-4616852 0 2 191 6043
-4620995 4098 1 21493
-4622003 1024 1 124919
-4624219 128 2 107 1879
-4624264 67108864 2 421 1373
-4626155 4098 1 21517
-4626520 33554434 1 115663
-4627715 130 1 40241
-4627763 4 1 661109
-4629988 8 1 105227
-4631915 66 1 48757
-4632083 256 2 211 757
-4634584 33554432 2 167 3469
-4634771 0 2 1303 3557
-4638052 64 1 61027
-4641635 4098 1 21589
-4643060 2 1 232153
-4644676 0 1 1161169
-4644772 8 1 105563
-4645240 33554434 1 116131
-4647467 8 2 409 1033
-4648571 0 2 439 10589
-4651355 8194 1 19793
-4655464 67108872 1 52903
-4660859 4 2 157 4241
-4662292 0 2 347 3359
-4665331 8 1 424121
-4667047 12 1 60611
-4674827 0 2 653 7159
-4675448 33570816 1 11027
-4677803 16 2 587 613
-4678052 0 1 1169513
-4680964 0 2 139 8419
-4682596 0 1 1170649
-4689364 0 2 397 2953
-4689460 2 1 234473
-4693144 33554432 2 173 3391
-4697080 33554434 1 117427
-4698367 1048576 1 59473
-4701203 2097168 1 4357
-4706627 8192 2 239 419
-4708516 0 1 1177129
-4709764 0 2 251 4691
-4709843 0 3 131 157 229
-4711543 1280 1 4391
-4715080 67108866 1 117877
-4717480 67108866 1 117937
-4719995 6 1 134857
-4725083 16777224 1 4253
-4727699 524288 1 64763
-4729667 16384 2 233 383
-4730452 0 2 149 7937
-4730555 2 1 946111
-4731395 2 2 193 4903
-4732696 33554432 2 233 2539
-4741816 33554432 1 592727
-4743268 0 1 1185817
-4744840 67108866 1 118621
-4745171 0 2 1259 3769
-4746472 67109376 1 19139
-4747523 8 2 157 2749
-4751059 525312 1 1759
-4761107 16 1 366239
-4764131 32 1 280243
-4765307 264192 1 1637
-4765924 0 1 1191481
-4767064 33554432 2 107 5569
-4767091 4 2 773 881
-4767587 8 2 163 2659
-4767844 0 2 179 6659
-4770424 33570816 1 11251
-4771108 4096 1 27739
-4771384 33554432 1 596423
-4772027 16 2 331 1109
-4776395 18 1 73483
-4776563 8200 1 9239
-4777595 34 1 56207
-4778963 132 1 29683
-4781023 16 1 367771
-4784987 2048 1 116707
-4787267 524288 1 65579
-4787572 0 2 587 2039
-4788040 67108866 1 119701
-4789672 67108928 1 31511
-4790507 0 2 587 8161
-4791352 33555456 1 16187
-4795396 0 1 1198849
-4796872 67108864 2 109 5501
-4798120 67108866 1 119953
-4802419 0 3 149 167 193
-4803227 24 1 33589
-4807067 0 2 281 17107
-4807384 33685504 1 8969
-4807444 0 2 331 3631
-4811320 33554434 1 120283
-4812148 8 1 109367
-4815784 67108864 2 523 1151
-4815880 67108866 1 120397
-4816571 0 2 701 6871
-4821211 1024 1 130303
-4823288 33554432 2 181 3331
-4823992 33554432 1 602999
-4824760 33554434 1 120619
-4833160 67108866 1 120829
-4835555 2 1 967111
-4837048 33554432 2 397 1523
-4837204 16384 1 22817
-4839923 65544 1 7213
-4840756 0 2 359 3371
-4842727 512 1 156217
-4843144 67108864 1 605393
-4845508 0 2 347 3491
-4846307 128 1 210709
-4847044 0 1 1211761
-4848484 0 1 1212121
-4848587 524320 1 3907
-4852984 33554432 2 547 1109
-4853048 33554432 2 179 3389
-4853387 12 1 63031
-4858531 8192 2 167 619
-4861828 0 1 1215457
-4862147 0 2 941 5167
-4862740 2 1 243137
-4866947 131104 1 4273
-4867048 67108864 2 167 3643
-4871288 33554432 2 229 2659
-4873864 67108864 1 609233
-4874147 0 2 1693 2879
-4877915 6 1 139369
-4882888 67108864 2 269 2269
-4883128 33554432 1 610391
-4886419 128 1 212453
-4887028 64 1 64303
-4889956 0 2 971 1259
-4893304 33554448 1 47051
-4894168 33587200 1 10369
-4898308 0 1 1224577
-4898932 0 2 547 2239
-4899691 16384 2 193 479
-4902424 34603008 1 7757
-4903144 67108864 2 769 797
-4903715 130 1 42641
-4904164 0 1 1226041
-4904387 2098176 1 1597
-4905223 512 1 158233
-4907668 0 2 593 2069
-4910795 8194 1 20897
-4912099 32 1 288947
-4912139 0 2 1553 3163
-4913908 0 2 179 6863
-4915060 2 1 245753
-4920664 33554436 1 87869
-4922483 128 1 214021
-4923256 33554448 1 47339
-4924435 32770 1 16693
-4925656 33554432 2 173 3559
-4930708 0 2 149 8273
-4931659 64 2 113 2297
-4937812 8 1 112223
-4939979 40 1 26417
-4940776 67108864 2 211 2927
-4943044 0 1 1235761
-4943320 33554434 1 123583
-4946371 32 1 290963
-4946548 4096 1 28759
-4946747 16 2 109 3491
-4949668 0 1 1237417
-4951172 64 1 65147
-4951423 0 2 479 10337
-4951432 67108864 1 618929
-4952680 67108866 1 123817
-4955032 33554432 2 127 4877
-4958795 2 2 773 1283
-4959124 0 2 191 6491
-4959823 8 1 450893
-4965443 4 1 709349
-4965827 65536 2 127 641
-4966067 8192 2 157 673
-4966516 32 1 73037
-4969555 2 2 223 4457
-4969763 32 2 283 1033
-4974520 33554434 1 124363
-4975028 0 2 773 1609
-4975444 4096 1 28927
-4976915 2 2 271 3673
-4978360 33554434 1 124459
-4978819 524288 2 241 283
-4980563 4 1 711509
-4981171 16 2 107 3581
-4982731 80 1 20173
-4983035 66 1 52453
-4983835 2 2 181 5507
-4985363 0 2 1373 3631
-4985659 4 1 712237
-4986755 2 2 613 1627
-4988888 33554464 1 36683
-4990840 33554434 1 124771
-4991284 0 2 229 5449
-4994644 64 1 65719
-4998436 0 2 131 9539
-4999819 40 1 26737
-5000680 67108866 1 125017
-5001784 33587200 1 10597
-5003716 0 1 1250929
-5012536 35651584 1 7549
-5013611 1024 2 179 757
-5013668 8 1 113947
-5014840 33554434 1 125371
-5015411 64 2 107 2467
-5015812 0 1 1253953
-5016203 512 2 103 1571
-5021108 8388608 1 12941
-5024884 0 2 113 11117
-5025736 67108864 1 628217
-5027608 33554432 2 397 1583
-5027659 20 1 55249
-5028712 67108880 1 48353
-5030579 0 2 733 6863
-5030971 8 2 601 761
-5034436 8 1 114419
-5035907 2048 1 122827
-5040184 33554432 1 630023
-5043515 8388610 1 10399
-5044883 65536 2 191 433
-5045368 33685504 1 9413
-5048507 32 1 296971
-5052568 33554432 2 127 4973
-5052739 0 2 149 33911
-5053348 0 1 1263337
-5053924 64 1 66499
-5054596 0 2 139 9091
-5063944 67108864 1 632993
-5063987 0 2 1013 4999
-5069236 0 2 223 5683
-5072483 16 1 390191
-5073827 8 1 461257
-5078383 2048 1 123863
-5082487 0 2 349 14563
-5087464 67108864 2 229 2777
-5089835 2 2 547 1861
-5090123 32 1 299419
-5090440 67108866 1 127261
-5090843 128 2 389 569
-5093128 67108864 2 461 1381
-5094244 0 1 1273561
-5094676 262144 1 17939
-5095060 2 1 254753
-5095864 33554432 1 636983
-5096971 8 2 661 701
-5097652 4 1 182059
-5102488 33554496 1 33569
-5103412 4096 1 29671
-5103428 8 1 115987
-5104883 4 1 729269
-5105732 0 1 1276433
-5108072 67109888 1 17257
-5109235 2 2 163 6269
-5109688 33685504 1 9533
-5114027 128 1 222349
-5114195 34 1 60167
-5117795 131074 1 15277
-5126659 16777216 2 193 263
-5127076 2097152 1 15443
-5129507 0 2 331 15497
-5134372 4096 1 29851
-5137432 33554432 2 113 5683
-5139571 0 2 571 9001
-5140804 0 2 211 6091
-5141507 65540 1 12041
-5142520 33554434 1 128563
-5142659 0 2 523 9833
-5146084 0 1 1286521
-5146411 128 1 223757
-5147723 4 1 735389
-5150395 2 2 607 1697
-5151364 0 1 1287841
-5155096 33554432 2 197 3271
-5155396 0 1 1288849
-5157640 67108866 1 128941
-5159939 0 2 283 18233
-5159992 33554432 1 644999
-5160059 0 2 937 5507
-5160467 16 2 167 2377
-5162260 2 1 258113
-5162363 0 2 1489 3467
-5162779 524288 2 197 359
-5163943 256 1 178067
-5167480 33554434 1 129187
-5169107 8192 2 109 1009
-5169544 67108864 1 646193
-5169811 65536 1 84751
-5176888 33554432 1 647111
-5181364 0 2 139 9319
-5181796 0 2 107 12107
-5182276 8 1 117779
-5183003 4 1 740429
-5184995 1026 1 28027
-5190083 32 2 163 1873
-5190808 33554436 1 92693
-5191720 67108866 1 129793
-5193467 0 2 1789 2903
-5201555 2 1 1040311
-5208184 33554432 2 179 3637
-5214136 33554432 1 651767
-5221955 2 1 1044391
-5223160 33554434 1 130579
-5226091 4112 1 9349
-5228068 0 2 139 9403
-5229227 0 2 1543 3389
-5233859 0 2 293 17863
-5237272 33554432 2 677 967
-5239240 67108866 1 130981
-5243987 65540 1 12281
-5246692 8 1 119243
-5250827 256 1 181063
-5251115 2 2 947 1109
-5251955 2 1 1050391
-5253652 64 1 69127
-5254643 4096 1 122201
-5262571 32 2 349 887
-5265976 33554432 1 658247
-5270968 33554432 1 658871
-5272291 65600 1 4549
-5272996 0 1 1318249
-5275192 33554448 1 50723
-5276059 0 2 379 13921
-5276884 1048576 1 16699
-5278195 18 1 81203
-5279656 67108896 1 38821
-5281144 33554440 1 60013
-5284763 8 2 353 1361
-5284883 0 2 277 19079
-5285704 67108864 2 797 829
-5285723 0 2 1669 3167
-5285971 64 1 278209
-5289487 4 2 157 4813
-5290667 1152 1 6217
-5291131 32 2 547 569
-5291236 4096 1 30763
-5292323 128 1 230101
-5293972 0 2 131 10103
-5295892 4 1 189139
-5303668 8192 1 28211
-5304923 16 1 408071
-5305915 2 2 113 9391
-5306059 1032 1 13037
-5307571 0 2 691 7681
-5310520 33554434 1 132763
-5310868 32 1 78101
-5310904 33619968 1 10883
-5311099 2048 1 129539
-5311384 33554448 1 51071
-5314355 2 1 1062871
-5314907 16 2 389 1051
-5317379 32 2 479 653
-5317939 4104 1 11243
-5321555 2 1 1064311
-5322868 524288 1 18229
-5326883 528384 1 1697
-5327716 0 1 1331929
-5329592 33558528 1 15493
-5330003 4 1 761429
-5336387 4 2 229 3329
-5339483 0 2 367 14549
-5343556 0 1 1335889
-5347523 4224 1 5407
-5349304 33554432 2 157 4259
-5349803 2048 1 130483
-5356819 48 1 24239
-5356939 16777220 1 7577
-5360315 2 2 181 5923
-5365547 2056 1 11897
-5366308 0 1 1341577
-5366483 0 2 113 47491
-5373112 33554432 2 107 6277
-5381659 0 2 223 24133
-5383720 67108866 1 134593
-5384647 1024 1 145531
-5385947 4 1 769421
-5387627 4 1 769661
-5398115 1026 1 29179
-5400563 4 1 771509
-5405716 256 1 46601
-5407096 33554496 1 35573
-5407240 67108866 1 135181
-5413771 8 2 223 2207
-5414047 0 2 2129 2543
-5414548 32768 1 22943
-5414795 2 2 503 2153
-5415092 65536 1 22193
-5418155 34 1 63743
-5419355 2 1 1083871
-5421395 6 1 154897
-5421811 256 1 186959
-5422840 33554434 1 135571
-5423476 32 1 79757
-5426072 33619968 1 11119
-5429236 0 2 727 1867
-5429668 64 1 71443
-5431060 2 1 271553
-5432539 4 1 776077
-5434115 2 2 911 1193
-5439179 0 2 827 6577
-5448587 8388608 1 56171
-5450440 67108866 1 136261
-5450920 67108866 1 136273
-5453555 2 1 1090711
-5455444 0 2 541 2521
-5455720 67108866 1 136393
-5457496 33554440 1 62017
-5463748 0 2 131 10427
-5464547 136 1 21599
-5466808 33554432 1 683351
-5467972 64 1 71947
-5469652 0 2 113 12101
-5473444 64 1 72019
-5476228 0 1 1369057
-5478155 2 1 1095631
-5479099 0 2 227 24137
-5479459 0 2 211 25969
-5481347 0 2 433 12659
-5483812 0 1 1370953
-5484788 0 2 421 3257
-5485355 2 2 107 10253
-5489812 8388608 1 14149
-5492147 128 1 238789
-5493739 1048576 2 197 353
-5494072 33554432 2 307 2237
-5495147 8388612 1 8093
-5498056 67108864 2 181 3797
-5498059 2052 1 19157
-5499923 24 1 38461
-5501851 256 2 193 983
-5503096 33570816 1 12979
-5504728 33554560 1 29917
-5506819 0 2 151 36469
-5507668 131072 1 20551
-5513435 2 2 139 7933
-5516152 33554432 2 229 3011
-5519251 2097408 1 2293
-5519419 0 2 503 10973
-5520755 8388610 1 11383
-5521336 33685504 1 10301
-5522968 33554440 1 62761
-5527240 67108866 1 138181
-5530883 0 2 1231 4493
-5534371 0 2 739 7489
-5535827 8 2 173 2909
-5535928 33554432 1 691991
-5536219 16 2 109 3907
-5536744 67108992 1 30091
-5537627 0 2 1531 3617
-5546776 33554432 2 787 881
-5547091 264 1 17389
-5547352 33554688 1 23911
-5556244 0 2 509 2729
-5557768 67108864 1 694721
-5562739 20 1 61129
-5562916 0 1 1390729
-5564435 66 1 58573
-5564611 16 1 428047
-5565947 1024 1 150431
-5579435 2 2 587 1901
-5584612 8 1 126923
-5589035 1026 1 30211
-5591848 67108864 2 409 1709
-5597752 33554432 1 699719
-5599336 67141632 1 11863
-5601347 32 2 167 1973
-5603704 33619968 1 11483
-5603987 0 2 277 20231
-5605588 0 2 383 3659
-5606356 4 1 200227
-5606584 33554432 2 173 4051
-5606596 64 1 73771
-5611864 33555456 1 18959
-5612867 16 1 431759
-5613364 0 2 251 5591
-5615971 1024 1 151783
-5616664 33554464 1 41299
-5620024 33554432 1 702503
-5623667 1028 1 21713
-5625451 16 1 432727
-5625940 2 1 281297
-5627284 16 1 108217
-5627896 33554432 2 197 3571
-5630635 4098 1 26189
-5631364 0 1 1407841
-5633747 68 1 42359
-5635288 33554432 2 277 2543
-5635579 0 2 197 28607
-5635768 33554432 2 659 1069
-5639764 16 1 108457
-5643155 6 1 161233
-5644372 0 2 877 1609
-5645659 2048 1 137699
-5646635 34 1 66431
-5647763 8 2 367 1399
-5648747 16 2 293 1483
-5650324 32 1 83093
-5651003 524288 2 199 389
-5651843 0 2 157 35999
-5654987 144 1 18913
-5655859 65544 1 8429
-5656120 33554434 1 141403
-5658755 2 1 1131751
-5659048 67108864 2 229 3089
-5662276 0 1 1415569
-5670436 64 1 74611
-5672248 33555456 1 19163
-5672747 32 1 333691
-5674187 0 2 367 15461
-5674355 2 1 1134871
-5677576 67109888 1 19181
-5685592 33554440 1 64609
-5686435 2 2 461 2467
-5689480 67108866 1 142237
-5692612 0 2 163 8731
-5696884 64 1 74959
-5696968 67108864 1 712121
-5697827 65536 1 93407
-5700563 8 1 518233
-5700676 0 1 1425169
-5701048 33554432 1 712631
-5702920 67108866 1 142573
-5703707 32768 2 277 349
-5705555 2 2 167 6833
-5706227 0 2 587 9721
-5711867 4 2 271 3011
-5713876 4 1 204067
-5717131 4 2 173 4721
-5717315 8194 1 24329
-5718532 0 1 1429633
-5719060 2 1 285953
-5719643 0 2 641 8923
-5722564 0 1 1430641
-5723531 32776 1 8819
-5728643 2080 1 8219
-5730916 0 1 1432729
-5732164 0 1 1433041
-5733460 2 1 286673
-5743307 131200 1 3727
-5743816 67108880 1 55229
-5746891 0 2 163 35257
-5747003 2097184 1 4073
-5747476 4 1 205267
-5750963 1048576 1 72797
-5751619 0 2 1879 3061
-5752435 18 1 88499
-5753611 1152 1 6761
-5758072 33554432 2 179 4021
-5758612 0 2 211 6823
-5761144 33554432 2 211 3413
-5764771 64 1 303409
-5764984 33554432 2 163 4421
-5767555 2 1 1153511
-5770187 1024 2 277 563
-5771572 0 2 277 5209
-5782744 33554440 1 65713
-5783368 67108864 1 722921
-5787784 67108864 1 723473
-5790995 6 1 165457
-5791411 1048576 1 73309
-5799035 10 1 105437
-5801363 256 2 251 797
-5802196 0 2 103 14083
-5804296 67108864 1 725537
-5804555 2 1 1160911
-5805331 4 2 397 2089
-5807867 16 1 446759
-5809531 20 1 63841
-5809624 33554432 2 179 4057
-5810027 0 3 109 151 353
-5811139 0 2 127 45757
-5812276 0 2 521 2789
-5812792 33554432 1 726599
-5812852 0 2 557 2609
-5813128 67108864 1 726641
-5813795 18 1 89443
-5813944 33558528 1 16901
-5814755 2 1 1162951
-5815171 4194304 2 223 293
-5820568 33554448 1 55967
-5821651 8 1 529241
-5825320 67108866 1 145633
-5825464 33554432 2 269 2707
-5827112 67371008 1 10259
-5827336 67108864 1 728417
-5827924 128 1 63347
-5828731 0 2 149 39119
-5831267 16 2 617 727
-5833115 514 1 37633
-5842168 33554432 2 211 3461
-5844292 0 1 1461073
-5845144 33554464 1 42979
-5845156 0 1 1461289
-5845715 2 2 557 2099
-5848084 8 1 132911
-5852419 16512 1 4801
-5853563 256 1 201847
-5858143 16384 2 107 1033
-5860888 33554440 1 66601
-5863663 16 1 451051
-5871083 0 2 127 46229
-5876008 67174400 1 12041
-5876611 48 1 26591
-5883563 4 2 149 5641
-5883892 4 1 210139
-5885723 160 1 15053
-5886376 67108864 2 557 1321
-5888603 16777220 1 8329
-5889160 67108866 1 147229
-5889203 32768 1 99817
-5892632 33554432 2 431 1709
-5895832 33554432 2 233 3163
-5897704 67108864 2 181 4073
-5898563 8 1 536233
-5902168 33554560 1 32077
-5905204 128 1 64187
-5906123 32 2 103 3373
-5906555 2 1 1181311
-5908552 67108880 1 56813
-5908907 128 2 199 1291
-5911060 2 1 295553
-5917283 0 2 109 54287
-5921195 6 1 169177
-5923048 67108864 2 149 4969
-5925467 128 2 241 1069
-5925748 131072 1 22111
-5930011 16384 2 127 881
-5931556 0 1 1482889
-5932427 64 1 312233
-5932984 33685504 1 11069
-5935480 33554434 1 148387
-5937235 2 2 191 6217
-5937947 32 1 349291
-5937976 33554440 1 67477
-5939147 0 2 131 45337
-5941499 0 2 1801 3299
-5945140 2 1 297257
-5946616 33554448 1 57179
-5948872 67108864 1 743609
-5950948 0 2 947 1571
-5952424 67109120 1 25657
-5955451 16384 2 313 359
-5959912 67108868 1 106427
-5963867 20 1 65537
-5965576 67108864 1 745697
-5967227 4 2 269 3169
-5968339 144 1 19961
-5968516 0 2 1163 1283
-5970155 2 1 1194031
-5972920 33554434 1 149323
-5974132 64 1 78607
-5980564 0 2 229 6529
-5981507 4 2 181 4721
-5982904 33554432 1 747863
-5983099 262176 1 4957
-5983156 0 2 331 4519
-5984584 67108864 2 181 4133
-5986699 1048576 1 75781
-5990995 2 2 103 11633
-5995912 67108880 1 57653
-5997379 32 2 587 601
-5998219 0 2 883 6793
