-154439
-154871
-157559
-174071
-209471
-218591
-226199
-227111
-245519
-274271
-302399
-302831
-313151
-332039
-332711
-405767
-417511
-422063
-432359
-434471
-442399
-453143
-491159
-497719
-503423
-515351
-562231
-564919
-592639
-613759
-633751
-664471
-673399
-692327
-706159
-748039
-760103
-767359
-774439
-782071
-827303
-844351
-855887
-862567
-863287
-864887
-885991
-907223
-929671
-939439
-949159
-972799
-976103
-993647
-993983
-996871
-1004911
-1007959
-1013839
-1016263
-1037327
-1041863
-1049239
-1111727
-1113991
-1139191
-1139407
-1142191
-1161647
-1210879
-1218731
-1225019
-1226263
-1226623
-1247767
-1268807
-1280291
-1290199
-1299439
-1303979
-1336399
-1374559
-1379047
-1382891
-1398251
-1399019
-1403939
-1429279
-1445771
-1458727
-1496647
-1519967
-1570087
-1574219
-1577383
-1584343
-1585663
-1597931
-1598651
-1604983
-1605559
-1622287
-1652171
-1666807
-1673071
-1706291
-1718771
-1746463
-1749611
-1758727
-1768667
-1784599
-1798183
-1803127
-1804139
-1805263
-1806943
-1839463
-1851779
-1856891
-1864739
-1868983
-1883359
-1913287
-1944659
-1980103
-1998679
-2016919
-2021099
-2021843
-2032543
-2033791
-2060503
-2109179
-2126191
-2137931
-2157851
-2167999
-2175247
-2179279
-2195047
-2218091
-2219023
-2223391
-2229371
-2231051
-2233739
-2246863
-2248067
-2298103
-2300071
-2306867
-2327051
-2337683
-2385703
-2394611
-2401211
-2442059
-2470327
-2490899
-2495723
-2501243
-2505007
-2528863
-2580659
-2589343
-2591027
-2591143
-2592899
-2595583
-2596667
-2641879
-2665139
-2671447
-2717291
-2733607
-2770783
-2778967
-2812907
-2823371
-2826683
-2830187
-2871587
-2876983
-2898131
-2928851
-2969983
-2982443
-3009443
-3027971
-3033847
-3043907
-3044287
-3056699
-3094787
-3097883
-3138803
-3154211
-3155651
-3199171
-3237827
-3259667
-3270803
-3290051
-3294251
-3297083
-3331451
-3337063
-3364379
-3372727
-3380743
-3389411
-3393227
-3416747
-3431507
-3439427
-3444107
-3474223
-3474323
-3490811
-3496939
-3529187
-3542387
-3542507
-3573827
-3605027
-3612779
-3658283
-3662363
-3684371
-3700043
-3716143
-3725147
-3744731
-3757063
-3763327
-3806123
-3822779
-3833699
-3837347
-3852323
-3857891
-3859927
-3883307
-3900367
-3915931
-3931667
-3944411
-3959387
-3992503
-4042891
-4086487
-4099339
-4104011
-4111819
-4113931
-4131583
-4161851
-4162783
-4184507
-4196459
-4234063
-4276043
-4276579
-4281587
-4295531
-4322491
-4352003
-4372163
-4388171
-4400387
-4421723
-4446683
-4456819
-4504163
-4538491
-4540763
-4545859
-4557467
-4558523
-4588543
-4608083
-4641451
-4648459
-4657739
-4675291
-4680451
-4698059
-4719707
-4730027
-4767947
-4799771
-4808003
-4836827
-4853659
-4877843
-4879531
-4883987
-4898659
-4904363
-4911499
-4911931
-4921187
-4956827
-4966051
-5005307
-5074259
-5081627
-5093747
-5122427
-5138291
-5171011
-5179403
-5219843
-5237867
-5290291
-5294603
-5309027
-5316587
-5342011
-5359819
-5405539
-5413543
-5446739
-5448379
-5448739
-5490931
-5493203
-5511203
-5524907
-5525131
-5538943
-5557411
-5618363
-5642251
-5670619
-5687491
-5756011
-5778943
-5802107
-5804059
-5815291
-5840963
-5874731
-5906843
-5959067
-5976923
-5982931
-5984131
-5993219
-6014971
