-136919 128 1 5953
-199031 4 1 28433
-209351 256 1 7219
-209759 8 1 19069
-243959 16384 1 4603
-248759 4 1 35537
-252959 4 1 36137
-258911 128 1 11257
-265823 0 2 241 1103
-266831 0 2 163 1637
-275279 8192 1 5857
-278999 4 1 39857
-299207 128 1 13009
-317639 4 1 45377
-382367 0 2 137 2791
-384991 0 2 113 3407
-388511 0 2 443 877
-390623 524288 1 5351
-391607 0 2 263 1489
-394199 16 1 30323
-398951 4 1 56993
-402911 32768 1 6829
-432767 256 1 14923
-435863 32 1 25639
-450335 2 1 90067
-455423 128 1 19801
-460751 32 1 27103
-461903 16 1 35531
-472856 33554432 1 59107
-479807 64 1 25253
-483199 0 2 137 3527
-486047 32 1 28591
-494324 0 1 123581
-519991 0 2 337 1543
-528079 0 2 337 1567
-542423 4 1 77489
-544415 2 1 108883
-549383 8192 1 11689
-573623 0 2 331 1733
-576383 512 1 18593
-577703 4 1 82529
-578239 0 2 223 2593
-587096 33554432 1 73387
-604399 4194304 1 6791
-605927 4 1 86561
-626303 0 2 761 823
-626996 0 1 156749
-627407 8 1 57037
-632791 32 1 37223
-635911 64 1 33469
-648535 2 1 129707
-653119 16384 1 12323
-662504 67108864 1 82813
-680927 16 1 52379
-690167 131072 1 10301
-691487 1048576 1 8753
-706007 0 2 229 3083
-718127 256 1 24763
-724039 0 2 263 2753
-727039 32 1 42767
-736856 33554432 1 92107
-750296 33554432 1 93787
-754823 0 2 193 3911
-772823 128 1 33601
-773431 32768 1 13109
-775847 0 2 211 3677
-780511 32768 1 13229
-791215 2 1 158243
-798607 16777216 1 7907
-803444 0 1 200861
-808783 1024 1 21859
-813224 67108864 1 101653
-816511 0 2 389 2099
-820184 33554432 1 102523
-822356 0 1 205589
-830023 0 2 179 4637
-834851 0 2 281 2971
-835343 0 2 293 2851
-840263 4096 1 19541
-841615 2 1 168323
-848623 32 1 49919
-857335 2 1 171467
-868916 0 1 217229
-896807 8192 1 19081
-901711 0 2 191 4721
-908756 0 1 227189
-918743 4 1 131249
-935912 67108864 1 116989
-944891 0 2 653 1447
-959768 33554432 1 119971
-980888 33554432 1 122611
-995444 0 1 248861
-1002439 32 1 58967
-1011511 2048 1 24671
-1016119 16 1 78163
-1022579 8192 1 21757
-1041367 0 2 199 5233
-1044007 0 2 113 9239
-1062104 33554432 1 132763
-1079576 33554432 1 134947
-1079719 0 2 307 3517
-1082408 67108864 1 135301
-1085191 4096 1 25237
-1094504 67108864 1 136813
-1120127 0 2 557 2011
-1122559 0 2 199 5641
-1130599 4096 1 26293
-1131476 0 1 282869
-1133423 0 2 241 4703
-1134263 16 1 87251
-1134535 2 1 226907
-1155608 33554432 1 144451
-1171279 0 2 389 3011
-1175215 2 1 235043
-1190888 67108864 1 148861
-1209047 4 1 172721
-1216471 512 1 39241
-1219112 67108864 1 152389
-1245031 0 2 353 3527
-1273135 2 1 254627
-1275368 67108864 1 159421
-1279015 2 1 255803
-1289768 67108864 1 161221
-1292651 65536 1 21191
-1295503 8 1 117773
-1312148 0 1 328037
-1318807 4 1 188401
-1325927 128 1 57649
-1338079 0 2 137 9767
-1354879 0 2 461 2939
-1359035 2 1 271807
-1362079 0 2 283 4813
-1362344 67108864 1 170293
-1372831 256 1 47339
-1375447 0 2 719 1913
-1384472 33554432 1 173059
-1386059 0 2 211 6569
-1391839 0 2 103 13513
-1397588 0 1 349397
-1409099 0 2 277 5087
-1418291 4 1 202613
-1420351 4194304 1 15959
-1435015 2 1 287003
-1439183 256 1 49627
-1445531 4096 1 33617
-1453951 0 2 109 13339
-1466804 0 1 366701
-1477016 33554432 1 184627
-1483207 8 1 134837
-1484383 0 2 397 3739
-1485343 0 2 109 13627
-1486111 8 1 135101
-1504091 0 2 109 13799
-1505699 16 1 115823
-1510111 128 1 65657
-1512059 0 2 1201 1259
-1512535 2 1 302507
-1518703 0 2 727 2089
-1520468 0 1 380117
-1525663 0 2 263 5801
-1526132 0 1 381533
-1531235 2 1 306247
-1537423 64 1 80917
-1545559 0 2 181 8539
-1550104 33554432 1 193763
-1553579 32 1 91387
-1554727 0 2 271 5737
-1574228 0 1 393557
-1576999 0 2 367 4297
-1579331 16 1 121487
-1585211 0 2 149 10639
-1595915 2 1 319183
-1599779 2048 1 39019
-1609451 16384 1 30367
-1612591 4194304 1 18119
-1615444 0 1 403861
-1634132 0 1 408533
-1639336 67108864 1 204917
-1641223 0 2 419 3917
-1642063 0 2 157 10459
-1650356 0 1 412589
-1651235 2 1 330247
-1661144 33554432 1 207643
-1671611 2048 1 40771
-1706839 0 2 883 1933
-1716611 16 1 132047
-1720687 0 2 359 4793
-1728631 0 2 109 15859
-1734424 33554432 1 216803
-1737487 0 2 127 13681
-1747691 8 1 158881
-1756564 0 1 439141
-1766819 524288 1 24203
-1773416 67108864 1 221677
-1779539 0 2 613 2903
-1792019 0 2 677 2647
-1809127 0 2 857 2111
-1810735 2 1 362147
-1814623 8192 1 38609
-1830872 33554432 1 228859
-1832743 8 1 166613
-1839316 0 1 459829
-1841768 67108864 1 230221
-1847311 0 2 331 5581
-1857512 67108864 1 232189
-1857524 0 1 464381
-1860223 4096 1 43261
-1866548 0 1 466637
-1868084 0 1 467021
-1875572 0 1 468893
-1877339 0 2 191 9829
-1877383 0 2 151 12433
-1878371 8 1 170761
-1879256 33554432 1 234907
-1883891 0 2 991 1901
-1904599 4096 1 44293
-1906783 64 1 100357
-1935016 67108864 1 241877
-1944919 32 1 114407
-1950251 2097152 1 23497
-1951028 0 1 487757
-1951567 0 2 337 5791
-1965415 2 1 393083
-1969687 0 2 859 2293
-1978996 0 1 494749
-1982215 2 1 396443
-1988143 128 1 86441
-1990259 128 1 86533
-1992856 33554432 1 249107
-2003263 32 1 117839
-2003444 0 1 500861
-2004371 0 2 839 2389
-2018099 0 2 983 2053
-2023231 4 1 289033
-2041019 0 2 479 4261
-2064683 0 2 773 2671
-2067796 0 1 516949
-2070104 33554432 1 258763
-2077471 8 1 188861
-2082491 0 2 281 7411
-2083063 1024 1 56299
-2083864 33554432 1 260483
-2088491 0 2 613 3407
-2099828 0 1 524957
-2103419 128 1 91453
-2113652 0 1 528413
-2116931 0 2 509 4159
-2126983 0 2 269 7907
-2132099 0 2 1103 1933
-2135363 0 2 811 2633
-2136727 0 2 109 19603
-2137111 0 2 107 19973
-2137615 2 1 427523
-2150503 0 2 113 19031
-2158687 0 2 347 6221
-2163496 67108864 1 270437
-2164952 33554432 1 270619
-2167283 0 2 359 6037
-2178068 0 1 544517
-2187371 0 2 263 8317
-2209087 0 2 839 2633
-2218163 0 2 149 14887
-2231527 0 2 173 12899
-2243099 32 1 131947
-2249972 0 1 562493
-2252767 8 1 204797
-2254979 0 2 103 21893
-2261291 128 1 98317
-2265367 16 1 174259
-2265419 16 1 174263
-2267579 32 1 133387
-2280943 4 1 325849
-2288651 256 1 78919
-2295731 32 1 135043
-2301943 4 1 328849
-2308135 2 1 461627
-2315047 4 1 330721
-2328371 32 1 136963
-2331727 512 1 75217
-2341711 0 2 271 8641
-2346515 2 1 469303
-2348603 2048 1 57283
-2370463 32 1 139439
-2371735 2 1 474347
-2376299 262144 1 33469
-2379803 1024 1 64319
-2383787 4 1 340541
-2395412 0 1 598853
-2402776 33554432 1 300347
-2410547 8388608 1 24851
-2410619 0 2 617 3907
-2419864 33554432 1 302483
-2428696 33554432 1 303587
-2444404 0 1 611101
-2450072 33554432 1 306259
-2461259 256 1 84871
-2466391 512 1 79561
-2481607 2048 1 60527
-2486171 0 2 829 2999
-2494936 33554432 1 311867
-2499487 0 2 127 19681
-2505299 0 2 1439 1741
-2522579 32 1 148387
-2529203 0 2 349 7247
-2537432 33554432 1 317179
-2539811 0 2 307 8273
-2540767 16384 1 47939
-2541608 67108864 1 317701
-2543651 8 1 231241
-2545688 33554432 1 318211
-2546767 128 1 110729
-2548628 0 1 637157
-2549236 0 1 637309
-2551231 0 2 173 14747
-2555023 0 2 409 6247
-2560811 8 1 232801
-2570819 0 2 1303 1973
-2571223 0 2 439 5857
-2572207 8 1 233837
-2576468 0 1 644117
-2581379 1024 1 69767
-2589299 262144 1 36469
-2595371 0 2 331 7841
-2597527 0 2 307 8461
-2604851 0 2 1307 1993
-2617667 16 1 201359
-2631572 0 1 657893
-2648767 8 1 240797
-2652712 67108864 1 331589
-2653423 0 2 229 11587
-2658011 0 2 149 17839
-2665807 0 2 863 3089
-2700692 0 1 675173
-2702891 128 1 117517
-2704763 0 2 239 11317
-2718964 0 1 679741
-2724203 0 2 1231 2213
-2729291 0 2 1181 2311
-2743447 4 1 391921
-2743739 128 1 119293
-2754487 64 1 144973
-2755927 0 2 719 3833
-2762459 4 1 394637
-2764063 64 1 145477
-2781736 67108864 1 347717
-2781967 0 2 1151 2417
-2784212 0 1 696053
-2786291 256 1 96079
-2790488 33554432 1 348811
-2795263 0 2 491 5693
-2800115 2 1 560023
-2831935 2 1 566387
-2842687 4096 1 66109
-2843732 0 1 710933
-2853428 0 1 713357
-2853491 0 2 379 7529
-2861503 131072 1 42709
-2862343 8 1 260213
-2866984 67108864 1 358373
-2875951 16 1 221227
-2880788 0 1 720197
-2884567 4 1 412081
-2887735 2 1 577547
-2888407 0 2 683 4229
-2894779 0 2 1657 1747
-2896472 33554432 1 362059
-2900143 512 1 93553
-2909263 4 1 415609
-2912171 512 1 93941
-2915459 0 2 701 4159
-2917204 0 1 729301
-2918743 512 1 94153
-2922823 256 1 100787
-2928971 256 1 100999
-2932447 4 1 418921
-2932564 0 1 733141
-2934632 67108864 1 366829
-2940244 0 1 735061
-2942171 131072 1 43913
-2951315 2 1 590263
-2975732 0 1 743933
-2978579 8388608 1 30707
-2979127 0 2 661 4507
-2991011 0 2 269 11119
-2992619 4 1 427517
-3012803 2048 1 73483
-3015227 0 2 131 23017
-3018968 33554432 1 377371
-3024703 8 1 274973
-3042152 67108864 1 380269
-3047147 0 2 1709 1783
-3056147 0 2 983 3109
-3059939 0 2 1583 1933
-3065819 0 2 1511 2029
-3070568 67108864 1 383821
-3085091 0 2 1103 2797
-3089815 2 1 617963
-3101656 33554432 1 387707
-3106115 2 1 621223
-3115687 0 2 271 11497
-3116503 16 1 239731
-3117803 16 1 239831
-3120223 2048 1 76103
-3129635 2 1 625927
-3135967 2048 1 76487
-3140888 33554432 1 392611
-3148456 67108864 1 393557
-3151087 0 2 1523 2069
-3154543 4 1 450649
-3164648 67108864 1 395581
-3168223 8192 1 67409
-3168488 67108864 1 396061
-3183007 0 2 277 11491
-3184379 8 1 289489
-3188648 67108864 1 398581
-3223735 2 1 644747
-3228376 33554432 1 403547
-3230915 2 1 646183
-3232183 0 2 563 5741
-3232763 0 2 1549 2087
-3247444 0 1 811861
-3250879 0 2 151 21529
-3260851 8 1 296441
-3268567 0 2 1481 2207
-3276244 0 1 819061
-3280148 0 1 820037
-3282247 0 2 541 6067
-3283183 0 2 991 3313
-3290147 4 1 470021
-3299315 2 1 659863
-3302932 0 1 825733
-3317623 0 2 1063 3121
-3329915 2 1 665983
-3337735 2 1 667547
-3369364 0 1 842341
-3373163 0 2 113 29851
-3389656 33554432 1 423707
-3391019 0 2 409 8291
-3393007 16384 1 64019
-3426331 8388608 1 35323
-3427571 4 1 489653
-3429323 128 1 149101
-3432872 67108864 1 429109
-3437867 0 2 353 9739
-3444227 128 1 149749
-3448811 0 2 227 15193
-3465496 33554432 1 433187
-3467599 0 2 283 12253
-3470435 2 1 694087
-3472019 0 2 379 9161
-3472687 64 1 182773
-3486487 32768 1 59093
-3499835 2 1 699967
-3501899 0 2 317 11047
-3506612 0 1 876653
-3506915 2 1 701383
-3511663 128 1 152681
-3527003 0 2 1601 2203
-3536915 2 1 707383
-3543779 0 2 137 25867
-3543967 4 1 506281
-3544715 2 1 708943
-3547907 8 1 322537
-3557887 0 2 353 10079
-3563284 0 1 890821
-3569623 128 1 155201
-3576724 0 1 894181
-3577547 0 2 1621 2207
-3578072 33554432 1 447259
-3583907 256 1 123583
-3606068 0 1 901517
-3615487 0 2 557 6491
-3618635 2 1 723727
-3618932 0 1 904733
-3629464 33554432 1 453683
-3636244 0 1 909061
-3640135 2 1 728027
-3645947 0 2 983 3709
-3659891 512 1 118061
-3661883 0 2 223 16421
-3661903 4 1 523129
-3680899 8192 1 78317
-3683363 65536 1 60383
-3683483 0 2 1669 2207
-3688259 0 2 269 13711
-3688403 0 2 1447 2549
-3688931 0 2 1613 2287
-3698699 128 1 160813
-3701699 32 1 217747
-3703211 2097152 1 44617
-3711247 524288 1 50839
-3722344 67108864 1 465293
-3735107 0 2 641 5827
-3737171 0 2 1531 2441
-3737483 0 2 127 29429
-3737771 0 2 137 27283
-3739816 67108864 1 467477
-3746915 2 1 749383
-3749224 67108864 1 468653
-3769543 64 1 198397
-3779368 67108864 1 472421
-3786179 8192 1 80557
-3794251 0 2 883 4297
-3800299 32 1 223547
-3809047 8 1 346277
-3811307 128 1 165709
-3821339 512 1 123269
-3830411 16 1 294647
-3839411 0 2 433 8867
-3847912 67108864 1 480989
-3849364 0 1 962341
-3878935 2 1 775787
-3893411 0 2 1627 2393
-3907087 0 2 211 18517
-3915059 0 2 239 16381
-3916468 0 1 979117
-3928115 2 1 785623
-3933703 64 1 207037
-3949835 2 1 789967
-3958907 0 2 241 16427
-3962152 67108864 1 495269
-3969707 4 1 567101
-3973327 0 2 569 6983
-3978712 33554432 1 497339
-3983723 0 2 1907 2089
-3983843 0 2 479 8317
-3994115 2 1 798823
-3995224 33554432 1 499403
-4014232 33554432 1 501779
-4030811 0 2 1499 2689
-4031603 0 2 157 25679
-4035347 0 2 467 8641
-4037416 67108864 1 504677
-4038964 0 1 1009741
-4045619 8192 1 86077
-4047016 67108864 1 505877
-4049651 0 2 103 39317
-4053451 128 1 176237
-4077083 0 2 179 22777
-4082219 16384 1 77023
-4086563 16 1 314351
-4098772 0 1 1024693
-4100843 0 2 523 7841
-4107316 0 1 1026829
-4112116 0 1 1028029
-4112419 32 1 241907
-4119107 16384 1 77719
-4120643 0 2 349 11807
-4133267 8388608 1 42611
-4141864 67108864 1 517733
-4151867 262144 1 58477
-4154507 4 1 593501
-4155107 8 1 377737
-4171927 0 2 673 6199
-4184003 0 2 547 7649
-4190104 33554432 1 523763
-4193899 262144 1 59069
-4199743 0 2 181 23203
-4213115 2 1 842623
-4216099 0 2 103 40933
-4231019 16 1 325463
-4236659 4 1 605237
-4239028 0 1 1059757
-4243907 0 2 181 23447
-4244312 33554432 1 530539
-4269707 16 1 328439
-4276291 0 2 1787 2393
-4279579 64 1 225241
-4281127 32 1 251831
-4287035 2 1 857407
-4289867 0 2 491 8737
-4290635 2 1 858127
-4295747 32 1 252691
-4300696 33554432 1 537587
-4329064 67108864 1 541133
-4335931 0 2 1093 3967
-4343867 8 1 394897
-4374691 4096 1 101737
-4406603 0 2 331 13313
-4411252 0 1 1102813
-4416107 32 1 259771
-4431259 4 1 633037
-4441019 8 1 403729
-4447163 4 1 635309
-4459643 524288 1 61091
-4464664 33554432 1 558083
-4465115 2 1 893023
-4467203 16 1 343631
-4471135 2 1 894227
-4480715 2 1 896143
-4482223 1048576 1 56737
-4495651 512 1 145021
-4508747 0 2 587 7681
-4510763 32 1 265339
-4518131 0 2 1993 2267
-4541224 67108864 1 567653
-4547579 8192 1 96757
-4578127 128 1 199049
-4588163 0 2 2141 2143
-4589251 0 2 1667 2753
-4595819 0 2 487 9437
-4605691 32 1 270923
-4618187 4 1 659741
-4623563 4 1 660509
-4629203 0 2 433 10691
-4637608 67108864 1 579701
-4640123 64 1 244217
-4671619 0 2 307 15217
-4673579 0 2 191 24469
-4677544 67108864 1 584693
-4682131 0 2 277 16903
-4688851 0 2 593 7907
-4696084 0 1 1174021
-4697435 2 1 939487
-4697908 0 1 1174477
-4712872 67108864 1 589109
-4714283 4 1 673469
-4722451 2097152 1 56897
-4724971 0 2 1297 3643
-4730899 0 2 149 31751
-4758184 67108864 1 594773
-4765643 131072 1 71129
-4776424 67108864 1 597053
-4776628 0 1 1194157
-4778363 0 2 983 4861
-4788788 0 1 1197197
-4789699 32 1 281747
-4807835 2 1 961567
-4815848 67108864 1 601981
-4817432 33554432 1 602179
-4817483 8 1 437953
-4830083 0 2 1009 4787
-4838815 2 1 967763
-4849091 16 1 373007
-4851107 1024 1 131111
-4880003 32 1 287059
-4886363 64 1 257177
-4900235 2 1 980047
-4906024 67108864 1 613253
-4920035 2 1 984007
-4921531 0 2 359 13709
-4925044 0 1 1231261
-4934632 67108864 1 616829
-4938299 0 2 1153 4283
-4952243 256 1 170767
-4957588 0 1 1239397
-4977323 16 1 382871
-4981684 0 1 1245421
-4997131 0 2 587 8513
-5000483 2048 1 121963
-5046035 2 1 1009207
-5066963 8 1 460633
-5073364 0 1 1268341
-5088035 2 1 1017607
-5101339 0 2 1117 4567
-5106484 0 1 1276621
-5112251 0 2 1447 3533
-5142952 67108864 1 642869
-5160967 4 1 737281
-5173096 67108864 1 646637
-5179828 0 1 1294957
-5184472 33554432 1 648059
-5188667 8 1 471697
-5197144 33554432 1 649643
-5201483 4 1 743069
-5225915 2 1 1045183
-5227688 67108864 1 653461
-5236171 0 2 647 8093
-5239939 0 2 1847 2837
-5242187 0 2 1459 3593
-5246747 8 1 476977
-5247064 33554432 1 655883
-5249743 0 2 263 19961
-5273987 8388608 1 54371
-5277091 8388608 1 54403
-5293663 0 2 461 11483
-5298484 0 1 1324621
-5303603 64 1 279137
-5317528 33554432 1 664691
-5328467 32768 1 90313
-5330731 4 1 761533
-5331635 2 1 1066327
-5337364 0 1 1334341
-5341396 0 1 1335349
-5342548 0 1 1335637
-5349556 0 1 1337389
-5350804 0 1 1337701
-5356499 64 1 281921
-5372419 16 1 413263
-5380715 2 1 1076143
-5381032 67108864 1 672629
-5382083 4 1 768869
-5392523 64 1 283817
-5393459 524288 1 73883
-5395187 4 1 770741
-5399668 0 1 1349917
-5411899 32 1 318347
-5416219 0 2 151 35869
-5419043 4 1 774149
-5448367 2048 1 132887
-5451988 0 1 1362997
-5464024 33554432 1 683003
-5469976 33554432 1 683747
-5471627 4 1 781661
-5471899 262144 1 77069
-5481683 4096 1 127481
-5482643 2048 1 133723
-5482787 0 2 107 51241
-5540404 0 1 1385101
-5542291 0 2 313 17707
-5548327 0 2 1109 5003
-5548403 4 1 792629
-5573539 256 1 192191
-5575144 67108864 1 696893
-5575667 524288 1 76379
-5575828 0 1 1393957
-5578547 16 1 429119
-5578891 0 2 761 7331
-5580184 33554432 1 697523
-5594243 0 2 211 26513
-5597908 0 1 1399477
-5603284 0 1 1400821
-5603723 0 2 367 15269
-5603963 512 1 180773
-5607256 33554432 1 700907
-5610772 0 1 1402693
-5612779 0 2 103 54493
-5616724 0 1 1404181
-5617048 33554432 1 702131
-5631256 33554432 1 703907
-5639668 0 1 1409917
-5645147 64 1 297113
-5672243 0 2 2341 2423
-5689048 33554432 1 711131
-5689291 0 2 1187 4793
-5699251 0 2 1277 4463
-5715412 0 1 1428853
-5719907 0 2 821 6967
-5730727 0 2 1699 3373
-5731219 16 1 440863
-5732392 67108864 1 716549
-5740835 2 1 1148167
-5754664 67108864 1 719333
-5762899 0 2 673 8563
-5763803 16384 1 108751
-5766184 67108864 1 720773
-5766587 32 1 339211
-5767819 1024 1 155887
-5771123 0 2 1327 4349
-5786539 8 1 526049
-5789867 0 2 863 6709
-5798963 0 2 1823 3181
-5826859 0 2 367 15877
-5833012 0 1 1458253
-5837147 128 1 253789
-5840363 0 2 139 42017
-5856587 8 1 532417
-5874811 0 2 103 57037
-5889448 67108864 1 736181
-5889496 33554432 1 736187
-5896651 0 2 461 12791
-5900443 128 1 256541
-5910683 2048 1 144163
-5925736 67108864 1 740717
-5938024 67108864 1 742253
-5938708 0 1 1484677
-5941427 0 2 113 52579
-5942131 16 1 457087
-5951011 8 1 541001
-5954915 2 1 1190983
-5968187 0 2 283 21089
-5969731 0 2 593 10067
-5970571 131072 1 89113
-5984483 2048 1 145963
-6003619 0 2 173 34703
