-155039 0 2 197 787
-157871 68 1 1187
-173711 0 2 271 641
-176111 720 0
-198431 1536 1 173
-202079 32 1 11887
-216599 0 2 167 1297
-218735 8390666 0
-230279 131076 1 491
-232031 0 2 331 701
-245399 12 1 3187
-249599 4 2 181 197
-257279 72 1 1231
-268415 6 1 7669
-270119 0 2 313 863
-282695 2054 1 197
-292655 42 1 313
-301223 8496 0
-305735 8194 1 1301
-309071 131076 1 659
-314615 20971526 0
-316487 0 2 191 1657
-319583 40 1 1709
-322055 2050 1 1571
-327719 4 1 46817
-329423 12288 1 163
-333335 2 2 163 409
-333431 196 1 109
-334919 16 1 25763
-341255 2 2 131 521
-343271 0 2 229 1499
-347855 258 1 2399
-348383 4 2 157 317
-348935 66 1 3673
-351671 2097216 1 223
-354767 32772 1 859
-360695 2 1 72139
-361991 4 1 51713
-370607 0 2 487 761
-376655 262146 1 1061
-380255 32770 1 1289
-396599 16388 1 1069
-402983 132 1 2503
-406319 256 1 14011
-420287 4 1 60041
-423983 1028 1 1637
-426047 1048576 1 5393
-429359 2097156 1 739
-432647 32768 1 7333
-433487 16384 1 8179
-436943 65872 0
-437839 34816 1 181
-442967 4 1 63281
-446276 98816 0
-452696 33816576 1 797
-453956 0 1 113489
-473087 131200 1 307
-474407 0 2 139 3413
-490244 0 1 122561
-490916 1536 1 107
-491807 0 2 151 3257
-494543 20996 0
-500087 4 2 199 359
-501767 4100 1 1667
-504776 67108864 1 63097
-506303 4 2 151 479
-516767 524288 1 7079
-524431 2048 1 12791
-528919 0 2 401 1319
-533183 32772 1 1291
-533599 8 2 179 271
-534404 4112 1 239
-536084 128 1 5827
-540263 32768 1 9157
-550055 524298 1 137
-551903 8 2 131 383
-554935 2050 1 2707
-554984 67108864 2 173 401
-556244 80 1 563
-559999 8 1 50909
-564047 8200 1 1091
-567524 16384 1 2677
-570455 2 2 271 421
-572135 16418 1 127
-576023 327748 0
-576056 33554704 1 191
-579871 0 2 491 1181
-584327 4096 2 107 127
-586244 0 2 113 1297
-587396 0 1 146849
-587783 4 1 83969
-588836 0 1 147209
-589256 67633152 1 1009
-589496 33554944 1 2377
-592004 4 1 21143
-592196 4104 1 313
-593135 2 2 313 379
-596687 3145748 0
-597439 132096 1 241
-599336 67108928 1 3943
-606056 75759624 0
-606751 0 2 199 3049
-612344 33554432 1 76543
-621284 0 2 127 1223
-626495 2 1 125299
-632135 6 1 18061
-632180 524290 1 433
-633935 66 1 6673
-638807 16 1 49139
-640615 514 1 4133
-660767 128 1 28729
-661367 4 2 107 883
-663284 1048576 1 2099
-666344 67633156 1 163
-667823 8208 1 1093
-673316 4 2 139 173
-673736 67125252 1 227
-674543 32 1 39679
-678404 512 1 5471
-680255 16418 1 151
-680303 4112 1 1217
-680447 32832 1 607
-681464 33558532 1 283
-683791 524640 0
-685256 67108888 1 599
-685463 4160 1 839
-687860 2 2 163 211
-696919 0 2 137 5087
-698084 65536 1 2861
-706376 67109000 1 349
-708767 34816 1 293
-710191 0 2 163 4357
-712136 67108864 1 89017
-715976 67109376 1 2887
-718724 8192 1 3823
-718895 2 1 143779
-724855 258 1 4999
-725015 1026 1 3919
-726404 4 1 25943
-728335 258 1 5023
-736487 0 2 157 4691
-739064 33554432 1 92383
-744263 16 1 57251
-745639 8388608 1 7687
-752191 98376 0
-758084 1048576 1 2399
-765751 4 2 139 787
-767480 33554438 1 2741
-773303 0 2 127 6089
-779191 4 2 157 709
-781727 512 2 151 167
-789119 256 1 27211
-790367 0 2 353 2239
-791335 16777218 1 1567
-792116 16 1 15233
-792728 33554432 2 197 503
-798644 12 1 2593
-799015 1030 1 617
-799039 65536 1 13099
-802436 0 1 200609
-803684 4 1 28703
-811940 2 1 40597
-812696 33555200 1 113
-815567 256 1 28123
-817255 1048578 1 2069
-819236 4104 1 433
-821791 0 2 233 3527
-822247 0 2 439 1873
-826196 68 1 1553
-826463 8 1 75133
-826580 1026 1 1117
-827336 67108928 1 5443
-828343 64 1 43597
-830815 4194306 1 1867
-831716 0 2 337 617
-839684 128 1 9127
-844436 2112 1 271
-844964 0 1 211241
-845939 4096 2 103 191
-847327 16 1 65179
-849764 0 2 109 1949
-852455 258 1 5879
-852863 136 1 3371
-856580 2 1 42829
-857864 67108868 1 15319
-861319 0 2 137 6287
-862615 146 1 577
-862916 512 1 6959
-863411 0 2 163 5297
-866071 0 2 313 2767
-866815 16386 1 3271
-869624 33570820 1 293
-872191 0 2 683 1277
-873335 322 1 317
-873764 65536 1 3581
-877951 512 2 127 223
-878447 4608 1 659
-879767 36 1 7393
-880820 2 1 44041
-881816 33619984 1 139
-884420 2 1 44221
-886772 2097152 1 2671
-891319 152 1 271
-891503 2097280 1 467
-896567 4 2 263 487
-896855 2 2 181 991
-898520 33554438 1 3209
-903044 65536 1 3701
-903055 2 2 179 1009
-903631 0 2 313 2887
-906836 4 2 139 233
-913076 131072 1 3407
-913160 67109890 1 617
-915167 8 2 271 307
-915439 68 1 6883
-918536 67108928 1 6043
-922159 4 2 103 1279
-922820 2 1 46141
-923191 64 1 48589
-925759 8192 1 19697
-929095 2 1 185819
-931247 192 1 2131
-931951 0 2 173 5387
-932087 16 1 71699
-932191 16 1 71707
-932324 65536 1 3821
-934664 67108864 1 116833
-936740 6 1 6691
-943847 0 2 107 8821
-944516 0 1 236129
-945991 64 1 49789
-946820 6 1 6763
-948079 1048584 1 1091
-950276 0 2 353 673
-952580 2 1 47629
-959119 4 2 181 757
-959684 40 1 1283
-960655 2 2 229 839
-961231 32 1 56543
-961880 33554434 2 139 173
-962719 0 2 131 7349
-964376 33554468 1 1013
-967736 33554444 1 1571
-969716 8 1 22039
-981620 2 1 49081
-983828 131072 1 3671
-985055 66 1 10369
-989807 524308 1 149
-991556 0 1 247889
-994279 56 1 409
-996079 4 1 142297
-997016 33554464 1 7331
-997160 75497474 1 257
-1002452 8 1 22783
-1002596 65540 1 587
-1003399 0 2 619 1621
-1004543 4194304 1 11287
-1006376 67108868 1 17971
-1008287 1060 1 229
-1012711 4 2 199 727
-1017320 67109122 1 877
-1018039 72 1 4871
-1020295 2 1 204059
-1020679 8 1 92789
-1020799 560 1 149
-1022360 33619970 1 419
-1023023 131072 1 15269
-1024280 33554690 1 883
-1024520 67108870 1 3659
-1025288 67174408 1 191
-1027220 2 1 51361
-1030591 32 1 60623
-1031783 0 2 151 6833
-1032031 28 1 1031
-1035464 67371008 1 1823
-1037167 512 1 33457
-1038596 16 1 19973
-1038767 0 2 433 2399
-1040804 0 1 260201
-1042424 33554432 1 130303
-1042879 1052672 1 307
-1044260 6 1 7459
-1044836 262160 1 283
-1045135 22 1 2297
-1052191 2097156 1 1811
-1054279 262656 1 479
-1058564 16 1 20357
-1061663 262208 1 787
-1062644 8 1 24151
-1063076 4 1 37967
-1071176 67108864 2 257 521
-1073087 256 1 37003
-1074799 8 2 199 491
-1076996 1088 1 383
-1078136 33556544 1 173
-1080103 128 2 151 311
-1081943 128 1 47041
-1083464 67108864 1 135433
-1086799 4 2 107 1451
-1089539 1032 1 2677
-1094420 2 1 54721
-1094564 0 1 273641
-1095295 2 1 219059
-1100423 64 1 57917
-1100935 1034 1 541
-1102484 544 1 523
-1102904 35651592 1 151
-1104967 0 2 179 6173
-1105364 272 1 733
-1107799 12 1 14387
-1110788 4 1 39671
-1113752 33554560 1 6053
-1113896 67108868 1 19891
-1115695 6 2 127 251
-1116584 67108868 2 127 157
-1117999 0 2 241 4639
-1118516 4100 1 929
-1119464 67110912 1 3413
-1120967 4096 2 131 199
-1123495 2 1 224699
-1124023 1056 1 1787
-1124431 44 1 859
-1125080 33554442 1 2557
-1126279 12 1 14627
-1129931 8 2 139 739
-1131560 67108866 1 28289
-1133095 32898 1 167
-1133636 4 1 40487
-1135460 2 1 56773
-1136324 4 1 40583
-1137764 2097280 1 149
-1142024 68157456 1 139
-1147796 16 1 22073
-1148983 131080 1 1559
-1151311 132 1 7151
-1154852 65536 1 4733
-1158919 0 2 811 1429
-1160036 1048576 1 3671
-1163540 6 1 8311
-1166840 33554946 1 941
-1170151 262144 1 16481
-1171460 2 1 58573
-1171855 262146 1 3301
-1172948 4 2 163 257
-1176152 34603008 1 1861
-1176836 0 2 239 1231
-1178660 6 1 8419
-1181063 8208 1 1933
-1185079 1048580 1 2143
-1185092 0 1 296273
-1191416 33554432 1 148927
-1194020 2 2 227 263
-1194116 12 1 3877
-1197620 2 2 233 257
-1198820 6 1 8563
-1199911 32 1 70583
-1201135 50 1 1087
-1201460 18 1 4621
-1202504 69206016 1 1811
-1202756 0 2 199 1511
-1203271 0 2 137 8783
-1206260 10 1 5483
-1209559 2130000 0
-1211876 0 1 302969
-1217240 33554434 1 30431
-1226939 4 1 175277
-1228103 64 2 109 593
-1229327 4232 1 113
-1231208 67108904 1 823
-1232887 0 2 379 3253
-1233272 33554432 1 154159
-1233608 67110912 1 3761
-1236872 67108884 1 1699
-1237451 64 1 65129
-1238183 0 2 251 4933
-1239044 0 2 157 1973
-1240984 33619968 1 2543
-1242439 8 2 179 631
-1245944 33554500 1 1171
-1249844 2048 1 7621
-1251752 67108992 1 6803
-1252207 8 1 113837
-1252807 0 2 139 9013
-1254659 4 2 151 1187
-1256815 6 2 149 241
-1257956 4 1 44927
-1259071 40 1 6733
-1259912 67108864 1 157489
-1260356 0 2 487 647
-1262840 33554434 2 131 241
-1265935 10 1 23017
-1266008 33554496 1 8329
-1266584 33555464 1 389
-1266632 67108864 1 158329
-1267976 67108864 2 353 449
-1274335 2 2 281 907
-1281284 192 1 733
-1282591 0 2 607 2113
-1287011 136 1 5087
-1289071 4 1 184153
-1293368 33685568 1 127
-1294676 256 1 11161
-1295252 4 2 167 277
-1295780 131074 1 967
-1299956 36 1 2731
-1300244 264 1 1019
-1301252 65536 1 5333
-1303316 4194308 1 523
-1304359 8388644 1 113
-1305188 0 2 269 1213
-1305476 0 1 326369
-1306004 4 1 46643
-1309823 2101248 1 367
-1311371 4096 1 30497
-1314967 32 1 77351
-1316852 64 1 17327
-1317967 4 1 188281
-1318424 41943040 1 1699
-1318999 72 1 6311
-1322504 67108864 1 165313
-1322840 33554434 1 33071
-1326223 0 2 241 5503
-1330580 2 1 66529
-1332356 8256 1 373
-1334023 640 1 1871
-1334911 4210688 1 283
-1338655 1048578 1 3389
-1338847 262144 2 109 173
-1339183 4196352 1 367
-1341944 35663872 0
-1342244 65536 1 5501
-1346191 12 1 17483
-1348543 4 2 383 503
-1349983 131072 1 20149
-1351640 33554434 1 33791
-1353655 66 1 14249
-1354331 8 1 123121
-1354964 262160 1 367
-1358756 4 1 48527
-1362404 0 1 340601
-1362536 67109124 1 839
-1364840 67108866 2 149 229
-1365971 0 2 641 2131
-1372712 67108936 1 821
-1375687 512 2 199 223
-1376612 0 1 344153
-1378088 67108896 1 10133
-1378979 260 1 6793
-1380440 33554434 1 34511
-1380539 2097152 1 16633
-1381211 16 2 181 587
-1383416 37880064 0
-1384207 1096 1 179
-1384820 34 1 4073
-1385219 8 1 125929
-1386559 294912 1 331
-1389659 16777216 1 13759
-1390436 0 1 347609
-1393639 1081488 0
-1395416 50331656 1 157
-1398295 2 1 279659
-1399739 8 1 127249
-1401011 2048 1 34171
-1401764 20 1 3851
-1402687 56 1 577
-1403771 0 2 331 4241
-1404655 131078 1 599
-1405615 524290 1 3851
-1406360 33554434 1 35159
-1407731 16 1 108287
-1410980 2 1 70549
-1411135 10 1 25657
-1415576 33685568 1 139
-1419272 67108864 1 177409
-1421431 8 1 129221
-1421944 33554432 1 177743
-1427671 4 1 203953
-1427695 2 1 285539
-1429112 33554432 1 178639
-1430219 32772 1 3463
-1430455 32786 1 373
-1432388 0 2 113 3169
-1433695 16777250 1 167
-1435364 4 1 51263
-1439252 0 2 241 1493
-1440535 2050 1 7027
-1443799 4 2 239 863
-1443919 0 2 839 1721
-1449284 32 1 21313
-1451684 16 1 27917
-1454411 4 2 173 1201
-1455044 0 1 363761
-1456196 4 2 131 397
-1458260 34 1 4289
-1461271 68 1 10987
-1463816 67239936 1 2731
-1467655 70 1 2207
-1468436 2097152 1 4423
-1469384 67108932 1 1381
-1469768 67110912 1 4481
-1471028 16 1 28289
-1475704 33554432 1 184463
-1475924 0 2 197 1873
-1476299 8 2 103 1303
-1476548 0 1 369137
-1477748 0 2 571 647
-1479055 66 1 15569
-1483160 33554438 1 5297
-1486519 0 2 431 3449
-1491899 64 2 233 337
-1496579 131076 1 3191
-1496935 42 1 1601
-1497179 0 2 857 1747
-1499335 2 2 227 1321
-1499480 33554498 1 1973
-1499944 67110944 1 269
-1504712 67108872 1 17099
-1507448 33554432 1 188431
-1510916 136 1 1493
-1512131 8192 1 32173
-1521539 524352 1 1097
-1522807 152 1 463
-1523540 34 1 4481
-1525460 4194306 1 857
-1527416 33554472 1 1021
-1528820 2 1 76441
-1530116 4 1 54647
-1533079 16781312 1 353
-1533679 4 1 219097
-1543715 8194 1 6569
-1544884 8 1 35111
-1549028 16 1 29789
-1550063 0 2 907 1709
-1550579 34816 1 641
-1550863 0 2 1123 1381
-1554343 4 2 233 953
-1555448 33554432 1 194431
-1556408 33554436 1 27793
-1556852 2056 1 863
-1560932 0 2 359 1087
-1561796 0 1 390449
-1563899 0 2 223 7013
-1564964 0 2 151 2591
-1566404 4100 1 1301
-1566788 32 1 23041
-1567396 262144 1 5519
-1568552 67109120 1 6761
-1570388 64 1 20663
-1572583 256 2 211 257
-1578116 0 1 394529
-1580935 258 1 10903
-1581560 33554498 1 2081
-1581851 0 2 199 7949
-1583263 520 1 4643
-1585619 516 1 7307
-1587967 131072 2 137 173
-1589480 68157442 1 503
-1589720 33554442 1 3613
-1590007 0 2 167 9521
-1591988 0 2 337 1181
-1596295 2 1 319259
-1596943 16640 1 1039
-1601047 4 2 331 691
-1602020 6 1 11443
-1602872 33554432 2 191 1049
-1604356 16 1 30853
-1609303 512 1 51913
-1612580 2 1 80629
-1612760 33554562 1 1753
-1614692 128 1 17551
-1617224 67108868 1 28879
-1617476 65540 1 947
-1618183 4 1 231169
-1618351 8196 1 4919
-1619819 0 2 877 1847
-1625672 67108864 1 203209
-1628644 8192 1 8663
-1629512 67108864 2 347 587
-1630139 4 1 232877
-1633448 67633152 1 2797
-1640984 33556480 1 5003
-1641224 67112976 1 367
-1641899 4 2 163 1439
-1642472 67108912 1 929
-1642820 2 1 82141
-1645832 67108864 2 419 491
-1648783 0 2 113 14591
-1649396 4 1 58907
-1653967 4 2 277 853
-1663736 33554432 1 207967
-1665416 67108864 2 179 1163
-1665896 67125248 1 3929
-1670836 0 2 617 677
-1675711 2176 1 1777
-1677799 0 2 599 2801
-1679795 4114 1 601
-1683620 2 1 84181
-1683991 128 2 211 347
-1684543 132 1 10463
-1685732 0 1 421433
-1686596 0 2 557 757
-1688612 256 1 14557
-1690580 2 2 137 617
-1692539 64 2 229 389
-1694287 68 1 12739
-1696820 1026 1 2293
-1697764 4194368 1 251
-1698212 0 2 457 929
-1698596 1152 1 499
-1698659 0 2 433 3923
-1699940 10 1 7727
-1701539 4 1 243077
-1701992 67110912 1 5189
-1702724 0 1 425681
-1703060 34 1 5009
-1703743 163840 1 431
-1706047 4 2 251 971
-1707251 524308 1 257
-1707655 2 2 239 1429
-1708135 26 1 2389
-1708280 33554438 1 6101
-1710728 67108864 2 281 761
-1710919 4 2 233 1049
-1711499 128 1 74413
-1711652 0 1 427913
-1712420 2 1 85621
-1712767 1060 1 389
-1714292 2048 1 10453
-1715315 6 1 49009
-1715432 67108992 1 9323
-1715623 52 1 1109
-1720999 8196 1 5231
-1721288 67108864 1 215161
-1723832 33554504 1 1031
-1724219 4 1 246317
-1728644 0 1 432161
-1737631 1028 1 6709
-1737659 12 1 22567
-1738495 524298 1 433
-1738532 0 2 149 2917
-1739479 4100 1 5779
-1740295 1154 1 409
-1742891 32 1 102523
-1745891 68 1 13127
-1750207 0 2 307 5701
-1753571 0 2 191 9181
-1754264 33554464 1 12899
-1755559 16 1 135043
-1758943 1024 2 137 347
-1759211 32 1 103483
-1761752 33554432 2 349 631
-1762052 0 2 373 1181
-1765880 33554434 2 131 337
-1766335 66 1 18593
-1767247 8256 1 1979
-1769240 33554442 1 4021
-1770295 32802 1 353
-1770655 4194434 1 173
-1770967 8 1 160997
-1772459 16 1 136343
-1772888 33554448 1 17047
-1780292 1152 1 523
-1781716 0 2 383 1163
-1783739 64 2 269 349
-1785188 8392704 1 107
-1788295 2 1 357659
-1788895 2 1 357779
-1791055 524294 1 701
-1791415 66 2 109 173
-1793780 2 1 89689
-1794884 20 1 4931
-1796647 16384 2 109 311
-1798235 2 2 181 1987
-1800904 67108868 1 32159
-1801063 8 1 163733
-1802756 256 1 15541
-1805704 67108864 2 131 1723
-1806068 8 1 41047
-1807091 24 1 12637
-1809496 33554448 2 127 137
-1810567 72 1 8663
-1811263 0 2 1223 1481
-1812104 67108868 1 32359
-1813636 8200 1 877
-1813783 4096 1 42181
-1813979 262400 1 881
-1819499 8 2 251 659
-1819832 33554436 1 32497
-1820552 67108864 1 227569
-1820756 4 1 65027
-1826387 524288 2 127 197
-1828931 16 2 269 523
-1830980 2097154 1 1103
-1831444 160 1 1171
-1831615 1048578 1 4637
-1832647 1024 1 49531
-1833055 2097158 1 631
-1834019 8 2 137 1217
-1834859 784 1 157
-1836152 33554432 1 229519
-1837844 0 2 263 1747
-1841335 2 2 113 3259
-1841780 34 1 5417
-1843303 1036 1 647
-1843880 67109378 1 1487
-1846532 128 1 20071
-1846856 67109384 1 677
-1848056 33619972 1 541
-1848343 262148 1 3719
-1849556 1024 1 12497
-1851368 67108896 1 13613
-1851535 6 1 52901
-1854031 4096 1 43117
-1855448 33554468 1 1949
-1855735 1030 1 1433
-1856695 2 1 371339
-1857583 20 2 137 149
-1857620 2 2 293 317
-1857779 140 1 1049
-1859108 0 1 464777
-1859335 258 1 12823
-1860440 33554434 1 46511
-1860644 0 1 465161
-1863380 2 1 93169
-1864811 131088 1 2141
-1867255 146 1 1249
-1870760 67108866 1 46769
-1871864 33554432 1 233983
-1873508 20 1 5147
-1875944 67108868 2 139 241
-1876936 67109920 1 373
-1878020 2 1 93901
-1878995 2 1 375799
-1879460 10 1 8543
-1879687 0 2 1259 1493
-1880360 67109122 1 1621
-1881736 67110912 1 5737
-1886372 0 1 471593
-1887512 37748744 1 241
-1889455 66 1 19889
-1890296 33554432 1 236287
-1891571 8 2 359 479
-1892180 1026 1 2557
-1896068 0 1 474017
-1897615 386 1 569
-1899463 262656 1 863
-1901960 67108898 1 2797
-1903096 33554704 1 631
-1903691 0 2 839 2269
-1912712 67117056 1 5087
-1912964 0 1 478241
-1913431 16 2 103 1429
-1914020 2 1 95701
-1914904 33587200 1 4057
-1918340 2 1 95917
-1919887 256 2 239 277
-1921988 65536 1 7877
-1926968 34603008 1 3049
-1927304 67108864 1 240913
-1928020 2 1 96401
-1928935 16642 1 251
-1930495 70 1 2903
-1930999 4 2 311 887
-1931480 33554434 2 109 443
-1931743 8 2 151 1163
-1931780 2 1 96589
-1932680 67108930 1 2543
-1933379 4 2 179 1543
-1933816 33554432 1 241727
-1936207 20 1 21277
-1938068 40 1 2591
-1939259 2308 1 233
-1939955 290 1 787
-1941284 16384 1 9157
-1943051 8 1 176641
-1944971 516 1 8963
-1947332 0 1 486833
-1947812 0 2 199 2447
-1950968 33554432 1 243871
-1952312 34078720 1 3343
-1952660 4194306 1 1097
-1953487 32 2 151 761
-1953560 33554438 1 6977
-1955095 2 1 391019
-1956659 256 2 109 619
-1956731 4 2 443 631
-1957412 0 2 103 4751
-1958623 4227072 1 373
-1958695 2 1 391739
-1959272 67141636 1 593
-1961540 6 1 14011
-1961647 416 1 173
-1962440 67371010 1 691
-1963124 0 2 271 1811
-1964095 38 1 3301
-1966936 33570816 1 4639
-1970167 8388672 1 1069
-1971032 33619972 1 577
-1979416 33554432 2 181 1367
-1979647 0 2 113 17519
-1981160 67108866 1 49529
-1981735 2054 1 1381
-1983415 65542 1 929
-1983823 8192 1 42209
-1984495 1058 1 631
-1987019 139264 1 631
-1989439 0 2 547 3637
-1991099 520 1 5839
-1993327 4 2 163 1747
-1994263 1024 1 53899
-1994276 1048576 1 6311
-1994408 67108880 2 127 151
-1995659 16777216 1 19759
-2000215 6 1 57149
-2002628 16777216 1 4957
-2004260 2 1 100213
-2004680 67108994 1 2179
-2004932 0 1 501233
-2005576 67109376 1 8087
-2010223 262272 1 1231
-2012171 1060 1 457
-2013284 20 1 5531
-2014355 131078 1 859
-2016020 2 1 100801
-2017928 67109000 1 997
-2018120 67108882 1 3881
-2019320 33554498 1 2657
-2020331 32 1 118843
-2020691 33024 1 1181
-2023748 32 1 29761
-2026772 524296 1 631
-2029156 0 1 507289
-2035208 67108868 1 36343
-2035571 16384 2 193 199
-2037080 33554434 2 127 401
-2038024 67108864 1 254753
-2038232 33554468 1 2141
-2039795 2 1 407959
-2043572 1048832 1 223
-2046035 34 1 24071
-2046295 2 1 409259
-2049247 40960 1 739
-2050235 10 1 37277
-2052539 262144 1 28909
-2053715 2 2 431 953
-2057195 16390 1 1109
-2059255 10 1 37441
-2059268 512 1 16607
-2060095 2 1 412019
-2062495 20482 1 181
-2067428 72 1 2473
-2069455 2 2 151 2741
-2070980 2 1 103549
-2071220 2 1 103561
-2073320 67108898 1 3049
-2074148 4608 1 389
-2076548 4194368 1 307
-2079332 524288 1 7121
-2079611 0 2 109 19079
-2081720 33816578 1 733
-2083160 33554498 1 2741
-2083652 0 1 520913
-2085535 322 1 757
-2089619 132 1 12979
-2094680 33554438 1 7481
-2097823 20 1 23053
-2098564 16 1 40357
-2099291 64 2 313 353
-2099383 16408 1 277
-2101796 8388608 1 5417
-2103059 1048580 1 3803
-2103620 2 2 107 983
-2106212 131328 1 271
-2109367 16 2 211 769
-2117060 10 1 9623
-2118212 0 2 173 3061
-2119327 4 2 277 1093
-2119663 20 1 23293
-2120503 12 1 27539
-2120699 262180 1 251
-2120840 67109890 1 1433
-2122084 0 2 197 2693
-2123176 67109000 1 1049
-2123288 33620032 1 229
-2126852 20 1 5843
-2128259 132 1 13219
-2130584 33554496 2 107 131
-2133179 0 2 353 6043
-2134567 1536 1 1861
-2137663 8 2 373 521
-2139491 2097152 2 149 173
-2139655 6 2 113 541
-2141335 6 2 193 317
-2141780 2 1 107089
-2141983 32 2 163 773
-2142980 6 1 15307
-2144335 132098 1 173
-2152259 524288 1 29483
-2152996 0 1 538249
-2153431 4 1 307633
-2154703 65536 1 35323
-2157463 12 1 28019
-2157659 68 1 16223
-2158580 1026 1 2917
-2159048 67633152 1 3697
-2160059 8 2 131 1499
-2161235 2 2 571 757
-2162072 34603016 1 311
-2163044 16 1 41597
-2163539 36 1 18181
-2166152 67108928 1 14251
-2167160 33554466 1 3187
-2169080 33554434 2 211 257
-2169124 0 1 542281
-2169535 514 1 13997
-2170091 12 1 28183
-2174623 296 1 401
-2179268 20 1 5987
-2179303 4 1 311329
-2179352 33554436 1 38917
-2181992 67112960 1 6343
-2184415 546 1 829
-2185499 0 2 787 2777
-2185640 83886082 1 541
-2186740 514 1 3527
-2191384 33554512 1 1109
-2193992 67110912 1 6689
-2194303 0 2 419 5237
-2194388 4 2 109 719
-2197327 16392 1 3769
-2197384 67108868 1 39239
-2199779 0 2 487 4517
-2201416 67108932 1 2069
-2201464 33554432 1 275183
-2202184 67108864 2 151 1823
-2202728 67108872 1 25031
-2202851 4 1 314693
-2203396 16 1 42373
-2206036 4 1 78787
-2206088 67110144 1 257
-2207048 67108864 1 275881
-2210468 16 1 42509
-2212207 256 1 76283
-2213684 8 1 50311
-2215204 8192 1 11783
-2215508 544 1 1051
-2215576 33554472 1 1481
-2216708 8208 1 907
-2217272 33562624 1 5897
-2223272 67113088 1 281
-2223428 0 1 555857
-2223668 16416 1 617
-2224520 67108930 1 2927
-2226212 16384 1 10501
-2226395 2 1 445279
-2227684 0 2 103 5407
-2230447 0 2 1409 1583
-2232728 33555520 1 397
-2234612 4194304 1 6277
-2234852 131584 1 269
-2236820 8388610 1 1153
-2238452 384 1 839
-2239303 16520 1 167
-2239556 136 1 2213
-2239736 33554432 1 279967
-2240404 2112 1 719
-2241812 0 2 263 2131
-2242523 128 1 97501
-2248235 2058 1 997
-2249252 0 1 562313
-2250632 71303424 1 109
-2250872 33554576 1 941
-2251336 67108864 2 347 811
-2251595 66 2 137 173
-2256212 68 1 4241
-2260735 2 2 379 1193
-2262299 16777232 1 1723
-2262404 0 2 109 5189
-2265583 0 2 277 8179
-2270948 0 1 567737
-2271032 33685568 1 223
-2273240 33554466 1 3343
-2273291 32 1 133723
-2274452 64 1 29927
-2278088 67108864 2 163 1747
-2279147 16 2 199 881
-2279263 2097156 1 3923
-2279432 67108864 2 499 571
-2279876 139264 1 181
-2280484 16896 1 347
-2281396 524304 1 601
-2283659 526340 1 109
-2285492 8 2 127 409
-2290183 16388 1 6173
-2291219 4 1 327317
-2293091 64 1 120689
-2294648 33554432 1 286831
-2296712 67108872 1 26099
-2297540 6 1 16411
-2303915 2 2 197 2339
-2306647 132 1 14327
-2309656 33554432 2 449 643
-2311112 67109376 1 9319
-2312312 33554432 1 289039
-2312404 0 2 139 4159
-2316440 33554438 1 8273
-2320087 268 1 1039
-2320735 2 2 179 2593
-2321416 67567616 0
-2323355 2 2 419 1109
-2327480 33554946 1 1877
-2328035 2 2 353 1319
-2335172 4 1 83399
-2335903 128 1 101561
-2340155 258 1 16139
-2340299 16 1 180023
-2343812 0 1 585953
-2347220 2 1 117361
-2348372 16 1 45161
-2349895 2 1 469979
-2353640 67109122 1 2029
-2354372 128 2 157 163
-2356787 4224 1 2383
-2358488 33554440 1 26801
-2358847 0 2 263 8969
-2362196 0 2 163 3623
-2364419 0 2 131 18049
-2366404 0 1 591601
-2369176 33562624 1 6301
-2369764 768 1 659
-2370247 8 2 151 1427
-2373124 8208 1 971
-2374379 4 2 431 787
-2374568 67108868 1 42403
-2376436 1024 1 16057
-2376980 2 2 157 757
-2377160 67239938 1 887
-2377495 139266 1 151
-2378404 4 2 173 491
-2381863 8 2 223 971
-2384312 33554436 1 42577
-2384335 34 1 28051
-2386472 67117064 1 577
-2387315 6 1 68209
-2387887 0 2 211 11317
-2391655 134 1 2971
-2392388 0 2 271 2207
-2394980 6 1 17107
-2398040 33554434 1 59951
-2398303 17408 1 1223
-2398504 67117056 1 6379
-2399695 2 1 479939
-2400007 131072 2 113 317
-2400932 0 1 600233
-2402356 262152 1 769
-2402459 0 2 127 18917
-2403812 1048576 1 7607
-2406103 1048644 1 229
-2407396 0 1 601849
-2408612 0 1 602153
-2409251 16 1 185327
-2411176 67109184 1 547
-2411764 0 2 419 1439
-2415044 0 1 603761
-2419283 0 2 137 17659
-2422936 39847936 0
-2423480 33558530 1 1409
-2423828 520 1 1777
-2424968 67108884 1 3331
-2425156 0 2 383 1583
-2425931 4096 1 56417
-2426047 16 1 186619
-2430632 67108928 1 15991
-2430932 36 1 5107
-2431352 33554444 1 3947
-2433092 0 1 608273
-2433463 64 2 211 607
-2435195 2054 1 1697
-2435455 10 1 44281
-2437508 256 1 21013
-2438360 33562626 1 1297
-2440379 4416 1 103
-2440472 33554432 2 257 1187
-2440619 0 2 109 22391
-2442755 262150 1 983
-2443988 32 2 127 283
-2444315 2 2 139 3517
-2446388 2052 1 2131
-2448011 0 2 1307 1873
-2459267 0 2 367 6701
-2460155 34 2 103 281
-2460439 512 2 139 571
-2462660 32770 1 2087
-2462819 0 2 107 23017
-2463295 2 1 492659
-2466035 26 1 3449
-2471944 67108864 2 193 1601
-2473160 67108898 1 3637
-2473331 4 1 353333
-2474884 0 2 103 6007
-2475188 0 2 149 4153
-2475556 256 1 21341
-2478920 67109122 1 2137
-2482324 16 1 47737
-2483288 33687552 1 113
-2485592 37748736 1 3491
-2487707 256 2 109 787
-2488052 36 1 5227
-2490904 33558544 1 557
-2491687 520 1 7307
-2494355 8389634 1 139
-2494516 4096 1 14503
-2498215 66 1 26297
-2498747 64 2 347 379
-2499032 33556544 1 401
-2499044 0 2 191 3271
-2499064 33554432 1 312383
-2500063 20480 1 1097
-2502392 33554432 1 312799
-2507263 8 2 193 1181
-2509688 33554432 1 313711
-2512232 67244032 1 109
-2514196 0 2 349 1801
-2514260 6 1 17959
-2514271 256 2 181 479
-2516215 18 1 38711
-2518628 4 2 293 307
-2522840 33587202 1 1069
-2523395 38 1 4241
-2530472 67633156 1 619
-2534195 540674 1 131
-2539876 0 1 634969
-2542532 0 2 479 1327
-2545592 33554436 2 131 347
-2547419 4 1 363917
-2550463 768 1 2837
-2550728 67108864 1 318841
-2550995 2 1 510199
-2555095 2 1 511019
-2555144 67109376 1 10303
-2558884 0 2 109 5869
-2563691 16 1 197207
-2564287 8 1 233117
-2564468 2112 1 823
-2564680 75497474 1 661
-2565607 8 2 179 1303
-2566088 67108868 1 45823
-2566952 67117056 1 6827
-2567527 96 1 7949
-2569268 16 1 49409
-2569684 16 1 49417
-2571779 4 1 367397
-2572216 33562624 1 6841
-2572712 67108896 1 18917
-2574103 2052 1 8969
-2574964 2052 1 2243
-2574968 33554696 1 1009
-2579588 136 1 2549
-2579780 6 1 18427
-2580779 262144 2 163 223
-2581748 16 2 131 379
-2582699 4 1 368957
-2584532 576 1 1097
-2588344 33685512 1 439
-2588612 131088 1 743
-2591432 67108864 2 227 1427
-2592367 16777216 1 25667
-2593931 0 2 131 19801
-2593979 16416 1 2879
-2594552 33554432 1 324319
-2596403 0 2 1021 2543
-2597411 0 2 991 2621
-2601188 0 2 197 3301
-2602040 33554438 1 9293
-2603540 2 2 349 373
-2604247 32 1 153191
-2606360 33554562 1 2833
-2607779 524288 2 139 257
-2608084 0 2 157 4153
-2609335 16777218 1 5167
-2613860 2 1 130693
-2615012 1024 1 17669
-2615291 4 1 373613
-2615476 0 2 373 1753
-2615555 2 2 409 1279
-2617220 2 2 107 1223
-2625560 33554438 1 9377
-2628212 256 2 139 163
-2629592 33554436 1 46957
-2629835 18 1 40459
-2633588 0 2 541 1217
-2633623 1066016 0
-2634856 67108868 1 47051
-2637860 2 1 131893
-2639624 67108912 1 1493
-2641355 514 1 17041
-2643976 67108896 1 19441
-2645044 2097664 1 257
-2645252 0 2 239 2767
-2647220 2 1 132361
-2647663 0 2 877 3019
-2648356 8192 1 14087
-2649080 33554438 1 9461
-2649748 2048 2 107 151
-2652659 8391040 0
-2654315 130 1 23081
-2654435 6 2 149 509
-2655011 0 2 997 2663
-2657236 160 1 1699
-2659220 2 1 132961
-2659979 4 1 379997
-2661428 12 1 8641
-2662135 134 1 3307
-2665172 8388608 1 6869
-2665924 1024 1 18013
-2669647 1056768 1 719
-2670184 67108936 1 1597
-2673487 2048 2 197 331
-2677384 67108992 1 14551
-2678215 2 2 197 2719
-2683759 4112 1 4801
-2686379 73728 1 937
-2688388 0 1 672097
-2688803 16 2 107 1933
-2692907 4 1 384701
-2696344 37748740 1 541
-2696383 65536 1 44203
-2697223 16384 1 50891
-2697604 20 1 7411
-2698036 40 1 3607
-2698643 512 2 263 331
-2699579 128 1 117373
-2702071 0 2 107 25253
-2702404 0 1 675601
-2702887 1288 1 229
-2702984 67108864 1 337873
-2706436 64 2 149 239
-2706943 2048 2 103 641
-2707067 8 1 246097
-2708104 67109892 1 1307
-2710255 8258 1 607
-2711291 520 1 7951
-2711819 264 1 8501
-2713595 2 1 542719
-2713691 263168 1 1033
-2714344 67117056 1 7219
-2714824 67108868 1 48479
-2715635 2066 1 1019
-2716760 33554562 1 2953
-2717780 18 1 10453
-2724707 0 2 197 13831
-2725832 67371008 1 4799
-2726215 66 1 28697
-2728456 67108864 1 341057
-2730452 1088 1 971
-2734024 67108928 1 17987
-2734324 512 1 22051
-2738771 132 1 17011
-2740159 0 2 181 15139
-2741732 4 1 97919
-2741876 128 1 29803
-2742179 4194312 1 2801
-2746052 0 1 686513
-2746712 33554432 2 521 659
-2747108 20 1 7547
-2747716 512 1 22159
-2749160 67108866 1 68729
-2750408 67108864 1 343801
-2751467 672 1 227
-2754872 33557504 1 227
-2755543 4 1 393649
-2757131 4194320 1 2383
-2757343 2097152 2 139 239
-2757512 67109376 1 11119
-2758952 67108932 1 2593
-2759627 48 1 12487
-2759912 67375104 1 113
-2760971 1048576 1 34949
-2762536 67108868 1 49331
-2762795 6 2 193 409
-2767540 66 1 7283
-2768555 1052674 1 163
-2769419 32 1 162907
-2769860 2 1 138493
-2770399 256 1 95531
-2771588 256 1 23893
-2771956 524296 1 863
-2772847 12 1 36011
-2778731 64 1 146249
-2779063 8196 1 8447
-2779448 33554436 1 49633
-2779928 33554496 1 18289
-2780051 0 2 467 5953
-2780147 262144 1 39157
-2781943 0 2 439 6337
-2783407 1048584 1 3203
-2785687 65536 1 45667
-2789143 131140 1 313
-2795215 4098 1 13001
-2795720 67109890 1 1889
-2796107 512 1 90197
-2796728 33619976 1 521
-2803652 0 2 127 5519
-2807236 512 1 22639
-2807672 33554436 2 181 277
-2809960 67108866 1 70249
-2810387 0 2 181 15527
-2813795 2 1 562759
-2813956 0 1 703489
-2815595 2 1 563119
-2815619 8388608 1 29027
-2817368 33595392 1 127
-2818504 67110928 1 661
-2819972 0 1 704993
-2825987 128 1 122869
-2827451 8 2 401 641
-2828051 256 2 113 863
-2828164 0 2 113 6257
-2828455 6 2 211 383
-2830543 0 2 103 27481
-2830763 10256 1 113
-2833816 33619968 1 5807
-2835539 524804 1 179
-2836807 32 1 166871
-2836955 10 1 51581
-2839211 16777216 1 28111
-2839595 42 1 3037
-2842807 8 1 258437
-2844632 34603012 1 643
-2846503 136 1 11251
-2847320 33554438 1 10169
-2848456 67174416 1 449
-2849108 131072 1 10631
-2849455 38 1 4789
-2851379 128 1 123973
-2853823 4 2 373 1093
-2856007 268 1 1279
-2859103 16 1 219931
-2860084 32768 1 12119
-2860660 10 1 13003
-2861219 8224 1 3581
-2864459 80 1 11597
-2866787 524 1 1201
-2866927 132 1 17807
-2869691 4104 1 6067
-2870644 4 1 102523
-2871112 67108864 2 191 1879
-2871812 320 1 1303
-2872619 0 2 349 8231
-2873192 67108868 1 51307
-2874068 0 2 281 2557
-2876503 4 1 410929
-2878427 128 1 125149
-2878595 66 2 157 193
-2878979 268416 0
-2881172 4100 1 2393
-2883380 2 1 144169
-2883419 12 1 37447
-2883535 66 2 127 239
-2883659 32 1 169627
-2885284 0 1 721321
-2885464 33554432 2 293 1231
-2886820 2 1 144341
-2887451 4 1 412493
-2887892 36 1 6067
-2890451 64 2 149 1021
-2892484 68 1 5437
-2892539 16777232 1 2203
-2894020 2 1 144701
-2894023 65608 1 227
-2894251 1216 1 179
-2896232 67371008 1 5099
-2897503 8196 1 8807
-2899331 0 2 137 21163
-2900552 67108864 1 362569
-2902712 33554432 2 127 2857
-2903432 67108868 2 139 373
-2903459 16 2 173 1291
-2903743 2048 1 70823
-2903915 262 1 2861
-2907092 0 2 173 4201
-2910515 66 1 30637
-2913059 4456448 1 461
-2914427 0 2 577 5051
-2916851 4 1 416693
-2919076 8192 1 15527
-2919332 528 1 1811
-2919611 16896 1 1777
-2920807 0 2 139 21013
-2921320 67108866 2 199 367
-2924660 2 2 257 569
-2925092 8192 1 15559
-2928035 10 2 139 383
-2928367 4194320 1 2531
-2928452 128 2 139 229
-2932616 67108864 2 103 3559
-2934299 2097152 1 35353
-2939864 33556480 1 8963
-2940395 2 1 588079
-2941043 4 1 420149
-2941576 67108872 1 33427
-2942935 2 2 379 1553
-2945023 0 2 431 6833
-2945636 0 1 736409
-2946491 32 2 353 491
-2949611 4 2 103 4091
-2949727 4194440 1 131
-2951140 2 1 147557
-2953067 16 1 227159
-2953096 67108864 1 369137
-2954795 2 1 590959
-2956331 4 2 163 2591
-2958895 2 1 591779
-2961127 16 2 379 601
-2961587 16480 1 173
-2963435 524418 1 353
-2964980 2 1 148249
-2966344 67108864 1 370793
-2967611 0 2 229 12959
-2967703 2048 1 72383
-2968772 0 1 742193
-2969435 1030 1 2293
-2971715 130 1 25841
-2974264 33686016 1 179
-2976703 0 2 659 4517
-2976827 4 2 223 1907
-2979428 64 2 197 199
-2980355 38 1 5009
-2986324 131080 1 1013
-2987108 0 1 746777
-2987915 6 1 85369
-2988004 0 2 191 3911
-2989028 4 1 106751
-2991496 67108864 1 373937
-2992292 0 2 181 4133
-2992808 67108884 1 4111
-2994692 4224 1 757
-2996692 32 2 127 347
-2998183 655360 1 613
-3000011 2052 1 10453
-3000755 4130 1 821
-3001060 2 1 150053
-3002228 64 1 39503
-3003512 34079744 1 139
-3005095 2050 2 107 137
-3005780 2 2 137 1097
-3007543 12 2 139 281
-3009604 528 1 1867
-3012196 40 1 4027
-3012452 0 2 191 3943
-3012515 10 1 54773
-3013543 32784 1 3929
-3014852 16384 1 14221
-3015380 2 1 150769
-3018788 0 2 397 1901
-3019204 262144 1 10631
-3019715 2 2 173 3491
-3020915 2 2 509 1187
-3021364 0 2 167 4523
-3024916 131072 1 11287
-3027731 16388 1 8161
-3029243 4 1 432749
-3029659 256 1 104471
-3032315 26 1 4241
-3033395 34 2 127 281
-3034052 4 1 108359
-3035219 8 1 275929
-3038099 0 2 1009 3011
-3040543 8 2 263 1051
-3041263 1048576 2 137 281
-3041656 33554432 1 380207
-3041704 67174528 1 271
-3044503 76 1 2081
-3044740 130 1 6619
-3045124 0 2 113 6737
-3047891 140 1 1721
-3049115 2 2 269 2267
-3050555 514 1 19681
-3051683 0 2 127 24029
-3052532 2052 1 2659
-3054419 4096 2 251 283
-3057059 32 1 179827
-3058216 75497476 1 563
-3058952 67239952 1 439
-3059023 136 2 107 113
-3061499 4 1 437357
-3062195 2 1 612439
-3062776 33554432 1 382847
-3063155 2 2 739 829
-3063563 1024 1 82799
-3065716 8320 1 709
-3066964 2048 1 18701
-3067832 33554560 1 16673
-3068695 4102 1 2039
-3068776 67108864 2 179 2143
-3070328 33554432 1 383791
-3070712 33554432 1 383839
-3072520 67108874 1 6983
-3073739 2097408 1 1277
-3074743 16777220 1 4349
-3075055 66 1 32369
-3075611 32780 1 677
-3077732 4 1 109919
-3078539 0 2 557 5527
-3078692 0 1 769673
-3080584 67108944 1 1559
-3083464 67108864 1 385433
-3084340 6 1 22031
-3086404 0 2 521 1481
-3089651 0 2 541 5711
-3092740 6 1 22091
-3093604 256 1 26669
-3094355 10 2 127 443
-3095828 6144 1 439
-3096707 256 1 106783
-3097028 32776 1 1193
-3100283 0 2 1301 2383
-3103927 8192 1 66041
-3105299 4197504 0
-3107627 0 2 653 4759
-3108196 20 1 8539
-3110824 67108864 2 239 1627
-3115807 1024 1 84211
-3116344 33554444 1 5059
-3117752 33816584 1 499
-3117995 194 1 1427
-3120440 33554434 2 181 431
-3122372 264 1 2447
-3122792 69206016 1 4703
-3123127 4 2 503 887
-3123752 67108928 1 20551
-3124043 8208 1 5113
-3124619 524416 1 1861
-3126463 1024 1 84499
-3128071 16777216 1 30971
-3128948 0 2 163 4799
-3129364 524292 1 1531
-3130628 512 1 25247
-3132995 2 1 626599
-3134420 16386 1 2957
-3135515 2 2 151 4153
-3138535 2 2 151 4157
-3138655 18 2 109 443
-3139903 6160 1 137
-3141103 4 2 167 2687
-3143971 8192 2 151 443
-3149555 2 2 109 5779
-3151060 10 1 14323
-3154628 1179648 1 149
-3155896 33620224 1 223
-3156083 132 1 19603
-3156760 33554434 1 78919
-3157931 4 2 199 2267
-3160087 4 1 451441
-3160868 0 2 421 1877
-3163396 2048 1 19289
-3165512 67108868 1 56527
-3166783 0 2 263 12041
-3171112 67108900 1 3331
-3171512 42139648 0
-3171556 320 1 1439
-3173716 20 1 8719
-3174520 33554498 1 4177
-3175240 67108866 2 163 487
-3177304 33554448 2 137 223
-3181576 67108864 1 397697
-3181955 6 2 229 397
-3185240 33554434 1 79631
-3187172 512 1 25703
-3188836 65540 1 1867
-3191780 2 1 159589
-3195127 16 2 107 2297
-3196571 4 1 456653
-3196948 1024 1 21601
-3197315 65546 1 953
-3197503 4195328 1 971
-3198040 33554466 1 4703
-3201827 0 2 137 23371
-3203044 528 1 1987
-3203795 6 2 239 383
-3205091 4160 1 3923
-3205235 16777226 1 577
-3207544 33554432 1 400943
-3210424 33554436 1 57329
-3213992 67112960 1 9343
-3216395 22 1 7069
-3219092 1114112 1 167
-3220180 2 1 161009
-3222968 33685508 1 859
-3223715 10 1 58613
-3223780 6 1 23027
-3224579 0 2 257 12547
-3226235 524290 1 8839
-3226451 0 2 1231 2621
-3227732 1024 2 113 193
-3229208 33555200 1 449
-3230935 34 1 38011
-3231124 16 1 62137
-3231295 2 1 646259
-3231860 2 2 283 571
-3232903 128 2 367 383
-3234967 0 2 191 16937
-3236171 2080 1 4643
-3237563 4 2 113 4093
-3238580 2 2 113 1433
-3239435 162 1 1657
-3240004 0 2 241 3361
-3246731 0 2 1381 2351
-3246895 2 1 649379
-3249812 262144 1 11443
-3250744 33554436 1 58049
-3252260 10 1 14783
-3253028 192 1 1861
-3254632 67633152 1 5573
-3255604 136 1 3217
-3255892 2048 1 19853
-3256907 0 2 821 3967
-3261124 128 1 35447
-3262180 2 1 163109
-3262696 67108864 2 617 661
-3263411 17825792 1 409
-3263432 67109376 1 13159
-3263896 33554496 2 109 197
-3264443 276 1 1237
-3266116 131076 1 1741
-3267608 33554432 2 239 1709
-3269935 135170 1 227
-3270415 2 2 131 4993
-3270779 512 1 105509
-3271523 512 1 105533
-3271540 1026 1 4421
-3274216 67109128 1 1283
-3279992 33554432 1 409999
-3281176 33554688 1 14143
-3281416 67112960 1 9539
-3281672 67108864 2 311 1319
-3282491 4224 1 3319
-3282899 2098176 1 1069
-3285556 96 1 2543
-3289091 16 2 113 2239
-3293848 33554432 2 199 2069
-3294136 33562624 1 8761
-3294443 1024 2 269 331
-3295096 33554692 1 2029
-3295144 67108896 1 24229
-3296372 256 2 157 181
-3300011 8216 1 491
-3302287 1024 2 149 599
-3303515 514 1 21313
-3304115 258 1 22787
-3304379 16 2 157 1619
-3304568 33554432 1 413071
-3305579 131072 2 103 479
-3305828 0 2 191 4327
-3306308 1048576 1 10463
-3307043 16777216 2 137 239
-3307715 2 2 127 5209
-3308411 0 2 163 20297
-3308767 8388620 1 443
-3309332 144 1 2767
-3309395 2 1 661879
-3309796 4100 1 2749
-3312136 67108864 1 414017
-3313940 6 1 23671
-3317579 4096 1 77153
-3318008 35651648 1 263
-3318635 66 2 181 193
-3319480 33554946 1 2677
-3320648 67108992 1 18047
-3320963 0 2 883 3761
-3321736 67108872 1 37747
-3323219 65536 2 157 347
-3323432 67108900 1 3491
-3324964 0 2 293 2837
-3325268 1048608 1 619
-3326795 2 1 665359
-3327899 4096 2 193 401
-3328936 67108880 1 32009
-3329044 0 2 431 1931
-3329195 16418 1 739
-3329476 0 1 832369
-3333259 2048 1 81299
-3333848 33555460 1 1609
-3334660 6 1 23819
-3336515 22 1 7333
-3338195 6 2 127 751
-3339512 33554440 2 137 277
-3340040 67108874 1 7591
-3342703 20 2 109 337
-3343924 192 1 1913
-3344023 1024 1 90379
-3347147 32 2 401 491
-3348251 16777216 1 33151
-3350180 130 1 7283
-3351640 33554434 1 83791
-3352303 16448 1 3329
-3352984 33554432 2 283 1481
-3353288 67108864 1 419161
-3353291 64 1 176489
-3354664 67108864 2 107 3919
-3359944 67108868 1 59999
-3360548 0 1 840137
-3364744 67108864 1 420593
-3367807 64 2 157 1129
-3369179 4136 1 419
-3370036 2048 1 20549
-3374104 33555456 1 11399
-3377956 0 1 844489
-3378155 42 1 3613
-3379955 262146 1 9521
-3381128 67108864 2 263 1607
-3383647 262144 1 47657
-3387496 67108868 2 241 251
-3389603 4 1 484229
-3389896 67108864 2 643 659
-3390440 67108866 1 84761
-3391883 17043464 0
-3393860 2 1 169693
-3393943 4 2 311 1559
-3394451 2097152 1 40897
-3394903 8389120 1 1129
-3396491 4 2 467 1039
-3396515 546 1 1289
-3396616 67108864 1 424577
-3397691 8 2 499 619
-3399640 33554434 1 84991
-3402635 34 1 40031
-3403763 8 1 309433
-3405736 67108864 2 197 2161
-3406040 33554442 1 7741
-3408196 264 1 2671
-3409240 33554690 1 2939
-3413764 256 1 29429
-3413896 67108864 1 426737
-3417496 33554432 2 631 677
-3417755 10 1 62141
-3419527 0 2 677 5051
-3420280 33555458 1 2311
-3422020 6 1 24443
-3423608 33554432 1 427951
-3426323 2097152 1 41281
-3426580 2 1 171329
-3427172 4 1 122399
-3427928 33556484 1 1493
-3430903 260 1 16901
-3432436 36 1 7211
-3432632 33554436 1 61297
-3433019 65536 2 167 337
-3435316 0 2 601 1429
-3438424 33556488 1 953
-3442456 33570944 1 353
-3443795 2050 2 107 157
-3449476 0 1 862369
-3449915 6 2 241 409
-3450308 0 2 631 1367
-3451643 16 1 265511
-3451955 146 1 2309
-3452023 0 2 677 5099
-3453880 34603010 1 1093
-3454663 4096 1 80341
-3458971 0 2 1109 3119
-3460180 34 1 10177
-3461768 67108864 1 432721
-3461956 512 1 27919
-3462184 67108872 1 39343
-3465343 4 2 131 3779
-3466084 0 2 127 6823
-3466756 0 1 866689
-3467891 4 1 495413
-3468179 1048600 1 307
-3468371 256 2 199 601
-3471668 0 2 449 1933
-3472504 33587204 1 1051
-3474616 33562624 1 9241
-3476404 384 1 1303
-3476915 18 2 149 359
-3477092 0 1 869273
-3477188 24 1 6079
-3480091 512 1 112261
-3482404 0 1 870601
-3483103 272 1 9239
-3483572 32 1 51229
-3485944 33554444 1 5659
-3486967 8 2 359 883
-3488915 1026 1 18859
-3489572 0 1 872393
-3490532 0 2 541 1613
-3491023 0 2 457 7639
-3492491 512 2 113 997
-3492964 128 1 37967
-3493924 4 1 124783
-3495827 278528 1 929
-3496739 0 2 181 19319
-3497435 65538 1 11467
-3498340 2 1 174917
-3498616 35651592 1 479
-3499412 4 1 124979
-3502211 0 2 647 5413
-3504388 0 1 876097
-3504856 33554464 1 25771
-3505748 0 2 107 8191
-3506027 4 1 500861
-3507364 4 2 229 547
-3508804 16 1 67477
-3509236 16384 1 16553
-3512003 1032 1 8629
-3515780 130 1 7643
-3517208 35651584 1 5297
-3517444 4 2 269 467
-3517960 67109890 1 2377
-3520264 67108872 2 109 367
-3520955 162 1 1801
-3521915 4098 1 16381
-3523876 128 1 38303
-3524584 67108868 1 62939
-3527044 16384 2 127 131
-3527147 16 2 181 1499
-3527815 2 2 613 1151
-3529876 4 1 126067
-3530263 8 2 487 659
-3532355 2050 1 17231
-3536555 10 1 64301
-3539795 70 1 5323
-3540692 32 1 52069
-3542840 33554438 1 12653
-3547063 16 2 281 971
-3547067 32 2 137 1523
-3547684 4 1 126703
-3549128 67109384 1 1301
-3552856 33554560 1 19309
-3553019 2112 1 4561
-3554603 16 2 127 2153
-3555076 4 1 126967
-3555928 33558528 1 10337
-3558484 0 2 131 6791
-3558676 520 1 2609
-3559268 16384 2 103 163
-3560939 800 1 233
-3561727 16 1 273979
-3563219 8 2 227 1427
-3564964 16 2 179 383
-3565412 0 2 151 5903
-3567112 67133440 1 179
-3577652 16 2 107 643
-3579035 258 1 24683
-3579395 2 1 715879
-3579443 4 2 157 3257
-3581768 67108864 2 463 967
-3581956 68 1 6733
-3586043 0 2 521 6883
-3589444 1049600 1 307
-3590948 65536 1 14717
-3591832 33554432 2 257 1747
-3592523 8 1 326593
-3593492 4 1 128339
-3593528 33554464 1 26423
-3595379 0 2 647 5557
-3596435 290 1 1459
-3598504 67108884 1 4943
-3598931 8196 1 10939
-3599315 4098 1 16741
-3604984 33555520 1 641
-3606136 33554432 1 450767
-3606611 32768 1 61129
-3608143 8204 1 997
-3608260 2 1 180413
-3612136 67108872 1 41047
-3612203 4 2 331 1559
-3617092 0 2 233 3881
-3617963 1050624 1 1117
-3618659 136 1 14303
-3621995 18 2 103 541
-3623195 2 1 724639
-3625595 2 1 725119
-3625832 67108868 1 64747
-3626404 0 1 906601
-3628180 2 1 181409
-3629524 131328 1 467
-3632915 26 1 5081
-3639443 65536 1 59663
-3640216 41943040 1 4691
-3643508 40 1 4871
-3643927 4194308 1 5849
-3645256 67141632 1 7723
-3648395 2 1 729679
-3649115 2 2 229 3187
-3650440 67108866 2 263 347
-3654196 20 1 10039
-3655252 131200 1 593
-3656740 66 1 9623
-3656987 320 1 6637
-3660248 33554432 2 449 1019
-3662660 2 2 367 499
-3662867 66064 1 149
-3662980 130 1 7963
-3666155 2 2 181 4051
-3666308 512 1 29567
-3668056 33554468 1 3853
-3670024 68157440 1 5807
-3673144 33562624 1 9769
-3673816 34603008 1 5813
-3674627 8 1 334057
-3675220 2 1 183761
-3675556 0 1 918889
-3676547 4 1 525221
-3677224 67108864 2 109 4217
-3677828 12 1 11941
-3680003 524288 1 50411
-3681016 33554432 1 460127
-3683236 0 2 229 4021
-3686468 16384 1 17389
-3687796 4 1 131707
-3688451 80 2 109 137
-3690659 4 1 527237
-3691588 0 1 922897
-3695828 0 2 199 4643
-3696196 16777220 1 1307
-3698344 67112976 1 827
-3699668 262148 1 1861
-3702107 32 1 217771
-3702916 4 1 132247
-3706756 0 1 926689
-3708692 524304 1 977
-3708755 2 2 431 1721
-3711332 0 1 927833
-3714011 131076 1 7919
-3714136 33554432 2 199 2333
-3720904 67108872 1 42283
-3725527 16 2 179 1601
-3726055 2 2 631 1181
-3727172 16384 1 17581
-3727384 33603584 1 149
-3727876 64 2 181 271
-3732340 32770 1 3163
-3733235 10 2 103 659
-3734344 67108864 2 577 809
-3735823 65556 1 673
-3740312 35655680 1 131
-3742840 33554434 2 137 683
-3744040 67108866 1 93601
-3745636 0 2 757 1237
-3747515 2 2 223 3361
-3753203 64 2 251 787
-3753635 66050 1 397
-3757540 2 1 187877
-3759640 33554434 2 193 487
-3760504 33554440 2 151 283
-3765755 38 1 6329
-3767860 130 1 8191
-3770291 131076 1 8039
-3771128 33554432 1 471391
-3772427 8388608 1 38891
-3773896 67108868 1 67391
-3776680 67108866 2 263 359
-3778355 2054 1 2633
-3779507 0 2 887 4261
-3780515 2 2 137 5519
-3782147 16777216 1 37447
-3782596 262208 1 701
-3786007 8388736 1 1697
-3786691 17408 1 1931
-3787108 131088 1 1087
-3788195 2082 1 1087
-3790276 4 1 135367
-3793187 0 2 271 13997
-3794555 514 1 24481
-3800743 0 2 211 18013
-3801755 258 2 157 167
-3801796 1064960 1 227
-3802984 67174400 1 7793
-3807332 0 2 313 3041
-3809795 10 2 113 613
-3810376 67110912 1 11617
-3810487 65536 1 62467
-3811259 1024 1 103007
-3812939 4176 1 359
-3814036 0 2 211 4519
-3814180 2 1 190709
-3815095 2097410 1 317
-3815416 33554440 2 191 227
-3816548 0 2 593 1609
-3816635 8194 2 109 149
-3817268 20 1 10487
-3817444 256 1 32909
-3819491 16 2 229 1283
-3819512 33554432 1 477439
-3821128 67109056 1 1093
-3823235 18 2 131 449
-3824776 67108928 1 25163
-3827492 8192 1 20359
-3831635 16450 1 761
-3833915 66 1 40357
-3835636 4 1 136987
-3837995 16390 1 2069
-3840136 67108864 1 480017
-3845915 32770 1 13037
-3845956 0 2 109 8821
-3847816 67108868 1 68711
-3850307 0 2 797 4831
-3853903 192 1 8819
-3861092 0 2 181 5333
-3863647 16384 2 269 271
-3863896 33554464 1 28411
-3864212 520 1 2833
-3867155 32770 1 13109
-3868568 33554440 1 43961
-3868787 16 2 139 2141
-3869476 16 1 74413
-3871819 260 1 19073
-3873736 67108864 2 439 1103
-3878435 10 2 151 467
-3878731 0 2 239 16229
-3880328 67108864 1 485041
-3882419 0 2 1321 2939
-3882488 33554432 1 485311
-3883780 130 1 8443
-3884363 4 2 643 863
-3888563 2084 1 797
-3888740 2 2 127 1531
-3888827 8396800 1 853
-3888971 32 2 103 2221
-3890660 8194 1 4139
-3891364 1024 1 26293
-3892715 65538 1 12763
-3892772 16 1 74861
-3893603 4 1 556229
-3897640 67108866 1 97441
-3900467 9437184 1 509
-3901235 8210 1 1277
-3902027 4194336 1 2579
-3903028 0 2 839 1163
-3903064 33554472 1 2609
-3903092 0 2 757 1289
-3904523 4 1 557789
-3910504 67108944 1 1979
-3910936 33558528 1 11369
-3913096 67125256 1 839
-3913903 4100 1 13003
-3914644 0 2 173 5657
-3917507 8 1 356137
-3919832 33554436 1 69997
-3922088 67108864 2 521 941
-3922984 67239952 1 563
-3923291 64 1 206489
-3923935 2 2 419 1873
-3928423 128 1 170801
-3929416 67239936 1 7331
-3929896 67108864 2 107 4591
-3930436 1024 1 26557
-3931576 33558536 1 1039
-3931684 0 2 439 2239
-3932047 4 2 127 4423
-3934232 33554432 2 599 821
-3938888 67108992 1 21407
-3939683 8 1 358153
-3940567 128 1 171329
-3942755 2 2 571 1381
-3942904 33554436 2 181 389
-3945028 0 1 986257
-3947780 2 1 197389
-3949423 288 1 8011
-3949451 8 1 359041
-3950387 131076 1 8423
-3950680 33554434 2 283 349
-3952595 2 1 790519
-3955780 2097154 1 2383
-3955931 132 1 24571
-3956852 32 1 58189
-3957635 8202 1 1531
-3957931 0 2 967 4093
-3958115 6 1 113089
-3958163 8 2 151 2383
-3958532 1048576 1 12527
-3959764 2097152 1 11927
-3962459 0 2 1667 2377
-3964207 65552 1 4999
-3968003 16 1 305231
-3970996 160 1 2539
-3971192 33554432 1 496399
-3971723 4 1 567389
-3972995 82 1 3217
-3973235 65542 1 1861
-3973783 264 1 12457
-3974260 34 1 11689
-3975428 1024 1 26861
-3976427 1044 1 1181
-3977272 33554448 2 167 229
-3977915 16418 1 883
-3980383 8200 1 7699
-3985624 33554560 1 21661
-3986596 0 1 996649
-3986948 4 1 142391
-3987443 0 2 443 9001
-3988499 192 1 9127
-3990847 16900 1 347
-3992344 34603008 1 6317
-3999940 6 1 28571
-4000024 33554436 1 71429
-4000628 0 2 617 1621
-4000667 8 2 367 991
-4004435 34 1 47111
-4012516 512 1 32359
-4013555 22 1 8821
-4013603 8 1 364873
-4015235 4194310 1 1289
-4019716 64 2 227 233
-4021931 2105344 1 1031
-4023611 96 1 12457
-4025747 32776 1 6203
-4026196 128 2 107 409
-4028767 256 1 138923
-4029064 67108944 1 2039
-4032328 67239936 1 7523
-4032587 262192 1 257
-4032611 16392 1 6917
-4034740 131074 1 3011
-4035268 0 1 1008817
-4035736 33554432 2 641 787
-4036019 16 1 310463
-4037287 0 2 151 26737
-4042292 0 2 863 1171
-4043560 67108866 1 101089
-4044424 69206016 1 6091
-4048984 33555456 1 13679
-4050472 67127296 1 233
-4051283 0 2 421 9623
-4051288 33558528 1 11777
-4052404 0 2 227 4463
-4055464 67108868 2 139 521
-4055795 2097410 1 337
-4058596 0 1 1014649
-4059796 16777232 1 773
-4059812 0 1 1014953
-4060115 2 2 107 7589
-4061560 33587202 1 1721
-4062280 67110914 1 2477
-4064164 16 1 78157
-4064915 2 2 211 3853
-4065619 512 1 131149
-4065755 27262978 0
-4072135 2 2 131 6217
-4074004 16392 1 1747
-4077131 20480 1 1789
-4079411 4 1 582773
-4080443 2048 1 99523
-4082296 33554432 1 510287
-4082987 1024 2 163 677
-4087451 4160 1 5003
-4089611 8192 1 87013
-4090936 34603008 1 6473
-4093144 33554440 2 193 241
-4094116 4112 1 1831
-4095940 2 1 204797
-4096772 256 1 35317
-4102307 8 2 139 2683
-4102840 33554438 1 14653
-4105144 33554944 1 16553
-4106824 67108864 1 513353
-4111444 4194304 1 11549
-4114328 33619968 1 8431
-4116040 67108898 1 6053
-4118980 2 1 205949
-4119640 33554438 1 14713
-4120036 192 1 2357
-4120168 67108880 2 173 229
-4123204 0 1 1030801
-4127620 6 1 29483
-4130920 67174402 1 1693
-4132168 67108864 1 516521
-4137127 16384 1 78059
-4138840 33554434 1 103471
-4139524 6144 1 587
-4140227 20 1 45497
-4141396 4 2 353 419
-4148404 16 1 79777
-4149223 144 1 13877
-4153636 0 1 1038409
-4155016 67141632 1 8803
-4157288 67108864 2 349 1489
-4158040 33554434 1 103951
-4158196 8388612 1 1531
-4158916 0 2 647 1607
-4159067 168 1 967
-4159955 66 1 43789
-4160980 2 1 208049
-4162283 256 1 143527
-4164004 16 1 80077
-4165096 67109136 1 1381
-4165144 33816576 1 7333
-4167080 67108930 1 5483
-4170964 4 2 181 823
-4170995 2 1 834199
-4172536 33554432 1 521567
-4173635 66 1 43933
-4174115 266 1 2617
-4174516 262144 1 14699
-4175944 67108864 1 521993
-4176995 2 1 835399
-4177307 2097152 1 50329
-4177523 4 1 596789
-4178819 0 2 443 9433
-4180564 524288 2 103 139
-4181435 16898 1 509
-4182635 2 2 421 1987
-4183427 4096 2 271 359
-4188635 10 1 76157
-4190003 40960 1 1511
-4191188 4259840 1 193
-4192835 98306 1 233
-4193476 4 1 149767
-4194340 2 1 209717
-4195423 0 2 173 24251
-4206367 8 2 127 3011
-4208356 128 2 149 307
-4208603 4 2 727 827
-4209083 1024 1 113759
-4210660 2 1 210533
-4212964 4 2 379 397
-4216388 1048584 1 1213
-4219187 67588 1 241
-4219811 0 2 719 5869
-4222564 0 2 151 6991
-4223524 0 1 1055881
-4225204 0 2 839 1259
-4225672 67109384 1 1549
-4228996 0 1 1057249
-4229492 0 2 139 7607
-4229716 0 2 859 1231
-4230280 67108898 1 6221
-4230376 67117056 1 11251
-4230755 2 2 241 3511
-4233608 67113472 1 397
-4236580 8194 1 4507
-4238411 0 2 907 4673
-4239299 64 2 347 643
-4239515 4194310 1 1361
-4241627 272 1 11251
-4242707 16777252 1 353
-4243220 2 1 212161
-4243912 67117056 1 11287
-4245395 14 1 11027
-4246579 0 2 193 22003
-4247284 0 2 139 7639
-4249355 10 1 77261
-4251395 81922 1 263
-4251544 33554440 1 48313
-4252276 68 1 7993
-4252691 131072 1 63473
-4252699 8 1 386609
-4253627 2052 1 14821
-4254827 16777216 2 103 409
-4255204 0 2 877 1213
-4257247 131072 1 63541
-4258523 0 2 311 13693
-4258840 33554466 1 6263
-4261567 64 2 211 1063
-4262468 4 1 152231
-4262536 67109184 1 967
-4266707 8320 1 3947
-4272484 0 2 821 1301
-4276264 67113472 1 401
-4280020 2 2 173 1237
-4282807 384 1 6421
-4283320 33554466 1 6299
-4285684 524304 1 1129
-4286555 22 1 9421
-4290340 2 1 214517
-4290904 33554432 2 647 829
-4292915 4194314 1 877
-4293379 0 2 1187 3617
-4294120 67109378 1 3463
-4296136 83886096 1 409
-4296583 0 2 1093 3931
-4298147 4 2 163 3767
-4300772 4 2 269 571
-4303352 33554432 1 537919
-4303576 33554624 1 1231
-4304536 33554976 1 1021
-4305556 32 1 63317
-4308196 0 2 191 5639
-4309067 68 2 179 181
-4309096 67109000 1 2129
-4309828 0 1 1077457
-4310795 2 1 862159
-4312264 67108872 1 49003
-4313032 67108864 1 539129
-4318180 2 1 215909
-4323256 33554436 1 77201
-4325896 67108864 2 571 947
-4328068 0 1 1082017
-4328767 4096 1 100669
-4332347 2048 1 105667
-4332463 0 2 211 20533
-4332808 67109376 1 17471
-4333307 8 2 211 1867
-4334692 262144 1 15263
-4338760 67109378 1 3499
-4339444 256 1 37409
-4341992 67108864 2 157 3457
-4342852 512 1 35023
-4343287 16 1 334099
-4343432 67108896 2 109 293
-4349192 67121152 1 269
-4355176 69206020 1 937
-4355795 2 1 871159
-4356628 0 2 773 1409
-4356664 33554448 2 163 257
-4359124 12 1 14153
-4359988 0 2 947 1151
-4360183 0 2 643 6781
-4361716 320 1 1979
-4363835 2054 1 3041
-4364584 67141636 1 1321
-4367963 32 1 256939
-4368923 1552 1 293
-4369060 2 1 218453
-4369636 512 2 131 269
-4370356 0 2 163 6703
-4370612 4194304 1 12277
-4370740 10 1 19867
-4372355 18 2 137 491
-4372840 67108866 1 109321
-4373476 0 2 223 4903
-4374019 16 1 336463
-4374491 40 2 149 157
-4374856 67108864 2 467 1171
-4376344 33554468 1 4597
-4376383 8 2 191 2083
-4378072 33554688 2 113 167
-4379236 0 1 1094809
-4388788 32 2 233 277
-4388819 0 2 107 41017
-4389368 33554432 1 548671
-4390235 1090 1 1249
-4391555 6 2 271 463
-4392487 8 2 193 2069
-4392980 2 1 219649
-4394824 67108868 1 78479
-4394863 392 1 599
-4394884 16 2 223 379
-4394915 6 2 199 631
-4395076 4 1 156967
-4395755 22 1 9661
-4398203 0 2 103 42701
-4399835 10 1 79997
-4404155 134 1 5471
-4404247 16512 1 3613
-4404995 6 2 127 991
-4405451 139264 1 1399
-4405876 0 2 373 2953
-4406296 33558528 1 12809
-4406344 67117056 1 11719
-4407451 0 2 853 5167
-4408936 67108868 2 131 601
-4409284 136 1 4357
-4409524 4 1 157483
-4412219 8196 1 13411
-4412971 8192 1 93893
-4415003 2048 2 257 419
-4416484 262144 1 15551
-4423624 67108864 2 251 2203
-4425412 0 2 599 1847
-4427123 32 1 260419
-4429108 0 2 347 3191
-4430644 512 1 35731
-4431160 33562626 1 2357
-4432019 16416 1 4919
-4432403 0 2 953 4651
-4433524 393216 1 233
-4436104 67108864 2 311 1783
-4438180 2 1 221909
-4439524 0 1 1109881
-4440587 2208 1 277
-4443539 2048 1 108379
-4445572 0 1 1111393
-4447204 0 1 1111801
-4449220 2 1 222461
-4450355 22 1 9781
-4454680 33554466 1 6551
-4455035 18 1 68539
-4457387 4194568 1 157
-4457668 8192 2 131 181
-4457723 1120 1 373
-4459715 18 1 68611
-4461188 0 1 1115297
-4462264 33555008 1 947
-4462564 0 1 1115641
-4463956 4 2 131 1217
-4463987 8 1 405817
-4473316 128 1 48623
-4474024 67641344 1 163
-4474840 33554434 1 111871
-4476664 33554432 1 559583
-4478167 576 1 7603
-4478740 6 1 31991
-4482367 131072 2 149 449
-4485844 8 2 269 379
-4486091 0 2 223 20117
-4486504 67108904 1 2999
-4491803 16384 1 84751
-4491995 4130 1 1229
-4492523 4 1 641789
-4492595 2 1 898519
-4495864 33554432 1 561983
-4497544 67108864 1 562193
-4500724 4096 2 137 191
-4501508 8 2 263 389
-4505044 8704 1 773
-4506755 131082 1 1223
-4507163 0 3 137 167 197
-4509583 16 1 346891
-4509992 67108928 1 29671
-4510180 2 1 225509
-4511176 67108864 1 563897
-4513060 130 1 9811
-4515179 64 2 167 1423
-4516840 67108866 1 112921
-4519096 33554432 2 113 4999
-4520296 67109384 1 1657
-4522024 67108880 1 43481
-4522360 33554434 2 167 677
-4523348 0 2 103 10979
-4523476 0 2 313 3613
-4524280 33554498 1 5953
-4525099 0 2 103 43933
-4526344 67108864 1 565793
-4527035 66 1 47653
-4528516 128 1 49223
-4529147 6148 1 367
-4532104 67108992 1 24631
-4532644 0 2 433 2617
-4534067 2048 1 110587
-4536664 33554952 1 1663
-4539368 67108864 2 107 5303
-4540403 4 1 648629
-4542628 0 1 1135657
-4542664 67108868 1 81119
-4546408 69208064 1 167
-4546907 0 2 269 16903
-4547963 4 1 649709
-4548664 33587328 1 419
-4548692 512 1 36683
-4554347 8196 2 109 127
-4555444 0 2 223 5107
-4557619 8 1 414329
-4558024 67108928 2 157 191
-4561139 4104 1 9643
-4563083 4 1 651869
-4563995 2 1 912799
-4564571 2312 1 349
-4565620 2 1 228281
-4567099 524288 1 62563
-4570840 33554434 2 229 499
-4571416 41947136 1 137
-4576187 12 2 103 577
-4579619 8 2 263 1583
-4580531 524320 1 3691
-4581748 8192 1 24371
-4581823 32 1 269519
-4583243 4 1 654749
-4585384 75497536 1 311
-4587448 33554432 2 593 967
-4590148 0 2 701 1637
-4593083 8 1 417553
-4593155 70 1 6907
-4593635 2097154 1 11069
-4599784 67108868 1 82139
-4601459 16777472 1 1571
-4602563 36 1 38677
-4602923 16 2 523 677
-4603067 4 1 657581
-4605880 33554434 2 113 1019
-4608760 33554450 1 8863
-4610020 2 1 230501
-4610596 0 1 1152649
-4612907 16 1 354839
-4613656 33554496 2 127 239
-4614280 67108874 1 10487
-4615432 67108896 1 33937
-4615771 0 2 269 17159
-4615832 33554448 1 44383
-4623304 67108868 1 82559
-4625863 262152 1 5923
-4626251 4 1 660893
-4629515 2058 1 2053
-4630088 67108864 2 449 1289
-4631407 8 1 421037
-4633187 16 1 356399
-4635923 0 2 751 6173
-4636852 40 1 6199
-4637416 67108868 1 82811
-4644004 0 1 1161001
-4644655 16418 1 1031
-4645235 6 1 132721
-4645876 0 2 563 2063
-4648499 0 2 1063 4373
-4652248 33562624 1 12373
-4652407 32 2 103 2657
-4653727 2097232 1 227
-4654307 4 2 337 1973
-4654360 33554434 1 116359
-4655363 512 2 263 571
-4658027 8 1 423457
-4659995 2 1 931999
-4661044 8390656 1 293
-4661284 512 1 37591
-4663115 2 2 269 3467
-4663352 33554432 2 593 983
-4664291 576 1 7919
-4666568 67108896 1 34313
-4667080 67108874 1 10607
-4668196 16 2 107 839
-4668520 67108866 2 127 919
-4670980 2 1 233549
-4672084 262144 1 16451
-4673795 2054 1 3257
-4674728 67109920 1 929
-4675235 322 1 1697
-4676056 33554444 1 7591
-4679419 640 1 6563
-4684036 4 2 131 1277
-4684628 16 1 90089
-4685812 32 1 68909
-4686820 2 1 234341
-4688356 0 2 193 6073
-4689443 8 2 139 3067
-4691555 10 2 197 433
-4692968 67108868 2 181 463
-4696715 130 1 40841
-4696855 2 2 151 6221
-4699783 72 2 113 199
-4702324 8 1 106871
-4702667 0 2 1049 4483
-4704691 0 2 797 5903
-4707811 0 2 2137 2203
-4709915 1030 1 3637
-4710859 4196352 1 1291
-4711780 130 1 10243
-4712344 33554452 1 6473
-4716964 4 1 168463
-4717384 67108868 1 84239
-4717411 0 3 109 113 383
-4720819 128 1 205253
-4721236 16 1 90793
-4726043 772 1 751
-4727320 33554450 1 9091
-4730008 33554432 2 463 1277
-4730243 4 2 467 1447
-4732232 67108864 2 103 5743
-4734755 16418 1 1051
-4736407 5136 1 229
-4738180 2 1 236909
-4738187 0 2 691 6857
-4739747 262144 2 241 277
-4739912 67108864 1 592489
-4740203 16 2 163 2237
-4740323 132 1 29443
-4741576 67108868 2 227 373
-4742584 33554444 1 7699
-4743556 0 1 1185889
-4745027 2097156 1 8167
-4753988 0 2 263 4519
-4754344 67633156 1 1163
-4754555 18 2 193 379
-4760776 67108864 1 595097
-4760836 0 2 167 7127
-4762180 2 1 238109
-4762264 33554704 1 1579
-4764388 0 1 1191097
-4764692 2080 1 1709
-4765144 33554432 2 317 1879
-4765352 67108928 2 107 293
-4765832 67108864 2 191 3119
-4768660 18 1 18341
-4771156 16 1 91753
-4772963 1040 1 9923
-4775716 8 2 311 349
-4779940 10 1 21727
-4780067 3200 1 137
-4781476 4 1 170767
-4783588 0 1 1195897
-4785739 68 1 35983
-4786835 2 2 281 3407
-4787867 68 1 35999
-4788979 16 2 389 947
-4789540 6 1 34211
-4790147 65600 1 4133
-4792712 67108928 1 31531
-4793003 512 1 154613
-4795540 2 2 347 691
-4795768 33554464 2 179 197
-4796027 524288 1 65699
-4797304 33554432 1 599663
-4799627 16420 1 761
-4799956 4 1 171427
-4801715 34818 1 397
-4802020 2 1 240101
-4805512 67108864 1 600689
-4805704 67108864 2 521 1153
-4806004 1028 1 4639
-4806259 64 2 131 1931
-4810331 0 2 353 13627
-4812820 2 1 240641
-4813235 6 2 113 1217
-4816307 0 2 523 9209
-4816804 65600 1 1039
-4823435 66 1 50773
-4825348 40 1 6451
-4826987 136 1 19079
-4827563 524304 1 5087
-4828643 128 2 149 1409
-4828783 0 2 971 4973
-4829315 17301506 1 131
-4832779 4 1 690397
-4834804 16 2 109 853
-4836184 33554496 1 31817
-4836659 2097216 1 3067
-4839752 67109248 1 907
-4840283 262148 1 9739
-4842340 66 1 12743
-4842632 67108864 1 605329
-4842728 67108872 2 113 487
-4845880 33554450 1 9319
-4846499 8196 1 14731
-4850552 33555460 1 2341
-4851880 67108874 1 11027
-4853531 64 2 467 547
-4854580 2 1 242729
-4855828 0 2 137 8861
-4856440 33554434 2 317 383
-4859236 8192 1 25847
-4859851 0 2 773 6287
-4861864 67108900 1 5107
-4862308 32776 1 1873
-4862539 8 2 167 2647
-4869635 4194818 1 353
-4871771 4329536 0
-4872968 67108928 1 32059
-4874536 67108864 2 157 3881
-4876787 64 2 223 1151
-4879307 512 2 107 1471
-4880392 67109384 1 1789
-4880728 33554432 2 521 1171
-4880980 18 1 18773
-4881064 69206016 1 7351
-4881940 6 1 34871
-4882283 516 2 149 151
-4883944 67108880 2 151 311
-4884548 0 2 151 8087
-4885028 0 2 229 5333
-4886795 2 1 977359
-4887508 0 2 751 1627
-4892027 4 2 479 1459
-4892747 8256 1 5479
-4892792 33554944 2 109 181
-4893515 10 2 193 461
-4897139 48 1 22159
-4897183 128 2 149 1429
-4900756 4 2 181 967
-4902995 2 1 980599
-4907764 32 1 72173
-4907863 524288 1 67231
-4908563 40 1 26249
-4909771 1048640 1 3271
-4909835 6 1 140281
-4911428 16777216 1 12157
-4913771 0 2 197 24943
-4924840 67108866 1 123121
-4927240 67108866 2 199 619
-4930276 32784 1 1607
-4931092 8650752 1 179
-4934872 37748992 1 239
-4935076 512 1 39799
-4937867 8200 1 9551
-4938227 4 1 705461
-4938847 0 2 1427 3461
-4939235 6 1 141121
-4939816 67108868 1 88211
-4940179 256 1 170351
-4941844 0 2 131 9431
-4943251 0 2 887 5573
-4943507 8192 2 107 983
-4943944 67110912 1 15073
-4944820 2 1 247241
-4945207 128 2 211 1019
-4948411 48 1 22391
-4951403 8224 1 6197
-4956184 33554432 2 139 4457
-4957115 290 1 2011
-4961768 67108868 2 251 353
-4965496 33554720 1 1259
-4966372 16777280 1 647
-4967099 512 2 163 983
-4973380 4098 1 5783
-4974424 33554452 1 6833
-4975480 33554434 2 173 719
-4975859 4 1 710837
-4978235 524418 1 593
-4978807 288 1 10099
-4978996 8 1 113159
-4980280 33554498 1 6553
-4983188 516 1 5741
-4983812 0 1 1245953
-4984036 0 2 557 2237
-4985188 16 1 95869
-4987912 67108864 2 107 5827
-4987931 528 1 12377
-4988435 258 1 34403
-4989640 68157442 1 1579
-4990072 33554432 1 623759
-4991147 4 1 713021
-4992376 33554432 1 624047
-4993252 8 2 283 401
-4994459 1048576 2 191 331
-4994884 0 1 1248721
-4997779 96 1 15473
-5001076 32768 1 21191
-5002276 4096 2 127 229
-5003620 8194 1 5323
-5003723 0 2 283 17681
-5005396 8 1 113759
-5005972 131072 1 18679
-5006596 4 1 178807
-5008787 4 2 103 6947
-5012731 16777728 1 1601
-5014043 64 2 163 1619
-5015491 16 2 193 1999
-5017156 8192 1 26687
-5017835 2 2 227 4421
-5018584 33554496 2 137 241
-5022035 524290 1 13759
-5027603 4100 1 16703
-5033704 67109136 1 1669
-5033908 8 1 114407
-5035156 4 1 179827
-5042387 36 1 42373
-5045944 37748800 1 373
-5045963 592 1 659
-5046148 0 2 431 2927
-5047331 64 2 211 1259
-5050024 67109380 1 2909
-5050408 67109128 1 1979
-5053307 132 1 31387
-5054488 37749248 1 229
-5059355 518 1 4663
-5059835 10 1 91997
-5060287 524288 2 103 673
-5062036 4 2 347 521
-5062360 33554498 1 6661
-5064004 262152 1 1621
-5065067 4 2 197 3673
-5065355 2 2 719 1409
-5067668 8389632 1 353
-5069764 4 1 181063
-5071207 0 2 281 18047
-5072680 67109122 1 4373
-5074120 67117058 1 2699
-5075464 67109120 2 131 167
-5075860 34 1 14929
-5076632 33554440 1 57689
-5080783 0 2 769 6607
-5085496 33554448 2 107 457
-5085688 33554432 1 635711
-5086139 512 2 191 859
-5087284 1048608 1 947
-5088664 37748740 1 1021
-5089576 67143680 1 263
-5093411 32768 2 131 659
-5096299 16 2 373 1051
-5099627 16 1 392279
-5100244 512 1 41131
-5104324 16384 1 24077
-5104403 262176 1 4229
-5104744 67633152 1 8741
-5107667 32 2 103 2917
-5108920 33554434 2 337 379
-5109347 64 1 268913
-5109587 4 1 729941
-5110568 67110912 1 15581
-5110699 1288 1 433
-5113172 131072 1 19079
-5116283 0 2 2243 2281
-5118212 4194312 1 1307
-5121092 0 2 191 6703
-5124155 258 1 35339
-5124463 1056 1 8147
-5126488 33554432 2 109 5879
-5126776 33554432 1 640847
-5127544 33554432 1 640943
-5129860 2 1 256493
-5129915 6 2 103 1423
-5130244 4100 1 4261
-5130728 69206016 1 7727
-5131144 67109152 1 1301
-5133011 8720 1 271
-5136484 0 2 829 1549
-5139640 33554442 1 11681
-5143336 67108872 2 211 277
-5143643 256 2 193 919
-5145019 8 1 467729
-5145604 0 2 167 7703
-5146067 0 2 1499 3433
-5146547 8196 1 15643
-5151107 16 1 396239
-5151563 131200 1 3343
-5151587 4194308 1 8269
-5153243 16384 1 97231
-5157928 67239936 1 9623
-5160232 67108876 1 8377
-5160340 131074 1 3851
-5161252 512 2 107 389
-5161667 4 2 311 2371
-5166328 33556544 1 829
-5168387 4 1 738341
-5169467 512 2 103 1619
-5170403 4 2 601 1229
-5170420 2 1 258521
-5171524 4096 2 107 281
-5172995 2 1 1034599
-5173240 33554434 2 283 457
-5173715 65538 1 16963
-5175227 1024 1 139871
-5184868 16 1 99709
-5186168 33562640 1 1061
-5186260 2 2 257 1009
-5188840 67633154 1 1777
-5190343 16384 1 97931
-5190568 67108864 2 263 2467
-5193587 4 1 741941
-5193859 72 1 24851
-5194183 32768 1 88037
-5196820 2 1 259841
-5198267 2112 1 6673
-5198344 67108864 1 649793
-5199220 18 1 19997
-5199304 67108872 1 59083
-5200411 0 2 1171 4441
-5200420 4098 1 6047
-5200595 2 1 1040119
-5202947 8704 1 3571
-5205064 67112960 1 15131
-5208196 4 1 186007
-5212339 8 2 613 773
-5213243 65796 1 421
-5213387 128 1 226669
-5213656 33554436 2 157 593
-5213704 67109376 1 21023
-5218408 67108880 1 50177
-5219176 67108864 2 449 1453
-5220308 0 2 613 2129
-5221732 64 2 127 541
-5222644 68 1 9817
-5228243 512 2 191 883
-5229127 0 3 131 179 223
-5232616 67108864 2 193 3389
-5233060 6 1 37379
-5233108 256 2 197 229
-5237603 260 1 25801
-5238587 0 2 439 11933
-5247467 2048 2 131 977
-5252884 20 1 14431
-5253107 0 2 1481 3547
-5253851 0 2 257 20443
-5256616 67108928 1 34583
-5264987 8212 1 1231
-5266595 2 1 1053319
-5267779 8388616 1 4937
-5268331 0 2 739 7129
-5270920 67108866 2 313 421
-5272043 4 2 571 1319
-5277976 33555464 1 1621
-5280223 16 1 406171
-5282248 67108864 1 660281
-5282728 67108872 2 173 347
-5282915 10 1 96053
-5288723 8 2 167 2879
-5291143 24 2 163 227
-5291620 2 1 264581
-5293115 66 1 55717
-5293576 67108864 1 661697
-5294116 0 1 1323529
-5294195 2 1 1058839
-5295688 67108864 1 661961
-5297368 33554432 2 409 1619
-5297476 0 1 1324369
-5300584 68157440 1 8387
-5304635 6 1 151561
-5306920 67108866 2 181 733
-5308099 2097664 1 2063
-5308163 68 2 107 373
-5308804 0 1 1327201
-5309267 16777216 1 52567
-5310440 67108866 1 132761
-5312867 525316 1 281
-5313112 33554468 1 5581
-5314372 4 1 189799
-5314888 67109632 1 739
-5317283 64 1 279857
-5319172 0 2 919 1447
-5320468 512 2 107 401
-5321272 33554472 1 3557
-5323912 83886088 1 599
-5324123 68 1 40031
-5327224 33554436 2 251 379
-5328068 0 1 1332017
-5330884 528 1 3307
-5337496 33816576 1 9397
-5341012 0 2 107 12479
-5343220 2 2 433 617
-5344888 33554432 1 668111
-5347492 0 1 1336873
-5349460 1026 1 7229
-5349604 16 1 102877
-5349736 67108868 1 95531
-5351128 33816576 1 9421
-5352895 2 1 1070579
-5353636 16384 1 25253
-5355016 67108864 1 669377
-5355323 16777248 1 3119
-5358580 2 1 267929
-5359043 1024 1 144839
-5359144 69206020 1 1153
-5359403 292 1 1553
-5359540 2 2 173 1549
-5361979 32772 1 12983
-5362411 512 1 172981
-5363371 16 1 412567
-5365060 2 1 268253
-5367571 131080 1 7283
-5371144 67108992 1 29191
-5373659 1048576 2 251 271
-5374523 12 2 223 313
-5376436 16 1 103393
-5377307 16 2 127 3257
-5378452 16777216 1 13313
-5382635 2 2 107 10061
-5383012 128 1 58511
-5383523 0 2 367 14669
-5384603 4 2 277 2777
-5384776 67110912 1 16417
-5386115 6 1 153889
-5386552 33554464 1 39607
-5390027 384 1 8081
-5390404 768 1 1499
-5392360 67108866 2 113 1193
-5395960 33554434 2 277 487
-5398459 8 1 490769
-5400196 0 1 1350049
-5402680 33554946 1 4357
-5406692 8192 1 28759
-5407171 12 1 70223
-5407928 33816576 1 9521
-5410216 67108900 1 5683
-5411176 83887104 1 181
-5413163 4 2 599 1291
-5416523 164 1 1979
-5417764 40 1 7243
-5418712 33554448 1 52103
-5420680 67109122 1 4673
-5420843 0 2 479 11317
-5422219 8 2 641 769
-5423176 67108872 1 61627
-5423944 67108864 2 199 3407
-5425240 33554562 1 5897
-5427652 0 1 1356913
-5428120 41943042 1 1399
-5428292 0 2 829 1637
-5429867 262656 1 2467
-5429944 33554448 2 109 479
-5436436 2048 1 33149
-5436868 0 2 487 2791
-5437108 128 2 113 523
-5439736 33882112 1 157
-5446168 33554452 1 7481
-5447188 0 2 479 2843
-5449252 65664 1 971
-5451064 33554432 2 641 1063
-5452036 32 1 80177
-5459896 33562640 1 1117
-5460520 67108882 1 10501
-5460580 2 1 273029
-5463211 16 2 113 3719
-5465252 16 2 227 463
-5466004 0 2 103 13267
-5469112 33554504 1 3271
-5470907 65552 1 6899
-5470952 67272704 1 173
-5473715 18 1 84211
-5475460 2 1 273773
-5480680 67108866 2 181 757
-5480795 2 1 1096159
-5482456 33562628 1 2083
-5484308 2097152 1 16519
-5487160 33554438 1 19597
-5488468 16384 1 25889
-5488996 128 1 59663
-5490916 8192 1 29207
-5492747 16 2 283 1493
-5493247 0 2 2311 2377
-5495267 32 1 323251
-5497667 132 1 34147
-5498440 83886082 1 1361
-5499796 0 2 631 2179
-5503204 4 1 196543
-5504596 0 2 379 3631
-5506264 33554432 2 113 6091
-5506984 67109124 1 3391
-5507507 73760 1 113
-5507896 33816576 1 9697
-5507972 16384 1 25981
-5508331 0 2 1789 3079
-5512523 256 2 433 439
-5514923 0 2 823 6701
-5518411 8192 1 117413
-5520388 0 2 103 13399
-5521979 0 2 353 15643
-5523611 66176 1 127
-5524372 4 1 197299
-5524771 4 2 149 5297
-5524859 524288 1 75683
-5524883 20 2 109 557
-5531524 8192 1 29423
-5531560 67108866 1 138289
-5532827 2048 1 134947
-5538328 33554464 2 193 211
-5539588 0 2 157 8821
-5540723 704 1 409
-5544808 67108928 1 36479
-5545576 67108992 1 30139
-5547160 33554434 1 138679
-5547304 67108900 1 5827
-5547832 33554432 2 431 1609
-5547943 64 1 291997
-5549092 256 1 47837
-5549195 2 1 1109839
-5550904 33554432 2 673 1031
-5554355 65538 1 18211
-5554388 4 2 163 1217
-5555080 67108866 2 113 1229
-5555656 67108864 1 694457
-5556827 0 2 701 7927
-5557355 2 2 461 2411
-5557432 33554944 1 22409
-5558387 131200 1 3607
-5564315 2050 1 27143
-5568004 16 1 107077
-5569403 4100 1 18503
-5570195 2 1 1114039
-5570404 4 1 198943
-5570863 8192 1 118529
-5571076 4 1 198967
-5574515 4194306 1 12527
-5575192 33554692 1 3433
-5582164 524292 1 2731
-5584804 0 2 157 8893
-5585651 2097152 2 173 389
-5591179 262152 1 7159
-5593108 0 2 823 1699
-5594363 9216 1 3217
-5595364 0 1 1398841
-5595940 6 1 39971
-5596180 524290 1 3833
-5597779 8 2 127 4007
-5599144 67108864 2 811 863
-5599492 0 2 103 13591
-5599883 0 2 313 17891
-5600596 256 1 48281
-5600680 67108866 2 163 859
-5601811 1048704 1 3083
-5603224 33556488 1 1553
-5604595 2 1 1120919
-5605171 88 1 2063
-5605528 33554432 2 157 4463
-5605924 0 1 1401481
-5606195 518 1 5167
-5607748 0 1 1401937
-5609611 4 2 199 4027
-5610331 0 2 107 52433
-5616443 36 2 109 433
-5620180 8388610 1 2897
-5620307 8204 1 1553
-5623960 33554562 1 6113
-5627867 36 1 47293
-5630740 34 1 16561
-5630795 2 1 1126159
-5635432 67108904 1 3767
-5640616 67111168 1 593
-5643247 64 2 229 1297
-5644067 280 1 1361
-5647732 0 2 593 2381
-5648488 67110944 1 1013
-5652452 262160 1 1531
-5659528 67108868 1 101063
-5663332 0 1 1415833
-5663380 34 1 16657
-5667076 0 1 1416769
-5667304 67141632 1 12007
-5668883 8 2 223 2311
-5671087 128 1 246569
-5672059 20971520 1 631
-5676703 1048576 2 181 397
-5678440 67108866 1 141961
-5681128 67109920 1 1129
-5682232 33554432 2 727 977
-5682739 4325376 1 953
-5685976 33558528 1 16529
-5686120 67108874 1 12923
-5688083 4096 2 179 739
-5688472 33554464 2 151 277
-5689156 8 2 239 541
-5693908 8 2 151 857
-5700803 262272 1 3491
-5702243 0 2 1931 2953
-5704043 2048 1 139123
-5705492 16 1 109721
-5705723 0 2 797 7159
-5706724 0 2 167 8543
-5709028 16 1 109789
-5713972 40 1 7639
-5715784 67371264 1 347
-5715976 67108868 1 102071
-5716216 33554472 1 3821
-5717003 0 2 277 20639
-5719816 67108864 2 467 1531
-5720440 33554442 1 13001
-5722036 0 2 619 2311
-5724088 33554944 1 23081
-5730707 0 2 2371 2417
-5731595 526338 1 383
-5733107 8192 2 223 547
-5738027 288 2 103 113
-5740427 12 1 74551
-5742916 128 1 62423
-5744116 4 2 271 757
-5747059 131584 1 2767
-5750980 2 1 287549
-5754019 0 2 1063 5413
-5755156 8 2 139 941
-5755252 2112 1 1847
-5756104 67239936 1 10739
-5756299 2097152 2 223 311
-5759299 84 1 3331
-5760035 2 2 173 6659
-5762251 8 2 607 863
-5762915 34 2 151 449
-5763259 0 2 661 8719
-5763880 67108866 2 103 1399
-5764564 48 1 6521
-5767960 33554442 1 13109
-5768267 64 1 303593
-5772340 6 1 41231
-5774056 67108864 2 307 2351
-5776087 0 2 127 45481
-5778211 2101248 1 1619
-5778580 2 1 288929
-5778808 33555460 1 2789
-5780440 33554434 1 144511
-5780731 104 1 1627
-5780980 2 1 289049
-5784712 67108864 1 723089
-5786372 0 2 229 6317
-5786627 12 2 223 337
-5787619 1114112 1 1201
-5790964 8192 1 30803
-5792548 0 2 503 2879
-5792632 33554432 1 724079
-5797187 296 1 1069
-5800051 0 2 157 36943
-5800523 0 2 373 15551
-5801896 67109920 1 1153
-5803531 64 1 305449
-5805460 2 2 281 1033
-5805844 136 1 5737
-5810980 6 1 41507
-5811556 1064960 1 347
-5815288 33554432 1 726911
-5816836 0 1 1454209
-5817160 67108994 1 6323
-5823460 2 1 291173
-5832724 0 2 397 3673
-5833915 2 2 397 2939
-5834411 8 1 530401
-5835316 512 1 47059
-5836504 33685504 1 10889
-5838760 67108866 1 145969
-5842715 2 2 641 1823
-5844760 33554562 1 6353
-5845108 8192 1 31091
-5851624 67126272 1 373
-5852536 33554432 1 731567
-5852795 18 2 127 709
-5854216 68190208 1 157
-5858356 4 1 209227
-5861908 16 2 139 811
-5862328 33816576 1 10321
-5862340 10 1 26647
-5870011 2052 2 113 181
-5870627 36 1 49333
-5870728 67108864 1 733841
-5872084 2097280 1 769
-5872456 67108864 1 734057
-5873147 68 1 44159
-5875315 16386 1 22171
-5877028 0 1 1469257
-5880203 132 1 36523
-5882167 0 2 2069 2843
-5883784 67108864 1 735473
-5884043 8 1 534913
-5885320 67108870 1 21019
-5885620 18 1 22637
-5885860 2 1 294293
-5886995 2 1 1177399
-5888507 4194304 2 109 607
-5888644 128 1 64007
-5889076 2048 2 149 241
-5889220 2 1 294461
-5889544 67108928 1 38747
-5890936 33554432 1 736367
-5891188 1048576 2 103 181
-5893819 192 1 13487
-5894692 1024 1 39829
-5897236 65536 1 24169
-5898091 512 1 190261
-5898827 8 2 263 2039
-5899123 0 2 641 9203
-5900011 16 1 453847
-5901179 24704 1 103
-5902936 33554448 2 211 269
-5903539 32 2 239 1453
-5904835 258 2 193 211
-5906344 67108896 2 137 317
-5906404 4 1 210943
-5909176 33554452 1 8117
-5911924 2097152 1 17807
-5912027 4360 1 431
-5914667 8 2 109 4933
-5916443 16912 1 277
-5917576 67108868 2 251 421
-5918404 16384 1 27917
-5918548 524288 1 20269
-5919220 2 1 295961
-5921027 68 1 44519
-5921267 8 1 538297
-5921416 67108864 2 307 2411
-5922331 132096 1 2389
-5922856 67190784 1 229
-5923411 16 1 455647
-5924123 0 2 337 17579
-5927476 8388608 1 15277
-5930755 66 2 163 383
-5932564 524296 1 1847
-5933764 1024 1 40093
-5933972 8 2 157 859
-5937604 8192 1 31583
-5938120 67125250 1 2801
-5938571 0 2 173 34327
-5938927 0 2 1867 3181
-5938939 256 1 204791
-5939155 8194 2 127 199
-5939956 8 1 134999
-5943115 290 1 2411
-5947396 20 1 16339
-5951620 2 1 297581
-5952107 4 1 850301
-5954728 67109392 1 1847
-5955160 33554562 1 6473
-5958347 32 2 463 757
-5959219 4 2 727 1171
-5961844 4 1 212923
-5963635 2 2 233 5119
-5965480 67108866 2 293 509
-5965540 6 1 42611
-5966980 2 1 298349
-5967083 32832 1 5323
-5969483 16 2 151 3041
-5970724 512 2 179 269
-5973016 33554436 1 106661
-5976691 4 1 853813
-5976707 552 1 1031
-5977480 67109122 1 5153
-5978728 67108868 2 241 443
-5983060 2 2 293 1021
-5983579 4100 2 103 193
-5989540 2 1 299477
-5989636 16448 1 1487
-5990179 16 2 197 2339
-5991940 2 2 131 2287
-5994532 768 1 1667
-5995355 66 2 223 283
-5997508 520 1 4397
-5998532 0 2 461 3253
-5998660 2 1 299933
-5998855 2 2 199 6029
-6000088 33554432 2 787 953
