-161831
-172031
-242639
-267167
-315551
-318671
-331127
-335519
-350423
-353783
-365759
-378407
-413879
-458879
-519151
-527327
-553759
-595703
-725071
-825983
-914783
-988979
-1003111
-1015127
-1026199
-1026583
-1074287
-1080679
-1088959
-1090879
-1155631
-1194031
-1200383
-1214023
-1215631
-1220411
-1239023
-1244839
-1252711
-1254031
-1273039
-1297279
-1378691
-1451839
-1466567
-1470971
-1513859
-1564183
-1601459
-1662439
-1667651
-1686851
-1720951
-1788271
-1792279
-1828831
-1836539
-1851319
-1870783
-1931291
-1933471
-1935419
-1984711
-2052199
-2065639
-2084791
-2096599
-2101327
-2137327
-2149139
-2190347
-2194667
-2213647
-2227063
-2242763
-2256847
-2266447
-2333531
-2347883
-2406343
-2420123
-2426143
-2519747
-2561527
-2574059
-2577007
-2603291
-2622419
-2622707
-2639239
-2669267
-2675867
-2677183
-2753743
-2803331
-2824043
-2937203
-2977939
-2994847
-2998139
-3051463
-3063419
-3090851
-3130331
-3152099
-3154379
-3216007
-3227459
-3228223
-3245843
-3260291
-3322523
-3336103
-3382807
-3436291
-3445691
-3475903
-3484043
-3504443
-3506407
-3542723
-3548627
-3590647
-3610283
-3614291
-3761963
-3777331
-3795931
-3891203
-3932503
-3945107
-3993083
-3995891
-3997307
-4017539
-4040123
-4063859
-4097767
-4141811
-4179347
-4212847
-4241339
-4322419
-4466131
-4472627
-4502051
-4618447
-4620179
-4658611
-4662967
-4669283
-4681291
-4683463
-4692823
-4722491
-4742251
-4783643
-4836859
-4847291
-4849043
-4869499
-4890251
-4964483
-5045483
-5110643
-5118931
-5127299
-5164771
-5193739
-5201387
-5210767
-5238203
-5246779
-5294539
-5374339
-5375483
-5378507
-5395063
-5446163
-5465851
-5468147
-5479787
-5505347
-5508571
-5540819
-5557403
-5592343
-5614883
-5689403
-5697343
-5698579
-5703323
-5718703
-5758283
-5761403
-5836459
-5842099
-5853923
-5858647
-5866807
-5879387
-5911739
-5912483
-5918867
-5949343
-5952083
-5962771
-6045227
