-194255 2 1 38851
-197111 0 2 439 449
-208439 12 1 2707
-218879 8192 1 4657
-229919 64 1 12101
-235031 8388608 1 2423
-238055 8194 1 1013
-255719 524800 1 113
-262055 34 1 3083
-266399 68 1 2003
-267335 2 2 127 421
-269591 68 1 2027
-272111 4 1 38873
-279359 0 2 257 1087
-280535 66 1 2953
-280679 16777220 1 397
-285359 0 2 461 619
-288959 8 2 109 241
-300479 0 2 487 617
-303047 0 2 179 1693
-303719 65552 1 383
-305039 4 1 43577
-309431 1024 1 8363
-312719 8 1 28429
-319007 16400 1 463
-320135 4098 1 1489
-329879 8 1 29989
-330551 8208 1 541
-331055 524290 1 907
-331559 0 2 233 1423
-386903 40 1 2069
-387287 0 2 241 1607
-405455 2097154 1 977
-410615 2050 1 2003
-414455 2 1 82891
-415895 2 2 223 373
-428804 0 1 107201
-432319 262144 1 6089
-441095 8194 1 1877
-453767 128 2 109 181
-463199 40 1 2477
-472439 264 1 1481
-476903 4 2 193 353
-500255 6 1 14293
-508639 33792 1 233
-512423 0 2 107 4789
-512855 6 1 14653
-520055 8194 1 2213
-532831 48 1 2411
-534695 6 1 15277
-536063 8 1 48733
-544055 2 2 233 467
-547256 33685504 1 1021
-569791 64 1 29989
-575599 16779264 1 139
-584744 67108928 1 3847
-588559 1024 1 15907
-589823 32784 1 769
-594439 524320 1 479
-596911 4 2 269 317
-601199 256 1 20731
-603383 72 1 2887
-604871 0 2 107 5653
-605399 33280 1 331
-611959 19398656 0
-616007 4 1 88001
-616279 1048832 1 269
-624559 16 2 107 449
-627599 4 1 89657
-646351 0 2 181 3571
-646391 8224 1 809
-646616 33554432 2 131 617
-659720 67108866 1 16493
-661471 0 2 269 2459
-661976 33554436 1 11821
-672836 32768 1 2851
-678983 16512 1 557
-680984 33554560 1 3701
-681143 0 2 277 2459
-685343 147456 1 193
-688831 24 1 4817
-698927 2048 1 17047
-701495 2 2 307 457
-703544 33554432 1 87943
-704756 16 1 13553
-711935 6 1 20341
-712055 16386 1 2687
-717799 4096 1 16693
-717935 2 2 139 1033
-725791 8 1 65981
-738647 20 1 8117
-741167 4 2 113 937
-743959 1024 1 20107
-744631 4096 1 17317
-749855 2 1 149971
-750031 0 2 199 3769
-756104 67108864 1 94513
-767255 2 2 173 887
-771416 33554432 2 211 457
-778004 131072 1 2903
-789896 67108864 1 98737
-811639 0 2 463 1753
-818324 16 1 15737
-818599 8192 1 17417
-823556 0 2 227 907
-825284 64 1 10859
-828511 0 2 313 2647
-830431 4 1 118633
-838999 260 1 4133
-843860 2 1 42193
-851336 67108864 1 106417
-855224 33554432 1 106903
-859591 0 2 113 7607
-861944 33554432 2 163 661
-867287 16777728 1 277
-868159 0 2 293 2963
-868471 4160 1 1063
-871487 0 2 257 3391
-877727 32 1 51631
-880904 67109120 1 3797
-881431 0 2 193 4567
-882488 33554432 1 110311
-888511 2064 1 1667
-892135 2 2 113 1579
-892139 32768 1 15121
-900631 0 2 167 5393
-906799 0 2 269 3371
-909895 6 1 25997
-910196 4 1 32507
-916399 8 2 227 367
-922951 2048 1 22511
-933284 8 1 21211
-937016 33554432 1 117127
-938552 33554432 1 117319
-947336 67108880 1 9109
-950431 4227072 1 181
-954967 16 1 73459
-956191 5120 1 601
-958424 33562624 1 2549
-960824 33554432 1 120103
-972824 33554432 2 277 439
-981047 4718592 1 151
-983624 67108864 1 122953
-988532 64 1 13007
-996116 8 1 22639
-999439 131076 1 2131
-1009463 20 1 11093
-1016239 4 1 145177
-1018664 67108864 2 223 571
-1019959 256 1 35171
-1021343 524320 1 823
-1023655 34 1 12043
-1036127 192 1 2371
-1038799 0 2 163 6373
-1043156 0 2 251 1039
-1045016 33554436 1 18661
-1048739 2048 1 25579
-1057016 33555456 1 3571
-1060004 8 1 24091
-1061719 768 1 1181
-1065655 2 1 213131
-1078567 4 1 154081
-1080751 4 2 181 853
-1086439 64 2 211 271
-1087556 4096 1 6323
-1089031 0 2 457 2383
-1089151 4 1 155593
-1090904 33554496 1 7177
-1092703 139264 1 347
-1093231 16384 1 20627
-1103551 1114112 1 229
-1111879 10240 1 577
-1115396 0 1 278849
-1119476 0 2 239 1171
-1121636 0 1 280409
-1121719 2048 2 109 251
-1123016 67108864 2 229 613
-1128308 0 2 311 907
-1129460 2 1 56473
-1129691 128 1 49117
-1131167 0 2 691 1637
-1132379 264192 1 389
-1137031 4 2 127 1279
-1138039 4 1 162577
-1138520 33554434 1 28463
-1155407 8 1 105037
-1155764 0 2 113 2557
-1156184 33558528 1 3361
-1175935 2 2 251 937
-1176164 8 1 26731
-1178936 33554440 1 13397
-1179668 4 1 42131
-1183639 0 2 683 1733
-1189135 2 2 103 2309
-1189364 8 1 27031
-1192676 0 1 298169
-1196567 0 2 491 2437
-1201844 4 1 42923
-1203655 131074 1 3593
-1205695 2 2 293 823
-1209751 0 2 607 1993
-1216007 4194320 1 1051
-1217459 4224 1 1231
-1218596 131072 1 4547
-1219351 4100 1 4051
-1219508 256 1 10513
-1226327 524288 2 107 157
-1229551 0 2 179 6869
-1230919 65568 1 1187
-1234232 33554432 1 154279
-1234487 4160 1 1511
-1235695 16386 1 4663
-1235828 8 1 28087
-1236164 4096 1 7187
-1236212 256 1 10657
-1237859 4 2 181 977
-1248299 16 2 131 733
-1259671 4 1 179953
-1260415 18 1 19391
-1262324 4 1 45083
-1264808 67109888 1 4273
-1265336 33554432 2 277 571
-1265864 67108864 1 158233
-1267691 128 1 55117
-1271447 288 1 2579
-1274119 12 1 16547
-1276232 67109120 1 5501
-1278407 272 1 3391
-1290536 67108880 1 12409
-1293716 0 2 503 643
-1294355 2 1 258871
-1295455 6 1 37013
-1305608 67108864 2 293 557
-1308799 256 1 45131
-1308983 48 1 5923
-1309663 2080 1 1879
-1312255 6 1 37493
-1313672 67108864 1 164209
-1324088 33554432 1 165511
-1328263 1024 1 35899
-1333844 0 2 139 2399
-1335871 64 1 70309
-1336739 0 2 1093 1223
-1340456 67108880 1 12889
-1342520 33554434 1 33563
-1342664 67108864 2 157 1069
-1344680 67108866 1 33617
-1345160 67108866 1 33629
-1357844 16777216 1 3361
-1358516 0 2 223 1523
-1358687 8 1 123517
-1361684 8192 1 7243
-1362296 33554448 1 13099
-1366856 67108864 1 170857
-1367012 64 1 17987
-1371764 32 1 20173
-1375124 128 1 14947
-1379335 524290 1 3779
-1381976 33554432 2 227 761
-1384015 2 2 131 2113
-1391071 8 1 126461
-1408664 33555456 1 4759
-1410779 544 1 2677
-1411364 0 1 352841
-1411451 4194304 1 15859
-1413284 0 1 353321
-1420591 4096 1 33037
-1429139 32 1 84067
-1430936 33554448 1 13759
-1432955 2 1 286591
-1435471 256 1 49499
-1438639 2097152 1 17333
-1441255 8194 1 6133
-1442047 0 2 1117 1291
-1443079 40 1 7717
-1444715 2 2 283 1021
-1447016 67108864 2 191 947
-1449199 32 1 85247
-1450259 18874368 1 173
-1450856 67108872 1 16487
-1451815 2 2 293 991
-1458919 12 1 18947
-1464836 0 2 251 1459
-1468340 2 1 73417
-1469695 2 2 193 1523
-1487396 64 1 19571
-1489016 33554432 2 373 499
-1497011 524288 1 20507
-1498447 512 1 48337
-1500308 2097152 1 4519
-1508771 72 1 7219
-1510004 0 2 227 1663
-1516159 0 2 563 2693
-1520239 2052 1 5297
-1520311 2097168 1 1409
-1523143 0 2 977 1559
-1528703 520 1 4483
-1529480 67108866 1 38237
-1535455 2 1 307091
-1540615 66 1 16217
-1540735 6 1 44021
-1541720 33554434 1 38543
-1544564 4 1 55163
-1550599 0 2 173 8963
-1553891 4096 1 36137
-1554680 33554434 1 38867
-1556407 0 2 613 2539
-1558039 524292 1 3049
-1558676 4 1 55667
-1559540 2 1 77977
-1564639 0 2 179 8741
-1569512 67108868 1 28027
-1574215 2 2 359 877
-1575059 0 2 409 3851
-1583444 0 2 503 787
-1583695 2 2 113 2803
-1584847 72 1 7583
-1590823 1048592 1 1549
-1591499 20 1 17489
-1595044 8 1 36251
-1595291 512 1 51461
-1599655 2 1 319931
-1601012 4 1 57179
-1615208 67108868 1 28843
-1618247 32 1 95191
-1621111 540672 1 419
-1621352 67108864 2 389 521
-1625911 4 2 359 647
-1630015 16386 1 6151
-1631167 32 2 229 419
-1636739 16 2 137 919
-1638692 8 1 37243
-1639928 33554496 1 10789
-1640695 6 1 46877
-1640771 8 1 149161
-1640839 66560 1 727
-1646552 33554464 1 12107
-1648139 0 2 191 8629
-1652411 64 1 86969
-1655455 16386 1 6247
-1655479 65540 1 3877
-1660351 12 1 21563
-1663496 67108864 2 269 773
-1663595 2 2 313 1063
-1664228 0 2 563 739
-1674884 0 1 418721
-1676531 2048 2 103 397
-1679651 288 1 3407
-1684567 2048 2 181 227
-1686584 33554432 1 210823
-1686676 262144 1 5939
-1687832 33554560 1 9173
-1691815 2 2 563 601
-1696004 0 1 424001
-1702388 65536 1 6977
-1706132 0 2 227 1879
-1708292 0 1 427073
-1709048 33554440 1 19421
-1709732 0 1 427433
-1710503 0 2 1289 1327
-1711711 0 2 463 3697
-1711739 262144 1 24109
-1714255 2 2 167 2053
-1726115 8388610 1 3559
-1727119 64 1 90901
-1727983 524288 1 23671
-1728847 2048 2 149 283
-1730468 0 2 331 1307
-1732783 2064 1 3251
-1733671 128 1 75377
-1739119 16908288 1 257
-1739555 1026 1 9403
-1739771 8 1 158161
-1744388 0 1 436097
-1745348 8 1 39667
-1746440 67108866 1 43661
-1746664 67109376 1 7043
-1748383 20 1 19213
-1748579 4 1 249797
-1751672 33554448 1 16843
-1753183 0 2 461 3803
-1753999 16 1 134923
-1759855 2 1 351971
-1773512 67108880 1 17053
-1775012 0 1 443753
-1776680 67108866 1 44417
-1779011 16 2 281 487
-1780039 128 2 193 401
-1781524 0 2 257 1733
-1783951 2064 1 3347
-1788824 33554944 1 7213
-1789076 2048 1 10909
-1792184 33587200 1 3797
-1795211 8 2 293 557
-1796239 5120 1 1129
-1796996 0 1 449249
-1802936 33555456 1 6091
-1806847 4 2 359 719
-1808287 80 1 7321
-1812679 8 1 164789
-1815035 1026 1 9811
-1816447 1048576 1 22993
-1818851 320 1 3301
-1820095 2 2 313 1163
-1829480 67108866 1 45737
-1833224 67108864 1 229153
-1833320 67108866 1 45833
-1834255 2 1 366851
-1836167 0 2 307 5981
-1837112 33554432 1 229639
-1837619 1048580 1 3323
-1841048 33554440 1 20921
-1841623 4 1 263089
-1844120 33554434 1 46103
-1846687 0 2 103 17929
-1847771 0 2 337 5483
-1849139 0 2 487 3797
-1849636 0 1 462409
-1851487 40 1 9901
-1851736 33554432 2 211 1097
-1852619 0 2 151 12269
-1855832 33554440 1 21089
-1855879 524288 1 25423
-1860452 8 1 42283
-1860635 6 1 53161
-1861327 131088 1 2137
-1868819 128 2 193 421
-1871288 33554432 1 233911
-1873352 67108880 1 18013
-1875779 512 1 60509
-1876856 33554432 2 283 829
-1878655 524290 1 5147
-1878847 128 1 81689
-1880555 2 2 457 823
-1882979 4 1 268997
-1883816 67108872 1 21407
-1884655 2 1 376931
-1888388 4096 1 10979
-1890367 1088 1 2689
-1890884 0 1 472721
-1890971 0 2 769 2459
-1893659 128 2 281 293
-1895891 32 2 229 487
-1899428 0 1 474857
-1900255 6 1 54293
-1903832 33554436 1 33997
-1905295 6 1 54437
-1910795 2 2 257 1487
-1912303 0 2 307 6229
-1913435 34 1 22511
-1918676 0 2 367 1307
-1918904 33554448 1 18451
-1918955 2 1 383791
-1920895 2 2 157 2447
-1922935 6 1 54941
-1927759 64 2 241 421
-1929007 32 2 233 487
-1931192 33554432 2 283 853
-1938899 16384 1 36583
-1940195 2 2 173 2243
-1947076 0 1 486769
-1950728 67108880 1 18757
-1951255 2 2 397 983
-1959247 524288 1 26839
-1959823 0 2 797 2459
-1960760 33554434 1 49019
-1961720 33554434 1 49043
-1968463 4 2 179 1571
-1973963 32768 1 33457
-1978999 8 1 179909
-1988167 32 2 107 1093
-1990712 33554432 1 248839
-1996235 66 1 21013
-1998692 0 1 499673
-2000815 34 1 23539
-2003492 0 1 500873
-2006647 64 1 105613
-2007976 67108864 2 499 503
-2015503 36 1 16937
-2016659 32 2 313 379
-2021636 0 1 505409
-2022248 67108864 2 113 2237
-2022584 33554432 1 252823
-2023471 128 1 87977
-2027531 8 1 184321
-2028823 0 2 547 3709
-2028851 8 1 184441
-2034539 80 1 8237
-2036555 2 1 407311
-2041124 4096 1 11867
-2043668 8 1 46447
-2043823 0 2 367 5569
-2048056 33685504 1 3821
-2048552 67108872 1 23279
-2050088 67174400 1 4201
-2050355 1026 1 11083
-2053028 0 1 513257
-2061295 2 2 173 2383
-2062039 4 2 271 1087
-2067995 2 2 193 2143
-2068783 16777216 1 20483
-2071979 20 1 22769
-2077111 65568 1 2003
-2077115 4098 1 9661
-2078239 4194368 1 1229
-2079415 18 1 31991
-2086520 33554434 1 52163
-2088248 33554432 1 261031
-2094247 32 1 123191
-2097304 33554440 1 23833
-2102339 32 1 123667
-2104571 2052 1 7333
-2105956 0 2 131 4019
-2110619 16388 1 5689
-2111483 8 1 191953
-2112011 16777224 1 1901
-2114819 4 2 397 761
-2119604 0 2 277 1913
-2119615 2 2 223 1901
-2119816 67108864 1 264977
-2120455 2 1 424091
-2121496 33554448 1 20399
-2121512 67108864 2 509 521
-2128712 67108864 1 266089
-2130248 67108864 1 266281
-2131876 64 1 28051
-2133128 67108864 1 266641
-2140927 4096 1 49789
-2140979 1050624 1 661
-2149903 4 1 307129
-2151967 526336 1 719
-2156503 128 1 93761
-2158571 64 2 103 1103
-2160371 0 2 1447 1493
-2160392 67108880 1 20773
-2172536 33554496 1 14293
-2173748 131072 1 8111
-2174215 34 1 25579
-2176255 34 1 25603
-2176499 16 1 167423
-2176759 16 1 167443
-2177480 67108866 1 54437
-2182520 33554434 1 54563
-2182532 8 1 49603
-2183263 0 2 179 12197
-2185495 18 1 33623
-2188091 0 2 487 4493
-2189891 8 1 199081
-2190164 0 2 193 2837
-2195204 8 1 49891
-2195263 2052 1 7649
-2199491 4 1 314213
-2200355 2 2 157 2803
-2201095 18 1 33863
-2204888 33554436 1 39373
-2205851 8192 1 46933
-2206139 16 2 223 761
-2212904 67109376 1 8923
-2213819 16777344 1 953
-2213972 0 2 229 2417
-2222455 4098 1 10337
-2222887 0 2 1373 1619
-2223976 67108864 2 103 2699
-2225588 1048576 1 7043
-2226295 2 2 263 1693
-2227144 67108864 1 278393
-2230567 0 2 643 3469
-2236015 66 1 23537
-2245508 0 1 561377
-2253844 0 2 173 3257
-2254388 64 1 29663
-2256895 131074 1 6737
-2257831 0 2 883 2557
-2263880 67108866 1 56597
-2266259 128 1 98533
-2266456 33554432 2 491 577
-2267704 33554432 1 283463
-2267732 32 1 33349
-2269811 0 2 103 22037
-2274488 33554432 1 284311
-2278280 67108866 1 56957
-2279464 67108872 1 25903
-2280155 524290 1 6247
-2288408 33554560 1 12437
-2288963 16777216 2 131 173
-2289631 0 2 839 2729
-2293211 0 2 257 8923
-2294579 4 1 327797
-2295512 33558528 1 6673
-2295679 0 2 787 2917
-2298971 131072 1 34313
-2299979 8 1 209089
-2301055 2 1 460211
-2303528 67109120 1 9929
-2305028 8 1 52387
-2306884 0 1 576721
-2311447 0 2 167 13841
-2311796 32 1 33997
-2317543 0 2 307 7549
-2319272 67239936 1 4327
-2322607 4 1 331801
-2328007 520 1 6827
-2331607 0 2 157 14851
-2335619 24 1 16333
-2335979 256 2 109 739
-2343428 0 1 585857
-2343731 16 1 180287
-2344207 262144 2 137 241
-2344564 0 2 193 3037
-2346995 6 1 67057
-2349847 0 2 1289 1823
-2354411 16777216 1 23311
-2354767 0 2 199 11833
-2354915 514 1 15193
-2362324 512 1 19051
-2362543 2304 1 1987
-2366167 0 2 197 12011
-2366852 0 2 563 1051
-2368744 67108868 1 42299
-2370899 0 2 167 14197
-2372408 33554432 1 296551
-2374567 16 1 182659
-2380139 0 2 131 18169
-2380804 0 1 595201
-2381348 0 2 139 4283
-2386931 0 2 167 14293
-2388535 1026 1 12911
-2388779 528384 1 761
-2390455 34 1 28123
-2397368 33554432 1 299671
-2399815 10 1 43633
-2403179 16384 1 45343
-2405143 48 1 10883
-2406823 10240 1 1249
-2412895 34 1 28387
-2415544 33554432 1 301943
-2432648 67108864 1 304081
-2448155 2 1 489631
-2449111 4 2 181 1933
-2451103 2048 2 191 313
-2457128 83886080 1 3041
-2461115 130 1 21401
-2461663 0 2 359 6857
-2466776 33554448 1 23719
-2469655 2 1 493931
-2470388 0 2 211 2927
-2471252 4 1 88259
-2476472 33554432 1 309559
-2481943 5242880 1 353
-2483651 262144 1 34981
-2485940 2 1 124297
-2486815 66 1 26177
-2487364 8 1 56531
-2488783 40 1 13309
-2488811 16 1 191447
-2489939 32 2 149 983
-2493055 2 1 498611
-2493848 33554436 1 44533
-2502103 512 1 80713
-2504651 0 2 103 24317
-2508184 33554436 1 44789
-2511844 0 1 627961
-2514895 34 1 29587
-2516291 32768 1 42649
-2518451 16 1 193727
-2523992 33555456 1 8527
-2526731 0 2 1553 1627
-2532179 16 2 109 1787
-2534911 0 2 137 18503
-2535607 64 2 113 1181
-2542756 0 1 635689
-2547364 0 2 163 3907
-2548024 33554432 1 318503
-2554447 4 1 364921
-2558776 33554440 1 29077
-2558852 0 1 639713
-2561143 80 1 10369
-2562319 262144 2 151 239
-2568212 262144 1 9043
-2574004 32 1 37853
-2586068 0 2 419 1543
-2586539 1048832 1 1129
-2592308 0 2 307 2111
-2593592 33554432 1 324199
-2596211 4096 2 173 349
-2596307 4 2 421 881
-2597480 67108866 1 64937
-2598587 0 2 103 25229
-2598788 0 1 649697
-2604539 68 1 19583
-2609819 0 2 227 11497
-2610680 33554434 1 65267
-2611787 16384 1 49279
-2625076 1024 1 17737
-2627171 4096 2 107 571
-2632595 6 1 75217
-2635448 33554432 1 329431
-2639396 0 1 659849
-2640751 65536 1 43291
-2641303 4 1 377329
-2642372 0 1 660593
-2644036 0 1 661009
-2646007 20 1 29077
-2646223 0 2 193 13711
-2646244 64 1 34819
-2646251 0 2 1279 2069
-2646851 65536 1 43391
-2651123 131072 1 39569
-2653139 32 2 239 653
-2653880 33554434 1 66347
-2659783 65540 1 6229
-2660147 4 2 293 1297
-2674859 8 2 241 1009
-2676223 8 2 223 1091
-2676251 0 2 1319 2029
-2679823 0 2 1063 2521
-2684555 34 1 31583
-2688127 16 1 206779
-2691655 2 1 538331
-2691812 0 1 672953
-2695355 18 1 41467
-2696939 2052 1 9397
-2697323 4194304 1 30307
-2697851 16 2 139 1493
-2700515 2 2 271 1993
-2702531 16 2 449 463
-2703779 16 2 241 863
-2706395 2 2 613 883
-2707096 33554436 1 48341
-2709371 4 2 293 1321
-2712035 514 1 17497
-2712968 67108864 1 339121
-2713495 2 2 397 1367
-2718419 40 1 14537
-2718655 2 2 613 887
-2718707 0 2 359 7573
-2727668 0 2 389 1753
-2744363 262144 1 38653
-2746036 16384 1 12953
-2754587 262152 1 3527
-2754755 2 1 550951
-2757007 16392 1 4729
-2763668 0 2 379 1823
-2765416 67112960 1 8039
-2766136 33554688 1 11923
-2766968 33554432 2 157 2203
-2768315 10 1 50333
-2771771 0 2 383 7237
-2772583 8 2 269 937
-2773640 67108866 1 69341
-2773739 0 2 619 4481
-2776052 64 1 36527
-2777704 67108864 2 103 3371
-2778932 16 1 53441
-2781827 1048704 1 1531
-2785355 8388610 1 5743
-2786771 8208 1 4561
-2787035 4194306 1 6263
-2788087 8192 2 137 433
-2790196 0 2 113 6173
-2791160 33554434 1 69779
-2792840 67108866 1 69821
-2793976 33554688 1 12043
-2795815 10 1 50833
-2800564 16 1 53857
-2801815 2 2 229 2447
-2802823 64 1 147517
-2802964 128 1 30467
-2804264 67108864 2 167 2099
-2804459 132 1 17419
-2808920 33554434 1 70223
-2811908 8 1 63907
-2813723 8 2 229 1117
-2818567 0 2 307 9181
-2821352 67109120 1 12161
-2822072 33554440 1 32069
-2822228 0 2 109 6473
-2823188 0 2 179 3943
-2824691 1024 1 76343
-2826004 0 2 127 5563
-2827156 0 2 613 1153
-2833183 512 1 91393
-2839336 67108864 2 257 1381
-2840455 2 1 568091
-2840584 67108864 1 355073
-2842303 1024 1 76819
-2849143 8 2 179 1447
-2851763 0 2 1213 2351
-2852776 67108864 2 191 1867
-2854955 2 1 570991
-2857255 2 2 277 2063
-2861215 6 1 81749
-2863643 278528 1 761
-2864072 67174400 1 5869
-2868415 10 1 52153
-2873012 0 2 263 2731
-2881979 0 2 1663 1733
-2883847 256 2 277 359
-2885555 2 1 577111
-2885828 8 1 65587
-2891167 0 2 191 15137
-2892463 4 2 359 1151
-2893624 33554496 1 19037
-2894552 33554432 2 181 1999
-2895011 68 1 21767
-2895515 6 1 82729
-2895976 67108992 1 15739
-2896628 4 1 103451
-2901812 4096 1 16871
-2904127 32 2 139 1229
-2905379 0 2 127 22877
-2906168 33554432 1 363271
-2909288 67109376 1 11731
-2910904 33554688 1 12547
-2911403 40 1 15569
-2913583 2048 2 179 397
-2915023 512 1 94033
-2915464 67108864 1 364433
-2915723 8388608 1 30059
-2917931 1056 1 4639
-2919668 0 2 311 2347
-2920472 34603008 1 4621
-2921747 0 2 1223 2389
-2922323 4096 1 67961
-2926888 67108992 1 15907
-2927435 6 1 83641
-2929091 8 1 266281
-2929139 0 2 229 12791
-2942023 4 2 157 2677
-2942219 4 1 420317
-2955703 0 2 229 12907
-2956211 2097152 1 35617
-2962567 32768 2 149 337
-2963143 524288 1 40591
-2964644 0 2 163 4547
-2973103 4 1 424729
-2979272 67108864 1 372409
-2979943 5120 1 1873
-2982452 8 1 67783
-2985556 4 1 106627
-2986936 33555456 1 10091
-2989183 65536 1 49003
-2990167 512 1 96457
-2992216 33554432 2 151 2477
-2993315 18 1 46051
-2994179 1048576 2 151 251
-2994751 16777216 2 149 199
-2998504 67108928 1 19727
-3003284 0 2 191 3931
-3006155 2 1 601231
-3010024 67109888 1 10169
-3011171 8389632 1 839
-3017095 4098 1 14033
-3020168 67108864 1 377521
-3021539 768 1 3361
-3022283 520 1 8863
-3026228 32768 1 12823
-3037144 33554440 1 34513
-3039256 33554440 1 34537
-3054952 67108992 1 16603
-3059191 0 2 941 3251
-3063848 67110912 1 9341
-3066227 1049600 1 1049
-3074056 67108864 1 384257
-3080795 2 2 433 1423
-3086195 6 1 88177
-3086887 512 1 99577
-3087032 33554448 1 29683
-3093512 67108864 1 386689
-3099512 33554448 1 29803
-3107387 0 3 107 113 257
-3111368 67108880 1 29917
-3114803 320 1 5653
-3124388 0 2 347 2251
-3131944 67108896 1 23029
-3132827 1024 2 227 373
-3134963 16 2 239 1009
-3135368 67108864 1 391921
-3140767 36 1 26393
-3146267 4160 1 3851
-3149363 4100 1 10463
-3149528 33554560 1 17117
-3150707 4 1 450101
-3151211 131076 1 6719
-3151303 8192 1 67049
-3153967 128 2 241 569
-3154232 33554432 2 419 941
-3156728 33554432 2 197 2003
-3158051 16 1 242927
-3159611 20 1 34721
-3159736 33554432 1 394967
-3163652 64 1 41627
-3165332 32 1 46549
-3168616 67108872 1 36007
-3173480 67108866 1 79337
-3174659 256 1 109471
-3175447 40 1 16981
-3177727 4 1 453961
-3186488 33554432 1 398311
-3186971 2048 1 77731
-3188228 0 1 797057
-3191956 0 2 109 7321
-3192452 0 2 107 7459
-3195272 67108864 1 399409
-3201323 0 2 271 11813
-3201364 0 2 313 2557
-3204847 2048 1 78167
-3207203 2097184 1 2273
-3216692 0 2 797 1009
-3228611 0 2 167 19333
-3231035 258 1 22283
-3231967 512 2 137 761
-3233444 0 1 808361
-3233464 33554448 1 31091
-3233555 18 1 49747
-3239819 8 1 294529
-3243251 520 1 9511
-3246343 1024 1 87739
-3247096 33554432 2 349 1163
-3250936 33554448 1 31259
-3251215 10 1 59113
-3268568 33562624 1 8693
-3272647 132 1 20327
-3274024 67108880 1 31481
-3274091 0 2 1091 3001
-3277423 1024 2 283 313
-3292859 10485760 1 409
-3297995 1026 1 17827
-3298628 64 1 43403
-3306035 2050 1 16127
-3306040 33554434 1 82651
-3308731 0 2 127 26053
-3309007 16 2 331 769
-3309343 512 1 106753
-3312196 0 2 251 3299
-3322628 0 1 830657
-3323455 2 1 664691
-3330539 327680 1 769
-3333395 18 1 51283
-3334088 67108864 1 416761
-3335768 33558528 1 9697
-3340216 33554440 1 37957
-3340883 20 1 36713
-3342872 33554448 1 32143
-3344840 67108866 1 83621
-3347555 34 1 39383
-3349019 0 2 941 3559
-3351539 0 2 563 5953
-3352783 4 2 509 941
-3352811 12 1 43543
-3354376 67108864 1 419297
-3364891 1024 2 199 457
-3365972 256 1 29017
-3368867 0 2 857 3931
-3370996 1024 1 22777
-3374795 2 2 103 6553
-3375635 66 1 35533
-3381803 2048 1 82483
-3383335 4194306 1 7603
-3384443 0 2 293 11551
-3386116 0 1 846529
-3389272 33554432 2 461 919
-3393395 2 2 173 3923
-3397571 0 3 107 113 281
-3398603 16 1 261431
-3399635 2 2 223 3049
-3402872 33554440 1 38669
-3404360 67108866 1 85109
-3404767 0 2 449 7583
-3405076 0 2 859 991
-3406379 0 2 313 10883
-3406447 8 1 309677
-3406783 160 1 8713
-3407672 33554432 1 425959
-3409015 2 2 409 1667
-3410027 0 2 983 3469
-3415355 2 1 683071
-3416771 0 2 941 3631
-3418715 4098 1 15901
-3422771 65544 1 5101
-3428623 16392 1 5881
-3430568 67108864 2 571 751
-3431768 33554432 2 149 2879
-3438347 8 2 241 1297
-3439327 0 2 151 22777
-3444856 33554432 2 491 877
-3447851 520 1 10111
-3449383 4 1 492769
-3451571 512 1 111341
-3451979 0 2 383 9013
-3453995 524290 1 9463
-3459367 0 2 1741 1987
-3461555 131074 1 10333
-3461764 2097152 1 10427
-3462395 2 2 263 2633
-3469595 131074 1 10357
-3471535 514 1 22397
-3475691 128 2 349 433
-3480088 33554432 2 233 1867
-3482263 96 1 10781
-3484564 65536 1 14281
-3496019 1088 1 4973
-3499235 262146 1 9857
-3502307 1052672 1 1031
-3507127 16 1 269779
-3508331 64 1 184649
-3511864 33554432 1 438983
-3518468 0 1 879617
-3520984 33685504 1 6569
-3521795 2 2 233 3023
-3522760 67108866 1 88069
-3523499 2052 1 12277
-3525512 67108864 2 197 2237
-3528619 8192 2 193 389
-3529688 33554432 2 359 1229
-3531107 65536 2 107 541
-3537727 16777216 1 35027
-3541523 4096 1 82361
-3546155 2 1 709231
-3549491 8 2 223 1447
-3554536 67110912 1 10837
-3557195 8194 1 15137
-3557432 33685504 1 6637
-3560120 33554434 1 89003
-3560863 262144 1 50153
-3561379 64 1 187441
-3566051 0 2 1399 2549
-3566651 40 1 19073
-3567463 65536 2 233 251
-3569243 0 2 947 3769
-3580324 8 1 81371
-3589019 4 1 512717
-3590851 8 1 326441
-3591683 0 2 1741 2063
-3591844 0 2 443 2027
-3592303 24 1 25121
-3593147 64 2 281 673
-3594655 2 1 718931
-3596411 20 1 39521
-3603683 0 2 113 31891
-3605956 0 1 901489
-3606616 33554448 1 34679
-3608852 16 1 69401
-3609247 16384 1 68099
-3609512 67125248 1 8513
-3609619 16 1 277663
-3612548 0 2 691 1307
-3612724 0 2 239 3779
-3613816 33554432 2 557 811
-3614195 18 1 55603
-3614648 33554432 1 451831
-3615160 33554434 1 90379
-3618755 6 1 103393
-3624760 33554434 1 90619
-3627736 33554436 1 64781
-3632851 0 2 181 20071
-3633556 0 2 409 2221
-3634772 0 2 569 1597
-3645332 0 2 163 5591
-3646091 1024 1 98543
-3647555 2 1 729511
-3648424 67108880 1 35081
-3657107 4096 1 85049
-3662503 16 2 107 2633
-3666395 4098 1 17053
-3668771 0 2 113 32467
-3669908 8 1 83407
-3670868 8388608 1 9461
-3671647 4 1 524521
-3675512 33554496 1 24181
-3680219 0 2 1663 2213
-3683912 67174400 1 7549
-3684367 0 2 263 14009
-3684376 33554464 1 27091
-3686579 16 1 283583
-3687304 67108864 1 460913
-3689027 0 2 1783 2069
-3694187 4 1 527741
-3696463 32 1 217439
-3710792 67108864 1 463849
-3711124 0 2 269 3449
-3711731 8192 2 151 523
-3713348 0 1 928337
-3717460 2 1 185873
-3723347 1024 2 103 977
-3728435 2 2 113 6599
-3736280 33554434 1 93407
-3737143 768 1 4157
-3740648 67108864 2 137 3413
-3744376 33587200 1 7933
-3746867 2048 1 91387
-3749195 2 2 277 2707
-3752603 131072 1 56009
-3752651 1028 1 14489
-3757336 33554440 1 42697
-3757735 2 2 131 5737
-3758099 512 1 121229
-3761143 0 2 239 15737
-3761243 0 2 359 10477
-3767171 0 2 271 13901
-3768755 2 1 753751
-3771928 33555456 1 12743
-3773299 0 2 937 4027
-3774703 1024 1 102019
-3774931 0 2 179 21089
-3776383 80 1 15289
-3780212 0 2 167 5659
-3784619 1024 2 233 439
-3786664 67108868 1 67619
-3791432 67108864 1 473929
-3794195 130 1 32993
-3802067 32 2 139 1609
-3802168 33554432 1 475271
-3810803 256 2 331 397
-3817412 0 2 211 4523
-3818260 2 1 190913
-3819544 33554432 2 223 2141
-3820063 16 2 457 643
-3826756 0 1 956689
-3829687 2048 1 93407
-3831848 67109376 1 15451
-3833627 4 1 547661
-3834052 4096 1 22291
-3836056 33554436 1 68501
-3838264 33554432 1 479783
-3839012 32768 1 16267
-3843976 67174400 1 7877
-3845464 33554436 1 68669
-3847331 98304 1 1069
-3848579 36 1 32341
-3849463 32 2 367 617
-3850264 33554440 1 43753
-3852823 16 2 109 2719
-3871571 8 2 109 3229
-3874216 67108864 2 271 1787
-3876083 1024 1 104759
-3876299 4 1 553757
-3879112 67174400 1 7949
-3884723 128 1 168901
-3896468 32 1 57301
-3900376 33570816 1 9199
-3901547 16 1 300119
-3905819 4096 1 90833
-3907060 2 1 195353
-3910667 128 1 170029
-3911503 65536 1 64123
-3915851 0 2 251 15601
-3917383 128 2 181 941
-3924932 8 1 89203
-3926315 2097154 1 9461
-3932243 65540 1 9209
-3937720 33554434 1 98443
-3937927 2052 1 13721
-3942515 2 2 389 2027
-3944228 0 2 691 1427
-3948515 2 2 181 4363
-3950648 33554448 1 37987
-3955687 256 1 136403
-3955988 0 2 829 1193
-3957796 0 2 971 1019
-3961816 33554464 1 29131
-3962935 8388610 1 8171
-3964052 0 2 151 6563
-3964067 0 2 281 14107
-3968503 12 1 51539
-3972395 6 1 113497
-3977143 4194304 1 44687
-3979880 67108866 1 99497
-3985667 36 1 33493
-3986212 0 2 211 4723
-3991523 1024 2 233 463
-3993035 16777218 1 7907
-3993827 32 1 234931
-3994504 67125248 1 9421
-4004536 33554432 1 500567
-4007983 16777220 1 5669
-4012712 67108872 1 45599
-4016555 2 1 803311
-4021028 8 1 91387
-4021403 6144 1 2281
-4027960 33554434 1 100699
-4030187 4194308 1 6469
-4032632 33554432 2 211 2389
-4035076 0 2 251 4019
-4035923 1088 1 5741
-4038127 64 2 283 751
-4042955 6 1 115513
-4050616 33554432 1 506327
-4053967 0 3 127 137 233
-4056184 33554440 1 46093
-4062827 64 1 213833
-4064356 0 1 1016089
-4064771 0 2 821 4951
-4068367 8192 1 86561
-4069783 2080 1 5839
-4069928 67109376 1 16411
-4071443 1024 1 110039
-4081355 2 1 816271
-4090939 2048 2 113 883
-4094596 8 1 93059
-4097972 1024 1 27689
-4100660 2 1 205033
-4104803 544 1 7789
-4105204 0 2 307 3343
-4105427 0 2 211 19457
-4105912 33554432 1 513239
-4105924 0 1 1026481
-4110299 0 2 479 8581
-4113892 0 1 1028473
-4115243 65544 1 6133
-4117067 0 2 401 10267
-4118228 0 2 449 2293
-4120499 0 2 337 12227
-4131103 65536 1 67723
-4140755 2 2 173 4787
-4141988 0 2 283 3659
-4154611 0 2 263 15797
-4164520 67108866 1 104113
-4171979 4 2 151 3947
-4173299 4194320 1 3607
-4177259 16809984 1 701
-4188611 4 2 163 3671
-4189924 0 2 467 2243
-4190795 6 1 119737
-4190843 0 2 1847 2269
-4197035 2 2 683 1229
-4197304 33554432 2 307 1709
-4204148 16 1 80849
-4205464 33554688 1 18127
-4206676 64 1 55351
-4207172 32768 1 17827
-4207444 512 1 33931
-4213459 64 2 211 1051
-4215604 524288 1 14437
-4216447 16777216 2 109 383
-4222772 4096 1 24551
-4227844 0 2 251 4211
-4230059 32 1 248827
-4230628 0 1 1057657
-4230947 4 2 491 1231
-4232387 0 2 757 5591
-4236424 67108864 2 173 3061
-4241524 4 1 151483
-4243355 2 1 848671
-4245784 33554464 1 31219
-4246504 67109376 1 17123
-4252067 320 1 7717
-4253771 0 2 1409 3019
-4256099 0 2 367 11597
-4258936 33554440 1 48397
-4266587 16 2 109 3011
-4269880 33554434 1 106747
-4273396 0 2 257 4157
-4282120 67108866 1 107053
-4290436 2097152 1 12923
-4291508 16 1 82529
-4295851 4 2 307 1999
-4311155 2 1 862231
-4312523 8388736 1 1933
-4318024 67108864 2 229 2357
-4321423 65536 1 70843
-4322548 2048 1 26357
-4330696 67108864 2 653 829
-4343651 16 1 334127
-4344184 33554448 1 41771
-4345684 4 1 155203
-4345955 131074 1 12973
-4348712 67108864 2 233 2333
-4349848 33554432 2 613 887
-4349908 131072 1 16231
-4350392 33554496 1 28621
-4351828 16 1 83689
-4354331 0 2 379 11489
-4356872 67108880 1 41893
-4358335 262146 1 12277
-4360931 5120 1 2741
-4362683 16 1 335591
-4372067 4 2 283 2207
-4374724 0 1 1093681
-4377608 67109120 1 18869
-4377784 33554432 1 547223
-4379416 34078720 1 7499
-4380872 67108864 1 547609
-4386755 2 1 877351
-4388555 2 2 233 3767
-4394219 640 1 6163
-4398083 4224 1 4447
-4398904 33554432 1 549863
-4400411 2097152 1 53017
-4401256 67109376 1 17747
-4402687 0 2 307 14341
-4405163 2052 1 15349
-4405783 0 2 137 32159
-4407107 1088 1 6269
-4409795 18 1 67843
-4422724 0 2 283 3907
-4426067 256 1 152623
-4427767 0 2 107 41381
-4431995 2 2 743 1193
-4434328 33685504 1 8273
-4435379 80 1 17957
-4441691 128 2 113 1709
-4441955 6 1 126913
-4443064 33554432 1 555383
-4448795 18 1 68443
-4450948 0 1 1112737
-4453087 64 2 223 1051
-4453816 33554432 1 556727
-4454584 33554432 1 556823
-4458392 33554432 2 181 3079
-4464083 16 1 343391
-4470755 2 1 894151
-4473851 0 2 1439 3109
-4473923 327680 1 1033
-4479347 32 1 263491
-4480331 128 2 131 1487
-4481555 18 1 68947
-4482179 16 2 557 619
-4483636 0 2 281 3989
-4491092 4096 1 26111
-4491908 0 2 379 2963
-4493743 0 2 109 41227
-4497979 1056 1 7151
-4502023 0 2 127 35449
-4509827 4 1 644261
-4512244 8 1 102551
-4520491 8388864 1 1607
-4521016 33554432 1 565127
-4526920 67108866 1 113173
-4527323 0 2 823 5501
-4528955 2 2 163 5557
-4529971 0 2 1747 2593
-4531787 8208 1 7417
-4533512 67109120 1 19541
-4533992 67108864 2 439 1291
-4537427 8448 1 3329
-4538260 2 1 226913
-4541828 0 2 659 1723
-4542683 16384 1 85711
-4544404 0 2 167 6803
-4547128 33554432 1 568391
-4549643 4 2 179 3631
-4551908 0 1 1137977
-4552927 2048 2 293 379
-4554484 8 1 103511
-4554995 131074 1 13597
-4557604 0 2 547 2083
-4557796 64 1 59971
-4560823 0 2 751 6073
-4562555 2 1 912511
-4571099 16 2 227 1549
-4573835 6 1 130681
-4574632 67108896 1 33637
-4575443 1048576 1 57917
-4576804 0 2 379 3019
-4581371 0 2 331 13841
-4584127 0 2 383 11969
-4588984 33554432 2 331 1733
-4591336 67117056 1 12211
-4591684 0 1 1147921
-4592527 256 1 158363
-4592627 16 2 149 2371
-4592776 67108864 2 149 3853
-4594043 128 1 199741
-4597547 0 2 809 5683
-4599467 8192 1 97861
-4606088 67108864 2 181 3181
-4606163 0 2 127 36269
-4611539 65568 1 4447
-4612504 33554448 1 44351
-4614664 67108864 2 613 941
-4616824 33558528 1 13421
-4617364 0 2 491 2351
-4623880 67108866 1 115597
-4627096 33556480 1 14107
-4629691 4194312 1 4729
-4634251 32 1 272603
-4636043 32768 1 78577
-4636235 2 2 419 2213
-4637108 4 1 165611
-4640623 16 2 487 733
-4642744 33554432 1 580343
-4646971 4 1 663853
-4648531 8388640 1 2819
-4656827 36 1 39133
-4658776 33554432 2 229 2543
-4660979 16384 1 87943
-4663864 33554432 1 582983
-4665607 256 1 160883
-4668856 33554432 2 307 1901
-4676527 64 1 246133
-4690772 0 2 1069 1097
-4697627 40 1 25121
-4699924 0 2 563 2087
-4701155 2 2 137 6863
-4710520 33554434 1 117763
-4711187 2064 1 8839
-4713784 33554432 2 293 2011
-4719103 0 2 227 20789
-4719496 67108864 2 317 1861
-4722347 1028 1 18233
-4731736 33554432 2 151 3917
-4732036 32768 1 20051
-4732883 0 2 281 16843
-4740664 33558528 1 13781
-4741423 524288 1 64951
-4741955 2 1 948391
-4751899 0 2 1607 2957
-4759204 0 1 1189801
-4765396 256 1 41081
-4767544 33554432 1 595943
-4769179 0 2 1871 2549
-4774595 6 1 136417
-4778435 65538 1 15667
-4784155 2 1 956831
-4795864 33570816 1 11311
-4796852 0 2 331 3623
-4799972 0 1 1199993
-4800251 8192 2 109 937
-4802312 67108864 1 600289
-4802867 0 3 109 139 317
-4803304 67108872 1 54583
-4804276 524288 1 16453
-4805251 8 1 436841
-4805348 0 1 1201337
-4809691 160 1 12301
-4815923 4 2 257 2677
-4816228 131072 1 17971
-4820308 2097152 1 14519
-4820867 0 2 1013 4759
-4826776 33554464 1 35491
-4830484 64 1 63559
-4834408 67108864 2 103 5867
-4835860 2 1 241793
-4838692 64 1 63667
-4840595 2 2 257 3767
-4841963 4 1 691709
-4844555 2 1 968911
-4851259 4 1 693037
-4852907 0 2 139 34913
-4855955 18 1 74707
-4856164 2097152 1 14627
-4860259 16384 1 91703
-4860280 33554434 1 121507
-4864427 1536 1 4241
-4866916 0 1 1216729
-4872212 0 2 1021 1193
-4876339 16 1 375103
-4878755 6 1 139393
-4880023 0 2 1741 2803
-4884916 32 1 71837
-4887323 2052 1 17029
-4889507 32772 1 11839
-4894043 12 1 63559
-4894388 256 1 42193
-4907483 4 2 241 2909
-4913044 16777216 1 12161
-4913407 512 2 353 449
-4914707 4 1 702101
-4915459 1052672 1 1447
-4916843 2048 1 119923
-4917832 67108864 1 614729
-4921183 0 2 563 8741
-4929947 8 1 448177
-4932664 33554440 1 56053
-4935316 0 2 647 1907
-4938196 8192 1 26267
-4944568 33554432 2 229 2699
-4945144 33587200 1 10477
-4950827 4 1 707261
-4955743 1040 1 10303
-4955944 67108868 1 88499
-4958392 33554496 1 32621
-4960660 2 1 248033
-4970003 0 2 1543 3221
-4971976 67108864 2 757 821
-4973768 67108864 1 621721
-4975283 576 1 8447
-4976011 16384 1 93887
-4976339 0 2 139 35801
-4979236 0 2 619 2011
-4991944 67109120 1 21517
-4992964 0 1 1248241
-5000884 4 1 178603
-5003219 48 1 22639
-5004203 4227072 1 953
-5005652 0 2 389 3217
-5006555 2 1 1001311
-5007203 64 1 263537
-5008984 33558528 1 14561
-5015588 0 1 1253897
-5016251 4096 1 116657
-5022379 0 2 389 12911
-5023283 0 2 227 22129
-5027915 130 1 43721
-5028683 8 1 457153
-5036267 32 1 296251
-5036747 128 1 218989
-5037940 2 1 251897
-5050307 4096 2 257 457
-5055587 2048 1 123307
-5056411 256 2 113 1543
-5057656 33554432 2 149 4243
-5061076 16384 1 23873
-5068595 6 1 144817
-5072047 2113536 1 1153
-5072824 33554432 1 634103
-5073847 1024 1 137131
-5083187 32 1 299011
-5084747 0 2 107 47521
-5101907 36864 1 2011
-5101939 16384 1 96263
-5107051 0 2 127 40213
-5122835 1026 1 27691
-5131156 0 2 1103 1163
-5135176 67108864 1 641897
-5150884 4096 1 29947
-5153188 0 2 883 1459
-5162056 67108864 1 645257
-5164984 33554440 1 58693
-5167060 2 1 258353
-5168555 6 1 147673
-5170355 2 1 1034071
-5172088 33554432 2 149 4339
-5172539 160 1 13229
-5172724 2048 1 31541
-5183732 64 1 68207
-5185288 67108864 2 181 3581
-5187128 33554432 1 648391
-5192116 0 2 1031 1259
-5195171 128 2 107 2111
-5205512 67108880 1 50053
-5205923 66048 1 2753
-5210440 67108866 1 130261
-5211256 33558528 1 15149
-5212067 4 2 151 4931
-5214155 34 1 61343
-5215336 67108868 1 93131
-5216863 0 2 541 9643
-5219507 256 2 211 853
-5220616 67108864 1 652577
-5222404 8 1 118691
-5223811 32 1 307283
-5224771 512 1 168541
-5227939 0 2 509 10271
-5230667 16 1 402359
-5231747 0 2 131 39937
-5248235 2 2 283 3709
-5248312 33554432 1 656039
-5250947 262160 1 5689
-5251060 2 1 262553
-5253379 256 2 107 1693
-5256803 524288 2 107 673
-5260292 0 1 1315073
-5264971 65536 1 86311
-5267987 262144 1 74197
-5270056 67108872 1 59887
-5270963 0 2 541 9743
-5271844 0 1 1317961
-5275339 0 2 373 14143
-5280059 256 2 163 1117
-5282356 65536 1 21649
-5283323 262144 1 74413
-5289028 0 1 1322257
-5290084 0 1 1322521
-5292859 24 1 37013
-5299508 524288 1 18149
-5299835 34 1 62351
-5302235 66 1 55813
-5307379 12 1 68927
-5311459 128 1 230933
-5316943 16842752 1 863
-5323540 2 1 266177
-5326696 67108864 2 157 4241
-5327332 0 2 1019 1307
-5332187 8388612 1 7853
-5334347 256 1 183943
-5336167 0 2 223 23929
-5346472 67108864 2 191 3499
-5350456 33570816 1 12619
-5351656 67108864 2 557 1201
-5357572 8 1 121763
-5359924 0 2 227 5903
-5360363 0 2 269 19927
-5364227 8 1 487657
-5368219 1280 1 5003
-5369795 2 2 107 10037
-5376995 18 1 82723
-5377331 128 2 113 2069
-5379784 67108864 1 672473
-5381716 0 2 227 5927
-5381764 0 1 1345441
-5383268 8 1 122347
-5388203 524800 1 2381
-5388683 4194304 2 191 317
-5390123 1024 1 145679
-5392564 0 2 691 1951
-5394676 4 1 192667
-5405419 16777216 2 109 491
-5407912 67108864 2 103 6563
-5409016 33554432 2 109 6203
-5415739 4194308 1 8693
-5421211 16384 2 233 439
-5424707 0 2 631 8597
-5426515 2 2 617 1759
-5434360 33554434 1 135859
-5435419 8 1 494129
-5450387 32 1 320611
-5458411 36 1 45869
-5460632 33554432 2 379 1801
-5463076 0 2 443 3083
-5467531 0 2 419 13049
-5468023 8 1 497093
-5469931 65536 1 89671
-5472739 4096 2 137 929
-5476984 33554432 2 797 859
-5486408 67108864 2 677 1013
-5487188 4 1 195971
-5488163 8388864 1 1951
-5492308 128 1 59699
-5492584 67108992 1 29851
-5493607 4 2 331 2371
-5493979 0 2 1877 2927
-5494408 67108864 1 686801
-5495059 0 2 311 17669
-5499736 33554440 1 62497
-5499860 2 1 274993
-5501387 288 1 11159
-5514424 33554432 2 197 3499
-5515955 2 1 1103191
-5526520 33554434 1 138163
-5529736 67108864 2 677 1021
-5534596 0 2 307 4507
-5539087 256 2 409 467
-5542792 67108864 2 197 3517
-5544484 8 1 126011
-5548648 67108868 1 99083
-5549899 512 1 179029
-5550331 0 2 1051 5281
-5561723 0 3 149 163 229
-5563099 256 1 191831
-5567428 0 2 163 8539
-5569643 8519680 1 857
-5572552 67108864 1 696569
-5576435 514 1 35977
-5590456 33554432 2 157 4451
-5594555 2 1 1118911
-5595019 0 2 521 10739
-5601544 67108880 1 53861
-5604244 0 2 599 2339
-5604724 0 2 431 3251
-5605291 32 1 329723
-5606296 33554560 1 30469
-5608663 524288 1 76831
-5608819 64 1 295201
-5612404 4 1 200443
-5615527 1024 1 151771
-5636408 33554432 1 704551
-5637608 67108896 1 41453
-5640868 0 1 1410217
-5648195 6 1 161377
-5650712 34603008 1 8941
-5654267 1048640 1 3767
-5658952 67108880 1 54413
-5661635 6 1 161761
-5662699 4 1 808957
-5663747 1048576 1 71693
-5667155 18 1 87187
-5672027 524288 1 77699
-5681731 8 1 516521
-5687224 33554432 1 710903
-5687483 16384 2 239 449
-5691304 67108992 1 30931
-5691368 67108864 2 103 6907
-5702680 33554434 1 142567
-5703076 0 1 1425769
-5706091 1048576 1 72229
-5708536 33554432 2 317 2251
-5719096 33554432 1 714887
-5723611 32 1 336683
-5727323 4 1 818189
-5732819 128 1 249253
-5733736 71303168 1 8053
-5735363 8192 1 122029
-5739556 0 2 163 8803
-5741915 8388610 1 11839
-5743528 67108868 1 102563
-5747603 98304 1 1597
-5754484 0 2 863 1667
-5754628 8 1 130787
-5757368 33554432 1 719671
-5758403 4 2 149 5521
-5760904 67108864 2 269 2677
-5761667 0 2 167 34501
-5781995 4098 1 26893
-5784292 0 1 1446073
-5786308 8 1 131507
-5793848 33554432 2 461 1571
-5803307 32 2 541 631
-5814964 256 1 50129
-5817463 0 2 1061 5483
-5821096 67125248 1 13729
-5822260 2 1 291113
-5823688 67108880 1 55997
-5826803 1048576 1 73757
-5831464 68157440 1 9227
-5831608 33554432 2 157 4643
-5836187 4 2 109 7649
-5837608 67108868 1 104243
-5839972 0 1 1459993
-5847064 33554432 2 409 1787
-5849656 33619968 1 11987
-5856227 16 1 450479
-5863912 67108896 1 43117
-5872183 0 2 181 32443
-5872408 33554432 2 443 1657
-5873363 0 2 379 15497
-5874088 67108872 1 66751
-5877640 67108866 1 146941
-5878792 67108864 1 734849
-5887624 67108864 1 735953
-5890063 0 2 439 13417
-5894507 1024 1 159311
-5894584 33554432 1 736823
-5894632 67108864 2 577 1277
-5895028 0 2 197 7481
-5899939 0 2 419 14081
-5900627 128 2 151 1699
-5902084 64 1 77659
-5903812 0 1 1475953
-5911144 67174400 1 12113
-5911252 0 2 419 3527
-5911972 8 1 134363
-5916707 1024 1 159911
-5918008 33554432 1 739751
-5919880 67108866 1 147997
-5922755 2 1 1184551
-5924536 33554432 2 787 941
-5931011 32 1 348883
-5932276 4 1 211867
-5935531 4 1 847933
-5936267 133120 1 2161
-5944171 524288 2 107 761
-5944228 0 1 1486057
-5944459 0 2 1877 3167
-5946760 67108866 1 148669
-5951035 32770 1 20173
-5951371 0 2 113 52667
-5952227 1056 1 9463
-5953067 8320 1 5507
-5958952 67108864 2 137 5437
-5968264 67108864 1 746033
-5980276 128 1 65003
-6006568 67108864 2 191 3931
