-129191 2176 1 137
-146471 80 1 593
-158639 16 1 12203
-219551 0 2 241 911
-228191 544 1 433
-233855 2 1 46771
-244391 4 1 34913
-244799 4096 1 5693
-259199 1048608 1 193
-264767 0 2 271 977
-274439 65544 1 409
-287639 1048584 1 331
-292271 4100 1 971
-294239 136 1 1163
-298271 262144 1 4201
-300215 8388610 1 619
-310031 524800 1 137
-329351 1048584 1 379
-336215 10 1 6113
-353831 525312 1 131
-354239 8192 1 7537
-360455 2 1 72091
-366263 1088 1 521
-378599 16 1 29123
-394055 16386 1 1487
-401663 4096 1 9341
-403271 65544 1 601
-405044 0 2 109 929
-407759 72 1 1951
-410855 2 1 82171
-413735 6 1 11821
-426119 16777216 1 4219
-427976 67174400 1 877
-431951 16 2 149 223
-436535 10 1 7937
-438884 0 1 109721
-446663 4 1 63809
-455663 16 1 35051
-466463 160 1 1193
-466639 256 1 16091
-466799 0 2 181 2579
-472823 1040 1 983
-481559 48 1 2179
-484039 256 1 16691
-487016 67108896 1 3581
-489311 32 2 107 269
-489383 4160 1 599
-493951 0 2 211 2341
-501143 2080 1 719
-501455 2 1 100291
-504287 65540 1 1181
-504647 24 1 3529
-511943 32768 1 8677
-521543 40 1 2789
-523367 16 2 127 317
-531236 32768 1 2251
-532943 2097152 1 6421
-533816 33570816 1 1259
-535519 65536 1 8779
-536359 0 2 257 2087
-537407 131088 1 617
-547076 0 1 136769
-556031 4 1 79433
-556127 24 1 3889
-568967 4 1 81281
-573151 0 2 127 4513
-576095 18 1 8863
-586484 0 2 151 971
-586759 65536 1 9619
-589879 0 2 181 3259
-591176 67108864 1 73897
-593551 4 1 84793
-595847 4 1 85121
-601367 16 2 167 277
-602015 66 1 6337
-619847 0 2 641 967
-620996 64 1 8171
-625991 160 1 1601
-641431 4100 1 2131
-645767 0 2 347 1861
-653624 33554432 1 81703
-656276 0 2 191 859
-658823 16777224 1 593
-662927 262144 1 9337
-663511 0 2 547 1213
-666695 8194 1 2837
-677444 0 1 169361
-678287 0 2 137 4951
-680840 67108866 1 17021
-682367 4100 1 2267
-690743 0 2 317 2179
-692359 32 2 139 293
-698071 40 1 3733
-708824 33554432 2 251 353
-726584 33554432 1 90823
-729623 32 2 167 257
-732104 67108864 1 91513
-732167 0 2 251 2917
-733895 1026 1 3967
-736223 16640 1 479
-737684 0 2 223 827
-738260 2 1 36913
-743816 67108864 2 109 853
-746447 131088 1 857
-749839 0 2 277 2707
-752567 0 2 271 2777
-763591 64 1 40189
-764135 131074 1 2281
-765647 128 1 33289
-767567 32 2 163 277
-771023 264 1 2417
-772247 4 1 110321
-772399 2048 1 18839
-778280 67108866 1 19457
-780884 16 1 15017
-781591 16384 1 14747
-781711 36 1 6569
-783103 0 2 601 1303
-791720 67108866 1 19793
-794324 0 2 349 569
-794936 33554432 1 99367
-795335 524290 1 2179
-799076 0 2 107 1867
-801415 258 1 5527
-803791 262144 1 11321
-806311 136 1 3187
-809684 262144 1 2851
-813704 67109888 1 2749
-819860 2 1 40993
-822271 4194304 1 9239
-830855 2 2 107 1553
-831335 130 1 7229
-833311 512 1 26881
-835583 1048580 1 1511
-838244 8 1 19051
-840971 8448 1 617
-849044 4 1 30323
-849095 18 1 13063
-853076 4 1 30467
-867476 32 1 12757
-872911 2097168 1 809
-876511 524288 1 12007
-879044 0 1 219761
-882776 33554464 1 6491
-884119 32 2 131 397
-885895 16386 1 3343
-886903 128 1 38561
-891524 0 2 107 2083
-892279 524320 1 719
-900151 132 1 5591
-910184 67108872 1 10343
-911791 1088 1 1297
-914599 4 1 130657
-916772 0 2 419 547
-917699 131072 1 13697
-918055 2 1 183611
-918895 1026 1 4967
-928916 0 2 263 883
-930271 8192 1 19793
-930404 0 2 163 1427
-932984 33554448 1 8971
-939944 67108864 2 293 401
-942679 8704 1 647
-943519 8650752 1 137
-945511 4 2 293 461
-950719 12 1 12347
-954164 0 2 263 907
-955471 8 1 86861
-955496 69206016 1 1439
-958484 2097152 1 2887
-966584 33554432 1 120823
-969656 33619968 1 1987
-977876 0 2 151 1619
-979127 320 1 1777
-979591 288 1 1987
-980543 32 1 57679
-986087 1280 1 919
-987055 2 2 113 1747
-987080 67108866 1 24677
-996680 67108866 1 24917
-1001348 32768 1 4243
-1002055 2 2 107 1873
-1002872 33554448 1 9643
-1003880 67108866 1 25097
-1010516 16 1 19433
-1015736 33554432 1 126967
-1018399 34816 1 421
-1020179 512 1 32909
-1024664 33554432 2 349 367
-1025023 8192 2 113 193
-1028599 24 1 7193
-1031579 0 2 211 4889
-1034447 4227072 1 197
-1038971 0 2 337 3083
-1039015 66 1 10937
-1041199 524320 1 839
-1041391 16 1 80107
-1044655 2 1 208931
-1045124 0 1 261281
-1046431 128 1 45497
-1046456 33554432 1 130807
-1047320 33554434 1 26183
-1048255 18 1 16127
-1050440 67108866 1 26261
-1051256 33554432 2 331 397
-1052447 8 2 241 397
-1056815 8388610 1 2179
-1057892 8 1 24043
-1057979 8388624 1 839
-1058888 67108864 1 132361
-1064479 16 1 81883
-1066868 8 1 24247
-1072159 264 1 3361
-1072247 8 2 107 911
-1073204 8 1 24391
-1075471 2080 1 1543
-1075735 65538 1 3527
-1080680 67108866 1 27017
-1081103 66560 1 479
-1085383 272 1 2879
-1086692 0 2 107 2539
-1089176 33554440 1 12377
-1090136 33558528 1 3169
-1090159 36 1 9161
-1092056 33554436 1 19501
-1093748 4096 1 6359
-1094359 4 2 127 1231
-1098488 33619968 1 2251
-1101343 0 2 137 8039
-1104271 524292 1 2161
-1107895 4098 1 5153
-1109048 33554432 2 157 883
-1109636 8 1 25219
-1110968 33554496 1 7309
-1116895 18 1 17183
-1117351 0 2 149 7499
-1122104 33554432 1 140263
-1126520 33554434 1 28163
-1127156 64 1 14831
-1141880 33554434 1 28547
-1146296 33554432 1 143287
-1149419 262144 1 16189
-1153379 0 2 503 2293
-1153855 2 1 230771
-1158836 4 1 41387
-1171351 32 1 68903
-1171487 32 2 137 503
-1173391 160 1 3001
-1173679 16 2 137 659
-1178216 67108880 1 11329
-1178771 16777224 1 1061
-1180711 4 1 168673
-1188703 0 2 419 2837
-1189855 2 1 237971
-1202360 33554434 1 30059
-1203128 33587200 1 2549
-1209731 128 2 149 353
-1221295 8194 1 5197
-1226167 131072 1 18301
-1227343 80 1 4969
-1227415 6 1 35069
-1229863 8389120 1 409
-1245415 2097154 1 3001
-1245607 40 1 6661
-1245679 1024 2 131 257
-1247336 67108992 1 6779
-1248484 0 1 312121
-1251899 8 1 113809
-1252727 68 1 9419
-1253816 33554432 1 156727
-1258715 2 2 227 1109
-1262047 0 2 271 4657
-1264879 12 1 16427
-1268651 0 3 103 109 113
-1270495 34 1 14947
-1271540 2 1 63577
-1275983 64 1 67157
-1276424 67108864 1 159553
-1278919 0 2 353 3623
-1281059 16 1 98543
-1282735 34 1 15091
-1284703 4 2 223 823
-1286648 33554440 1 14621
-1287559 20 1 14149
-1291499 8 2 137 857
-1294292 0 2 223 1451
-1298264 33554440 1 14753
-1305512 67108880 1 12553
-1306015 258 1 9007
-1310815 10 1 23833
-1311871 8 2 239 499
-1325479 0 2 167 7937
-1326155 2 1 265231
-1327076 0 1 331769
-1328567 544 1 2521
-1328708 64 1 17483
-1329583 8192 1 28289
-1331455 2 1 266291
-1331480 33554434 1 33287
-1335295 18 1 20543
-1337047 6291456 1 181
-1341799 64 1 70621
-1345460 2 1 67273
-1347419 16384 1 25423
-1348904 67108992 1 7331
-1349167 256 1 46523
-1354139 1114112 1 281
-1359188 0 2 103 3299
-1360916 0 2 397 857
-1361972 32 1 20029
-1365527 4325376 1 229
-1366235 18 1 21019
-1366591 128 1 59417
-1374199 8389120 1 457
-1374779 132 1 8539
-1382708 4096 1 8039
-1384856 33554440 1 15737
-1389560 33554434 1 34739
-1392415 66 1 14657
-1397891 8 1 127081
-1403096 33554432 2 127 1381
-1405016 33554464 1 10331
-1405591 8 1 127781
-1406087 32 2 107 773
-1410680 33554434 1 35267
-1415156 2048 1 8629
-1419128 33570816 1 3347
-1419332 0 1 354833
-1420927 0 2 701 2027
-1424983 4 1 203569
-1430623 128 1 62201
-1433156 0 1 358289
-1437236 64 1 18911
-1438520 33554434 1 35963
-1438808 33554436 1 25693
-1442455 6 1 41213
-1443656 67108864 2 181 997
-1444691 0 2 569 2539
-1451599 128 1 63113
-1453999 0 2 587 2477
-1459927 524292 1 2857
-1460051 2048 2 149 239
-1464104 67108864 2 197 929
-1466959 16 1 112843
-1469051 0 2 137 10723
-1472036 0 2 379 971
-1472168 67141632 1 3119
-1475204 0 1 368801
-1476152 33555456 1 4987
-1476631 8388624 1 1171
-1478311 0 2 941 1571
-1478552 33554432 2 421 439
-1480615 34 1 17419
-1480964 0 1 370241
-1481432 33554432 2 281 659
-1484552 67108864 1 185569
-1489279 8 1 135389
-1492088 33554448 1 14347
-1492211 4 1 213173
-1493671 2080 1 2143
-1496695 2 2 127 2357
-1502456 33554432 2 109 1723
-1505935 2 2 349 863
-1507739 256 1 51991
-1510472 67108864 2 349 541
-1516351 0 2 139 10909
-1518583 8 1 138053
-1520939 36 1 12781
-1522471 8448 1 1117
-1527560 67108866 1 38189
-1530440 67108866 1 38261
-1533131 16384 1 28927
-1534136 33554496 1 10093
-1537351 0 2 281 5471
-1539895 6 1 43997
-1541087 1024 1 41651
-1542155 34 1 18143
-1547071 0 2 1039 1489
-1548079 16 1 119083
-1551535 65538 1 5087
-1551799 8192 2 137 241
-1551944 67108864 1 193993
-1554679 2052 1 5417
-1558519 0 2 239 6521
-1559396 0 1 389849
-1559732 0 2 149 2617
-1564676 0 2 443 883
-1566484 128 1 17027
-1567855 2 1 313571
-1568239 0 2 137 11447
-1572319 4 1 224617
-1572836 0 1 393209
-1574383 0 2 653 2411
-1575320 33554434 1 39383
-1576760 33554434 1 39419
-1579351 65568 1 1523
-1580120 33554434 1 39503
-1580359 8 1 143669
-1581908 32768 1 6703
-1584871 0 2 839 1889
-1589048 33554432 2 139 1429
-1589524 0 2 173 2297
-1590299 32 2 139 673
-1591091 8396800 1 349
-1592555 2 2 233 1367
-1594760 67108866 1 39869
-1597508 8 1 36307
-1599320 33554434 1 39983
-1599608 33587200 1 3389
-1600091 65568 1 1543
-1607672 33554440 1 18269
-1612663 80 1 6529
-1616311 8388672 1 877
-1618759 0 2 109 14851
-1620463 528 1 4021
-1621496 33554432 2 157 1291
-1621855 2 2 547 593
-1627832 33685504 1 3037
-1632823 0 2 331 4933
-1634504 67108864 2 173 1181
-1642103 131072 1 24509
-1643291 80 1 6653
-1654004 8 1 37591
-1655672 33558528 1 4813
-1657663 516 1 7639
-1659655 524290 1 4547
-1661219 4100 1 5519
-1663807 32 1 97871
-1663927 1024 1 44971
-1671080 67108866 1 41777
-1672139 4 1 238877
-1674055 130 1 14557
-1677607 0 2 359 4673
-1681999 8 1 152909
-1682623 0 2 127 13249
-1686103 0 2 223 7561
-1688468 0 2 149 2833
-1690759 4 1 241537
-1694071 4096 1 39397
-1697215 18 1 26111
-1697219 16896 1 1033
-1697263 32 1 99839
-1700167 4194308 1 2729
-1701055 2 1 340211
-1706767 512 1 55057
-1707703 0 2 109 15667
-1708855 2 1 341771
-1710964 0 2 521 821
-1712143 128 1 74441
-1713032 67108864 1 214129
-1723427 0 2 857 2011
-1725320 67108866 1 43133
-1726952 67125248 1 4073
-1728164 64 1 22739
-1729091 20 1 19001
-1731319 512 1 55849
-1736996 0 1 434249
-1737055 2 1 347411
-1739699 16 2 163 821
-1743764 8 1 39631
-1749871 0 2 139 12589
-1750855 16386 1 6607
-1758308 0 1 439577
-1767511 0 2 313 5647
-1769263 512 1 57073
-1771016 67108880 1 17029
-1771855 2 1 354371
-1774811 16384 1 33487
-1774835 2 2 137 2591
-1777736 67108864 2 317 701
-1783135 2 2 503 709
-1789279 0 2 397 4507
-1794728 67108880 1 17257
-1797944 33554432 1 224743
-1798936 33554432 2 109 2063
-1801835 6 1 51481
-1804472 33554432 2 211 1069
-1809679 0 2 1217 1487
-1813619 128 1 78853
-1816255 6 1 51893
-1817647 4194320 1 1571
-1818776 33619968 1 3727
-1821608 67108864 2 109 2089
-1823096 33554440 1 20717
-1823479 4 2 331 787
-1825399 0 2 149 12251
-1826891 8 1 166081
-1830247 0 2 337 5431
-1830679 32 1 107687
-1833251 16777220 1 2593
-1833367 64 1 96493
-1834904 33555456 1 6199
-1835531 8388608 2 127 149
-1835732 0 2 547 839
-1843355 2 2 317 1163
-1845764 0 1 461441
-1846568 67371008 1 3251
-1846984 67108864 1 230873
-1850324 4 1 66083
-1852423 32768 1 31397
-1852472 33554432 1 231559
-1856228 8 1 42187
-1861739 8 1 169249
-1861940 2 1 93097
-1862543 263168 1 709
-1862648 33554432 2 157 1483
-1869128 67108864 1 233641
-1869752 33554496 1 12301
-1869943 1024 1 50539
-1870063 8388624 1 1483
-1870855 6 1 53453
-1874531 1280 1 1747
-1874804 2097152 1 5647
-1877291 16 1 144407
-1877695 2 2 127 2957
-1878031 0 2 593 3167
-1878703 0 2 379 4957
-1880095 6 1 53717
-1880455 34 1 22123
-1881703 8388672 1 1021
-1883171 2176 1 1997
-1885208 33554448 1 18127
-1885496 33554432 2 211 1117
-1886651 16 2 103 1409
-1887703 1024 2 163 313
-1888184 33555456 1 6379
-1891759 0 2 263 7193
-1894868 0 2 577 821
-1899035 8194 1 8081
-1900259 0 2 191 9949
-1901743 0 2 211 9013
-1904660 2 1 95233
-1905011 131072 1 28433
-1908851 4 1 272693
-1909739 2064 1 3583
-1912136 67108864 1 239017
-1925432 33554432 2 229 1051
-1925588 4 1 68771
-1925732 0 1 481433
-1928264 67108880 1 18541
-1929055 2 1 385811
-1929703 0 2 199 9697
-1931204 8 1 43891
-1931876 0 2 163 2963
-1932727 0 2 691 2797
-1934132 0 2 107 4519
-1943647 1024 2 131 401
-1947127 20 1 21397
-1952167 4 1 278881
-1952228 0 1 488057
-1954280 67108866 1 48857
-1956184 33554432 2 439 557
-1958804 0 2 251 1951
-1961239 36 1 16481
-1963859 2112 1 2521
-1969451 8 1 179041
-1970723 0 2 193 10211
-1980895 6 1 56597
-1992011 4 1 284573
-2000455 2 2 347 1153
-2006023 0 2 181 11083
-2009944 33554464 1 14779
-2011187 512 1 64877
-2012555 2 1 402511
-2015204 32768 1 8539
-2017855 6 1 57653
-2025055 2 1 405011
-2025512 67117056 1 5387
-2026040 33554434 1 50651
-2032568 33554432 1 254071
-2032715 66 1 21397
-2034404 0 2 139 3659
-2035816 67108864 2 397 641
-2039720 67108866 1 50993
-2040611 264192 1 701
-2042935 2 2 479 853
-2044619 0 2 1129 1811
-2053640 67108866 1 51341
-2053807 4 2 181 1621
-2055731 0 2 1409 1459
-2056276 0 2 439 1171
-2058059 512 2 197 337
-2063720 67108866 1 51593
-2064415 1026 1 11159
-2065931 260 1 10177
-2067572 16 1 39761
-2069555 2 1 413911
-2070488 33554436 1 36973
-2071268 0 1 517817
-2072771 0 2 433 4787
-2076356 0 1 519089
-2079727 16 1 159979
-2084708 0 1 521177
-2085103 0 2 461 4523
-2087935 16386 1 7879
-2089255 6 1 59693
-2095091 0 2 431 4861
-2096792 33554432 2 349 751
-2098280 67108866 1 52457
-2101688 33554688 1 9059
-2101927 16384 1 39659
-2103992 33554440 1 23909
-2119955 2 1 423991
-2121371 4 1 303053
-2126579 20 1 23369
-2127463 1040 1 4423
-2128619 0 2 131 16249
-2129623 0 2 211 10093
-2130635 18 1 32779
-2132095 6 1 60917
-2132936 67108880 1 20509
-2135171 0 2 641 3331
-2135339 0 2 173 12343
-2135432 67108880 1 20533
-2138552 33554448 1 20563
-2140355 6 1 61153
-2140664 33554688 1 9227
-2141924 0 1 535481
-2146955 2 2 107 4013
-2150455 2 1 430091
-2150948 0 2 163 3299
-2152760 33554434 1 53819
-2154823 8 1 195893
-2155115 2 2 337 1279
-2158615 258 1 14887
-2159480 33554434 1 53987
-2162335 6 1 61781
-2163655 18 1 33287
-2168191 32768 1 36749
-2169251 36 1 18229
-2170292 0 2 269 2017
-2173807 262176 1 1801
-2174339 0 2 331 6569
-2175607 4 1 310801
-2176855 2 1 435371
-2178916 2097152 1 6563
-2181944 33554432 2 107 2549
-2182436 0 1 545609
-2189263 0 2 1049 2087
-2192596 4 1 78307
-2194328 33587200 1 4649
-2195647 1048576 1 27793
-2196308 0 2 739 743
-2196607 4 2 113 2777
-2197379 262144 1 30949
-2198312 67108864 2 109 2521
-2199127 4 1 314161
-2202367 32 2 353 367
-2203115 34 1 25919
-2207224 33619968 1 4523
-2210648 33554440 1 25121
-2210792 67108864 2 103 2683
-2213720 33554434 1 55343
-2214904 33554688 1 9547
-2216579 160 1 5669
-2219819 4 2 337 941
-2221303 4 2 223 1423
-2222555 16386 1 8387
-2223107 32 2 251 521
-2224436 512 1 17939
-2224472 33554432 2 109 2551
-2224808 67109376 1 8971
-2233412 64 1 29387
-2235064 33554448 1 21491
-2235668 256 1 19273
-2236663 24 1 15641
-2239928 33554432 1 279991
-2244539 8 2 107 1907
-2245255 2 1 449051
-2246536 67108864 1 280817
-2250520 33554434 1 56263
-2251351 6144 1 1277
-2253140 2 1 112657
-2254516 8 1 51239
-2256308 32 1 33181
-2256535 66 1 23753
-2262731 0 2 109 20759
-2262788 8 1 51427
-2267099 64 1 119321
-2267335 6 1 64781
-2271059 4 1 324437
-2280452 0 1 570113
-2284447 8388616 1 2141
-2285815 6 1 65309
-2288167 4 1 326881
-2292155 2 2 617 743
-2301140 2 1 115057
-2303099 0 2 1483 1553
-2303503 2112 1 2957
-2304419 16 2 103 1721
-2305423 0 2 557 4139
-2307223 32 1 135719
-2313032 67108864 1 289129
-2313188 0 1 578297
-2320255 6 1 66293
-2322104 33554496 1 15277
-2322308 0 1 580577
-2324527 81920 1 719
-2328247 0 2 659 3533
-2329547 8 1 211777
-2332571 0 2 433 5387
-2333048 33554496 1 15349
-2334103 0 2 821 2843
-2337511 8 1 212501
-2338232 33554448 1 22483
-2340539 0 2 1511 1549
-2341399 8704 1 1607
-2342843 0 2 167 14029
-2344403 4096 1 54521
-2352136 67108864 2 269 1093
-2353028 0 1 588257
-2357455 1026 1 12743
-2362040 33554434 1 59051
-2363459 36 1 19861
-2365447 1028 1 9133
-2367656 67109376 1 9547
-2367703 16 1 182131
-2368571 2097152 1 28537
-2369096 67108864 1 296137
-2370011 4 1 338573
-2375935 2 2 107 4441
-2378459 4096 1 55313
-2380088 33554688 1 10259
-2383412 2048 1 14533
-2387432 67108864 2 167 1787
-2389739 4194312 1 2441
-2391607 0 2 167 14321
-2391656 67108864 2 193 1549
-2392663 20 1 26293
-2395592 67174400 1 4909
-2396459 2097168 1 2221
-2401940 2 1 120097
-2402344 67108868 1 42899
-2404927 4 1 343561
-2410187 16 2 397 467
-2413748 8388608 1 6221
-2417051 20 1 26561
-2419855 2 1 483971
-2421179 131072 1 36137
-2425543 65568 1 2339
-2426891 128 1 105517
-2427131 16777220 1 3433
-2429819 4 2 313 1109
-2431451 8200 1 4703
-2436680 67108866 1 60917
-2438171 0 2 353 6907
-2441555 2 1 488311
-2442011 24 1 17077
-2449096 67108880 1 23549
-2449211 65536 1 40151
-2450948 0 1 612737
-2451076 64 1 32251
-2452664 33554432 2 211 1453
-2457076 0 2 499 1231
-2463055 6 1 70373
-2468743 16777216 1 24443
-2470280 67108866 1 61757
-2472103 0 2 103 24001
-2473859 0 2 1039 2381
-2475127 0 2 1483 1669
-2475272 67108864 2 277 1117
-2475895 16386 1 9343
-2475992 33554432 2 127 2437
-2477503 4 1 353929
-2482423 0 2 587 4229
-2485015 18 1 38231
-2485379 2064 1 4663
-2487124 0 2 643 967
-2487796 0 2 331 1879
-2493103 0 2 173 14411
-2495176 67108864 1 311897
-2497592 33554432 1 312199
-2497859 20 1 27449
-2502632 67108872 1 28439
-2505368 33554688 1 10799
-2506472 67108864 2 127 2467
-2507027 10240 1 1301
-2507099 4 1 358157
-2507171 0 2 167 15013
-2509876 0 2 233 2693
-2511731 0 2 881 2851
-2512324 0 2 419 1499
-2513287 4 1 359041
-2513843 16384 1 47431
-2516119 4194336 1 1663
-2519219 1024 1 68087
-2521595 2 2 113 4463
-2521835 130 1 21929
-2522167 65536 2 173 239
-2527352 33619968 1 5179
-2529779 4 2 173 2089
-2530628 32768 1 10723
-2530807 2080 1 3631
-2532059 0 2 347 7297
-2533835 2 2 163 3109
-2537252 0 1 634313
-2537795 18 1 39043
-2539448 33554432 1 317431
-2539832 33587200 1 5381
-2542628 8 1 57787
-2543531 4194304 1 28579
-2544404 64 1 33479
-2546531 16 1 195887
-2549983 65568 1 2459
-2552408 33555456 1 8623
-2556083 65536 1 41903
-2556103 40 1 13669
-2560091 4352 1 2053
-2562343 4 2 389 941
-2562655 2 1 512531
-2562692 8 1 58243
-2563928 33570816 1 6047
-2564612 32768 1 10867
-2565223 0 2 157 16339
-2570884 4096 1 14947
-2571199 32 1 151247
-2576356 0 1 644089
-2576939 1024 2 257 271
-2577967 4 2 257 1433
-2578499 12 1 33487
-2579171 4 1 368453
-2584811 512 2 199 419
-2585455 2 1 517091
-2585747 2048 1 63067
-2589511 65536 1 42451
-2591864 33554440 1 29453
-2595895 130 1 22573
-2596984 33554448 1 24971
-2597828 0 1 649457
-2598943 32 1 152879
-2599619 8 1 236329
-2600935 2 2 643 809
-2601604 0 1 650401
-2606291 8320 1 2411
-2607703 4 2 401 929
-2608355 2 1 521671
-2610548 4194304 1 7333
-2615108 0 1 653777
-2621291 0 2 977 2683
-2622103 8 1 238373
-2624168 67108864 2 331 991
-2630344 67108864 2 197 1669
-2631796 524288 1 9013
-2633411 16392 1 4517
-2635139 65552 1 3323
-2635663 32 2 197 787
-2637007 0 2 269 9803
-2637155 2 2 127 4153
-2639143 16 1 203011
-2641592 33554432 1 330199
-2644955 2 1 528991
-2646932 128 1 28771
-2648648 67108864 1 331081
-2651051 80 1 10733
-2653927 65536 2 139 313
-2656804 0 2 283 2347
-2658943 4 1 379849
-2661256 67108880 1 25589
-2662715 10 1 48413
-2665543 0 2 331 8053
-2674499 262144 2 139 271
-2679583 0 2 137 19559
-2688347 0 2 349 7703
-2692772 0 1 673193
-2697032 67108880 1 25933
-2697035 10 1 49037
-2697611 36 1 22669
-2698324 1048576 1 8539
-2701172 131072 1 10079
-2701448 67108864 1 337681
-2703299 8192 2 113 509
-2708360 67108866 1 67709
-2711320 33554434 1 67783
-2711764 8 1 61631
-2712103 0 2 487 5569
-2716216 33554432 1 339527
-2717560 33554434 1 67939
-2719019 5120 1 1709
-2719624 67174400 1 5573
-2720407 8192 1 57881
-2723095 2 2 733 743
-2724847 64 1 143413
-2729048 33554436 1 48733
-2729704 69206016 1 4111
-2732644 32768 1 11579
-2733899 16388 1 7369
-2738792 67108868 1 48907
-2740859 40 1 14657
-2743735 1026 1 14831
-2744824 33554432 2 293 1171
-2745083 8 2 163 1531
-2745247 0 2 883 3109
-2745535 18 1 42239
-2746183 8 2 421 593
-2746232 33554432 2 283 1213
-2752091 0 2 439 6269
-2753771 0 2 479 5749
-2756116 8 1 62639
-2761576 69206016 1 4159
-2767412 256 1 23857
-2769272 33554440 1 31469
-2772751 32 2 211 773
-2778127 520 1 8147
-2778968 33554432 2 563 617
-2780027 288 1 5639
-2780612 64 1 36587
-2781544 67108864 2 271 1283
-2782091 16 1 214007
-2783215 66 1 29297
-2783540 2 1 139177
-2785352 67108864 2 397 877
-2785855 2 2 677 823
-2797687 0 2 359 7793
-2801051 8 2 149 1709
-2801123 16 1 215471
-2801915 2 2 331 1693
-2802196 64 1 36871
-2806052 0 2 643 1091
-2806280 67108866 1 70157
-2806927 64 2 241 613
-2808535 2 2 331 1697
-2809043 0 2 211 13313
-2813743 1048576 1 35617
-2816023 4 2 293 1373
-2821816 33554688 1 12163
-2822516 0 2 263 2683
-2822771 4 1 403253
-2825912 33555456 1 9547
-2829656 33556480 1 8627
-2831195 2 2 263 2153
-2834404 0 1 708601
-2839139 32768 1 48121
-2839160 33554434 1 70979
-2839592 67108868 1 50707
-2842307 16 2 131 1669
-2846023 0 2 173 16451
-2846579 0 2 787 3617
-2849099 8 1 259009
-2850103 65536 1 46723
-2851139 0 2 409 6971
-2856415 2 2 397 1439
-2861192 67108864 1 357649
-2861335 2 2 227 2521
-2865880 33554434 1 71647
-2873716 1024 1 19417
-2881336 33554432 1 360167
-2881880 33554434 1 72047
-2885771 4 1 412253
-2888263 4 1 412609
-2888404 32768 1 12239
-2888771 0 2 937 3083
-2901368 33685504 1 5413
-2903167 0 2 137 21191
-2904371 128 2 197 641
-2907535 2 2 373 1559
-2907604 4 1 103843
-2909459 4 2 227 1831
-2910212 131072 1 10859
-2911816 67108864 1 363977
-2913731 0 2 1429 2039
-2920388 4096 1 16979
-2920927 64 1 153733
-2921656 33619968 1 5987
-2922011 288 1 5927
-2928011 4194304 2 167 197
-2928655 2097154 1 7057
-2931256 33554432 2 131 2797
-2932808 67125248 1 6917
-2932984 33554432 2 523 701
-2933012 0 2 283 2591
-2934203 0 2 239 12277
-2936680 67108866 1 73417
-2940851 0 2 257 11443
-2944495 2 2 127 4637
-2947019 0 2 257 11467
-2950324 16 1 56737
-2950936 33619968 1 6047
-2954287 4 1 422041
-2955611 0 2 383 7717
-2956547 8 1 268777
-2961655 34 1 34843
-2962808 33554432 2 179 2069
-2963503 0 2 163 18181
-2964343 16384 1 55931
-2967227 512 1 95717
-2968760 33554434 1 74219
-2972824 33554464 1 21859
-2973727 1024 2 179 449
-2974996 16384 1 14033
-2975240 67108866 1 74381
-2977835 6 1 85081
-2978815 6 1 85109
-2982968 33554432 1 372871
-2985155 2 1 597031
-2985323 8 1 271393
-2988995 2 2 263 2273
-2994904 33554440 1 34033
-3000136 67108864 1 375017
-3001876 0 2 467 1607
-3002143 3072 1 1979
-3003752 67108864 2 239 1571
-3004183 20 1 33013
-3006728 67108864 1 375841
-3011492 8 1 68443
-3014723 33792 1 1381
-3014884 0 1 753721
-3024487 4194336 1 1999
-3025208 33554432 1 378151
-3025384 68157440 1 4787
-3029291 8192 1 64453
-3040084 0 2 107 7103
-3041507 4 1 434501
-3042443 0 2 569 5347
-3046996 32768 1 12911
-3049235 6 1 87121
-3050104 33554688 1 13147
-3051467 256 2 139 757
-3055255 6 1 87293
-3055955 6 1 87313
-3059867 0 2 821 3727
-3060155 6 1 87433
-3060212 32768 1 12967
-3060779 0 2 1033 2963
-3065963 0 2 1451 2113
-3066196 4 1 109507
-3066808 33554688 1 13219
-3071912 67109120 1 13241
-3076087 4 1 439441
-3078484 0 2 563 1367
-3082427 16448 1 3061
-3084179 260 1 15193
-3085444 0 2 491 1571
-3086116 8 1 70139
-3088927 0 2 269 11483
-3089108 8 1 70207
-3091595 18 1 47563
-3100687 4096 1 72109
-3101731 64 1 163249
-3105443 8 1 282313
-3107960 33554434 1 77699
-3107963 1088 1 4421
-3109403 131080 1 4219
-3110291 0 2 103 30197
-3111064 33554440 1 35353
-3112504 33554496 1 20477
-3112855 2 1 622571
-3115355 2 1 623071
-3117491 16 1 239807
-3122708 0 2 199 3923
-3125732 0 1 781433
-3129092 0 2 419 1867
-3137743 4 1 448249
-3138916 8 1 71339
-3139567 32768 2 127 419
-3144487 0 2 103 30529
-3151268 0 1 787817
-3152531 2080 1 4523
-3155167 0 2 283 11149
-3155492 0 1 788873
-3156068 0 1 789017
-3156856 50331648 1 3907
-3157204 0 2 751 1051
-3160423 262148 1 6359
-3161047 0 2 1637 1931
-3161507 32 1 185971
-3161771 64 1 166409
-3162227 64 2 149 1117
-3163816 67141632 1 6703
-3163903 128 2 151 911
-3167251 528384 1 1009
-3170824 67108864 1 396353
-3172516 0 1 793129
-3174847 16 1 244219
-3180635 2 2 617 1031
-3183419 16781312 1 733
-3184811 4 1 454973
-3191387 0 2 577 5531
-3194915 2 2 139 4597
-3198539 1024 2 137 631
-3201755 2 2 103 6217
-3210779 24 1 22453
-3211060 2 1 160553
-3213343 8196 1 9767
-3215528 67108864 2 113 3557
-3217667 8192 2 223 307
-3219083 4 2 577 797
-3224767 20 1 35437
-3225179 132096 1 1301
-3228068 0 1 807017
-3237352 67109888 1 10937
-3238504 67108864 2 331 1223
-3246247 0 2 127 25561
-3249784 33555456 1 10979
-3250355 2 1 650071
-3251524 0 2 163 4987
-3252491 40 1 17393
-3253903 0 2 449 7247
-3254027 32772 1 7879
-3254407 16 2 139 1801
-3255011 2097152 1 39217
-3255608 33554432 1 406951
-3257176 33554448 1 31319
-3260243 36 1 27397
-3260408 33554432 2 109 3739
-3264116 32768 1 13831
-3264899 8 2 293 1013
-3269960 67108866 1 81749
-3273272 33554432 2 619 661
-3275915 2 2 103 6361
-3276179 4194304 2 131 281
-3277927 0 2 1289 2543
-3279908 0 1 819977
-3281284 0 1 820321
-3289396 8 1 74759
-3290867 2097664 1 1279
-3291107 131072 1 49121
-3295019 20 1 36209
-3296555 34 1 38783
-3298472 67108864 2 103 4003
-3299416 35651584 1 4969
-3299432 67108864 2 229 1801
-3302555 2 2 107 6173
-3304855 2 2 307 2153
-3309251 32776 1 5099
-3312083 557056 1 769
-3313087 2112 1 4253
-3314363 16 2 109 2339
-3316115 10 1 60293
-3317743 24 1 23201
-3318179 96 1 10273
-3321299 0 2 191 17389
-3325207 0 2 239 13913
-3327112 67109120 1 14341
-3327655 2 2 173 3847
-3328931 4096 1 77417
-3329588 0 2 443 1879
-3333367 1152 1 3917
-3335764 0 2 641 1301
-3343880 67108866 1 83597
-3344531 4194304 1 37579
-3344804 0 2 883 947
-3345683 8 1 304153
-3346355 2 1 669271
-3347363 2112 1 4297
-3348247 4 1 478321
-3350164 0 2 179 4679
-3351428 0 2 227 3691
-3356287 8 2 463 659
-3356852 2097152 1 10111
-3358955 2 1 671791
-3361619 4194304 2 107 353
-3363851 0 2 281 11971
-3364696 33554688 1 14503
-3365767 0 2 929 3623
-3366419 4 2 181 2657
-3369368 33555456 1 11383
-3377732 0 1 844433
-3379108 0 1 844777
-3379931 0 2 131 25801
-3380888 33554436 1 60373
-3385979 8519680 1 521
-3389579 160 1 8669
-3389743 4194308 1 5441
-3392372 0 2 821 1033
-3396203 128 1 147661
-3397355 18 1 52267
-3397447 64 1 178813
-3399487 20 1 37357
-3399823 4 1 485689
-3402659 8208 1 5569
-3403636 1048576 1 10771
-3405364 0 2 467 1823
-3406324 32 1 50093
-3408004 0 2 163 5227
-3409571 40 1 18233
-3411443 4 1 487349
-3414995 2 2 197 3467
-3419012 64 1 44987
-3424835 2 2 421 1627
-3426563 132 1 21283
-3426659 0 2 971 3529
-3427355 2 1 685471
-3427955 2 1 685591
-3429539 0 2 1021 3359
-3429796 0 2 563 1523
-3429844 8 1 77951
-3432452 0 1 858113
-3433636 4096 1 19963
-3435611 0 2 739 4649
-3437224 67108868 1 61379
-3439979 524288 1 47123
-3441064 67108872 1 39103
-3443236 0 1 860809
-3444916 0 2 821 1049
-3453316 0 2 139 6211
-3453947 4 2 601 821
-3456223 0 2 353 9791
-3461944 33554432 1 432743
-3472855 2 1 694571
-3475928 33555456 1 11743
-3479867 65536 1 57047
-3484019 12 1 45247
-3484691 4 1 497813
-3486847 20 1 38317
-3488743 524288 1 47791
-3493207 1088 1 4969
-3495032 33570816 1 8243
-3495203 0 2 113 30931
-3496292 2097152 1 10531
-3499640 33554434 1 87491
-3509048 33554432 1 438631
-3509176 33554440 1 39877
-3512171 16 1 270167
-3515243 32 1 206779
-3519860 2 1 175993
-3522872 33619968 1 7219
-3523768 33554432 1 440471
-3528491 0 2 607 5813
-3529384 71303168 1 4957
-3533416 67108896 1 25981
-3536228 0 1 884057
-3538091 524320 1 2851
-3538667 264 1 11093
-3543172 0 1 885793
-3544783 136 1 14011
-3546724 0 2 139 6379
-3548644 8 1 80651
-3548651 262144 2 151 331
-3548771 0 2 991 3581
-3549880 33554434 1 88747
-3550403 0 2 389 9127
-3554627 1152 1 4177
-3555572 0 2 277 3209
-3556715 16777218 1 7043
-3557944 33554448 1 34211
-3560264 67108864 1 445033
-3565955 2 1 713191
-3566387 8 1 324217
-3568235 10 1 64877
-3570136 33554464 1 26251
-3571396 0 1 892849
-3572644 0 1 893161
-3572935 130 1 31069
-3574024 67108864 1 446753
-3574667 2048 1 87187
-3576683 8 1 325153
-3593291 8208 1 5881
-3594755 2 2 563 1277
-3606083 16 2 241 1151
-3609227 0 2 149 24223
-3610459 0 2 103 35053
-3617863 0 2 311 11633
-3620051 64 1 190529
-3620104 67108864 2 149 3037
-3621272 33554464 1 26627
-3626888 67109888 1 12253
-3628808 67108864 1 453601
-3629416 67108868 1 64811
-3629828 0 1 907457
-3633880 33554434 1 90847
-3637828 0 1 909457
-3642179 0 2 191 19069
-3642232 33554440 1 41389
-3643115 6 1 104089
-3646763 65536 2 191 313
-3646952 67108864 2 151 3019
-3647267 16 2 157 1787
-3649763 16 1 280751
-3650867 8 1 331897
-3651272 67108864 1 456409
-3652955 2 1 730591
-3656312 33554440 1 41549
-3656647 8192 1 77801
-3658811 80 1 14813
-3660520 67108866 1 91513
-3670808 33554432 2 127 3613
-3674555 2 1 734911
-3677143 0 2 661 5563
-3677476 8 1 83579
-3681899 65552 1 4643
-3682567 4 2 179 2939
-3684452 0 2 163 5651
-3685720 33554434 1 92143
-3689108 128 1 40099
-3692047 0 2 199 18553
-3692228 0 2 419 2203
-3697211 36 1 31069
-3698555 6 1 105673
-3698987 0 2 251 14737
-3699487 8 1 336317
-3700787 0 2 1249 2963
-3705332 0 2 149 6217
-3708683 8 1 337153
-3711160 33554434 1 92779
-3713272 33554432 2 173 2683
-3714443 64 1 195497
-3718331 4196352 1 1019
-3718379 4 1 531197
-3721892 0 2 227 4099
-3724523 8 2 547 619
-3741635 2 2 167 4481
-3745427 4 1 535061
-3745592 33554432 1 468199
-3748120 33554434 1 93703
-3750484 0 2 499 1879
-3751576 33554560 1 20389
-3752072 67108864 1 469009
-3752440 33554434 1 93811
-3753076 524288 1 12853
-3754472 67109376 1 15139
-3756179 4100 1 12479
-3761524 16 1 72337
-3761555 6 1 107473
-3762872 33554432 1 470359
-3767047 262176 1 3121
-3768107 4 1 538301
-3769928 67108864 1 471241
-3772388 0 1 943097
-3772532 4194304 1 10597
-3775928 33554448 1 36307
-3777943 16 1 290611
-3779320 33554434 1 94483
-3780127 16777232 1 2879
-3782747 0 2 593 6379
-3784996 0 1 946249
-3792467 4 1 541781
-3792484 0 2 491 1931
-3803672 33554432 2 149 3191
-3804539 256 2 127 1033
-3807064 37748736 1 5347
-3807736 33558528 1 11069
-3808091 4 1 544013
-3809147 0 2 163 23369
-3810232 33554432 1 476279
-3812047 0 2 353 10799
-3818363 1536 1 3329
-3819055 2 1 763811
-3819755 2 2 103 7417
-3820903 32 1 224759
-3824884 4 1 136603
-3825607 0 2 787 4861
-3827527 8 1 347957
-3827972 0 1 956993
-3830315 1048578 1 9697
-3830647 1088 1 5449
-3833464 33554432 2 179 2677
-3835403 24 1 26821
-3837796 0 1 959449
-3838088 67108864 1 479761
-3840520 67108866 1 96013
-3846851 262144 1 54181
-3851555 2 1 770311
-3851768 33558528 1 11197
-3859540 2 1 192977
-3861188 0 2 443 2179
-3861688 33554432 1 482711
-3864203 4 1 552029
-3864995 2 2 563 1373
-3872356 0 1 968089
-3872435 6 1 110641
-3872771 4 1 553253
-3873035 8194 1 16481
-3874040 33554434 1 96851
-3875531 264 1 12149
-3877355 2 2 367 2113
-3877567 0 2 719 5393
-3885011 16 1 298847
-3888184 33554432 1 486023
-3888371 0 2 193 20147
-3888520 67108866 1 97213
-3895355 2 2 353 2207
-3899863 8 1 354533
-3901748 0 2 191 5107
-3902003 4 2 113 4933
-3909499 8 2 293 1213
-3913636 0 2 307 3187
-3921332 0 2 337 2909
-3925876 0 2 461 2129
-3927032 33555456 1 13267
-3928187 0 2 211 18617
-3929171 0 2 151 26021
-3931763 8 2 137 2609
-3932072 67633152 1 6733
-3934264 33554432 1 491783
-3942943 0 2 103 38281
-3944263 786432 1 761
-3951655 2 1 790331
-3952516 0 1 988129
-3953603 131072 1 59009
-3956596 4 1 141307
-3958388 4 1 141371
-3962344 67108864 2 179 2767
-3962743 65536 2 167 389
-3963155 6 1 113233
-3964036 0 1 991009
-3964355 2 1 792871
-3964756 65536 1 16249
-3967208 67108868 1 70843
-3970456 33554436 1 70901
-3971108 0 1 992777
-3971656 67108880 1 38189
-3971747 16 2 193 1583
-3975371 16384 2 107 701
-3978703 0 2 1777 2239
-3981496 33555456 1 13451
-3982072 33554432 2 139 3581
-3985396 0 2 631 1579
-3986047 1040 1 8287
-3987395 130 1 34673
-3992555 6 1 114073
-3996248 33558528 1 11617
-3997832 67108864 1 499729
-3999736 33554448 1 38459
-4002683 0 2 103 38861
-4002692 64 1 52667
-4002724 8 1 90971
-4004836 8 1 91019
-4009063 0 2 179 22397
-4010884 0 1 1002721
-4020755 34 1 47303
-4024451 512 2 131 991
-4029908 16384 1 19009
-4032155 524290 1 11047
-4034131 4224 1 4079
-4036084 16 1 77617
-4038083 4 2 523 1103
-4039499 0 2 617 6547
-4044227 8 2 109 3373
-4051720 67108866 1 101293
-4054355 2 1 810871
-4055527 4 2 593 977
-4061032 67108864 2 467 1087
-4061140 2 1 203057
-4062008 33555456 1 13723
-4062011 0 3 103 113 349
-4064596 512 1 32779
-4064743 0 2 503 8081
-4066615 6 1 116189
-4075096 33554432 2 593 859
-4076104 67108864 1 509513
-4088407 131072 2 139 439
-4092488 67108864 2 173 2957
-4093864 67108864 2 397 1289
-4094792 67108880 1 39373
-4097243 128 1 178141
-4097387 4 1 585341
-4098244 4096 1 23827
-4100723 40 1 21929
-4105643 0 2 139 29537
-4110136 33554432 1 513767
-4110583 160 1 10513
-4110607 1114112 1 853
-4112536 33587200 1 8713
-4114171 128 1 178877
-4114235 16777218 1 8147
-4114744 33554432 1 514343
-4116472 33555456 1 13907
-4118659 65536 2 251 269
-4120571 20 1 45281
-4122995 2 2 383 2153
-4124660 2 1 206233
-4125460 2 1 206273
-4128683 16 1 317591
-4134436 131072 1 15427
-4134692 0 2 419 2467
-4135667 0 2 139 29753
-4137803 0 2 859 4817
-4142843 0 2 439 9437
-4144303 256 1 142907
-4144456 67108864 1 518057
-4146376 67108880 1 39869
-4146827 32 1 243931
-4147619 4 1 592517
-4148315 2 2 571 1453
-4150955 2 1 830191
-4152731 8 1 377521
-4153763 32 1 244339
-4155556 0 2 251 4139
-4157524 4 1 148483
-4160555 6 1 118873
-4162072 33554432 2 223 2333
-4163332 0 1 1040833
-4169224 67108864 1 521153
-4169476 0 1 1042369
-4169531 576 1 7079
-4170632 67108864 1 521329
-4173395 2 2 227 3677
-4173556 524288 1 14293
-4177268 0 2 103 10139
-4178948 0 1 1044737
-4182515 2 2 167 5009
-4189547 1024 2 199 569
-4193863 0 2 2027 2069
-4196819 8 1 381529
-4197563 0 2 1439 2917
-4198744 33554440 1 47713
-4200136 67108864 1 525017
-4200856 33554440 1 47737
-4206343 0 2 997 4219
-4210355 2 1 842071
-4217944 33554432 2 467 1129
-4219832 33554432 2 557 947
-4222643 4096 2 283 347
-4223224 33554432 2 643 821
-4225108 32768 1 17903
-4226552 33554440 1 48029
-4229743 4 1 604249
-4235987 4 2 463 1307
-4239091 32768 1 71849
-4242244 64 1 55819
-4246232 33554432 2 373 1423
-4246427 0 2 113 37579
-4254808 41943040 1 5483
-4258715 65538 1 13963
-4262788 0 1 1065697
-4264472 33555456 1 14407
-4266872 33554432 2 173 3083
-4267907 4 1 609701
-4268644 0 2 163 6547
-4269059 0 2 1151 3709
-4271416 33554432 1 533927
-4273636 0 1 1068409
-4274411 64 1 224969
-4279715 10 1 77813
-4282307 0 2 233 18379
-4284004 4096 1 24907
-4287155 2 1 857431
-4287496 67108864 1 535937
-4290803 520 1 12583
-4295524 0 1 1073881
-4299155 6 1 122833
-4302964 16384 1 20297
-4303063 1088 1 6121
-4304243 128 1 187141
-4306324 8 1 97871
-4306667 0 2 157 27431
-4309235 6 1 123121
-4309355 2 1 861871
-4310195 8388610 1 8887
-4318531 4 1 616933
-4321396 32768 1 18311
-4328647 1048576 2 157 349
-4332916 4 1 154747
-4344659 8 1 394969
-4345067 0 2 109 39863
-4346723 1280 1 4051
-4363579 8 2 173 2293
-4363828 4 1 155851
-4366084 0 1 1091521
-4367983 4096 1 101581
-4369352 67108880 1 42013
-4370104 33554432 1 546263
-4373891 0 2 113 38707
-4383611 262400 1 2129
-4384771 8448 1 3217
-4386587 64 1 230873
-4386931 0 2 577 7603
-4388027 4 1 626861
-4389347 8389632 1 1223
-4391224 33554432 1 548903
-4395124 256 1 37889
-4397188 0 2 499 2203
-4398136 33554432 1 549767
-4400047 512 1 141937
-4403743 0 2 691 6373
-4404395 2097154 1 10613
-4407016 67108864 2 137 4021
-4412308 1048576 1 13963
-4415167 2048 1 107687
-4416923 36 1 37117
-4417352 67108864 2 157 3517
-4422371 8320 1 4091
-4423864 33554432 1 552983
-4427059 20 1 48649
-4436404 4 1 158443
-4436899 64 2 293 797
-4437844 2097152 1 13367
-4440635 32770 1 15053
-4444984 33554432 2 157 3539
-4445080 33554434 1 111127
-4447139 0 2 1303 3413
-4447619 4104 1 9403
-4452227 16 2 199 1721
-4454776 35651584 1 6709
-4456235 6 1 127321
-4460867 16777472 1 1523
-4461368 33554432 1 557671
-4462756 0 2 107 10427
-4463284 4 1 159403
-4464035 2 2 251 3557
-4466312 67108864 1 558289
-4470823 4 1 638689
-4471352 33554432 2 139 4021
-4471540 2 1 223577
-4486804 4 1 160243
-4494904 50331648 1 5563
-4496056 33554432 1 562007
-4497556 4 1 160627
-4504024 33554436 1 80429
-4509256 67108864 1 563657
-4512280 33554434 1 112807
-4515556 0 1 1128889
-4516024 33570816 1 10651
-4518395 6 1 129097
-4519883 1024 2 151 809
-4524964 64 1 59539
-4530952 67108864 2 293 1933
-4531060 2 1 226553
-4532315 1026 1 24499
-4536340 2 1 226817
-4536343 4 2 241 2689
-4538648 33554944 1 18301
-4538891 68 1 34127
-4540715 66 1 47797
-4541656 33554436 1 81101
-4546232 33554432 1 568279
-4547099 4194368 1 2689
-4547611 65536 1 74551
-4547795 6 1 129937
-4549432 33554432 1 568679
-4550248 67371008 1 8011
-4551304 67108864 1 568913
-4551611 0 2 1049 4339
-4552115 66 1 47917
-4554244 0 2 683 1667
-4554724 0 1 1138681
-4555259 0 2 167 27277
-4558648 33554432 1 569831
-4561019 0 3 113 181 223
-4562552 33554432 2 563 1013
-4564643 131072 2 193 353
-4565140 2 1 228257
-4565476 0 2 107 10667
-4565483 16 2 331 1061
-4566916 64 1 60091
-4568003 8 1 415273
-4575976 67174400 1 9377
-4576456 67109888 1 15461
-4577464 33554432 1 572183
-4583051 8 2 373 1117
-4583752 67108864 1 572969
-4585396 512 1 36979
-4585699 32 2 107 2521
-4593428 4 1 164051
-4594328 34078720 1 7867
-4595704 33554432 2 157 3659
-4596727 64 2 113 2141
-4598387 0 2 409 11243
-4600355 4098 1 21397
-4602728 67108880 1 44257
-4608376 33554432 2 397 1451
-4608872 67108864 2 389 1481
-4609355 2 1 921871
-4609955 6 1 131713
-4610776 33554432 2 157 3671
-4614943 1048576 1 58417
-4622123 8 1 420193
-4623976 67108868 1 82571
-4630699 64 2 251 971
-4631048 67108864 1 578881
-4633595 2 2 127 7297
-4633619 0 2 1567 2957
-4641892 0 1 1160473
-4646243 2052 1 16189
-4646603 16 1 357431
-4650904 33554688 1 20047
-4652059 0 2 541 8599
-4655059 32 1 273827
-4657307 0 2 359 12973
-4661896 67108864 1 582737
-4662035 6 1 133201
-4665556 4 1 166627
-4665803 160 1 11933
-4668347 1048576 1 59093
-4671880 67108866 1 116797
-4680395 524290 1 12823
-4681352 67108880 1 45013
-4681643 0 2 743 6301
-4682776 33554436 1 83621
-4687204 0 1 1171801
-4690739 64 2 271 911
-4693624 33554448 1 45131
-4694387 64 1 247073
-4694792 67108864 1 586849
-4705523 0 2 223 21101
-4707544 33554432 2 199 2957
-4707832 33554432 2 211 2789
-4708219 64 2 383 647
-4710676 128 1 51203
-4710827 8 2 241 1777
-4711172 131072 1 17579
-4712267 8196 1 14323
-4714543 0 2 409 11527
-4715195 2 2 197 4787
-4718435 34 1 55511
-4721464 33554440 1 53653
-4722259 0 2 167 28277
-4722488 33554496 1 31069
-4723924 128 1 51347
-4726715 6 1 135049
-4728520 67108866 1 118213
-4729019 1049088 1 1931
-4735235 2 2 373 2539
-4736632 33685504 1 8837
-4737227 8 2 127 3391
-4737316 0 1 1184329
-4744403 0 2 929 5107
-4747636 2048 1 28949
-4752035 2 2 233 4079
-4753576 69206016 1 7159
-4755823 0 2 349 13627
-4755988 32 1 69941
-4756132 0 1 1189033
-4759636 4 1 169987
-4759763 0 2 163 29201
-4760555 2 1 952111
-4760795 18 1 73243
-4763588 0 1 1190897
-4765876 128 1 51803
-4766708 0 2 571 2087
-4773688 33558528 1 13877
-4775867 0 2 131 36457
-4776760 33554434 1 119419
-4777096 67108864 1 597137
-4778776 33554432 2 643 929
-4780259 524296 1 5953
-4780264 67108896 1 35149
-4780547 16384 1 90199
-4785635 16386 1 18059
-4786084 0 1 1196521
-4789403 0 2 1597 2999
-4789636 0 1 1197409
-4790488 33554432 2 281 2131
-4793032 67108864 2 149 4021
-4793428 0 2 229 5233
-4796507 0 3 137 157 223
-4802116 8 1 109139
-4809880 33554434 1 120247
-4811243 0 2 397 12119
-4811603 512 2 269 577
-4815268 0 1 1203817
-4816207 8 1 437837
-4831643 64 2 109 2333
-4833035 2 2 293 3299
-4833331 0 2 599 8069
-4836587 16777220 1 6841
-4840063 0 2 823 5881
-4841747 0 2 229 21143
-4842563 8 2 193 2281
-4842571 0 2 1373 3527
-4843291 4194304 1 54419
-4845016 33554440 1 55057
-4848424 67108868 1 86579
-4854808 33554436 1 86693
-4860616 67109888 1 16421
-4864291 0 2 1789 2719
-4868267 32768 2 109 757
-4868312 33555456 1 16447
-4869364 0 2 617 1973
-4895123 0 2 383 12781
-4895483 64 1 257657
-4897396 4 1 174907
-4917784 37748736 1 6907
-4919224 33555456 1 16619
-4920148 8192 1 26171
-4921207 0 2 1459 3373
-4930187 32 1 290011
-4934116 8 1 112139
-4934339 0 2 701 7039
-4937752 33554464 1 36307
-4939315 1026 1 26699
-4949555 18 1 76147
-4955003 1024 1 133919
-4955867 4 1 707981
-4961747 4 2 433 1637
-4962712 33554688 1 21391
-4965683 4128 1 6793
-4968436 8 1 112919
-4968676 0 1 1242169
-4975235 2 2 197 5051
-4975499 1048576 1 62981
-4980004 0 1 1245001
-4980107 8 2 167 2711
-4981252 32768 1 21107
-4981355 2 1 996271
-4981876 64 1 65551
-4985656 33554448 1 47939
-4986248 67108864 1 623281
-4989251 4259840 1 919
-4991044 0 1 1247761
-4991320 33554434 1 124783
-4992184 33554432 2 227 2749
-4997723 0 2 1409 3547
-5001688 33554688 1 21559
-5002595 18 1 76963
-5006788 0 1 1251697
-5008216 33554432 2 421 1487
-5014283 0 2 983 5101
-5019064 33554432 1 627383
-5030884 0 1 1257721
-5039983 16 2 317 1223
-5047043 131072 1 75329
-5048728 33554464 1 37123
-5055544 33554448 1 48611
-5061851 0 2 109 46439
-5063299 4194304 1 56891
-5065403 4 2 769 941
-5070952 67108864 2 271 2339
-5072056 33554440 1 57637
-5078315 10 1 92333
-5080171 128 1 220877
-5081320 67108866 1 127033
-5082823 64 1 267517
-5083499 32768 1 86161
-5084644 0 1 1271161
-5096116 8192 1 27107
-5097827 4 1 728261
-5104024 33554432 2 223 2861
-5107636 0 2 709 1801
-5109460 2 1 255473
-5117524 0 2 991 1291
-5124856 33554440 1 58237
-5125771 8388612 1 7549
-5128456 67108864 1 641057
-5129267 24 1 35869
-5129476 8 1 116579
-5132555 34 1 60383
-5133347 128 2 307 727
-5136232 67108928 1 33791
-5138680 33554434 1 128467
-5139080 67108866 1 128477
-5139128 33619968 1 10531
-5139707 1536 1 4481
-5148979 264 1 16141
-5152036 0 1 1288009
-5154788 0 1 1288697
-5158024 67108864 1 644753
-5159315 6 1 147409
-5166472 67108864 2 173 3733
-5170324 0 2 157 8233
-5172520 67108866 1 129313
-5176984 33554432 2 653 991
-5178755 2 2 173 5987
-5179732 0 2 487 2659
-5180491 0 2 1289 4019
-5183899 4 2 269 2753
-5185063 131088 1 5953
-5193752 33554432 2 401 1619
-5196323 8 1 472393
-5200840 67108866 1 130021
-5204243 524296 1 6481
-5209384 67239936 1 9719
-5209459 0 2 281 18539
-5210888 67108864 1 651361
-5218771 16777216 2 163 317
-5218955 6 1 149113
-5225579 32 2 149 2063
-5225795 2 2 457 2287
-5226964 8192 1 27803
-5227480 33554434 1 130687
-5229976 33554688 1 22543
-5231795 2 2 313 3343
-5233384 67108880 1 50321
-5234920 67108866 1 130873
-5234932 0 2 193 6781
-5235752 67174400 1 10729
-5237464 33554496 1 34457
-5239327 0 2 139 37693
-5240195 4098 1 24373
-5240267 32 2 199 1549
-5246356 64 1 69031
-5251816 67108864 2 167 3931
-5257307 2056 1 11657
-5260283 68 1 39551
-5260516 0 2 859 1531
-5261603 8192 1 111949
-5262376 67108868 1 93971
-5263091 0 2 271 19421
-5264363 16 1 404951
-5273659 16448 1 5237
-5277203 0 2 1459 3617
-5283352 33685504 1 9857
-5285416 68157440 1 8363
-5285828 0 1 1321457
-5286979 4096 1 122953
-5290372 0 1 1322593
-5298083 4 1 756869
-5300836 0 2 491 2699
-5303560 67108866 1 132589
-5304856 33554432 2 457 1451
-5312251 4 1 758893
-5313583 264 1 16657
-5322916 0 2 587 2267
-5324627 12 1 69151
-5325619 16 2 151 2713
-5327603 0 2 379 14057
-5333915 2 2 109 9787
-5334968 33554432 1 666871
-5336491 32768 2 151 599
-5336983 2097152 1 64301
-5337755 2 1 1067551
-5338936 33554432 1 667367
-5342728 67109120 1 23029
-5344195 2 2 223 4793
-5345503 0 2 167 32009
-5348680 67108866 1 133717
-5352331 32 2 359 877
-5352964 0 1 1338241
-5354392 33554432 2 113 5923
-5356291 0 2 577 9283
-5357723 4 1 765389
-5359459 4 2 613 1249
-5362307 0 2 263 20389
-5365099 0 2 1213 4423
-5369704 67108928 1 35327
-5370424 33554432 1 671303
-5374804 0 2 659 2039
-5375723 32 1 316219
-5385367 16 1 414259
-5389955 524290 1 14767
-5395288 33554432 2 199 3389
-5406259 0 2 113 47843
-5410516 64 1 71191
-5411731 1040 1 11251
-5413444 0 2 131 10331
-5414491 512 2 389 449
-5415352 33554432 1 676919
-5420131 0 2 137 39563
-5421796 0 1 1355449
-5423588 64 1 71363
-5428372 32 1 79829
-5431667 0 2 1237 4391
-5433571 24 1 37997
-5438068 0 2 659 2063
-5438344 67108864 1 679793
-5442827 16 2 613 683
-5445364 1024 1 36793
-5453752 33554432 1 681719
-5454155 6 1 155833
-5455051 4 2 269 2897
-5455156 4 1 194827
-5461043 4100 1 18143
-5461156 0 1 1365289
-5461163 1024 2 103 1433
-5462468 8 1 124147
-5463124 1024 1 36913
-5471027 0 2 277 19751
-5474488 33554432 1 684311
-5477368 33554448 1 52667
-5478520 33554434 1 136963
-5479331 24 1 38317
-5481160 67108866 1 137029
-5481796 0 1 1370449
-5483843 32 2 199 1621
-5485523 1048704 1 3019
-5488051 1048576 2 127 547
-5490035 2097154 1 13229
-5492267 8 2 223 2239
-5495611 8 1 499601
-5501128 67108864 1 687641
-5512132 0 1 1378033
-5514227 128 2 197 1217
-5515336 67109120 1 23773
-5516387 0 2 613 8999
-5518787 8448 1 4049
-5520227 0 2 1429 3863
-5529691 8448 1 4057
-5529947 32 2 227 1433
-5531555 2 1 1106311
-5535892 0 2 109 12697
-5537320 67108866 1 138433
-5539540 2 1 276977
-5546171 0 2 137 40483
-5549851 0 2 937 5923
-5550539 2048 2 331 409
-5551403 24 1 38821
-5560915 1026 1 30059
-5561656 33554432 1 695207
-5564635 2 2 1009 1103
-5564971 2048 1 135731
-5567555 6 1 159073
-5571499 0 2 827 6737
-5576603 1152 1 6553
-5577604 0 1 1394401
-5587048 67125248 1 13177
-5588788 0 2 863 1619
-5591731 8192 1 118973
-5596891 0 2 283 19777
-5597059 16 1 430543
-5597795 6 1 159937
-5598148 0 1 1399537
-5610323 32 1 330019
-5610520 33554434 1 140263
-5612515 258 1 38707
-5612680 67108866 1 140317
-5615843 69632 1 2141
-5617396 0 2 293 4793
-5617523 2113536 1 1277
-5619736 33554688 1 24223
-5620043 24 1 39301
-5621555 2 2 563 1997
-5625076 2097152 1 16943
-5628083 0 2 547 10289
-5636612 4096 1 32771
-5637379 8 2 677 757
-5642299 262160 1 6113
-5648056 33554432 2 229 3083
-5656888 33554432 1 707111
-5657411 1024 2 107 1429
-5659816 67109888 1 19121
-5661928 69206016 1 8527
-5666011 16 1 435847
-5669483 32 2 167 1997
-5671444 0 2 757 1873
-5674072 33556480 1 17299
-5674427 8 1 515857
-5674939 64 1 298681
-5678387 24 1 39709
-5678723 1152 1 6673
-5679028 16777216 1 14057
-5681723 65568 1 5479
-5684920 33554434 1 142123
-5685803 544 1 10789
-5691736 33554464 1 41851
-5692696 33554432 2 167 4261
-5694392 33554440 1 64709
-5697592 33554432 1 712199
-5700040 67108866 1 142501
-5703035 18 1 87739
-5705332 0 2 983 1451
-5705483 4 2 113 7213
-5713183 4 1 816169
-5714008 33554432 2 229 3119
-5715812 0 1 1428953
-5719240 67108866 1 142981
-5719531 544 1 10853
-5729059 65540 1 13417
-5729432 33554432 2 179 4001
-5737720 33554434 1 143443
-5741267 4 2 269 3049
-5743672 33554440 1 65269
-5743720 67108866 1 143593
-5745755 2 1 1149151
-5746696 67108864 1 718337
-5747080 67108866 1 143677
-5747483 4 1 821069
-5751587 128 2 113 2213
-5753003 0 2 233 24691
-5753128 67108992 1 31267
-5756068 0 1 1439017
-5756836 0 1 1439209
-5762440 67108866 1 144061
-5763563 8208 1 9433
-5767883 8 1 524353
-5774888 67108868 1 103123
-5778676 0 2 163 8863
-5780644 0 1 1445161
-5781208 33554688 1 24919
-5781304 33554432 1 722663
-5782523 512 2 103 1811
-5784703 0 2 439 13177
-5790244 0 1 1447561
-5792123 0 2 193 30011
-5793016 33555456 1 19571
-5799539 4096 1 134873
-5803771 32768 1 98369
-5806403 0 2 151 38453
-5816164 0 1 1454041
-5818324 1024 1 39313
-5818355 2 1 1163671
-5823352 33554432 2 461 1579
-5823364 0 1 1455841
-5823691 512 1 187861
-5824852 8 1 132383
-5825387 0 2 409 14243
-5831027 0 2 229 25463
-5835736 33554496 1 38393
-5837896 67108864 1 729737
-5838436 0 1 1459609
-5841035 258 1 40283
-5846647 0 2 163 35869
-5846920 67108866 1 146173
-5857480 67108866 1 146437
-5857939 8320 1 5419
-5862811 64 1 308569
-5864452 8 1 133283
-5866403 2176 1 6221
-5866763 68 1 44111
-5867243 0 2 509 11527
-5868532 0 2 137 10709
-5871203 262160 1 6361
-5871508 4194304 1 16493
-5872411 0 2 193 30427
-5881828 32768 1 24923
-5882731 32 1 346043
-5886724 0 1 1471681
-5890019 2112 1 7561
-5892035 32770 1 19973
-5893624 33554440 1 66973
-5893924 4096 1 34267
-5895803 0 2 1543 3821
-5898155 2 2 163 7237
-5901256 67108864 1 737657
-5905171 1048608 1 4397
-5905636 8 1 134219
-5909560 33554434 1 147739
-5915627 0 2 751 7877
-5923355 2 1 1184671
-5927464 67112960 1 17231
-5928628 0 2 139 10663
-5931076 4096 1 34483
-5933195 130 1 51593
-5933752 33554440 1 67429
-5934148 8 1 134867
-5937796 0 1 1484449
-5939656 67108864 1 742457
-5940388 64 1 78163
-5941067 262152 1 7607
-5942836 0 2 421 3529
-5947672 33587200 1 12601
-5951755 2 2 577 2063
-5953643 512 1 192053
-5953876 32 1 87557
-5959396 0 2 379 3931
-5960963 24576 1 2393
-5968819 32 2 479 733
-5972843 0 2 197 30319
-5975843 0 2 107 55849
-5979107 4096 2 211 659
-5982155 2 1 1196431
-5984435 2 2 431 2777
-5988664 33554440 1 68053
-5994244 0 1 1498561
-5996195 2 2 523 2293
-5997988 0 1 1499497
-5998276 0 1 1499569
-5999027 768 1 6673
-6003563 64 1 315977
