-186119
-195311
-254519
-255071
-293399
-336503
-351503
-366383
-390671
-517711
-636919
-648079
-675751
-728191
-729511
-823399
-836071
-848087
-857839
-897751
-913103
-1008871
-1023991
-1044727
-1071871
-1080199
-1127303
-1169191
-1208239
-1222063
-1262311
-1268167
-1278439
-1315231
-1317319
-1322579
-1329439
-1371343
-1396103
-1406051
-1434623
-1476179
-1488371
-1491103
-1501807
-1507019
-1543207
-1577431
-1588663
-1600451
-1650659
-1661623
-1722319
-1731199
-1762903
-1781287
-1795687
-1820339
-1832459
-1884607
-1894931
-1907863
-1930447
-1937651
-1979171
-2005831
-2013127
-2038451
-2042603
-2081383
-2085299
-2116691
-2146687
-2147051
-2161571
-2163703
-2168407
-2190131
-2196703
-2252623
-2285167
-2366459
-2398183
-2414911
-2447527
-2464307
-2464571
-2464811
-2485211
-2493727
-2508827
-2518619
-2580707
-2615983
-2617091
-2621263
-2628127
-2637919
-2646011
-2659663
-2705939
-2707087
-2728471
-2732407
-2784059
-2805251
-2821543
-2841803
-2854571
-2872139
-2938931
-2974927
-3003779
-3038843
-3062723
-3078367
-3093703
-3100087
-3108487
-3120463
-3123779
-3126223
-3140843
-3143051
-3260167
-3298619
-3325187
-3332167
-3332743
-3359243
-3393223
-3393583
-3394907
-3407147
-3430663
-3445019
-3475403
-3486491
-3511283
-3514207
-3524459
-3550691
-3589903
-3613331
-3631339
-3636943
-3678131
-3748663
-3755651
-3832207
-3865691
-3883283
-3884747
-3892183
-3917167
-3936463
-3994787
-4004867
-4027883
-4051063
-4056851
-4069543
-4083691
-4105931
-4112027
-4147019
-4177907
-4183327
-4227659
-4249807
-4276763
-4279043
-4310819
-4321883
-4339091
-4344443
-4362811
-4405067
-4409287
-4428491
-4431487
-4435663
-4446731
-4458127
-4459379
-4470931
-4499623
-4559491
-4571407
-4679287
-4747427
-4785227
-4817179
-4881203
-4903051
-4930811
-4966099
-4992259
-5030027
-5069011
-5104523
-5289083
-5327251
-5366539
-5366771
-5433683
-5437339
-5437771
-5444059
-5526607
-5593403
-5598539
-5601083
-5745347
-5815331
-5926891
-5965819
-5969863
-6003323
