-156911 0 2 173 907
-159071 8 1 14461
-169511 0 2 337 503
-214751 128 1 9337
-228119 0 2 149 1531
-229511 1024 1 6203
-308159 32 1 18127
-324623 16 1 24971
-327935 2 1 65587
-332231 32 1 19543
-333215 2 1 66643
-373967 8 1 33997
-391415 2 1 78283
-416135 2 1 83227
-418367 0 2 439 953
-444023 32 1 26119
-462647 0 2 293 1579
-469343 4 1 67049
-483935 2 1 96787
-507391 131072 1 7573
-513815 2 1 102763
-514484 0 1 128621
-514583 0 2 181 2843
-515927 0 2 103 5009
-527359 4 1 75337
-538879 8 1 48989
-546935 2 1 109387
-551615 2 1 110323
-562487 0 2 347 1621
-571639 0 2 523 1093
-598823 64 1 31517
-605087 4 1 86441
-610111 512 1 19681
-612215 2 1 122443
-620504 33554432 1 77563
-627287 0 2 311 2017
-629423 0 2 167 3769
-630623 4 1 90089
-639476 0 1 159869
-646007 0 2 547 1181
-667124 0 1 166781
-669623 0 2 281 2383
-671807 128 1 29209
-674456 33554432 1 84307
-676184 33554432 1 84523
-680564 0 1 170141
-689735 2 1 137947
-693559 0 2 397 1747
-697607 16777216 1 6907
-703343 0 2 281 2503
-716084 0 1 179021
-719924 0 1 179981
-751159 0 2 389 1931
-770479 0 2 149 5171
-773183 4096 1 17981
-787471 1024 1 21283
-787607 64 1 41453
-793735 2 1 158747
-803156 0 1 200789
-810287 0 2 389 2083
-812071 16 1 62467
-850639 0 2 251 3389
-850856 67108864 1 106357
-884939 8 1 80449
-892244 0 1 223061
-894863 32 1 52639
-899839 0 2 131 6869
-920959 16 1 70843
-927464 67108864 1 115933
-935959 64 1 49261
-937951 4 1 133993
-943015 2 1 188603
-957679 0 2 673 1423
-987416 33554432 1 123427
-987944 67108864 1 123493
-1002047 65536 1 16427
-1012136 67108864 1 126517
-1016935 2 1 203387
-1020871 0 2 167 6113
-1025191 4194304 1 11519
-1029511 4 1 147073
-1031311 16777216 1 10211
-1038679 0 2 149 6971
-1098583 262144 1 15473
-1110104 33554432 1 138763
-1124527 0 2 977 1151
-1125464 33554432 1 140683
-1163816 67108864 1 145477
-1164767 0 2 233 4999
-1178543 128 1 51241
-1201127 0 2 971 1237
-1209512 67108864 1 151189
-1230511 32 1 72383
-1231759 0 2 191 6449
-1232311 0 2 151 8161
-1234484 0 1 308621
-1236899 8192 1 26317
-1252712 67108864 1 156589
-1262579 0 2 421 2999
-1277335 2 1 255467
-1284319 262144 1 18089
-1319828 0 1 329957
-1322411 0 2 157 8423
-1325672 67108864 1 165709
-1330415 2 1 266083
-1336879 0 2 337 3967
-1391459 1024 1 37607
-1400852 0 1 350213
-1410059 4 1 201437
-1419559 4096 1 33013
-1421599 64 1 74821
-1430215 2 1 286043
-1432276 0 1 358069
-1453135 2 1 290627
-1459736 33554432 1 182467
-1468184 33554432 1 183523
-1473991 2048 1 35951
-1474868 0 1 368717
-1475156 0 1 368789
-1479607 8192 1 31481
-1489423 16 1 114571
-1506871 64 1 79309
-1508647 4 1 215521
-1512419 64 1 79601
-1514743 1024 1 40939
-1520927 0 2 379 4013
-1553204 0 1 388301
-1570039 0 2 977 1607
-1570327 8 1 142757
-1579112 67108864 1 197389
-1608535 2 1 321707
-1611608 33554432 1 201451
-1617799 0 2 353 4583
-1627231 0 2 223 7297
-1642087 0 2 991 1657
-1646215 2 1 329243
-1654232 33554432 1 206779
-1671487 64 1 87973
-1681268 0 1 420317
-1690135 2 1 338027
-1713944 33554432 1 214243
-1717159 0 2 467 3677
-1728223 4 1 246889
-1730935 2 1 346187
-1732568 33554432 1 216571
-1735571 2048 1 42331
-1737044 0 1 434261
-1749416 67108864 1 218677
-1755271 4 1 250753
-1758751 0 2 823 2137
-1782131 16 1 137087
-1821011 0 2 887 2053
-1832167 2048 1 44687
-1867543 0 2 1069 1747
-1898819 16 1 146063
-1899967 65536 1 31147
-1901239 0 2 1123 1693
-1907816 67108864 1 238477
-1911151 8 1 173741
-1934407 0 2 307 6301
-1936139 0 2 239 8101
-1940819 0 2 439 4421
-1940891 4096 1 45137
-1945807 4194304 1 21863
-1950823 4 1 278689
-1967647 8 1 178877
-1968847 0 2 617 3191
-1980248 33554432 1 247531
-1982867 1024 1 53591
-1994407 2097152 1 24029
-1999451 32768 1 33889
-2005691 0 2 191 10501
-2008499 32 1 118147
-2060887 0 2 1213 1699
-2062619 16 1 158663
-2068619 4 1 295517
-2071187 16384 1 39079
-2089876 0 1 522469
-2096884 0 1 524221
-2122804 0 1 530701
-2128472 33554432 1 266059
-2162503 4 1 308929
-2185783 0 2 227 9629
-2199751 4096 1 51157
-2200756 0 1 550189
-2209807 0 2 317 6971
-2211943 512 1 71353
-2213012 0 1 553253
-2225492 0 1 556373
-2233903 4 1 319129
-2242183 0 2 251 8933
-2250415 2 1 450083
-2266135 2 1 453227
-2277272 33554432 1 284659
-2285819 0 2 131 17449
-2292971 0 2 701 3271
-2294935 2 1 458987
-2298728 67108864 1 287341
-2315767 0 2 1097 2111
-2316788 0 1 579197
-2329639 16 1 179203
-2336047 4 1 333721
-2339819 0 2 277 8447
-2359523 0 2 109 21647
-2366552 33554432 1 295819
-2370611 64 1 124769
-2375647 128 1 103289
-2379368 67108864 1 297421
-2383543 0 2 347 6869
-2388727 8 1 217157
-2401832 67108864 1 300229
-2408191 0 2 1283 1877
-2409943 0 2 1051 2293
-2415059 524288 1 33083
-2420623 0 2 887 2729
-2431807 4 1 347401
-2432051 0 2 619 3929
-2432792 33554432 1 304099
-2449379 0 2 1021 2399
-2458216 67108864 1 307277
-2470808 33554432 1 308851
-2479735 2 1 495947
-2499563 8 1 227233
-2500307 128 1 108709
-2503087 1024 1 67651
-2503807 0 2 139 18013
-2505199 32768 1 42461
-2506516 0 1 626629
-2509592 33554432 1 313699
-2511188 0 1 627797
-2512567 131072 1 37501
-2520515 2 1 504103
-2538152 67108864 1 317269
-2548619 1048576 1 32261
-2565107 0 2 1187 2161
-2565583 0 2 727 3529
-2569283 0 2 307 8369
-2570648 33554432 1 321331
-2574515 2 1 514903
-2577044 0 1 644261
-2582023 0 2 1129 2287
-2588023 2097152 1 31181
-2600263 0 2 967 2689
-2612147 0 2 179 14593
-2612888 33554432 1 326611
-2616079 32 1 153887
-2647543 0 2 311 8513
-2649251 8 1 240841
-2659816 67108864 1 332477
-2685223 0 2 547 4909
-2694424 33554432 1 336803
-2695903 4 1 385129
-2699483 1024 1 72959
-2709367 0 2 947 2861
-2709428 0 1 677357
-2710019 16 1 208463
-2716712 67108864 1 339589
-2718616 33554432 1 339827
-2742059 0 2 1051 2609
-2752927 0 2 331 8317
-2777863 8 1 252533
-2779979 0 2 181 15359
-2782451 4 1 397493
-2793611 1024 1 75503
-2794328 33554432 1 349291
-2795288 33554432 1 349411
-2831771 0 2 277 10223
-2843891 4096 1 66137
-2849579 0 2 331 8609
-2860283 2048 1 69763
-2860547 0 2 431 6637
-2861843 0 2 149 19207
-2864767 0 2 241 11887
-2869687 128 1 124769
-2883731 256 1 99439
-2885143 128 1 125441
-2890235 2 1 578047
-2913967 4 1 416281
-2915267 1024 1 78791
-2917739 8 1 265249
-2924531 0 2 1013 2887
-2937607 0 2 227 12941
-2945699 0 2 433 6803
-2948815 2 1 589763
-2954027 256 1 101863
-2958616 33554432 1 369827
-2965327 32 1 174431
-2967007 0 2 1471 2017
-2980859 4 1 425837
-2982367 0 2 1559 1913
-3008051 0 2 433 6947
-3032891 0 2 1621 1871
-3038867 16 1 233759
-3045032 67108864 1 380629
-3053524 0 1 763381
-3055999 524288 1 41863
-3069371 8388608 1 31643
-3079067 524288 1 42179
-3095476 0 1 773869
-3097879 131072 1 46237
-3109763 0 2 137 22699
-3110171 0 2 199 15629
-3138703 0 2 191 16433
-3149651 1048576 1 39869
-3150539 4 1 450077
-3152483 512 1 101693
-3158983 131072 1 47149
-3163988 0 1 790997
-3165247 32 1 186191
-3169787 256 1 109303
-3189947 0 2 173 18439
-3200407 4 1 457201
-3204299 4 1 457757
-3223091 0 2 251 12841
-3231223 512 1 104233
-3238783 0 2 107 30269
-3247927 1048576 1 41113
-3256235 2 1 651247
-3262568 67108864 1 407821
-3267751 0 2 139 23509
-3273947 64 1 172313
-3275284 0 1 818821
-3276851 0 2 151 21701
-3285059 0 2 211 15569
-3285727 64 1 172933
-3296296 67108864 1 412037
-3305383 0 2 1439 2297
-3314708 0 1 828677
-3320948 0 1 830237
-3327668 0 1 831917
-3342607 2048 1 81527
-3349172 0 1 837293
-3351848 67108864 1 418981
-3359167 4 1 479881
-3362228 0 1 840557
-3368743 4 1 481249
-3377819 0 2 127 26597
-3380648 67108864 1 422581
-3383123 512 1 109133
-3383651 8388608 1 34883
-3386216 67108864 1 423277
-3392167 262144 1 47777
-3392852 0 1 848213
-3398167 0 2 823 4129
-3400903 8 1 309173
-3441107 0 2 337 10211
-3442283 16 1 264791
-3449044 0 1 862261
-3464116 0 1 866029
-3468823 0 2 173 20051
-3470459 256 1 119671
-3477131 4 1 496733
-3490447 0 2 107 32621
-3495779 4 1 499397
-3503387 16777216 1 34687
-3525107 0 2 241 14627
-3544936 67108864 1 443117
-3545768 67108864 1 443221
-3559567 8 1 323597
-3565139 0 2 103 34613
-3569123 512 1 115133
-3571688 67108864 1 446461
-3578219 0 2 199 17981
-3597515 2 1 719503
-3602356 0 1 900589
-3606035 2 1 721207
-3620939 4 1 517277
-3629891 32 1 213523
-3647219 0 2 443 8233
-3652811 256 1 125959
-3657515 2 1 731503
-3664543 8192 1 77969
-3671887 0 2 1103 3329
-3690967 4 1 527281
-3700712 67108864 1 462589
-3725023 32 1 219119
-3739327 0 2 1307 2861
-3761435 2 1 752287
-3765812 0 1 941453
-3766379 0 2 1523 2473
-3778903 256 1 130307
-3779407 0 2 293 12899
-3784936 67108864 1 473117
-3789467 8 1 344497
-3804392 67108864 1 475549
-3806104 33554432 1 475763
-3814952 67108864 1 476869
-3815623 4 1 545089
-3821611 128 1 166157
-3825583 8388608 1 39439
-3832327 32 1 225431
-3884788 0 1 971197
-3893108 0 1 973277
-3894971 0 2 367 10613
-3898523 128 1 169501
-3912739 262144 1 55109
-3934331 0 2 163 24137
-3937543 0 2 367 10729
-3951016 67108864 1 493877
-3957011 0 2 431 9181
-3980335 2 1 796067
-3980468 0 1 995117
-3992647 0 2 241 16567
-4004131 0 2 421 9511
-4009099 0 2 317 12647
-4010612 0 1 1002653
-4016011 64 1 211369
-4034531 0 2 211 19121
-4043099 0 2 263 15373
-4064483 0 2 103 39461
-4075235 2 1 815047
-4093787 32 1 240811
-4100851 0 2 443 9257
-4115387 0 2 541 7607
-4119563 4 1 588509
-4121627 8388608 1 42491
-4124983 0 2 197 20939
-4171687 16 1 320899
-4205867 0 2 509 8263
-4207144 67108864 1 525893
-4210235 2 1 842047
-4215635 2 1 843127
-4218451 524288 1 57787
-4230779 4 1 604397
-4233779 8 1 384889
-4238887 16384 1 79979
-4242587 0 2 1223 3469
-4257304 33554432 1 532163
-4261876 0 1 1065469
-4276411 16384 1 80687
-4286263 2048 1 104543
-4288615 2 1 857723
-4291531 32 1 252443
-4291643 0 2 257 16699
-4294292 0 1 1073573
-4297183 8 1 390653
-4313011 0 2 937 4603
-4317247 8 1 392477
-4327907 4096 1 100649
-4328507 0 2 797 5431
-4332376 33554432 1 541547
-4337972 0 1 1084493
-4338088 67108864 1 542261
-4339028 0 1 1084757
-4341707 16384 1 81919
-4354772 0 1 1088693
-4357547 0 2 1453 2999
-4359211 4096 1 101377
-4359415 2 1 871883
-4362131 0 2 1087 4013
-4366036 0 1 1091509
-4377083 0 2 601 7283
-4392728 33554432 1 549091
-4409243 0 2 199 22157
-4441451 4 1 634493
-4444456 67108864 1 555557
-4445464 33554432 1 555683
-4455988 0 1 1113997
-4463699 262144 1 62869
-4467707 0 2 137 32611
-4487764 0 1 1121941
-4496503 8 1 408773
-4509571 8 1 409961
-4512923 4194304 1 50707
-4543307 0 2 1181 3847
-4548451 0 2 131 34721
-4557979 128 1 198173
-4571387 1024 1 123551
-4579403 32768 1 77617
-4587124 0 1 1146781
-4629083 32 1 272299
-4636756 0 1 1159189
-4639636 0 1 1159909
-4640011 2048 1 113171
-4656724 0 1 1164181
-4656943 4096 1 108301
-4664152 33554432 1 583019
-4668184 33554432 1 583523
-4675211 0 2 809 5779
-4698131 0 2 1877 2503
-4727263 0 2 281 16823
-4727603 0 2 167 28309
-4732888 33554432 1 591611
-4744903 0 2 359 13217
-4759087 0 2 751 6337
-4761587 0 2 103 46229
-4761683 32 1 280099
-4772899 0 2 191 24989
-4773947 0 2 103 46349
-4779035 2 1 955807
-4798744 33554432 1 599843
-4802344 67108864 1 600293
-4811176 67108864 1 601397
-4814132 0 1 1203533
-4821379 65536 1 79039
-4829483 0 2 2063 2341
-4831883 4 1 690269
-4837043 0 2 433 11171
-4840643 2097152 1 58321
-4843447 4 1 691921
-4872856 33554432 1 609107
-4874483 0 2 349 13967
-4885115 2 1 977023
-4892123 128 1 212701
-4938083 512 1 159293
-4944424 67108864 1 618053
-4946987 0 2 103 48029
-4948852 0 1 1237213
-4951523 0 2 1999 2477
-4959499 2097152 1 59753
-4994963 1024 1 134999
-4996283 32 1 293899
-4996939 0 2 1087 4597
-4999444 0 1 1249861
-5000027 0 2 241 20747
-5001563 4 1 714509
-5019032 33554432 1 627379
-5020523 0 2 1471 3413
-5033123 0 2 1973 2551
-5038667 64 1 265193
-5041547 4 1 720221
-5053067 0 2 139 36353
-5055796 0 1 1263949
-5064683 16 1 389591
-5064847 16777216 1 50147
-5067563 0 2 563 9001
-5073331 16777216 1 50231
-5077115 2 1 1015423
-5078287 1024 1 137251
-5092468 0 1 1273117
-5093267 0 2 149 34183
-5102836 0 1 1275709
-5127412 0 1 1281853
-5130772 0 1 1282693
-5134763 1048576 1 64997
-5144131 0 2 563 9137
-5148811 0 2 1459 3529
-5156371 8 1 468761
-5157587 8388608 1 53171
-5164883 0 2 1163 4441
-5169256 67108864 1 646157
-5175731 8 1 470521
-5202035 2 1 1040407
-5204383 1024 1 140659
-5217211 0 2 443 11777
-5222387 0 2 193 27059
-5225603 0 2 241 21683
-5227787 2048 1 127507
-5235227 0 2 383 13669
-5256691 8 1 477881
-5262739 0 2 1447 3637
-5277371 8 1 479761
-5285848 33554432 1 660731
-5296715 2 1 1059343
-5298619 256 1 182711
-5314307 32768 1 90073
-5315507 128 1 231109
-5319515 2 1 1063903
-5331736 33554432 1 666467
-5334811 256 1 183959
-5354267 0 2 571 9377
-5371892 0 1 1342973
-5403811 4 1 771973
-5409683 1048576 1 68477
-5424724 0 1 1356181
-5426851 0 2 557 9743
-5475811 8 1 497801
-5494667 64 1 289193
-5496259 16384 1 103703
-5504536 33554432 1 688067
-5514328 33554432 1 689291
-5517731 16777216 1 54631
-5527187 0 2 491 11257
-5536099 0 2 353 15683
-5539636 0 1 1384909
-5554984 67108864 1 694373
-5558459 256 1 191671
-5560024 33554432 1 695003
-5580971 8 1 507361
-5583827 0 2 1049 5323
-5600539 4 1 800077
-5611624 67108864 1 701453
-5634691 0 2 191 29501
-5637259 0 2 709 7951
-5650291 0 2 137 41243
-5667316 0 1 1416829
-5672987 0 2 919 6173
-5687047 8192 1 121001
-5690968 33554432 1 711371
-5691587 8 1 517417
-5700011 8388608 1 58763
-5709443 64 1 300497
-5714011 0 2 353 16187
-5716523 0 2 181 31583
-5718019 0 2 131 43649
-5733515 2 1 1146703
-5767924 0 1 1441981
-5777867 4096 1 134369
-5789051 0 2 881 6571
-5791384 33554432 1 723923
-5797807 0 2 227 25541
-5804387 0 2 1307 4441
-5832811 0 2 499 11689
-5840728 33554432 1 730091
-5851864 33554432 1 731483
-5852867 256 1 201823
-5868692 0 1 1467173
-5892244 0 1 1473061
-5894059 0 2 269 21911
-5894971 32 1 346763
-5901139 0 2 2083 2833
-5905403 4 1 843629
-5918824 67108864 1 739853
-5964436 0 1 1491109
-5969944 33554432 1 746243
-5980696 33554432 1 747587
-5981251 0 2 229 26119
-5986547 4 1 855221
-6002027 0 2 131 45817
