-186359 0 2 157 1187
-219359 4 1 31337
-228719 0 2 439 521
-236999 4 1 33857
-254063 2097152 1 3061
-278471 0 2 281 991
-286799 32768 1 4861
-301271 524288 1 4127
-309935 2 1 61987
-325727 0 2 307 1061
-369743 8 1 33613
-381119 0 2 173 2203
-403487 4 1 57641
-404087 128 1 17569
-420143 512 1 13553
-425927 8388608 1 4391
-433511 16 1 33347
-462047 128 1 20089
-462071 1048576 1 5849
-472343 0 2 191 2473
-509311 8 1 46301
-511367 1048576 1 6473
-527663 32 1 31039
-564503 16384 1 10651
-565351 16384 1 10667
-567199 0 2 257 2207
-581087 16 1 44699
-594863 0 2 359 1657
-605063 0 2 643 941
-623959 4 1 89137
-627023 1048576 1 7937
-659543 0 2 293 2251
-670607 4 1 95801
-680839 0 2 269 2531
-717044 0 1 179261
-728183 0 2 269 2707
-734903 16 1 56531
-737816 33554432 1 92227
-741391 4 1 105913
-809479 8 1 73589
-821087 0 2 241 3407
-823796 0 1 205949
-829076 0 1 207269
-833551 0 2 631 1321
-858776 33554432 1 107347
-888935 2 1 177787
-893687 0 2 601 1487
-911431 512 1 29401
-957023 0 2 317 3019
-982004 0 1 245501
-983891 0 2 113 8707
-1023887 0 2 787 1301
-1027736 33554432 1 128467
-1039211 0 2 173 6007
-1053608 67108864 1 131701
-1059659 0 2 131 8089
-1088744 67108864 1 136093
-1105556 0 1 276389
-1108136 67108864 1 138517
-1125011 0 2 353 3187
-1149439 0 2 293 3923
-1156879 1024 1 31267
-1182296 33554432 1 147787
-1190815 2 1 238163
-1192759 0 2 139 8581
-1222964 0 1 305741
-1233419 8 1 112129
-1233535 2 1 246707
-1235051 0 2 163 7577
-1235479 4 1 176497
-1239059 32768 1 21001
-1249591 4 1 178513
-1253543 0 2 479 2617
-1254343 65536 1 20563
-1254631 4 1 179233
-1279639 0 2 431 2969
-1280527 0 2 547 2341
-1353491 512 1 43661
-1363343 0 2 691 1973
-1364072 67108864 1 170509
-1371476 0 1 342869
-1371823 0 2 859 1597
-1375711 131072 1 20533
-1385492 0 1 346373
-1408436 0 1 352109
-1422035 2 1 284407
-1424207 0 2 569 2503
-1430579 262144 1 20149
-1434452 0 1 358613
-1446271 0 2 397 3643
-1447739 0 2 317 4567
-1450591 2097152 1 17477
-1453351 8388608 1 14983
-1454324 0 1 363581
-1456247 16 1 112019
-1457623 64 1 76717
-1458635 2 1 291727
-1459379 0 2 331 4409
-1475935 2 1 295187
-1477423 0 2 1031 1433
-1480711 256 1 51059
-1483928 33554432 1 185491
-1485464 33554432 1 185683
-1488035 2 1 297607
-1494056 67108864 1 186757
-1504088 33554432 1 188011
-1508431 2048 1 36791
-1513112 33554432 1 189139
-1513783 0 2 907 1669
-1514411 32 1 89083
-1517431 0 2 347 4373
-1535636 0 1 383909
-1540399 4 1 220057
-1540999 32 1 90647
-1552231 32768 1 26309
-1556564 0 1 389141
-1558951 32 1 91703
-1562612 0 1 390653
-1567399 0 2 347 4517
-1574767 0 2 103 15289
-1585615 2 1 317123
-1594591 0 2 479 3329
-1598815 2 1 319763
-1600903 0 2 523 3061
-1603447 0 2 857 1871
-1628311 32 1 95783
-1645063 4 1 235009
-1666004 0 1 416501
-1672327 0 2 467 3581
-1673972 0 1 418493
-1681076 0 1 420269
-1692527 256 1 58363
-1699183 0 2 211 8053
-1701319 0 2 523 3253
-1708231 4 1 244033
-1712884 0 1 428221
-1715239 16384 1 32363
-1723159 0 2 197 8747
-1733335 2 1 346667
-1739828 0 1 434957
-1745383 0 2 181 9643
-1756952 33554432 1 219619
-1780715 2 1 356143
-1791103 32 1 105359
-1792879 8 1 162989
-1793531 262144 1 25261
-1800488 67108864 1 225061
-1810015 2 1 362003
-1818008 33554432 1 227251
-1819087 524288 1 24919
-1824799 0 2 389 4691
-1825471 0 2 257 7103
-1834379 4194304 1 20611
-1843892 0 1 460973
-1855316 0 1 463829
-1887128 33554432 1 235891
-1890703 0 2 1091 1733
-1901335 2 1 380267
-1903783 4 1 271969
-1908371 16384 1 36007
-1917199 524288 1 26263
-1922264 33554432 1 240283
-1930423 8 1 175493
-1938247 64 1 102013
-1947188 0 1 486797
-1954259 8388608 1 20147
-1957864 67108864 1 244733
-1978379 16 1 152183
-1983572 0 1 495893
-1991335 2 1 398267
-2000459 0 2 577 3467
-2027483 0 2 641 3163
-2049731 131072 1 30593
-2052799 4 1 293257
-2072143 0 2 149 13907
-2074472 67108864 1 259309
-2077864 67108864 1 259733
-2097812 0 1 524453
-2105588 0 1 526397
-2145896 67108864 1 268237
-2147732 0 1 536933
-2164235 2 1 432847
-2170019 0 2 163 13313
-2183219 0 2 241 9059
-2184467 0 2 191 11437
-2186047 32 1 128591
-2190964 0 1 547741
-2206063 0 2 491 4493
-2221211 0 2 179 12409
-2229343 0 2 193 11551
-2232347 16 1 171719
-2246071 32768 1 38069
-2252648 67108864 1 281581
-2254663 256 1 77747
-2272024 33554432 1 284003
-2287832 33554432 1 285979
-2289007 4 1 327001
-2289304 33554432 1 286163
-2301127 128 1 100049
-2304943 512 1 74353
-2306264 33554432 1 288283
-2309464 33554432 1 288683
-2315743 65536 1 37963
-2328127 64 1 122533
-2353331 1048576 1 29789
-2357411 4 1 336773
-2358415 2 1 471683
-2359832 33554432 1 294979
-2361752 33554432 1 295219
-2362868 0 1 590717
-2369167 64 1 124693
-2373544 67108864 1 296693
-2374639 64 1 124981
-2378383 4 1 339769
-2386996 0 1 596749
-2391487 4 1 341641
-2399743 0 2 577 4159
-2405411 0 2 431 5581
-2423123 0 2 179 13537
-2429099 128 1 105613
-2432503 128 1 105761
-2434331 524288 1 33347
-2461087 1048576 1 31153
-2469511 8 1 224501
-2474579 64 1 130241
-2481967 0 2 457 5431
-2482868 0 1 620717
-2490559 16777216 1 24659
-2501983 8 1 227453
-2513531 0 2 983 2557
-2517247 8388608 1 25951
-2519023 16 1 193771
-2529535 2 1 505907
-2536735 2 1 507347
-2543348 0 1 635837
-2547463 64 1 134077
-2550488 33554432 1 318811
-2551327 0 2 149 17123
-2560403 0 2 107 23929
-2572952 33554432 1 321619
-2581087 256 1 89003
-2586247 0 2 613 4219
-2595779 0 2 239 10861
-2599979 64 1 136841
-2609972 0 1 652493
-2611303 64 1 137437
-2614232 33554432 1 326779
-2644807 8 1 240437
-2648171 0 2 647 4093
-2648983 0 2 1181 2243
-2650859 0 2 149 17791
-2654228 0 1 663557
-2662516 0 1 665629
-2664583 0 2 1153 2311
-2681647 2097152 1 32309
-2693224 67108864 1 336653
-2712967 0 2 199 13633
-2713015 2 1 542603
-2726603 8 1 247873
-2740015 2 1 548003
-2745299 0 2 107 25657
-2760607 1024 1 74611
-2769607 0 2 677 4091
-2785268 0 1 696317
-2791715 2 1 558343
-2796632 33554432 1 349579
-2798435 2 1 559687
-2810339 4 1 401477
-2811059 0 2 563 4993
-2818763 2097152 1 33961
-2830447 0 2 571 4957
-2836643 64 1 149297
-2847316 0 1 711829
-2851567 65536 1 46747
-2892731 64 1 152249
-2893652 0 1 723413
-2893663 131072 1 43189
-2894699 0 2 499 5801
-2895572 0 1 723893
-2896043 0 2 137 21139
-2901179 0 2 149 19471
-2909044 0 1 727261
-2910004 0 1 727501
-2913496 33554432 1 364187
-2920423 8 1 265493
-2937491 128 1 127717
-2942168 33554432 1 367771
-2958847 2048 1 72167
-2961007 4 1 423001
-2964587 2048 1 72307
-2968135 2 1 593627
-2974979 4 1 424997
-2984983 0 2 1093 2731
-2988683 8192 1 63589
-2989643 0 2 311 9613
-3000851 4 1 428693
-3007448 33554432 1 375931
-3017507 0 2 107 28201
-3022735 2 1 604547
-3055207 0 2 1427 2141
-3056315 2 1 611263
-3060724 0 1 765181
-3100148 0 1 775037
-3102068 0 1 775517
-3108692 0 1 777173
-3124139 0 2 757 4127
-3134939 16777216 1 31039
-3152915 2 1 630583
-3153428 0 1 788357
-3153731 4 1 450533
-3156487 0 2 643 4909
-3178984 67108864 1 397373
-3185099 256 1 109831
-3205067 0 2 1237 2591
-3207683 0 2 457 7019
-3223576 33554432 1 402947
-3233435 2 1 646687
-3244628 0 1 811157
-3247811 4 1 463973
-3250019 65536 1 53279
-3254708 0 1 813677
-3268087 0 2 103 31729
-3271207 1024 1 88411
-3272287 0 2 251 13037
-3278459 1024 1 88607
-3285583 4 1 469369
-3294731 8 1 299521
-3294971 0 2 151 21821
-3310567 16 1 254659
-3311023 0 2 281 11783
-3321943 2048 1 81023
-3346379 2048 1 81619
-3354247 16 1 258019
-3357967 0 2 1031 3257
-3360139 128 1 146093
-3362819 1024 1 90887
-3364783 256 1 116027
-3375203 16 1 259631
-3380171 0 2 317 10663
-3386819 128 1 147253
-3393844 0 1 848461
-3401192 67108864 1 425149
-3419363 32 1 201139
-3422819 0 2 769 4451
-3426587 0 2 127 26981
-3430715 2 1 686143
-3438376 67108864 1 429797
-3450136 33554432 1 431267
-3459943 0 2 331 10453
-3460451 64 1 182129
-3466868 0 1 866717
-3474823 8 1 315893
-3493928 67108864 1 436741
-3499907 0 2 419 8353
-3527099 1024 1 95327
-3528923 256 1 121687
-3529571 0 2 719 4909
-3541571 8 1 321961
-3560099 4096 1 82793
-3562739 0 2 149 23911
-3571499 1024 1 96527
-3572747 0 2 571 6257
-3575659 0 2 113 31643
-3577115 2 1 715423
-3581108 0 1 895277
-3588443 2048 1 87523
-3592276 0 1 898069
-3594484 0 1 898621
-3604696 33554432 1 450587
-3605767 8 1 327797
-3609419 8 1 328129
-3617219 0 2 1171 3089
-3625931 0 2 1319 2749
-3643667 0 2 1471 2477
-3648247 64 1 192013
-3650344 67108864 1 456293
-3655567 1048576 1 46273
-3665335 2 1 733067
-3670715 2 1 734143
-3675544 33554432 1 459443
-3678487 0 2 1061 3467
-3693419 0 2 1567 2357
-3694399 0 2 211 17509
-3695867 4 1 527981
-3698644 0 1 924661
-3704099 4 1 529157
-3710708 0 1 927677
-3730264 33554432 1 466283
-3740888 33554432 1 467611
-3744856 33554432 1 468107
-3777443 512 1 121853
-3784403 4 1 540629
-3784663 0 2 317 11939
-3787571 128 1 164677
-3788983 8 1 344453
-3791896 33554432 1 473987
-3815915 2 1 763183
-3817883 262144 1 53773
-3819563 8 1 347233
-3820907 0 2 809 4723
-3829643 0 2 103 37181
-3837587 16 1 295199
-3851348 0 1 962837
-3855391 4194304 1 43319
-3856744 67108864 1 482093
-3856807 32 1 226871
-3863099 64 1 203321
-3866008 33554432 1 483251
-3870184 67108864 1 483773
-3871768 33554432 1 483971
-3878383 0 2 313 12391
-3879367 131072 1 57901
-3886543 16384 1 73331
-3888587 128 1 169069
-3890132 0 1 972533
-3901811 0 2 1399 2789
-3902287 0 2 283 13789
-3931663 0 2 149 26387
-3933803 1024 1 106319
-3937043 8 1 357913
-3944536 33554432 1 493067
-3947956 0 1 986989
-3949144 33554432 1 493643
-3960179 2097152 1 47713
-4004071 8192 1 85193
-4009907 8 1 364537
-4012307 16 1 308639
-4014299 0 2 557 7207
-4015687 16 1 308899
-4023463 8388608 1 41479
-4037051 0 2 1423 2837
-4037723 8192 1 85909
-4043123 4 1 577589
-4084663 8 1 371333
-4086727 0 2 1093 3739
-4097176 33554432 1 512147
-4100219 64 1 215801
-4101683 0 2 1097 3739
-4128211 0 2 1229 3359
-4131412 0 1 1032853
-4138067 64 1 217793
-4139243 8192 1 88069
-4164308 0 1 1041077
-4178387 128 1 181669
-4187224 33554432 1 523403
-4192423 0 2 1663 2521
-4203299 0 2 661 6359
-4205123 16 1 323471
-4218932 0 1 1054733
-4225015 2 1 845003
-4226123 8 1 384193
-4233131 4 1 604733
-4234115 2 1 846823
-4239659 128 1 184333
-4248107 0 2 241 17627
-4253812 0 1 1063453
-4260184 33554432 1 532523
-4261835 2 1 852367
-4268003 32 1 251059
-4271003 8 1 388273
-4278068 0 1 1069517
-4290515 2 1 858103
-4306868 0 1 1076717
-4309183 32768 1 73037
-4318868 0 1 1079717
-4320035 2 1 864007
-4323299 0 2 241 17939
-4324099 16 1 332623
-4333579 0 2 283 15313
-4346963 0 2 337 12899
-4378235 2 1 875647
-4378643 0 2 1019 4297
-4388948 0 1 1097237
-4391291 0 2 1097 4003
-4395731 0 2 103 42677
-4425731 0 2 1049 4219
-4431848 67108864 1 553981
-4434487 1024 1 119851
-4446587 4096 1 103409
-4450324 0 1 1112581
-4471144 67108864 1 558893
-4483928 33554432 1 560491
-4504307 0 2 641 7027
-4506583 262144 1 63473
-4513907 0 2 157 28751
-4528451 262144 1 63781
-4531096 33554432 1 566387
-4561667 8 1 414697
-4563032 33554432 1 570379
-4575035 2 1 915007
-4579688 67108864 1 572461
-4585652 0 1 1146413
-4607896 33554432 1 575987
-4609859 0 2 1117 4127
-4617127 0 2 151 30577
-4626967 512 1 149257
-4636696 33554432 1 579587
-4638184 67108864 1 579773
-4668008 67108864 1 583501
-4672739 32 1 274867
-4674379 0 2 503 9293
-4676743 256 1 161267
-4687336 67108864 1 585917
-4691944 67108864 1 586493
-4703252 0 1 1175813
-4705684 0 1 1176421
-4708628 0 1 1177157
-4708948 0 1 1177237
-4711528 67108864 1 588941
-4711787 0 2 439 10733
-4718027 32 1 277531
-4719323 4 1 674189
-4725844 0 1 1181461
-4738456 33554432 1 592307
-4776611 4 1 682373
-4777763 0 2 937 5099
-4778987 0 2 593 8059
-4782247 0 2 311 15377
-4787416 33554432 1 598427
-4797011 4194304 1 53899
-4803463 4 1 686209
-4803668 0 1 1200917
-4807499 16777216 1 47599
-4809512 67108864 1 601189
-4814507 2048 1 117427
-4820047 131072 1 71941
-4824703 16 1 371131
-4842664 67108864 1 605333
-4849099 1048576 1 61381
-4873043 4 1 696149
-4891427 32 1 287731
-4903636 0 1 1225909
-4914964 0 1 1228741
-4927051 0 2 271 18181
-4929571 0 2 449 10979
-4929811 0 2 107 46073
-4935619 16 1 379663
-4946407 524288 1 67759
-4959683 0 2 113 43891
-4969451 8192 1 105733
-4976344 33554432 1 622043
-4984024 33554432 1 623003
-4989467 4 1 712781
-4992811 4194304 1 56099
-5012648 67108864 1 626581
-5029771 0 2 233 21587
-5039896 33554432 1 629987
-5041268 0 1 1260317
-5043923 128 1 219301
-5049635 2 1 1009927
-5066651 0 2 173 29287
-5082664 67108864 1 635333
-5102771 32 1 300163
-5103107 0 2 139 36713
-5104984 33554432 1 638123
-5113972 0 1 1278493
-5116568 33554432 1 639571
-5125819 512 1 165349
-5148827 65536 1 84407
-5150363 1024 1 139199
-5155283 4 1 736469
-5163083 0 2 113 45691
-5173171 16384 1 97607
-5209691 0 2 373 13967
-5221915 2 1 1044383
-5232347 0 2 1471 3557
-5238232 33554432 1 654779
-5254883 0 2 2137 2459
-5258068 0 1 1314517
-5274979 1024 1 142567
-5275715 2 1 1055143
-5291315 2 1 1058263
-5295515 2 1 1059103
-5297219 64 1 278801
-5317108 0 1 1329277
-5320411 0 2 127 41893
-5342579 8 1 485689
-5351767 262144 1 75377
-5381315 2 1 1076263
-5400035 2 1 1080007
-5404372 0 1 1351093
-5433256 67108864 1 679157
-5444788 0 1 1361197
-5493947 0 2 113 48619
-5494087 65536 1 90067
-5506691 32 1 323923
-5510267 4 1 787181
-5514856 67108864 1 689357
-5515211 16 1 424247
-5519027 0 2 223 24749
-5522987 2048 1 134707
-5526035 2 1 1105207
-5537908 0 1 1384477
-5549003 128 1 241261
-5565415 2 1 1113083
-5570623 128 1 242201
-5571304 67108864 1 696413
-5582387 512 1 180077
-5583092 0 1 1395773
-5586712 33554432 1 698339
-5602216 67108864 1 700277
-5606488 33554432 1 700811
-5614187 0 2 1399 4013
-5638168 33554432 1 704771
-5641187 128 1 245269
-5641307 4 1 805901
-5652803 16 1 434831
-5655691 0 2 127 44533
-5691091 4 1 813013
-5691979 0 2 283 20113
-5705176 33554432 1 713147
-5705963 0 2 1123 5081
-5716072 67108864 1 714509
-5719715 2 1 1143943
-5745343 2097152 1 69221
-5750491 0 2 1229 4679
-5765243 8 1 524113
-5769859 0 2 1559 3701
-5789387 0 2 293 19759
-5791252 0 1 1447813
-5803187 16 1 446399
-5810843 131072 1 86729
-5824307 4096 1 135449
-5863163 0 2 1259 4657
-5864987 0 2 127 46181
-5865172 0 1 1466293
-5879147 0 2 1153 5099
-5883299 0 2 269 21871
-5888251 0 2 1291 4561
-5906531 32 1 347443
-5906867 4096 1 137369
-5928859 0 2 149 39791
-5932187 0 2 107 55441
-5933899 0 2 107 55457
-5985107 256 1 206383
-6022552 33554432 1 752819
