-157031 4 1 22433
-200399 128 1 8713
-215519 0 2 127 1697
-222815 2 1 44563
-222959 8 1 20269
-234671 8192 1 4993
-253079 32 1 14887
-254591 256 1 8779
-260735 2 1 52147
-300071 16777216 1 2971
-323039 2048 1 7879
-338711 4096 1 7877
-346247 8 1 31477
-347351 0 2 419 829
-358439 16384 1 6763
-367583 0 2 149 2467
-378191 8 1 34381
-382343 16 1 29411
-383543 2097152 1 4621
-387599 0 2 347 1117
-392135 2 1 78427
-397583 0 2 151 2633
-400271 0 2 571 701
-405215 2 1 81043
-406367 16 1 31259
-414983 65536 1 6803
-418591 32 1 24623
-429167 524288 1 5879
-434216 67108864 1 54277
-434567 4 1 62081
-441143 32768 1 7477
-447767 0 2 349 1283
-452303 0 2 443 1021
-453839 16384 1 8563
-468751 512 1 15121
-469847 4 1 67121
-482063 0 2 239 2017
-484535 2 1 96907
-487759 16384 1 9203
-501679 0 2 199 2521
-515615 2 1 103123
-515864 33554432 1 64483
-521711 0 2 157 3323
-532799 0 2 677 787
-540407 4 1 77201
-551663 4 1 78809
-562823 2097152 1 6781
-565703 256 1 19507
-566744 33554432 1 70843
-571304 67108864 1 71413
-574751 256 1 19819
-579799 8 1 52709
-581879 65536 1 9539
-582104 33554432 1 72763
-584831 16 1 44987
-593204 0 1 148301
-594383 0 2 233 2551
-597167 0 2 107 5581
-597983 65536 1 9803
-599327 0 2 587 1021
-608984 33554432 1 76123
-618263 128 1 26881
-621199 8192 1 13217
-629303 128 1 27361
-643111 4 1 91873
-658136 33554432 1 82267
-658847 4 1 94121
-670007 16 1 51539
-670999 4 1 95857
-674615 2 1 134923
-685159 64 1 36061
-692264 67108864 1 86533
-693815 2 1 138763
-694943 32 1 40879
-699284 0 1 174821
-700399 4 1 100057
-702799 0 2 643 1093
-710551 512 1 22921
-710671 16 1 54667
-715367 0 2 109 6563
-716504 33554432 1 89563
-716551 8 1 65141
-721007 4 1 103001
-754727 0 2 113 6679
-765943 0 2 109 7027
-777236 0 1 194309
-781831 64 1 41149
-787847 0 2 103 7649
-792692 0 1 198173
-809191 64 1 42589
-810344 67108864 1 101293
-825407 8 1 75037
-840167 128 1 36529
-840404 0 1 210101
-851687 8192 1 18121
-853135 2 1 170627
-856823 8 1 77893
-858863 32768 1 14557
-861767 1024 1 23291
-881684 0 1 220421
-897079 0 2 419 2141
-897143 16 1 69011
-900056 33554432 1 112507
-906079 0 2 937 967
-908903 64 1 47837
-908935 2 1 181787
-913607 0 2 337 2711
-915476 0 1 228869
-922967 128 1 40129
-928279 8 1 84389
-930919 8 1 84629
-935239 512 1 30169
-942644 0 1 235661
-947599 32768 1 16061
-948383 512 1 30593
-955499 0 2 181 5279
-965579 0 2 193 5003
-969044 0 1 242261
-971303 65536 1 15923
-975031 0 2 211 4621
-987287 4 1 141041
-988952 33554432 1 123619
-990271 0 2 433 2287
-993623 128 1 43201
-996607 64 1 52453
-1000007 256 1 34483
-1008023 0 2 491 2053
-1009135 2 1 201827
-1013599 0 2 239 4241
-1020659 0 2 181 5639
-1024519 512 1 33049
-1027304 67108864 1 128413
-1029271 0 2 283 3637
-1037119 32 1 61007
-1045544 67108864 1 130693
-1054484 0 1 263621
-1056743 0 2 941 1123
-1072139 32 1 63067
-1088699 1048576 1 13781
-1096943 0 2 859 1277
-1104383 4 1 157769
-1111064 33554432 1 138883
-1112551 8 1 101141
-1114351 4 1 159193
-1114735 2 1 222947
-1115287 512 1 35977
-1115527 4 1 159361
-1116059 4 1 159437
-1116776 67108864 1 139597
-1119128 33554432 1 139891
-1122991 0 2 547 2053
-1123331 8 1 102121
-1125032 67108864 1 140629
-1129556 0 1 282389
-1129727 0 2 617 1831
-1130663 512 1 36473
-1135256 33554432 1 141907
-1135448 33554432 1 141931
-1136792 33554432 1 142099
-1137512 67108864 1 142189
-1144856 33554432 1 143107
-1148579 0 2 821 1399
-1151531 16384 1 21727
-1158047 8 1 105277
-1158199 4 1 165457
-1158871 4 1 165553
-1160756 0 1 290189
-1160935 2 1 232187
-1161679 64 1 61141
-1166804 0 1 291701
-1173044 0 1 293261
-1181071 0 2 173 6827
-1183823 131072 1 17669
-1185503 8 1 107773
-1197908 0 1 299477
-1202935 2 1 240587
-1203679 0 2 503 2393
-1213111 16777216 1 12011
-1215668 0 1 303917
-1233007 128 1 53609
-1236679 0 2 863 1433
-1238839 4 1 176977
-1243739 4 1 177677
-1244456 67108864 1 155557
-1246691 0 2 139 8969
-1255327 0 2 179 7013
-1266679 128 1 55073
-1270015 2 1 254003
-1279591 0 2 401 3191
-1285423 0 2 149 8627
-1293464 33554432 1 161683
-1302799 16777216 1 12899
-1313384 67108864 1 164173
-1322996 0 1 330749
-1323752 67108864 1 165469
-1326127 8 1 120557
-1327124 0 1 331781
-1329896 67108864 1 166237
-1330351 8 1 120941
-1333784 33554432 1 166723
-1337576 67108864 1 167197
-1339091 16 1 103007
-1347251 0 2 823 1637
-1350199 0 2 359 3761
-1352564 0 1 338141
-1355551 128 1 58937
-1359464 67108864 1 169933
-1361576 67108864 1 170197
-1363015 2 1 272603
-1365899 32 1 80347
-1367651 0 2 701 1951
-1370771 0 2 853 1607
-1370935 2 1 274187
-1371407 32 1 80671
-1371679 32 1 80687
-1374836 0 1 343709
-1376239 0 2 139 9901
-1384379 0 2 643 2153
-1389656 33554432 1 173707
-1398463 8 1 127133
-1400431 0 2 449 3119
-1408399 32 1 82847
-1411352 33554432 1 176419
-1415311 8192 1 30113
-1415719 128 1 61553
-1422871 0 2 179 7949
-1426004 0 1 356501
-1427924 0 1 356981
-1429016 33554432 1 178627
-1429259 16 1 109943
-1432207 4 1 204601
-1433143 0 2 941 1523
-1434799 0 2 431 3329
-1440703 8 1 130973
-1452008 67108864 1 181501
-1454312 67108864 1 181789
-1454815 2 1 290963
-1461463 1024 1 39499
-1472839 8192 1 31337
-1476116 0 1 369029
-1476391 4 1 210913
-1479371 1024 1 39983
-1490215 2 1 298043
-1497871 1024 1 40483
-1501615 2 1 300323
-1519927 0 2 487 3121
-1540811 524288 1 21107
-1543183 0 2 563 2741
-1543379 32 1 90787
-1547171 0 2 467 3313
-1548535 2 1 309707
-1550383 32 1 91199
-1554152 67108864 1 194269
-1555543 8 1 141413
-1558999 16 1 119923
-1560103 0 2 479 3257
-1567543 0 2 277 5659
-1567976 67108864 1 195997
-1587179 8 1 144289
-1590223 1024 1 42979
-1594136 33554432 1 199267
-1605524 0 1 401381
-1618571 0 2 461 3511
-1619743 32 1 95279
-1626343 64 1 85597
-1626491 128 1 70717
-1627139 0 2 443 3673
-1627519 1024 1 43987
-1631863 2097152 1 19661
-1633063 0 2 919 1777
-1636687 16 1 125899
-1636735 2 1 327347
-1641704 67108864 1 205213
-1647704 33554432 1 205963
-1651663 16 1 127051
-1651736 33554432 1 206467
-1652815 2 1 330563
-1655791 262144 1 23321
-1656308 0 1 414077
-1661288 67108864 1 207661
-1662644 0 1 415661
-1665179 64 1 87641
-1669159 0 2 307 5437
-1672859 128 1 72733
-1673768 67108864 1 209221
-1682411 0 2 263 6397
-1696303 4 1 242329
-1700404 0 1 425101
-1700479 8 1 154589
-1703099 2048 1 41539
-1705091 0 2 211 8081
-1705159 32768 1 28901
-1706792 67108864 1 213349
-1720807 8 1 156437
-1729879 256 1 59651
-1738712 33554432 1 217339
-1739935 2 1 347987
-1742168 33554432 1 217771
-1743464 67108864 1 217933
-1744615 2 1 348923
-1747496 67108864 1 218437
-1753303 32768 1 29717
-1756091 1048576 1 22229
-1759423 65536 1 28843
-1759691 256 1 60679
-1763863 8192 1 37529
-1768279 524288 1 24223
-1772468 0 1 443117
-1776127 0 2 257 6911
-1779967 4 1 254281
-1789571 4 1 255653
-1792471 0 2 607 2953
-1796891 16777216 1 17791
-1798735 2 1 359747
-1802551 8388608 1 18583
-1806799 0 2 797 2267
-1809103 4194304 1 20327
-1811416 33554432 1 226427
-1819352 33554432 1 227419
-1820915 2 1 364183
-1820935 2 1 364187
-1821032 67108864 1 227629
-1825543 1024 1 49339
-1829839 8 1 166349
-1832335 2 1 366467
-1840687 512 1 59377
-1841396 0 1 460349
-1845391 0 2 173 10667
-1853672 67108864 1 231709
-1855351 0 2 1181 1571
-1858135 2 1 371627
-1862239 0 2 941 1979
-1867091 0 2 397 4703
-1879831 4096 1 43717
-1884404 0 1 471101
-1887179 4 1 269597
-1887319 4 1 269617
-1888639 0 2 197 9587
-1888903 0 2 353 5351
-1899607 0 2 349 5443
-1901383 8 1 172853
-1903064 33554432 1 237883
-1905919 0 2 131 14549
-1919531 0 2 113 16987
-1921423 4 1 274489
-1928468 0 1 482117
-1928603 512 1 62213
-1930903 16 1 148531
-1933208 33554432 1 241651
-1933567 0 2 457 4231
-1935512 33554432 1 241939
-1937176 33554432 1 242147
-1937263 4194304 1 21767
-1937935 2 1 387587
-1940116 0 1 485029
-1959871 0 2 179 10949
-1961048 33554432 1 245131
-1970516 0 1 492629
-1984687 2048 1 48407
-1988431 2097152 1 23957
-1989236 0 1 497309
-1989608 67108864 1 248701
-1990952 67108864 1 248869
-2003479 4194304 1 22511
-2004491 512 1 64661
-2004692 0 1 501173
-2004823 64 1 105517
-2010179 0 2 167 12037
-2012435 2 1 402487
-2015815 2 1 403163
-2017448 67108864 1 252181
-2027171 16777216 1 20071
-2029268 0 1 507317
-2038964 0 1 509741
-2042771 32 1 120163
-2045935 2 1 409187
-2050484 0 1 512621
-2051239 512 1 66169
-2058731 0 2 193 10667
-2060047 8 1 187277
-2060051 4 1 294293
-2064856 33554432 1 258107
-2066143 0 2 277 7459
-2066983 0 2 739 2797
-2067368 67108864 1 258421
-2070251 32768 1 35089
-2075891 65536 1 34031
-2076847 1024 1 56131
-2079668 0 1 519917
-2091032 33554432 1 261379
-2098115 2 1 419623
-2104451 0 2 223 9437
-2122759 0 2 397 5347
-2130991 0 2 457 4663
-2135192 33554432 1 266899
-2135768 33554432 1 266971
-2140696 33554432 1 267587
-2141527 65536 1 35107
-2146328 33554432 1 268291
-2147191 0 2 109 19699
-2160947 0 2 149 14503
-2163032 33554432 1 270379
-2164376 33554432 1 270547
-2167124 0 1 541781
-2175515 2 1 435103
-2176472 33554432 1 272059
-2176519 0 2 137 15887
-2183464 67108864 1 272933
-2184488 67108864 1 273061
-2185687 4 1 312241
-2186459 8 1 198769
-2190851 16 1 168527
-2191307 0 2 1229 1783
-2193487 128 1 95369
-2197499 4194304 1 24691
-2203615 2 1 440723
-2204699 4 1 314957
-2214932 0 1 553733
-2223659 4096 1 51713
-2231156 0 1 557789
-2233327 32768 1 37853
-2239811 4 1 319973
-2242259 0 2 113 19843
-2250179 16777216 1 22279
-2250727 0 2 409 5503
-2255171 4194304 1 25339
-2259583 0 2 709 3187
-2261339 0 2 653 3463
-2263859 16 1 174143
-2263903 1048576 1 28657
-2269063 2048 1 55343
-2274199 0 2 229 9931
-2276312 33554432 1 284539
-2276696 33554432 1 284587
-2279579 0 2 313 7283
-2281019 16 1 175463
-2281835 2 1 456367
-2291672 33554432 1 286459
-2295635 2 1 459127
-2295848 67108864 1 286981
-2297492 0 1 574373
-2299307 0 2 1039 2213
-2299687 16 1 176899
-2300743 8388608 1 23719
-2302015 2 1 460403
-2321723 0 2 103 22541
-2322415 2 1 464483
-2328607 0 2 401 5807
-2330036 0 1 582509
-2338139 0 2 563 4153
-2339219 0 2 1489 1571
-2340559 16 1 180043
-2347624 67108864 1 293453
-2351983 0 2 197 11939
-2354599 16 1 181123
-2358248 67108864 1 294781
-2365063 64 1 124477
-2368615 2 1 473723
-2373491 0 2 337 7043
-2377063 16 1 182851
-2380264 67108864 1 297533
-2386984 67108864 1 298373
-2391007 0 2 313 7639
-2394635 2 1 478927
-2400436 0 1 600109
-2401471 32 1 141263
-2405288 67108864 1 300661
-2406676 0 1 601669
-2412967 0 2 389 6203
-2413067 0 2 1511 1597
-2414479 131072 1 36037
-2416756 0 1 604189
-2417815 2 1 483563
-2421332 0 1 605333
-2422696 67108864 1 302837
-2426623 64 1 127717
-2426719 1024 1 65587
-2430127 4 1 347161
-2432603 0 2 467 5209
-2433007 64 1 128053
-2435219 4096 1 56633
-2438531 32 1 143443
-2438651 1048576 1 30869
-2439419 0 2 389 6271
-2443187 0 2 193 12659
-2445823 0 2 683 3581
-2447464 67108864 1 305933
-2454632 67108864 1 306829
-2462335 2 1 492467
-2464787 16 1 189599
-2473652 0 1 618413
-2476183 0 2 641 3863
-2476328 67108864 1 309541
-2477012 0 1 619253
-2478847 4 1 354121
-2484299 128 1 108013
-2489972 0 1 622493
-2492983 16777216 1 24683
-2495828 0 1 623957
-2498503 4 1 356929
-2499703 131072 1 37309
-2502847 512 1 80737
-2507531 16 1 192887
-2519956 0 1 629989
-2525143 524288 1 34591
-2525335 2 1 505067
-2527039 131072 1 37717
-2532583 0 2 107 23669
-2533423 0 2 499 5077
-2534023 0 2 1571 1613
-2539352 33554432 1 317419
-2539444 0 1 634861
-2540696 33554432 1 317587
-2542543 0 2 829 3067
-2547124 0 1 636781
-2549224 67108864 1 318653
-2552051 0 2 151 16901
-2552552 67108864 1 319069
-2554235 2 1 510847
-2554516 0 1 638629
-2557739 0 2 139 18401
-2558104 33554432 1 319763
-2559487 4 1 365641
-2561767 16 1 197059
-2561939 65536 1 41999
-2562779 0 2 181 14159
-2570408 67108864 1 321301
-2571188 0 1 642797
-2584052 0 1 646013
-2584067 512 1 83357
-2585047 8192 1 55001
-2585987 8192 1 55021
-2589539 16777216 1 25639
-2591047 0 2 797 3251
-2594516 0 1 648629
-2594612 0 1 648653
-2596931 4194304 1 29179
-2599019 524288 1 35603
-2599592 67108864 1 324949
-2601007 131072 1 38821
-2606891 4 1 372413
-2614543 16384 1 49331
-2616967 0 2 113 23159
-2618648 33554432 1 327331
-2619899 0 2 163 16073
-2620543 0 2 631 4153
-2620763 0 2 827 3169
-2622463 0 2 107 24509
-2626216 67108864 1 328277
-2627915 2 1 525583
-2633944 33554432 1 329243
-2641112 33554432 1 330139
-2642435 2 1 528487
-2651828 0 1 662957
-2652107 128 1 115309
-2664727 16 1 204979
-2674259 4 1 382037
-2676035 2 1 535207
-2680019 0 2 1583 1693
-2683412 0 1 670853
-2684263 64 1 141277
-2693647 8 1 244877
-2695303 16 1 207331
-2708815 2 1 541763
-2710211 4 1 387173
-2724515 2 1 544903
-2726027 0 2 733 3719
-2730223 0 2 197 13859
-2733151 0 2 179 15269
-2733299 0 2 1117 2447
-2753012 0 1 688253
-2754152 67108864 1 344269
-2756372 0 1 689093
-2757127 2048 1 67247
-2760535 2 1 552107
-2760727 0 2 199 13873
-2771939 0 2 277 10007
-2774887 0 2 367 7561
-2778103 0 2 457 6079
-2779988 0 1 694997
-2784724 0 1 696181
-2787007 0 2 151 18457
-2789051 0 2 1559 1789
-2795048 67108864 1 349381
-2801867 0 2 457 6131
-2809832 67108864 1 351229
-2813528 33554432 1 351691
-2819732 0 1 704933
-2823151 16384 1 53267
-2827028 0 1 706757
-2833859 4 1 404837
-2833979 0 2 233 12163
-2838964 0 1 709741
-2841659 64 1 149561
-2844535 2 1 568907
-2845663 0 2 109 26107
-2851259 0 2 569 5011
-2851892 0 1 712973
-2857927 0 2 401 7127
-2864408 33554432 1 358051
-2864983 8 1 260453
-2866619 4 1 409517
-2878292 0 1 719573
-2878868 0 1 719717
-2879287 0 2 313 9199
-2890567 16384 1 54539
-2892415 2 1 578483
-2894623 0 2 149 19427
-2894743 32 1 170279
-2901011 512 1 93581
-2904347 16384 1 54799
-2905876 0 1 726469
-2908328 67108864 1 363541
-2908628 0 1 727157
-2914804 0 1 728701
-2915651 0 2 193 15107
-2916184 33554432 1 364523
-2916491 8192 1 62053
-2917807 8192 1 62081
-2924507 0 2 769 3803
-2939531 4 1 419933
-2942051 4 1 420293
-2942132 0 1 735533
-2954344 67108864 1 369293
-2961847 4 1 423121
-2963171 0 2 313 9467
-2983835 2 1 596767
-2986087 16 1 229699
-2987051 0 2 419 7129
-2989835 2 1 597967
-2993939 16 1 230303
-2995211 0 2 109 27479
-2999407 128 1 130409
-2999891 64 1 157889
-3000943 8 1 272813
-3011863 0 2 797 3779
-3015827 8388608 1 31091
-3017492 0 1 754373
-3018251 0 2 389 7759
-3019928 33554432 1 377491
-3021428 0 1 755357
-3026699 16 1 232823
-3026771 8 1 275161
-3029891 256 1 104479
-3038507 128 1 132109
-3039463 4 1 434209
-3040423 65536 1 49843
-3040472 33554432 1 380059
-3053972 0 1 763493
-3055028 0 1 763757
-3059167 32 1 179951
-3063572 0 1 765893
-3065239 0 2 257 11927
-3067352 33554432 1 383419
-3070835 2 1 614167
-3073183 1024 1 83059
-3080651 4 1 440093
-3085663 4 1 440809
-3091447 131072 1 46141
-3091615 2 1 618323
-3093535 2 1 618707
-3095956 0 1 773989
-3097624 33554432 1 387203
-3098743 32 1 182279
-3099847 0 2 433 7159
-3101416 67108864 1 387677
-3107915 2 1 621583
-3117731 1024 1 84263
-3123083 0 2 1553 2011
-3123943 0 2 1129 2767
-3133115 2 1 626623
-3134699 0 2 131 23929
-3146915 2 1 629383
-3146963 0 2 1613 1951
-3147943 0 2 1321 2383
-3154739 4 1 450677
-3157592 33554432 1 394699
-3158171 0 2 499 6329
-3159851 0 2 131 24121
-3159971 0 2 229 13799
-3162515 2 1 632503
-3163567 8 1 287597
-3167647 4 1 452521
-3168131 0 2 151 20981
-3168179 4 1 452597
-3169015 2 1 633803
-3176884 0 1 794221
-3190423 64 1 167917
-3191315 2 1 638263
-3195227 4 1 456461
-3197435 2 1 639487
-3197963 16777216 1 31663
-3200536 33554432 1 400067
-3203819 512 1 103349
-3208543 16 1 246811
-3214139 32 1 189067
-3215767 0 2 127 25321
-3216971 0 2 269 11959
-3225251 0 2 157 20543
-3228587 0 2 509 6343
-3229571 0 2 199 16229
-3233044 0 1 808261
-3233704 67108864 1 404213
-3234008 33554432 1 404251
-3237179 8 1 294289
-3242383 512 1 104593
-3242743 4 1 463249
-3256307 0 2 1733 1879
-3257219 4 1 465317
-3259063 0 2 1709 1907
-3260116 0 1 815029
-3268063 32 1 192239
-3268547 512 1 105437
-3270587 0 2 677 4831
-3276632 33554432 1 409579
-3276823 8 1 297893
-3277739 0 2 109 30071
-3277748 0 1 819437
-3284527 1024 1 88771
-3285272 33554432 1 410659
-3285736 67108864 1 410717
-3287531 16 1 252887
-3291604 0 1 822901
-3296123 16384 1 62191
-3298139 16 1 253703
-3299963 0 2 439 7517
-3302132 0 1 825533
-3315304 67108864 1 414413
-3317939 0 2 103 32213
-3333731 0 2 1481 2251
-3338123 4194304 1 37507
-3347627 128 1 145549
-3348343 8388608 1 34519
-3350003 32 1 197059
-3350132 0 1 837533
-3352451 32 1 197203
-3353863 0 2 1429 2347
-3354011 0 2 1423 2357
-3370663 1024 1 91099
-3379444 0 1 844861
-3383167 0 2 1163 2909
-3389108 0 1 847277
-3398531 2048 1 82891
-3399247 0 2 1811 1877
-3401044 0 1 850261
-3402008 33554432 1 425251
-3402487 8 1 309317
-3404372 0 1 851093
-3407579 4 1 486797
-3407623 0 2 179 19037
-3416843 0 2 337 10139
-3420223 0 2 331 10333
-3422836 0 1 855709
-3424403 0 2 383 8941
-3425192 67108864 1 428149
-3436379 4194304 1 38611
-3437767 0 2 1433 2399
-3450443 0 2 239 14437
-3451835 2 1 690367
-3452527 16 1 265579
-3457907 65536 1 56687
-3462583 16777216 1 34283
-3463931 0 2 673 5147
-3464531 4 1 494933
-3465083 0 2 167 20749
-3466292 0 1 866573
-3472283 0 2 173 20071
-3474379 0 2 887 3917
-3475112 67108864 1 434389
-3478219 262144 1 48989
-3482383 0 2 263 13241
-3500483 4 1 500069
-3524056 33554432 1 440507
-3539771 0 2 269 13159
-3545716 0 1 886429
-3546223 8388608 1 36559
-3549487 8192 1 75521
-3551348 0 1 887837
-3551579 0 2 983 3613
-3553876 0 1 888469
-3560552 67108864 1 445069
-3562187 0 2 1187 3001
-3563459 128 1 154933
-3571019 0 2 197 18127
-3577688 33554432 1 447211
-3578699 0 2 307 11657
-3586331 4 1 512333
-3592052 0 1 898013
-3596887 4 1 513841
-3603247 0 2 211 17077
-3607892 0 1 901973
-3609563 64 1 189977
-3619988 0 1 904997
-3621703 0 2 1619 2237
-3625172 0 1 906293
-3626863 0 2 1033 3511
-3627796 0 1 906949
-3631099 0 2 211 17209
-3631636 0 1 907909
-3643715 2 1 728743
-3649715 2 1 729943
-3651967 8 1 331997
-3654583 262144 1 51473
-3656948 0 1 914237
-3657908 0 1 914477
-3658456 33554432 1 457307
-3659224 33554432 1 457403
-3667667 8388608 1 37811
-3667816 67108864 1 458477
-3670235 2 1 734047
-3681659 32768 1 62401
-3682307 0 2 1511 2437
-3684223 32 1 216719
-3685643 16 1 283511
-3693364 0 1 923341
-3698147 128 1 160789
-3705635 2 1 741127
-3706739 0 2 113 32803
-3715139 0 2 271 13709
-3719764 0 1 929941
-3719843 0 2 109 34127
-3726223 64 1 196117
-3726487 0 2 1789 2083
-3727211 64 1 196169
-3728167 0 2 811 4597
-3730379 4096 1 86753
-3733043 0 2 1787 2089
-3733543 8 1 339413
-3733979 0 2 107 34897
-3736024 33554432 1 467003
-3741032 67108864 1 467629
-3755579 0 2 1063 3533
-3757291 0 2 1427 2633
-3765899 0 2 311 12109
-3768419 0 2 373 10103
-3770215 2 1 754043
-3772091 0 2 787 4793
-3804347 0 2 587 6481
-3804436 0 1 951109
-3806771 0 2 677 5623
-3810035 2 1 762007
-3811156 0 1 952789
-3820307 0 2 461 8287
-3837059 0 2 103 37253
-3839272 67108864 1 479909
-3840943 0 2 347 11069
-3842819 256 1 132511
-3847156 0 1 961789
-3849256 67108864 1 481157
-3851483 0 2 563 6841
-3852724 0 1 963181
-3855976 67108864 1 481997
-3857603 0 2 701 5503
-3859187 32 1 227011
-3872371 64 1 203809
-3872723 524288 1 53051
-3875099 32 1 227947
-3876724 0 1 969181
-3899752 67108864 1 487469
-3908483 0 2 1709 2287
-3910615 2 1 782123
-3915607 0 2 109 35923
-3916051 0 2 157 24943
-3917371 0 2 113 34667
-3920291 512 1 126461
-3925907 0 2 293 13399
-3927415 2 1 785483
-3930772 0 1 982693
-3935579 1024 1 106367
-3954152 67108864 1 494269
-3956363 32768 1 67057
-3958663 0 2 421 9403
-3959896 33554432 1 494987
-3964276 0 1 991069
-3971243 262144 1 55933
-3978004 0 1 994501
-3981364 0 1 995341
-3986267 0 2 461 8647
-3986435 2 1 797287
-3991135 2 1 798227
-3993064 67108864 1 499133
-3996463 4096 1 92941
-4003811 4 1 571973
-4013656 33554432 1 501707
-4016468 0 1 1004117
-4017172 0 1 1004293
-4017343 8 1 365213
-4021172 0 1 1005293
-4022167 64 1 211693
-4032007 4 1 576001
-4046356 0 1 1011589
-4046627 16 1 311279
-4046651 4 1 578093
-4049287 8 1 368117
-4051259 8192 1 86197
-4054663 0 2 419 9677
-4064884 0 1 1016221
-4068952 33554432 1 508619
-4068971 0 2 467 8713
-4073815 2 1 814763
-4086616 33554432 1 510827
-4089304 33554432 1 511163
-4106836 0 1 1026709
-4112387 0 2 127 32381
-4114903 16 1 316531
-4115915 2 1 823183
-4119587 0 2 991 4157
-4122803 0 2 293 14071
-4126259 0 2 883 4673
-4127531 0 2 313 13187
-4129091 8192 1 87853
-4130164 0 1 1032541
-4137247 0 2 241 17167
-4142987 0 2 151 27437
-4149611 0 2 1609 2579
-4154251 0 2 137 30323
-4157143 64 1 218797
-4158179 2048 1 101419
-4160743 0 2 421 9883
-4173203 0 2 113 36931
-4178027 4 1 596861
-4179572 0 1 1044893
-4185323 0 2 751 5573
-4192756 0 1 1048189
-4199651 0 2 859 4889
-4200052 0 1 1050013
-4201115 2 1 840223
-4202983 32768 1 71237
-4214027 0 2 197 21391
-4219624 67108864 1 527453
-4222907 16 1 324839
-4224635 2 1 844927
-4225051 4096 1 98257
-4227304 67108864 1 528413
-4228148 0 1 1057037
-4236607 0 2 151 28057
-4247531 8192 1 90373
-4248859 128 1 184733
-4249763 4 1 607109
-4259764 0 1 1064941
-4269976 33554432 1 533747
-4273259 0 2 107 39937
-4280296 67108864 1 535037
-4281491 16777216 1 42391
-4283267 128 1 186229
-4289527 8 1 389957
-4290563 0 2 283 15161
-4294739 0 2 167 25717
-4295768 33554432 1 536971
-4302488 33554432 1 537811
-4304771 0 2 179 24049
-4306307 0 2 809 5323
-4310104 33554432 1 538763
-4314251 0 2 347 12433
-4317803 4 1 616829
-4324283 512 1 139493
-4324403 0 2 563 7681
-4333787 0 2 239 18133
-4341943 0 2 139 31237
-4343464 67108864 1 542933
-4349915 2 1 869983
-4356467 256 1 150223
-4364363 0 2 359 12157
-4376219 4194304 1 49171
-4382767 0 2 137 31991
-4383083 0 2 727 6029
-4385459 16 1 337343
-4388963 0 2 197 22279
-4390696 67108864 1 548837
-4398535 2 1 879707
-4400852 0 1 1100213
-4412267 0 2 1123 3929
-4418267 4 1 631181
-4418867 0 2 1039 4253
-4425563 0 2 239 18517
-4443343 0 2 359 12377
-4448363 262144 1 62653
-4451099 16384 1 83983
-4456168 67108864 1 557021
-4456744 67108864 1 557093
-4460843 0 2 607 7349
-4465876 0 1 1116469
-4466708 0 1 1116677
-4468187 128 1 194269
-4479512 33554432 1 559939
-4482419 524288 1 61403
-4482683 16777216 1 44383
-4484771 4096 1 104297
-4488515 2 1 897703
-4495787 128 1 195469
-4496647 1024 1 121531
-4499603 1048576 1 56957
-4500803 0 2 941 4783
-4502915 2 1 900583
-4503208 67108864 1 562901
-4507763 16 1 346751
-4509976 33554432 1 563747
-4525336 33554432 1 565667
-4535363 4 1 647909
-4535939 0 2 2099 2161
-4538584 33554432 1 567323
-4543687 16777216 1 44987
-4547863 0 2 163 27901
-4549931 32 1 267643
-4551083 32768 1 77137
-4554152 67108864 1 569269
-4557947 16384 1 85999
-4560227 4 1 651461
-4566259 128 1 198533
-4572632 33554432 1 571579
-4575572 0 1 1143893
-4576091 16 1 352007
-4582207 4 1 654601
-4586836 0 1 1146709
-4587188 0 1 1146797
-4591988 0 1 1147997
-4600835 2 1 920167
-4601315 2 1 920263
-4610335 2 1 922067
-4613416 67108864 1 576677
-4613483 4 1 659069
-4613843 16 1 354911
-4618763 262144 1 65053
-4620184 33554432 1 577523
-4620212 0 1 1155053
-4622836 0 1 1155709
-4626392 33554432 1 578299
-4638499 512 1 149629
-4645643 0 2 509 9127
-4655243 0 2 191 24373
-4665227 4 1 666461
-4665368 33554432 1 583171
-4680692 0 1 1170173
-4681268 0 1 1170317
-4682435 2 1 936487
-4684468 0 1 1171117
-4687156 0 1 1171789
-4694747 0 2 337 13931
-4702067 0 2 1723 2729
-4705531 0 2 337 13963
-4706915 2 1 941383
-4709507 8 1 428137
-4712411 8 1 428401
-4717931 0 2 1663 2837
-4725016 33554432 1 590627
-4726163 16 1 363551
-4728499 32 1 278147
-4733044 0 1 1183261
-4733224 67108864 1 591653
-4733524 0 1 1183381
-4734899 16 1 364223
-4736596 0 1 1184149
-4746083 1048576 1 60077
-4749812 0 1 1187453
-4750211 0 2 307 15473
-4757003 0 2 131 36313
-4762088 67108864 1 595261
-4770904 33554432 1 596363
-4774807 32 1 280871
-4774888 67108864 1 596861
-4777259 0 2 1021 4679
-4777903 16 1 367531
-4778179 4 1 682597
-4781771 0 2 199 24029
-4787851 524288 1 65587
-4790491 0 2 1223 3917
-4799503 4194304 1 53927
-4800436 0 1 1200109
-4800808 67108864 1 600101
-4801787 0 2 307 15641
-4805243 0 2 1787 2689
-4808243 8 1 437113
-4808884 0 1 1202221
-4809083 0 2 421 11423
-4812227 4 1 687461
-4812803 0 2 919 5237
-4812979 0 2 2063 2333
-4814891 16384 1 90847
-4820603 0 2 1373 3511
-4821016 33554432 1 602627
-4823387 0 2 103 46829
-4828547 0 2 1049 4603
-4828811 16 1 371447
-4831732 0 1 1207933
-4835623 16 1 371971
-4836712 67108864 1 604589
-4836803 0 2 1733 2791
-4838047 32 1 284591
-4841896 67108864 1 605237
-4844027 2048 1 118147
-4848619 2048 1 118259
-4852712 67108864 1 606589
-4854964 0 1 1213741
-4857539 0 2 479 10141
-4857812 0 1 1214453
-4860443 4 1 694349
-4861043 8 1 441913
-4870403 64 1 256337
-4872851 0 2 271 17981
-4873927 0 2 239 20393
-4875412 0 1 1218853
-4880851 0 2 2153 2267
-4901003 0 2 881 5563
-4902952 67108864 1 612869
-4905172 0 1 1226293
-4915096 33554432 1 614387
-4915691 8 1 446881
-4916888 33554432 1 614611
-4917736 67108864 1 614717
-4922728 67108864 1 615341
-4923367 0 2 1321 3727
-4925416 67108864 1 615677
-4925963 4 1 703709
-4931243 0 2 911 5413
-4931435 2 1 986287
-4931747 0 2 821 6007
-4942744 33554432 1 617843
-4947443 0 2 1061 4663
-4952291 128 1 215317
-4953112 33554432 1 619139
-4954024 67108864 1 619253
-4964915 2 1 992983
-4969051 64 1 261529
-4969715 2 1 993943
-4971572 0 1 1242893
-4974323 0 2 107 46489
-4977748 0 1 1244437
-4988147 0 2 389 12823
-4995967 0 2 997 5011
-4996907 0 2 491 10177
-4997299 0 2 197 25367
-5001007 8 1 454637
-5001107 0 2 947 5281
-5002787 32768 1 84793
-5008403 0 2 1933 2591
-5013563 128 1 217981
-5016052 0 1 1254013
-5021428 0 1 1255357
-5032567 0 2 233 21599
-5036852 0 1 1259213
-5046347 65536 1 82727
-5049844 0 1 1262461
-5055703 0 2 607 8329
-5055739 16 1 388903
-5058388 0 1 1264597
-5076923 16384 1 95791
-5089688 33554432 1 636211
-5092051 1024 1 137623
-5092739 0 2 877 5807
-5094443 0 2 2113 2411
-5097304 33554432 1 637163
-5102287 0 2 2111 2417
-5103064 33554432 1 637883
-5105363 256 1 176047
-5106827 8 1 464257
-5144596 0 1 1286149
-5144627 0 2 241 21347
-5144779 0 2 1327 3877
-5146228 0 1 1286557
-5156056 33554432 1 644507
-5161876 0 1 1290469
-5169923 8 1 469993
-5191336 67108864 1 648917
-5196904 67108864 1 649613
-5197207 0 2 167 31121
-5199683 0 2 157 33119
-5213863 0 2 953 5471
-5214424 33554432 1 651803
-5215835 2 1 1043167
-5220916 0 1 1305229
-5222243 16 1 401711
-5233204 0 1 1308301
-5234363 128 1 227581
-5236072 67108864 1 654509
-5245699 4096 1 121993
-5252776 67108864 1 656597
-5253707 8192 1 111781
-5259827 64 1 276833
-5261459 4 1 751637
-5261843 0 2 313 16811
-5263444 0 1 1315861
-5265112 33554432 1 658139
-5272115 2 1 1054423
-5302699 8388608 1 54667
-5315603 0 2 109 48767
-5330723 0 2 1879 2837
-5338516 0 1 1334629
-5340019 0 2 109 48991
-5344564 0 1 1336141
-5345723 1024 1 144479
-5345915 2 1 1069183
-5348435 2 1 1069687
-5350447 4096 1 124429
-5356619 256 1 184711
-5359384 33554432 1 669923
-5361332 0 1 1340333
-5361731 0 2 1693 3167
-5387003 0 2 103 52301
-5394196 0 1 1348549
-5398291 0 2 281 19211
-5398451 64 1 284129
-5407667 0 2 193 28019
-5408483 64 1 284657
-5409727 0 2 241 22447
-5410411 0 2 1283 4217
-5411572 0 1 1352893
-5413099 0 2 401 13499
-5427028 0 1 1356757
-5430707 0 2 109 49823
-5431579 0 2 109 49831
-5444248 33554432 1 680531
-5450059 0 2 1777 3067
-5456315 2 1 1091263
-5460451 32 1 321203
-5461019 256 1 188311
-5466227 16 1 420479
-5467043 524288 1 74891
-5469208 33554432 1 683651
-5470744 33554432 1 683843
-5470996 0 1 1367749
-5493571 0 2 661 8311
-5496367 0 2 131 41957
-5497307 32 1 323371
-5498507 4 1 785501
-5498579 524288 1 75323
-5500835 2 1 1100167
-5503019 32 1 323707
-5503651 0 2 457 12043
-5504003 0 2 577 9539
-5512339 4 1 787477
-5519656 67108864 1 689957
-5523139 0 2 109 50671
-5523707 4 1 789101
-5523796 0 1 1380949
-5524276 0 1 1381069
-5534267 131072 1 82601
-5534407 0 2 157 35251
-5539067 128 1 240829
-5539115 2 1 1107823
-5543987 0 2 337 16451
-5562947 16 1 427919
-5568916 0 1 1392229
-5570051 0 2 829 6719
-5571092 0 1 1392773
-5571928 33554432 1 696491
-5573044 0 1 1393261
-5574203 512 1 179813
-5575763 0 2 137 40699
-5577947 256 1 192343
-5579284 0 1 1394821
-5580103 262144 1 78593
-5580739 0 2 211 26449
-5581099 4096 1 129793
-5581864 67108864 1 697733
-5586707 4 1 798101
-5592347 0 2 1459 3833
-5592803 512 1 180413
-5594164 0 1 1398541
-5597011 4 1 799573
-5598196 0 1 1399549
-5599579 32 1 329387
-5608411 0 2 859 6529
-5610947 64 1 295313
-5610979 8 1 510089
-5612056 33554432 1 701507
-5623252 0 1 1405813
-5625923 131072 1 83969
-5632171 128 1 244877
-5636915 2 1 1127383
-5648372 0 1 1412093
-5649428 0 1 1412357
-5654243 4 1 807749
-5654296 33554432 1 706787
-5659828 0 1 1414957
-5664323 4 1 809189
-5672483 0 2 857 6619
-5672867 16777216 1 56167
-5677411 0 2 1061 5351
-5677579 0 2 1721 3299
-5679316 0 1 1419829
-5681915 2 1 1136383
-5683423 32 1 334319
-5683459 1024 1 153607
-5684248 33554432 1 710531
-5684731 16 1 437287
-5692459 65536 1 93319
-5705771 128 1 248077
-5706868 0 1 1426717
-5710303 256 1 196907
-5733947 32 1 337291
-5737192 67108864 1 717149
-5748532 0 1 1437133
-5758187 0 2 599 9613
-5765236 0 1 1441309
-5771059 4 1 824437
-5784424 67108864 1 723053
-5792963 8 1 526633
-5795315 2 1 1159063
-5800883 8 1 527353
-5813747 4194304 1 65323
-5815835 2 1 1163167
-5816131 0 2 109 53359
-5820148 0 1 1455037
-5831419 8 1 530129
-5838115 2 1 1167623
-5838388 0 1 1459597
-5851291 1024 1 158143
-5853139 0 2 601 9739
-5856331 16 1 450487
-5859635 2 1 1171927
-5863523 4096 1 136361
-5865127 0 2 199 29473
-5868244 0 1 1467061
-5874707 32 1 345571
-5877727 0 2 239 24593
-5880779 0 2 359 16381
-5887411 0 2 523 11257
-5889083 0 2 593 9931
-5889332 0 1 1472333
-5899444 0 1 1474861
-5900435 2 1 1180087
-5915944 67108864 1 739493
-5918932 0 1 1479733
-5929204 0 1 1482301
-5949556 0 1 1487389
-5952851 0 2 311 19141
-5958635 2 1 1191727
-5959144 67108864 1 744893
-5964467 32 1 350851
-5974099 0 2 461 12959
-5975003 0 2 487 12269
-5979412 0 1 1494853
-5980187 0 2 137 43651
