-2351
-4799
-7583
-7724
-8599
-9404
-10316
-10847
-11276
-11447
-12044
-12391
-13484
-15271
-16879
-16979
-17132
-17891
-18092
-18539
-18764
-18899
-19196
-20044
-21611
-23404
-23468
-25292
-25903
-26339
-26764
-27967
-29023
-30203
-30332
-30727
-31628
-31643
-32003
-32236
-32492
-32684
-32843
-32972
-33343
-33548
-33563
-34396
-34508
-34988
-35051
-36364
-36683
-36748
-36943
-37019
-38867
-39107
-39244
-39436
-40063
-40268
-41243
-41387
-41851
-43084
-43388
-43543
-45788
-46924
-48428
-49499
-49564
-50188
-50363
-51347
-52163
-52684
-53164
-53356
-54083
-54892
-55051
-55547
-57107
-57676
-58043
-58252
-61043
-61084
-61708
-62603
-65171
-65356
-65731
-65963
-66851
-67516
-67948
-68428
-70828
-71387
-71843
-71884
-72379
-72739
-73043
-73699
-73708
-73939
-74779
-75916
-77731
-77932
-78124
-78203
-78707
-79276
-79939
-80147
-80611
-81203
-83788
-85516
-85523
-86491
-86627
-86851
-88108
-89659
-89867
-89932
-90227
-91852
-92908
-92987
-95308
-98299
-100907
-102019
-102412
-102587
-103612
-104347
-105019
-106411
-106732
-108211
-109708
-111868
-113083
-113548
-114892
-115468
-116092
-116867
-117043
-117203
-117811
-118051
-119971
-120427
-120811
-122908
-122971
-126739
-127219
-127852
-129763
-131212
-133372
-134587
-135019
-136588
-139852
-140611
-141292
-144139
-144259
-144268
-144748
-145819
-145963
-146683
-147772
-148147
-149011
-149827
-150883
-153379
-155203
-156172
-156619
-160243
-160252
-161611
-161779
-161932
-167443
-167491
-173923
-174172
-176299
-176899
-177763
-178732
-180811
-180907
-181123
-182443
-183307
-183523
-184108
-185947
-187123
-187507
-190027
-191467
-192091
-192667
-192883
-193147
-194371
-197299
-198412
-200227
-200587
-201787
-202243
-205132
-205603
-206803
-207139
-210499
-210508
-211507
-216379
-217027
-222163
-222412
-222883
-227011
-229123
-233347
-235243
-235852
-236707
-237868
-238363
-239779
-245683
-245932
-246907
-251491
-251707
-257443
-261523
-263083
-267403
-267523
-277531
-277747
-284227
-284707
-285763
-286483
-287851
-290707
-296347
-297067
-301123
-301267
-303307
-305947
-314227
-316507
-322627
-326083
-332203
-333283
-334387
-334987
-336667
-341083
-341443
-341947
-348163
-354643
-359587
-361747
-362707
-364747
-384547
-397027
-399403
-401347
-417187
-434683
-436027
-436963
-439723
-441043
-443227
-444403
-450643
-480043
-501187
-622603
-729787
-827227
-991027
