-201599
-257399
-303431
-308447
-353711
-407471
-483239
-531079
-566551
-569927
-594023
-636407
-638959
-640583
-663983
-687767
-692567
-720743
-814063
-848119
-893359
-899863
-935447
-944551
-948151
-949967
-959479
-967111
-973591
-985951
-987559
-1002887
-1017319
-1033463
-1054639
-1082171
-1083079
-1087687
-1093943
-1101319
-1124239
-1152343
-1161871
-1162927
-1163311
-1205119
-1252663
-1271791
-1275319
-1305251
-1327091
-1335391
-1370839
-1384351
-1385383
-1463599
-1489451
-1491247
-1527047
-1528019
-1581011
-1637239
-1696951
-1709599
-1746439
-1799983
-1802503
-1803583
-1806971
-1826311
-1829143
-1842419
-1929271
-1934579
-1951303
-1967171
-2007823
-2046223
-2048339
-2063819
-2087219
-2105503
-2137571
-2154731
-2172943
-2182567
-2184223
-2202419
-2251451
-2298151
-2302019
-2342771
-2416807
-2430011
-2444699
-2448827
-2453887
-2465167
-2535103
-2550607
-2576771
-2600287
-2614159
-2645051
-2655727
-2681863
-2691827
-2696527
-2776427
-2813287
-2842691
-2856779
-2861623
-2874299
-2875331
-2877899
-2922779
-2935811
-2965811
-3005579
-3016379
-3020651
-3038747
-3097327
-3139307
-3177847
-3189299
-3200123
-3203507
-3229783
-3271691
-3284143
-3292019
-3314383
-3378103
-3415183
-3441491
-3450367
-3476503
-3491287
-3510371
-3527819
-3539387
-3559571
-3599483
-3601063
-3618343
-3672659
-3711943
-3742283
-3745331
-3751183
-3761647
-3775663
-3829283
-3851047
-3852539
-3852683
-3873367
-3888007
-3903703
-3938939
-4061023
-4072091
-4121387
-4133383
-4163219
-4172747
-4225787
-4232407
-4239971
-4259243
-4278947
-4281583
-4285763
-4301987
-4327019
-4333739
-4364147
-4387931
-4393811
-4401563
-4433147
-4434811
-4493147
-4493647
-4496491
-4512971
-4559483
-4564907
-4723139
-4727171
-4736647
-4773499
-4810691
-4968683
-4990187
-5022683
-5023663
-5051843
-5080067
-5090003
-5107891
-5144603
-5179547
-5220323
-5238019
-5268083
-5275427
-5300527
-5304571
-5316203
-5342891
-5345387
-5481491
-5554067
-5582267
-5652107
-5694323
-5706083
-5712859
-5763827
-5782187
-5822387
-5870251
-5872459
-5911163
-5942603
-6093499
