-154271 16 1 11867
-190511 32768 1 3229
-192839 1048576 1 2441
-255791 0 2 179 1429
-260471 64 1 13709
-308351 64 1 16229
-326519 32 1 19207
-331007 32 1 19471
-349799 0 2 499 701
-351623 0 2 227 1549
-358823 128 1 15601
-370343 32768 1 6277
-402431 128 1 17497
-422951 0 2 151 2801
-428183 4 1 61169
-430223 0 2 109 3947
-433247 2048 1 10567
-437399 64 1 23021
-446423 0 2 433 1031
-460103 4 1 65729
-485807 4 1 69401
-505199 0 2 557 907
-510863 0 2 487 1049
-529487 4 1 75641
-529583 0 2 653 811
-529823 4 1 75689
-563423 4 1 80489
-580391 4 1 82913
-592439 64 1 31181
-603224 33554432 1 75403
-604847 0 2 569 1063
-608327 128 1 26449
-609439 4096 1 14173
-633044 0 1 158261
-668071 0 2 181 3691
-677431 0 2 103 6577
-685016 33554432 1 85627
-692015 2 1 138403
-697343 0 2 683 1021
-703016 67108864 1 87877
-704084 0 1 176021
-729944 33554432 1 91243
-738776 33554432 1 92347
-747143 2048 1 18223
-747191 8388608 1 7703
-754484 0 1 188621
-759464 67108864 1 94933
-766319 0 2 691 1109
-771383 0 2 757 1019
-789287 0 2 283 2789
-791135 2 1 158227
-799111 0 2 139 5749
-804143 4096 1 18701
-817847 8192 1 17401
-826079 16777216 1 8179
-831319 4096 1 19333
-838424 33554432 1 104803
-841351 4 1 120193
-862111 0 2 131 6581
-871511 64 1 45869
-873199 0 2 109 8011
-879079 0 2 787 1117
-881687 256 1 30403
-886159 32 1 52127
-892703 4 1 127529
-897704 67108864 1 112213
-920071 4096 1 21397
-924863 64 1 48677
-945559 0 2 107 8837
-951143 4194304 1 10687
-952999 0 2 571 1669
-967703 8 1 87973
-973583 16 1 74891
-987863 1024 1 26699
-999391 8388608 1 10303
-1003796 0 1 250949
-1005167 0 2 443 2269
-1028359 16384 1 19403
-1029524 0 1 257381
-1034311 8388608 1 10663
-1035079 32 1 60887
-1036712 67108864 1 129589
-1036999 1024 1 28027
-1041799 8 1 94709
-1044511 16 1 80347
-1046543 0 2 137 7639
-1049012 0 1 262253
-1052423 0 2 659 1597
-1055935 2 1 211187
-1061015 2 1 212203
-1067807 16 1 82139
-1077991 524288 1 14767
-1092527 2048 1 26647
-1099879 8 1 99989
-1106207 32 1 65071
-1120231 4 1 160033
-1130207 16 1 86939
-1135591 0 2 107 10613
-1152319 4 1 164617
-1153304 33554432 1 144163
-1155031 32 1 67943
-1156724 0 1 289181
-1157423 64 1 60917
-1158548 0 1 289637
-1162519 0 2 349 3331
-1164319 16 1 89563
-1168207 256 1 40283
-1179391 1048576 1 14929
-1182631 1024 1 31963
-1216232 67108864 1 152029
-1228615 2 1 245723
-1239991 4096 1 28837
-1251751 8192 1 26633
-1256119 0 2 463 2713
-1261783 0 2 163 7741
-1263727 4096 1 29389
-1268531 8 1 115321
-1279892 0 1 319973
-1298903 0 2 271 4793
-1301935 2 1 260387
-1306111 0 2 223 5857
-1306964 0 1 326741
-1307411 4 1 186773
-1317143 32 1 77479
-1325207 16 1 101939
-1330967 8 1 120997
-1358791 4 1 194113
-1362968 33554432 1 170371
-1368583 0 2 227 6029
-1375999 64 1 72421
-1380584 67108864 1 172573
-1388579 128 1 60373
-1390711 4 1 198673
-1395391 0 2 151 9241
-1399859 256 1 48271
-1400935 2 1 280187
-1411892 0 1 352973
-1418339 16 1 109103
-1421119 4 1 203017
-1428727 2048 1 34847
-1430599 256 1 49331
-1435967 16 1 110459
-1437971 0 2 691 2081
-1441172 0 1 360293
-1445684 0 1 361421
-1452679 0 2 1031 1409
-1461871 4096 1 33997
-1462231 65536 1 23971
-1463531 0 2 139 10529
-1465903 1024 1 39619
-1467383 1024 1 39659
-1473439 8 1 133949
-1484215 2 1 296843
-1484564 0 1 371141
-1485851 32 1 87403
-1496903 8192 1 31849
-1510999 4 1 215857
-1521967 0 2 109 13963
-1523023 0 2 139 10957
-1529219 0 2 167 9157
-1529527 16384 1 28859
-1538291 0 2 1069 1439
-1541263 256 1 53147
-1555139 0 2 229 6791
-1558015 2 1 311603
-1559887 4 1 222841
-1586983 512 1 51193
-1588007 0 2 557 2851
-1596223 128 1 69401
-1618999 4194304 1 18191
-1622983 0 2 439 3697
-1627183 0 2 193 8431
-1627688 67108864 1 203461
-1629439 4 1 232777
-1647607 16 1 126739
-1648451 4 1 235493
-1648616 67108864 1 206077
-1651135 2 1 330227
-1655651 0 2 307 5393
-1684927 0 2 179 9413
-1692487 131072 1 25261
-1694651 4 1 242093
-1702063 8 1 154733
-1703647 8 1 154877
-1705279 512 1 55009
-1707247 0 2 593 2879
-1724411 16 1 132647
-1748311 16384 1 32987
-1759832 33554432 1 219979
-1760311 4 1 251473
-1763239 131072 1 26317
-1763527 0 2 859 2053
-1772215 2 1 354443
-1777364 0 1 444341
-1783183 0 2 283 6301
-1794392 33554432 1 224299
-1805023 8 1 164093
-1810879 4 1 258697
-1812991 0 2 197 9203
-1817983 65536 1 29803
-1829359 4 1 261337
-1831064 33554432 1 228883
-1839512 33554432 1 229939
-1845059 4194304 1 20731
-1850792 67108864 1 231349
-1852519 64 1 97501
-1855016 67108864 1 231877
-1855259 4 1 265037
-1856276 0 1 464069
-1857463 0 2 571 3253
-1857559 8 1 168869
-1860487 0 2 1361 1367
-1863188 0 1 465797
-1866728 67108864 1 233341
-1872899 4 1 267557
-1885976 33554432 1 235747
-1891999 0 2 701 2699
-1893272 33554432 1 236659
-1901623 0 2 359 5297
-1909571 0 2 109 17519
-1921183 8 1 174653
-1923971 4 1 274853
-1930739 131072 1 28817
-1940072 67108864 1 242509
-1953971 0 2 257 7603
-1954591 131072 1 29173
-1960451 128 1 85237
-1964527 2097152 1 23669
-1965224 67108864 1 245653
-1965515 2 1 393103
-1968308 0 1 492077
-1979527 8 1 179957
-1983607 1024 1 53611
-1986011 0 2 541 3671
-1991651 0 2 431 4621
-1993135 2 1 398627
-2008543 0 2 109 18427
-2012503 0 2 503 4001
-2016539 4 1 288077
-2029739 256 1 69991
-2042324 0 1 510581
-2046539 8 1 186049
-2048071 0 2 283 7237
-2050388 0 1 512597
-2062831 32 1 121343
-2063791 0 2 211 9781
-2064152 33554432 1 258019
-2067992 33554432 1 258499
-2075048 67108864 1 259381
-2080183 4 1 297169
-2093096 67108864 1 261637
-2097176 33554432 1 262147
-2098451 128 1 91237
-2099911 8 1 190901
-2107019 0 2 233 9043
-2115247 0 2 113 18719
-2121079 0 2 103 20593
-2124779 32 1 124987
-2129492 0 1 532373
-2136751 0 2 227 9413
-2144411 0 2 827 2593
-2149019 0 2 1361 1579
-2150479 0 2 577 3727
-2161076 0 1 540269
-2173784 33554432 1 271723
-2180407 0 2 103 21169
-2180411 4194304 1 24499
-2195503 256 1 75707
-2216623 0 2 727 3049
-2216651 0 2 131 16921
-2218639 512 1 71569
-2225651 0 2 229 9719
-2232515 2 1 446503
-2235572 0 1 558893
-2239064 33554432 1 279883
-2241847 16384 1 42299
-2242327 0 2 131 17117
-2251087 0 2 421 5347
-2257159 0 2 271 8329
-2260399 0 2 331 6829
-2262371 0 2 257 8803
-2271179 0 2 601 3779
-2272532 0 1 568133
-2273192 67108864 1 284149
-2281523 0 2 1367 1669
-2293159 8 1 208469
-2295896 33554432 1 286987
-2297263 128 1 99881
-2303191 8 1 209381
-2308568 33554432 1 288571
-2313923 0 2 233 9931
-2314472 67108864 1 289309
-2317303 256 1 79907
-2332207 0 2 113 20639
-2340308 0 1 585077
-2341019 32 1 137707
-2341663 256 1 80747
-2344619 64 1 123401
-2354171 512 1 75941
-2359567 4 1 337081
-2371807 0 2 353 6719
-2375579 0 2 1061 2239
-2391971 8192 1 50893
-2393891 0 2 1409 1699
-2398388 0 1 599597
-2405528 33554432 1 300691
-2409083 0 2 191 12613
-2410879 0 2 503 4793
-2413091 128 1 104917
-2415731 0 2 997 2423
-2420504 33554432 1 302563
-2424611 4 1 346373
-2426612 0 1 606653
-2428568 33554432 1 303571
-2459263 0 2 131 18773
-2465108 0 1 616277
-2466659 16 1 189743
-2467835 2 1 493567
-2475007 128 1 107609
-2476207 0 2 1489 1663
-2476211 0 2 331 7481
-2487064 33554432 1 310883
-2490452 0 1 622613
-2497624 33554432 1 312203
-2503543 4 1 357649
-2503811 32 1 147283
-2519623 8192 1 53609
-2529704 67108864 1 316213
-2534507 0 2 967 2621
-2536279 128 1 110273
-2542447 64 1 133813
-2550851 0 2 1321 1931
-2556779 0 2 353 7243
-2561579 128 1 111373
-2564372 0 1 641093
-2564852 0 1 641213
-2579215 2 1 515843
-2585588 0 1 646397
-2593748 0 1 648437
-2594315 2 1 518863
-2600363 0 2 173 15031
-2609099 64 1 137321
-2610419 4 1 372917
-2614735 2 1 522947
-2615171 16 1 201167
-2639507 16 1 203039
-2647976 67108864 1 330997
-2653663 0 2 487 5449
-2653739 8 1 241249
-2676203 262144 1 37693
-2689816 33554432 1 336227
-2690023 4 1 384289
-2690287 128 1 116969
-2697535 2 1 539507
-2707543 2097152 1 32621
-2708939 8192 1 57637
-2716211 0 2 191 14221
-2724244 0 1 681061
-2730548 0 1 682637
-2730799 0 2 1301 2099
-2736247 64 1 144013
-2738339 0 2 1279 2141
-2751512 33554432 1 343939
-2758691 16 1 212207
-2763103 4 1 394729
-2770567 0 2 181 15307
-2771284 0 1 692821
-2771624 67108864 1 346453
-2772851 0 2 109 25439
-2774579 0 2 139 19961
-2785396 0 1 696349
-2795224 33554432 1 349403
-2799343 4096 1 65101
-2799487 0 2 191 14657
-2802203 0 2 1171 2393
-2803567 16 1 215659
-2804468 0 1 701117
-2805428 0 1 701357
-2813699 4 1 401957
-2820799 8192 1 60017
-2821684 0 1 705421
-2850611 32 1 167683
-2867551 0 2 401 7151
-2869931 64 1 151049
-2870651 4 1 410093
-2883604 0 1 720901
-2886803 64 1 151937
-2890984 67108864 1 361373
-2893684 0 1 723421
-2897239 0 2 107 27077
-2899207 0 2 647 4481
-2908712 67108864 1 363589
-2911499 0 2 109 26711
-2921176 33554432 1 365147
-2921935 2 1 584387
-2925007 0 2 643 4549
-2930335 2 1 586067
-2931559 0 2 113 25943
-2939311 0 2 103 28537
-2947787 0 2 199 14813
-2956663 0 2 293 10091
-2964244 0 1 741061
-2974232 33554432 1 371779
-2978435 2 1 595687
-2979688 67108864 1 372461
-2985368 33554432 1 373171
-2994919 0 2 337 8887
-3002963 2048 1 73243
-3004135 2 1 600827
-3005215 2 1 601043
-3014056 67108864 1 376757
-3020003 4 1 431429
-3024611 2048 1 73771
-3034567 65536 1 49747
-3038824 67108864 1 379853
-3053815 2 1 610763
-3061207 32 1 180071
-3064856 33554432 1 383107
-3068584 67108864 1 383573
-3070303 0 2 181 16963
-3085327 4 1 440761
-3085396 0 1 771349
-3086387 0 2 859 3593
-3087803 0 2 757 4079
-3093812 0 1 773453
-3117179 16 1 239783
-3122167 0 2 211 14797
-3122891 0 2 149 20959
-3125023 8 1 284093
-3133063 0 2 347 9029
-3144244 0 1 786061
-3149236 0 1 787309
-3152792 33554432 1 394099
-3158552 33554432 1 394819
-3165103 0 2 929 3407
-3166808 33554432 1 395851
-3175015 2 1 635003
-3176267 0 2 157 20231
-3183188 0 1 795797
-3183668 0 1 795917
-3183731 512 1 102701
-3195703 4 1 456529
-3195992 33554432 1 399499
-3199739 8388608 1 32987
-3202547 0 2 421 7607
-3205396 0 1 801349
-3208019 32 1 188707
-3216179 32 1 189187
-3216851 8 1 292441
-3218647 0 2 103 31249
-3235303 0 2 113 28631
-3242164 0 1 810541
-3242983 256 1 111827
-3243803 0 2 293 11071
-3247576 33554432 1 405947
-3260584 67108864 1 407573
-3263192 33554432 1 407899
-3276011 262144 1 46141
-3283739 0 2 811 4049
-3301543 4 1 471649
-3304207 0 2 503 6569
-3313235 2 1 662647
-3313624 33554432 1 414203
-3315463 0 2 593 5591
-3317656 33554432 1 414707
-3337067 1024 1 90191
-3340303 0 2 409 8167
-3343927 0 2 593 5639
-3350771 8192 1 71293
-3352307 4 1 478901
-3362792 67108864 1 420349
-3364568 33554432 1 420571
-3371047 256 1 116243
-3372563 0 2 317 10639
-3374356 0 1 843589
-3376423 128 1 146801
-3387796 0 1 846949
-3393035 2 1 678607
-3403787 8192 1 72421
-3403931 128 1 147997
-3407651 16 1 262127
-3409619 0 2 257 13267
-3414251 0 2 541 6311
-3415811 4 1 487973
-3417367 0 2 229 14923
-3419219 0 2 1499 2281
-3421931 0 2 1621 2111
-3425236 0 1 856309
-3429727 4 1 489961
-3433163 4096 1 79841
-3435539 0 2 113 30403
-3435752 67108864 1 429469
-3446531 8 1 313321
-3467603 1024 1 93719
-3475307 8 1 315937
-3486872 33554432 1 435859
-3493739 64 1 183881
-3514712 33554432 1 439339
-3515944 67108864 1 439493
-3522247 32 1 207191
-3523235 2 1 704647
-3543607 0 2 1559 2273
-3545651 4096 1 82457
-3546068 0 1 886517
-3546491 16 1 272807
-3546707 16384 1 66919
-3556259 4 1 508037
-3573659 0 2 523 6833
-3575023 0 2 227 15749
-3575167 0 2 179 19973
-3581236 0 1 895309
-3585515 2 1 717103
-3591124 0 1 897781
-3594152 67108864 1 449269
-3594904 33554432 1 449363
-3600127 0 2 1019 3533
-3603304 67108864 1 450413
-3611288 33554432 1 451411
-3623819 0 2 1487 2437
-3626767 0 2 331 10957
-3629656 33554432 1 453707
-3629672 67108864 1 453709
-3646835 2 1 729367
-3646907 8 1 331537
-3658691 0 2 293 12487
-3689747 0 2 443 8329
-3695651 0 2 661 5591
-3700663 0 2 521 7103
-3713915 2 1 742783
-3722023 0 2 109 34147
-3733864 67108864 1 466733
-3744059 8 1 340369
-3763283 128 1 163621
-3767528 67108864 1 470941
-3769384 67108864 1 471173
-3772291 256 1 130079
-3778303 0 2 251 15053
-3781144 33554432 1 472643
-3782315 2 1 756463
-3783443 0 2 181 20903
-3786932 0 1 946733
-3786967 4096 1 88069
-3794228 0 1 948557
-3805876 0 1 951469
-3808499 0 2 229 16631
-3808687 0 2 491 7757
-3827027 0 2 1061 3607
-3828712 67108864 1 478589
-3842027 4 1 548861
-3846184 67108864 1 480773
-3846443 524288 1 52691
-3846452 0 1 961613
-3848003 0 2 311 12373
-3856232 67108864 1 482029
-3871807 512 1 124897
-3878824 67108864 1 484853
-3886663 8 1 353333
-3888488 67108864 1 486061
-3888779 0 2 1621 2399
-3902647 4 1 557521
-3908267 8 1 355297
-3911819 32 1 230107
-3914651 16 1 301127
-3930664 67108864 1 491333
-3932648 67108864 1 491581
-3939304 67108864 1 492413
-3939736 33554432 1 492467
-3940403 0 2 229 17207
-3950171 32 1 232363
-3964139 0 2 461 8599
-3964739 0 2 257 15427
-3971291 131072 1 59273
-3981608 67108864 1 497701
-4002664 67108864 1 500333
-4007732 0 1 1001933
-4010536 67108864 1 501317
-4013915 2 1 802783
-4020703 0 2 677 5939
-4022771 0 2 347 11593
-4024148 0 1 1006037
-4034603 0 2 311 12973
-4036628 0 1 1009157
-4046219 262144 1 56989
-4047256 33554432 1 505907
-4052056 33554432 1 506507
-4055863 4 1 579409
-4058228 0 1 1014557
-4063208 67108864 1 507901
-4064387 0 2 193 21059
-4065707 0 2 1699 2393
-4067764 0 1 1016941
-4076699 8 1 370609
-4079263 0 2 211 19333
-4085044 0 1 1021261
-4085363 2048 1 99643
-4110899 16 1 316223
-4117087 16 1 316699
-4121143 16 1 317011
-4126744 33554432 1 515843
-4127411 0 2 1283 3217
-4127867 512 1 133157
-4127987 1048576 1 52253
-4131203 16777216 1 40903
-4136099 8 1 376009
-4137428 0 1 1034357
-4142623 512 1 133633
-4142932 0 1 1035733
-4145432 33554432 1 518179
-4148627 4 1 592661
-4151459 16 1 319343
-4152491 4 1 593213
-4155707 0 2 661 6287
-4163956 0 1 1040989
-4164491 0 2 1723 2417
-4169524 0 1 1042381
-4172891 0 2 1931 2161
-4194923 0 2 431 9733
-4206635 2 1 841327
-4207327 0 2 131 32117
-4208407 4 1 601201
-4227752 67108864 1 528469
-4229051 512 1 136421
-4233844 0 1 1058461
-4234523 0 2 2029 2087
-4246516 0 1 1061629
-4246687 0 2 277 15331
-4256843 0 2 563 7561
-4263851 0 2 137 31123
-4270567 4 1 610081
-4271315 2 1 854263
-4272232 67108864 1 534029
-4278707 0 2 167 25621
-4283099 32 1 251947
-4293691 0 2 379 11329
-4294868 0 1 1073717
-4298747 0 2 167 25741
-4304299 524288 1 58963
-4308487 0 2 751 5737
-4317227 0 2 479 9013
-4317563 0 2 1951 2213
-4326932 0 1 1081733
-4333807 0 2 1019 4253
-4336715 2 1 867343
-4336936 67108864 1 542117
-4337716 0 1 1084429
-4341076 0 1 1085269
-4342168 33554432 1 542771
-4342451 0 2 109 39839
-4350947 65536 1 71327
-4360052 0 1 1090013
-4364263 0 2 311 14033
-4366903 64 1 229837
-4383247 8 1 398477
-4384564 0 1 1096141
-4388404 0 1 1097101
-4388915 2 1 877783
-4415651 0 2 499 8849
-4419059 128 1 192133
-4431124 0 1 1107781
-4432499 0 2 563 7873
-4440611 4 1 634373
-4446632 67108864 1 555829
-4447763 128 1 193381
-4448915 2 1 889783
-4449251 0 2 139 32009
-4465183 0 2 373 11971
-4478651 0 2 719 6229
-4481108 0 1 1120277
-4487459 131072 1 66977
-4488152 33554432 1 561019
-4498163 16384 1 84871
-4498907 4 1 642701
-4499672 33554432 1 562459
-4500515 2 1 900103
-4511843 4 1 644549
-4513832 67108864 1 564229
-4515515 2 1 903103
-4535767 0 2 1069 4243
-4536424 67108864 1 567053
-4539035 2 1 907807
-4552447 32 1 267791
-4555499 16 1 350423
-4556243 0 2 1117 4079
-4561835 2 1 912367
-4562836 0 1 1140709
-4567667 16 1 351359
-4570163 16 1 351551
-4574047 2097152 1 55109
-4577435 2 1 915487
-4583623 8 1 416693
-4588456 67108864 1 573557
-4588547 0 2 103 44549
-4595491 32 1 270323
-4595732 0 1 1148933
-4597336 33554432 1 574667
-4598243 16 1 353711
-4604987 0 2 881 5227
-4606568 67108864 1 575821
-4608724 0 1 1152181
-4611611 0 2 1321 3491
-4616263 0 2 389 11867
-4623487 8 1 420317
-4625011 262144 1 65141
-4626964 0 1 1156741
-4630567 128 1 201329
-4636783 0 2 337 13759
-4637524 0 1 1159381
-4638203 128 1 201661
-4649012 0 1 1162253
-4653779 16 1 357983
-4658228 0 1 1164557
-4664123 0 2 283 16481
-4675903 0 2 199 23497
-4681883 4096 1 108881
-4691224 33554432 1 586403
-4697131 0 2 181 25951
-4700503 0 2 149 31547
-4702868 0 1 1175717
-4710964 0 1 1177741
-4714235 2 1 942847
-4721267 0 2 457 10331
-4722127 64 1 248533
-4723412 0 1 1180853
-4725203 4 1 675029
-4733315 2 1 946663
-4734232 33554432 1 591779
-4740487 8388608 1 48871
-4742644 0 1 1185661
-4749379 0 2 137 34667
-4750691 8 1 431881
-4755203 1024 1 128519
-4761659 4 1 680237
-4762804 0 1 1190701
-4780087 16 1 367699
-4786427 0 2 521 9187
-4793176 33554432 1 599147
-4797844 0 1 1199461
-4812823 0 2 151 31873
-4823272 67108864 1 602909
-4827035 2 1 965407
-4844971 131072 1 72313
-4873427 16 1 374879
-4885087 524288 1 66919
-4886296 33554432 1 610787
-4889704 67108864 1 611213
-4889867 8388608 1 50411
-4896139 0 2 409 11971
-4897652 0 1 1224413
-4904371 0 2 1163 4217
-4905083 32768 1 83137
-4907284 0 1 1226821
-4907939 1024 1 132647
-4916267 0 2 2029 2423
-4921571 0 2 181 27191
-4957352 67108864 1 619669
-4975907 256 1 171583
-4992467 0 2 593 8419
-4992916 0 1 1248229
-4997672 67108864 1 624709
-4999619 0 2 2143 2333
-5002207 4 1 714601
-5005547 8192 1 106501
-5007859 128 1 217733
-5011715 2 1 1002343
-5015143 4 1 716449
-5023183 8 1 456653
-5023988 0 1 1255997
-5031227 128 1 218749
-5031976 67108864 1 628997
-5039339 0 2 457 11027
-5045492 0 1 1261373
-5049496 33554432 1 631187
-5049563 0 2 2003 2521
-5050859 8 1 459169
-5056451 64 1 266129
-5060387 16384 1 95479
-5064788 0 1 1266197
-5070931 1048576 1 64189
-5087023 0 2 541 9403
-5091827 16 1 391679
-5104619 16 1 392663
-5106515 2 1 1021303
-5118083 65536 1 83903
-5121131 32 1 301243
-5121635 2 1 1024327
-5127256 33554432 1 640907
-5138059 4194304 1 57731
-5144771 0 2 1087 4733
-5145587 0 2 839 6133
-5159464 67108864 1 644933
-5161771 262144 1 72701
-5165027 4 1 737861
-5168116 0 1 1292029
-5168339 8 1 469849
-5169139 32 1 304067
-5177812 0 1 1294453
-5181976 33554432 1 647747
-5186647 65536 1 85027
-5187892 0 1 1296973
-5193463 8 1 472133
-5199371 0 2 419 12409
-5202467 0 2 241 21587
-5203043 4096 1 121001
-5214107 512 1 168197
-5216627 16 1 401279
-5227931 32768 1 88609
-5231123 0 2 107 48889
-5231192 33554432 1 653899
-5241172 0 1 1310293
-5249588 0 1 1312397
-5261987 0 2 293 17959
-5262947 2097152 1 63409
-5267915 2 1 1053583
-5267963 0 2 757 6959
-5279099 4 1 754157
-5279507 0 2 929 5683
-5287651 16384 1 99767
-5295947 512 1 170837
-5312627 0 2 1747 3041
-5316436 0 1 1329109
-5321027 128 1 231349
-5338219 0 2 229 23311
-5350939 8 1 486449
-5380148 0 1 1345037
-5380427 16 1 413879
-5383643 4096 1 125201
-5384419 0 2 127 42397
-5389652 0 1 1347413
-5398168 33554432 1 674771
-5398619 512 1 174149
-5404427 4 1 772061
-5412683 0 2 271 19973
-5417363 4 1 773909
-5419451 512 1 174821
-5422715 2 1 1084543
-5432387 0 2 563 9649
-5441896 67108864 1 680237
-5443763 16 1 418751
-5461423 8 1 496493
-5462104 33554432 1 682763
-5467688 67108864 1 683461
-5469535 2 1 1093907
-5470552 33554432 1 683819
-5474152 67108864 1 684269
-5489023 0 2 571 9613
-5489915 2 1 1097983
-5491924 0 1 1372981
-5494403 0 2 257 21379
-5498383 8 1 499853
-5519896 33554432 1 689987
-5520419 0 2 1559 3541
-5524115 2 1 1104823
-5528179 32 1 325187
-5528963 8 1 502633
-5531179 0 2 181 30559
-5533835 2 1 1106767
-5559572 0 1 1389893
-5566307 4096 1 129449
-5566516 0 1 1391629
-5570819 64 1 293201
-5572043 0 2 191 29173
-5581876 0 1 1395469
-5583467 0 2 661 8447
-5591003 8 1 508273
-5607803 0 2 271 20693
-5614772 0 1 1403693
-5633023 8 1 512093
-5633048 33554432 1 704131
-5640308 0 1 1410077
-5641492 0 1 1410373
-5666968 33554432 1 708371
-5667496 67108864 1 708437
-5675651 0 2 113 50227
-5682007 64 1 299053
-5698324 0 1 1424581
-5701547 0 2 167 34141
-5708723 4096 1 132761
-5722868 0 1 1430717
-5728715 2 1 1145743
-5731835 2 1 1146367
-5742931 0 2 239 24029
-5750315 2 1 1150063
-5775976 67108864 1 721997
-5777192 67108864 1 722149
-5791444 0 1 1447861
-5814635 2 1 1162927
-5821667 32 1 342451
-5824643 8 1 529513
-5853035 2 1 1170607
-5884783 2097152 1 70901
-5886347 0 2 103 57149
-5895796 0 1 1473949
-5896276 0 1 1474069
-5897651 0 2 1831 3221
-5900867 4 1 842981
-5902771 4 1 843253
-5905183 256 1 203627
-5915363 131072 1 88289
-5916052 0 1 1479013
-5931563 8 1 539233
-5952611 4 1 850373
-5956907 8 1 541537
-5957647 0 2 433 13759
-5976856 33554432 1 747107
-5979892 0 1 1494973
-5980979 0 2 107 55897
-5989096 67108864 1 748637
-5989684 0 1 1497421
-5990315 2 1 1198063
-5998403 1024 1 162119
