-174191 0 2 373 467
-185591 4 1 26513
-207119 72 1 991
-208031 64 1 10949
-220079 16777216 1 2179
-221759 0 2 103 2153
-222431 524296 1 277
-232559 0 2 313 743
-255911 64 1 13469
-256919 16 1 19763
-257231 8208 1 421
-268295 130 1 2333
-274031 4194304 1 3079
-280319 16 1 21563
-281039 264 1 881
-293135 130 1 2549
-315167 2048 1 7687
-338879 0 2 349 971
-354935 6 1 10141
-360791 96 1 1117
-383495 6 1 10957
-383855 2 1 76771
-406727 16777216 1 4027
-407447 2097152 1 4909
-424631 64 1 22349
-431855 2 1 86371
-436823 0 2 103 4241
-442751 0 2 373 1187
-450056 83886080 1 557
-452135 514 1 2917
-464063 0 2 223 2081
-468215 10 1 8513
-472199 20 1 5189
-491336 67108864 1 61417
-493103 2097168 1 457
-500687 136 1 1979
-503999 160 1 1289
-510479 0 2 631 809
-511759 0 2 593 863
-517679 256 1 17851
-517895 6 1 14797
-518671 0 2 509 1019
-524996 0 1 131249
-526127 4 1 75161
-533255 130 1 4637
-541079 12 1 7027
-548456 67108864 2 179 383
-552311 2112 1 709
-581096 67108928 1 3823
-582311 16384 1 10987
-604367 524320 1 487
-604436 4 1 21587
-612596 256 1 5281
-615455 2 1 123091
-619064 33554432 1 77383
-626015 18 1 9631
-640607 8 1 58237
-643279 20 1 7069
-654104 33554440 1 7433
-660344 33554432 2 197 419
-673735 2 2 127 1061
-676559 262160 1 733
-686264 33554432 2 109 787
-699751 80 1 2833
-702527 4 1 100361
-703951 0 2 307 2293
-704015 18 1 10831
-709364 1024 1 4793
-716911 16 1 55147
-719615 18 1 11071
-721124 0 1 180281
-733103 4 1 104729
-737783 32 1 43399
-738287 2056 1 1637
-739823 36 1 6217
-743720 67108866 1 18593
-744983 0 2 439 1697
-747455 2 1 149491
-752839 1024 1 20347
-758119 64 1 39901
-759751 0 2 149 5099
-762143 0 2 233 3271
-763496 67108928 1 5023
-765191 4 1 109313
-768151 64 1 40429
-773695 18 1 11903
-775559 0 2 173 4483
-776359 320 1 1409
-779336 67174400 1 1597
-783079 8 2 257 277
-783284 32768 1 3319
-787351 0 2 677 1163
-788119 0 2 631 1249
-795044 0 1 198761
-799231 0 2 131 6101
-815839 4096 1 18973
-821876 8 1 18679
-824095 4098 1 3833
-829256 67108864 1 103657
-845096 67108868 1 15091
-846503 4 1 120929
-846815 2 2 257 659
-853831 8 1 77621
-865976 33554432 1 108247
-868343 36 1 7297
-872359 0 2 367 2377
-873716 0 2 113 1933
-875215 10 1 15913
-893951 16793600 1 167
-905624 33554464 1 6659
-910487 18432 1 419
-911060 2 1 45553
-912023 4 2 113 1153
-916111 4 1 130873
-918215 2 2 227 809
-924596 32 1 13597
-926303 4 1 132329
-930452 0 2 457 509
-942335 2 2 229 823
-943823 32800 1 941
-944935 8194 1 4021
-949316 64 1 12491
-951983 288 1 1931
-953327 128 2 181 229
-958607 80 1 3881
-989255 131074 1 2953
-995423 24 1 6961
-996932 0 1 249233
-997367 68 1 7499
-1001335 8194 1 4261
-1003823 524288 1 13751
-1006247 40 1 5381
-1008799 8 2 293 313
-1010911 264 1 3169
-1012895 18 1 15583
-1013444 0 1 253361
-1015247 8192 1 21601
-1016024 37748736 1 1427
-1023407 12 1 13291
-1025816 33554440 1 11657
-1027124 4 1 36683
-1031071 0 2 677 1523
-1043071 8192 1 22193
-1045784 33619968 1 2143
-1046911 32 1 61583
-1047439 16384 1 19763
-1051556 8 1 23899
-1053679 8 1 95789
-1060244 0 2 401 661
-1062260 2 1 53113
-1063495 2 2 227 937
-1066471 4 2 131 1163
-1067479 524292 1 2089
-1071263 163840 1 271
-1075943 8 1 97813
-1080919 4 1 154417
-1082024 67109376 1 4363
-1084007 32832 1 967
-1084847 4096 1 25229
-1087831 128 1 47297
-1093367 8 1 99397
-1093556 512 1 8819
-1103636 1024 1 7457
-1105495 130 1 9613
-1107151 1152 1 1301
-1114399 24 1 7793
-1116632 33554440 1 12689
-1125287 256 1 38803
-1129259 32 2 181 367
-1131871 2097168 1 1049
-1136036 8 1 25819
-1147592 67109888 1 3877
-1157119 64 1 60901
-1162184 67125248 1 2741
-1162424 33554432 1 145303
-1165615 10 1 21193
-1169119 4 1 167017
-1169855 34 1 13763
-1170308 0 1 292577
-1170692 0 1 292673
-1172984 33554496 1 7717
-1176248 33554432 1 147031
-1186520 33554434 1 29663
-1190216 67109888 1 4021
-1192091 32 1 70123
-1192159 160 1 3049
-1192367 65544 1 1777
-1197284 8 1 27211
-1212728 33554440 1 13781
-1214132 0 2 433 701
-1215128 33554432 2 193 787
-1216184 33685504 1 2269
-1216211 0 2 379 3209
-1222895 34 1 14387
-1230623 0 2 167 7369
-1230799 32896 1 907
-1231844 0 2 547 563
-1234223 2048 1 30103
-1237999 4 1 176857
-1241396 16 1 23873
-1241684 16384 1 5857
-1248920 33554434 1 31223
-1252999 8 1 113909
-1256551 0 2 307 4093
-1257656 33554432 1 157207
-1261159 128 1 54833
-1267519 65544 1 1889
-1275704 33554432 1 159463
-1278404 0 1 319601
-1286599 0 2 739 1741
-1300615 2 2 269 967
-1301599 32784 1 1697
-1302367 8 2 197 601
-1304120 33554434 1 32603
-1309208 33555456 1 4423
-1314151 160 1 3361
-1321496 33554440 1 15017
-1322959 8 2 127 947
-1328359 2048 2 179 181
-1332680 67108866 1 33317
-1347031 4 2 199 967
-1353572 8 1 30763
-1357399 32 1 79847
-1362047 16896 1 829
-1364215 2 2 233 1171
-1368680 67108866 1 34217
-1372783 1048576 1 17377
-1384255 130 1 12037
-1384831 4 2 181 1093
-1386644 4 1 49523
-1387063 16384 1 26171
-1393316 0 2 131 2659
-1393783 64 2 109 673
-1394935 34 1 16411
-1396399 128 2 109 557
-1403599 278528 1 373
-1404680 67108866 1 35117
-1405999 4 2 353 569
-1407860 2 1 70393
-1409423 2097152 1 16981
-1411103 32768 1 23917
-1417615 2 2 227 1249
-1421876 0 2 373 953
-1427336 67108864 1 178417
-1429111 0 2 113 12647
-1435327 32 1 84431
-1437320 67108866 1 35933
-1438139 16777472 1 491
-1440659 8 1 130969
-1444868 0 1 361217
-1447255 1026 1 7823
-1448239 16777232 1 1103
-1449079 0 2 619 2341
-1453604 0 1 363401
-1455299 0 2 281 5179
-1457291 40 1 7793
-1460455 2 1 292091
-1468495 6 1 41957
-1469263 128 2 127 503
-1470863 16777216 1 14563
-1479919 16388 1 3989
-1480424 67108872 1 16823
-1482031 0 2 197 7523
-1494260 2 1 74713
-1495784 67108864 2 181 1033
-1500131 1048608 1 1117
-1501379 2056 1 3329
-1511887 80 1 6121
-1512440 33554434 1 37811
-1514216 67108872 1 17207
-1515287 0 2 251 6037
-1519879 0 2 797 1907
-1521055 2 1 304211
-1527847 8388672 1 829
-1528183 0 2 181 8443
-1531496 67108896 1 11261
-1532036 8 1 34819
-1532335 6 1 43781
-1533011 0 2 283 5417
-1533367 8 1 139397
-1540279 16 2 109 1087
-1542008 33554448 1 14827
-1542296 33554436 1 27541
-1547432 67239936 1 2887
-1554068 0 2 107 3631
-1554440 67108866 1 38861
-1559143 1024 1 42139
-1561412 0 1 390353
-1562663 4096 1 36341
-1563860 2 1 78193
-1571060 2 1 78553
-1572611 1088 1 2237
-1575752 67174400 1 3229
-1581368 33558528 1 4597
-1582328 33554440 1 17981
-1582399 20 1 17389
-1586095 6 1 45317
-1586239 512 1 51169
-1596488 67108864 2 197 1013
-1599251 1024 1 43223
-1600532 0 2 113 3541
-1602655 1026 1 8663
-1603255 4098 1 7457
-1605007 0 2 839 1913
-1605535 2 2 107 3001
-1606196 0 2 281 1429
-1606964 128 1 17467
-1607204 0 2 443 907
-1607576 33555456 1 5431
-1609615 6 1 45989
-1620824 35651584 1 2441
-1623416 33554432 2 307 661
-1632164 0 1 408041
-1632655 130 1 14197
-1634024 67108868 1 29179
-1640287 2056 1 3637
-1645399 4 1 235057
-1646888 67110912 1 5021
-1651351 32784 1 2153
-1653847 16 1 127219
-1656872 67108868 1 29587
-1658071 0 2 191 8681
-1662895 18 1 25583
-1666424 33685504 1 3109
-1670132 0 2 239 1747
-1674728 67108872 1 19031
-1676935 18 1 25799
-1680895 16386 1 6343
-1682215 514 1 10853
-1692439 2052 1 5897
-1692872 67174400 1 3469
-1694984 67108864 1 211873
-1697119 0 2 229 7411
-1713524 0 2 443 967
-1717903 32776 1 2647
-1720232 83886080 1 2129
-1724120 33554434 1 43103
-1725236 1024 1 11657
-1726916 0 1 431729
-1727459 65536 1 28319
-1729951 0 2 313 5527
-1730648 33554432 2 227 953
-1733384 67108864 2 389 557
-1735691 0 2 311 5581
-1738952 67108864 1 217369
-1748263 40 1 9349
-1753352 67108864 1 219169
-1755535 2 2 479 733
-1763051 0 2 103 17117
-1764920 33554434 1 44123
-1775935 6 1 50741
-1776415 34 1 20899
-1777019 0 2 1223 1453
-1778695 4098 1 8273
-1779535 2 2 151 2357
-1783988 512 1 14387
-1786091 528384 1 569
-1792855 2 1 358571
-1793720 33554434 1 44843
-1797055 18 1 27647
-1803247 0 2 139 12973
-1804423 0 2 227 7949
-1808084 0 2 223 2027
-1812179 8192 1 38557
-1822004 0 2 281 1621
-1825076 8 1 41479
-1825955 2 2 107 3413
-1826360 33554434 1 45659
-1828855 6 1 52253
-1836728 33554432 1 229591
-1837183 8192 1 39089
-1838095 6 1 52517
-1841528 33554448 1 17707
-1842055 2 1 368411
-1844468 8192 1 9811
-1851896 35651584 1 2789
-1867015 2 2 181 2063
-1870135 2 2 151 2477
-1873124 8 1 42571
-1879412 0 2 641 733
-1879988 8 1 42727
-1885211 0 2 653 2887
-1885355 2 1 377071
-1888855 2 1 377771
-1890596 32768 1 8011
-1893511 544 1 3593
-1902079 32 2 127 881
-1902751 0 2 151 12601
-1903255 2 1 380651
-1904804 8 1 43291
-1905032 67125248 1 4493
-1908776 67108864 2 397 601
-1911055 34 1 22483
-1912691 2056 1 4241
-1914184 67108864 1 239273
-1916216 33554432 1 239527
-1917320 67108866 1 47933
-1917368 33554432 1 239671
-1921412 4096 1 11171
-1923011 0 2 521 3691
-1928819 256 2 227 293
-1929395 18 1 29683
-1929896 67108864 2 317 761
-1938548 2097152 1 5839
-1938920 67108866 1 48473
-1940744 67108880 1 18661
-1942004 0 2 293 1657
-1946324 0 2 491 991
-1948879 262144 1 27449
-1952815 130 1 16981
-1955623 8192 1 41609
-1960328 67108864 2 317 773
-1961699 65536 1 32159
-1963268 0 2 467 1051
-1968439 8 2 149 1201
-1968755 4098 1 9157
-1970756 64 1 25931
-1972148 0 2 229 2153
-1972619 8 2 389 461
-1972855 2 1 394571
-1974371 4 1 282053
-1976695 6 1 56477
-1984148 0 2 401 1237
-1985023 512 1 64033
-1988819 4 1 284117
-1991396 8 1 45259
-1992899 262144 1 28069
-2004392 67108880 1 19273
-2006468 0 1 501617
-2015716 0 1 503929
-2028104 67108880 1 19501
-2028899 160 1 5189
-2028971 4 1 289853
-2038088 67108880 1 19597
-2042455 2 1 408491
-2042795 2 2 127 3217
-2043943 8 1 185813
-2045972 0 2 617 829
-2046116 2097152 1 6163
-2047832 33558528 1 5953
-2048459 4 2 353 829
-2051672 33554436 1 36637
-2054551 2048 1 50111
-2058367 4096 1 47869
-2064584 67108864 2 421 613
-2065543 131072 1 30829
-2072071 512 1 66841
-2072119 4 1 296017
-2072407 1049600 1 709
-2074760 67108866 1 51869
-2075816 67108864 2 313 829
-2076899 8 2 349 541
-2081819 0 2 1021 2039
-2086091 4 1 298013
-2087771 16777220 1 2953
-2088659 32768 1 35401
-2091895 18 1 32183
-2095496 67108880 1 20149
-2096531 1024 1 56663
-2099236 2097152 1 6323
-2102120 67108866 1 52553
-2105047 4 1 300721
-2105939 8 1 191449
-2108516 0 1 527129
-2109092 0 1 527273
-2109364 512 1 17011
-2109583 132 1 13103
-2110831 16384 1 39827
-2111455 2 1 422291
-2115716 0 1 528929
-2117048 33554432 1 264631
-2117647 4 2 353 857
-2119652 0 2 163 3251
-2121583 32 1 124799
-2124308 256 1 18313
-2124548 0 2 547 971
-2126756 0 1 531689
-2131988 262144 1 7507
-2131999 0 2 181 11779
-2135524 64 1 28099
-2137924 32768 1 9059
-2143448 33554688 1 9239
-2144771 1048608 1 1597
-2145476 32768 1 9091
-2151895 8194 1 9157
-2163188 64 1 28463
-2164999 0 2 401 5399
-2166059 4 1 309437
-2172607 0 2 271 8017
-2172964 0 1 543241
-2177671 2097152 1 26237
-2190344 67108880 1 21061
-2194760 67108866 1 54869
-2197460 2 1 109873
-2197519 524288 1 30103
-2197663 262160 1 2381
-2198531 0 2 431 5101
-2204215 18 1 33911
-2205080 33554434 1 55127
-2208967 512 1 71257
-2221256 67108864 1 277657
-2221687 16 1 170899
-2222531 256 2 173 443
-2228503 0 2 523 4261
-2232068 0 1 558017
-2232299 0 2 821 2719
-2232419 4 1 318917
-2234264 33554432 2 181 1543
-2238136 33554432 1 279767
-2242264 33554432 2 241 1163
-2243096 33554432 2 257 1091
-2246915 10 1 40853
-2253796 0 1 563449
-2254423 1048576 1 28537
-2255315 262146 1 6353
-2259079 32 1 132887
-2261396 2048 1 13789
-2261651 4 1 323093
-2263112 67108864 1 282889
-2263556 0 1 565889
-2266388 0 2 443 1279
-2271155 2 1 454231
-2271511 8 1 206501
-2276191 147456 1 641
-2290088 67108864 2 293 977
-2293039 516 1 10567
-2293316 0 1 573329
-2298248 67108864 1 287281
-2299544 33554448 1 22111
-2304079 256 1 79451
-2305687 512 1 74377
-2319247 2052 1 8081
-2324468 0 2 107 5431
-2331332 131072 1 8699
-2332328 67117056 1 6203
-2336647 0 2 131 17837
-2339695 1026 1 12647
-2341183 524304 1 2467
-2341720 33554434 1 58543
-2348948 4 1 83891
-2349176 33558528 1 6829
-2352968 67108864 2 197 1493
-2354644 262144 1 8291
-2354696 67108864 1 294337
-2355188 8 1 53527
-2355512 33554432 1 294439
-2355608 33554432 2 277 1063
-2356388 0 2 251 2347
-2358452 0 2 239 2467
-2358679 4160 1 2887
-2359064 33554560 1 12821
-2367611 32768 1 40129
-2367847 163840 1 599
-2370439 0 2 1187 1997
-2370655 6 1 67733
-2381672 67108864 2 463 643
-2382391 72 1 11399
-2385895 2 2 577 827
-2392927 0 2 257 9311
-2396168 67108864 1 299521
-2396579 8389120 1 797
-2396792 33554688 1 10331
-2402503 524288 1 32911
-2409272 33554432 1 301159
-2410567 16777472 1 823
-2411407 0 2 109 22123
-2414372 0 2 227 2659
-2416543 512 2 137 569
-2417720 33554434 1 60443
-2419087 8 1 219917
-2426095 6 1 69317
-2429219 131088 1 2789
-2430751 1048832 1 1061
-2431255 34 1 28603
-2434471 16 2 401 467
-2440904 67108864 1 305113
-2443519 16 1 187963
-2446532 8 1 55603
-2448415 2 2 157 3119
-2450120 67108866 1 61253
-2450243 2113536 1 557
-2454856 67108864 1 306857
-2459060 2 1 122953
-2461451 0 2 151 16301
-2462143 65536 2 181 223
-2464340 2 1 123217
-2465048 33554560 1 13397
-2465699 2048 1 60139
-2467423 4 1 352489
-2469223 0 2 953 2591
-2473624 33554432 2 241 1283
-2476148 8192 1 13171
-2477924 0 2 683 907
-2479063 64 1 130477
-2479832 33554432 2 107 2897
-2481155 2 1 496231
-2488280 33554434 1 62207
-2491688 67141632 1 5279
-2493716 0 2 131 4759
-2495407 16777728 1 797
-2502679 17039360 1 349
-2503115 1048578 1 6337
-2503880 67108866 1 62597
-2504408 33554432 2 367 853
-2504771 8192 2 137 389
-2506091 4 2 127 2819
-2507732 8192 1 13339
-2508967 16384 1 47339
-2514916 64 1 33091
-2517343 32 1 148079
-2520968 67108864 2 181 1741
-2521208 35651584 1 3797
-2529364 0 2 367 1723
-2530739 32 1 148867
-2531719 0 2 223 11353
-2534339 256 2 281 311
-2535971 0 2 1087 2333
-2537455 2 1 507491
-2542715 6 1 72649
-2551028 0 2 739 863
-2553848 33554440 1 29021
-2553895 2 2 443 1153
-2555455 6 1 73013
-2555935 2 2 167 3061
-2557352 67108868 1 45667
-2560564 4096 1 14887
-2561555 2 1 512311
-2563336 67108864 1 320417
-2564455 2 1 512891
-2568463 8388608 1 26479
-2569384 67108864 2 397 809
-2571076 0 1 642769
-2572543 262208 1 1907
-2574559 16 1 198043
-2578052 0 1 644513
-2578120 67108866 1 64453
-2581508 0 2 139 4643
-2587892 0 2 239 2707
-2589535 18 1 39839
-2590187 0 2 1069 2423
-2590879 4198400 1 677
-2593139 64 1 136481
-2594468 0 1 648617
-2594888 67108864 1 324361
-2596331 64 1 136649
-2598308 0 1 649577
-2599571 16 1 199967
-2600084 0 2 401 1621
-2601731 40 1 13913
-2604655 34 1 30643
-2606411 2048 2 151 421
-2611927 2097152 1 31469
-2617811 4 2 367 1019
-2621051 16777216 1 25951
-2626687 36 1 22073
-2630023 8 2 373 641
-2630267 4096 1 61169
-2630983 0 2 163 16141
-2634728 67108896 1 19373
-2636287 5120 1 1657
-2637368 33554432 1 329671
-2640295 6 1 75437
-2641556 0 2 139 4751
-2643992 33554448 1 25423
-2644303 0 2 149 17747
-2653592 33554432 2 409 811
-2655080 67108866 1 66377
-2660647 8 1 241877
-2664659 0 2 337 7907
-2665303 524544 1 1259
-2665423 16384 1 50291
-2666171 1048576 1 33749
-2666767 0 2 131 20357
-2667655 130 1 23197
-2672660 2 1 133633
-2673572 8 1 60763
-2674328 33554432 2 353 947
-2677156 0 1 669289
-2680712 67108864 1 335089
-2681459 8 1 243769
-2682004 16 1 51577
-2682487 0 2 131 20477
-2688664 33554440 1 30553
-2690651 16384 1 50767
-2693407 4210688 1 571
-2693435 514 1 17377
-2702815 2 2 241 2243
-2704859 320 1 4909
-2706104 33554432 1 338263
-2706184 67108880 1 26021
-2711167 576 1 4603
-2718356 0 2 149 4561
-2719544 33554432 1 339943
-2721188 0 1 680297
-2721851 8 2 349 709
-2722835 2 2 131 4157
-2727035 2 2 499 1093
-2727515 6 1 77929
-2732891 4 1 390413
-2737567 4 2 263 1487
-2740063 0 2 727 3769
-2743508 0 2 103 6659
-2743663 16 1 211051
-2743855 2 1 548771
-2749508 0 2 587 1171
-2756584 67108896 1 20269
-2765599 0 2 941 2939
-2769731 0 2 491 5641
-2771531 4 2 317 1249
-2772680 67108866 1 69317
-2775367 4 2 521 761
-2777263 2097152 1 33461
-2779355 2 1 555871
-2779619 160 1 7109
-2782456 33554432 2 283 1229
-2782735 32770 1 9433
-2784884 2048 1 16981
-2786095 18 1 42863
-2786164 32 1 40973
-2786195 131074 1 8317
-2787103 264 1 8737
-2793752 33554448 1 26863
-2795939 32 2 163 1009
-2796872 67108880 1 26893
-2801348 8 1 63667
-2803988 8 1 63727
-2804312 33554436 1 50077
-2805256 67108864 1 350657
-2812303 16 2 227 953
-2830232 33554432 2 281 1259
-2830264 33554432 1 353783
-2832776 67108864 1 354097
-2840983 128 2 149 829
-2841544 67108864 1 355193
-2841611 0 2 113 25147
-2846168 33554448 1 27367
-2848936 67108928 1 18743
-2850488 33554432 1 356311
-2854808 33554440 1 32441
-2855527 2048 2 257 271
-2855915 34 1 33599
-2858132 64 1 37607
-2862511 160 1 7321
-2862847 16 2 349 631
-2864699 0 2 193 14843
-2864743 65540 1 6709
-2869396 32 1 42197
-2872759 147456 1 809
-2874055 2 2 233 2467
-2875499 40 1 15377
-2878019 0 2 557 5167
-2885699 32 2 199 853
-2891695 2 2 173 3343
-2894383 8404992 1 563
-2895055 2 1 579011
-2895487 65540 1 6781
-2898635 2 2 701 827
-2898703 0 2 257 11279
-2899592 67108864 1 362449
-2901539 0 2 1289 2251
-2901655 2 1 580331
-2904680 67108866 1 72617
-2915935 10 1 53017
-2916196 64 1 38371
-2916755 2 1 583351
-2917231 0 2 229 12739
-2921099 512 1 94229
-2921167 0 2 773 3779
-2922419 32 2 103 1669
-2922872 33554432 2 131 2789
-2925155 2 1 585031
-2925176 33570816 1 6899
-2932388 0 1 733097
-2932952 33554440 1 33329
-2933080 33554434 1 73327
-2937992 67108864 2 181 2029
-2943271 8388672 1 1597
-2943755 2 2 397 1483
-2944955 18 1 45307
-2946967 160 1 7537
-2950043 0 2 661 4463
-2951096 33554432 2 293 1259
-2951464 67125248 1 6961
-2956255 2 2 463 1277
-2956472 50331648 1 3659
-2958343 0 2 769 3847
-2959988 0 2 433 1709
-2962663 8 1 269333
-2968628 16 1 57089
-2969191 0 2 653 4547
-2972147 2097152 1 35809
-2972456 67108864 2 569 653
-2978312 67108864 1 372289
-2980927 0 2 487 6121
-2983783 8 1 271253
-2985140 2 1 149257
-2990171 2048 1 72931
-2993483 32768 2 113 449
-2997367 0 2 1297 2311
-2999791 131072 1 44773
-3000899 8 1 272809
-3001144 33555456 1 10139
-3001448 67141632 1 6359
-3002819 4096 1 69833
-3005315 2 2 647 929
-3006932 0 2 223 3371
-3011891 294912 1 719
-3013864 67108868 1 53819
-3013880 33554434 1 75347
-3017219 64 2 379 419
-3018463 65540 1 7069
-3020596 8192 1 16067
-3025268 1024 1 20441
-3026267 4195328 1 919
-3026335 18 1 46559
-3028276 0 2 149 5081
-3031855 2 2 587 1033
-3034063 8389120 1 1009
-3036415 2 2 499 1217
-3036607 4 2 461 941
-3037619 16 1 233663
-3039752 67174400 1 6229
-3041716 16777216 1 7529
-3044408 33554496 1 20029
-3048008 67108864 1 381001
-3052216 33554432 1 381527
-3052472 33554432 1 381559
-3055928 33554432 1 381991
-3056116 4 1 109147
-3056723 128 2 347 383
-3056888 33554432 2 139 2749
-3057140 2 1 152857
-3059060 2 1 152953
-3059099 32 1 179947
-3059480 33554434 1 76487
-3063188 16384 1 14449
-3068072 67108868 1 54787
-3069539 8 2 173 1613
-3071527 0 2 211 14557
-3072196 0 1 768049
-3075155 2 1 615031
-3082043 0 2 353 8731
-3085816 33554432 2 499 773
-3086072 33554440 1 35069
-3086743 8 1 280613
-3086963 264 1 9677
-3088564 64 1 40639
-3088856 33554432 2 151 2557
-3089167 1280 1 2879
-3093908 2097152 1 9319
-3095108 0 1 773777
-3096136 67108864 1 387017
-3098132 0 2 179 4327
-3099247 12582912 1 359
-3107108 64 1 40883
-3115855 2 1 623171
-3120932 0 1 780233
-3121231 262144 1 43961
-3122743 4194320 1 2699
-3130088 67108880 1 30097
-3130859 0 2 509 6151
-3134455 1026 1 16943
-3135659 128 1 136333
-3139204 0 2 331 2371
-3139384 33554432 1 392423
-3144488 67117056 1 8363
-3144920 33554434 1 78623
-3149732 0 1 787433
-3156967 8 2 109 2633
-3159491 64 1 166289
-3164660 2 1 158233
-3168212 64 1 41687
-3170291 8192 1 67453
-3175979 0 2 751 4229
-3180127 0 2 499 6373
-3183155 2 1 636631
-3183415 2 2 787 809
-3183803 4 2 157 2897
-3186059 32768 1 54001
-3186923 0 2 103 30941
-3194335 2 2 307 2081
-3194771 4096 1 74297
-3205816 33685504 1 5981
-3210344 67108864 2 139 2887
-3213304 33558528 1 9341
-3215416 33554432 2 277 1451
-3218651 0 2 457 7043
-3218887 4 1 459841
-3219535 10 1 58537
-3219668 4096 1 18719
-3221480 67108866 1 80537
-3225055 2 1 645011
-3228295 6 1 92237
-3230771 0 2 179 18049
-3232499 32 1 190147
-3233252 8 1 73483
-3236143 0 2 251 12893
-3239383 131076 1 6907
-3253892 0 2 859 947
-3261668 0 1 815417
-3262855 2 2 547 1193
-3263383 64 1 171757
-3263672 33554432 1 407959
-3270932 4 1 116819
-3274955 2 1 654991
-3280840 67108866 1 82021
-3286451 1028 1 12689
-3287716 32768 1 13931
-3288323 2048 2 139 577
-3289235 2 2 461 1427
-3290836 512 1 26539
-3291496 67108880 1 31649
-3294452 4 1 117659
-3298255 34 1 38803
-3299935 2 2 163 4049
-3305108 0 2 907 911
-3305528 50331648 1 4091
-3306872 33558528 1 9613
-3310447 4 1 472921
-3315320 33554434 1 82883
-3315851 12 1 43063
-3318131 0 2 1129 2939
-3318964 8 1 75431
-3319327 8 2 373 809
-3319643 4096 1 77201
-3319880 67108866 1 82997
-3328340 2 1 166417
-3335579 16 2 379 677
-3336008 67108880 1 32077
-3341108 0 2 647 1291
-3341768 67108864 1 417721
-3347579 262144 1 47149
-3348803 4194304 2 191 197
-3348916 0 2 109 7681
-3351055 2 1 670211
-3352447 2052 1 11681
-3352952 33554432 2 107 3917
-3354035 2 2 233 2879
-3360131 64 1 176849
-3361927 0 2 443 7589
-3362824 67108864 1 420353
-3363395 6 1 96097
-3368815 2 2 193 3491
-3370196 512 1 27179
-3374003 0 2 1487 2269
-3374948 0 1 843737
-3379063 4194304 1 37967
-3379783 8 1 307253
-3380131 4194304 2 163 233
-3383219 4 1 483317
-3383912 67108868 1 60427
-3384932 0 1 846233
-3386555 2 1 677311
-3386695 18 1 52103
-3388115 2 2 193 3511
-3390136 33619968 1 6947
-3391087 1028 1 13093
-3392612 131072 1 12659
-3398623 544 1 6449
-3410219 0 2 683 4993
-3415063 1152 1 4013
-3417059 0 2 349 9791
-3418807 4 1 488401
-3424628 0 2 179 4783
-3427663 8192 2 233 313
-3427816 67108868 1 61211
-3427864 33554440 1 38953
-3429124 0 1 857281
-3432779 262148 1 6907
-3435367 16 2 401 659
-3436388 4096 1 19979
-3436744 67108864 2 269 1597
-3440411 528 1 8537
-3443455 8194 1 14653
-3446143 1024 1 93139
-3446767 32 1 202751
-3454148 0 1 863537
-3455656 67108864 2 461 937
-3457928 67108864 1 432241
-3459059 8192 1 73597
-3459076 131072 1 12907
-3460328 67117056 1 9203
-3463355 6 1 98953
-3463364 131072 1 12923
-3463903 1056 1 5507
-3464771 131072 1 51713
-3465160 67108866 1 86629
-3466804 8 1 78791
-3467243 16 1 266711
-3468244 16 1 66697
-3472052 0 2 271 3203
-3473912 33554448 1 33403
-3477895 2 2 127 5477
-3483016 67109120 1 15013
-3486367 64 2 281 653
-3488888 33554448 1 33547
-3492847 4352 1 2801
-3494315 10 1 63533
-3496756 0 2 929 941
-3501223 262152 1 4483
-3503411 32 1 206083
-3505352 67108864 1 438169
-3511115 1026 1 18979
-3515704 33554432 1 439463
-3521219 16 2 439 617
-3521236 0 2 317 2777
-3524228 0 1 881057
-3524596 0 2 853 1033
-3525443 288 1 7151
-3529687 68 1 26539
-3531032 33587200 1 7481
-3532276 8 1 80279
-3537055 130 1 30757
-3539339 64 2 109 1709
-3540607 36 1 29753
-3544952 33554432 2 347 1277
-3546436 0 1 886609
-3547444 262144 1 12491
-3549428 64 1 46703
-3550067 2048 1 86587
-3552155 2 2 113 6287
-3552904 67108864 1 444113
-3553156 0 2 251 3539
-3555491 0 2 1453 2447
-3555896 33554432 1 444487
-3561587 0 2 1103 3229
-3568328 67108864 1 446041
-3569435 66 1 37573
-3572699 2064 1 6703
-3575051 1152 1 4201
-3575411 4 1 510773
-3579727 1048576 2 113 401
-3586207 16777216 1 35507
-3588131 64 2 127 1487
-3588155 2 1 717631
-3588632 33554464 1 26387
-3592388 0 1 898097
-3595979 0 2 1039 3461
-3601379 69632 1 1373
-3609035 16386 1 13619
-3610696 67108864 1 451337
-3621179 0 2 433 8363
-3625015 2050 1 17683
-3626648 33554432 2 109 4159
-3628472 33554432 1 453559
-3632747 8388640 1 2203
-3634691 2048 1 88651
-3637355 2 1 727471
-3638584 33554432 1 454823
-3646936 33554496 1 23993
-3655115 2 2 401 1823
-3658328 33554432 2 431 1061
-3659416 33587200 1 7753
-3663544 33554432 1 457943
-3666136 33554432 2 487 941
-3670264 33554448 1 35291
-3670712 33554432 2 139 3301
-3670811 0 2 1249 2939
-3670955 1026 1 19843
-3675064 33554432 1 459383
-3675992 33554432 2 607 757
-3689243 0 2 1319 2797
-3692356 0 2 107 8627
-3698132 131072 1 13799
-3701764 8 1 84131
-3704147 32 2 109 1999
-3704527 8388608 2 181 211
-3704852 0 2 929 997
-3707383 33280 1 2027
-3708007 4259840 1 683
-3710120 67108866 1 92753
-3717176 33554432 1 464647
-3719588 0 1 929897
-3720184 33554448 1 35771
-3722959 4227072 1 709
-3723155 4098 1 17317
-3726616 33554688 1 16063
-3729895 18 1 57383
-3730568 67108864 1 466321
-3730807 128 1 162209
-3731051 0 2 199 18749
-3733811 0 2 263 14197
-3734435 2 2 127 5881
-3735251 16 1 287327
-3736052 8388608 1 9629
-3739448 33554432 1 467431
-3743603 0 2 1223 3061
-3745448 67108868 1 66883
-3747995 2 2 587 1277
-3748355 18 1 57667
-3754619 8 2 173 1973
-3756692 0 2 263 3571
-3761051 4194308 1 6037
-3761195 2 2 257 2927
-3764435 4098 1 17509
-3765463 16 2 163 1777
-3773080 33554434 1 94327
-3774488 33554432 2 271 1741
-3786515 2 2 229 3307
-3792011 256 2 229 571
-3793907 48 1 17167
-3794920 67108866 1 94873
-3796207 0 2 733 5179
-3808756 4 1 136027
-3811087 4 2 461 1181
-3811643 8 2 419 827
-3816367 524416 1 2273
-3817204 0 2 293 3257
-3819179 20 1 41969
-3822136 33554432 1 477767
-3822979 0 2 1087 3517
-3830708 4 1 136811
-3833252 0 1 958313
-3835183 40 1 20509
-3839363 2056 1 8513
-3839771 4112 1 6869
-3850276 0 1 962569
-3851287 264 1 12073
-3855256 33554432 2 547 881
-3855608 33554688 1 16619
-3860884 4096 1 22447
-3861908 0 2 773 1249
-3862036 2048 1 23549
-3863828 32 1 56821
-3865139 8192 1 82237
-3871739 0 2 163 23753
-3871855 18 1 59567
-3876664 33554440 1 44053
-3882155 2 2 277 2803
-3882184 67108864 2 373 1301
-3882299 1024 2 317 331
-3890003 80 1 15749
-3894452 128 1 42331
-3896939 0 2 751 5189
-3898595 4098 1 18133
-3900152 33554688 1 16811
-3903544 33554432 1 487943
-3904691 4 2 733 761
-3904868 8 1 88747
-3907096 33554432 2 191 2557
-3907988 4 1 139571
-3908228 0 1 977057
-3911963 8 1 355633
-3912107 8389120 1 1301
-3912856 33554464 1 28771
-3921515 18 1 60331
-3921668 0 1 980417
-3922447 0 2 137 28631
-3924203 64 2 241 857
-3924995 2 2 307 2557
-3929956 0 1 982489
-3935524 0 1 983881
-3939007 524288 1 53959
-3941732 0 1 985433
-3942616 33587200 1 8353
-3942916 0 1 985729
-3945155 2 1 789031
-3951608 33554432 2 211 2341
-3958927 1048580 1 7159
-3967715 34 1 46679
-3967979 8388672 1 2153
-3973495 34 1 46747
-3976307 1048576 1 50333
-3981752 33554432 1 497719
-3982667 16 1 306359
-3991336 67371008 1 7027
-3991688 67108864 1 498961
-3994232 33554440 1 45389
-3995716 32768 1 16931
-3996443 8 1 363313
-3996788 8388608 1 10301
-3996932 0 1 999233
-4002487 0 2 199 20113
-4004404 0 2 971 1031
-4006036 64 1 52711
-4011848 67174400 1 8221
-4012696 41943040 1 5171
-4013195 2 2 113 7103
-4017683 64 1 211457
-4018807 8388624 1 3187
-4023755 2 1 804751
-4027567 0 2 163 24709
-4028819 1024 1 108887
-4029076 0 2 109 9241
-4033880 33554434 1 100847
-4034468 0 1 1008617
-4037240 33554434 1 100931
-4040852 0 2 739 1367
-4042835 2 2 811 997
-4044419 524320 1 3259
-4045576 67108864 2 157 3221
-4047415 2 2 397 2039
-4055284 64 1 53359
-4060955 2 1 812191
-4062179 8 2 131 2819
-4067695 8388610 1 8387
-4071251 0 2 163 24977
-4071727 8 2 139 2663
-4077064 67108864 1 509633
-4078691 1048608 1 3037
-4082644 64 1 53719
-4090388 512 1 32987
-4090619 144 1 13681
-4091464 67108880 1 39341
-4092680 67108866 1 102317
-4092724 262144 1 14411
-4095188 0 2 157 6521
-4102643 0 2 463 8861
-4107343 0 2 599 6857
-4107608 33554464 1 30203
-4115771 8 2 293 1277
-4123139 0 2 1723 2393
-4124863 32 1 242639
-4126324 0 2 887 1163
-4133044 512 1 33331
-4134755 2 2 397 2083
-4144235 514 1 26737
-4144259 1028 1 16001
-4146196 0 2 113 9173
-4146467 528 1 10289
-4146724 0 1 1036681
-4148312 33554436 1 74077
-4150564 8 1 94331
-4150927 8 2 353 1069
-4173155 6 1 119233
-4175047 32 1 245591
-4175272 67108864 2 557 937
-4178116 0 1 1044529
-4179487 80 1 16921
-4179611 0 2 773 5407
-4185059 0 2 619 6761
-4187555 4098 1 19477
-4190824 67108872 1 47623
-4192216 33554436 1 74861
-4194248 67108864 2 269 1949
-4194755 2 1 838951
-4199027 8196 1 12763
-4199032 33554432 2 491 1069
-4199723 8 1 381793
-4207019 0 2 613 6863
-4209368 33554560 1 22877
-4220404 0 2 359 2939
-4225096 67108864 1 528137
-4225336 33554432 1 528167
-4229432 33554432 1 528679
-4233703 0 2 829 5107
-4234472 67108872 1 48119
-4235771 32 2 193 1291
-4239155 4098 1 19717
-4242436 8 1 96419
-4244095 2 2 233 3643
-4247723 2048 2 313 331
-4251064 33554432 1 531383
-4251080 67108866 1 106277
-4253503 0 2 149 28547
-4253555 2 1 850711
-4256315 6 1 121609
-4257155 6 1 121633
-4257320 67108866 1 106433
-4257992 67108864 1 532249
-4258808 33554432 2 269 1979
-4263011 4194368 1 2521
-4266452 0 2 757 1409
-4267211 16 2 149 2203
-4267355 2 2 653 1307
-4268776 75497472 1 5501
-4269844 256 1 36809
-4274372 4096 1 24851
-4275064 33554688 1 18427
-4277464 33554432 2 271 1973
-4289023 0 2 103 41641
-4291427 4 1 613061
-4294643 16384 1 81031
-4295896 33554440 1 48817
-4298104 33554496 1 28277
-4301455 2 1 860291
-4303931 8192 1 91573
-4307315 8194 1 18329
-4313047 0 2 127 33961
-4313627 192 1 9871
-4315288 33554432 2 103 5237
-4316248 33554432 2 439 1229
-4316888 41943040 1 5563
-4317419 1024 1 116687
-4317736 67108864 2 457 1181
-4330139 8 1 393649
-4331176 67108992 1 23539
-4335251 524288 1 59387
-4335752 67108864 2 373 1453
-4336952 33554432 1 542119
-4339259 4096 1 100913
-4339955 2 1 867991
-4340387 0 2 503 8629
-4345783 16 2 353 947
-4352536 33554432 2 193 2819
-4353367 16384 1 82139
-4360735 2 2 719 1213
-4364843 8196 1 13267
-4370404 0 1 1092601
-4373555 2 1 874711
-4373723 0 2 811 5393
-4375787 16 1 336599
-4380676 0 1 1095169
-4381924 0 1 1095481
-4383899 16 1 337223
-4383967 4 2 271 2311
-4388339 0 2 1187 3697
-4390643 0 2 389 11287
-4400435 18 1 67699
-4402088 67110912 1 13421
-4403507 0 2 1229 3583
-4405816 33554432 2 691 797
-4410587 524800 1 1949
-4415492 0 1 1103873
-4419091 0 2 113 39107
-4426763 264 1 13877
-4427291 8 2 277 1453
-4434872 33554448 1 42643
-4453892 131072 1 16619
-4454116 0 2 139 8011
-4463167 8192 1 94961
-4472915 2 2 173 5171
-4475531 0 2 499 8969
-4480324 0 1 1120081
-4482635 131074 1 13381
-4483540 2 1 224177
-4484836 64 1 59011
-4488755 2 1 897751
-4493011 0 2 227 19793
-4496356 0 2 947 1187
-4499023 0 2 193 23311
-4499435 16386 1 16979
-4499987 0 2 199 22613
-4500040 67108866 1 112501
-4503203 65536 1 73823
-4505731 262176 1 3733
-4505743 8 2 157 2609
-4508867 8 1 409897
-4513139 0 2 191 23629
-4514836 256 1 38921
-4514884 8 1 102611
-4517767 32 2 293 907
-4518103 0 2 233 19391
-4522283 128 2 353 557
-4525327 262144 1 63737
-4531924 16384 1 21377
-4532296 67108864 1 566537
-4533659 16 2 277 1259
-4535131 0 2 1559 2909
-4540216 33554432 1 567527
-4540739 4 1 648677
-4541944 33554440 1 51613
-4545395 2 2 613 1483
-4545539 0 2 1531 2969
-4550863 0 2 311 14633
-4567204 0 1 1141801
-4568104 67108896 1 33589
-4575892 0 2 409 2797
-4576328 67108864 1 572041
-4582979 262176 1 3797
-4584491 16777280 1 2389
-4585720 33554434 1 114643
-4585807 0 2 857 5351
-4590184 67108864 2 439 1307
-4590392 33554432 2 149 3851
-4593103 0 2 1619 2837
-4595012 0 1 1148753
-4596563 0 2 251 18313
-4603684 0 1 1150921
-4605371 0 2 389 11839
-4605844 32 1 67733
-4606276 0 1 1151569
-4607123 0 2 113 40771
-4613828 0 1 1153457
-4614004 32 1 67853
-4615816 67108864 1 576977
-4618067 32 1 271651
-4621423 0 2 197 23459
-4635515 2 2 103 9001
-4636187 0 2 821 5647
-4638227 8 1 421657
-4641343 4 1 663049
-4642903 262144 1 65393
-4643812 0 1 1160953
-4650136 33554496 1 30593
-4652468 1048576 1 14723
-4653323 0 3 107 157 277
-4656103 49152 1 1489
-4656211 260 1 22937
-4660355 6 1 133153
-4663291 1048576 1 59029
-4665268 262144 1 16427
-4665332 4 1 166619
-4671155 16386 1 17627
-4678120 67108866 1 116953
-4678307 0 2 181 25847
-4684619 2048 1 114259
-4693739 262144 1 66109
-4695247 32 1 276191
-4697944 33556480 1 14323
-4700267 24 1 32869
-4706723 4 2 509 1321
-4711183 64 1 247957
-4715044 32768 1 19979
-4715315 10 1 85733
-4722004 4 1 168643
-4725428 32768 1 20023
-4734107 4 2 197 3433
-4735207 256 2 269 607
-4735771 262144 1 66701
-4742795 2 2 173 5483
-4743064 33685504 1 8849
-4747355 2 1 949471
-4749544 67108928 1 31247
-4751527 8 2 461 937
-4752760 33554434 1 118819
-4757080 33554434 1 118927
-4757944 33554432 2 197 3019
-4758004 512 1 38371
-4761179 0 2 107 44497
-4763287 2097152 1 57389
-4765139 0 2 457 10427
-4772047 516 1 21991
-4772527 4096 1 110989
-4772555 2 2 113 8447
-4773556 0 2 293 4073
-4780328 67108868 1 85363
-4790435 18 1 73699
-4790644 0 2 311 3851
-4792283 32 2 229 1231
-4793507 32 1 281971
-4794136 33554464 1 35251
-4794196 8 1 108959
-4794760 67108866 1 119869
-4803028 0 2 823 1459
-4805263 0 2 107 44909
-4806196 4096 1 27943
-4807528 67108872 1 54631
-4808555 2 2 103 9337
-4810763 2097152 2 149 389
-4815635 10 1 87557
-4816355 34 1 56663
-4817716 64 1 63391
-4818872 33554688 1 20771
-4819259 128 1 209533
-4819508 512 1 38867
-4823252 4 1 172259
-4827971 512 1 155741
-4831451 32800 1 4817
-4834756 0 1 1208689
-4836932 0 1 1209233
-4841012 8 1 110023
-4842587 64 1 254873
-4845607 16 1 372739
-4847363 32 1 285139
-4849763 0 2 857 5659
-4849832 67108880 1 46633
-4850948 0 1 1212737
-4851995 1026 1 26227
-4852067 8 2 181 2437
-4856747 36 1 40813
-4857947 1048576 1 61493
-4858948 0 1 1214737
-4862795 6 1 138937
-4863515 4098 1 22621
-4864567 65568 1 4691
-4875512 33558528 1 14173
-4877032 67110912 1 14869
-4882264 33554464 1 35899
-4883779 64 2 401 641
-4886987 4 2 401 1741
-4898644 0 2 127 9643
-4901528 33554432 2 251 2441
-4901956 32768 1 20771
-4901983 0 2 1979 2477
-4902055 131074 1 14633
-4906936 33554432 1 613367
-4908755 131074 1 14653
-4911395 2 2 487 2017
-4913099 128 1 213613
-4914472 67108864 2 241 2549
-4914655 2 1 982931
-4918051 4194304 1 55259
-4921988 64 1 64763
-4922836 0 2 449 2741
-4935179 128 2 229 937
-4940008 67110912 1 15061
-4942523 393216 1 1039
-4947652 0 2 683 1811
-4949044 64 1 65119
-4964116 2048 1 30269
-4966207 34816 1 2053
-4976404 64 1 65479
-4978331 8388640 1 3019
-4978472 67108864 2 653 953
-4980155 2 2 937 1063
-4980379 0 2 1439 3461
-4984187 16 1 383399
-4986196 0 2 769 1621
-4993955 2 2 103 9697
-4994555 2 2 967 1033
-4997368 33555456 1 16883
-5002324 0 2 269 4649
-5010943 4 1 715849
-5019512 33554432 2 149 4211
-5020355 34 1 59063
-5021987 32 1 295411
-5022392 33554432 1 627799
-5031035 2 2 103 9769
-5036251 8 2 353 1297
-5037203 0 2 211 23873
-5043812 0 2 523 2411
-5044355 2 1 1008871
-5046392 33554448 1 48523
-5050927 4 1 721561
-5053204 16 1 97177
-5053423 66560 1 2239
-5056472 33554944 1 20389
-5061092 0 1 1265273
-5071288 33554688 1 21859
-5074532 0 1 1268633
-5074715 2 2 577 1759
-5078836 4 1 181387
-5083687 4 2 691 1051
-5092355 2 1 1018471
-5093099 8 2 139 3331
-5094323 528 1 12641
-5097947 64 2 157 1709
-5099387 8388608 1 52571
-5099603 2097152 1 61441
-5105192 67108864 2 139 4591
-5115755 2 2 163 6277
-5117059 0 2 163 31393
-5117464 33554440 1 58153
-5117752 33554432 1 639719
-5118484 4 1 182803
-5118811 128 1 222557
-5122120 67108866 1 128053
-5133112 33554432 1 641639
-5134063 8 1 466733
-5135771 0 2 1553 3307
-5137112 33554432 2 433 1483
-5138243 2056 1 11393
-5139256 33554432 1 642407
-5140955 2 1 1028191
-5142299 0 2 991 5189
-5149787 0 2 643 8009
-5154244 64 1 67819
-5154851 16 1 396527
-5160323 4 2 263 2803
-5172856 33554448 1 49739
-5177555 2 2 307 3373
-5177720 33554434 1 129443
-5180164 8 1 117731
-5187491 256 2 113 1583
-5187539 4 1 741077
-5188712 67108864 2 127 5107
-5196664 33554440 1 59053
-5204644 0 2 331 3931
-5207908 0 2 443 2939
-5209235 4098 1 24229
-5214904 33554432 1 651863
-5217107 4 1 745301
-5220232 67109120 1 22501
-5222407 16777472 1 1783
-5229512 67109120 1 22541
-5231944 67108864 1 653993
-5234011 32 2 499 617
-5236232 67108864 1 654529
-5242403 0 2 353 14851
-5252228 0 1 1313057
-5258555 524290 1 14407
-5259604 4 1 187843
-5262755 2 1 1052551
-5263876 0 1 1315969
-5265827 132 1 32707
-5268259 2097152 1 63473
-5269924 8 1 119771
-5273764 0 1 1318441
-5276056 33554432 2 281 2347
-5276915 6 1 150769
-5277848 33556480 1 16091
-5278643 8388608 1 54419
-5282468 0 1 1320617
-5283443 8 2 241 1993
-5284219 16777216 2 113 463
-5286131 0 2 757 6983
-5292443 1040 1 11003
-5292995 2 2 137 7727
-5293651 8 2 269 1789
-5296516 64 1 69691
-5297416 67108864 1 662177
-5299411 16 2 167 2441
-5300056 33554464 1 38971
-5300296 67108864 1 662537
-5308088 33554432 2 547 1213
-5310203 1024 1 143519
-5315192 33587200 1 11261
-5316755 2 1 1063351
-5320996 0 1 1330249
-5321716 8192 1 28307
-5329939 256 2 239 769
-5336699 0 2 379 14081
-5340967 2097152 2 229 281
-5341192 67108864 1 667649
-5343851 0 2 487 10973
-5345224 67108864 1 668153
-5346244 0 1 1336561
-5348555 4098 1 24877
-5352683 4100 1 17783
-5353144 33554432 2 419 1597
-5354708 0 2 107 12511
-5356744 67108864 2 661 1013
-5358587 48 1 24247
-5360072 67108864 2 613 1093
-5360344 33554440 1 60913
-5362264 33554432 2 229 2927
-5363363 0 2 479 11197
-5366899 0 2 2081 2579
-5369219 0 2 199 26981
-5370248 67108880 1 51637
-5371876 0 1 1342969
-5372887 16 1 413299
-5374835 2 2 541 1987
-5376292 0 1 1344073
-5381704 67109120 1 23197
-5382007 0 2 443 12149
-5386955 6 1 153913
-5387435 2 2 401 2687
-5391064 33554436 1 96269
-5398516 0 2 127 10627
-5399704 33554944 1 21773
-5400436 0 2 409 3301
-5403155 2 2 157 6883
-5407283 4 2 281 2749
-5416936 67108868 1 96731
-5418923 0 2 349 15527
-5421320 67108866 1 135533
-5424947 8 1 493177
-5427880 67108866 1 135697
-5438003 0 2 1069 5087
-5439467 8 1 494497
-5440744 67141632 1 11527
-5442280 67108866 1 136057
-5442467 4224 1 5503
-5450371 0 2 179 30449
-5451211 0 2 2083 2617
-5457331 8 2 181 2741
-5465224 67109120 1 23557
-5469076 131072 1 20407
-5474747 0 2 157 34871
-5474771 133120 1 1993
-5485684 128 1 59627
-5492531 8 1 499321
-5492915 262146 1 15473
-5495843 0 2 131 41953
-5501747 0 2 307 17921
-5503595 2 2 467 2357
-5507476 16 1 105913
-5514587 16 1 424199
-5516419 512 1 177949
-5519716 0 1 1379929
-5520664 33554432 2 191 3613
-5522623 0 2 307 17989
-5524024 33554440 1 62773
-5540795 18 1 85243
-5546164 16 1 106657
-5549476 131072 1 20707
-5549503 0 2 1489 3727
-5551331 0 2 419 13249
-5551379 16384 1 104743
-5551720 67108866 1 138793
-5552824 33554432 2 541 1283
-5553124 0 2 251 5531
-5553223 16 2 109 3919
-5555332 0 2 547 2539
-5557427 4196352 1 1523
-5558527 16 1 427579
-5560547 288 1 11279
-5560564 32 1 81773
-5573143 65536 2 211 433
-5573267 4 1 796181
-5579795 18 1 85843
-5582123 384 1 8369
-5584708 64 1 73483
-5584984 34603008 1 8837
-5585243 0 2 233 23971
-5586155 2 2 113 9887
-5593528 33554432 1 699191
-5595347 65792 1 3163
-5597603 2097160 1 6131
-5599523 256 2 293 659
-5601064 67108868 1 100019
-5605931 64 1 295049
-5614456 33554432 2 421 1667
-5616280 33554434 1 140407
-5622131 0 2 1223 4597
-5625083 64 2 137 2161
-5625496 33554432 2 563 1249
-5632955 2 2 337 3343
-5634499 131088 1 6469
-5645956 131072 1 21067
-5648584 67108864 2 277 2549
-5648596 0 2 1069 1321
-5657716 0 2 241 5869
-5659096 33554464 1 41611
-5659448 33554432 1 707431
-5665144 33555456 1 19139
-5667563 8 1 515233
-5668324 0 2 379 3739
-5672371 256 1 195599
-5673371 8 1 515761
-5673940 2 1 283697
-5674171 0 2 1877 3023
-5676340 2 1 283817
-5693140 2 1 284657
-5700196 0 1 1425049
-5700484 0 1 1425121
-5705003 0 2 293 19471
-5711032 33554432 2 157 4547
-5711819 4096 1 132833
-5716283 64 1 300857
-5721419 8 1 520129
-5743783 0 2 977 5879
-5749651 270336 1 1723
-5751268 0 1 1437817
-5756503 0 2 283 20341
-5757923 8192 1 122509
-5760731 0 2 1549 3719
-5763107 4 2 797 1033
-5763487 0 2 937 6151
-5763707 65600 1 4973
-5764571 0 2 191 30181
-5765195 8388610 1 11887
-5767183 2048 1 140663
-5767307 20 1 63377
-5769979 0 2 827 6977
-5770571 0 3 113 223 229
-5773783 0 2 1223 4721
-5774131 8 1 524921
-5776888 33554448 1 55547
-5777291 1040 1 12011
-5781736 67108864 2 313 2309
-5782715 2 2 433 2671
-5794303 512 2 409 457
-5794744 33587200 1 12277
-5795011 160 1 14821
-5803156 4194304 1 16301
-5803819 4 2 157 5281
-5812099 0 2 523 11113
-5817247 32 1 342191
-5818451 0 2 631 9221
-5819224 41943040 1 7499
-5821624 33554432 1 727703
-5829604 8 1 132491
-5830115 8194 1 24809
-5833523 0 2 811 7193
-5837476 0 1 1459369
-5845427 132 1 36307
-5846072 33554496 1 38461
-5847347 262152 1 7487
-5848216 33554440 1 66457
-5853203 4608 1 4391
-5858212 131072 1 21859
-5858488 33554432 1 732311
-5860996 0 1 1465249
-5861560 33554434 1 146539
-5861656 33554432 2 257 2851
-5866283 0 2 1013 5791
-5878595 2 2 163 7213
-5887763 36 1 49477
-5888363 272 1 15619
-5892664 33554432 2 197 3739
-5895467 65536 2 127 761
-5897287 8 2 269 1993
-5897779 0 2 1913 3083
-5898004 4 1 210643
-5899636 0 2 911 1619
-5910635 258 1 40763
-5915464 67108864 1 739433
-5917396 0 2 461 3209
-5918627 24 1 41389
-5919635 2 2 641 1847
-5920763 0 2 233 25411
-5927555 2 1 1185511
-5928196 0 1 1482049
-5930915 1026 1 32059
-5937556 32 1 87317
-5939251 0 2 269 22079
-5939896 33554688 1 25603
-5944859 0 2 1091 5449
-5945848 33685504 1 11093
-5947576 33554432 1 743447
-5950852 0 1 1487713
-5952931 524288 1 81547
-5956091 8388608 1 61403
-5956408 33555456 1 20123
-5956915 2 2 719 1657
-5959508 0 2 337 4421
-5961688 33554432 2 631 1181
-5962612 128 1 64811
-5967256 33554432 2 157 4751
-5970040 33554434 1 149251
-5976083 6291456 1 809
-5984003 0 2 677 8839
-5988451 4 2 157 5449
-5993272 33554432 2 181 4139
-5997172 0 2 839 1787
-5998715 4098 1 27901
-6001144 33554688 1 25867
