-185111 1024 1 5003
-215591 1048576 1 2729
-226271 64 1 11909
-250511 512 1 8081
-255311 4 1 36473
-257759 0 2 383 673
-285791 8 1 25981
-297071 0 2 419 709
-308879 256 1 10651
-319535 2 1 63907
-366623 0 2 523 701
-377351 16 1 29027
-395999 0 2 461 859
-403631 32 1 23743
-412199 32 1 24247
-415943 8 1 37813
-416303 0 2 211 1973
-429839 1048576 1 5441
-464183 0 2 229 2027
-477335 2 1 95467
-484199 0 2 443 1093
-493016 33554432 1 61627
-498071 4 1 71153
-536735 2 1 107347
-544607 4 1 77801
-599183 16 1 46091
-609647 32768 1 10333
-623111 0 2 197 3163
-625463 0 2 239 2617
-628724 0 1 157181
-640439 65536 1 10499
-654935 2 1 130987
-662996 0 1 165749
-670484 0 1 167621
-700244 0 1 175061
-715535 2 1 143107
-723743 0 2 151 4793
-792104 67108864 1 99013
-804415 2 1 160883
-805591 256 1 27779
-808244 0 1 202061
-823471 8 1 74861
-835103 4096 1 19421
-852596 0 1 213149
-862535 2 1 172507
-867527 32 1 51031
-888815 2 1 177763
-898015 2 1 179603
-907639 0 2 199 4561
-942296 33554432 1 117787
-999871 0 2 127 7873
-1009823 0 2 929 1087
-1016543 8 1 92413
-1050407 16384 1 19819
-1058687 4 1 151241
-1086383 0 2 131 8293
-1087951 0 2 541 2011
-1091624 67108864 1 136453
-1105172 0 1 276293
-1116116 0 1 279029
-1135735 2 1 227147
-1136551 16 1 87427
-1146356 0 1 286589
-1150015 2 1 230003
-1150231 8192 1 24473
-1155559 16384 1 21803
-1165487 1048576 1 14753
-1174279 0 2 911 1289
-1176199 0 2 431 2729
-1190183 512 1 38393
-1218023 0 2 193 6311
-1221983 4 1 174569
-1249007 32 1 73471
-1249652 0 1 312413
-1253807 0 2 557 2251
-1256071 64 1 66109
-1283215 2 1 256643
-1289335 2 1 257867
-1305176 33554432 1 163147
-1308751 0 2 593 2207
-1310191 256 1 45179
-1317743 4 1 188249
-1345111 65536 1 22051
-1357016 33554432 1 169627
-1375399 0 2 233 5903
-1377176 33554432 1 172147
-1392179 512 1 44909
-1400183 0 2 113 12391
-1409432 33554432 1 176179
-1438343 0 2 269 5347
-1438471 64 1 75709
-1446799 0 2 173 8363
-1452824 33554432 1 181603
-1456619 65536 1 23879
-1456979 0 2 631 2309
-1459999 1048576 1 18481
-1471796 0 1 367949
-1479503 0 2 827 1789
-1482167 4096 1 34469
-1494611 0 2 373 4007
-1498087 0 2 311 4817
-1500776 67108864 1 187597
-1501487 16 1 115499
-1504207 0 2 467 3221
-1508084 0 1 377021
-1518131 16777216 1 15031
-1523623 1024 1 41179
-1524415 2 1 304883
-1549399 32768 1 26261
-1554743 512 1 50153
-1555567 16 1 119659
-1558567 8192 1 33161
-1565864 67108864 1 195733
-1574087 512 1 50777
-1574696 67108864 1 196837
-1575967 0 2 181 8707
-1576979 131072 1 23537
-1578887 0 2 103 15329
-1580312 33554432 1 197539
-1580407 16384 1 29819
-1580564 0 1 395141
-1581416 67108864 1 197677
-1607636 0 1 401909
-1610359 32 1 94727
-1631239 0 2 1097 1487
-1634408 67108864 1 204301
-1640407 4096 1 38149
-1649663 32 1 97039
-1674836 0 1 418709
-1682651 0 2 1051 1601
-1689299 2097152 1 20353
-1705711 4 1 243673
-1708015 2 1 341603
-1716823 0 2 673 2551
-1722068 0 1 430517
-1723544 33554432 1 215443
-1729015 2 1 345803
-1743367 32 1 102551
-1748771 0 2 971 1801
-1769576 67108864 1 221197
-1777327 0 2 1249 1423
-1779919 65536 1 29179
-1795231 0 2 113 15887
-1822388 0 1 455597
-1834691 32 1 107923
-1838171 0 2 113 16267
-1841807 8 1 167437
-1855087 16 1 142699
-1869059 0 2 127 14717
-1869151 16384 1 35267
-1885091 16 1 145007
-1895935 2 1 379187
-1903231 8 1 173021
-1911284 0 1 477821
-1915063 0 2 577 3319
-1935092 0 1 483773
-1939412 0 1 484853
-1940359 262144 1 27329
-1954739 64 1 102881
-1964219 1024 1 53087
-1965332 0 1 491333
-1981423 0 2 1301 1523
-1989179 8388608 1 20507
-1993543 2048 1 48623
-1997819 0 2 179 11161
-2010584 33554432 1 251323
-2011711 16 1 154747
-2014004 0 1 503501
-2022452 0 1 505613
-2040308 0 1 510077
-2074063 8192 1 44129
-2090339 0 2 167 12517
-2093935 2 1 418787
-2094823 0 2 151 13873
-2095063 32 1 123239
-2095988 0 1 523997
-2121899 16 1 163223
-2127128 33554432 1 265891
-2127851 8 1 193441
-2130152 67108864 1 266269
-2133044 0 1 533261
-2133919 0 2 293 7283
-2135807 512 1 68897
-2140148 0 1 535037
-2171815 2 1 434363
-2174644 0 1 543661
-2179903 8 1 198173
-2189983 16777216 1 21683
-2195623 4096 1 51061
-2196679 0 2 227 9677
-2198047 0 2 569 3863
-2208679 8 1 200789
-2212927 0 2 733 3019
-2213912 33554432 1 276739
-2216939 64 1 116681
-2230571 4 1 318653
-2246479 128 1 97673
-2255348 0 1 563837
-2279219 0 2 967 2357
-2282036 0 1 570509
-2284183 8 1 207653
-2291411 0 2 821 2791
-2292703 4 1 327529
-2293859 128 1 99733
-2297972 0 1 574493
-2310452 0 1 577613
-2313971 8 1 210361
-2322371 0 2 359 6469
-2328847 32 1 136991
-2333935 2 1 466787
-2338811 262144 1 32941
-2348939 0 2 383 6133
-2357819 4096 1 54833
-2360287 0 2 349 6763
-2365087 8192 1 50321
-2365211 256 1 81559
-2387531 32 1 140443
-2394587 16 1 184199
-2405671 0 2 181 13291
-2408359 512 1 77689
-2413979 0 2 1013 2383
-2415011 16777216 1 23911
-2417396 0 1 604349
-2419519 512 1 78049
-2430424 33554432 1 303803
-2437748 0 1 609437
-2441743 0 2 491 4973
-2449591 0 2 499 4909
-2463491 16777216 1 24391
-2472871 32 1 145463
-2487419 8 1 226129
-2500724 0 1 625181
-2500903 1048576 1 31657
-2518232 33554432 1 314779
-2524211 32 1 148483
-2528468 0 1 632117
-2533235 2 1 506647
-2547544 33554432 1 318443
-2558167 0 2 337 7591
-2566015 2 1 513203
-2574943 4 1 367849
-2581451 128 1 112237
-2590696 67108864 1 323837
-2591527 256 1 89363
-2597656 33554432 1 324707
-2612531 131072 1 38993
-2620148 0 1 655037
-2632211 65536 1 43151
-2640419 262144 1 37189
-2649908 0 1 662477
-2656379 8 1 241489
-2656999 0 2 1171 2269
-2662687 128 1 115769
-2664152 33554432 1 333019
-2678168 33554432 1 334771
-2682059 64 1 141161
-2691319 0 2 109 24691
-2695091 4 1 385013
-2701208 33554432 1 337651
-2701691 32 1 158923
-2703659 4 1 386237
-2720983 256 1 93827
-2722264 33554432 1 340283
-2728148 0 1 682037
-2744219 0 2 631 4349
-2768596 0 1 692149
-2770739 2048 1 67579
-2786263 16384 1 52571
-2799583 128 1 121721
-2816404 0 1 704101
-2816771 2097152 1 33937
-2819956 0 1 704989
-2821931 4 1 403133
-2824811 8 1 256801
-2830004 0 1 707501
-2839444 0 1 709861
-2844343 512 1 91753
-2851924 0 1 712981
-2856851 0 2 347 8233
-2858047 0 2 953 2999
-2859007 16777216 1 28307
-2864815 2 1 572963
-2867863 0 2 257 11159
-2873051 32 1 169003
-2889752 33554432 1 361219
-2901736 67108864 1 362717
-2906383 0 2 281 10343
-2919128 33554432 1 364891
-2928635 2 1 585727
-2932835 2 1 586567
-2934872 33554432 1 366859
-2947687 0 2 109 27043
-2956139 0 2 443 6673
-2956619 0 2 229 12911
-2977687 0 2 229 13003
-2981291 0 2 641 4651
-2991823 0 2 293 10211
-3000308 0 1 750077
-3007715 2 1 601543
-3020504 33554432 1 377563
-3021332 0 1 755333
-3027943 16384 1 57131
-3028568 33554432 1 378571
-3038612 0 1 759653
-3067235 2 1 613447
-3080552 67108864 1 385069
-3084559 0 2 241 12799
-3093179 0 2 877 3527
-3116411 0 2 659 4729
-3118783 131072 1 46549
-3123731 16 1 240287
-3128536 33554432 1 391067
-3141127 8 1 285557
-3152383 16 1 242491
-3159635 2 1 631927
-3160735 2 1 632147
-3173143 0 2 593 5351
-3189011 4 1 455573
-3193172 0 1 798293
-3195371 32 1 187963
-3200647 0 2 823 3889
-3210127 32 1 188831
-3221528 33554432 1 402691
-3227527 0 2 617 5231
-3231491 524288 1 44267
-3244811 0 2 811 4001
-3245819 0 2 163 19913
-3274036 0 1 818509
-3286783 0 2 353 9311
-3287939 262144 1 46309
-3304571 128 1 143677
-3315604 0 1 828901
-3319423 0 2 811 4093
-3320459 64 1 174761
-3323503 0 2 173 19211
-3325783 0 2 691 4813
-3333908 0 1 833477
-3337876 0 1 834469
-3339032 33554432 1 417379
-3347311 8 1 304301
-3359627 0 2 233 14419
-3363539 16384 1 63463
-3366248 67108864 1 420781
-3385999 0 2 163 20773
-3388571 1024 1 91583
-3407939 32 1 200467
-3411316 0 1 852829
-3414847 0 2 173 19739
-3431527 8 1 311957
-3434356 0 1 858589
-3437524 0 1 859381
-3446263 0 2 211 16333
-3446699 32 1 202747
-3448019 32768 1 58441
-3461972 0 1 865493
-3466472 67108864 1 433309
-3466883 4 1 495269
-3467435 2 1 693487
-3477391 0 2 673 5167
-3485912 33554432 1 435739
-3486247 0 2 593 5879
-3499303 0 2 1181 2963
-3551915 2 1 710383
-3558823 524288 1 48751
-3576899 0 2 461 7759
-3590287 256 1 123803
-3591467 8 1 326497
-3597224 67108864 1 449653
-3608408 33554432 1 451051
-3620392 67108864 1 452549
-3625816 33554432 1 453227
-3643928 33554432 1 455491
-3656335 2 1 731267
-3661204 0 1 915301
-3665167 8 1 333197
-3667892 0 1 916973
-3668404 0 1 917101
-3686047 65536 1 60427
-3689407 128 1 160409
-3689435 2 1 737887
-3708803 4 1 529829
-3725935 2 1 745187
-3731767 16 1 287059
-3744367 8 1 340397
-3754547 0 2 1597 2351
-3760472 33554432 1 470059
-3761311 2097152 1 45317
-3771736 33554432 1 471467
-3774731 32 1 222043
-3784379 65536 1 62039
-3788056 33554432 1 473507
-3794776 33554432 1 474347
-3811663 0 2 773 4931
-3814067 128 1 165829
-3817451 8 1 347041
-3817547 0 2 239 15973
-3821108 0 1 955277
-3827672 33554432 1 478459
-3837611 8388608 1 39563
-3840851 4 1 548693
-3847183 0 2 239 16097
-3847903 524288 1 52711
-3848051 64 1 202529
-3858515 2 1 771703
-3859096 33554432 1 482387
-3860603 0 2 953 4051
-3861272 33554432 1 482659
-3867007 32 1 227471
-3868835 2 1 773767
-3872404 0 1 968101
-3876247 64 1 204013
-3888728 33554432 1 486091
-3897007 0 2 1889 2063
-3903259 0 2 139 28081
-3914527 16384 1 73859
-3932651 4096 1 91457
-3933535 2 1 786707
-3934327 32 1 231431
-3947743 128 1 171641
-3950863 4 1 564409
-3957707 16 1 304439
-3959435 2 1 791887
-3965171 4 1 566453
-3966107 4194304 1 44563
-3969463 0 2 359 11057
-3970019 0 2 1039 3821
-3971815 2 1 794363
-3978443 4 1 568349
-4005035 2 1 801007
-4015019 0 2 131 30649
-4018687 0 2 131 30677
-4020532 0 1 1005133
-4024235 2 1 804847
-4032488 67108864 1 504061
-4040699 16 1 310823
-4056323 0 2 353 11491
-4076503 0 2 409 9967
-4097291 8 1 372481
-4107611 0 2 569 7219
-4113496 33554432 1 514187
-4121267 0 2 569 7243
-4130747 0 2 211 19577
-4151419 0 2 1993 2083
-4171379 0 2 503 8293
-4175027 0 2 109 38303
-4194491 4 1 599213
-4194779 4096 1 97553
-4210739 16 1 323903
-4214228 0 1 1053557
-4220147 64 1 222113
-4229171 128 1 183877
-4237447 0 2 859 4933
-4257703 0 2 173 24611
-4260248 33554432 1 532531
-4274047 4194304 1 48023
-4274836 0 1 1068709
-4285451 1024 1 115823
-4289944 33554432 1 536243
-4291624 67108864 1 536453
-4292527 0 2 223 19249
-4298776 33554432 1 537347
-4302947 8 1 391177
-4306859 0 2 191 22549
-4308539 1024 1 116447
-4330283 0 2 1249 3467
-4342739 131072 1 64817
-4343767 0 2 283 15349
-4349459 0 2 149 29191
-4354996 0 1 1088749
-4365992 67108864 1 545749
-4376116 0 1 1094029
-4378163 32 1 257539
-4390067 8 1 399097
-4400372 0 1 1100093
-4431299 0 2 239 18541
-4436468 0 1 1109117
-4437107 16384 1 83719
-4445407 0 2 233 19079
-4446548 0 1 1111637
-4471499 128 1 194413
-4494676 0 1 1123669
-4499891 8 1 409081
-4501283 4096 1 104681
-4513787 0 2 463 9749
-4522772 0 1 1130693
-4533463 8 1 412133
-4545368 33554432 1 568171
-4548323 16 1 349871
-4549567 8 1 413597
-4563352 33554432 1 570419
-4583527 16 1 352579
-4593347 8 1 417577
-4593752 33554432 1 574219
-4594516 0 1 1148629
-4597403 0 2 347 13249
-4633451 2048 1 113011
-4637527 0 2 1951 2377
-4640243 16777216 1 45943
-4645015 2 1 929003
-4652779 0 2 661 7039
-4661843 0 2 1091 4273
-4662811 32 1 274283
-4684307 0 2 1051 4457
-4686971 0 2 577 8123
-4689844 0 1 1172461
-4699927 0 2 1583 2969
-4717523 0 2 107 44089
-4719188 0 1 1179797
-4723691 4 1 674813
-4724123 1024 1 127679
-4724435 2 1 944887
-4726807 1048576 1 59833
-4738472 67108864 1 592309
-4741543 512 1 152953
-4744235 2 1 948847
-4758851 0 2 1997 2383
-4763383 32 1 280199
-4795283 0 2 881 5443
-4801567 8192 1 102161
-4808296 67108864 1 601037
-4808344 33554432 1 601043
-4812587 16 1 370199
-4822219 64 1 253801
-4825651 1024 1 130423
-4834216 67108864 1 604277
-4839784 67108864 1 604973
-4847252 0 1 1211813
-4849811 32 1 285283
-4864084 0 1 1216021
-4865291 0 2 227 21433
-4910167 0 2 829 5923
-4913819 0 2 463 10613
-4915283 0 2 1511 3253
-4915643 0 2 461 10663
-4924235 2 1 984847
-4926827 16384 1 92959
-4936883 4 1 705269
-4945163 1048576 1 62597
-4960663 128 1 215681
-4961896 67108864 1 620237
-4966927 4 1 709561
-4967003 0 2 173 28711
-4976243 0 2 1399 3557
-4978423 2097152 1 59981
-4988771 1048576 1 63149
-4989583 8388608 1 51439
-4991027 0 2 409 12203
-4992443 0 2 157 31799
-4995131 0 2 883 5657
-5005015 2 1 1001003
-5014435 2 1 1002887
-5039099 16 1 387623
-5046424 33554432 1 630803
-5049059 4194304 1 56731
-5049931 512 1 162901
-5064107 0 2 223 22709
-5085103 64 1 267637
-5089171 32 1 299363
-5090147 8192 1 108301
-5091731 65536 1 83471
-5099027 0 2 521 9787
-5104427 1048576 1 64613
-5118196 0 1 1279549
-5145443 0 2 197 26119
-5146699 32 1 302747
-5147387 4 1 735341
-5161163 4 1 737309
-5183887 0 2 103 50329
-5198632 67108864 1 649829
-5200043 0 2 353 14731
-5200763 0 2 433 12011
-5207768 33554432 1 650971
-5208803 8388608 1 53699
-5227259 0 2 1291 4049
-5233684 0 1 1308421
-5236835 2 1 1047367
-5244436 0 1 1311109
-5248403 0 2 479 10957
-5251523 256 1 181087
-5260771 1024 1 142183
-5263087 512 1 169777
-5273747 0 2 109 48383
-5277556 0 1 1319389
-5285051 0 2 107 49393
-5286367 131072 1 78901
-5292707 4 1 756101
-5298803 2097152 1 63841
-5316539 16777216 1 52639
-5319703 0 2 1289 4127
-5328587 8 1 484417
-5339416 33554432 1 667427
-5351507 4 1 764501
-5353396 0 1 1338349
-5368984 33554432 1 671123
-5373227 0 2 131 41017
-5391467 0 2 109 49463
-5408527 0 2 857 6311
-5421076 0 1 1355269
-5433332 0 1 1358333
-5435899 4 1 776557
-5452423 8192 1 116009
-5454979 128 1 237173
-5459435 2 1 1091887
-5462263 0 2 1987 2749
-5465723 0 2 541 10103
-5473492 0 1 1368373
-5474507 512 1 176597
-5476099 256 1 188831
-5483507 8388608 1 56531
-5484376 33554432 1 685547
-5491624 67108864 1 686453
-5493619 128 1 238853
-5500735 2 1 1100147
-5515931 2097152 1 66457
-5545807 512 1 178897
-5560427 0 2 1231 4517
-5560643 8 1 505513
-5564287 32 1 327311
-5565515 2 1 1113103
-5565707 4 1 795101
-5568011 0 2 607 9173
-5579099 32768 1 94561
-5584715 2 1 1116943
-5588312 33554432 1 698539
-5588863 4 1 798409
-5590115 2 1 1118023
-5595544 33554432 1 699443
-5595803 2048 1 136483
-5604943 64 1 294997
-5636723 0 2 631 8933
-5640571 0 2 331 17041
-5650472 67108864 1 706309
-5651732 0 1 1412933
-5667619 0 2 1181 4799
-5671307 2097152 1 68329
-5705407 0 2 523 10909
-5741627 0 2 167 34381
-5747944 67108864 1 718493
-5756603 0 2 137 42019
-5759623 0 2 773 7451
-5765059 0 2 337 17107
-5767448 33554432 1 720931
-5785547 0 2 1301 4447
-5786507 64 1 304553
-5788756 0 1 1447189
-5791235 2 1 1158247
-5798824 67108864 1 724853
-5800628 0 1 1450157
-5800948 0 1 1450237
-5802859 512 1 187189
-5807491 0 2 883 6577
-5819284 0 1 1454821
-5829272 33554432 1 728659
-5836979 0 2 379 15401
-5845067 0 2 433 13499
-5871064 33554432 1 733883
-5875508 0 1 1468877
-5897659 0 2 443 13313
-5901451 0 2 179 32969
-5908531 0 2 1571 3761
-5928443 0 2 1481 4003
-5933812 0 1 1483453
-5949848 33554432 1 743731
-5954968 33554432 1 744371
-5955371 4096 1 138497
-5957656 33554432 1 744707
-5962228 0 1 1490557
-5965499 0 2 233 25603
-5967784 67108864 1 745973
-5974883 0 2 1321 4523
-5983336 67108864 1 747917
-5989891 0 2 1303 4597
-5991848 67108864 1 748981
-5998043 0 2 271 22133
-5999483 4 1 857069
