-184799 0 2 283 653
-220799 64 1 11621
-233399 512 1 7529
-233471 4 1 33353
-236279 128 1 10273
-267071 4 1 38153
-270359 1024 1 7307
-299039 16 1 23003
-303599 0 2 233 1303
-316007 4096 1 7349
-337319 8192 1 7177
-346319 0 2 223 1553
-361199 32 1 21247
-365543 4096 1 8501
-367511 32768 1 6229
-391439 0 2 197 1987
-445391 32768 1 7549
-456143 0 2 349 1307
-461735 2 1 92347
-491759 32 1 28927
-498479 128 1 21673
-499871 64 1 26309
-512756 0 1 128189
-529247 0 2 157 3371
-540935 2 1 108187
-543071 0 2 199 2729
-551071 0 2 349 1579
-552536 33554432 1 69067
-556223 32 1 32719
-562151 2048 1 13711
-562223 256 1 19387
-567119 4 1 81017
-605231 8 1 55021
-606143 512 1 19553
-607064 33554432 1 75883
-622463 16777216 1 6163
-625703 16 1 48131
-629191 0 2 269 2339
-637943 0 2 359 1777
-638735 2 1 127747
-646463 32768 1 10957
-649343 4096 1 15101
-657119 0 2 509 1291
-669671 0 2 127 5273
-676231 131072 1 10093
-684319 128 1 29753
-705535 2 1 141107
-716264 67108864 1 89533
-719735 2 1 143947
-722671 0 2 157 4603
-728063 4 1 104009
-747151 0 2 211 3541
-748559 4 1 106937
-755816 67108864 1 94477
-768116 0 1 192029
-770903 4 1 110129
-773671 0 2 853 907
-776303 8 1 70573
-779911 8 1 70901
-782239 2048 1 19079
-782351 0 2 401 1951
-793631 512 1 25601
-833335 2 1 166667
-837656 33554432 1 104707
-841111 64 1 44269
-843176 67108864 1 105397
-847159 128 1 36833
-851551 16384 1 16067
-851815 2 1 170363
-873167 0 2 337 2591
-879047 16 1 67619
-890599 512 1 28729
-892519 0 2 139 6421
-907127 16 1 69779
-916904 67108864 1 114613
-938911 0 2 127 7393
-946196 0 1 236549
-952607 262144 1 13417
-957503 0 2 367 2609
-962359 524288 1 13183
-966104 33554432 1 120763
-968984 33554432 1 121123
-969623 0 2 239 4057
-989204 0 1 247301
-1018279 128 1 44273
-1025204 0 1 256301
-1029679 4 1 147097
-1035167 4 1 147881
-1036879 0 2 349 2971
-1038271 16 1 79867
-1044815 2 1 208963
-1048472 33554432 1 131059
-1058191 0 2 887 1193
-1066711 0 2 193 5527
-1068847 16 1 82219
-1086143 0 2 151 7193
-1093135 2 1 218627
-1103528 67108864 1 137941
-1113943 2097152 1 13421
-1117007 0 2 223 5009
-1136407 128 1 49409
-1142087 0 2 827 1381
-1145687 0 2 229 5003
-1146623 0 2 607 1889
-1151903 32 1 67759
-1181791 16 1 90907
-1183343 4 1 169049
-1199807 4 1 171401
-1202171 0 2 937 1283
-1209896 67108864 1 151237
-1216103 4 1 173729
-1220264 67108864 1 152533
-1221199 4 1 174457
-1243103 8192 1 26449
-1243351 0 2 173 7187
-1244959 32768 1 21101
-1274903 4 1 182129
-1275151 0 2 193 6607
-1284212 0 1 321053
-1296847 0 2 317 4091
-1315663 0 2 151 8713
-1322687 524288 1 18119
-1341079 32 1 78887
-1351124 0 1 337781
-1362776 33554432 1 170347
-1371503 4 1 195929
-1393256 67108864 1 174157
-1395023 4 1 199289
-1395199 16 1 107323
-1400719 32768 1 23741
-1413779 256 1 48751
-1428103 0 2 643 2221
-1433771 1048576 1 18149
-1433807 0 2 613 2339
-1444519 256 1 49811
-1446031 32768 1 24509
-1452199 4 1 207457
-1455128 33554432 1 181891
-1462591 16 1 112507
-1466708 0 1 366677
-1467764 0 1 366941
-1472671 64 1 77509
-1474931 1024 1 39863
-1487791 0 2 263 5657
-1494644 0 1 373661
-1503079 0 2 103 14593
-1505239 0 2 887 1697
-1508191 0 2 449 3359
-1511671 4 1 215953
-1512079 1024 1 40867
-1513639 0 2 809 1871
-1524884 0 1 381221
-1526744 33554432 1 190843
-1542103 4194304 1 17327
-1552664 33554432 1 194083
-1555028 0 1 388757
-1558259 0 2 571 2729
-1559819 2097152 1 18793
-1565528 33554432 1 195691
-1568431 64 1 82549
-1582424 33554432 1 197803
-1586459 4 1 226637
-1594484 0 1 398621
-1599127 4096 1 37189
-1609331 0 2 233 6907
-1620767 0 2 1117 1451
-1622767 16777216 1 16067
-1625071 4 1 232153
-1625588 0 1 406397
-1629224 67108864 1 203653
-1630807 0 2 127 12841
-1648135 2 1 329627
-1648343 0 2 157 10499
-1655527 64 1 87133
-1656407 0 2 929 1783
-1663111 4096 1 38677
-1676756 0 1 419189
-1677059 0 2 587 2857
-1686415 2 1 337283
-1686799 0 2 461 3659
-1693207 1048576 1 21433
-1695464 67108864 1 211933
-1701608 67108864 1 212701
-1712408 33554432 1 214051
-1713079 0 2 191 8969
-1720244 0 1 430061
-1721215 2 1 344243
-1721959 2048 1 41999
-1722415 2 1 344483
-1729064 67108864 1 216133
-1745816 33554432 1 218227
-1746659 1024 1 47207
-1748935 2 1 349787
-1750004 0 1 437501
-1757047 0 2 107 16421
-1758535 2 1 351707
-1766431 0 2 163 10837
-1767127 0 2 443 3989
-1786931 64 1 94049
-1788212 0 1 447053
-1789567 16 1 137659
-1796263 4 1 256609
-1798772 0 1 449693
-1798831 8192 1 38273
-1804052 0 1 451013
-1808671 1024 1 48883
-1827284 0 1 456821
-1829411 0 2 503 3637
-1832767 0 2 727 2521
-1833779 32768 1 31081
-1843663 512 1 59473
-1843879 0 2 179 10301
-1849931 0 2 157 11783
-1858783 0 2 193 9631
-1865492 0 1 466373
-1871579 128 1 81373
-1872047 131072 1 27941
-1888616 67108864 1 236077
-1893583 8192 1 40289
-1894111 65536 1 31051
-1897351 0 2 409 4639
-1897663 64 1 99877
-1898191 0 2 1171 1621
-1918808 33554432 1 239851
-1921139 8 1 174649
-1923851 8192 1 40933
-1931023 256 1 66587
-1950319 4 1 278617
-1951892 0 1 487973
-1956415 2 1 391283
-1957423 16 1 150571
-1957567 32 1 115151
-1970047 0 2 139 14173
-1970792 67108864 1 246349
-1971703 65536 1 32323
-1989044 0 1 497261
-1989127 4 1 284161
-1991435 2 1 398287
-1991891 8 1 181081
-1999951 0 2 103 19417
-2003743 4 1 286249
-2010004 0 1 502501
-2028415 2 1 405683
-2029379 8 1 184489
-2039311 0 2 113 18047
-2049332 0 1 512333
-2057699 4 1 293957
-2059831 0 2 163 12637
-2071211 0 2 487 4253
-2075119 0 2 397 5227
-2082151 0 2 223 9337
-2084084 0 1 521021
-2086184 67108864 1 260773
-2088616 67108864 1 261077
-2091608 33554432 1 261451
-2097415 2 1 419483
-2103367 4 1 300481
-2103967 2097152 1 25349
-2107412 0 1 526853
-2112371 512 1 68141
-2118223 4096 1 49261
-2118535 2 1 423707
-2134279 4 1 304897
-2139415 2 1 427883
-2140735 2 1 428147
-2156531 16 1 165887
-2157751 2097152 1 25997
-2160404 0 1 540101
-2160596 0 1 540149
-2161715 2 1 432343
-2170739 0 2 1087 1997
-2173831 8 1 197621
-2182183 512 1 70393
-2183023 0 2 193 11311
-2183167 4 1 311881
-2184367 256 1 75323
-2186383 0 2 137 15959
-2194004 0 1 548501
-2198036 0 1 549509
-2209135 2 1 441827
-2212423 0 2 239 9257
-2215879 0 2 821 2699
-2216527 0 2 433 5119
-2221327 0 2 1109 2003
-2222171 4 1 317453
-2222771 8192 1 47293
-2222959 8192 1 47297
-2226851 8 1 202441
-2235419 0 2 1049 2131
-2239508 0 1 559877
-2243339 4 1 320477
-2243719 128 1 97553
-2245903 8 1 204173
-2251892 0 1 562973
-2264527 0 2 233 9719
-2269556 0 1 567389
-2272783 0 2 1279 1777
-2272999 2048 1 55439
-2274611 0 2 137 16603
-2282339 16384 1 43063
-2283971 64 1 120209
-2287735 2 1 457547
-2294191 0 2 193 11887
-2295127 0 2 743 3089
-2296663 64 1 120877
-2297651 64 1 120929
-2299796 0 1 574949
-2301976 33554432 1 287747
-2305624 33554432 1 288203
-2305811 512 1 74381
-2312647 0 2 1277 1811
-2332756 0 1 583189
-2334319 16 1 179563
-2334511 64 1 122869
-2335412 0 1 583853
-2341748 0 1 585437
-2343227 524288 1 32099
-2360815 2 1 472163
-2361439 0 2 197 11987
-2363551 0 2 167 14153
-2375099 0 2 487 4877
-2377931 0 2 1063 2237
-2380903 4 1 340129
-2383015 2 1 476603
-2385007 0 2 619 3853
-2394851 2048 1 58411
-2395259 0 2 967 2477
-2397247 524288 1 32839
-2402167 0 2 349 6883
-2403847 262144 1 33857
-2405912 33554432 1 300739
-2406127 512 1 77617
-2423528 67108864 1 302941
-2428628 0 1 607157
-2430872 33554432 1 303859
-2439971 0 2 251 9721
-2443811 0 2 467 5233
-2451659 4 1 350237
-2457908 0 1 614477
-2474407 16 1 190339
-2478967 0 2 151 16417
-2499079 8 1 227189
-2501531 0 2 1427 1753
-2507699 0 2 139 18041
-2512903 262144 1 35393
-2533543 8388608 1 26119
-2537588 0 1 634397
-2557451 16 1 196727
-2562727 0 2 113 22679
-2564599 512 1 82729
-2571752 67108864 1 321469
-2576527 0 2 157 16411
-2577751 8 1 234341
-2597524 0 1 649381
-2597935 2 1 519587
-2598491 4 1 371213
-2601304 33554432 1 325163
-2602235 2 1 520447
-2607463 0 2 577 4519
-2608183 16384 1 49211
-2615023 8388608 1 26959
-2619515 2 1 523903
-2631463 4194304 1 29567
-2646452 0 1 661613
-2652899 1048576 1 33581
-2655272 67108864 1 331909
-2655784 67108864 1 331973
-2663531 16 1 204887
-2664799 0 2 991 2689
-2666143 0 2 283 9421
-2667956 0 1 666989
-2669099 524288 1 36563
-2669743 0 2 599 4457
-2673971 8192 1 56893
-2674183 4194304 1 30047
-2674327 16384 1 50459
-2674904 33554432 1 334363
-2677979 0 2 1439 1861
-2680735 2 1 536147
-2682676 0 1 670669
-2685847 32 1 157991
-2698772 0 1 674693
-2698868 0 1 674717
-2701499 0 2 157 17207
-2701807 0 2 193 13999
-2705972 0 1 676493
-2706487 4 1 386641
-2708023 0 2 269 10067
-2711311 0 2 197 13763
-2713739 4 1 387677
-2720651 0 2 1607 1693
-2722088 67108864 1 340261
-2726767 8388608 1 28111
-2727371 65536 1 44711
-2728399 0 2 647 4217
-2731927 8 1 248357
-2733223 0 2 1279 2137
-2744023 0 2 103 26641
-2750504 67108864 1 343813
-2753623 0 2 157 17539
-2755015 2 1 551003
-2755444 0 1 688861
-2764019 256 1 95311
-2770111 0 2 379 7309
-2774243 1048576 1 35117
-2783843 1024 1 75239
-2793299 0 2 491 5689
-2800436 0 1 700109
-2811703 16384 1 53051
-2815907 0 2 659 4273
-2819944 67108864 1 352493
-2821211 4194304 1 31699
-2823011 0 2 193 14627
-2832727 32 1 166631
-2833112 33554432 1 354139
-2838299 4194304 1 31891
-2845235 2 1 569047
-2849411 64 1 149969
-2853899 0 2 239 11941
-2853967 0 2 163 17509
-2862247 0 2 827 3461
-2867476 0 1 716869
-2869096 67108864 1 358637
-2872927 0 2 863 3329
-2876407 0 2 1693 1699
-2885215 2 1 577043
-2888852 0 1 722213
-2892404 0 1 723101
-2897863 0 2 337 8599
-2898343 4 1 414049
-2900767 2097152 1 34949
-2901343 65536 1 47563
-2907635 2 1 581527
-2909527 64 1 153133
-2916227 65536 1 47807
-2921407 0 2 563 5189
-2924863 0 2 347 8429
-2939732 0 1 734933
-2941471 16 1 226267
-2953688 33554432 1 369211
-2987527 0 2 139 21493
-2993204 0 1 748301
-2993863 1048576 1 37897
-2997899 32 1 176347
-3027947 16 1 232919
-3034456 33554432 1 379307
-3037351 0 2 251 12101
-3043979 0 2 673 4523
-3045556 0 1 761389
-3050408 67108864 1 381301
-3053219 16 1 234863
-3068404 0 1 767101
-3068411 512 1 98981
-3072635 2 1 614527
-3076571 0 2 107 28753
-3077287 1048576 1 38953
-3081236 0 1 770309
-3086171 8 1 280561
-3100379 2048 1 75619
-3105203 32 1 182659
-3112183 512 1 100393
-3118039 0 2 1039 3001
-3118292 0 1 779573
-3123179 0 2 941 3319
-3133864 67108864 1 391733
-3150299 256 1 108631
-3161684 0 1 790421
-3164099 0 2 1151 2749
-3170651 8 1 288241
-3183256 33554432 1 397907
-3183512 33554432 1 397939
-3186164 0 1 796541
-3187619 32 1 187507
-3193427 0 2 607 5261
-3195463 0 2 709 4507
-3198107 8 1 290737
-3200603 4 1 457229
-3204683 2048 1 78163
-3204788 0 1 801197
-3208163 4 1 458309
-3211115 2 1 642223
-3230527 32 1 190031
-3234932 0 1 808733
-3237343 0 2 163 19861
-3237367 4 1 462481
-3241688 33554432 1 405211
-3242527 0 2 263 12329
-3245315 2 1 649063
-3245723 16 1 249671
-3245972 0 1 811493
-3255515 2 1 651103
-3262772 0 1 815693
-3265571 512 1 105341
-3271211 64 1 172169
-3271423 0 2 137 23879
-3277268 0 1 819317
-3290776 33554432 1 411347
-3292619 8 1 299329
-3296536 33554432 1 412067
-3303512 33554432 1 412939
-3312664 33554432 1 414083
-3318487 0 2 829 4003
-3329972 0 1 832493
-3332404 0 1 833101
-3336463 16 1 256651
-3337499 8 1 303409
-3344596 0 1 836149
-3345899 0 2 557 6007
-3349715 2 1 669943
-3356435 2 1 671287
-3359407 0 2 457 7351
-3362935 2 1 672587
-3370207 0 2 1583 2129
-3373183 8 1 306653
-3374051 0 2 653 5167
-3374219 0 2 193 17483
-3375899 2048 1 82339
-3375943 0 2 467 7229
-3376808 67108864 1 422101
-3380948 0 1 845237
-3381607 0 2 199 16993
-3386627 0 2 197 17191
-3387752 67108864 1 423469
-3391835 2 1 678367
-3404051 4 1 486293
-3410887 0 2 233 14639
-3412504 33554432 1 426563
-3421268 0 1 855317
-3421303 0 2 1607 2129
-3426703 4 1 489529
-3430411 4096 1 79777
-3431407 4 1 490201
-3434216 67108864 1 429277
-3443288 33554432 1 430411
-3446623 0 2 1277 2699
-3446888 67108864 1 430861
-3449863 2048 1 84143
-3450004 0 1 862501
-3461891 128 1 150517
-3462548 0 1 865637
-3471683 0 2 1153 3011
-3473287 32 1 204311
-3476411 64 1 182969
-3489827 8 1 317257
-3494383 2097152 1 42101
-3497167 0 2 1499 2333
-3497527 8 1 317957
-3505735 2 1 701147
-3515939 4 1 502277
-3516419 0 2 997 3527
-3519007 0 2 163 21589
-3519179 256 1 121351
-3532783 0 2 229 15427
-3534059 0 2 569 6211
-3535207 16 1 271939
-3545743 256 1 122267
-3546196 0 1 886549
-3556903 4 1 508129
-3557492 0 1 889373
-3560891 2048 1 86851
-3568739 0 2 661 5399
-3572824 33554432 1 446603
-3576851 32 1 210403
-3579823 16 1 275371
-3583183 0 2 349 10267
-3588491 0 2 257 13963
-3588539 0 2 173 20743
-3590771 0 2 1069 3359
-3590915 2 1 718183
-3600179 8 1 327289
-3606367 4096 1 83869
-3610835 2 1 722167
-3626407 1024 1 98011
-3629963 0 2 491 7393
-3636971 16 1 279767
-3638164 0 1 909541
-3639059 512 1 117389
-3643643 0 2 691 5273
-3648367 0 2 277 13171
-3649783 0 2 1217 2999
-3657076 0 1 914269
-3661207 8 1 332837
-3665383 0 2 179 20477
-3673832 67108864 1 459229
-3680411 4 1 525773
-3681368 33554432 1 460171
-3687371 0 2 1297 2843
-3706804 0 1 926701
-3708659 0 2 139 26681
-3718859 0 2 157 23687
-3720916 0 1 930229
-3733187 0 2 1373 2719
-3743287 0 2 457 8191
-3748952 33554432 1 468619
-3759923 0 2 599 6277
-3765007 32 1 221471
-3767263 64 1 198277
-3779243 16 1 290711
-3780635 2 1 756127
-3782104 33554432 1 472763
-3786635 2 1 757327
-3787508 0 1 946877
-3793519 256 1 130811
-3794435 2 1 758887
-3805015 2 1 761003
-3809524 0 1 952381
-3811835 2 1 762367
-3817571 32 1 224563
-3823571 512 1 123341
-3830219 32 1 225307
-3844084 0 1 961021
-3844691 524288 1 52667
-3852635 2 1 770527
-3853063 0 2 1783 2161
-3855899 0 2 113 34123
-3857299 512 1 124429
-3866459 0 2 1087 3557
-3870731 4096 1 90017
-3874543 131072 1 57829
-3874739 8 1 352249
-3875315 2 1 775063
-3879703 0 2 137 28319
-3880783 0 2 107 36269
-3885848 33554432 1 485731
-3892543 128 1 169241
-3898187 0 2 331 11777
-3898996 0 1 974749
-3900107 8192 1 82981
-3909016 33554432 1 488627
-3913211 65536 1 64151
-3930127 0 2 821 4787
-3937663 0 2 641 6143
-3944603 16 1 303431
-3947171 131072 1 58913
-3949427 0 2 1409 2803
-3951635 2 1 790327
-3957848 33554432 1 494731
-3961091 0 2 179 22129
-3965579 524288 1 54323
-3966227 0 2 1447 2741
-3969076 0 1 992269
-3976763 4 1 568109
-3983527 256 1 137363
-3993463 0 2 1297 3079
-3993607 0 2 349 11443
-3993971 64 1 210209
-3996184 33554432 1 499523
-4021063 0 2 149 26987
-4021144 33554432 1 502643
-4021327 0 2 839 4793
-4030331 65536 1 66071
-4033576 67108864 1 504197
-4048808 67108864 1 506101
-4052623 128 1 176201
-4065827 0 2 1283 3169
-4066835 2 1 813367
-4074583 1048576 1 51577
-4099379 32768 1 69481
-4100003 128 1 178261
-4103843 16384 1 77431
-4103939 4 1 586277
-4106644 0 1 1026661
-4113491 4194304 1 46219
-4114067 1024 1 111191
-4118315 2 1 823663
-4143796 0 1 1035949
-4153832 67108864 1 519229
-4154143 4 1 593449
-4157528 33554432 1 519691
-4160344 33554432 1 520043
-4162663 0 2 239 17417
-4163284 0 1 1040821
-4164923 4 1 594989
-4167796 0 1 1041949
-4175848 67108864 1 521981
-4176724 0 1 1044181
-4181288 67108864 1 522661
-4181371 32 1 245963
-4194196 0 1 1048549
-4203515 2 1 840703
-4207259 4 1 601037
-4213067 0 2 1013 4159
-4227007 0 2 1657 2551
-4227251 4 1 603893
-4244596 0 1 1061149
-4250228 0 1 1062557
-4255891 4194304 1 47819
-4258216 67108864 1 532277
-4261259 0 2 521 8179
-4265647 0 2 443 9629
-4267687 0 2 137 31151
-4270388 0 1 1067597
-4271483 0 2 569 7507
-4276619 0 2 1979 2161
-4277527 64 1 225133
-4278683 0 2 373 11471
-4286219 4 1 612317
-4286299 0 2 617 6947
-4290847 8 1 390077
-4299707 65536 1 70487
-4307243 64 1 226697
-4317428 0 1 1079357
-4330324 0 1 1082581
-4332731 16 1 333287
-4334539 8 1 394049
-4342763 0 2 137 31699
-4345399 0 2 349 12451
-4354543 0 2 1291 3373
-4362611 8 1 396601
-4363235 2 1 872647
-4368443 0 2 673 6491
-4369384 67108864 1 546173
-4370699 1024 1 118127
-4371688 67108864 1 546461
-4374419 4 1 624917
-4381687 0 2 313 13999
-4394047 4 1 627721
-4395563 1024 1 118799
-4397647 256 1 151643
-4399043 8 1 399913
-4408567 0 2 227 19421
-4414324 0 1 1103581
-4416967 16384 1 83339
-4418527 256 1 152363
-4418815 2 1 883763
-4426043 0 2 191 23173
-4439383 16 1 341491
-4444051 0 2 769 5779
-4447523 32 1 261619
-4449823 4 1 635689
-4452632 33554432 1 556579
-4453208 33554432 1 556651
-4454459 32 1 262027
-4464692 0 1 1116173
-4486115 2 1 897223
-4486927 16384 1 84659
-4494967 0 2 673 6679
-4498339 1048576 1 56941
-4518343 512 1 145753
-4522571 0 2 1667 2713
-4523828 0 1 1130957
-4523887 32 1 266111
-4527583 0 2 173 26171
-4531207 128 1 197009
-4531979 32 1 266587
-4534715 2 1 906943
-4537567 0 2 479 9473
-4537835 2 1 907567
-4555115 2 1 911023
-4560367 4 1 651481
-4569304 33554432 1 571163
-4578856 67108864 1 572357
-4587515 2 1 917503
-4587608 33554432 1 573451
-4595092 0 1 1148773
-4601704 67108864 1 575213
-4606804 0 1 1151701
-4624148 0 1 1156037
-4628915 2 1 925783
-4633459 0 2 173 26783
-4643048 67108864 1 580381
-4651156 0 1 1162789
-4651763 4194304 1 52267
-4651924 0 1 1162981
-4652167 16 1 357859
-4660883 0 2 313 14891
-4664915 2 1 932983
-4672691 0 2 379 12329
-4682407 0 2 317 14771
-4685528 33554432 1 585691
-4687924 0 1 1171981
-4688819 0 2 173 27103
-4700459 4096 1 109313
-4701992 67108864 1 587749
-4705331 64 1 247649
-4706344 67108864 1 588293
-4711988 0 1 1177997
-4720783 0 2 1063 4441
-4724699 4 1 674957
-4729588 0 1 1182397
-4742363 0 2 577 8219
-4746611 2048 1 115771
-4770083 64 1 251057
-4776203 128 1 207661
-4780015 2 1 956003
-4785103 0 2 1123 4261
-4785107 8388608 1 49331
-4788727 524288 1 65599
-4791107 128 1 208309
-4798036 0 1 1199509
-4812308 0 1 1203077
-4813163 0 2 263 18301
-4813763 0 2 757 6359
-4815703 0 2 1543 3121
-4823731 8 1 438521
-4825624 33554432 1 603203
-4829387 0 2 137 35251
-4832539 32 1 284267
-4835252 0 1 1208813
-4843091 8 1 440281
-4846451 256 1 167119
-4846696 67108864 1 605837
-4848127 2048 1 118247
-4855739 4 1 693677
-4856296 67108864 1 607037
-4856884 0 1 1214221
-4866247 0 2 1193 4079
-4869347 4 1 695621
-4872179 16 1 374783
-4874171 0 2 107 45553
-4874843 512 1 157253
-4875796 0 1 1218949
-4876187 0 2 227 21481
-4876811 0 2 1451 3361
-4877123 0 2 163 29921
-4887851 131072 1 72953
-4891139 8 1 444649
-4894067 0 2 1979 2473
-4902484 0 1 1225621
-4909204 0 1 1227301
-4912979 0 2 1531 3209
-4916987 0 2 317 15511
-4917811 32 1 289283
-4923707 256 1 169783
-4923851 16777216 1 48751
-4934612 0 1 1233653
-4936907 0 2 1483 3329
-4943647 16777216 1 48947
-4949767 0 2 457 10831
-4950223 0 2 1487 3329
-4952536 33554432 1 619067
-4956127 8 1 450557
-4956968 67108864 1 619621
-4958132 0 1 1239533
-4968539 32 1 292267
-4968571 0 2 239 20789
-4981667 64 1 262193
-4986035 2 1 997207
-4994291 32768 1 84649
-4994767 0 2 359 13913
-4995659 4194304 1 56131
-4999403 1024 1 135119
-5002996 0 1 1250749
-5007223 16 1 385171
-5017787 0 2 197 25471
-5038835 2 1 1007767
-5040083 0 2 1429 3527
-5049179 0 2 113 44683
-5059643 64 1 266297
-5059883 0 2 977 5179
-5064607 2048 1 123527
-5070424 33554432 1 633803
-5073227 8192 1 107941
-5082083 32768 1 86137
-5095115 2 1 1019023
-5096219 0 2 223 22853
-5109731 8 1 464521
-5113327 16777216 1 50627
-5120344 33554432 1 640043
-5127515 2 1 1025503
-5128276 0 1 1282069
-5130967 0 2 587 8741
-5132171 8 1 466561
-5132371 0 2 521 9851
-5137687 0 2 257 19991
-5142127 0 2 2011 2557
-5150507 32 1 302971
-5156503 8 1 468773
-5159459 0 2 449 11491
-5165507 0 2 239 21613
-5176235 2 1 1035247
-5178443 256 1 178567
-5183896 33554432 1 647987
-5187847 4 1 741121
-5188699 0 2 1429 3631
-5189428 0 1 1297357
-5201747 0 2 313 16619
-5209927 0 2 353 14759
-5211251 524288 1 71387
-5211611 0 2 199 26189
-5220739 0 2 821 6359
-5224927 0 2 181 28867
-5227427 8388608 1 53891
-5228968 67108864 1 653621
-5230552 33554432 1 653819
-5235316 0 1 1308829
-5238424 33554432 1 654803
-5247604 0 1 1311901
-5253211 0 2 223 23557
-5259803 4096 1 122321
-5263063 16 1 404851
-5269144 33554432 1 658643
-5275835 2 1 1055167
-5279476 0 1 1319869
-5282867 2097152 1 63649
-5284063 0 2 1291 4093
-5289364 0 1 1322341
-5295107 1024 1 143111
-5308115 2 1 1061623
-5322587 0 2 137 38851
-5323523 1024 1 143879
-5348023 0 2 359 14897
-5349463 4 1 764209
-5362579 64 1 282241
-5366731 0 2 157 34183
-5369747 0 2 173 31039
-5371043 0 2 257 20899
-5374868 0 1 1343717
-5378167 0 2 151 35617
-5379179 16 1 413783
-5382424 33554432 1 672803
-5386787 4 1 769541
-5388904 67108864 1 673613
-5393747 0 2 227 23761
-5394443 128 1 234541
-5394484 0 1 1348621
-5396596 0 1 1349149
-5400227 4 1 771461
-5407691 128 1 235117
-5422783 2048 1 132263
-5425543 0 2 1091 4973
-5431163 0 2 547 9929
-5433703 8 1 493973
-5433832 67108864 1 679229
-5443663 128 1 236681
-5445571 64 1 286609
-5449396 0 1 1362349
-5450047 32 1 320591
-5456243 16 1 419711
-5458403 0 2 2039 2677
-5468983 16 1 420691
-5476187 0 2 797 6871
-5477464 33554432 1 684683
-5502563 8 1 500233
-5507867 0 2 191 28837
-5509396 0 1 1377349
-5511256 33554432 1 688907
-5522647 16 1 424819
-5532203 1024 1 149519
-5537407 0 2 293 18899
-5539819 4096 1 128833
-5544811 8388608 1 57163
-5549627 0 2 509 10903
-5565563 128 1 241981
-5569787 0 2 193 28859
-5572888 33554432 1 696611
-5574035 2 1 1114807
-5576387 0 2 179 31153
-5584063 0 2 127 43969
-5590324 0 1 1397581
-5599051 128 1 243437
-5601203 65536 1 91823
-5610728 67108864 1 701341
-5610971 0 2 2293 2447
-5611828 0 1 1402957
-5621843 0 2 103 54581
-5622299 0 2 359 15661
-5634484 0 1 1408621
-5636387 0 2 127 44381
-5652379 1024 1 152767
-5655316 0 1 1413829
-5662219 0 2 103 54973
-5663627 1024 1 153071
-5663656 67108864 1 707957
-5668504 33554432 1 708563
-5670659 0 2 619 9161
-5673847 128 1 246689
-5674456 33554432 1 709307
-5676539 8 1 516049
-5680043 0 2 347 16369
-5695192 33554432 1 711899
-5701699 0 2 431 13229
-5704852 0 1 1426213
-5705716 0 1 1426429
-5713907 0 2 107 53401
-5714603 128 1 248461
-5718491 0 2 1051 5441
-5724923 0 2 2069 2767
-5731288 33554432 1 716411
-5738219 1024 1 155087
-5742424 33554432 1 717803
-5746447 4 1 820921
-5747828 0 1 1436957
-5749451 32 1 338203
-5759848 67108864 1 719981
-5762408 67108864 1 720301
-5775124 0 1 1443781
-5777236 0 1 1444309
-5781535 2 1 1156307
-5782552 33554432 1 722819
-5785327 0 2 257 22511
-5787988 0 1 1446997
-5788187 4096 1 134609
-5792579 16 1 445583
-5804891 0 2 149 38959
-5807779 1024 1 156967
-5835587 0 2 1049 5563
-5842024 67108864 1 730253
-5844347 8388608 1 60251
-5846527 0 2 313 18679
-5858344 67108864 1 732293
-5863171 0 2 509 11519
-5866132 0 1 1466533
-5867915 2 1 1173583
-5878787 32 1 345811
-5879528 67108864 1 734941
-5886292 0 1 1471573
-5889331 4 1 841333
-5912383 262144 1 83273
-5913211 8192 1 125813
-5923043 4 1 846149
-5928088 33554432 1 741011
-5928203 0 2 433 13691
-5928616 67108864 1 741077
-5933416 67108864 1 741677
-5933464 33554432 1 741683
-5933747 128 1 257989
-5936123 0 2 463 12821
-5940952 33554432 1 742619
-5944216 33554432 1 743027
-5963176 67108864 1 745397
-5964583 0 2 347 17189
-5964707 4 1 852101
-5964859 0 2 1931 3089
-5972987 512 1 192677
-5980423 0 2 293 20411
-5980739 0 2 337 17747
-5989051 256 1 206519
-5990164 0 1 1497541
-5992235 2 1 1198447
-5998115 2 1 1199623
-6001187 32 1 353011
