-238271 8 1 21661
-270815 2 1 54163
-286415 2 1 57283
-288671 0 2 127 2273
-291311 0 2 523 557
-300791 65536 1 4931
-302783 16 1 23291
-322511 4 1 46073
-331079 4 1 47297
-352151 0 2 157 2243
-353231 0 2 373 947
-357887 65536 1 5867
-380663 0 2 191 1993
-412631 0 2 449 919
-414719 0 2 229 1811
-425135 2 1 85027
-445751 131072 1 6653
-457967 0 2 419 1093
-465503 8388608 1 4799
-493367 4 1 70481
-494279 0 2 281 1759
-502823 65536 1 8243
-504167 0 2 227 2221
-505439 8 1 45949
-509207 0 2 337 1511
-512735 2 1 102547
-533759 4096 1 12413
-534887 0 2 277 1931
-536831 262144 1 7561
-537959 65536 1 8819
-576767 2097152 1 6949
-584207 16 1 44939
-590927 1024 1 15971
-593876 0 1 148469
-616487 0 2 631 977
-622184 67108864 1 77773
-632807 4 1 90401
-646223 0 2 131 4933
-652007 256 1 22483
-712487 32 1 41911
-734719 0 2 149 4931
-740063 512 1 23873
-740735 2 1 148147
-741751 0 2 431 1721
-742583 16384 1 14011
-790184 67108864 1 98773
-805007 4 1 115001
-817967 0 2 151 5417
-830744 33554432 1 103843
-834383 8 1 75853
-835999 0 2 199 4201
-847007 4 1 121001
-851959 4096 1 19813
-853223 4 1 121889
-862039 8388608 1 8887
-869144 33554432 1 108643
-877015 2 1 175403
-886847 16 1 68219
-898487 0 2 109 8243
-931544 33554432 1 116443
-942743 8388608 1 9719
-948743 0 2 691 1373
-958535 2 1 191707
-962327 0 2 907 1061
-965071 1024 1 26083
-969143 4 1 138449
-985343 128 1 42841
-991759 0 2 773 1283
-998783 0 2 313 3191
-1018607 16384 1 19219
-1020596 0 1 255149
-1022696 67108864 1 127837
-1029416 67108864 1 128677
-1050559 512 1 33889
-1063124 0 1 265781
-1069279 0 2 929 1151
-1070744 33554432 1 133843
-1085303 0 2 617 1759
-1092607 32 1 64271
-1095887 16 1 84299
-1098815 2 1 219763
-1101167 0 2 761 1447
-1112431 64 1 58549
-1113391 0 2 269 4139
-1118071 0 2 683 1637
-1137319 0 2 797 1427
-1148183 128 1 49921
-1156735 2 1 231347
-1157336 33554432 1 144667
-1167319 128 1 50753
-1180999 16384 1 22283
-1205671 0 2 193 6247
-1209167 0 2 127 9521
-1216687 0 2 269 4523
-1217599 0 2 397 3067
-1228999 0 2 263 4673
-1234159 0 2 313 3943
-1239251 16 1 95327
-1254919 0 2 293 4283
-1266535 2 1 253307
-1270772 0 1 317693
-1271828 0 1 317957
-1279999 4 1 182857
-1287407 8 1 117037
-1293751 32 1 76103
-1304447 0 2 251 5197
-1307335 2 1 261467
-1313791 8192 1 27953
-1320596 0 1 330149
-1326559 16 1 102043
-1328216 33554432 1 166027
-1331732 0 1 332933
-1335764 0 1 333941
-1335799 0 2 1061 1259
-1339304 67108864 1 167413
-1354519 0 2 137 9887
-1358431 0 2 179 7589
-1362535 2 1 272507
-1364087 0 2 487 2801
-1367239 0 2 463 2953
-1377752 33554432 1 172219
-1379171 0 2 353 3907
-1390451 131072 1 20753
-1397663 16384 1 26371
-1401383 64 1 73757
-1402807 4 1 200401
-1408447 0 2 157 8971
-1421311 0 2 149 9539
-1422164 0 1 355541
-1431464 67108864 1 178933
-1445551 0 2 1013 1427
-1454935 2 1 290987
-1457771 4 1 208253
-1464308 0 1 366077
-1466219 0 2 479 3061
-1466891 0 2 929 1579
-1471235 2 1 294247
-1472936 67108864 1 184117
-1474472 67108864 1 184309
-1487407 0 2 107 13901
-1506143 0 2 569 2647
-1508503 0 2 619 2437
-1529719 0 2 191 8009
-1532527 0 2 181 8467
-1533991 0 2 173 8867
-1534184 67108864 1 191773
-1534735 2 1 306947
-1536296 67108864 1 192037
-1545299 4 1 220757
-1556207 0 2 233 6679
-1558463 512 1 50273
-1568852 0 1 392213
-1578511 8 1 143501
-1582484 0 1 395621
-1620968 67108864 1 202621
-1631444 0 1 407861
-1633399 2048 1 39839
-1647659 16 1 126743
-1653151 0 2 229 7219
-1655336 67108864 1 206917
-1658456 33554432 1 207307
-1660735 2 1 332147
-1663159 524288 1 22783
-1665908 0 1 416477
-1666451 0 2 131 12721
-1667699 8 1 151609
-1669039 0 2 1277 1307
-1681496 33554432 1 210187
-1689247 4 1 241321
-1690159 0 2 191 8849
-1694335 2 1 338867
-1695011 32768 1 28729
-1698439 8192 1 36137
-1699135 2 1 339827
-1703459 0 2 197 8647
-1713752 33554432 1 214219
-1713896 67108864 1 214237
-1714111 4 1 244873
-1714399 32 1 100847
-1716248 33554432 1 214531
-1717831 0 2 997 1723
-1721239 16 1 132403
-1726376 67108864 1 215797
-1727959 16384 1 32603
-1732184 33554432 1 216523
-1748335 2 1 349667
-1763479 128 1 76673
-1763891 4194304 1 19819
-1764799 512 1 56929
-1766839 0 2 233 7583
-1767251 128 1 76837
-1768472 33554432 1 221059
-1768808 67108864 1 221101
-1770779 0 2 263 6733
-1771639 256 1 61091
-1771688 67108864 1 221461
-1776439 4 1 253777
-1778815 2 1 355763
-1780687 256 1 61403
-1784383 0 2 113 15791
-1798484 0 1 449621
-1803391 0 2 263 6857
-1804019 4 1 257717
-1808792 33554432 1 226099
-1809128 67108864 1 226141
-1830131 1024 1 49463
-1830727 0 2 283 6469
-1840639 1024 1 49747
-1843796 0 1 460949
-1862819 4 1 266117
-1864471 4 1 266353
-1872127 64 1 98533
-1874612 0 1 468653
-1876351 0 2 103 18217
-1876471 0 2 367 5113
-1877699 0 2 503 3733
-1878535 2 1 375707
-1890223 2048 1 46103
-1891783 0 2 503 3761
-1896344 33554432 1 237043
-1901183 0 2 1201 1583
-1906951 2048 1 46511
-1909172 0 1 477293
-1922527 512 1 62017
-1924591 0 2 1117 1723
-1925204 0 1 481301
-1927859 512 1 62189
-1928936 67108864 1 241117
-1932971 0 2 211 9161
-1933039 16777216 1 19139
-1935463 16777216 1 19163
-1946239 0 2 151 12889
-1950731 0 2 1109 1759
-1956539 16 1 150503
-1965032 67108864 1 245629
-1966327 8 1 178757
-1967192 33554432 1 245899
-1969591 16 1 151507
-1972831 4 1 281833
-1973204 0 1 493301
-1979239 0 2 137 14447
-1998644 0 1 499661
-2000407 32 1 117671
-2000948 0 1 500237
-2002183 0 2 389 5147
-2021171 128 1 87877
-2026979 262144 1 28549
-2029736 67108864 1 253717
-2032567 4096 1 47269
-2034391 0 2 107 19013
-2035471 0 2 293 6947
-2035928 33554432 1 254491
-2048411 0 2 251 8161
-2055007 0 2 241 8527
-2058943 0 2 167 12329
-2060839 8 1 187349
-2062964 0 1 515741
-2067127 0 2 349 5923
-2073751 0 2 173 11987
-2076248 33554432 1 259531
-2079956 0 1 519989
-2080084 0 1 520021
-2089499 4096 1 48593
-2093791 4 1 299113
-2119235 2 1 423847
-2120024 33554432 1 265003
-2128811 128 1 92557
-2131927 4 1 304561
-2151784 67108864 1 268973
-2154367 0 2 809 2663
-2157271 4194304 1 24239
-2163319 16777216 1 21419
-2165224 67108864 1 270653
-2170088 67108864 1 271261
-2170691 0 2 229 9479
-2186792 67108864 1 273349
-2187476 0 1 546869
-2191903 4 1 313129
-2201048 33554432 1 275131
-2204959 16384 1 41603
-2205679 4 1 315097
-2214799 0 2 157 14107
-2224451 0 2 233 9547
-2225767 2048 1 54287
-2232823 64 1 117517
-2233663 0 2 1307 1709
-2243579 16 1 172583
-2252935 2 1 450587
-2254019 0 2 983 2293
-2255819 0 2 113 19963
-2261876 0 1 565469
-2267339 0 2 103 22013
-2267887 256 1 78203
-2269423 16 1 174571
-2272687 0 2 919 2473
-2274152 67108864 1 284269
-2297143 0 2 1063 2161
-2305591 32 1 135623
-2305735 2 1 461147
-2305844 0 1 576461
-2306047 4096 1 53629
-2306599 0 2 107 21557
-2309383 0 2 109 21187
-2319991 0 2 443 5237
-2326568 67108864 1 290821
-2352059 0 2 229 10271
-2360315 2 1 472063
-2363096 33554432 1 295387
-2365663 0 2 107 22109
-2377519 0 2 131 18149
-2381051 0 2 103 23117
-2390708 0 1 597677
-2392379 8 1 217489
-2400583 0 2 281 8543
-2419903 0 2 487 4969
-2421032 67108864 1 302629
-2436227 0 2 1439 1693
-2439284 0 1 609821
-2440999 8 1 221909
-2445539 4096 1 56873
-2449351 16777216 1 24251
-2450623 4 1 350089
-2452447 0 2 1399 1753
-2469419 131072 1 36857
-2471335 2 1 494267
-2473715 2 1 494743
-2480468 0 1 620117
-2483732 0 1 620933
-2486312 67108864 1 310789
-2486479 512 1 80209
-2497063 8192 1 53129
-2498648 33554432 1 312331
-2500567 0 2 1283 1949
-2503015 2 1 500603
-2517656 33554432 1 314707
-2518808 33554432 1 314851
-2524735 2 1 504947
-2537411 0 2 109 23279
-2539864 33554432 1 317483
-2543167 8 1 231197
-2544223 8 1 231293
-2546647 0 2 241 10567
-2548451 64 1 134129
-2552863 0 2 587 4349
-2553487 16384 1 48179
-2572568 33554432 1 321571
-2573743 0 2 1201 2143
-2583635 2 1 516727
-2590303 0 2 257 10079
-2604136 67108864 1 325517
-2621288 67108864 1 327661
-2626811 8 1 238801
-2647636 0 1 661909
-2660072 67108864 1 332509
-2660531 2048 1 64891
-2662303 4 1 380329
-2664856 33554432 1 333107
-2669528 33554432 1 333691
-2675699 16 1 205823
-2677211 32 1 157483
-2681263 16 1 206251
-2686687 0 2 797 3371
-2686951 0 2 349 7699
-2687336 67108864 1 335917
-2689268 0 1 672317
-2701015 2 1 540203
-2705684 0 1 676421
-2710379 4 1 387197
-2713927 0 2 131 20717
-2714996 0 1 678749
-2718659 131072 1 40577
-2730664 67108864 1 341333
-2734831 8 1 248621
-2735636 0 1 683909
-2739316 0 1 684829
-2742847 1024 1 74131
-2762911 32768 1 46829
-2766824 67108864 1 345853
-2767063 16 1 212851
-2775059 4 1 396437
-2779639 0 2 163 17053
-2781032 67108864 1 347629
-2782811 256 1 95959
-2798507 0 2 877 3191
-2802247 4 1 400321
-2812052 0 1 703013
-2813236 0 1 703309
-2834891 32768 1 48049
-2837291 524288 1 38867
-2845352 67108864 1 355669
-2846651 2097152 1 34297
-2849972 0 1 712493
-2851096 33554432 1 356387
-2865103 0 2 739 3877
-2881787 64 1 151673
-2887303 0 2 439 6577
-2891099 0 2 719 4021
-2892059 0 2 1531 1889
-2894647 4 1 413521
-2900459 0 2 383 7573
-2903435 2 1 580687
-2917043 1024 1 78839
-2922664 67108864 1 365333
-2928727 16384 1 55259
-2935336 67108864 1 366917
-2942312 67108864 1 367789
-2943316 0 1 735829
-2944351 0 2 691 4261
-2949736 67108864 1 368717
-2954915 2 1 590983
-2958491 0 2 227 13033
-2960536 33554432 1 370067
-2963023 4 1 423289
-2965451 0 2 1009 2939
-2968276 0 1 742069
-2973899 64 1 156521
-2979703 0 2 157 18979
-2980052 0 1 745013
-2990623 32 1 175919
-3010804 0 1 752701
-3015092 0 1 753773
-3016063 4096 1 70141
-3020287 2097152 1 36389
-3021179 4 1 431597
-3022868 0 1 755717
-3030487 16384 1 57179
-3031447 1024 1 81931
-3038863 0 2 1619 1877
-3044819 32 1 179107
-3045467 0 2 883 3449
-3046376 67108864 1 380797
-3047839 0 2 137 22247
-3047939 0 2 773 3943
-3050228 0 1 762557
-3054539 524288 1 41843
-3063367 0 2 127 24121
-3067687 4 1 438241
-3081368 33554432 1 385171
-3091156 0 1 772789
-3108563 0 2 811 3833
-3111371 128 1 135277
-3115859 524288 1 42683
-3121903 0 2 661 4723
-3128099 16 1 240623
-3135539 8 1 285049
-3136088 33554432 1 392011
-3142063 256 1 108347
-3144616 67108864 1 393077
-3148115 2 1 629623
-3149411 0 2 1471 2141
-3151471 0 2 107 29453
-3154667 0 2 401 7867
-3175063 131072 1 47389
-3179944 67108864 1 397493
-3206708 0 1 801677
-3214927 16384 1 60659
-3217379 8 1 292489
-3228367 256 1 111323
-3232615 2 1 646523
-3237151 16777216 1 32051
-3238735 2 1 647747
-3245647 0 2 337 9631
-3256183 4 1 465169
-3271976 67108864 1 408997
-3273943 0 2 197 16619
-3285247 4 1 469321
-3305524 0 1 826381
-3310015 2 1 662003
-3321059 4 1 474437
-3323167 0 2 1201 2767
-3337571 32768 1 56569
-3344383 4 1 477769
-3351827 0 2 677 4951
-3358907 0 2 149 22543
-3366731 32 1 198043
-3373235 2 1 674647
-3377531 16384 1 63727
-3384367 4 1 483481
-3388187 8 1 308017
-3388859 64 1 178361
-3392315 2 1 678463
-3395915 2 1 679183
-3396343 0 2 761 4463
-3401263 128 1 147881
-3410915 2 1 682183
-3417247 0 2 839 4073
-3417844 0 1 854461
-3419215 2 1 683843
-3420136 67108864 1 427517
-3421543 0 2 1097 3119
-3421784 33554432 1 427723
-3426899 4 1 489557
-3428771 128 1 149077
-3433448 67108864 1 429181
-3442235 2 1 688447
-3442403 16384 1 64951
-3443815 2 1 688763
-3446312 67108864 1 430789
-3447604 0 1 861901
-3452963 0 2 193 17891
-3457499 524288 1 47363
-3468299 0 2 359 9661
-3474904 33554432 1 434363
-3478499 0 2 281 12379
-3490328 33554432 1 436291
-3490687 128 1 151769
-3519064 33554432 1 439883
-3519415 2 1 703883
-3522731 0 2 223 15797
-3540011 0 2 199 17789
-3542843 256 1 122167
-3547883 32 1 208699
-3564035 2 1 712807
-3577091 4 1 511013
-3577384 67108864 1 447173
-3577423 0 2 199 17977
-3578836 0 1 894709
-3581623 1048576 1 45337
-3584263 32 1 210839
-3591899 0 2 139 25841
-3592115 2 1 718423
-3593192 67108864 1 449149
-3603127 8 1 327557
-3612968 67108864 1 451621
-3618971 512 1 116741
-3620219 262144 1 50989
-3622835 2 1 724567
-3626356 0 1 906589
-3632168 67108864 1 454021
-3637763 32768 1 61657
-3645652 0 1 911413
-3650132 0 1 912533
-3662056 67108864 1 457757
-3662356 0 1 915589
-3668219 16777216 1 36319
-3680383 4 1 525769
-3683476 0 1 920869
-3686168 33554432 1 460771
-3687256 33554432 1 460907
-3690196 0 1 922549
-3690203 8 1 335473
-3696635 2 1 739327
-3699992 33554432 1 462499
-3700115 2 1 740023
-3701171 0 2 269 13759
-3702851 0 2 563 6577
-3703379 4194304 1 41611
-3707023 0 2 1123 3301
-3721688 33554432 1 465211
-3728651 8192 1 79333
-3730388 0 1 932597
-3730996 0 1 932749
-3736715 2 1 747343
-3747188 0 1 936797
-3752527 8192 1 79841
-3775592 67108864 1 471949
-3789428 0 1 947357
-3793063 0 2 257 14759
-3814484 0 1 953621
-3815651 4 1 545093
-3821236 0 1 955309
-3824819 0 2 907 4217
-3826979 16 1 294383
-3837608 67108864 1 479701
-3840611 0 2 1019 3769
-3844756 0 1 961189
-3846011 16 1 295847
-3858899 8 1 350809
-3861428 0 1 965357
-3865067 0 2 1019 3793
-3887915 2 1 777583
-3897064 67108864 1 487133
-3901096 67108864 1 487637
-3902915 2 1 780583
-3903971 32768 1 66169
-3905171 0 2 389 10039
-3905435 2 1 781087
-3908651 0 2 1063 3677
-3910303 0 2 1303 3001
-3918847 0 2 179 21893
-3926503 4 1 560929
-3927659 4194304 1 44131
-3930007 0 2 797 4931
-3939323 0 2 193 20411
-3939583 0 2 647 6089
-3944027 0 2 1973 1999
-3944143 4 1 563449
-3944267 64 1 207593
-3944404 0 1 986101
-3956116 0 1 989029
-3957827 0 2 977 4051
-3958324 0 1 989581
-3961927 16777216 1 39227
-3962356 0 1 990589
-3964148 0 1 991037
-3969011 16384 1 74887
-3970619 1048576 1 50261
-3984779 0 2 1913 2083
-3985304 33554432 1 498163
-3988547 0 2 353 11299
-3990203 4 1 570029
-3992767 0 2 269 14843
-3996731 0 2 919 4349
-4001435 2 1 800287
-4009303 0 2 397 10099
-4015979 8 1 365089
-4023847 0 2 353 11399
-4028027 0 2 373 10799
-4028468 0 1 1007117
-4031299 0 2 349 11551
-4050007 16 1 311539
-4050196 0 1 1012549
-4056611 16 1 312047
-4057447 0 2 613 6619
-4060835 2 1 812167
-4067219 16 1 312863
-4070291 0 2 167 24373
-4082383 0 2 229 17827
-4085647 0 2 109 37483
-4090187 64 1 215273
-4108447 4 1 586921
-4110452 0 1 1027613
-4111715 2 1 822343
-4124143 0 2 1409 2927
-4125823 16 1 317371
-4132423 0 2 347 11909
-4135783 4096 1 96181
-4141571 4 1 591653
-4148852 0 1 1037213
-4153451 16384 1 78367
-4155304 67108864 1 519413
-4155487 4 1 593641
-4158587 64 1 218873
-4164436 0 1 1041109
-4181335 2 1 836267
-4184963 0 2 149 28087
-4199656 67108864 1 524957
-4202335 2 1 840467
-4235288 33554432 1 529411
-4242008 33554432 1 530251
-4250123 16384 1 80191
-4250776 33554432 1 531347
-4254011 128 1 184957
-4262123 0 2 1571 2713
-4264687 4 1 609241
-4279547 0 2 103 41549
-4283747 16 1 329519
-4287443 0 2 331 12953
-4291543 0 2 313 13711
-4292983 0 2 113 37991
-4298836 0 1 1074709
-4305803 0 2 139 30977
-4309208 33554432 1 538651
-4309783 0 2 179 24077
-4310123 0 2 149 28927
-4316435 2 1 863287
-4318691 16 1 332207
-4324328 67108864 1 540541
-4326548 0 1 1081637
-4334531 0 2 1279 3389
-4339379 8 1 394489
-4349243 0 2 1301 3343
-4352023 16 1 334771
-4355483 8 1 395953
-4356059 0 2 877 4967
-4362899 0 2 1237 3527
-4366715 2 1 873343
-4367023 256 1 150587
-4371823 0 2 163 26821
-4378516 0 1 1094629
-4396807 0 2 281 15647
-4402523 0 2 193 22811
-4404515 2 1 880903
-4407976 67108864 1 550997
-4408807 16 1 339139
-4410676 0 1 1102669
-4415287 128 1 191969
-4431179 131072 1 66137
-4434131 16 1 341087
-4440424 67108864 1 555053
-4448047 0 2 1259 3533
-4459787 1048576 1 56453
-4461827 64 1 234833
-4461976 33554432 1 557747
-4469887 0 2 2029 2203
-4470227 0 2 307 14561
-4471447 0 2 1031 4337
-4476011 2048 1 109171
-4487027 1024 1 121271
-4491727 0 2 103 43609
-4492091 0 2 683 6577
-4496987 8 1 408817
-4515859 0 2 941 4799
-4522264 33554432 1 565283
-4523432 67108864 1 565429
-4537135 2 1 907427
-4538228 0 1 1134557
-4543115 2 1 908623
-4552615 2 1 910523
-4557491 0 2 239 19069
-4566616 33554432 1 570827
-4567208 67108864 1 570901
-4576807 32768 1 77573
-4577983 0 2 557 8219
-4579163 8192 1 97429
-4587419 128 1 199453
-4595956 0 1 1148989
-4613716 0 1 1153429
-4614779 16 1 354983
-4615451 4194304 1 51859
-4628147 0 2 743 6229
-4636504 33554432 1 579563
-4639303 4194304 1 52127
-4646051 64 1 244529
-4649896 67108864 1 581237
-4652387 512 1 150077
-4656664 33554432 1 582083
-4659583 0 2 317 14699
-4660523 4 1 665789
-4672207 0 2 139 33613
-4676843 128 1 203341
-4684687 4 1 669241
-4686179 64 1 246641
-4695251 8 1 426841
-4702036 0 1 1175509
-4702043 0 2 113 41611
-4735643 8 1 430513
-4747096 33554432 1 593387
-4748335 2 1 949667
-4755535 2 1 951107
-4756063 16 1 365851
-4763263 0 2 197 24179
-4765204 0 1 1191301
-4767011 262144 1 67141
-4769944 33554432 1 596243
-4771636 0 1 1192909
-4772011 4096 1 110977
-4772584 67108864 1 596573
-4782611 0 2 907 5273
-4795211 0 2 1733 2767
-4796915 2 1 959383
-4808116 0 1 1202029
-4818452 0 1 1204613
-4825571 256 1 166399
-4841176 33554432 1 605147
-4845587 0 2 1061 4567
-4851092 0 1 1212773
-4852235 2 1 970447
-4853848 33554432 1 606731
-4853935 2 1 970787
-4860587 0 2 2011 2417
-4861499 0 2 239 20341
-4868767 512 1 157057
-4871915 2 1 974383
-4876264 67108864 1 609533
-4877672 67108864 1 609709
-4886228 0 1 1221557
-4896371 0 2 373 13127
-4898267 8 1 445297
-4901123 0 2 1187 4129
-4904104 67108864 1 613013
-4905251 16 1 377327
-4911563 16384 1 92671
-4919828 0 1 1229957
-4920463 32 1 289439
-4922047 16 1 378619
-4932443 0 2 563 8761
-4939811 0 2 317 15583
-4944203 8 1 449473
-4946503 0 2 107 46229
-4950004 0 1 1237501
-4954648 33554432 1 619331
-4956587 64 1 260873
-4960183 1024 1 134059
-4963688 67108864 1 620461
-4969523 16 1 382271
-4975115 2 1 995023
-4975259 0 2 149 33391
-4985492 0 1 1246373
-4986535 2 1 997307
-4998484 0 1 1249621
-5002024 67108864 1 625253
-5009291 4 1 715613
-5014211 0 2 887 5653
-5020067 16 1 386159
-5020423 32 1 295319
-5024123 16 1 386471
-5037083 32 1 296299
-5042147 8 1 458377
-5046463 0 2 359 14057
-5050259 131072 1 75377
-5060963 0 2 1439 3517
-5070803 0 2 173 29311
-5077144 33554432 1 634643
-5077979 0 2 151 33629
-5094184 67108864 1 636773
-5097332 0 1 1274333
-5102168 33554432 1 637771
-5102387 0 2 1601 3187
-5103227 16777216 1 50527
-5104499 0 2 569 8971
-5110787 8 1 464617
-5114147 0 2 1093 4679
-5115227 16 1 393479
-5120435 2 1 1024087
-5121967 32768 1 86813
-5129699 32 1 301747
-5131096 33554432 1 641387
-5133823 0 2 937 5479
-5140852 0 1 1285213
-5151703 32768 1 87317
-5161172 0 1 1290293
-5163299 0 2 613 8423
-5178664 67108864 1 647333
-5182763 64 1 272777
-5187107 0 2 283 18329
-5196823 64 1 273517
-5204596 0 1 1301149
-5209819 64 1 274201
-5211379 512 1 168109
-5211496 67108864 1 651437
-5211823 128 1 226601
-5217179 8 1 474289
-5228983 0 2 107 48869
-5241076 0 1 1310269
-5242547 2048 1 127867
-5254804 0 1 1313701
-5256703 0 2 347 15149
-5257067 0 2 269 19543
-5257499 16 1 404423
-5260043 0 2 131 40153
-5262563 64 1 276977
-5276891 2097152 1 63577
-5279411 4096 1 122777
-5284072 67108864 1 660509
-5294915 2 1 1058983
-5295299 0 2 683 7753
-5295607 1048576 1 67033
-5295979 16 1 407383
-5297507 0 2 1283 4129
-5304343 8 1 482213
-5313019 0 2 269 19751
-5330356 0 1 1332589
-5334803 0 2 1381 3863
-5335423 1048576 1 67537
-5336152 33554432 1 667019
-5336915 2 1 1067383
-5342023 1024 1 144379
-5368024 33554432 1 671003
-5371087 4096 1 124909
-5375764 0 1 1343941
-5378459 0 2 2207 2437
-5382196 0 1 1345549
-5386523 32768 1 91297
-5388467 4 1 769781
-5399815 2 1 1079963
-5408027 64 1 284633
-5410907 256 1 186583
-5410996 0 1 1352749
-5432459 2048 1 132499
-5433587 512 1 175277
-5434984 67108864 1 679373
-5442203 16 1 418631
-5451203 32 1 320659
-5451443 512 1 175853
-5457908 0 1 1364477
-5463847 0 2 181 30187
-5466008 33554432 1 683251
-5467988 0 1 1366997
-5468824 33554432 1 683603
-5474792 67108864 1 684349
-5475299 65536 1 89759
-5483459 0 2 821 6679
-5508443 0 2 281 19603
-5524564 0 1 1381141
-5526635 2 1 1105327
-5538347 0 2 239 23173
-5550659 128 1 241333
-5597524 0 1 1399381
-5603659 32 1 329627
-5604035 2 1 1120807
-5604971 1048576 1 70949
-5605883 0 2 131 42793
-5623427 0 2 569 9883
-5632523 16 1 433271
-5634923 4 1 804989
-5640563 0 2 1511 3733
-5658196 0 1 1414549
-5668499 4194304 1 63691
-5675048 67108864 1 709381
-5685016 33554432 1 710627
-5689903 0 2 389 14627
-5691443 0 2 379 15017
-5700248 33554432 1 712531
-5710067 8 1 519097
-5713019 16 1 439463
-5734307 0 2 359 15973
-5734651 16 1 441127
-5742004 0 1 1435501
-5747627 0 2 2203 2609
-5748328 67108864 1 718541
-5748443 0 2 863 6661
-5751491 32 1 338323
-5752979 2097152 1 69313
-5754923 65536 1 94343
-5764756 0 1 1441189
-5779763 8 1 525433
-5785163 0 2 457 12659
-5788459 0 2 1223 4733
-5795224 33554432 1 724403
-5798131 2097152 1 69857
-5806036 0 1 1451509
-5823323 8 1 529393
-5827508 0 1 1456877
-5831435 2 1 1166287
-5833643 0 2 257 22699
-5836099 0 2 467 12497
-5839427 8 1 530857
-5843819 256 1 201511
-5860303 64 1 308437
-5872643 4 1 838949
-5885287 0 2 173 34019
-5891348 0 1 1472837
-5898868 0 1 1474717
-5899811 0 2 1069 5519
-5922292 0 1 1480573
-5924527 4 1 846361
-5929787 32 1 348811
-5931347 2048 1 144667
-5934451 0 2 151 39301
-5949419 4 1 849917
-5950996 0 1 1487749
-5952691 8192 1 126653
-5971687 0 2 1459 4093
-5981651 16 1 460127
-5991467 0 2 1061 5647
-5997556 0 1 1499389
-6006452 0 1 1501613
