-209831 32 1 12343
-214319 36 1 1801
-253511 1048576 1 3209
-280055 1048578 1 709
-299015 1048578 1 757
-329495 2 1 65899
-336815 18946 0
-338015 131074 1 1009
-339599 16 2 151 173
-341279 16777728 1 109
-351095 266370 0
-353351 49152 1 113
-365519 16785420 0
-372095 2 1 74419
-374759 524 1 157
-383279 16 1 29483
-392399 260 1 1933
-394919 4 1 56417
-396551 0 2 257 1543
-401879 16777344 1 173
-405383 8 2 137 269
-425951 0 2 193 2207
-428519 52 1 277
-434879 0 2 431 1009
-448655 65538 1 1471
-452111 136 1 1787
-462095 2 1 92419
-473807 8224 1 593
-476879 16 1 36683
-488615 1048578 1 1237
-500783 64 1 26357
-505343 64 1 26597
-514295 2 1 102859
-520871 16 2 103 389
-526895 2 1 105379
-532847 4 2 163 467
-543239 0 2 107 5077
-551327 2084 1 113
-589967 4 2 271 311
-590807 4 1 84401
-598664 67108872 1 6803
-606836 0 2 211 719
-608663 8 1 55333
-621176 33554432 1 77647
-630164 0 2 257 613
-631871 0 2 181 3491
-651031 512 1 21001
-651887 0 2 103 6329
-652196 0 2 103 1583
-660644 0 1 165161
-670879 262152 1 859
-687815 130 1 5981
-690215 590338 0
-694711 0 2 661 1051
-701336 33554688 1 3023
-726116 0 2 167 1087
-731444 4 2 151 173
-732164 0 1 183041
-743855 16390 1 401
-753704 67112964 1 313
-753887 0 2 521 1447
-756143 96 1 2341
-760399 576 1 1291
-762887 2176 1 809
-766856 67108864 1 95857
-776671 4 2 181 613
-784007 8196 1 2383
-789956 32 1 11617
-794903 224 1 107
-796340 258 1 1373
-796943 1060 1 181
-800744 68157444 1 181
-801044 128 1 8707
-803279 0 2 239 3361
-804455 2 2 251 641
-806063 262144 1 11353
-807476 256 1 6961
-813815 2114562 0
-817351 128 1 35537
-826415 2 2 197 839
-828815 2066 1 311
-832727 4 2 337 353
-840356 262152 1 269
-845687 2097280 1 443
-846655 258 1 5839
-851663 2097664 1 331
-862424 33685504 1 1609
-866567 16 2 191 349
-871535 1030 1 673
-881156 12288 1 109
-885863 264 1 2777
-887719 260 1 4373
-893156 16392 1 383
-894991 1048576 1 11329
-909407 4096 1 21149
-914855 8226 1 229
-914959 16777216 1 9059
-922136 34078720 1 1579
-922607 36 1 7753
-922727 16 1 70979
-923423 32 1 54319
-925496 33554456 1 809
-937487 0 2 173 5419
-939407 131076 1 2003
-940196 4194368 1 139
-955343 0 2 163 5861
-957631 131072 1 14293
-962660 2 2 127 379
-967615 524298 1 241
-970196 32768 1 4111
-970471 0 2 191 5081
-974119 2176 1 1033
-986216 67108876 1 1601
-989543 0 2 571 1733
-991895 16450 1 197
-992456 67108864 2 131 947
-1000463 33280 1 547
-1001015 2114 1 257
-1013903 8 1 92173
-1024184 33554436 1 18289
-1024964 32 1 15073
-1027607 4 1 146801
-1029080 33554450 1 1979
-1031960 33554434 1 25799
-1037060 2 1 51853
-1042535 4114 1 373
-1042943 32776 1 1607
-1046696 67108868 1 18691
-1047215 18 1 16111
-1050596 0 1 262649
-1055431 80 1 4273
-1072639 0 2 311 3449
-1072735 524290 1 2939
-1076071 1024 2 127 229
-1078139 4096 1 25073
-1084591 1048576 1 13729
-1086319 16 1 83563
-1090399 0 2 283 3853
-1091684 4104 1 577
-1093028 0 2 263 1039
-1098391 4 1 156913
-1111796 32772 1 673
-1115783 512 1 35993
-1115959 16 1 85843
-1117703 589824 1 251
-1119524 4 1 39983
-1122344 67108864 2 239 587
-1128631 4 1 161233
-1131140 130 1 2459
-1132424 67108864 2 353 401
-1132607 1028 1 4373
-1139780 2 1 56989
-1141583 8192 2 107 227
-1144820 2 1 57241
-1147999 263360 0
-1149860 2 1 57493
-1157636 128 1 12583
-1161236 32 1 17077
-1162823 0 2 797 1459
-1162831 32768 1 19709
-1166504 67112960 1 3391
-1168712 67108864 2 139 1051
-1170055 2 2 241 971
-1173535 74 1 1123
-1178807 8196 1 3583
-1178911 128 1 51257
-1186303 320 1 2153
-1197047 0 2 241 4967
-1205183 4 1 172169
-1207316 136 1 1193
-1214216 67108992 1 6599
-1216424 67109000 1 601
-1222136 33554432 1 152767
-1228591 148 1 587
-1232984 33554560 1 6701
-1234724 0 1 308681
-1237015 18 1 19031
-1241876 524288 1 4253
-1242455 2 2 191 1301
-1248104 67108888 1 1091
-1256695 524298 1 313
-1263271 0 2 971 1301
-1264111 0 2 173 7307
-1272535 42 1 1361
-1272655 2 2 359 709
-1275871 1024 1 34483
-1276211 64 1 67169
-1278644 0 2 373 857
-1278751 8388608 1 13183
-1281188 2097184 1 227
-1291496 67108992 1 7019
-1299031 0 2 587 2213
-1300676 16 1 25013
-1302104 35668992 0
-1304479 8 1 118589
-1307783 0 2 1013 1291
-1309736 67125248 1 3089
-1324244 8388608 1 3413
-1333615 2 2 109 2447
-1337903 4 2 131 1459
-1338056 67108928 1 8803
-1344935 514 1 8677
-1345016 33554432 1 168127
-1346696 67109008 1 563
-1348760 33554438 1 4817
-1350919 8388672 1 733
-1351255 258 1 9319
-1355171 32768 2 103 223
-1357736 67117184 1 157
-1358504 67108900 1 1427
-1359176 67108884 1 1867
-1361396 512 1 10979
-1367863 4 2 263 743
-1374247 4 2 137 1433
-1382840 33554434 2 181 191
-1390259 16 2 229 467
-1390472 67108864 2 179 971
-1395007 139264 1 443
-1400699 64 1 73721
-1402223 512 1 45233
-1405519 1024 1 37987
-1409383 0 2 239 5897
-1415144 67108992 1 7691
-1417604 0 1 354401
-1423135 524294 1 557
-1428920 33554434 2 139 257
-1433636 128 1 15583
-1433959 0 2 227 6317
-1435556 0 2 191 1879
-1435784 67108868 1 25639
-1439815 50 1 1303
-1449608 67108864 1 181201
-1450196 136 1 1433
-1452611 128 2 137 461
-1453784 33554560 1 7901
-1454756 256 1 12541
-1456471 0 2 733 1987
-1456879 0 2 199 7321
-1462280 67108866 2 139 263
-1463624 67108864 1 182953
-1471759 262208 1 1091
-1474040 33558530 1 857
-1477364 68 1 2777
-1479079 4 1 211297
-1481651 4096 1 34457
-1493156 4 1 53327
-1496671 8 2 359 379
-1497380 2 1 74869
-1502447 0 2 283 5309
-1502660 2 1 75133
-1503151 4112 1 2689
-1504664 41943044 1 277
-1506679 8192 1 32057
-1510040 33554438 1 5393
-1511912 67108896 1 11117
-1514708 16 1 29129
-1523071 8 1 138461
-1523240 67108866 2 113 337
-1531220 2 1 76561
-1531460 6 1 10939
-1533103 262168 1 151
-1533704 67117056 1 4079
-1537463 32 1 90439
-1540463 64 1 81077
-1543412 131088 1 443
-1547108 0 1 386777
-1549039 512 2 107 467
-1549940 6 1 11071
-1558931 72 1 7459
-1559791 524416 1 929
-1560247 16 2 257 467
-1562551 2176 1 1657
-1564616 67108864 2 257 761
-1569620 18 1 6037
-1569887 4104 1 3319
-1572503 0 2 191 8233
-1573604 0 1 393401
-1575863 8192 1 33529
-1576015 1030 1 1217
-1578055 514 1 10181
-1580264 67108868 1 28219
-1581896 68157440 1 2503
-1582879 0 2 857 1847
-1583960 33554438 1 5657
-1590647 131072 1 23741
-1590788 0 1 397697
-1591112 67141632 1 3371
-1596536 33554432 1 199567
-1598927 8 2 137 1061
-1603495 2 1 320699
-1604036 4 1 57287
-1605284 0 1 401321
-1605380 6 1 11467
-1606711 128 1 69857
-1608740 6 1 11491
-1608776 67109392 1 499
-1614104 37748736 1 2267
-1615016 67125264 1 293
-1615124 1028 1 1559
-1616431 256 2 139 401
-1619492 4 1 57839
-1619540 18 1 6229
-1621091 0 2 229 7079
-1621784 33555456 1 5479
-1623044 0 2 199 2039
-1625720 41943042 1 419
-1626559 131080 1 2207
-1629716 8 1 37039
-1630040 33554434 1 40751
-1631108 1024 2 103 107
-1631192 38797568 0
-1638631 524288 1 22447
-1638971 0 2 191 8581
-1639739 128 1 71293
-1640671 0 2 277 5923
-1643444 2056 1 911
-1644851 272 1 4363
-1648484 0 2 263 1567
-1649192 67108992 1 8963
-1652431 8 1 150221
-1667720 67108866 2 173 241
-1668536 33556480 1 5087
-1669759 32788 1 311
-1684255 66 1 17729
-1685215 4194310 1 541
-1688936 67240064 1 137
-1690136 33554436 1 30181
-1691912 67108928 1 11131
-1695368 67239936 1 3163
-1696568 33554944 1 6841
-1702424 33554432 2 241 883
-1702567 32 1 100151
-1705499 589824 1 383
-1706216 67108864 2 271 787
-1706324 160 1 1091
-1708879 16448 1 1697
-1709864 67110928 1 401
-1711688 67125256 1 367
-1714340 2 1 85717
-1715720 67141634 1 727
-1717844 33024 1 251
-1718167 8 2 109 1433
-1718372 0 2 269 1597
-1720715 258 1 11867
-1722884 65664 1 307
-1724168 67108864 1 215521
-1725415 16418 1 383
-1727288 33816576 1 3041
-1730324 0 2 229 1889
-1735460 66 1 4567
-1739143 32772 1 4211
-1741855 65538 1 5711
-1751651 32776 1 2699
-1752776 67108864 1 219097
-1753615 1026 1 9479
-1760407 72 1 8423
-1767476 524288 1 6053
-1767535 14 1 4591
-1767896 37748752 1 191
-1769108 520 1 1297
-1769720 33554434 2 151 293
-1771112 67108868 1 31627
-1771279 131072 1 26437
-1772099 4 1 253157
-1774808 33556484 1 773
-1781048 33554432 2 127 1753
-1782212 32 1 26209
-1786088 67109024 1 571
-1787156 2097156 1 769
-1787816 67108864 2 199 1123
-1789259 0 2 379 4721
-1793195 642 1 503
-1795844 0 2 269 1669
-1799396 0 2 599 751
-1805348 0 1 451337
-1805423 0 2 509 3547
-1806740 18 1 6949
-1812655 1048594 1 353
-1812836 0 1 453209
-1820360 67108898 1 2677
-1821895 2 1 364379
-1829384 67108864 2 347 659
-1832719 36 1 15401
-1833103 524288 1 25111
-1834351 32 1 107903
-1835816 67111168 1 193
-1836488 67108864 1 229561
-1838516 96 1 1423
-1839179 32 1 108187
-1840196 0 2 223 2063
-1842299 131584 1 887
-1843039 8 2 131 1279
-1844840 67108898 1 2713
-1845151 524 1 773
-1846052 16 2 131 271
-1851655 65554 1 467
-1856996 0 2 157 2957
-1859219 65792 1 1051
-1859876 16896 1 283
-1869812 4100 1 1553
-1871819 32 2 103 1069
-1877060 2 2 127 739
-1877108 0 2 163 2879
-1878392 33554432 1 234799
-1881620 18 1 7237
-1882859 8 1 171169
-1883012 0 2 223 2111
-1888783 144 1 6317
-1891135 2 2 179 2113
-1894664 67117056 1 5039
-1895108 128 1 20599
-1895176 67108864 1 236897
-1896212 128 1 20611
-1896487 512 2 131 467
-1899223 8224 1 2377
-1903499 16 1 146423
-1903940 130 1 4139
-1904984 33554432 2 227 1049
-1905272 33554432 1 238159
-1909115 146 1 1277
-1909495 4194310 1 613
-1917080 33554442 1 4357
-1917983 0 2 401 4783
-1918276 0 1 479569
-1919359 16 2 191 773
-1920463 65600 1 1657
-1920884 516 1 2213
-1930340 2 1 96517
-1930916 262160 1 523
-1932728 33554436 1 34513
-1934447 16480 1 113
-1934927 512 1 62417
-1939556 65536 1 7949
-1939691 80 1 7853
-1942388 4 1 69371
-1942772 16 1 37361
-1951880 67108870 1 6971
-1954015 6 1 55829
-1954183 2060 1 619
-1955476 32 2 149 193
-1956247 0 2 409 4783
-1956260 2 1 97813
-1956968 67109392 1 607
-1957619 512 1 63149
-1958936 33554436 1 34981
-1963303 128 1 85361
-1966040 33554562 1 2137
-1966139 68 1 14783
-1968164 2056 1 1091
-1973492 192 1 1129
-1974679 4 1 282097
-1978451 576 1 3359
-1981028 4 2 139 509
-1982071 148 1 947
-1984820 2 1 99241
-1985599 12 2 107 241
-1985672 67174416 1 313
-1987268 0 1 496817
-1987499 128 1 86413
-1988036 0 2 701 709
-1988120 33554562 1 2161
-1992104 67112960 1 5791
-1994915 8210 1 653
-1995140 6 1 14251
-2007464 67117120 1 281
-2008303 591880 0
-2010596 4 1 71807
-2011604 4 1 71843
-2013332 8388608 1 5189
-2013668 8192 1 10711
-2018792 67108864 2 127 1987
-2021156 0 2 439 1151
-2025011 0 2 1039 1949
-2029556 4194304 1 5701
-2031368 67109376 1 8191
-2033288 67108864 1 254161
-2035076 2048 1 12409
-2035831 68 1 15307
-2036023 8 2 271 683
-2039891 2097156 1 3511
-2040056 33554432 1 255007
-2042612 24 1 3571
-2043559 4 2 443 659
-2044388 512 1 16487
-2044820 2 1 102241
-2047499 2048 1 49939
-2048263 516 1 9439
-2049428 0 2 421 1217
-2049992 67108868 1 36607
-2051411 16777280 1 1069
-2053855 524322 1 331
-2053879 0 2 199 10321
-2055620 6 1 14683
-2058488 33554432 1 257311
-2059124 1024 1 13913
-2060996 4 1 73607
-2064968 67108864 2 359 719
-2066311 16400 1 2999
-2066531 0 2 109 18959
-2066819 0 2 853 2423
-2073967 4194308 1 3329
-2074292 8 1 47143
-2074663 32 1 122039
-2075144 67117056 1 5519
-2077160 67108866 1 51929
-2079380 2 1 103969
-2081359 260 1 10253
-2082692 0 2 479 1087
-2083571 36 1 17509
-2084840 67108866 1 52121
-2088007 2048 2 127 401
-2089124 0 1 522281
-2089423 4 2 421 709
-2089892 16777220 1 739
-2091140 66 1 5503
-2096888 33554432 1 262111
-2102287 8 2 383 499
-2103128 33554432 2 151 1741
-2104340 6 1 15031
-2104472 33562880 1 193
-2107351 393216 1 443
-2114599 0 2 163 12973
-2117959 0 2 113 18743
-2122376 67108928 1 13963
-2123095 4194322 1 367
-2123492 4 2 181 419
-2126383 2564 1 239
-2126744 37748992 1 103
-2127224 33554568 1 1051
-2127416 33554432 2 431 617
-2128855 66 1 22409
-2133896 67108864 2 359 743
-2137352 67108868 1 38167
-2140087 16384 2 149 271
-2140292 12 1 6949
-2140568 33562624 1 5693
-2143615 34 1 25219
-2147060 514 1 3463
-2150263 16640 1 1399
-2152676 32 1 31657
-2155019 256 1 74311
-2156036 0 1 539009
-2156228 65536 1 8837
-2159096 33554432 1 269887
-2160367 136 1 8539
-2160776 67108864 1 270097
-2162840 33554434 2 139 389
-2165192 71303168 1 3041
-2165288 67109376 1 8731
-2165335 194 1 991
-2165960 67108866 2 173 313
-2169515 2114 1 557
-2176628 32896 1 401
-2178836 136 1 2153
-2183060 10 1 9923
-2185460 130 1 4751
-2185604 8392704 1 131
-2189935 266 1 1373
-2190488 50331648 1 2711
-2193991 0 2 251 8741
-2196452 34816 1 227
-2197928 67110912 1 6701
-2198564 0 1 549641
-2203172 8192 1 11719
-2203543 0 2 151 14593
-2208020 2 2 113 977
-2213672 67110944 1 397
-2214659 64 2 229 509
-2215255 6 2 167 379
-2216819 1048584 1 2551
-2221207 0 2 487 4561
-2221604 12 1 7213
-2222408 69206016 1 3347
-2224964 4 2 229 347
-2227220 2 2 193 577
-2227615 4114 1 797
-2230388 512 1 17987
-2236036 4194312 1 571
-2236324 0 1 559081
-2238248 67108864 2 127 2203
-2241967 262164 1 347
-2244616 67109000 1 1109
-2245624 33554432 1 280703
-2248379 1028 1 8681
-2250899 4194308 1 3613
-2256584 67108872 1 25643
-2257015 2 2 587 769
-2257592 33555712 1 263
-2261672 67108868 1 40387
-2269379 68 2 113 151
-2269508 0 1 567377
-2271332 4 1 81119
-2272159 0 2 1013 2243
-2273795 2 1 454759
-2275460 10 1 10343
-2278883 0 2 401 5683
-2281316 0 1 570329
-2281640 67108866 1 57041
-2291768 33554944 1 9241
-2297732 0 1 574433
-2298920 67108882 1 4421
-2300840 75497474 1 593
-2300948 16 1 44249
-2301064 67108864 2 383 751
-2302724 2112 1 739
-2305460 66 1 6067
-2307860 2 2 257 449
-2309108 192 1 1321
-2313611 64 2 263 463
-2314111 0 2 163 14197
-2316548 16 1 44549
-2316779 2097152 2 103 271
-2316872 67371008 1 4079
-2317592 33554432 2 271 1069
-2317783 16 2 131 1361
-2321071 0 2 241 9631
-2323892 36864 1 229
-2324219 128 2 139 727
-2325415 524418 1 277
-2328535 10 1 42337
-2330095 2 1 466019
-2331992 33554480 1 1319
-2335892 272 1 1549
-2336455 138 1 1847
-2342516 8 1 53239
-2351924 2048 1 14341
-2354771 256 1 81199
-2360455 524546 1 223
-2361131 0 2 683 3457
-2363095 6 2 107 631
-2364248 33587200 1 5009
-2365352 67108872 1 26879
-2367364 0 1 591841
-2367659 4 1 338237
-2369672 67108864 2 139 2131
-2370212 80 1 2399
-2373620 2 1 118681
-2373764 16384 1 11197
-2383231 524288 1 32647
-2385272 33554432 1 298159
-2386135 130 1 20749
-2387695 2 1 477539
-2388452 72 1 2857
-2388596 132 1 3709
-2389592 34603072 1 199
-2398327 0 2 109 22003
-2399384 33554448 1 23071
-2401139 16 1 184703
-2407220 1026 1 3253
-2408911 32768 1 40829
-2410760 67108874 1 5479
-2411492 0 1 602873
-2412104 67110144 1 281
-2414167 4 2 353 977
-2415176 67108864 1 301897
-2416760 33554946 1 1949
-2418824 67108864 2 191 1583
-2419220 524290 1 1657
-2420191 0 2 103 23497
-2420671 8 2 337 653
-2427332 0 1 606833
-2428280 33554466 1 3571
-2428772 8192 1 12919
-2429540 2 2 331 367
-2429816 33554432 1 303727
-2429863 0 2 107 22709
-2431091 4112 1 4349
-2433188 0 1 608297
-2435636 1028 1 2351
-2438344 67108896 1 17929
-2438644 144 1 2039
-2439332 4 1 87119
-2443039 262208 1 1811
-2448020 2 1 122401
-2451092 4 1 87539
-2456095 2 1 491219
-2456239 128 2 269 397
-2457140 6 1 17551
-2466607 8216 1 367
-2466932 16 1 47441
-2467208 67239936 1 4603
-2473135 70 1 3719
-2476376 33554436 1 44221
-2480324 12 1 8053
-2485336 33554436 1 44381
-2486324 512 1 20051
-2493256 67117120 1 349
-2496788 132 1 3877
-2497208 33554500 1 2347
-2499007 1048580 1 4519
-2501476 0 1 625369
-2512543 136 1 9931
-2518255 4194306 1 5659
-2521172 2048 1 15373
-2521748 0 2 229 2753
-2527640 33554690 1 2179
-2528623 0 2 257 9839
-2528936 67108864 2 347 911
-2535368 67117064 1 613
-2542504 67113024 1 389
-2546215 134 1 3163
-2547223 4 1 363889
-2547947 0 2 461 5527
-2548436 40 1 3407
-2550611 4 1 364373
-2553059 0 2 131 19489
-2553736 67108992 1 13879
-2555219 786720 0
-2558120 67109378 1 2063
-2561503 4 1 365929
-2563135 2 2 109 4703
-2563460 2 1 128173
-2563495 10 2 127 367
-2565896 67112960 1 7459
-2566004 4 2 113 811
-2573960 67108866 2 229 281
-2575220 2 1 128761
-2575556 0 1 643889
-2575640 33554498 1 3389
-2576815 2 2 151 3413
-2576852 0 2 113 5701
-2579743 0 2 1279 2017
-2580020 2 1 129001
-2581460 6 1 18439
-2584615 10 1 46993
-2584687 4612 1 277
-2586155 26 1 3617
-2586856 67109024 1 827
-2589272 33554436 1 46237
-2590927 128 2 127 887
-2591960 33554438 1 9257
-2594536 67108868 2 107 433
-2595992 33554436 2 151 307
-2598295 65542 1 1217
-2598824 75497504 1 197
-2601967 2105728 0
-2602423 0 2 1409 1847
-2604664 33554688 2 103 109
-2612104 67108872 1 29683
-2615048 67108864 1 326881
-2617144 33620480 1 173
-2620580 2 2 283 463
-2620595 2 1 524119
-2622536 67108868 1 46831
-2625035 6 2 179 419
-2625752 33558560 1 449
-2628755 2 2 281 1871
-2638052 0 1 659513
-2641015 2066 1 991
-2641447 12288 1 1307
-2641652 1040 1 1373
-2644292 4 1 94439
-2645192 67108872 1 30059
-2648804 32 1 38953
-2654696 75497480 1 311
-2655512 33570816 1 6263
-2656495 2 1 531299
-2657636 1024 1 17957
-2658068 32772 1 1609
-2659619 256 1 91711
-2660164 16 1 51157
-2662759 8 1 242069
-2664343 136 1 10531
-2666084 4194304 1 7489
-2670055 2 2 379 1409
-2674628 4194312 1 683
-2675219 64 2 103 1367
-2675647 48 1 12107
-2678911 1056 1 4259
-2681527 64 2 107 1319
-2683268 65540 1 1571
-2683615 32778 1 827
-2684936 67371264 1 163
-2685848 33554568 1 1327
-2687492 262144 1 9463
-2688260 2 2 139 967
-2694488 33555456 1 9103
-2694679 16400 1 3911
-2696771 12 1 35023
-2698952 67108864 1 337369
-2700007 512 2 251 347
-2702356 16777216 1 6689
-2702599 0 2 137 19727
-2703487 8396800 1 593
-2705527 131080 1 3671
-2710139 4195328 1 823
-2711672 33554432 1 338959
-2713736 67108864 2 127 2671
-2716484 128 1 29527
-2721124 4 2 157 619
-2721332 65600 1 587
-2723795 2 1 544759
-2725087 1024 1 73651
-2726171 548 1 739
-2728639 1280 1 2543
-2729167 4100 1 9067
-2729579 0 2 593 4603
-2729695 2 1 545939
-2730308 4 1 97511
-2730371 12292 1 193
-2730535 16777218 1 5407
-2732612 256 1 23557
-2739535 262146 1 7717
-2741671 33280 1 1499
-2742251 16777280 1 1429
-2743255 258 1 18919
-2747540 34 1 8081
-2748343 16 2 163 1297
-2757560 33554450 1 5303
-2757668 256 1 23773
-2759176 67109124 1 1699
-2760488 67109376 1 11131
-2760740 2 2 223 619
-2760904 67108864 2 467 739
-2763080 67239938 1 1031
-2764516 0 1 691129
-2770532 512 1 22343
-2770715 524290 1 7591
-2771348 32768 1 11743
-2773327 8388608 1 28591
-2774852 1024 1 18749
-2775395 6 2 179 443
-2777215 6 1 79349
-2781812 40 1 3719
-2784583 1120 1 233
-2785303 1048576 1 35257
-2785880 33554434 2 257 271
-2788543 640 1 3911
-2790179 4 2 199 2003
-2790440 67108866 1 69761
-2790632 67108880 1 26833
-2792104 67633156 1 683
-2797124 8 2 151 421
-2797496 33555472 1 727
-2800676 4160 1 857
-2803715 2 2 683 821
-2808788 16384 1 13249
-2809924 16 1 54037
-2813960 67108866 2 103 683
-2814343 4 1 402049
-2816072 67108868 1 50287
-2816948 131200 1 457
-2818595 18 2 103 421
-2819236 4 2 107 941
-2820487 32 2 251 661
-2827412 4 2 241 419
-2827615 6 1 80789
-2828168 67108868 1 50503
-2830628 262144 1 9967
-2831176 67108864 1 353897
-2835092 16 1 54521
-2838895 2 1 567779
-2840948 8 1 64567
-2840996 0 2 823 863
-2842820 2 2 307 463
-2843524 1024 1 19213
-2844655 10 1 51721
-2845112 33816576 1 5009
-2847103 4 1 406729
-2853847 1024 2 137 563
-2855071 135168 1 991
-2859703 12 1 37139
-2861576 67125280 1 397
-2863028 4 1 102251
-2868440 33554434 1 71711
-2872255 2050 1 14011
-2880871 4132 1 563
-2881640 67174402 1 1181
-2881928 67125252 1 971
-2882804 0 2 839 859
-2883812 32 1 42409
-2888132 16 1 55541
-2892487 16 1 222499
-2898788 294912 1 173
-2899759 8192 2 103 599
-2901076 8388608 1 7477
-2904340 66 1 7643
-2908088 33554464 1 21383
-2909096 68157440 1 4603
-2911028 64 1 38303
-2911303 512 1 93913
-2913812 8200 1 1409
-2914615 10 2 197 269
-2918372 0 2 421 1733
-2919343 524548 1 197
-2919908 0 1 729977
-2926259 4 2 379 1103
-2929508 131104 1 643
-2931971 132 1 18211
-2932724 131584 1 353
-2941304 33554432 1 367663
-2941619 0 2 911 3229
-2943343 16 2 373 607
-2944783 512 1 94993
-2945288 67108992 1 16007
-2946740 2 2 251 587
-2949128 67108884 1 4051
-2950216 67108864 2 239 1543
-2950835 2 2 211 2797
-2952004 136 1 2917
-2959480 33554434 2 241 307
-2960143 64 1 155797
-2970463 0 2 193 15391
-2971268 0 1 742817
-2971688 67109120 1 12809
-2974811 68 1 22367
-2980276 1040 1 1549
-2982607 1024 1 80611
-2983327 65536 1 48907
-2985608 67109152 1 757
-2986024 67108864 2 127 2939
-2989160 67108866 1 74729
-2990195 18 2 179 257
-2994055 2 2 281 2131
-2999768 33554432 2 569 659
-3000583 4608 1 2251
-3000872 67110916 1 1307
-3002120 67108874 1 6823
-3003007 131140 1 337
-3003295 2 1 600659
-3005912 33554452 1 4129
-3007592 67112964 1 1249
-3007748 0 2 389 1933
-3008836 131072 2 103 109
-3009011 4416 1 127
-3010808 33554432 1 376351
-3011623 0 2 271 11113
-3011672 33570816 1 7103
-3012152 33554456 1 2633
-3012635 2 2 461 1307
-3013220 6 1 21523
-3015668 128 1 32779
-3018415 2 2 103 5861
-3018920 67371010 1 1063
-3019160 33554434 1 75479
-3019256 33620096 1 269
-3019592 71303168 1 4241
-3019979 0 2 397 7607
-3023455 33794 1 277
-3024343 1028 1 11677
-3024884 262144 1 10651
-3026819 0 2 193 15683
-3028472 33554432 1 378559
-3029108 256 1 26113
-3029411 12 1 39343
-3031940 2 1 151597
-3033155 2 2 179 3389
-3034996 0 2 109 6961
-3036059 8208 1 4969
-3041935 16402 1 883
-3042740 2 2 167 911
-3046015 262 1 3001
-3047012 32 1 44809
-3047051 4 2 211 2063
-3047747 0 2 607 5021
-3048308 0 2 269 2833
-3048856 33554432 2 223 1709
-3049571 4 1 435653
-3051055 6 2 179 487
-3052820 2 1 152641
-3056132 0 2 313 2441
-3057251 512 1 98621
-3058087 1024 1 82651
-3058820 2 1 152941
-3062431 32 2 151 1193
-3064259 8200 1 5927
-3069847 8 2 149 1873
-3071284 0 2 739 1039
-3072463 16640 1 1999
-3078824 67108868 1 54979
-3080695 2 1 616139
-3081908 128 2 139 241
-3083780 6 1 22027
-3084563 8192 1 65629
-3087908 0 2 743 1039
-3088135 8226 1 773
-3088756 8 1 70199
-3090436 4194304 1 8681
-3095012 0 2 397 1949
-3097636 0 2 569 1361
-3099752 67109632 1 431
-3100280 33554434 2 179 433
-3101195 2 1 620239
-3102728 67109376 1 12511
-3103688 67108932 1 2917
-3105611 2359840 0
-3106615 2 2 191 3253
-3107288 33554432 2 233 1667
-3112015 130 1 27061
-3115331 65536 1 51071
-3117080 33554434 2 149 523
-3118328 33554432 1 389791
-3121748 4 1 111491
-3122404 0 1 780601
-3123487 0 2 149 20963
-3124004 16 1 60077
-3131335 524418 1 373
-3131891 4 2 151 2963
-3132152 33554432 1 391519
-3135199 128 2 271 503
-3138872 33570824 1 673
-3141299 4 2 281 1597
-3142088 67108864 1 392761
-3146815 6 1 89909
-3147332 0 1 786833
-3148067 16 2 113 2143
-3154207 4 1 450601
-3157172 288 1 1601
-3159368 68157440 1 4999
-3160739 256 1 108991
-3161291 16388 1 8521
-3162823 0 2 149 21227
-3165380 2 1 158269
-3165428 4 1 113051
-3166264 37748736 1 4447
-3166868 0 2 179 4423
-3170171 524288 1 43427
-3171380 2 2 257 617
-3174244 0 1 793561
-3174583 0 2 107 29669
-3175748 128 1 34519
-3178696 67108864 1 397337
-3179492 0 2 599 1327
-3180008 67108880 1 30577
-3184292 0 2 281 2833
-3193211 1028 1 12329
-3193451 256 1 110119
-3201092 5120 1 503
-3201991 144 1 10709
-3203876 16 1 61613
-3208619 2048 1 78259
-3208715 557058 1 149
-3213703 2048 2 103 761
-3214715 16390 1 1733
-3223876 512 1 25999
-3224699 4160 1 3947
-3224948 65536 1 13217
-3226148 0 2 149 5413
-3227252 4 1 115259
-3232691 12 1 41983
-3233048 33554452 1 4441
-3239240 67117058 1 1723
-3242407 68 1 24379
-3244643 0 2 167 19429
-3250615 66 1 34217
-3250772 4 1 116099
-3254104 33554436 1 58109
-3261755 2054 1 2273
-3263240 67108994 1 3547
-3263540 6 1 23311
-3271255 32786 1 853
-3271279 2097160 1 3583
-3273908 1032 1 2011
-3274520 33816578 1 1153
-3276059 0 2 373 8783
-3279583 131584 1 1579
-3279703 262148 1 6599
-3282535 66 2 109 317
-3286084 1048576 1 10399
-3289156 4112 1 1471
-3294680 33554946 1 2657
-3294779 0 2 1163 2833
-3295460 6 1 23539
-3295624 67108992 1 17911
-3298328 33555464 1 1013
-3303080 67108874 1 7507
-3303560 67108882 1 6353
-3304835 2 2 367 1801
-3304931 4 1 472133
-3311768 33554432 2 347 1193
-3313207 0 2 461 7187
-3318692 80 1 3359
-3324223 516 1 15319
-3324872 67108864 1 415609
-3334331 28 1 3331
-3334664 67108864 1 416833
-3336616 67108864 2 569 733
-3338072 33554496 1 21961
-3341288 67141632 1 7079
-3343928 33554436 2 211 283
-3344168 67108864 2 131 3191
-3344699 32 2 181 1087
-3345011 0 2 389 8599
-3345560 33554434 1 83639
-3346772 24 1 5851
-3346952 67141636 1 1013
-3349927 132 1 20807
-3350987 262144 2 109 433
-3351323 0 2 1459 2297
-3352015 1026 1 18119
-3355835 6 1 95881
-3359531 4 2 127 3779
-3361687 1048580 1 6079
-3363155 2 2 241 2791
-3365047 4 2 647 743
-3365527 72 1 16103
-3366260 1026 1 4549
-3367091 20 2 163 227
-3367172 0 1 841793
-3375668 0 2 433 1949
-3378008 33571328 1 257
-3378823 4 1 482689
-3379508 4194312 1 863
-3380047 8 1 307277
-3383935 2082 1 971
-3384731 4 2 107 4519
-3385207 4 2 281 1721
-3386339 8 2 211 1459
-3396004 0 2 109 7789
-3403384 33554432 1 425423
-3403811 262144 2 191 251
-3405368 33554432 2 113 3767
-3405668 4 1 121631
-3407492 4104 1 1801
-3411179 0 2 1069 3191
-3412423 4 1 487489
-3413476 136 1 3373
-3414260 16386 1 3221
-3416228 0 2 479 1783
-3416644 12 1 11093
-3419291 4194304 2 103 373
-3421832 67108864 2 619 691
-3422792 67108864 1 427849
-3423128 33554432 2 379 1129
-3427160 33554442 1 7789
-3432248 41943040 1 4423
-3433495 16777234 1 523
-3435223 8 2 127 2459
-3436447 4 1 490921
-3438632 67109888 1 11617
-3438904 33554436 1 61409
-3442184 67110144 1 401
-3447539 128 1 149893
-3453583 4 1 493369
-3454423 516 1 15919
-3455023 1048 1 653
-3455983 0 2 1249 2767
-3456011 16 1 265847
-3460187 2105344 1 887
-3462440 67108866 1 86561
-3462664 67108864 1 432833
-3467887 0 2 331 10477
-3467912 67108868 1 61927
-3468740 10 1 15767
-3478280 67108882 1 6689
-3479012 0 1 869753
-3480395 2 1 696079
-3480515 66 1 36637
-3481160 67109122 1 3001
-3481688 34603012 1 787
-3486616 33554564 1 2707
-3488260 2 1 174413
-3488536 33554464 2 113 227
-3491284 0 2 757 1153
-3493979 2560 1 2749
-3498184 67108864 1 437273
-3498367 2097152 2 113 373
-3506948 128 1 38119
-3508739 2320 1 227
-3509464 33554692 1 2161
-3510755 34 2 103 401
-3513124 0 2 103 8527
-3514087 32 2 421 491
-3516872 67141632 1 7451
-3518356 128 2 167 229
-3519908 4 1 125711
-3520567 64 2 127 1459
-3523684 8192 1 18743
-3530644 4112 1 1579
-3530863 65540 1 8269
-3533192 67125264 1 641
-3533828 1064960 1 211
-3535412 0 2 307 2879
-3536383 0 2 1013 3491
-3536891 8192 1 75253
-3538148 0 1 884537
-3538207 2105344 1 907
-3540452 0 2 383 2311
-3541208 33554440 1 40241
-3546488 33554440 2 191 211
-3547784 67239936 1 6619
-3555428 0 1 888857
-3555512 33554432 2 223 1993
-3557288 67108868 2 139 457
-3566296 33554432 2 461 967
-3571940 2 1 178597
-3572104 71303424 1 173
-3573007 64 2 383 491
-3573487 128 2 251 619
-3573560 33556482 1 2179
-3575963 16384 2 109 619
-3579860 34 1 10529
-3582395 2 1 716479
-3585299 256 1 123631
-3588395 2 1 717679
-3591371 4 1 513053
-3593767 256 1 123923
-3593795 2 1 718759
-3594995 2 1 718999
-3595595 2 1 719119
-3597736 71303680 1 163
-3599284 80 1 3643
-3599795 2 1 719959
-3600196 64 2 127 373
-3601624 33554448 1 34631
-3602584 33554432 2 401 1123
-3602708 32 1 52981
-3604232 67108864 1 450529
-3607303 2052 1 12569
-3611743 0 2 653 5531
-3612395 2 1 722479
-3614887 524416 1 2153
-3620531 0 2 619 5849
-3622024 67108868 1 64679
-3625304 33554432 2 461 983
-3626935 18 1 55799
-3628715 66 1 38197
-3629348 0 2 269 3373
-3630011 12 1 47143
-3631615 18 1 55871
-3631931 16672 1 139
-3633076 2097664 1 353
-3643183 256 1 125627
-3643231 64 1 191749
-3645316 128 1 39623
-3650603 72 1 17467
-3652472 33554432 1 456559
-3654344 67117056 1 9719
-3655091 136 1 14447
-3655183 524420 1 311
-3655636 0 2 443 2063
-3655928 33554432 1 456991
-3660836 0 2 613 1493
-3664712 67108864 2 127 3607
-3666971 12 1 47623
-3667412 4 2 227 577
-3669607 8388608 1 37831
-3669784 33554432 2 647 709
-3673907 16384 2 103 673
-3676292 16384 1 17341
-3680195 2 1 736039
-3682516 0 2 631 1459
-3682952 67108884 1 5059
-3686407 131072 1 55021
-3687635 6 1 105361
-3689431 0 2 227 16253
-3689492 8389632 1 257
-3691355 2 2 239 3089
-3699535 6 1 105701
-3700420 2 1 185021
-3707716 0 2 149 6221
-3712996 4 1 132607
-3713672 67108992 1 20183
-3715115 8194 1 15809
-3720995 2 1 744199
-3723515 16386 1 14051
-3726727 512 2 239 503
-3730052 0 1 932513
-3730259 48 1 16879
-3731960 34603010 1 1181
-3734168 33570816 1 8807
-3735848 67633152 1 6397
-3736564 16 2 181 397
-3740228 524288 1 12809
-3747316 0 2 227 4127
-3750007 262144 1 52817
-3752776 67371008 1 6607
-3754532 0 2 599 1567
-3758552 33556484 1 1637
-3759295 8226 1 941
-3761219 12 1 48847
-3761732 16 1 72341
-3761896 67108896 2 139 199
-3764051 512 1 121421
-3764584 67108928 1 24767
-3766820 2 2 127 1483
-3767704 50331648 1 4663
-3769087 100 1 1667
-3774971 0 2 661 5711
-3775576 33554436 1 67421
-3780131 0 2 449 8419
-3782863 4 2 439 1231
-3783583 1024 1 102259
-3790835 1538 1 661
-3791555 2 2 269 2819
-3792583 0 2 349 10867
-3795395 4098 2 127 139
-3795943 128 1 165041
-3797528 33554468 1 3989
-3797944 33554560 1 20641
-3798788 4 1 135671
-3802216 67108872 1 43207
-3803144 67108864 2 431 1103
-3806132 136 1 3761
-3809363 262144 1 53653
-3811735 4098 1 17729
-3814328 33554436 1 68113
-3818420 2 1 190921
-3819683 2052 1 13309
-3823427 64 1 201233
-3826840 33554690 1 3299
-3828872 67109376 1 15439
-3829924 4100 1 3181
-3830603 4 1 547229
-3833288 67108928 1 25219
-3835015 2097154 1 9241
-3835684 0 1 958921
-3838744 33554452 1 5273
-3840515 6 2 197 557
-3842579 8272 1 331
-3843496 67141664 1 479
-3846916 0 1 961729
-3851828 16384 1 18169
-3853028 262144 1 13567
-3854503 0 2 1091 3533
-3855415 2 2 601 1283
-3856211 0 2 347 11113
-3856328 67108868 1 68863
-3858008 33554444 1 6263
-3858740 258 1 6653
-3859640 33562626 1 2053
-3860180 2 1 193009
-3871355 258 1 26699
-3871636 128 1 42083
-3881047 0 2 277 14011
-3887288 50331680 1 283
-3891251 65556 1 701
-3893528 34111488 1 113
-3895783 8192 1 82889
-3898811 4 2 139 4007
-3899912 67108864 1 487489
-3900703 256 1 134507
-3901447 8 1 354677
-3902888 67108872 1 44351
-3904567 0 2 1973 1979
-3904580 2 1 195229
-3906803 32896 1 2879
-3909812 32768 1 16567
-3911348 4 2 163 857
-3915032 33554472 1 2617
-3919988 8448 1 719
-3920356 8 2 139 641
-3926056 67108864 2 449 1093
-3928216 33555584 1 577
-3929048 33554496 1 25849
-3930904 34095104 1 127
-3931235 14 1 10211
-3937835 10 1 71597
-3943540 2 2 269 733
-3945179 68 1 29663
-3945304 33554440 2 107 419
-3946516 36 1 8291
-3947699 4 2 547 1031
-3952568 33554464 1 29063
-3953240 33554562 1 4297
-3954248 67108864 1 494281
-3954436 16512 1 811
-3955211 131152 1 239
-3957379 32 2 131 1777
-3958207 8 1 359837
-3959656 67117056 1 10531
-3959960 33554434 1 98999
-3960692 128 1 43051
-3960980 524290 1 2713
-3963784 67109384 1 1453
-3966395 2 1 793279
-3968132 4 1 141719
-3969851 0 2 199 19949
-3972452 8 2 137 659
-3973384 68157440 1 6287
-3973855 2 2 181 4391
-3974072 33554432 2 457 1087
-3975587 12 1 51631
-3977983 32 2 211 1109
-3980743 272 1 10559
-3983795 2 1 796759
-3983944 67108864 1 497993
-3985423 16 2 281 1091
-3987640 33554434 2 131 761
-3992935 2 2 199 4013
-3993476 0 2 409 2441
-3994019 128 2 211 823
-3998360 33554498 1 5261
-4002583 16 1 307891
-4003063 0 2 683 5861
-4006379 272 1 10627
-4009043 0 2 1381 2903
-4009684 68 1 7537
-4012040 67108930 1 5279
-4012235 130 2 139 251
-4013236 8192 1 21347
-4014728 67108864 1 501841
-4016260 130 1 8731
-4016852 2052 1 3499
-4017635 2 2 787 1021
-4018063 68 1 30211
-4019476 2048 1 24509
-4020059 0 2 1229 3271
-4025588 4 2 109 1319
-4026811 0 2 739 5449
-4030067 16384 1 76039
-4032376 33554432 1 504047
-4033892 0 2 103 9791
-4035608 33562624 1 10733
-4038463 536 1 911
-4042423 8204 1 1117
-4044611 0 2 1481 2731
-4052552 67108868 1 72367
-4053139 2105344 1 1039
-4055656 67108904 1 2711
-4056136 67108868 1 72431
-4063115 6 1 116089
-4067195 524298 1 1013
-4071223 272 1 10799
-4071395 2 1 814279
-4072712 67108868 1 72727
-4073795 42 1 4357
-4075988 36 1 8563
-4077995 2 1 815599
-4082411 2048 1 99571
-4082891 192 1 9343
-4087028 264 1 3203
-4088164 0 2 191 5351
-4089367 32 1 240551
-4090087 0 2 359 11393
-4091588 262144 1 14407
-4092179 20 2 193 233
-4092452 20 1 11243
-4099156 1024 1 27697
-4101107 2176 1 4349
-4102052 0 1 1025513
-4104611 4 2 383 1531
-4106372 0 1 1026593
-4107556 0 2 109 9421
-4108927 128 2 227 787
-4110820 6 1 29363
-4111684 0 2 967 1063
-4126712 33554432 1 515839
-4130243 16 1 317711
-4133699 131072 2 103 599
-4138276 96 1 3203
-4141688 33554432 1 517711
-4141787 16 2 199 1601
-4147864 33554468 1 4357
-4147924 520 1 3041
-4148584 67108872 1 47143
-4152127 68 1 31219
-4160612 0 1 1040153
-4163627 16400 1 6043
-4164424 67109896 1 1279
-4164731 0 2 151 27581
-4167124 16 2 127 631
-4167272 67108864 2 359 1451
-4167707 64 1 219353
-4169464 33562640 1 853
-4169699 1056768 1 1123
-4172584 67125264 1 757
-4177112 33554496 1 27481
-4182343 65672 1 271
-4182367 4 2 181 3301
-4185124 512 1 33751
-4186276 128 1 45503
-4186936 33554448 2 127 317
-4187492 0 2 271 3863
-4189156 0 1 1047289
-4190536 67108868 1 74831
-4191343 262224 1 239
-4191347 0 2 311 13477
-4191895 2 1 838379
-4193819 4 1 599117
-4193828 262144 1 14767
-4196263 32 1 246839
-4202408 83886084 1 743
-4203844 0 1 1050961
-4209707 512 2 229 593
-4210567 524288 1 57679
-4212683 512 1 135893
-4215992 33554568 1 2083
-4216760 33554434 2 271 389
-4218683 132 1 26203
-4218772 0 2 1021 1033
-4222819 0 2 191 22109
-4225955 17410 1 431
-4229215 258 1 29167
-4230895 2 1 846179
-4234276 16384 1 19973
-4234739 64 2 107 2083
-4235524 0 2 463 2287
-4236436 33024 1 619
-4237336 33554560 1 23029
-4238104 33554448 1 40751
-4240735 34 1 49891
-4241503 68 1 31891
-4243423 0 2 587 7229
-4243691 0 2 1867 2273
-4244296 67108932 1 3989
-4246783 512 1 136993
-4247972 0 1 1061993
-4248535 2 2 139 6113
-4248755 6 2 233 521
-4251752 67108864 2 107 4967
-4252087 4 2 127 4783
-4252340 2 2 173 1229
-4252595 1026 2 127 181
-4255115 130 2 163 227
-4258472 71303168 1 5981
-4258739 4194304 2 109 439
-4260203 0 2 1193 3571
-4263124 262176 1 883
-4266152 67108872 1 48479
-4267880 67108994 1 4639
-4276216 33554500 1 4019
-4279352 33554444 1 6947
-4279748 136 1 4229
-4282235 4194306 1 9623
-4286408 67108868 1 76543
-4288292 512 1 34583
-4291172 0 1 1072793
-4292699 0 2 1877 2287
-4296611 264 1 13469
-4297028 16384 1 20269
-4299256 33685520 1 617
-4299976 67108864 1 537497
-4303396 1024 1 29077
-4308755 10 1 78341
-4313252 0 2 149 7237
-4315720 67108994 1 4691
-4316939 136 2 113 151
-4319588 20 1 11867
-4323640 33554498 1 5689
-4325531 36 2 163 223
-4326035 6 1 123601
-4329844 0 2 173 6257
-4333688 33554432 1 541711
-4334536 67108864 1 541817
-4334915 50 1 3923
-4335016 67108868 2 199 389
-4335059 64 2 151 1511
-4341323 4100 1 14423
-4343623 0 2 907 4789
-4346872 33554432 1 543359
-4348520 67108874 1 9883
-4353736 67108928 1 28643
-4354571 16 2 131 2557
-4357235 130 1 37889
-4359256 33554440 1 49537
-4361099 128 1 189613
-4363379 0 2 109 40031
-4365556 1040 1 2269
-4365607 128 2 347 547
-4370360 33554466 1 6427
-4372936 67108864 1 546617
-4373828 32 2 131 491
-4375235 2 2 557 1571
-4376555 194 1 2003
-4380248 33554432 2 557 983
-4382939 131144 1 313
-4389496 33554432 1 548687
-4389784 33558532 1 1823
-4392184 33554432 1 549023
-4392196 33792 1 503
-4394291 8 1 399481
-4397492 40 1 5879
-4399087 12 1 57131
-4406027 0 2 283 15569
-4408312 33554432 1 551039
-4409224 67108864 2 103 5351
-4410728 68157444 1 997
-4412468 0 2 311 3547
-4413032 67108880 1 42433
-4416244 4 2 109 1447
-4417787 8 2 269 1493
-4423211 4194320 1 3823
-4425736 67108868 1 79031
-4428967 256 1 152723
-4430824 67109888 1 14969
-4432235 2 2 757 1171
-4432456 67108868 1 79151
-4434632 67108864 2 467 1187
-4437659 64 2 311 751
-4437803 32768 1 75217
-4439912 67108864 2 739 751
-4441636 0 2 397 2797
-4442644 1048608 1 827
-4443316 0 2 271 4099
-4446676 16 1 85513
-4452212 16384 1 21001
-4452244 0 2 593 1877
-4453619 64 2 157 1493
-4453691 131080 1 6043
-4455752 67108868 2 251 317
-4459096 33554432 2 353 1579
-4467976 67108864 1 558497
-4471480 33554450 1 8599
-4476179 256 1 154351
-4476740 2 1 223837
-4478836 4194432 1 547
-4479223 4 2 659 971
-4479812 1024 1 30269
-4481320 67108994 1 4871
-4482755 514 1 28921
-4483096 33554944 1 18077
-4483576 33554432 1 560447
-4488248 33588224 1 257
-4496795 1026 2 109 223
-4498663 16 1 346051
-4498744 33554528 1 1741
-4499080 67108866 2 137 821
-4501183 1048576 2 227 251
-4501928 67113088 1 569
-4503779 68 1 33863
-4504903 17309712 0
-4508263 64 1 237277
-4512491 0 2 109 41399
-4515223 0 2 353 12791
-4516259 8 2 151 2719
-4518728 67108864 2 683 827
-4519595 2 1 903919
-4520555 50 1 4091
-4526555 10 1 82301
-4526743 48 1 20483
-4529555 65538 1 14851
-4536392 67141636 1 1373
-4536484 32 1 66713
-4537307 131072 2 241 281
-4537688 33554688 1 19559
-4538795 2 1 907759
-4540952 33562640 1 929
-4541027 0 2 1237 3671
-4541512 67108864 1 567689
-4541695 524418 1 541
-4544104 67633664 1 251
-4544776 67108864 1 568097
-4544788 0 2 257 4421
-4552744 67108868 1 81299
-4554103 0 2 367 12409
-4555096 33554452 1 6257
-4555160 33554434 2 263 433
-4555268 0 2 229 4973
-4556104 67108868 1 81359
-4563512 33579008 1 229
-4567739 2097160 1 5003
-4572548 0 2 239 4783
-4573160 67108866 1 114329
-4573748 32 1 67261
-4576135 2 2 179 5113
-4579907 0 2 1321 3467
-4581160 67108898 1 6737
-4586404 0 2 271 4231
-4587779 4 2 223 2939
-4589507 112 1 1093
-4590004 256 1 39569
-4590196 2064 1 2153
-4601915 2 2 839 1097
-4604843 131072 1 68729
-4606019 1032 1 11317
-4606259 516 1 21227
-4606564 8192 2 107 229
-4607579 2101248 1 1291
-4610212 128 1 50111
-4611256 50331664 1 439
-4613624 33554432 1 576703
-4613860 2 1 230693
-4614731 8 2 443 947
-4616776 67108864 1 577097
-4617572 16512 1 947
-4622680 33554434 2 163 709
-4622948 264 1 3623
-4632007 1048608 1 3449
-4633643 4 1 661949
-4637188 0 2 809 1433
-4641823 0 2 709 6547
-4641976 33554432 2 401 1447
-4648756 4 1 166027
-4648835 2 2 127 7321
-4650040 50331650 1 1151
-4651787 4 2 467 1423
-4651835 2 2 137 6791
-4652312 33554436 1 83077
-4652792 33554432 1 581599
-4652836 65536 1 19069
-4654276 8 2 139 761
-4654660 2 2 211 1103
-4655396 0 1 1163849
-4657087 0 2 347 13421
-4657543 8 1 423413
-4659103 0 2 113 41231
-4661167 2052 2 109 149
-4663883 4 1 666269
-4666744 34144256 1 131
-4669652 4194320 1 1009
-4670596 4 1 166807
-4673263 260 1 23021
-4673435 18 1 71899
-4677608 67110928 1 1097
-4677971 64 1 246209
-4681028 8 2 191 557
-4682287 8388608 1 48271
-4697315 6 2 103 1303
-4699160 33554690 1 4051
-4700612 4 1 167879
-4703320 33554946 1 3793
-4706171 0 2 653 7207
-4709219 2048 1 114859
-4709287 8 2 127 3371
-4714760 67108866 2 311 379
-4718392 33554436 2 109 773
-4718408 67239936 1 8803
-4722943 512 2 131 1163
-4723067 512 2 251 607
-4724296 67108864 1 590537
-4726772 0 2 479 2467
-4726984 67239936 1 8819
-4731268 0 1 1182817
-4734692 512 1 38183
-4739480 33562626 1 2521
-4740916 0 2 337 3517
-4748143 32896 1 3499
-4750084 256 1 40949
-4752515 8390658 1 239
-4755128 33554436 1 84913
-4759931 8 1 432721
-4760407 16384 1 89819
-4762979 16 1 366383
-4765748 1040 1 2477
-4767364 4 1 170263
-4768643 8 1 433513
-4769140 2 2 389 613
-4770136 33554436 2 103 827
-4771924 0 2 811 1471
-4772116 64 1 62791
-4775732 16 1 91841
-4778968 33554688 1 20599
-4780307 4 1 682901
-4782152 67108864 1 597769
-4784852 0 2 127 9419
-4785608 67141632 1 10139
-4786504 67110912 1 14593
-4796356 0 1 1199089
-4801988 0 2 239 5023
-4806692 264 1 3767
-4807396 40 1 6427
-4808407 0 2 251 19157
-4809736 67108928 1 31643
-4814195 2 1 962839
-4815371 8388616 1 4513
-4819283 4 2 727 947
-4820104 67108864 1 602513
-4821812 160 1 3083
-4822148 0 1 1205537
-4822744 33554432 2 139 4337
-4826267 256 2 163 1021
-4827604 0 2 1069 1129
-4828936 67125252 1 1627
-4832164 8192 1 25703
-4836083 4 1 690869
-4839364 0 1 1209841
-4843220 2 1 242161
-4849208 33554452 1 6661
-4855672 33554432 1 606959
-4863995 2 1 972799
-4864564 16777216 1 12041
-4865944 33555488 1 967
-4866103 8 2 137 3229
-4869035 66 2 107 479
-4872136 67108992 1 26479
-4875515 2082 1 1399
-4875899 8392708 1 167
-4876859 1040 1 10139
-4878515 2 2 967 1009
-4880483 2097152 2 127 463
-4887736 33554436 1 87281
-4891807 8398080 0
-4892623 0 2 1753 2791
-4893848 33554560 1 26597
-4894927 0 2 457 10711
-4895224 33554432 1 611903
-4895284 0 2 137 8933
-4896587 32768 2 149 557
-4899967 64 1 257893
-4900715 131074 1 14629
-4901219 32 1 288307
-4901240 33554498 1 6449
-4906903 1024 1 132619
-4907507 8 2 109 4093
-4907771 8 2 503 887
-4909235 130 1 42689
-4909807 4 1 701401
-4910116 0 2 541 2269
-4912948 2304 1 1033
-4913315 10 2 157 569
-4914155 16778242 1 263
-4914632 67108896 1 36137
-4917487 0 2 461 10667
-4917563 8196 1 14947
-4918615 530 1 2441
-4921379 128 1 213973
-4923976 67108864 1 615497
-4924808 67108868 1 87943
-4926692 128 1 53551
-4927268 0 1 1231817
-4927396 4194304 1 13841
-4928116 0 2 211 5839
-4935539 2308 1 593
-4936715 38 1 8297
-4936936 67109408 1 1171
-4939403 4 2 263 2683
-4940819 17055760 0
-4945240 33554434 1 123631
-4945444 4 2 347 509
-4947172 0 2 967 1279
-4948232 67634176 1 229
-4948427 136 1 19559
-4951204 0 2 337 3673
-4951636 1024 1 33457
-4953107 0 2 911 5437
-4953976 33554432 1 619247
-4954691 4 1 707813
-4955243 0 2 631 7853
-4962467 524288 1 67979
-4964404 16384 1 23417
-4964983 0 2 257 19319
-4968251 131328 1 2557
-4976104 67108900 1 5227
-4978696 67108864 1 622337
-4981112 33554432 1 622639
-4985416 67108864 2 151 4127
-4987163 0 3 107 127 367
-4988164 0 2 409 3049
-4988531 262176 1 4133
-4991224 33554500 1 4691
-4994536 67112960 1 14519
-4994692 0 1 1248673
-4995107 65552 1 6299
-4995908 0 1 1248977
-4997416 67117056 1 13291
-5000468 8 1 113647
-5002984 67110916 1 2179
-5003147 16384 1 94399
-5009416 67108864 1 626177
-5014516 524304 1 1321
-5029540 2 1 251477
-5029816 33619976 1 937
-5030915 66 1 52957
-5033656 33554944 1 20297
-5038564 128 1 54767
-5038907 0 2 277 18191
-5039048 67108868 1 89983
-5041835 2097154 1 12149
-5047715 2050 1 24623
-5048360 67174402 1 2069
-5053412 20 1 13883
-5054168 33554468 1 5309
-5054459 1024 1 136607
-5055112 67108864 1 631889
-5057267 0 2 127 39821
-5057723 136 1 19991
-5058436 128 1 54983
-5058967 0 2 1091 4637
-5062520 33685506 1 1889
-5064068 0 2 137 9241
-5065207 4 1 723601
-5065444 0 2 167 7583
-5069047 524288 1 69439
-5076415 2050 1 24763
-5077832 67108896 1 37337
-5077883 1048672 1 199
-5079556 0 2 823 1543
-5079572 10240 1 659
-5082680 33554434 2 283 449
-5083268 0 1 1270817
-5087620 2 2 127 2003
-5090344 67108900 1 5347
-5090435 6 1 145441
-5091460 10 1 23143
-5092571 40 2 113 241
-5093588 32768 2 113 191
-5094419 1032 1 12517
-5094820 2 1 254741
-5096708 128 1 55399
-5099236 147456 1 359
-5100932 16384 1 24061
-5101060 2 1 255053
-5102435 146 1 3413
-5108623 16 2 157 2503
-5109223 4227076 1 139
-5109803 64 1 268937
-5110183 112 1 1217
-5111003 4194304 1 57427
-5113091 0 2 1721 2971
-5115103 4 2 163 4483
-5115683 8388736 1 2293
-5116036 0 2 1039 1231
-5116235 162 1 2617
-5116820 2 1 255841
-5118131 512 2 107 1543
-5118532 393216 1 269
-5118916 8 2 317 367
-5120920 33554438 1 18289
-5121259 32792 1 607
-5122868 2048 1 31237
-5122931 8 1 465721
-5126219 68 1 38543
-5128996 1048576 1 16231
-5129672 67108864 2 743 863
-5131115 266 1 3217
-5132579 0 2 1913 2683
-5135284 12 1 16673
-5135380 2 2 433 593
-5136971 4 2 631 1163
-5137028 16 2 223 443
-5138020 2 1 256901
-5138356 0 2 449 2861
-5139607 8 1 467237
-5141339 4 1 734477
-5141348 0 2 103 12479
-5141623 0 2 1163 4421
-5142872 33554436 1 91837
-5147908 0 2 677 1901
-5148964 128 1 55967
-5150051 34816 1 2129
-5153435 524294 1 2017
-5154676 524288 2 127 139
-5155448 33554432 1 644431
-5157064 67108872 1 58603
-5159656 67129344 1 283
-5162047 8 2 163 2879
-5167495 2 1 1033499
-5169367 4 2 443 1667
-5172680 71303170 1 1453
-5173528 33555072 1 907
-5174440 67108866 1 129361
-5176735 2 2 227 4561
-5176835 66 1 54493
-5183764 0 2 647 2003
-5187256 33554432 2 239 2713
-5190788 4096 2 103 293
-5191063 1024 2 307 457
-5191115 32770 1 17597
-5191240 67108866 2 233 557
-5191715 34 2 103 593
-5196947 4 2 683 1087
-5200036 0 2 263 4943
-5203204 0 2 607 2143
-5204651 64 1 273929
-5207108 128 1 56599
-5207171 2101248 1 1459
-5209303 8 2 139 3407
-5217640 67108898 1 7673
-5221220 2 1 261061
-5222459 8 1 474769
-5223683 299264 0
-5226103 0 2 373 14011
-5230379 12 1 67927
-5231603 144 1 17497
-5233748 16 1 100649
-5239691 256 1 180679
-5239883 136 2 139 149
-5240459 4 1 748637
-5241608 67174528 1 467
-5247127 8192 1 111641
-5250395 2 1 1050079
-5250515 4098 1 24421
-5251715 6 2 181 829
-5253563 4 1 750509
-5254360 33554466 1 7727
-5260088 34078720 1 9007
-5260360 67108870 1 18787
-5261896 67108864 2 137 4801
-5262068 4 1 187931
-5266187 512 2 257 661
-5267716 65536 1 21589
-5269528 33554440 2 233 257
-5269691 262276 1 461
-5274035 2066 1 1979
-5276003 2048 1 128683
-5280107 4 1 754301
-5280856 33554436 2 181 521
-5282836 80 1 5347
-5282980 4098 1 6143
-5285944 33554432 2 313 2111
-5290019 4 1 755717
-5293480 67141634 1 2243
-5293652 20 1 14543
-5297891 131072 2 107 739
-5300287 1536 1 4621
-5300776 67108880 1 50969
-5301467 32 2 197 1583
-5303236 0 2 1093 1213
-5304244 8 1 120551
-5307227 32896 1 3911
-5312612 65536 1 21773
-5316452 8192 1 28279
-5319508 0 2 277 4801
-5325188 1032 1 3271
-5327003 8 2 163 2971
-5327743 4224 1 5387
-5328779 16640 1 3467
-5328916 128 1 57923
-5329067 0 2 601 8867
-5329615 262146 1 15013
-5329688 33554452 1 7321
-5339348 2052 1 4651
-5340184 33620480 1 353
-5340587 516 1 24611
-5344216 33554432 2 197 3391
-5348020 2 1 267401
-5350120 67141634 1 2267
-5350984 67108864 1 668873
-5351012 0 1 1337753
-5351284 0 2 107 12503
-5353960 67108866 2 137 977
-5356420 2 2 107 2503
-5359336 67108864 2 239 2803
-5359567 0 2 271 19777
-5361940 2 2 127 2111
-5366147 1024 1 145031
-5366344 71303168 1 7537
-5372315 18 1 82651
-5372680 67108898 1 7901
-5375044 0 2 983 1367
-5379016 67108864 1 672377
-5381588 288 1 2729
-5384047 128 1 234089
-5387123 4 1 769589
-5387464 67108864 2 251 2683
-5387899 8 2 131 3739
-5388803 4100 1 17903
-5396171 72 1 25819
-5397227 4195336 1 149
-5398403 2097152 2 193 337
-5406424 33572864 1 311
-5409812 0 2 281 4813
-5417435 2 2 179 6053
-5418967 0 2 1993 2719
-5422819 0 2 197 27527
-5423032 33554560 1 29473
-5424343 160 1 13873
-5424916 4 2 313 619
-5426164 0 2 167 8123
-5431348 16 2 149 701
-5433304 34603008 1 8597
-5443211 8192 2 179 647
-5444836 128 1 59183
-5445347 0 2 2287 2381
-5446355 4194306 1 12239
-5449115 6 1 155689
-5450296 33554944 1 21977
-5451256 33554432 1 681407
-5452063 512 1 175873
-5452388 0 2 383 3559
-5455204 64 2 179 401
-5456164 4 1 194863
-5457992 67108992 1 29663
-5458339 64 1 287281
-5461907 131080 1 7411
-5464739 4 2 199 3923
-5465284 8 2 223 557
-5468104 67108864 1 683513
-5471795 6 2 127 1231
-5473684 2097152 1 16487
-5476420 2 1 273821
-5477723 2336 1 271
-5479940 2 1 273997
-5482772 32 1 80629
-5483560 67108866 1 137089
-5492596 64 1 72271
-5493343 128 1 238841
-5493892 0 1 1373473
-5494180 2 1 274709
-5497892 0 1 1374473
-5501224 67174400 1 11273
-5504552 67108864 2 271 2539
-5505368 34078728 1 857
-5506420 2 1 275321
-5510948 0 1 1377737
-5512091 16 1 424007
-5512355 2 2 181 6091
-5512859 8 2 151 3319
-5513939 2097664 1 2143
-5514035 34 1 64871
-5514388 136 1 5449
-5516644 4 1 197023
-5517556 8 1 125399
-5519747 224 1 743
-5522195 38 1 9281
-5522771 0 2 1667 3313
-5524955 2050 1 26951
-5525195 18 2 167 509
-5529539 33824 1 149
-5533624 33571328 1 421
-5534915 2 2 233 4751
-5535847 128 2 233 1033
-5539139 0 2 2213 2503
-5539288 33619968 1 11351
-5542403 1048576 1 70157
-5542931 128 1 240997
-5548324 32 2 139 587
-5549896 67108872 1 63067
-5551336 67108868 1 99131
-5556040 67108870 1 19843
-5556676 0 1 1389169
-5558539 4 1 794077
-5562619 128 2 367 659
-5563060 2 2 349 797
-5567048 67108864 1 695881
-5568007 32832 1 4967
-5568308 0 2 283 4919
-5568392 67125376 1 571
-5572379 4194592 1 127
-5574004 4224 1 1409
-5576123 2052 1 19429
-5579891 0 2 1789 3119
-5586823 8 2 103 4931
-5588291 32 2 271 1213
-5589923 1056 1 8887
-5597080 33554466 1 8231
-5603176 67108928 2 191 193
-5606792 67108864 1 700849
-5610904 33554448 1 53951
-5611543 4100 2 103 181
-5615171 0 2 353 15907
-5616091 16 1 432007
-5616196 0 2 359 3911
-5616899 128 2 103 2371
-5623444 131072 1 20983
-5623924 64 1 73999
-5626643 40 1 30089
-5630027 16 1 433079
-5634040 35651586 1 1697
-5634331 0 2 281 20051
-5637604 68 1 10597
-5637859 4096 1 131113
-5638931 16777728 1 1801
-5640068 4 2 157 1283
-5642740 131074 1 4211
-5643832 33555584 1 829
-5647115 514 1 36433
-5654168 33554448 1 54367
-5655604 139264 1 449
-5660648 67108868 2 271 373
-5661124 4 1 202183
-5661443 0 2 151 37493
-5663764 32768 2 103 233
-5664484 16777220 1 2003
-5665427 8192 2 149 809
-5665595 16777234 1 863
-5667940 2 1 283397
-5668264 67108868 2 127 797
-5668696 33555464 1 1741
-5668744 67108864 1 708593
-5670008 33554432 1 708751
-5670152 67129344 1 311
-5679668 8192 1 30211
-5680868 256 1 48973
-5682103 4 1 811729
-5689540 2 1 284477
-5697460 2 2 113 2521
-5697688 33556736 1 599
-5698088 67633160 1 887
-5698283 131072 1 85049
-5699368 67108864 2 691 1031
-5704979 36 2 191 251
-5705588 4 1 203771
-5708228 0 2 607 2351
-5708915 1026 1 30859
-5709188 0 1 1427297
-5714260 8194 1 6079
-5715076 0 1 1428769
-5720596 68 1 10753
-5722756 16 2 167 659
-5725028 0 1 1431257
-5726740 4098 1 6659
-5726792 67108864 1 715849
-5729524 1024 1 38713
-5730004 4 2 113 1811
-5733247 16 2 191 2309
-5735528 67108896 2 181 233
-5736899 4 2 827 991
-5737624 35651584 1 8641
-5737763 0 2 163 35201
-5739844 524296 1 1787
-5741288 67108868 1 102523
-5742995 2 1 1148599
-5745508 1024 1 38821
-5747716 16 1 110533
-5748811 64 2 443 683
-5748995 2097158 1 1979
-5753380 2 1 287669
-5753627 278536 1 139
-5754203 1044 1 1709
-5756699 16 1 442823
-5764423 4 1 823489
-5769707 0 2 179 32233
-5771348 264 1 4523
-5780011 0 2 293 19727
-5780555 10 2 227 463
-5780680 67108898 1 8501
-5784587 0 2 1657 3491
-5793124 32 1 85193
-5793127 1280 1 5399
-5794612 4196352 1 397
-5796932 32 2 163 523
-5799556 4 1 207127
-5802248 83890176 1 167
-5804027 128 2 127 1987
-5804051 1048584 1 6679
-5807464 67108944 1 2939
-5810776 33686528 1 293
-5813236 24 1 10163
-5817779 8 2 167 3167
-5822843 16 2 419 1069
-5824948 32 1 85661
-5825939 4 2 307 2711
-5825956 0 2 157 9277
-5830756 1024 1 39397
-5835640 33555458 1 3943
-5845807 4136 1 727
-5848276 68 1 10993
-5848531 16 2 433 1039
-5849383 128 2 263 967
-5852692 32 1 86069
-5857547 2048 1 142867
-5859460 2 1 292973
-5860883 32900 1 617
-5864248 33554448 2 113 499
-5869576 67108864 1 733697
-5870344 67108864 1 733793
-5873743 0 2 281 20903
-5880580 2 1 294029
-5881595 8519682 1 181
-5882260 1026 1 7949
-5885315 34 1 69239
-5890996 0 2 173 8513
-5891027 17309728 0
-5893163 1048576 1 74597
-5894219 0 2 743 7933
-5895160 33554434 2 293 503
-5896504 33624064 1 281
-5898971 144 2 109 181
-5900356 12 1 19157
-5900612 1024 1 39869
-5903051 524 1 2473
-5904004 0 1 1476001
-5904371 2097416 1 223
-5908115 2 2 241 4903
-5909243 256 1 203767
-5909863 67616 1 139
-5911876 65536 1 24229
-5912627 16388 1 15937
-5917768 67125280 1 821
-5922004 8 1 134591
-5923624 67108868 2 139 761
-5924260 2 1 296213
-5926024 67108944 1 2999
-5927047 4 1 846721
-5932628 16 1 114089
-5936116 128 2 113 571
-5936819 4 2 643 1319
-5937064 67108868 1 106019
-5938696 67633152 1 10169
-5940136 67108864 2 227 3271
-5940472 33554432 1 742559
-5940707 0 2 467 12721
-5942123 8388616 1 5569
-5945284 0 1 1486321
-5946308 0 1 1486577
-5951747 0 2 1907 3121
-5953043 32 1 350179
-5953495 2 1 1190699
-5954195 8210 1 1949
-5957939 48 1 26959
-5961256 67108868 1 106451
-5969512 67108992 1 32443
-5971211 0 2 1693 3527
-5971528 67108864 2 103 7247
-5979316 4 2 179 1193
-5979395 66 2 113 557
-5980808 67108864 2 151 4951
-5982035 2 2 193 6199
-5985655 262162 1 1297
-5988820 1026 1 8093
-5991304 67108872 2 103 661
-5992187 263168 1 2281
-5996296 67108864 2 727 1031
-5996680 67108866 2 197 761
-5996699 32 2 173 2039
-5996731 4980752 0
-5998324 0 2 151 9931
-5999195 2 1 1199839
-6002507 260 1 29569
