-3311 4108 0
-3695 2 0
-4559 8396800 0
-5871 65 0
-6111 8388613 0
-6135 3 0
-6383 16 0
-6831 137 0
-7215 1043 0
-7359 9 0
-7556 0 0
-7887 9 0
-8175 3 1 109
-8216 202375184 0
-8631 5 1 137
-8751 1 0
-8876 4 0
-8991 1025 0
-9015 3 0
-9044 100 0
-9143 2048 0
-9471 2061 0
-9476 128 0
-9495 3 1 211
-9656 201588768 0
-10016 67108864 0
-10064 67109920 0
-10215 3 1 227
-10279 64 0
-10367 4 0
-10551 1 0
-10719 1 1 397
-10724 4 0
-10820 2 0
-10863 262177 0
-11127 1 0
-11144 100663300 0
-11271 49 0
-11343 65 0
-11384 201326592 0
-11631 1 0
-11655 1031 0
-11660 16394 0
-11671 8 0
-11695 2 0
-11696 67112992 0
-11935 526 0
-11991 5 0
-12080 67108866 0
-12111 9 0
-12116 16 0
-12236 196 0
-12260 2 0
-12495 39 0
-12584 100663320 0
-12663 131077 0
-12920 201326690 0
-12975 3 1 173
-13039 32816 0
-13064 100925568 0
-13111 4 0
-13244 4108 0
-13343 8 0
-13364 16 0
-13496 201326596 0
-13575 3 1 181
-13615 6 0
-13671 517 0
-13736 117440544 0
-13940 2082 0
-13983 1081345 0
-14175 7 0
-14180 2 0
-14216 100663296 0
-14223 9 0
-14311 8 0
-14367 1 0
-14624 67108864 0
-14703 273 0
-14780 2 0
-14823 65537 0
-14864 67108864 0
-15080 100663570 0
-15087 8193 0
-15104 67141632 0
-15159 513 0
-15183 5 1 241
-15200 67108930 0
-15336 100925441 0
-15344 67108868 0
-15447 65 0
-15512 201326596 0
-15524 0 0
-15539 2048 0
-15543 9 1 157
-15564 1 0
-15584 67108864 0
-15596 4 0
-15687 2097157 0
-15824 67113088 0
-16004 0 0
-16023 5 1 109
-16040 100663298 0
-16176 67108865 0
-16184 201326628 0
-16196 0 0
-16236 2057 0
-16279 524288 0
-16280 201327626 0
-16335 11 0
-16383 4097 0
-16399 640 0
-16599 9 0
-16656 67108865 0
-16863 524301 0
-16880 67108866 0
-16975 8388614 0
-17060 2 0
-17072 75497480 0
-17120 67108866 0
-17175 3 1 229
-17343 10241 0
-17444 4194308 0
-17479 12 0
-17552 67108864 0
-17703 5 1 281
-17888 67112976 0
-17976 201326597 0
-18084 9 0
-18183 329 0
-18200 201326614 0
-18207 37 0
-18236 8396800 0
-18248 100663296 0
-18343 2097200 0
-18380 2 0
-18392 201326664 0
-18423 4194433 0
-18536 100663300 0
-18576 67112961 0
-18656 67125256 0
-18752 67108864 0
-18860 2178 0
-19088 67108864 0
-19172 0 0
-19236 5 0
-19383 262165 0
-19503 9 1 197
-19592 101712384 0
-19604 272 0
-19619 128 0
-19656 100663317 0
-19695 16777235 0
-19760 67108946 0
-19764 65537 0
-20007 81 0
-20016 67108865 1 139
-20119 33288 0
-20132 4 0
-20136 100663297 0
-20192 67108864 0
-20216 201326660 0
-20276 1024 0
-20300 262 0
-20384 67108884 0
-20420 2 0
-20564 8404992 0
-20579 16 0
-20624 67108864 0
-20695 2 0
-20720 67109894 0
-20840 100663298 0
-20844 1 1 193
-20856 202375177 0
-20876 32 0
-20940 3 0
-20960 67108866 0
-20972 4 1 107
-21096 100663297 1 293
-21140 6 0
-21183 129 0
-21188 0 0
-21200 67125250 0
-21224 100663300 0
-21248 69206016 0
-21264 67108865 0
-21384 100663305 0
-21440 67239938 0
-21516 9 0
-21560 201326606 0
-21572 0 0
-21655 327682 0
-21668 0 0
-21680 67108866 0
-21696 67108865 0
-21720 201326595 0
-21731 512 0
-21927 1 0
-21936 67108865 0
-22040 201326914 0
-22088 100663304 0
-22164 1 0
-22200 201327619 0
-22220 16777226 0
-22287 225 0
-22356 129 0
-22407 8388621 0
-22484 524300 0
-22536 100663297 1 313
-22544 67108864 0
-22644 1057 0
-22704 67112969 0
-22712 201326624 0
-22760 100663298 0
-22764 5 0
-22796 2048 0
-22928 67108864 0
-22988 4 0
-23120 67108898 0
-23168 67108864 0
-23300 2 1 233
-23407 4194304 0
-23436 517 0
-23484 65 0
-23576 201326596 0
-23600 67141634 0
-23660 22 0
-23700 1048579 0
-23796 1 1 661
-23840 67108866 0
-23852 4325376 0
-23856 67371013 0
-23916 1 0
-24059 4 1 491
-24240 83886083 0
-24260 2 0
-24332 1048588 0
-24444 8388613 0
-24540 3 0
-24624 67108929 0
-24656 67240064 0
-24752 67108916 0
-24904 100663304 0
-24968 100663296 0
-25004 8260 0
-25047 137 0
-25056 67109121 0
-25095 7 0
-25239 8193 0
-25259 131344 0
-25284 4101 0
-25380 8195 0
-25412 0 0
-25476 9 0
-25532 16 0
-25584 67110929 0
-25644 1 0
-25652 16392 0
-25688 201326672 0
-25691 128 0
-25704 100663333 0
-25743 1 0
-25927 8 0
-26124 5 0
-26220 195 0
-26291 65536 0
-26304 67108865 0
-26316 4129 0
-26420 2 0
-26455 1050 0
-26536 100663808 0
-26675 8388618 0
-26676 81 0
-26744 201326592 0
-26756 0 0
-26760 100663299 0
-26767 262416 0
-26784 67109377 0
-26796 269 0
-26939 1049096 0
-27024 67108865 0
-27092 16 0
-27156 524801 0
-27180 3 1 151
-27216 67108869 0
-27324 137 0
-27343 1024 0
-27392 67108864 0
-27408 67108865 0
-27419 4 0
-27491 1024 0
-27544 201326600 0
-27632 67108872 0
-27680 67108866 0
-27744 67108897 0
-27903 262145 0
-28080 67108883 0
-28148 512 0
-28208 67115008 0
-28340 18 0
-28520 100663938 0
-28656 67108865 1 199
-28688 67108872 0
-28739 256 0
-28767 4097 0
-28836 4194305 0
-28860 1043 0
-28864 67110920 0
-28944 67239937 0
-28952 201334796 0
-29028 34817 0
-29048 201326592 0
-29051 72 0
-29060 2 0
-29136 67108865 0
-29160 100663299 0
-29344 67108868 0
-29359 40 0
-29376 67108897 0
-29436 9 0
-29484 21 0
-29540 6 0
-29588 16 0
-29647 128 0
-29648 67108896 0
-29676 1 0
-29700 11 0
-29792 67108932 0
-29887 88 0
-29956 0 0
-30060 3 1 167
-30084 129 0
-30120 100663299 0
-30124 32 0
-30180 3 0
-30200 201326594 1 151
-30212 2097172 0
-30216 100663297 0
-30252 1 0
-30264 209715217 0
-30324 69 0
-30384 67108865 1 211
-30432 67108865 0
-30440 100663298 0
-30608 67108864 0
-30728 100663424 0
-30996 2053 0
-31104 67108865 0
-31116 1 0
-31204 256 0
-31208 102768640 0
-31211 32896 0
-31280 67109026 0
-31456 67108864 0
-31472 67108868 0
-31476 69633 0
-31536 67633153 0
-31548 9 0
-31623 2097153 0
-31624 100827136 0
-31632 67108865 0
-31652 2048 0
-31656 100663297 0
-31691 135176 0
-31800 201342979 0
-31860 32771 0
-31896 201326593 1 443
-31968 67109889 0
-31999 8 0
-32136 100663313 0
-32224 67125312 0
-32300 98 0
-32312 201326596 0
-32420 2 0
-32460 3 0
-32483 8 0
-32700 3 1 109
-32784 67108865 0
-32844 165 0
-32904 100663297 1 457
-32936 100663424 0
-32940 65539 0
-32960 67108866 0
-32980 8388642 0
-33007 16 0
-33055 10 0
-33096 100663301 0
-33108 4194817 0
-33188 0 0
-33192 100663297 1 461
-33216 67108865 0
-33264 67108877 0
-33299 393220 0
-33368 209719296 0
-33371 48 0
-33395 2 0
-33428 65536 0
-33444 1 1 929
-33456 67110945 0
-33480 100663811 0
-33516 69 0
-33528 201326601 0
-33560 201326594 0
-33684 5 0
-33696 67108881 0
-33728 67109408 0
-33736 100663296 0
-33804 1 1 313
-33807 32769 0
-33872 67633408 0
-33895 2 0
-33900 3 1 113
-33943 20 0
-33984 67141633 0
-33996 1 0
-34020 7 0
-34104 201326853 0
-34128 68157441 0
-34136 201326624 0
-34200 201326659 0
-34344 100679681 0
-34412 4 0
-34476 49 0
-34480 67108866 0
-34524 5 1 137
-34576 67108864 0
-34776 201326725 0
-34800 67109123 0
-34836 1 0
-34884 97 0
-34896 67108865 0
-34903 72 0
-34968 201335297 0
-34983 145 0
-35004 1 0
-35016 100663297 0
-35019 1 1 1297
-35052 129 0
-35064 201326593 1 487
-35168 67108868 0
-35184 67108865 0
-35195 2 0
-35204 16 0
-35208 100663297 1 163
-35316 1 1 109
-35424 67110913 0
-35532 8197 0
-35584 67108864 0
-35604 4225 0
-35619 513 0
-35640 201326603 0
-35648 67108864 0
-35760 67108867 0
-35819 4132 0
-35828 16400 0
-35856 69206017 0
-35915 10 0
-35916 526337 0
-35960 201327362 0
-35964 1025 0
-36048 67108865 0
-36060 3 0
-36196 0 0
-36244 2096 0
-36256 67108872 0
-36276 1 0
-36300 11 0
-36332 512 0
-36420 3 0
-36531 2057 0
-36572 2048 0
-36616 100663424 0
-36648 100663297 1 509
-36651 65 0
-36707 270344 0
-36720 67108899 0
-36740 10 0
-36800 67108994 0
-36936 100663361 0
-36995 6 1 151
-37036 8192 0
-37088 67174464 0
-37135 6 0
-37260 131 0
-37388 16 0
-37428 1 0
-37448 100663808 0
-37499 12 0
-37504 67108864 0
-37516 2097152 0
-37523 0 1 157
-37540 2 0
-37560 201326595 0
-37580 2 0
-37584 67109121 0
-37592 201327616 0
-37680 67108867 0
-37715 66 0
-37739 16 0
-37776 67108865 0
-37800 100663303 0
-37804 16 0
-37884 2061 0
-37908 17 0
-37928 100663304 0
-37975 518 0
-37980 3 1 211
-37988 0 0
-38164 8452 0
-38192 67109388 0
-38211 8193 0
-38220 23 0
-38232 201359361 0
-38315 9437186 0
-38412 8388617 0
-38520 201326595 1 107
-38527 32768 0
-38672 67108864 0
-38675 54 0
-38700 4099 0
-38772 1 1 359
-38820 3 0
-38836 524356 0
-38860 131330 0
-38880 67108867 0
-38892 5 0
-38915 4098 0
-39128 201981952 0
-39155 2050 0
-39204 9 0
-39300 3 1 131
-39376 67108992 0
-39395 2 0
-39396 131077 0
-39459 5 0
-39463 131648 0
-39491 16777376 0
-39492 1 1 1097
-39556 776 0
-39564 5 1 157
-39640 201326594 0
-39660 3 0
-39819 17 0
-39856 67133440 0
-40044 270337 0
-40176 67109377 0
-40236 5 0
-40248 201330705 0
-40264 100663300 0
-40299 16777285 0
-40327 4 1 823
-40328 100925440 0
-40352 75497488 0
-40436 8 0
-40527 1048641 0
-40628 4 0
-40716 273 0
-40748 65536 0
-40752 67108865 1 283
-40811 1024 0
-40824 201326597 0
-40860 3 1 227
-40880 67633158 0
-40952 201326592 0
-41019 9 1 113
-41064 100696321 0
-41100 3 1 137
-41116 64 0
-41123 34848 0
-41132 20 0
-41236 65552 0
-41292 1537 0
-41296 71303424 0
-41352 100663297 0
-41356 4 1 211
-41420 66 0
-41468 4 0
-41476 0 0
-41520 67108867 0
-41571 513 1 149
-41580 15 0
-41688 201326593 1 193
-41700 3 1 139
-41811 13 0
-41847 1297 0
-41864 100663296 0
-41880 201326595 0
-41904 75497473 0
-41976 201342985 0
-42016 83886096 0
-42024 100663329 0
-42032 67372032 0
-42068 16 0
-42144 67108865 0
-42160 67109410 0
-42192 67108865 1 293
-42204 1 0
-42228 161 0
-42275 4194370 0
-42304 67108864 0
-42324 1 0
-42336 67108869 0
-42339 9 0
-42343 132 0
-42548 8 0
-42632 101187584 0
-42692 16 0
-42699 4097 0
-42768 67108873 0
-42796 16 0
-42876 1 1 397
-42888 100663297 0
-42948 1 1 1193
-42980 6 0
-43015 6 0
-43043 4124 0
-43200 67108867 0
-43204 4 0
-43208 100663304 0
-43220 2 0
-43255 2050 0
-43300 2 1 433
-43307 520 0
-43371 1114113 0
-43452 262177 0
-43456 75497476 0
-43495 2 0
-43512 201327621 0
-43568 67108868 0
-43595 2 0
-43692 9 0
-43764 5 0
-43848 100663557 0
-43884 16513 0
-44004 65 0
-44040 100663299 0
-44044 28 0
-44075 6146 0
-44076 1 0
-44164 65536 0
-44208 67108865 1 307
-44228 0 0
-44280 201328643 0
-44320 67108866 0
-44324 4 0
-44344 201326720 0
-44448 67108865 0
-44460 83 0
-44496 67108865 1 103
-44508 1 0
-44528 67109000 0
-44555 131142 0
-44556 1056769 0
-44712 100663425 0
-44720 67112978 0
-44844 16778241 0
-44863 308 0
-44896 67174528 0
-44940 7 0
-44948 32 0
-45068 64 0
-45076 32768 0
-45084 49 0
-45100 2058 0
-45144 201326665 0
-45175 18 1 139
-45228 1 0
-45248 83886084 0
-45300 3 1 151
-45360 67108871 0
-45372 65 0
-45432 201326593 1 631
-45492 33 0
-45512 100663296 0
-45560 201457698 0
-45567 2162689 0
-45612 5 1 181
-45684 8193 0
-45752 201330756 0
-45792 67125249 0
-45812 16 0
-45864 100663317 0
-45872 67182592 0
-45900 35 0
-45908 128 0
-45976 201326596 0
-46104 201326625 0
-46116 65541 0
-46160 67108866 0
-46208 67108928 0
-46240 67108898 0
-46320 67108867 0
-46352 67108864 0
-46356 1 0
-46360 201392194 0
-46371 2321 0
-46404 1 1 1289
-46412 2048 0
-46452 1048581 0
-46508 12 0
-46524 1 0
-46532 0 0
-46548 1 1 431
-46620 1031 0
-46656 67108865 0
-46668 1 0
-46684 8 0
-46731 1025 0
-46756 0 0
-46764 1 1 433
-46780 2 0
-46851 8388741 0
-46899 1 1 193
-46979 0 1 109
-47016 100663297 1 653
-47048 100663296 0
-47088 67108865 1 109
-47115 3 1 349
-47160 201326595 1 131
-47200 67141634 0
-47208 100663301 0
-47236 4 1 241
-47244 513 0
-47280 67108867 0
-47300 4106 0
-47340 3 1 263
-47492 512 0
-47496 100663297 0
-47619 1049 0
-47627 8388608 0
-47652 73 0
-47664 67108865 1 331
-47695 2 0
-47700 16387 0
-47740 526 0
-47796 5 0
-47808 69206017 0
-47824 67174404 0
-47964 5 0
-48107 524288 0
-48136 100663304 0
-48240 67239939 0
-48300 135 0
-48332 4096 0
-48411 9 1 163
-48423 1 0
-48432 67108865 0
-48444 9 0
-48600 201326595 0
-48688 67108896 0
-48780 3 1 271
-48880 67117074 0
-48916 4 0
-48972 16397 0
-49032 100663297 1 227
-49044 196609 0
-49068 8449 0
-49096 100663392 0
-49128 104857729 0
-49176 201326593 1 683
-49200 67110915 0
-49248 67108929 0
-49283 48 0
-49284 1025 0
-49300 290 0
-49336 201326596 0
-49344 67108865 0
-49403 0 1 127
-49539 5 1 337
-49571 64 0
-49572 33 0
-49595 22 0
-49704 100663361 0
-49715 65538 0
-49731 9 1 137
-49740 3 0
-49755 515 0
-49812 5 0
-49840 71303174 0
-49851 257 1 191
-49924 4 0
-49956 129 0
-49980 39 0
-50028 9 0
-50112 67109121 0
-50195 2 0
-50220 515 0
-50315 258 0
-50344 100664068 0
-50448 67108865 0
-50468 1544 0
-50483 64 0
-50484 5 0
-50520 201326595 0
-50544 67108881 0
-50619 8193 0
-50652 131077 0
-50700 19 0
-50704 67108864 0
-50712 201326593 0
-50724 1 1 1409
-50739 17 0
-50776 201326600 0
-50856 100663313 0
-50868 1 1 157
-50944 67108864 0
-50964 513 0
-50979 1 0
-51016 100663300 0
-51188 131072 0
-51219 5 1 271
-51272 100663600 0
-51275 6 1 293
-51300 67 0
-51348 9 0
-51564 1 0
-51588 1 1 1433
-51700 8202 0
-51732 1 1 479
-51736 201326848 0
-51780 3 0
-51828 5 0
-51900 3 1 173
-51948 1041 0
-51995 2 0
-52020 35 0
-52024 201326596 0
-52112 67108864 0
-52128 67108865 1 181
-52140 1048587 0
-52156 32816 0
-52272 67108873 0
-52283 8388620 0
-52327 393224 0
-52368 67108865 0
-52444 4 0
-52448 67108872 0
-52584 100663301 0
-52611 262225 0
-52704 67174401 0
-52731 517 0
-52824 201589249 0
-52848 67108865 1 367
-52872 100663297 0
-52932 9 0
-52960 67108866 0
-53091 33 1 347
-53100 32771 0
-53115 3 0
-53124 65 0
-53176 201326752 0
-53263 4 1 1087
-53284 12 0
-53300 2066 0
-53331 257 0
-53352 100663377 0
-53372 8 0
-53440 67108866 0
-53460 11 0
-53472 67108865 0
-53580 8259 0
-53640 100663299 1 149
-53700 3 1 179
-53708 256 0
-53752 201326592 0
-53768 100671512 0
-53811 1 1 1993
-53843 128 0
-53920 67108866 0
-53952 67108865 0
-54016 67108864 0
-54124 4 0
-54156 1 0
-54192 67108865 0
-54196 32 0
-54216 100663297 1 251
-54300 3 1 181
-54308 0 0
-54312 101188097 0
-54348 5 0
-54408 100663297 0
-54432 67108869 0
-54435 67 0
-54444 17 0
-54460 6 0
-54576 67108865 1 379
-54579 133 0
-54648 201326729 0
-54683 0 1 149
-54684 517 0
-54728 100663296 0
-54756 17 0
-54760 100664322 0
-54796 68 0
-54808 201327152 0
-54856 100663296 0
-55080 100663331 0
-55144 100728832 0
-55188 524293 0
-55216 67109156 0
-55344 67108865 0
-55348 16777216 0
-55476 131201 0
-55480 201850946 0
-55488 67108897 0
-55600 67108866 1 139
-55620 3 1 103
-55660 138 0
-55692 53 0
-55715 10 0
-55728 67112961 0
-55764 1 1 1549
-55892 4194304 0
-55920 67108867 0
-55932 1081345 0
-55944 100664325 0
-55955 578 0
-56004 17 0
-56056 201326620 0
-56140 6 0
-56172 513 0
-56208 67108865 0
-56224 67108868 0
-56312 201326592 0
-56408 201326600 0
-56440 203423778 0
-56472 201326609 0
-56499 1025 0
-56592 67108865 1 131
-56700 7 0
-56704 67108864 0
-56819 4 0
-56892 9 0
-56904 100663297 0
-56940 524307 0
-56979 17 1 487
-57024 67108873 0
-57076 64 0
-57124 0 0
-57132 129 0
-57244 8 0
-57247 192 0
-57256 100663328 0
-57275 1048834 0
-57291 17 1 113
-57339 129 1 277
-57468 1 0
-57572 1024 0
-57608 100663360 0
-57699 1 1 2137
-57707 144 0
-57708 5 1 229
-57760 67108930 0
-57827 12 0
-57904 67117068 0
-57912 201326657 0
-57976 201326592 0
-58052 128 0
-58092 8193 0
-58156 131588 0
-58163 4 1 1187
-58212 13 0
-58220 264194 0
-58260 3 0
-58276 32 0
-58320 67108867 0
-58331 20 0
-58356 1 1 1621
-58380 7 0
-58440 100663299 0
-58444 64 0
-58600 100663298 1 293
-58632 100663301 0
-58660 6 0
-58696 100663688 0
-58720 67108866 0
-58779 5 1 311
-58800 67108871 0
-58812 273 0
-58859 262144 0
-58860 3 1 109
-58920 100663299 0
-58968 201326613 0
-58980 3 0
-58995 195 0
-59008 67108864 0
-59012 0 0
-59104 67108864 0
-59147 72 0
-59211 4129 0
-59268 9 0
-59292 65537 0
-59340 4227 0
-59376 67108865 0
-59568 67633185 0
-59584 67108932 0
-59588 0 0
-59628 1 0
-59675 526 0
-59700 3 1 199
-59704 201326624 0
-59724 1048581 0
-59795 2 0
-59952 67108865 0
-60016 67109384 0
-60048 67108865 1 139
-60051 1025 0
-60076 128 0
-60099 131217 0
-60171 513 0
-60196 16777216 0
-60216 201326609 0
-60256 67108868 0
-60291 269 0
-60300 131075 0
-60312 201326597 0
-60348 8193 0
-60411 17 0
-60484 0 0
-60492 262145 0
-60515 86 0
-60588 41 0
-60636 513 0
-60640 67108866 0
-60651 129 1 293
-60688 67108864 0
-60732 5 1 241
-60808 100663304 0
-60819 8388681 0
-60827 16 0
-61012 4 0
-61028 524360 0
-61068 5 0
-61131 264197 0
-61140 3 0
-61155 3 1 151
-61204 24 0
-61299 5 1 139
-61356 1 0
-61360 67141650 0
-61480 100679938 0
-61515 3 1 1367
-61572 5 0
-61608 100663329 0
-61632 67108865 1 107
-61644 9 0
-61659 561 0
-61700 2 1 617
-61788 65 0
-61800 100663299 1 103
-61832 100696064 0
-61932 17 0
-61971 21 0
-61992 100665349 0
-62139 13 0
-62172 9 1 157
-62176 67240192 0
-62192 67109008 0
-62200 201326594 1 311
-62208 67108865 0
-62212 0 1 103
-62220 65571 0
-62224 67108864 0
-62280 100663299 1 173
-62315 10 1 103
-62316 1 1 577
-62328 201342981 0
-62356 36 0
-62380 2 0
-62484 2049 0
-62499 2097153 0
-62640 67109123 0
-62700 75 0
-62736 67108865 0
-62748 2097157 0
-62800 67108866 1 157
-62988 257 0
-63035 6 0
-63128 201326608 0
-63280 67108870 0
-63372 1 0
-63468 6145 0
-63539 260 0
-63675 3 1 283
-63700 22 0
-63724 4194304 0
-63848 100663424 0
-63939 1 0
-63948 524289 0
-63995 2 0
-64084 1024 0
-64092 5 1 109
-64144 67108928 0
-64152 201326601 0
-64228 0 0
-64251 32777 0
-64428 32789 0
-64548 9 1 163
-64560 67108867 0
-64672 67121152 0
-64692 1 1 599
-64779 25 0
-64800 67108867 0
-64876 4 1 331
-64888 201326592 0
-64908 1 1 601
-64932 5 0
-64995 7 0
-65044 16777348 0
-65048 201334784 0
-65116 524288 0
-65131 520 0
-65152 67108864 0
-65224 100663808 0
-65232 67108865 1 151
-65260 18 0
-65331 65573 0
-65340 11 0
-65380 6 0
-65416 100664368 0
-65448 117440513 0
-65460 3 0
-65464 201326596 1 167
-65532 4097 0
-65596 640 0
-65652 1 0
-65675 263170 0
-65712 67109889 0
-65772 261 0
-65880 201392131 0
-65892 97 0
-65988 8209 0
-66051 2049 1 179
-66064 67108864 0
-66100 2 1 661
-66180 3 0
-66195 3 1 1471
-66252 1 0
-66339 21 0
-66348 8388673 0
-66352 67109144 0
-66396 9 0
-66424 201326784 0
-66480 67108867 0
-66487 32 0
-66580 2 0
-66696 100663301 0
-66700 386 0
-66708 33 1 109
-66723 129 0
-66724 4 0
-66771 1 1 2473
-66827 32 0
-66948 5 0
-67024 67403776 0
-67032 201326661 0
-67035 2051 0
-67152 67108865 0
-67179 5 1 457
-67180 2 0
-67188 9 0
-67208 100663808 0
-67216 67108864 0
-67272 100663297 0
-67283 65536 0
-67300 2 1 673
-67308 1310721 0
-67332 513 0
-67412 64 0
-67452 524301 0
-67480 201326598 0
-67492 8192 0
-67528 100663424 0
-67608 201326593 1 313
-67611 513 0
-67628 16648 0
-67635 3 1 167
-67752 100663297 1 941
-67776 67108865 0
-67780 2 0
-67900 8388614 0
-67936 67108872 0
-67947 262409 0
-68040 100663303 0
-68067 1 1 2521
-68075 6 1 389
-68080 67110018 0
-68172 209 0
-68200 100663818 0
-68208 67109125 0
-68236 4 0
-68280 201326595 0
-68296 100663296 0
-68356 128 0
-68379 129 0
-68560 67108866 0
-68568 201326593 0
-68580 3 1 127
-68656 67108868 0
-68688 67125249 0
-68691 5 0
-68700 3 1 229
-68704 67108928 0
-68752 67108864 0
-68800 67112962 0
-68824 201326596 0
-68856 201326657 0
-68868 1 1 1913
-68896 67108864 0
-68940 3 1 383
-68944 67109376 0
-69008 67108928 0
-69012 262145 0
-69075 3 1 307
-69099 513 0
-69132 5 0
-69280 67108866 0
-69312 67108929 0
-69336 201326593 1 107
-69372 10241 0
-69392 67108864 0
-69508 0 0
-69531 4109 0
-69552 67108997 0
-69580 262150 0
-69588 1 1 1933
-69707 8 0
-69727 4 1 1423
-69792 67108865 0
-69864 100927489 0
-69876 1 1 647
-69916 12 0
-69939 65 1 409
-69995 2 0
-70011 1 1 2593
-70048 67108872 0
-70092 32777 0
-70152 101712897 0
-70200 201326611 0
-70336 67108868 0
-70380 163 0
-70536 100663297 0
-70539 5 0
-70576 67108872 0
-70660 2 0
-70668 17 1 151
-70812 5 1 281
-70848 67110913 0
-70851 73 0
-71108 256 0
-71140 2 0
-71148 13 0
-71331 33297 0
-71372 4 0
-71448 201326609 0
-71472 67108865 0
-71475 3 1 953
-71507 128 0
-71539 16 0
-71652 5 0
-71675 73730 0
-71800 201326594 1 359
-71820 71 0
-71856 67108865 1 499
-71952 67108865 0
-72136 100925440 0
-72267 49 0
-72275 32774 0
-72280 201326610 0
-72291 1 0
-72292 16904 0
-72300 3 1 241
-72331 4 0
-72372 1025 0
-72435 11 0
-72448 67108864 0
-72496 67108992 0
-72520 100664326 0
-72579 17 0
-72640 67108866 0
-72732 329 0
-72792 201326593 1 337
-72828 37 0
-72880 67108866 0
-72900 3 0
-72976 67108864 0
-73008 67108881 0
-73035 3 1 541
-73056 67108865 0
-73088 67108864 0
-73156 0 0
-73235 8388610 0
-73283 324 0
-73307 16 0
-73332 8388613 0
-73368 201326593 1 1019
-73372 2097200 0
-73392 67108873 0
-73408 67110400 0
-73531 128 1 139
-73692 4194433 0
-73731 5 0
-73827 17 1 631
-73840 67371026 0
-73872 67108929 0
-73899 165 0
-73908 1 1 2053
-73924 0 0
-73968 67240065 0
-73992 100663297 0
-74028 513 0
-74080 67108866 0
-74115 65539 0
-74139 17 0
-74160 67108867 1 103
-74208 67108865 0
-74235 16777223 0
-74243 16 0
-74284 4 1 379
-74316 9 0
-74380 2 0
-74412 16401 0
-74508 5 0
-74668 8 0
-74739 5 0
-74800 67108906 0
-74811 9 0
-74888 100664456 0
-74904 201326593 0
-74952 100663297 1 347
-74955 67 0
-74980 130 0
-75048 100712449 0
-75052 256 0
-75088 67108944 0
-75180 7 0
-75184 67109888 0
-75216 67108865 0
-75244 16 0
-75300 3 1 251
-75411 69 0
-75432 100663301 0
-75468 65 0
-75492 1 1 233
-75579 98309 0
-75660 8388627 0
-75675 3 1 1009
-75720 100663299 0
-75732 1 0
-75748 256 0
-75792 67108865 0
-75888 67109409 0
-75923 128 0
-75988 8 1 157
-76008 100663297 0
-76059 1 1 313
-76075 34 1 179
-76080 67108867 0
-76140 8195 0
-76180 18 0
-76200 100663299 1 127
-76212 524545 0
-76219 2072 0
-76240 67108866 0
-76251 5 0
-76275 3 1 113
-76300 6 1 109
-76307 12 0
-76336 67108880 0
-76392 100663297 1 1061
-76491 1 1 2833
-76683 1 0
-76720 67108870 0
-76812 1025 0
-76836 65 0
-76992 67108865 0
-77004 641 0
-77044 40 0
-77051 16 0
-77080 201336834 0
-77100 3 1 257
-77115 8404995 0
-77147 4 1 103
-77232 67108865 0
-77248 67371040 0
-77283 513 1 277
-77328 67108865 1 179
-77344 67108864 0
-77371 4 1 1579
-77387 64 0
-77392 67108868 0
-77476 4 0
-77507 0 1 179
-77532 262165 0
-77571 49 0
-77572 6152 0
-77652 1 1 719
-77712 67108865 0
-77760 67108867 0
-77868 5 1 103
-77891 8912904 0
-77963 16384 0
-77979 41 0
-77988 8519681 0
-78012 9 1 197
-78016 67125376 0
-78024 100663297 0
-78040 201326594 0
-78180 3 0
-78192 67108865 1 181
-78316 4 0
-78348 1 0
-78352 69238784 0
-78376 125829120 0
-78443 8192 0
-78496 67108872 0
-78508 64 0
-78512 67108868 0
-78520 201326610 0
-78580 2 0
-78592 67108864 0
-78683 136 0
-78708 5 0
-78712 201326592 0
-78768 67108865 1 547
-78780 16777235 0
-78819 12305 0
-78820 6 0
-78840 201850883 0
-78867 129 1 127
-78948 4129 0
-78964 64 0
-79008 67108865 0
-79059 524353 0
-79128 201326597 1 157
-79152 75497505 0
-79163 4100 0
-79172 0 0
-79212 2181 0
-79240 100663302 0
-79288 201343016 0
-79348 2097152 0
-79380 7 0
-79395 1179651 0
-79408 67108868 0
-79475 42 0
-79512 201326593 0
-79540 8390658 0
-79600 67108866 1 199
-79611 37 0
-79643 524288 0
-79660 6 0
-79768 201359376 0
-79780 2 0
-79816 100663304 0
-79920 67109891 0
-79947 8197 0
-79956 1 1 2221
-79971 65729 0
-80028 81 0
-80112 67108865 0
-80172 33 1 131
-80200 100663298 1 401
-80208 67108865 1 557
-80212 8 0
-80224 67108992 0
-80476 33288 0
-80560 67125314 0
-80571 1 1 107
-80619 13 0
-80656 67371008 0
-80672 67108864 0
-80731 68 0
-80760 201326595 0
-80795 26 0
-80800 83886082 0
-80811 526337 0
-80859 1 0
-80868 129 0
-80880 67108867 0
-80980 2 0
-81008 69271552 0
-81012 4097 0
-81048 201326601 0
-81088 67108868 0
-81096 100663809 0
-81192 100663329 0
-81228 5 0
-81300 3 1 271
-81420 32899 0
-81432 201326865 0
-81492 1 0
-81515 38 0
-81552 67108865 0
-81579 262145 0
-81648 67108869 0
-81675 11 0
-81700 4162 0
-81708 9 0
-81736 100663328 0
-81796 24 0
-81940 34 0
-81964 512 0
-82020 3 0
-82099 320 0
-82180 6 0
-82272 67108865 0
-82336 69206528 0
-82395 3 1 1831
-82420 18 0
-82448 67108864 0
-82480 67108866 0
-82636 524288 0
-82780 2 0
-82800 67108995 0
-82852 12 0
-82899 65537 1 151
-83052 1 1 769
-83147 655392 0
-83208 100663297 0
-83212 262144 0
-83448 201392193 0
-83499 17 0
-83584 67108864 0
-83592 100667393 0
-83688 100663305 0
-83700 515 0
-83748 5 0
-83820 11 0
-83835 131 0
-83860 6 0
-83980 114 0
-84004 0 0
-84072 100663809 0
-84144 67108865 0
-84160 67108866 0
-84203 132 0
-84280 201330694 0
-84323 21504 0
-84372 5242881 0
-84388 524320 0
-84400 67108866 1 211
-84435 19 0
-84436 16777288 0
-84456 100663457 0
-84532 4 0
-84612 9 0
-84672 67108869 0
-84675 3 1 1129
-84732 129 0
-84736 67108864 0
-84784 67108868 0
-84856 201326592 0
-84868 4 1 433
-84888 201326593 1 131
-84912 67174657 0
-84939 129 0
-85044 65 0
-85092 5 0
-85096 100663304 0
-85264 67633152 0
-85320 101711875 0
-85323 37 0
-85380 3 0
-85428 5 1 113
-85488 67108881 0
-85512 100663301 0
-85547 16777228 0
-85576 100663360 0
-85624 201326604 0
-85636 1048576 0
-85715 1049094 0
-85772 2048 0
-85780 2 0
-85899 73 0
-85932 525 0
-85936 67110912 0
-85968 67108865 1 199
-85971 1 0
-85995 23 0
-86208 67108865 0
-86315 65538 0
-86320 69206034 0
-86331 5 0
-86387 6148 0
-86392 201326592 0
-86412 65 0
-86416 67108872 0
-86427 8388617 0
-86552 201327104 0
-86584 202375168 0
-86620 327682 0
-86640 67108931 0
-86723 20 0
-86832 67239937 0
-86867 16392 0
-86928 67108865 0
-86952 100663297 0
-86963 192 0
-86988 9 0
-87012 1 1 2417
-87048 100663825 0
-87075 4099 0
-87124 128 0
-87232 67117312 0
-87264 83886081 0
-87280 67108866 0
-87328 67108864 0
-87339 5 0
-87424 67108864 0
-87460 2 0
-87499 32 0
-87507 5 1 463
-87520 67108866 0
-87528 100663301 0
-87571 72 0
-87616 67109888 0
-87619 4 0
-87707 0 1 229
-87708 1 0
-87732 1 1 2437
-87819 524289 0
-87852 1 0
-87872 67108864 0
-87948 5 1 349
-88036 16 0
-88067 132 0
-88236 4161 0
-88276 256 0
-88368 67108869 0
-88428 1 0
-88452 21 0
-88456 100663296 0
-88488 100663297 1 1229
-88491 17 0
-88512 67108865 0
-88600 201326594 1 443
-88672 67108896 0
-88696 201326592 0
-88788 5 1 151
-88992 67108865 1 103
-89019 5 1 157
-89100 11 0
-89148 225 0
-89235 3 1 661
-89236 4 0
-89292 5 0
-89356 4194304 0
-89520 67108867 0
-89547 65 0
-89620 2 0
-89628 8388621 0
-89656 201326596 0
-89688 218104833 0
-89748 1 1 277
-89800 100663298 1 449
-89940 3 0
-90083 36 0
-90099 270337 0
-90160 67108998 0
-90168 201326641 0
-90195 7 0
-90232 201326592 0
-90288 67108937 0
-90531 5 1 479
-90540 3 1 503
-90571 16 0
-90612 1 1 839
-90712 201327008 0
-90772 8 0
-90792 109051921 0
-90827 136 0
-90832 67108868 0
-90888 100663301 0
-90923 516 0
-90995 2 0
-91059 1 1 127
-91060 258 0
-91212 9 0
-91240 100663298 0
-91252 4 0
-91275 3 1 1217
-91300 2097162 0
-91368 100671489 0
-91396 524288 0
-91468 16 0
-91531 16392 0
-91611 273 0
-91624 100663312 0
-91756 260 0
-91792 67108864 0
-91800 201326627 0
-91876 0 1 103
-91908 1153 0
-91915 514 0
-91980 524295 0
-92019 1025 0
-92052 1 1 2557
-92080 67108866 0
-92140 34 0
-92148 5 0
-92164 0 0
-92208 67108897 0
-92232 100728837 0
-92268 9 1 233
-92272 68681728 0
-92320 67108866 0
-92355 8195 0
-92368 67108992 0
-92376 201326593 1 1283
-92404 16 0
-92428 4 0
-92452 256 0
-92460 131203 0
-92475 3 1 137
-92512 67141636 0
-92592 67108865 1 643
-92712 100663297 0
-92832 67108865 0
-92907 1537 0
-92920 218103938 0
-92940 3 0
-92976 67108881 0
-93075 524323 0
-93100 70 0
-93112 201326592 1 103
-93228 33 0
-93243 1 0
-93291 9 1 257
-93312 67108865 0
-93352 100663300 0
-93360 67108867 0
-93499 1092 0
-93515 32770 0
-93528 201326593 1 433
-93555 15 0
-93628 4194304 0
-93648 67108865 0
-93675 3 1 1249
-93712 67108864 0
-93747 1 0
-93784 201326656 0
-93952 67108864 0
-93972 2049 0
-93988 0 0
-94068 131089 0
-94120 100663314 0
-94200 201326595 1 157
-94235 8194 0
-94275 3 1 419
-94360 201326598 0
-94392 201326785 0
-94408 100663296 0
-94420 2 0
-94564 8192 0
-94572 263169 0
-94792 100665376 0
-94827 524289 0
-94852 128 0
-94872 201490433 0
-94984 100663808 0
-95032 201326596 0
-95115 35 0
-95355 19 1 163
-95368 100663316 0
-95440 67108866 0
-95448 209717249 0
-95524 24 0
-95620 6 0
-95628 17 0
-95667 25 0
-95688 100663297 1 443
-95691 1 1 167
-95704 201326596 0
-95712 67108865 0
-95779 262208 0
-95843 8 0
-95928 201326597 0
-95968 67108864 0
-95980 2 0
-95988 65 0
-96012 5 1 127
-96052 33800 0
-96139 0 1 127
-96235 66 0
-96240 67108867 0
-96336 67108865 1 223
-96460 16406 0
-96492 4137 0
-96552 100663297 1 149
-96628 292 0
-96635 14 0
-96660 3 1 179
-96792 201327617 0
-96852 5 0
-96880 67108870 0
-97008 67121153 0
-97024 67108864 0
-97035 3 0
-97080 201326595 0
-97092 769 0
-97120 67108866 0
-97216 67109380 0
-97248 67108865 0
-97260 3 0
-97300 6 1 139
-97332 1 0
-97360 67108866 0
-97392 67108865 0
-97540 2 0
-97555 2 1 109
-97635 131 0
-97732 16384 0
-97740 3 1 181
-97768 117440520 0
-97795 2 0
-97804 4 1 499
-97828 1024 0
-97848 201326593 1 151
-97995 8195 0
-98028 5 1 389
-98043 9 0
-98080 67108866 0
-98147 4 1 2003
-98211 65 0
-98307 9 1 331
-98380 2 0
-98440 100663426 0
-98464 67108896 0
-98508 1 0
-98572 64 0
-98739 16513 0
-98787 49 0
-98795 2 0
-98800 67108946 0
-98928 67108865 1 229
-98987 1048580 0
-98992 67108992 0
-99016 100663296 0
-99064 201392388 0
-99123 9281 0
-99136 67108864 0
-99171 1 1 3673
-99172 0 0
-99219 1 0
-99291 129 0
-99300 3 1 331
-99348 33 0
-99372 21 0
-99411 17 0
-99412 256 0
-99592 100696064 0
-99660 11 0
-99760 67113218 0
-99820 646 0
-99915 3 0
-99939 5 0
-99940 66 0
-100011 17441 0
-100032 67108865 0
-100035 83 0
-100068 513 0
-100188 137 0
-100212 5 0
-100248 201326593 0
-100251 1056769 0
-100272 67108865 0
-100300 32802 0
-100380 7 0
-100420 2 0
-100488 101728257 0
-100528 67174400 0
-100620 4115 0
-100635 3 0
-100692 1 1 2797
-100752 67108865 0
-100771 8 0
-100780 2 0
-100804 1048840 0
-100872 100663297 1 467
-100899 16778241 0
-100956 8193 0
-101008 67141632 0
-101032 101187584 0
-101080 201326662 0
-101088 67108881 0
-101112 201326601 0
-101115 7 1 107
-101152 67109120 0
-101163 1 0
-101251 524352 0
-101332 8204 0
-101388 262181 0
-101476 128 0
-101643 33 0
-101728 67108904 0
-101763 1 1 3769
-101808 83886085 0
-101868 17 0
-101896 100671488 0
-101947 8388608 0
-102048 67108865 0
-102112 67108864 0
-102228 5 0
-102315 67 0
-102459 2085 0
-102552 201326593 0
-102592 67108868 0
-102627 5 1 181
-102675 1027 0
-102688 67108864 0
-102700 1048594 0
-102723 8388609 0
-102732 5 0
-102771 65 1 601
-102828 2121 0
-102880 67108866 0
-102955 32770 0
-102972 1 0
-103020 16777251 0
-103156 3104 0
-103180 131086 0
-103212 73729 0
-103275 35 0
-103288 201326592 0
-103300 2 1 1033
-103312 67108872 0
-103432 100663300 0
-103456 67190784 0
-103540 514 0
-103576 201326600 1 107
-103660 786434 0
-103675 282 0
-103692 1 0
-103708 8 0
-103728 67108865 0
-103744 67108864 0
-103795 2 0
-103800 201326595 1 173
-103860 3 1 577
-103912 100663808 0
-103948 16 0
-103968 67108929 0
-103995 3 1 2311
-104112 67108865 1 241
-104131 16777216 0
-104140 2050 0
-104200 100663298 1 521
-104292 1 1 2897
-104440 201326598 0
-104472 201326593 1 1451
-104595 67 0
-104652 97 0
-104691 1 0
-104748 4357 0
-104755 526342 0
-104788 131232 0
-104800 67108866 1 131
-104848 67108864 0
-104907 41 0
-105003 1 1 3889
-105112 201326596 0
-105147 5 1 1669
-105219 1 1 433
-105220 2 0
-105228 1049601 0
-105232 67108864 0
-105252 5 1 179
-105312 67108865 0
-105328 67109120 0
-105483 5 0
-105507 65 1 617
-105508 16 0
-105555 515 0
-105580 2 0
-105595 6 1 431
-105604 32 0
-105648 67371521 0
-105708 129 0
-105732 4194313 0
-105739 2048 0
-105820 1050 0
-105868 68 0
-105900 3 1 353
-105947 16384 0
-106132 16 1 157
-106155 7 1 337
-106288 67633172 0
-106299 513 1 127
-106324 64 0
-106347 1 0
-106395 2051 0
-106491 13 0
-106515 3 1 263
-106572 2097153 0
-106587 17 1 911
-106659 5 1 1693
-106800 71303171 0
-106920 100663307 0
-106971 1 1 181
-107044 4 0
-107068 262416 0
-107115 1027 0
-107140 10 0
-107155 258 0
-107200 67239938 0
-107212 4 1 547
-107272 100679816 0
-107352 201588741 0
-107412 1 0
-107440 68157474 0
-107464 117440580 0
-107475 3 1 1433
-107491 32 0
-107688 100663301 0
-107715 4099 0
-107848 100728880 0
-107859 1 1 157
-107892 1025 0
-107928 201326593 1 1499
-107968 67108868 0
-107980 2 0
-108035 2594 0
-108108 29 0
-108228 257 0
-108376 201327296 0
-108432 67108865 1 251
-108460 298 0
-108592 67108872 0
-108603 9 1 1097
-108648 100663297 1 503
-108652 128 0
-108675 135 0
-108688 67108864 0
-108811 0 1 233
-108964 0 0
-109068 65537 0
-109179 5 1 1733
-109332 1 1 3037
-109372 1024 0
-109459 68 0
-109488 67108865 0
-109624 201588736 0
-109636 0 0
-109683 5 1 1741
-109728 67108865 1 127
-109740 33283 0
-109755 3 1 271
-109848 201326721 0
-109900 6 1 157
-110011 524296 0
-110068 4 0
-110092 32 0
-110115 3 1 2447
-110187 16397 0
-110227 65552 0
-110371 1088 0
-110403 8449 0
-110475 3 1 491
-110532 65537 0
-110547 262145 1 173
-110560 67108866 0
-110572 12 0
-110740 6 1 113
-110800 67108866 1 277
-110851 16 0
-110883 129 0
-110896 67109120 0
-110987 2048 0
-111192 201328641 0
-111243 9 0
-111280 67108882 0
-111315 2051 0
-111408 67108873 0
-111555 132099 0
-111612 262145 0
-111619 128 1 211
-111628 36872 0
-111672 201334793 0
-111675 3 1 1489
-111748 20 0
-111780 131 0
-111792 67108897 0
-111795 259 0
-111904 67108880 0
-111915 3 1 829
-111923 32772 0
-111928 201326624 0
-112132 8388640 0
-112168 100663300 0
-112228 0 0
-112467 1 0
-112468 512 0
-112515 19 0
-112539 133 0
-112548 2097153 0
-112563 9 1 379
-112579 0 1 103
-112612 8192 0
-112632 201326673 0
-112699 0 1 251
-112744 100663328 0
-112803 65 0
-112912 67108864 0
-112968 100663297 1 523
-112972 65536 0
-112995 515 0
-113080 201326602 0
-113235 3 0
-113260 6 0
-113388 9 0
-113512 100663300 0
-113608 100663304 0
-113632 67256320 0
-113691 1 0
-113712 67108993 0
-113740 8202 0
-113800 100663298 1 569
-113808 67108865 0
-113836 0 1 149
-113848 201326660 0
-113872 67108872 0
-114016 67108868 0
-114075 19 0
-114147 9 1 1153
-114184 100663300 0
-114424 201326592 0
-114480 67125251 0
-114499 12 0
-114580 34 0
-114612 1 0
-114675 11 1 139
-114976 67108864 0
-114988 4194400 0
-115068 4097 0
-115187 0 1 229
-115299 129 1 557
-115395 7 1 157
-115492 16 0
-115564 0 1 167
-115579 2048 0
-115668 37 0
-115699 50176 0
-115728 67108865 0
-115780 6 0
-115908 17 0
-115992 201326593 1 179
-116019 1 1 4297
-116128 67108928 0
-116139 1 0
-116176 67125248 0
-116200 102760454 0
-116203 256 0
-116248 201326600 0
-116272 67112976 0
-116283 2097153 0
-116292 9 0
-116320 67108866 0
-116403 133 0
-116460 3 1 647
-116568 201326593 1 1619
-116592 67108869 0
-116656 67108992 0
-116728 201326592 0
-116748 8321 0
-116859 1 0
-116883 1041 0
-116920 202376194 0
-116955 131 1 113
-117072 67108865 1 271
-117083 0 1 191
-117112 201326592 0
-117132 4097 0
-117139 136 0
-117252 1 1 3257
-117280 67108866 0
-117292 294916 0
-117315 1048587 0
-117364 66576 0
-117379 0 1 107
-117436 40 0
-117579 13 0
-117580 2 0
-117588 2049 0
-117691 4260 0
-117700 10 1 107
-117720 201326595 1 109
-117819 16465 0
-117952 75497536 0
-117955 514 0
-118008 201326601 1 149
-118248 100663313 0
-118252 9248 0
-118276 0 0
-118371 41 0
-118443 17 0
-118512 67108865 1 823
-118588 128 0
-118636 68 0
-118947 513 0
-119020 10 0
-119091 16389 0
-119112 100663301 0
-119200 67108866 1 149
-119232 67108993 0
-119320 201326658 0
-119340 51 0
-119379 17 0
-119475 32771 0
-119547 1025 1 359
-119548 88 0
-119692 128 0
-119800 201326594 1 599
-119835 3 1 2663
-120040 100663298 0
-120088 201326624 0
-120195 3 1 2671
-120208 67108872 0
-120232 100663364 0
-120443 4096 0
-120448 67108864 0
-120475 1114114 0
-120483 9 1 1217
-120528 67109377 0
-120544 67108864 0
-120555 8259 0
-120651 1 1 131
-120652 516 0
-120675 3 1 1609
-120688 67108928 0
-120880 67108866 0
-120939 21 0
-121011 73 0
-121155 2051 0
-121179 513 0
-121240 201326598 0
-121251 17 0
-121272 201327105 0
-121315 66 0
-121323 1025 0
-121368 201326609 0
-121452 257 0
-121548 5 0
-121608 100663297 1 563
-121636 8192 0
-121720 201326626 0
-121771 368 0
-121851 1 1 4513
-121872 67108865 0
-121900 16514 0
-121912 201326596 1 311
-121923 705 0
-122059 24580 0
-122092 0 1 131
-122115 7 0
-122200 201334802 0
-122248 100697092 0
-122283 5 1 647
-122499 17 1 349
-122547 1 0
-122560 67108866 0
-122592 67108865 0
-122595 11 0
-122668 20 0
-122675 6 1 701
-122700 3 1 409
-122848 67108872 0
-122915 66066 0
-122928 67108881 0
-122956 32768 0
-123012 131105 0
-123019 16 0
-123075 3 1 547
-123088 67108868 1 157
-123099 1025 0
-123112 100663304 0
-123328 67119104 0
-123372 129 1 149
-123443 4718656 0
-123628 512 0
-123675 8388643 0
-123712 67108864 0
-123723 32769 1 233
-123739 12 0
-123747 81 0
-123792 67108865 0
-123808 67649536 0
-123820 2050 0
-123880 100663362 0
-123916 16 0
-123940 2 0
-124075 6 1 709
-124131 133 0
-124203 65 0
-124228 16 0
-124300 10 1 113
-124312 201328640 0
-124324 0 0
-124708 0 0
-124779 1 0
-124803 5 1 283
-124912 67109888 0
-124971 13 0
-125080 201375746 0
-125147 520 0
-125307 53 0
-125416 100728832 0
-125448 100663297 0
-125483 256 0
-125595 3 1 2791
-125632 67108880 0
-125652 1025 0
-125668 4194304 0
-125715 291 0
-125787 129 0
-125800 100664354 0
-125883 262145 1 197
-125987 32 0
-126027 131145 0
-126088 100663296 0
-126123 33 0
-126219 1 0
-126252 5 1 167
-126256 67108880 0
-126316 128 0
-126387 513 1 151
-126388 64 0
-126492 2097153 0
-126688 67109888 0
-126732 32769 0
-126808 201326600 1 131
-126828 17 1 271
-126987 5 0
-127072 67108936 0
-127152 67108865 1 883
-127155 7 1 173
-127180 2 0
-127288 201326596 0
-127587 262145 0
-127632 67108865 0
-127660 18 0
-127744 67108864 0
-127771 4 0
-127779 1 1 191
-127780 2 0
-127996 8 0
-128003 64 0
-128011 4112 0
-128020 1026 0
-128035 258 0
-128043 2049 1 347
-128115 524307 0
-128123 512 0
-128139 9 1 353
-128155 262210 0
-128163 37 0
-128172 9 0
-128200 100663298 1 641
-128235 2097155 0
-128371 16779776 0
-128427 4195345 0
-128443 32772 0
-128451 8193 0
-128547 129 0
-128548 4 0
-128620 32770 0
-128628 1 1 397
-128635 18 0
-128835 7 1 409
-128836 512 0
-128899 2097152 0
-128992 67109120 0
-128995 2 0
-129115 550 0
-129228 4194313 0
-129307 0 1 191
-129315 1027 0
-129352 100664512 0
-129363 529 0
-129472 67108900 0
-129619 4 0
-129700 2 1 1297
-129712 67239944 0
-129760 67108866 0
-129795 35 0
-129835 130 0
-129843 5 1 229
-129979 64 0
-130096 67117056 0
-130180 130 0
-130188 65 0
-130251 9 0
-130299 17 1 257
-130315 131074 0
-130323 1 0
-130347 5 1 2069
-130432 67108864 0
-130480 67108870 0
-130512 67108865 0
-130540 65538 0
-130572 529 0
-130600 100663298 1 653
-130608 67108865 1 907
-130635 3 1 2903
-130659 8388609 0
-130707 8193 1 103
-130755 131 0
-130788 5 1 173
-131008 71303296 0
-131043 73 0
-131187 5 0
-131320 201457670 0
-131352 201326609 0
-131355 7 1 139
-131392 67108864 0
-131427 33 1 859
-131440 67125762 0
-131488 67108868 0
-131532 8388609 0
-131595 515 0
-131635 6 0
-131659 8 0
-131747 33036 0
-131860 66 0
-131872 67108880 0
-132028 16 0
-132192 67108897 0
-132220 10 0
-132268 4096 0
-132328 100663332 0
-132400 67108866 1 331
-132435 3 1 109
-132580 6 0
-132627 9 0
-132675 65795 0
-132748 12 0
-133060 2 0
-133168 67111172 0
-133203 5 0
-133467 33 0
-133492 128 0
-133512 100663297 0
-133515 4227 0
-133552 67108896 0
-133672 100663820 0
-133683 9 0
-133923 1 0
-134067 131457 0
-134163 1 1 4969
-134260 6 1 137
-134320 67633282 0
-134379 1048581 0
-134388 1 1 3733
-134427 1 0
-134512 67108868 0
-134568 104857605 0
-134611 0 1 227
-134691 97 0
-134715 7 0
-134779 16384 0
-134835 20971523 0
-134843 8256 0
-134899 0 1 277
-135228 32769 0
-135312 67108865 0
-135355 138 0
-135387 5 1 307
-135468 278529 0
-135531 1033 0
-135532 512 0
-135580 2 0
-135640 201326594 0
-135648 67108865 1 157
-135675 131075 0
-135683 0 1 241
-135712 67108864 0
-135760 67108866 0
-135772 20 0
-135808 67108864 0
-136035 3 1 3023
-136107 262145 0
-136323 41 0
-136480 67108866 0
-136555 514 0
-136600 201326594 1 683
-136788 1 0
-136812 17 0
-136840 100663306 0
-136900 1026 0
-137032 100663300 0
-137067 65541 0
-137163 17 0
-137179 4 0
-137368 201326604 0
-137403 5 1 727
-137452 4 0
-137515 6 0
-137571 5 0
-137652 1 0
-137899 1024 0
-137992 100671488 0
-138051 1 1 5113
-138052 0 0
-138075 7 1 263
-138203 16 0
-138331 4096 0
-138340 2 0
-138348 65541 0
-138355 163846 0
-138387 1 1 163
-138468 9 0
-138472 100663360 0
-138475 258 1 191
-138603 8193 0
-138688 67108872 0
-138699 9 1 467
-138700 524354 0
-138787 1544 0
-138819 1 0
-138912 67108865 0
-138963 9 0
-139048 100663316 0
-139120 67118082 0
-139308 8273 0
-139347 17 1 397
-139587 165 0
-139612 72 0
-139651 0 1 359
-139692 5 0
-139752 100663297 1 647
-139792 67108864 0
-139848 100663297 0
-139932 145 0
-139995 65571 0
-140032 67108864 0
-140068 8388672 0
-140211 1 1 577
-140272 67108872 0
-140283 25 1 109
-140379 524289 0
-140547 9 0
-140592 83886337 0
-140763 5 0
-140872 100663296 0
-140899 8 0
-141075 75 0
-141115 18 1 167
-141232 75497492 0
-141412 0 0
-141460 10 0
-141603 13 0
-141723 257 1 181
-141832 100663296 0
-141912 201850881 0
-141928 100663296 1 113
-141987 24641 0
-141988 12 0
-142059 1 0
-142072 201363460 0
-142144 67108864 0
-142171 32 0
-142212 5 0
-142219 12 0
-142347 129 0
-142452 1 1 1319
-142528 67108896 0
-142587 1 1 5281
-142608 67108865 0
-142668 1 1 1321
-142755 515 0
-142803 6145 0
-142899 193 0
-142992 67108865 1 331
-143059 4 1 107
-143200 67108866 1 179
-143332 4 0
-143355 67 0
-143611 16 0
-143620 4098 0
-143883 524289 0
-143968 67108872 0
-144012 9 0
-144048 67108865 0
-144075 35 1 113
-144115 3138 0
-144172 68 0
-144232 100663304 1 149
-144331 8 0
-144352 67108880 0
-144363 1 0
-144467 524288 0
-144580 2 0
-144592 67108868 0
-144675 3 1 643
-144708 513 0
-144739 900 0
-144820 18 0
-144852 1 0
-144880 67108866 0
-144915 3 0
-144939 1 0
-144963 32789 0
-145107 129 1 701
-145168 67112960 0
-145528 201326592 0
-145539 1 2 103 157
-145552 67108872 0
-145563 9 1 401
-145912 201392272 0
-146043 1 1 601
-146112 67108865 0
-146188 132 0
-146224 67109968 0
-146308 1048576 0
-146452 10304 0
-146523 49 0
-146568 100663809 0
-146608 67108908 0
-146700 3 1 163
-146868 1 0
-146892 1 0
-146955 25165827 0
-146980 2 0
-147028 4227076 0
-147052 8388608 0
-147352 201326592 1 113
-147475 34 1 347
-147483 5 1 2341
-147499 16520 0
-147532 12 0
-147652 0 0
-147844 128 0
-147856 67108864 0
-147987 261 0
-148323 5 1 1009
-148515 3 0
-148540 6 0
-148555 525322 0
-148768 67108864 0
-148852 40 0
-148908 1 0
-148948 128 0
-149043 1 0
-149067 1 1 5521
-149107 36 1 179
-149163 5 0
-149188 80 0
-149272 201334784 0
-149283 8388673 0
-149332 1024 0
-149352 100663301 1 127
-149472 67108865 1 173
-149643 17 1 1279
-149680 67108866 0
-149688 201326605 0
-149748 1 0
-149920 67108866 0
-150139 8 0
-150220 1286 0
-150252 65 0
-150280 100663346 0
-150472 100663300 0
-150628 0 0
-150676 0 1 139
-150700 10 1 137
-150747 1 1 109
-150843 13 0
-150852 17 0
-150859 0 1 257
-151107 73 0
-151108 1024 0
-151443 1310721 0
-151467 257 0
-151572 33 0
-151600 67108866 1 379
-151635 11 0
-151732 4 0
-151848 100664385 0
-151888 67108872 0
-151900 518 0
-152355 7 0
-152368 71303168 0
-152392 100667392 0
-152483 0 1 139
-152643 526369 0
-152908 4100 0
-152980 2 0
-153220 8194 0
-153252 4105 0
-153315 3 1 3407
-153328 67109892 0
-153387 209 0
-153595 50 0
-153748 100 0
-153772 1024 0
-153792 71303169 0
-153840 67108867 0
-153867 37 0
-153868 24 0
-153892 1048576 0
-153952 67108896 0
-154108 32768 0
-154155 4099 0
-154179 1025 1 463
-154212 262145 0
-154483 260 0
-154672 67108868 0
-154675 130 1 269
-154848 67108865 0
-154900 2 1 1549
-154947 273 0
-155115 3 1 383
-155128 201326592 0
-155235 1048579 0
-155268 65 1 227
-155380 34 0
-155523 8193 0
-155547 5 1 823
-155572 4194496 0
-155628 9 1 131
-155659 1028 0
-155800 201328706 0
-155899 8704 0
-155968 67108864 0
-155971 64 0
-156132 1 1 4337
-156291 32769 0
-156352 67108868 0
-156387 13 0
-156507 17 0
-156528 67108865 1 1087
-156675 3 1 2089
-156772 12 0
-157060 2 0
-157075 65538 1 103
-157312 67108864 0
-157435 1154 0
-157488 67108897 0
-157528 209715460 0
-157648 67141632 0
-157707 32777 0
-157768 100666384 0
-157843 4 0
-157852 131648 0
-157947 97 0
-158179 32772 0
-158260 2050 0
-158275 18 1 487
-158355 163 0
-158368 83886084 0
-158379 529 0
-158412 4097 0
-158523 16385 0
-158572 256 0
-158712 201326625 0
-158715 3 1 3527
-158800 67108866 1 397
-158860 8210 0
-158944 67108864 0
-159003 17 1 151
-159075 16777223 0
-159123 33537 0
-159139 0 1 233
-159148 8 0
-159160 201326722 0
-159208 100663300 0
-159268 256 0
-159300 32771 0
-159328 67108880 0
-159355 262 0
-159555 11 0
-159691 4 1 3259
-159715 34 0
-159747 5 0
-159952 67108880 0
-160048 67108868 0
-160083 13 0
-160084 512 0
-160132 4164 0
-160288 67108864 0
-160347 4105 0
-160395 1059 0
-160588 64 0
-160699 12 0
-160780 2 0
-160960 67108866 0
-161200 67109394 0
-161308 4 1 823
-161352 102760449 0
-161427 5 0
-161595 71 0
-161800 100663298 1 809
-161835 3 0
-162003 1 0
-162052 264 0
-162075 3 1 2161
-162100 2 1 1621
-162108 1048641 0
-162232 201326596 0
-162259 0 1 211
-162403 128 1 307
-162675 3 1 241
-162747 17 1 107
-162763 2114560 0
-162768 67108865 0
-162820 6 0
-162979 32 0
-162987 9 1 449
-162988 4 0
-163051 4 0
-163155 524291 0
-163188 1 1 1511
-163315 4194306 0
-163360 67108866 0
-163395 3 1 3631
-163408 67108868 0
-163552 67108928 0
-163579 16 0
-163648 67108864 0
-163723 68 0
-164032 67108872 0
-164083 1180160 0
-164091 2097153 0
-164131 4104 0
-164140 258 0
-164152 201588768 0
-164224 67108864 0
-164448 67108865 1 571
-164547 8193 1 389
-164608 67108864 0
-164659 8 0
-164712 100663297 0
-165075 262659 0
-165172 36 0
-165268 1048576 0
-165432 201392129 0
-165832 100663360 0
-165928 100663300 0
-165963 5 1 1129
-166051 8192 0
-166075 524310 0
-166252 4194304 0
-166288 67108928 0
-166323 1 0
-166411 4 0
-166420 16386 0
-166443 1 1 109
-166563 513 1 199
-166692 257 0
-166840 209719298 0
-166852 16809988 0
-166939 0 1 139
-167011 272 0
-167115 19 0
-167187 129 0
-167211 9 1 563
-167371 192 0
-167388 1297 0
-167427 16401 0
-167523 65 0
-167643 5 1 887
-167668 0 1 167
-167931 8193 1 397
-168232 100663328 0
-168267 9 0
-168268 33408 0
-168363 17 1 1439
-168387 3073 0
-168408 201326593 1 2339
-168475 130 1 293
-168627 1 0
-168652 8 0
-169068 524289 0
-169128 100663553 0
-169155 7 1 179
-169195 82 0
-169291 4608 0
-169323 13 0
-169332 1 1 103
-169372 132 0
-169395 131 0
-169548 262145 0
-169648 67108992 0
-169675 10 1 617
-169708 332 0
-169803 65 1 331
-169939 12 0
-169995 7 0
-170080 67108866 0
-170131 144 0
-170235 8388627 0
-170275 6 1 139
-170307 1 2 127 149
-170328 201334785 0
-170571 1 0
-170659 0 1 157
-170800 67174406 0
-171075 3 1 2281
-171088 67109920 0
-171243 16385 1 359
-171312 69210113 0
-171315 8195 0
-171340 18 0
-171387 1 2 137 139
-171472 67108868 0
-171483 17 0
-171715 65538 0
-171723 1 0
-171915 524291 0
-171952 67108872 0
-172048 67108864 0
-172060 6 0
-172107 17 1 1471
-172315 26 0
-172659 131073 0
-172683 5 1 2741
-172692 2065 0
-172708 0 0
-172720 67108898 0
-172768 67108864 0
-172792 201326592 0
-172827 1025 1 173
-172852 1048576 0
-173020 2050 0
-173068 4 1 883
-173152 67108868 0
-173259 641 0
-173380 2 0
-173475 3 1 257
-173547 9 1 1753
-173595 262147 0
-173932 163848 0
-173980 2 0
-174075 11 1 211
-174112 67108864 0
-174363 197 0
-174387 1 0
-174472 100663296 1 113
-174640 67142658 0
-174675 35 1 137
-174955 10 0
-175035 7 0
-175092 1 0
-175099 128 1 331
-175203 5 1 103
-175315 6 0
-175531 0 1 257
-175651 132 0
-175828 0 1 113
-175883 64 0
-175912 100663304 0
-175947 1 1 223
-176035 98 0
-176152 209715200 0
-176187 73 0
-176203 8320 0
-176283 1 1 6529
-176652 5 1 701
-176688 67108865 1 409
-176740 2 0
-176787 17 1 1511
-176859 4097 1 457
-176968 100663304 0
-177003 262145 1 277
-177028 0 0
-177355 1048578 0
-177627 1 0
-177640 100663298 0
-177675 131 1 103
-177772 4 1 907
-178171 4 0
-178227 2181 0
-178368 67108865 0
-178480 75497602 0
-178528 67108868 0
-178563 13 0
-178872 201326849 0
-178948 2097164 0
-179008 67108864 0
-179395 2 0
-179403 5 0
-179428 512 0
-179452 308 0
-179515 134 0
-179788 4 0
-180112 67108864 0
-180315 3 1 4007
-180387 33 1 131
-180460 6 0
-180507 1 0
-180552 100663297 0
-180580 2 0
-180700 18 1 139
-180843 17 0
-180979 262144 0
-181192 100925704 0
-181195 518 0
-181512 100663297 1 2521
-181552 67108868 0
-181587 5 0
-181588 8 0
-181675 4114 0
-181812 1 1 109
-182008 201326592 0
-182268 2162689 0
-182427 524325 0
-182512 67174440 0
-182611 24 0
-182632 100664320 0
-182707 4100 0
-182715 19 0
-182763 5 1 967
-182883 1 0
-183012 16777217 0
-183027 81 0
-183148 516 0
-183195 32899 0
-183220 2 0
-183267 5 1 2909
-183352 201332752 0
-183427 8454656 0
-183475 2050 1 179
-183723 8193 0
-183748 262144 0
-183843 9 1 619
-184072 100663364 0
-184107 13 0
-184132 16 0
-184228 1064968 0
-184587 17 0
-184603 32 0
-184780 2 0
-184972 0 1 131
-184987 131080 0
-185068 16 0
-185128 101187584 0
-185368 201335072 0
-185508 1 1 5153
-185523 393233 0
-185668 68 0
-185728 67108864 0
-185812 2056 0
-185859 1 2 107 193
-186027 32769 0
-186123 5 0
-186403 516 0
-186483 9 0
-186867 1 1 769
-187012 4 0
-187072 68158464 0
-187168 67108864 0
-187180 6 1 191
-187252 16 1 277
-187300 2 1 1873
-187312 67108992 0
-187443 32769 1 353
-187467 1048581 0
-187915 32790 0
-188115 3 0
-188512 67112960 0
-188595 11 1 127
-188635 514 0
-188787 1 0
-188812 16 0
-188848 67110152 0
-188899 4224 0
-189028 4100 0
-189088 67108928 0
-189123 9 1 521
-189275 131074 1 113
-189283 65792 0
-189379 2560 0
-189387 9 1 1913
-189435 524291 0
-189499 262176 0
-189627 513 0
-189739 8200 0
-189772 72 0
-189931 4100 0
-190288 67108868 0
-190587 16778273 0
-190780 2 0
-190828 8 0
-191035 18 0
-191092 16781320 0
-191128 201326596 0
-191163 5 0
-191368 100663360 0
-191667 5 0
-191752 100663304 0
-191872 67108864 0
-192003 2053 0
-192075 19 1 197
-192148 8 1 397
-192163 32768 0
-192208 67110912 0
-192712 100663344 0
-193108 128 0
-193347 525 0
-193348 0 0
-193467 1 0
-193552 67108864 0
-193579 32800 0
-193635 19 1 331
-193692 1 0
-193843 1552 0
-193888 69730304 0
-193987 32 0
-194128 67108872 0
-194188 4096 0
-194272 67108880 0
-194275 66 1 409
-194307 1 1 239
-194368 67108864 0
-194427 65 1 379
-194628 5 1 331
-194635 2228230 0
-194868 1 1 5413
-194979 1 1 103
-195003 8193 1 461
-195472 67108928 0
-195723 9 1 659
-195748 4 0
-195987 9 0
-196428 1 0
-196435 34 0
-196883 303104 0
-196891 0 1 401
-196912 67109376 0
-196939 256 0
-196987 4 1 107
-197043 13 0
-197068 64 0
-197163 65 1 1153
-197323 4 1 4027
-197547 133 0
-197548 272 0
-197667 1 1 7321
-197712 67108865 1 1373
-197715 7 1 269
-197787 1 0
-197800 100667522 0
-197883 5 1 349
-198003 17 0
-198088 100663304 0
-198163 4 0
-198291 1 1 157
-198363 9 0
-198387 139269 0
-198531 4161 0
-198595 2 0
-198619 2097152 0
-198627 25 0
-198675 3 1 883
-198795 259 0
-198963 1 1 7369
-199003 4 0
-199048 100663296 1 139
-199192 201326596 0
-199348 69696 0
-199467 1025 1 599
-199507 12 0
-199587 1 0
-199600 67108866 1 499
-199803 1 0
-199908 1 1 617
-199948 1028 0
-200403 5 1 3181
-200419 256 0
-200475 11 0
-200848 67108864 0
-200907 5 1 1063
-201028 256 0
-201091 16777224 0
-201115 524610 0
-201160 100671490 0
-201195 35 1 263
-201243 1029 0
-201283 4608 0
-201292 1048596 0
-201448 100663312 1 149
-201580 2 0
-201688 201326624 0
-201700 2 1 2017
-201859 4 0
-201883 8 0
-201952 67108864 0
-202288 67117056 0
-202315 4098 0
-202323 9 0
-202395 3 1 103
-202528 67108864 0
-202563 262145 1 317
-202587 13 0
-202675 131082 0
-202723 1024 0
-202728 100663297 0
-202948 0 1 113
-203032 201328640 0
-203155 2050 0
-203163 1 1 241
-203203 284 0
-203512 201326592 0
-203611 1024 0
-203632 71303192 0
-203715 3 1 503
-203835 3 1 107
-203988 4194305 0
-204075 3 1 907
-204232 100663300 1 521
-204267 262149 0
-204388 1024 0
-204568 201326612 0
-204612 32801 0
-204912 67108865 1 1423
-205123 2048 0
-205195 2 0
-205219 68 0
-205227 9 1 691
-205315 10 0
-205408 67108868 1 131
-205459 128 0
-205528 201326720 0
-205683 1057 0
-205720 201327618 0
-205912 201326596 0
-205923 2097153 0
-206011 16528 0
-206200 201326594 1 1031
-206308 0 0
-206515 2 1 103
-206668 65548 0
-206851 65536 0
-206955 524295 0
-206995 2 0
-207040 67108866 0
-207232 67108864 0
-207603 9 1 233
-207832 203423744 0
-207859 32 0
-207907 4 1 4243
-208035 131203 0
-208075 2310 0
-208219 136 0
-208275 3 1 2777
-208408 201326592 1 109
-208492 8192 0
-208603 0 1 337
-208675 34 1 491
-208707 524289 0
-208840 100663426 0
-208912 67108872 0
-208915 8198 0
-208923 25 0
-209092 16 0
-209115 3 1 1549
-209308 393224 0
-209395 2 0
-209763 33 1 457
-210123 1025 1 631
-210235 66 0
-210307 4194336 0
-210427 132 0
-210483 21 1 257
-210688 67108864 0
-210772 1048960 0
-211099 16388 0
-211203 513 1 757
-211227 1 1 181
-211248 67108865 1 163
-211432 100663376 0
-211563 9 1 2137
-211660 66 0
-211947 20993 0
-211987 32768 0
-212155 2 1 151
-212763 1 0
-212787 263169 0
-213052 4 1 1087
-213123 65 0
-213147 9 1 2153
-213235 10 0
-213355 262146 0
-213640 100663302 1 109
-213643 16640 0
-213712 67109952 0
-213787 4 1 4363
-214008 201327617 0
-214372 0 0
-214468 0 0
-214552 201326608 0
-214627 4 0
-214792 100663296 0
-214843 128 0
-214923 513 0
-215035 258 0
-215163 17 1 613
-215187 5 0
-215227 0 1 137
-215307 8193 1 509
-215392 67125248 0
-215763 49281 0
-216027 5 1 127
-216595 2 0
-216603 2049 1 587
-216763 266240 0
-216835 34 0
-216987 1 1 151
-217107 4137 0
-217155 515 0
-217228 8 0
-217347 17 0
-217443 1 0
-217651 33316 0
-217683 131137 0
-218283 273 0
-218779 8 0
-218835 3 1 1621
-219043 8 0
-219115 18 0
-219163 4 1 131
-219328 67108992 0
-219355 66 0
-219412 64 0
-219640 201326690 0
-219675 16777475 0
-219748 0 1 137
-219915 3 1 181
-219928 201327616 0
-220467 17 0
-220563 5 1 389
-220627 520 0
-220675 8388630 0
-220707 1 2 137 179
-220795 2 0
-221307 262145 0
-221395 2 0
-221643 1 1 8209
-221860 2 0
-221907 5 0
-222003 33 1 1451
-222100 2 1 2221
-222112 67108872 0
-222267 4097 0
-222315 3 0
-223027 4 1 151
-223083 5 1 3541
-223108 32 1 193
-223195 6 1 911
-223203 8193 0
-223468 132 0
-223587 21 0
-224008 100663296 0
-224035 1030 0
-224235 11 1 151
-224932 16384 0
-225003 1 1 179
-225075 3 1 3001
-225115 10 0
-225379 12 0
-225472 67108880 0
-225603 5 1 3581
-225723 131073 0
-225867 1 0
-226048 67108864 0
-226192 67239936 0
-226395 4115 0
-226528 67108864 0
-226752 67108865 0
-227283 1048581 0
-227788 520 0
-227923 0 1 317
-228043 0 1 457
-228123 262181 0
-228235 6 0
-228355 2 1 109
-228363 1 1 163
-228403 131076 0
-228592 67108884 0
-228712 100663432 0
-228915 3 1 5087
-228963 5 0
-228988 192 0
-229075 46 0
-229203 17 1 653
-229392 67141633 0
-229531 4194304 0
-229795 2 0
-229828 0 0
-230035 18 0
-230043 9 0
-230092 67712 0
-230275 65538 1 151
-230995 2 0
-231088 83886104 0
-231147 5 1 1223
-231267 1 1 127
-231363 2121 0
-231499 0 1 181
-231715 10 1 383
-231795 16777251 0
-232192 67108864 0
-232227 73729 0
-232299 16385 1 487
-232435 262 0
-232827 5 0
-232852 128 0
-232915 1026 0
-232939 4 1 107
-233059 128 0
-233248 67109888 0
-233307 1 1 8641
-234667 65536 0
-235467 97 0
-235627 2052 0
-235683 4357 0
-235843 0 1 181
-236163 1 0
-236395 2 0
-236548 16 0
-236632 201326600 0
-236643 17039369 0
-236667 1 0
-236728 201326592 1 127
-236763 1049601 0
-237003 32785 0
-237259 8 0
-237507 33 0
-237523 24 1 151
-237643 36 0
-237667 0 1 271
-237843 129 1 383
-238051 131176 0
-238075 4194306 1 107
-238275 3 1 353
-238315 14 0
-238660 2 0
-238912 67108864 0
-238947 129 0
-239248 67108928 0
-239283 9 1 2417
-239323 4 1 179
-239572 16777216 0
-239787 2097153 1 107
-240363 33 1 1571
-240595 2 0
-240787 448 0
-240832 67387392 0
-241035 3 0
-241587 33 1 1579
-241675 6 1 1381
-241683 17 0
-242092 256 0
-242155 66 0
-242403 8388645 0
-242608 67141632 0
-242707 0 1 163
-242715 11 0
-243067 72 0
-243243 29 0
-243427 0 1 229
-243483 1 1 277
-243532 0 1 107
-244132 4 0
-244192 67108880 0
-244435 2097730 0
-244528 67109664 0
-244588 8192 0
-244627 4096 0
-244723 16777216 0
-244827 9 1 2473
-245035 6 0
-245092 262144 0
-245403 65537 1 149
-245883 9 0
-245923 512 0
-246075 35 1 193
-246355 258 0
-246387 1 0
-246568 100664356 0
-246883 20 0
-246915 33283 0
-247435 264226 0
-247492 4 0
-247515 259 0
-247555 14 0
-248403 513 0
-248523 41 0
-248539 64 1 103
-248620 514 0
-248812 32 0
-248955 7 0
-249267 1 0
-249832 100663336 0
-249988 0 0
-250003 16 0
-250075 6 1 1429
-250203 1 0
-251043 2065 0
-251427 73 0
-251428 0 1 239
-251587 4 1 127
-252172 128 0
-252211 0 1 179
-252571 8 0
-252595 6 1 1031
-253323 5 1 4021
-253603 4 0
-254059 16 0
-254787 8209 0
-255088 67108864 1 107
-255123 9 1 859
-255595 8389154 0
-255643 0 1 151
-255952 67108896 0
-256048 67108880 0
-256323 4097 0
-256468 8388608 0
-256507 0 1 179
-256600 201326594 1 1283
-257068 4 0
-257563 0 1 181
-257632 77594624 0
-257779 1024 0
-258003 1 2 109 263
-258115 90 0
-258267 193 0
-258307 4 0
-258483 1 0
-258523 0 1 419
-258987 1 1 131
-259267 16777248 0
-259315 518 0
-259347 265 0
-259732 8 0
-259843 0 1 197
-260115 3 0
-260548 16384 0
-260800 67108866 1 163
-261027 8388753 0
-261508 8208 0
-262035 3 1 647
-262347 1 1 157
-262579 8388608 0
-262603 8 0
-262683 8321 0
-263131 72 0
-263299 0 1 251
-263307 17825801 0
-263547 4097 1 227
-263755 290 0
-263908 32 0
-263971 128 1 499
-264147 17 1 521
-264355 2097174 0
-264523 17028 0
-264955 66 0
-265075 130 1 461
-265203 1048577 1 373
-265588 131072 0
-265627 128 0
-265948 32 0
-266128 67108864 0
-266227 16 0
-266467 1048576 0
-266707 4 1 5443
-267067 16384 0
-267355 10 0
-267675 2101251 0
-268147 72 0
-268192 67109152 0
-268515 51 0
-268603 131136 0
-268675 10 1 977
-269203 8 0
-269443 524288 0
-269467 40 1 131
-269787 261 0
-270328 201326592 0
-270355 2 1 139
-270427 4160 0
-270643 0 1 241
-270907 20 1 229
-270979 0 1 233
-271243 4 0
-271888 67108864 0
-271915 38 0
-272155 1064978 0
-272980 2 0
-273267 257 1 349
-273483 5 1 1447
-273603 9 0
-274227 97 0
-274443 529 0
-274528 67108992 0
-274827 133 0
-275163 5 0
-275395 2 0
-275403 1 0
-275443 68 1 109
-275907 1 0
-275995 34 1 191
-276075 3 1 409
-276483 129 0
-276595 8202 0
-276627 2065 0
-277123 98316 0
-277348 0 0
-277587 129 1 149
-278272 67108864 0
-278419 0 1 433
-278427 1 0
-278692 64 1 193
-278908 4 1 1423
-280347 161 0
-280555 10 0
-280912 75497472 0
-281163 1057 0
-281323 4 0
-281515 327698 0
-281523 73 0
-281547 2053 1 109
-281587 0 1 193
-282547 256 0
-283515 2051 0
-283563 5 1 643
-283675 6 1 1621
-283803 81 0
-283963 0 1 443
-284043 524289 0
-284067 5 1 167
-284443 65536 0
-284848 67108928 0
-284947 144 0
-284971 32 0
-285147 32769 1 179
-285352 100679680 0
-285363 17 1 271
-285475 66 1 601
-285747 13 0
-286027 260 0
-286099 520 0
-286203 1 0
-286363 12 0
-287155 138 0
-287227 0 1 349
-288387 9 1 971
-288451 32768 0
-288523 0 1 109
-288619 0 1 397
-289347 4097 0
-289363 128 1 547
-289755 8195 1 137
-289947 5 0
-290563 532 0
-290763 4194313 0
-291067 4100 0
-291787 0 1 431
-291907 44 0
-292315 98 0
-292587 33 0
-292675 130 1 509
-292923 65 1 571
-293092 8192 0
-293395 2 0
-293547 1 0
-293587 4 0
-293707 0 1 139
-293787 529 0
-295075 1290 0
-295443 33 1 1931
-295563 2097153 0
-295579 32 0
-295603 12 1 349
-295723 524288 0
-295827 5 0
-295947 8388609 1 113
-296107 4 1 6043
-296275 6 1 1693
-296395 42 0
-296667 37 1 277
-296803 1048624 0
-297115 22 0
-297928 100663296 1 167
-299035 10 0
-299392 67108864 0
-299467 4 1 179
-300435 3 0
-300448 67110912 0
-300523 64 0
-300643 260 0
-301147 12 0
-301515 3 0
-302163 8193 0
-302187 1 1 263
-302947 0 1 491
-303088 67108928 0
-303163 132 1 269
-303867 65 1 1777
-303963 65545 0
-304003 4 1 137
-304803 278529 0
-304923 1 0
-304963 32 0
-305515 4358 0
-305908 512 0
-306243 5 1 4861
-306867 41 0
-307027 132 0
-307195 131078 0
-307675 514 1 397
-307827 17 1 877
-309115 2 1 211
-309187 64 0
-309307 8192 0
-309747 1 1 223
-310083 2049 0
-310563 9 1 3137
-310843 16 0
-311083 288 0
-311248 67108868 1 397
-311283 65541 0
-311467 8388688 0
-312763 8 0
-313083 4097 1 809
-313315 2 1 223
-313443 8273 0
-313963 16 0
-314307 5 1 1663
-314803 4096 0
-314923 4 1 6427
-315043 0 1 311
-315088 67117056 0
-315403 16392 0
-315568 67108872 1 163
-315715 2 1 233
-315723 321 0
-315763 1048580 0
-315835 4114 0
-316075 8194 1 269
-316275 3 1 4217
-316803 1 0
-316843 131072 0
-316948 1081376 0
-317452 64 0
-317608 100664576 0
-317803 0 1 199
-317947 16388 0
-319083 532993 0
-319195 2 0
-319467 2097153 0
-320275 130 1 557
-320523 5 0
-320728 201334784 0
-320827 1424 0
-320835 524291 0
-321003 1 1 1321
-321043 65600 0
-321595 2 0
-321643 4 0
-321843 262145 0
-322315 6 0
-322483 132 0
-323635 18 1 383
-324027 9 1 1091
-324115 2359306 0
-324307 16640 0
-325867 0 1 229
-326227 8200 0
-326307 1 0
-326692 147584 0
-327523 262148 0
-327643 0 1 103
-327748 0 0
-328267 0 1 463
-328867 12 0
-329443 32 0
-329707 132164 0
-330003 1025 1 991
-330075 3 1 163
-330115 2 1 103
-330507 1 1 12241
-330835 2 1 127
-331195 2 0
-331387 4 1 6763
-331563 1048577 0
-331627 0 1 401
-331732 0 1 239
-332067 262145 0
-332347 36864 0
-333403 4 0
-333643 0 1 557
-335043 1 1 12409
-335827 0 1 499
-335883 1 1 103
-336147 5 0
-336172 0 1 229
-336928 67108864 0
-337027 16384 0
-337227 9 1 929
-337267 4 1 6883
-337603 36 0
-337987 16 0
-338067 65 1 659
-338188 32768 0
-338827 96 0
-339955 14 0
-340048 67125248 0
-340747 8 0
-340915 2050 0
-341187 13 1 211
-342883 2048 0
-343107 131073 1 569
-343387 16968 0
-344667 1 0
-344908 128 1 163
-345283 0 1 487
-346432 67108864 0
-346507 32772 0
-347347 28 0
-348595 530 0
-348868 16 0
-349243 1024 0
-349627 0 1 211
-349987 8 0
-350163 9 1 131
-350883 17 1 2999
-352363 8 1 103
-352627 8 0
-352723 2052 0
-353763 129 1 1709
-353827 131072 0
-354355 2 1 131
-354603 33 1 409
-354715 65538 0
-354963 5 0
-355107 1 0
-355147 48 0
-356427 4097 1 307
-357043 655360 0
-357988 512 0
-358915 130 0
-359307 2098193 0
-359443 4 0
-360403 0 1 383
-360952 201326592 0
-361075 16777242 0
-361243 4608 0
-362083 32864 0
-362539 64 0
-362763 33 1 2371
-363283 256 0
-363603 65 0
-363907 64 1 107
-364288 67108864 0
-365563 8 1 167
-365787 8388609 1 419
-365827 12 0
-366067 272 0
-367387 32 0
-367483 2048 0
-368467 6216 0
-368883 33 1 2411
-369187 20 0
-370612 8 0
-376315 524290 0
-376363 48 1 131
-376443 1 2 151 277
-377083 4 1 103
-377587 100 0
-378427 4 1 7723
-378763 12 0
-379075 32770 1 257
-380403 524289 1 193
-380587 512 0
-381483 262145 1 199
-382075 802 0
-382123 1048580 0
-382243 2048 0
-382387 0 1 389
-386347 16 1 113
-386787 513 0
-388627 0 1 569
-389587 8 1 107
-389995 2 0
-390483 4097 1 1009
-390667 0 1 227
-391267 64 0
-391435 10 1 647
-392043 1 0
-392107 0 1 241
-392683 32 0
-392907 1 0
-394003 4194368 0
-394267 20480 0
-394387 4 1 103
-397467 5 1 701
-400075 18 1 1231
-400603 4 1 151
-400843 524384 0
-400915 2 1 181
-402523 5256 0
-402787 12 0
-402907 2560 0
-402963 9 0
-403723 0 1 487
-404107 40 0
-404275 2 2 103 157
-405307 4 0
-406987 16388 0
-407443 8192 0
-407467 0 1 277
-408067 8 0
-409003 36 1 491
-409363 0 1 419
-412867 20 1 349
-414472 100663296 1 103
-414715 2086 0
-415027 0 1 173
-415843 1024 0
-417307 32776 0
-418195 2 0
-418443 16777217 0
-418723 40960 0
-419035 4098 0
-419587 4 1 8563
-422643 17 0
-423523 81920 0
-423787 20 0
-423907 4194312 0
-423963 33 1 163
-424963 12 0
-425635 6 0
-426283 24 1 271
-427747 8256 0
-428275 1026 1 463
-429307 0 1 331
-431347 4 1 8803
-433387 8192 0
-434707 52 0
-435523 40 1 137
-435667 2097408 0
-435715 32774 0
-435843 1048577 1 613
-435955 82 0
-436795 2 0
-438883 0 1 103
-441963 1 1 16369
-442915 10 0
-443083 512 0
-444283 4 1 9067
-445075 66 1 937
-445963 4 0
-446308 0 0
-447052 524288 0
-448435 18 0
-448723 72 1 113
-451867 16 0
-452827 64 0
-453523 131076 0
-455323 278536 0
-458395 6 1 1871
-461203 32768 0
-462235 2 1 193
-462763 4 0
-463723 16 0
-465355 10 0
-466627 4194308 1 107
-467107 128 1 883
-472843 516 0
-477115 1026 0
-479227 4 1 223
-482035 16418 0
-484507 1048576 0
-486067 8388608 0
-486187 16 1 149
-487747 48 0
-491107 262144 0
-491275 4098 1 457
-493075 10 1 163
-493707 1 0
-496507 8 0
-496563 1 1 103
-501403 2097156 0
-502747 4 0
-504835 514 0
-505723 4160 0
-505747 136 0
-507427 0 1 557
-508123 12 0
-508467 1 0
-509587 16 0
-510283 64 1 107
-510843 8193 0
-511795 2 0
-513643 16 0
-514483 0 1 401
-518035 2118 0
-519547 132 1 461
-520723 4 1 10627
-520843 0 1 701
-521515 1026 0
-522307 128 0
-523147 0 1 541
-524563 16 0
-525883 139264 0
-528523 64 0
-535483 48 0
-536827 512 0
-539092 0 1 307
-545083 12 0
-545227 2097152 0
-545323 0 1 587
-546403 24 0
-548683 0 1 373
-551707 1552 0
-561283 0 1 149
-564883 4194312 0
-565987 49152 0
-573643 132 1 509
-574267 0 1 557
-576067 0 1 449
-579307 1048576 0
-583867 0 1 131
-585187 4608 0
-592243 0 1 227
-594763 16 0
-595483 8388612 0
-597787 16384 0
-600667 69632 0
-600763 32 0
-611227 512 0
-614035 2 1 227
-614947 2097664 0
-621307 4096 0
-629227 2048 1 103
-632587 32 1 127
-634243 262144 0
-648715 130 0
-656755 10 0
-672547 0 1 487
-672763 20 0
-673003 384 0
-676267 64 0
-680227 4194304 0
-697027 0 1 251
-701803 4160 0
-703627 320 0
-711547 1024 0
-712387 16 0
-717403 16777216 0
-750523 0 1 463
-757003 16 0
-790483 32 0
-802267 0 1 103
-816187 2080 0
-833827 8192 1 113
-901363 0 1 563
-947923 256 0
