-204239 4 2 163 179
-230159 2138112 0
-242879 52 1 157
-251999 520 1 739
-271871 2112 1 349
-282359 76 1 193
-287111 4104 1 607
-289799 32 1 17047
-290615 50 1 263
-301871 2097152 1 3637
-310151 0 2 193 1607
-312935 6 1 8941
-315215 130 1 2741
-317231 256 1 10939
-321719 0 2 433 743
-328559 44 1 251
-329615 26 1 461
-342095 82 1 277
-348215 6 1 9949
-349391 263236 0
-350471 8 2 151 211
-352079 540692 0
-396215 2 2 109 727
-406223 1024 1 10979
-407159 163840 1 103
-436103 131200 1 283
-440591 64 1 23189
-450695 1048582 1 163
-457391 4104 1 967
-459695 2 1 91939
-464015 16418 1 103
-466655 131078 1 199
-470063 8 2 151 283
-485327 0 2 317 1531
-500135 130 1 4349
-507143 20 1 5573
-510407 0 2 157 3251
-516671 8192 1 10993
-519935 82 1 421
-523127 72 1 2503
-529079 8192 1 11257
-532511 4 2 127 599
-552503 4 1 78929
-553223 72 1 2647
-555599 16392 1 953
-561679 4194304 1 6311
-578351 0 2 211 2741
-588887 8388624 1 467
-592823 12 1 7699
-594824 67108864 1 74353
-623636 131088 1 179
-637415 34 1 7499
-645551 0 2 229 2819
-666263 16400 1 967
-666815 2 2 193 691
-670967 8 2 181 337
-674423 1048576 1 8537
-678527 0 2 229 2963
-679079 64 2 103 347
-684164 32784 1 223
-686804 0 2 103 1667
-689191 0 2 131 5261
-690023 192 1 1579
-691943 4 1 98849
-696344 33556488 1 193
-697295 2 1 139459
-700999 16 1 53923
-709316 0 2 383 463
-712724 65664 1 127
-712879 1024 1 19267
-712943 8204 1 197
-713207 136 1 2819
-714935 50 1 647
-724103 0 2 359 2017
-725183 512 2 149 157
-726671 520 1 2131
-728567 8389892 0
-730415 2054 1 509
-741623 131072 1 11069
-760655 6 2 103 211
-766007 2097160 1 839
-776984 33554960 1 241
-778711 128 1 33857
-779303 4 2 163 683
-787591 32772 1 1907
-791015 2 2 281 563
-792335 2 2 107 1481
-795704 33554452 1 1093
-796007 16512 1 653
-801031 16777228 1 103
-801455 1048578 1 2029
-806564 136 1 797
-810596 1024 1 5477
-813271 0 2 271 3001
-813391 16384 2 103 149
-813799 4 1 116257
-816335 82 1 661
-820004 256 1 7069
-820295 134 1 1019
-825044 40 1 1103
-834647 136 1 3299
-841759 0 2 379 2221
-849863 4 2 167 727
-851396 20 1 2339
-853399 512 1 27529
-853639 0 2 193 4423
-856367 2048 1 20887
-856376 33554432 2 167 641
-864344 33554448 1 8311
-883007 0 2 179 4933
-886943 0 2 199 4457
-890456 33554436 1 15901
-899087 4356 1 103
-899783 262592 0
-901727 1024 1 24371
-903524 256 1 7789
-904676 0 1 226169
-909476 0 2 271 839
-910040 33554434 1 22751
-910399 4 1 130057
-917924 4 1 32783
-920207 128 1 40009
-929144 34083840 0
-929876 512 1 7499
-931796 0 2 281 829
-934583 132368 0
-934964 2048 1 5701
-936271 32772 1 2267
-939383 0 2 281 3343
-940964 0 1 235241
-944615 6 2 137 197
-944984 33554496 1 6217
-954404 8 2 109 199
-957176 34078728 1 149
-963236 0 2 257 937
-965384 67108868 1 17239
-970727 32768 1 16453
-976916 0 2 283 863
-984751 64 1 51829
-987431 0 2 109 9059
-988244 32 1 14533
-998360 33554442 1 2269
-999335 2 2 269 743
-1003460 2 2 131 383
-1003487 256 1 34603
-1004036 72 1 1201
-1007447 4100 1 3347
-1011503 64 2 139 383
-1012964 0 2 157 1613
-1012991 8196 1 3079
-1013204 512 1 8171
-1018127 8 1 92557
-1020439 4 1 145777
-1034120 67108866 2 103 251
-1034276 0 1 258569
-1037156 256 1 8941
-1039703 36 1 8737
-1047416 33554432 1 130927
-1052504 33816608 1 109
-1057784 33554452 1 1453
-1061351 32768 1 17989
-1061543 4 2 139 1091
-1069796 20 1 2939
-1070264 33556496 1 251
-1072484 4 1 38303
-1073576 67108932 1 1009
-1074356 0 2 337 797
-1075823 4 1 153689
-1076783 2048 1 26263
-1077944 33554436 1 19249
-1090004 0 2 379 719
-1090376 67108868 1 19471
-1091183 256 2 191 197
-1093160 67108866 1 27329
-1094936 44040224 0
-1099016 67108896 1 8081
-1107655 258 1 7639
-1114856 69730432 0
-1118663 84 1 647
-1121204 132 1 1741
-1124815 130 1 9781
-1125503 1088 1 1601
-1126004 8 2 157 163
-1130063 72 1 5407
-1132136 67117056 1 3011
-1132820 18 1 4357
-1144855 2 2 401 571
-1145239 16777632 0
-1146680 33554434 2 109 263
-1149199 16384 1 21683
-1150583 2116 1 211
-1150895 16797698 0
-1151695 2 1 230339
-1151959 0 2 619 1861
-1159823 4 2 223 743
-1165940 8388610 1 601
-1166276 0 1 291569
-1169719 2097184 1 829
-1171583 516 1 5399
-1176404 192 1 673
-1177039 4608 1 883
-1179415 2 2 139 1697
-1185476 0 1 296369
-1187156 0 2 449 661
-1189111 12 1 15443
-1189880 33554434 2 151 197
-1191524 0 1 297881
-1192279 8 2 283 383
-1194404 0 1 298601
-1195640 33816578 1 421
-1195847 2048 1 29167
-1196036 0 2 103 2903
-1205144 33554432 2 199 757
-1205924 0 2 103 2927
-1209956 8 2 107 257
-1211384 33554432 1 151423
-1215535 18874626 0
-1215896 33556488 1 337
-1216855 66 1 12809
-1219412 32768 1 5167
-1219844 0 1 304961
-1222711 4 1 174673
-1223396 0 1 305849
-1225736 83889152 0
-1228916 16 1 23633
-1230991 131136 1 967
-1232936 67108864 2 229 673
-1234727 1072 1 151
-1237591 0 2 593 2087
-1243735 2050 1 6067
-1244807 4096 1 28949
-1245416 67110912 1 3797
-1246856 67108944 1 631
-1250447 584 1 193
-1255159 576 1 2131
-1256744 67109120 1 5417
-1267076 0 1 316769
-1275524 0 1 318881
-1286815 34 1 15139
-1288159 0 2 349 3691
-1288735 6 1 36821
-1290740 10 1 5867
-1291823 16 1 99371
-1296980 2 1 64849
-1297988 0 1 324497
-1300664 33558592 1 199
-1304744 67108996 1 1013
-1305767 1024 1 35291
-1306951 1024 1 35323
-1307684 4 1 46703
-1310767 0 2 127 10321
-1312615 2114 1 337
-1318616 33554960 1 409
-1318855 2 2 191 1381
-1320271 1056 1 2099
-1323476 12 1 4297
-1324904 67141636 1 401
-1330231 4 2 307 619
-1330639 4194304 1 14951
-1332308 0 2 251 1327
-1334495 2 1 266899
-1336127 1048592 1 1301
-1336676 40 1 1787
-1337215 2058 1 593
-1343156 0 2 409 821
-1345519 4 2 167 1151
-1346327 0 2 127 10601
-1349540 2 1 67477
-1349719 4 1 192817
-1356823 98576 0
-1359944 67109056 1 389
-1361720 33587202 1 577
-1362031 8 1 123821
-1362584 33558560 1 233
-1363607 2097156 1 2347
-1369268 0 2 151 2267
-1373455 514 1 8861
-1373495 802818 0
-1377899 8256 1 1543
-1382468 1024 1 9341
-1382719 16 1 106363
-1394228 8 1 31687
-1394420 2 2 113 617
-1399364 0 1 349841
-1407908 0 2 383 919
-1416260 66 1 3727
-1417111 0 2 953 1487
-1420484 32784 1 463
-1421924 4100 1 1181
-1422680 33554438 1 5081
-1424024 33587204 1 431
-1430180 4098 1 1663
-1432063 32 1 84239
-1435640 33554498 1 1889
-1445156 8192 1 7687
-1447364 0 2 487 743
-1453967 131072 1 21701
-1455572 0 2 167 2179
-1457423 8200 1 2819
-1458983 0 2 619 2357
-1461031 56 1 601
-1461655 18 2 113 199
-1462916 20 1 4019
-1463432 67108864 1 182929
-1470440 67108866 1 36761
-1471172 128 1 15991
-1473491 0 2 491 3001
-1475864 33554576 1 617
-1476055 6 2 181 233
-1476164 2048 1 9001
-1478599 32832 1 1319
-1478996 8192 1 7867
-1479320 33554946 1 1193
-1480856 33554704 1 491
-1483556 32 1 21817
-1483691 584 1 229
-1491140 6 1 10651
-1497524 1048580 1 677
-1498904 33554440 1 17033
-1499684 1024 1 10133
-1500212 4 2 131 409
-1501231 0 2 251 5981
-1501976 33554436 1 26821
-1502264 34603008 1 2377
-1506596 20 1 4139
-1510148 0 1 377537
-1515656 67117312 1 139
-1516451 32 1 89203
-1521559 16 1 117043
-1521919 68 1 11443
-1522499 65544 1 2269
-1529551 0 2 331 4621
-1529684 144 1 1279
-1532660 2 2 197 389
-1533727 16 1 117979
-1533767 20480 1 673
-1536260 10 1 6983
-1538264 33554452 1 2113
-1549379 16 1 119183
-1549711 0 2 139 11149
-1550216 67108864 2 107 1811
-1555880 75497474 1 401
-1556744 67108868 1 27799
-1556792 33554464 1 11447
-1556840 67108866 1 38921
-1557188 0 1 389297
-1563080 67108994 1 1699
-1565071 4128 1 2141
-1568264 67108864 1 196033
-1570484 0 2 197 1993
-1577423 0 2 227 6949
-1579519 4096 2 109 337
-1580839 16 2 277 439
-1581704 67108864 1 197713
-1587224 33554432 2 199 997
-1589924 4 1 56783
-1591691 2097152 2 127 151
-1593944 33587208 1 307
-1595492 0 2 149 2677
-1597615 131138 1 251
-1598276 0 2 463 863
-1598984 67108864 1 199873
-1599428 4128 1 547
-1600543 4 2 373 613
-1601636 0 1 400409
-1602535 10 1 29137
-1606591 4 2 283 811
-1612856 35651588 1 347
-1619411 0 2 293 5527
-1624904 67108992 1 8831
-1626056 67108864 2 439 463
-1631215 2 2 107 3049
-1634756 0 1 408689
-1635080 67110914 1 997
-1635944 67109024 1 523
-1637671 4 2 179 1307
-1637924 0 2 271 1511
-1638199 64 2 151 571
-1639028 16777216 1 4057
-1644055 6 2 107 439
-1648052 262148 1 829
-1650439 4 2 137 1721
-1651016 67117056 1 4391
-1654292 64 1 21767
-1657379 131328 1 853
-1657727 256 1 57163
-1658696 67110928 1 389
-1660447 0 2 859 1933
-1664239 0 2 193 8623
-1664360 67108866 1 41609
-1665524 36 1 3499
-1665992 67113216 1 167
-1671079 0 2 109 15331
-1672571 8392704 1 401
-1676456 67108864 2 367 571
-1679876 524296 1 523
-1686299 0 2 113 14923
-1686515 32770 1 5717
-1687711 0 2 107 15773
-1691972 16512 1 347
-1698104 33554432 2 233 911
-1698404 0 1 424601
-1701860 2 1 85093
-1702340 8194 1 1811
-1702568 67108868 1 30403
-1704884 4194304 1 4789
-1707871 40 1 9133
-1709215 1026 1 9239
-1709540 6 1 12211
-1712948 4224 1 433
-1715240 67108866 2 137 313
-1715719 524352 1 1237
-1721060 10 1 7823
-1728152 41943072 1 131
-1729471 2228224 1 311
-1729655 81922 1 107
-1733096 67108992 1 9419
-1734740 6 1 12391
-1737727 32768 1 29453
-1738135 16390 1 937
-1739191 128 1 75617
-1740356 0 2 311 1399
-1741115 8706 1 239
-1745144 33554432 1 218143
-1745540 2 1 87277
-1747880 67109890 1 1181
-1747927 0 2 787 2221
-1752299 1050624 1 541
-1752980 2 1 87649
-1757215 16450 1 349
-1758151 0 2 131 13421
-1758728 67108864 2 191 1151
-1759316 144 1 1471
-1760132 8 2 109 367
-1760504 33554432 1 220063
-1761716 8 1 40039
-1762739 8 2 191 839
-1763695 2 1 352739
-1765508 8192 1 9391
-1766504 67109408 1 419
-1769359 0 2 271 6529
-1769939 131072 1 26417
-1770452 0 2 499 887
-1771940 66 1 4663
-1774999 64 2 103 907
-1775071 262272 1 1087
-1775384 33558544 1 397
-1775815 1282 1 331
-1779140 10 1 8087
-1779271 10485808 0
-1782583 8 1 162053
-1784183 4194304 1 20047
-1784264 67108864 2 271 823
-1786724 0 2 421 1061
-1788260 2 1 89413
-1790815 18 1 27551
-1802291 0 2 163 11057
-1802504 67108872 1 20483
-1806596 72 1 2161
-1810424 33554444 1 2939
-1810484 1040 1 941
-1811096 33554436 1 32341
-1817060 6 1 12979
-1817204 0 2 149 3049
-1818452 262208 1 337
-1818847 8388640 1 1103
-1820215 1026 1 9839
-1820516 0 2 463 983
-1821416 67109056 1 521
-1831976 73400832 0
-1836020 2 1 91801
-1836983 262144 1 25873
-1837784 33556496 1 431
-1841252 68 1 3461
-1843711 20480 1 809
-1846927 2048 2 107 421
-1848703 0 2 1109 1667
-1853336 37748800 1 137
-1855447 8 1 168677
-1855711 88 1 683
-1857572 65664 1 331
-1859492 4160 1 569
-1862695 2 1 372539
-1864639 4720644 0
-1867615 2 2 199 1877
-1871396 0 2 199 2351
-1874948 0 1 468737
-1877048 33570880 1 233
-1878919 8196 1 5711
-1880911 1048832 1 821
-1882088 67108880 1 18097
-1886420 2 1 94321
-1887055 135170 1 131
-1890199 8192 2 131 307
-1897832 67174400 1 3889
-1898888 67108864 1 237361
-1900447 32 1 111791
-1901108 8 1 43207
-1906879 16 1 146683
-1908847 0 2 347 5501
-1909019 4 1 272717
-1913656 33554464 1 14071
-1915999 131072 1 28597
-1920971 16 2 107 1381
-1923464 67108864 1 240433
-1923895 2 1 384779
-1925911 16 1 148147
-1926596 2097156 1 829
-1926847 336 1 269
-1927207 0 2 1249 1543
-1928431 262144 2 157 173
-1928599 2080 1 2767
-1938152 67110976 1 311
-1941428 0 2 569 853
-1945160 67108870 1 6947
-1946983 524288 2 149 179
-1947416 33554432 2 229 1063
-1948567 512 2 239 263
-1951208 67108868 1 34843
-1951379 1048608 1 1453
-1951495 22 1 4289
-1951544 33554436 1 34849
-1952959 1081344 1 419
-1956680 67108874 1 4447
-1956751 1057312 0
-1957448 67109920 1 389
-1959368 67108864 2 257 953
-1964215 262154 1 503
-1966292 8192 1 10459
-1967887 64 1 103573
-1970180 130 1 4283
-1970888 67108864 1 246361
-1972856 33554432 1 246607
-1975556 32776 1 761
-1975571 16 1 151967
-1977899 44 1 1511
-1982036 262148 1 997
-1984040 67108866 2 193 257
-1984303 64 2 181 577
-1986487 128 1 86369
-1987544 33554704 1 659
-1989620 16386 1 1877
-1989812 2056 1 1103
-1992596 0 2 151 3299
-1994420 2 1 99721
-1996580 2 1 99829
-1997288 67109120 1 8609
-1998439 64 2 107 983
-2001391 644 1 401
-2001971 32 1 117763
-2003108 0 1 500777
-2004020 8388610 1 1033
-2005460 2 2 197 509
-2006036 4096 2 107 109
-2006264 50331664 1 191
-2007224 33554464 1 14759
-2017979 2099200 1 593
-2020808 83953664 0
-2024228 0 2 199 2543
-2027527 0 2 947 2141
-2030695 9453570 0
-2032499 4 2 103 2819
-2034212 128 1 22111
-2035508 64 1 26783
-2036084 0 2 151 3371
-2037943 32 2 313 383
-2042756 0 2 463 1103
-2042948 2048 1 12457
-2047940 2 1 102397
-2048287 0 2 137 14951
-2051540 131074 1 1531
-2053016 33619972 1 601
-2057959 0 2 193 10663
-2061511 16777216 1 20411
-2069624 33554432 1 258703
-2072744 67108864 2 109 2377
-2077183 2304 1 1747
-2080436 1024 1 14057
-2083256 33554436 1 37201
-2087911 4 2 379 787
-2088079 4 2 317 941
-2088463 16 1 160651
-2089183 576 1 3547
-2090936 35790848 0
-2093348 655360 1 107
-2095499 4 1 299357
-2096215 10 1 38113
-2100919 131072 1 31357
-2104399 8 2 113 1693
-2104495 2 1 420899
-2105156 0 1 526289
-2105540 2 1 105277
-2105983 8 1 191453
-2106260 18 1 8101
-2108840 67108866 1 52721
-2108996 256 1 18181
-2109560 33554562 1 2293
-2109611 2097156 1 3631
-2112287 64 2 107 1039
-2118895 2 1 423779
-2121535 18 2 127 257
-2121560 33554438 1 7577
-2122328 33554448 1 20407
-2122808 35651712 1 139
-2123156 4 2 191 397
-2124296 67108864 2 131 2027
-2125331 16 1 163487
-2127895 14 1 5527
-2131256 33554464 1 15671
-2138024 67633156 1 523
-2139080 67125250 1 1009
-2140159 2052 1 7457
-2140484 0 2 239 2239
-2142596 1536 1 467
-2144168 67125264 1 389
-2146756 262144 1 7559
-2148536 34078736 1 283
-2149735 38 1 3613
-2158136 33555584 1 317
-2160248 33554432 1 270031
-2160415 131074 1 6449
-2161735 2097154 1 5209
-2162411 0 2 1181 1831
-2163299 262144 1 30469
-2164567 0 2 433 4999
-2166223 0 2 631 3433
-2166404 512 1 17471
-2168095 162 1 1109
-2168120 33685506 1 809
-2171071 8196 1 6599
-2176280 33556482 1 1327
-2179652 65536 1 8933
-2184296 67108896 1 16061
-2184728 33554452 1 3001
-2189047 68 2 109 151
-2189816 33554432 1 273727
-2190020 6 1 15643
-2190068 0 2 163 3359
-2194580 2 2 197 557
-2196059 655360 1 449
-2197352 67108896 2 107 151
-2197592 34357248 0
-2201791 0 2 661 3331
-2203220 2 1 110161
-2203316 16448 1 547
-2204024 33554432 1 275503
-2207768 33572864 1 127
-2210335 65538 1 7247
-2215619 4 2 307 1031
-2216911 2048 2 139 389
-2218571 131072 1 33113
-2227592 67108864 2 307 907
-2228744 67108868 1 39799
-2229668 4 1 79631
-2236808 67141636 1 677
-2238968 50331680 1 163
-2239448 33554432 2 157 1783
-2239688 67109384 1 821
-2241535 34 1 26371
-2242772 4 2 173 463
-2242820 2 2 127 883
-2244991 4 1 320713
-2247419 0 2 829 2711
-2249720 33554442 1 5113
-2250463 131072 1 33589
-2252360 67108874 1 5119
-2252671 1024 2 107 569
-2254903 4 2 131 2459
-2254904 37748736 1 3167
-2256392 67108992 1 12263
-2258296 33554432 1 282287
-2258839 8913160 0
-2259476 0 2 503 1123
-2262035 2 2 389 1163
-2262515 2 2 107 4229
-2263135 6 1 64661
-2267492 65536 1 9293
-2267624 67108864 2 137 2069
-2267864 33554432 2 197 1439
-2273095 1034 1 1117
-2275208 67108880 2 131 167
-2275259 4100 1 7559
-2276516 520 1 1669
-2277967 64 2 113 1061
-2280260 2 1 114013
-2280515 514 1 14713
-2281028 0 2 461 1237
-2281592 33554432 1 285199
-2282888 67109056 1 653
-2283620 2 2 227 503
-2283812 16777216 1 5653
-2286127 8192 2 127 383
-2289371 4 2 251 1303
-2298740 34 1 6761
-2299160 33554434 2 229 251
-2300564 4 1 82163
-2302664 67108884 1 3163
-2307539 16 2 139 1277
-2308952 33554432 2 397 727
-2310376 67125248 1 5449
-2312579 0 2 199 11621
-2314952 67108864 1 289369
-2316296 67108864 2 139 2083
-2316644 1032 1 1423
-2319607 4325376 1 389
-2320744 67108864 2 139 2087
-2321480 67108870 1 8291
-2321684 131072 1 8663
-2324084 4 1 83003
-2326436 68 1 4373
-2327455 65554 1 587
-2329255 131106 1 409
-2330383 65672 1 151
-2331752 67110912 1 7109
-2333095 2 1 466619
-2335124 524296 1 727
-2338691 2097216 1 1483
-2339215 130 1 20341
-2339887 8 2 281 757
-2340692 81920 1 181
-2342219 262152 1 2999
-2342660 2 1 117133
-2343848 67109392 1 727
-2344216 33556484 1 1021
-2345335 131074 1 7001
-2346884 32 1 34513
-2349035 262162 1 509
-2349976 33554432 2 157 1871
-2350088 67141648 1 383
-2351204 256 1 20269
-2351531 20 1 25841
-2352419 0 2 1063 2213
-2352488 67108864 2 157 1873
-2359736 33554464 1 17351
-2360120 33554438 1 8429
-2360312 33554432 1 295039
-2363048 68157440 1 3739
-2363192 33554960 1 733
-2365567 32 2 227 613
-2367295 6 2 239 283
-2370731 8 1 215521
-2379476 2056 1 1319
-2384551 8454672 0
-2386324 96 1 1847
-2386735 524306 1 503
-2387459 1056768 1 643
-2387492 128 1 25951
-2388404 4194304 1 6709
-2389112 33554472 1 1597
-2390984 67117056 1 6359
-2392235 132098 1 193
-2392739 0 2 389 6151
-2393771 128 2 199 523
-2395015 2054 1 1669
-2400836 0 2 229 2621
-2405096 67108928 1 15823
-2406131 20 2 137 193
-2407496 67108884 1 3307
-2412179 12 1 31327
-2412212 524296 1 751
-2413355 16390 1 1301
-2413543 8 2 313 701
-2414036 4194304 1 6781
-2414095 2 1 482819
-2417192 67108864 2 467 647
-2420660 10 1 11003
-2421611 0 2 571 4241
-2423623 0 2 311 7793
-2425831 1024 1 65563
-2430055 258 1 16759
-2430824 67109000 1 1201
-2431183 64 2 199 643
-2432167 131584 1 1171
-2432647 3162116 0
-2434619 136 1 9623
-2436223 262144 1 34313
-2437063 0 2 1297 1879
-2437067 0 2 349 6983
-2437640 67108866 2 149 409
-2438596 1024 1 16477
-2440580 2 1 122029
-2442920 67108866 2 157 389
-2444372 4 1 87299
-2444552 67108872 1 27779
-2447144 71303172 1 491
-2448131 1048644 1 233
-2448659 512 1 78989
-2450455 16390 1 1321
-2456852 64 1 32327
-2457572 16 2 167 283
-2459215 65546 1 733
-2459651 40960 1 887
-2460436 8 2 199 281
-2463016 67126272 1 157
-2464979 136 1 9743
-2465191 262144 1 34721
-2465287 8 2 271 827
-2465771 524 1 1033
-2466751 100 1 1091
-2467807 0 2 113 21839
-2471396 128 1 26863
-2471732 32 2 163 223
-2474599 256 1 85331
-2480852 8 1 56383
-2486036 68 1 4673
-2486708 4 1 88811
-2486771 4 2 563 631
-2487812 512 1 20063
-2491508 64 1 32783
-2494135 6 1 71261
-2498888 67108868 1 44623
-2502299 4096 1 58193
-2505031 0 2 229 10939
-2505380 2 1 125269
-2512196 0 1 628049
-2519963 10485760 1 313
-2520596 16 1 48473
-2522647 32 2 179 829
-2522839 72 1 12071
-2524595 386 1 757
-2528708 20 1 6947
-2530303 0 2 283 8941
-2530451 32780 1 557
-2530567 16 1 194659
-2531503 1104 1 277
-2533855 2 2 659 769
-2534287 8196 1 7703
-2534699 32768 1 42961
-2536015 2 2 491 1033
-2537096 67108864 2 103 3079
-2538776 33555200 1 353
-2541299 256 1 87631
-2541908 288 1 1289
-2542952 75497728 1 113
-2544491 0 2 509 4999
-2547487 1536 1 2221
-2548091 20 1 28001
-2551796 528 1 1583
-2552215 16386 1 9631
-2554040 33685506 1 953
-2555695 34 2 107 281
-2557735 34 1 30091
-2559176 67108864 1 319897
-2559295 2 1 511859
-2560532 2064 1 1201
-2560568 33554432 2 263 1217
-2561588 0 2 401 1597
-2564024 34603008 1 4057
-2568644 8208 1 1051
-2573671 131072 2 107 359
-2574308 2056 1 1427
-2576579 65536 1 42239
-2582671 16777236 1 281
-2583956 2101248 1 181
-2584139 0 2 773 3343
-2588531 520 1 7591
-2590423 8 1 235493
-2592968 67108932 1 2437
-2592980 18 1 9973
-2593160 67108866 2 241 269
-2595032 33555464 1 797
-2595251 16512 1 2129
-2597335 530 1 1289
-2597540 10 1 11807
-2597720 50331650 1 643
-2602564 32 1 38273
-2602691 1044 1 773
-2604260 32770 1 2207
-2607076 0 1 651769
-2607080 67108870 1 9311
-2607236 0 1 651809
-2609695 138 1 2063
-2612939 4 2 283 1319
-2613007 128 2 103 1103
-2613103 256 1 90107
-2617571 2170888 0
-2618324 16777216 1 6481
-2619035 66050 1 277
-2619943 0 2 349 7507
-2622367 8 1 238397
-2627359 132 1 16319
-2630263 524288 2 137 263
-2632091 12 1 34183
-2632516 65536 1 10789
-2637943 12 1 34259
-2640055 138 1 2087
-2640452 4194304 1 7417
-2640680 67108870 1 9431
-2646692 0 1 661673
-2647255 18 2 139 293
-2649655 2 2 331 1601
-2651960 33554434 2 167 397
-2653063 4 1 379009
-2654891 0 2 619 4289
-2655007 0 2 311 8537
-2656615 146 1 1777
-2658488 33554692 1 1637
-2659576 33554432 1 332447
-2660363 0 2 109 24407
-2663695 2 1 532739
-2664932 0 1 666233
-2667343 4 2 463 823
-2670899 12 1 34687
-2671879 4 1 381697
-2673032 67239936 1 4987
-2675551 8388608 1 27583
-2675672 33554944 1 10789
-2677268 262152 1 857
-2677859 524288 1 36683
-2678552 33554432 2 113 2963
-2679635 6 1 76561
-2681551 0 2 227 11813
-2682296 33554432 2 233 1439
-2682851 0 2 947 2833
-2683208 67108872 1 30491
-2685179 4 2 179 2143
-2685535 2 2 151 3557
-2685608 67113984 1 211
-2688511 4 2 239 1607
-2689144 33554432 1 336143
-2690660 6 1 19219
-2691320 33619970 1 1103
-2695859 0 2 173 15583
-2695927 272 1 7151
-2696792 33554436 1 48157
-2698340 2 1 134917
-2701268 64 1 35543
-2703752 67108864 1 337969
-2704052 16 2 149 349
-2706779 2048 2 107 617
-2707327 1028 1 10453
-2711720 67108874 1 6163
-2713091 0 2 1553 1747
-2713988 4608 1 509
-2714527 0 2 151 17977
-2715140 2 1 135757
-2716340 10 1 12347
-2717051 131072 2 107 379
-2717479 0 3 107 109 233
-2720132 16777216 1 6733
-2720648 67108932 1 2557
-2722568 67108864 1 340321
-2723912 67141888 1 199
-2725139 2097152 1 32833
-2725615 130 2 137 173
-2726599 0 2 823 3313
-2727127 65616 1 181
-2731940 130 1 5939
-2735047 4 1 390721
-2738360 33554466 1 4027
-2744143 524288 1 37591
-2744456 67108888 1 2399
-2745512 67108876 1 4457
-2745919 32776 1 4231
-2748011 260 1 13537
-2750767 0 2 151 18217
-2753764 16 1 52957
-2756408 33554432 2 127 2713
-2756612 0 2 271 2543
-2757320 67109122 1 2377
-2759363 0 2 631 4373
-2764532 0 2 193 3581
-2770456 33554480 1 1567
-2774219 4784132 0
-2774888 67141632 1 5879
-2774915 26 1 3881
-2775491 8192 1 59053
-2778020 6 1 19843
-2779748 0 2 439 1583
-2780191 8192 2 149 397
-2781127 0 2 653 4259
-2782424 33556512 1 499
-2783339 16 2 251 853
-2788855 2 2 541 1031
-2789047 0 2 127 21961
-2789828 0 1 697457
-2790020 2 1 139501
-2792791 64 1 146989
-2798216 67108864 2 257 1361
-2798695 2 1 559739
-2799247 8 2 397 641
-2805131 16388 1 7561
-2805668 0 1 701417
-2805895 1282 1 523
-2808884 80 1 2843
-2813747 65536 2 193 239
-2815268 96 1 2179
-2815643 0 2 677 4159
-2824744 67108880 2 157 173
-2827592 67108864 2 571 619
-2829515 16777234 1 431
-2829851 65664 1 2017
-2829943 2176 1 3001
-2830207 512 1 91297
-2830211 32 2 229 727
-2833960 67108866 1 70849
-2833988 0 1 708497
-2836328 67108872 2 167 193
-2837656 34082816 1 113
-2842952 67108868 1 50767
-2844967 1056 1 4523
-2847140 2 1 142357
-2849720 33554434 2 191 373
-2850296 33554432 1 356287
-2860232 67117056 1 7607
-2862692 68 1 5381
-2864360 83886082 1 709
-2864744 67117120 1 401
-2866259 8 1 260569
-2866735 2 2 151 3797
-2868212 0 2 449 1597
-2868488 67108868 2 181 283
-2868635 14 1 7451
-2872744 67112964 1 1193
-2876651 0 2 191 15061
-2877415 130 2 131 191
-2877992 67108880 1 27673
-2881931 2064 1 5407
-2882335 2 2 269 2143
-2882648 33554432 2 193 1867
-2884616 67108868 1 51511
-2885540 6 1 20611
-2886212 4 1 103079
-2889908 260 1 3559
-2890015 2 2 137 4219
-2895299 8 1 263209
-2896760 33554434 2 139 521
-2899112 67108896 1 21317
-2900699 8192 1 61717
-2900863 100 1 1283
-2903819 128 2 251 503
-2904295 2 1 580859
-2907736 34078736 1 383
-2908711 16 1 223747
-2910131 4 2 439 947
-2910967 0 2 127 22921
-2913127 4 2 281 1481
-2917220 2 1 145861
-2917508 65544 1 1087
-2920015 70 1 4391
-2920088 42221568 0
-2921023 132 1 18143
-2925011 65536 1 47951
-2927444 80 1 2963
-2928184 33554436 1 52289
-2928539 544 1 5557
-2937035 2050 1 14327
-2938664 67108992 1 15971
-2939108 0 2 191 3847
-2939795 2 1 587959
-2941412 256 1 25357
-2942660 6 1 21019
-2943092 266240 1 241
-2943956 0 2 277 2657
-2945240 33554690 1 2539
-2949992 67108864 2 283 1303
-2951627 4 1 421661
-2952776 67108864 1 369097
-2953447 260 1 14549
-2954996 8 2 239 281
-2955439 16384 1 55763
-2959423 0 2 1531 1933
-2960215 130 1 25741
-2964223 8388608 1 30559
-2964463 266240 1 971
-2966915 6 2 103 823
-2967944 67108868 1 52999
-2968292 0 1 742073
-2968388 0 2 317 2341
-2972036 256 1 25621
-2973827 32 1 174931
-2973971 28 1 2971
-2975480 34078722 1 1019
-2976872 71304192 1 113
-2977139 4194312 1 3041
-2980388 256 1 25693
-2980663 524356 1 307
-2983135 2 2 251 2377
-2983460 2 1 149173
-2985128 67110976 1 479
-2989844 24 1 5227
-2990116 0 1 747529
-2992139 2240 1 167
-2993432 33554448 2 107 269
-2998355 2 2 521 1151
-2998760 67174402 1 1229
-3002696 67108992 1 16319
-3003611 48 1 13591
-3007015 10 1 54673
-3007172 4 2 211 509
-3007688 68157440 1 4759
-3008651 16384 1 56767
-3010259 4 2 457 941
-3018452 32 1 44389
-3019876 0 1 754969
-3020411 262208 1 2239
-3020939 1024 1 81647
-3021188 128 1 32839
-3023960 33554466 1 4447
-3024967 8200 1 5851
-3025403 0 2 373 8111
-3027587 4096 2 181 389
-3027620 2 1 151381
-3027812 128 1 32911
-3027976 67108868 2 139 389
-3030683 4096 1 70481
-3031688 67117064 1 733
-3032051 8 1 275641
-3032647 2144 1 229
-3034712 33554560 1 16493
-3035732 4 2 181 599
-3036583 2056 1 6733
-3043028 1280 1 709
-3043259 0 2 829 3671
-3046255 262146 1 8581
-3049423 16 1 234571
-3049460 34 1 8969
-3049988 256 1 26293
-3051844 256 1 26309
-3052735 6 1 87221
-3052807 0 2 547 5581
-3056215 2 2 223 2741
-3058855 32770 1 10369
-3060395 18 2 197 239
-3061615 34 2 181 199
-3062743 64 2 331 487
-3064135 2050 1 14947
-3064712 67108868 1 54727
-3065699 32788 1 571
-3067112 67108864 2 151 2539
-3067624 67108868 1 54779
-3069476 8448 1 563
-3071407 1120 1 257
-3075080 67141634 1 1303
-3075416 33554496 1 20233
-3076760 33554434 1 76919
-3077263 32772 1 7451
-3083171 52 1 1993
-3085604 0 1 771401
-3088040 67108866 1 77201
-3088376 33554432 1 386047
-3095048 67108872 1 35171
-3096920 33554434 2 139 557
-3098287 8192 1 65921
-3101503 64 2 239 683
-3103331 2060 1 983
-3104344 33587200 1 6577
-3109604 133120 1 283
-3112040 67108866 1 77801
-3113407 8 2 383 739
-3113636 0 1 778409
-3115259 32836 1 397
-3115979 4194304 2 157 223
-3116996 0 1 779249
-3118687 24 2 113 193
-3118739 16 2 127 1889
-3118760 67108866 1 77969
-3126184 67108928 2 131 157
-3130040 33554466 1 4603
-3132644 8256 1 877
-3133124 0 2 397 1973
-3133423 4194400 1 109
-3133691 8 1 284881
-3135764 0 2 317 2473
-3136879 0 2 233 13463
-3138536 67108864 2 149 2633
-3139183 0 2 227 13829
-3145112 33554560 1 17093
-3147179 68 1 23663
-3149531 12 1 40903
-3150920 67109890 1 2129
-3157015 262146 1 8893
-3158315 2 2 233 2711
-3158363 16 2 127 1913
-3165727 256 2 173 631
-3165823 0 2 1487 2129
-3168872 67371012 1 797
-3169352 67109184 1 719
-3171812 4 1 113279
-3178340 10 1 14447
-3178520 33554434 2 229 347
-3178567 68 1 23899
-3180196 0 2 263 3023
-3181928 71305216 1 109
-3182036 24 1 5563
-3183496 67108864 2 383 1039
-3183908 20 1 8747
-3184451 4096 2 103 719
-3184984 33554472 1 2129
-3191023 8 2 139 2087
-3191864 33562640 1 653
-3195967 131072 1 47701
-3196996 8 2 113 643
-3197099 0 2 523 6113
-3199567 2097156 1 5507
-3199988 8 1 72727
-3205591 0 2 1193 2687
-3206660 130 1 6971
-3207971 144 1 10729
-3211352 33555072 1 563
-3211832 37748752 1 347
-3213572 0 1 803393
-3214088 67108896 1 23633
-3216872 67108992 1 17483
-3217039 1028 1 12421
-3218627 32800 1 3209
-3219007 8 2 353 829
-3220216 33554432 1 402527
-3221027 0 2 311 10357
-3222196 0 2 541 1489
-3223652 0 1 805913
-3223807 0 2 307 10501
-3223832 34603008 1 5101
-3232019 4 1 461717
-3232520 67108866 2 211 383
-3232712 67108868 1 57727
-3233192 71303232 1 239
-3233503 20 1 35533
-3234724 0 1 808681
-3239863 8 2 313 941
-3241864 67108864 2 311 1303
-3243463 524288 2 157 283
-3244052 4 1 115859
-3244376 33554432 2 307 1321
-3244744 67108928 1 21347
-3246155 10 1 59021
-3246779 32 2 331 577
-3251915 2306 1 547
-3254504 67109384 1 1193
-3258904 33554696 1 1277
-3258968 33554976 1 773
-3258971 262144 2 197 233
-3259927 32776 1 5023
-3260383 260 1 16061
-3260792 33554432 1 407599
-3261544 67108888 1 2851
-3262628 0 2 103 7919
-3262936 33587712 1 223
-3263960 33554438 1 11657
-3265139 1312 1 179
-3268820 2 2 137 1193
-3269828 0 1 817457
-3274687 16 2 109 2311
-3277331 4096 2 199 383
-3278335 32770 1 11113
-3278852 2048 1 19993
-3280388 96 1 2539
-3283687 136 1 12979
-3284315 34 1 38639
-3285428 0 2 163 5039
-3287672 33555712 1 383
-3287684 64 2 181 239
-3288727 16 1 252979
-3292808 67108864 2 523 787
-3294616 34603024 1 401
-3297223 1048576 1 41737
-3298499 128 1 143413
-3299939 16704 1 113
-3303967 16480 1 193
-3305224 67174416 1 521
-3308555 2 2 619 1069
-3310355 4198402 1 173
-3310807 64 2 271 643
-3310996 2064 1 1553
-3313352 67108868 1 59167
-3315368 67633156 1 811
-3316808 67108872 1 37691
-3319783 131072 1 49549
-3321320 67112962 1 1931
-3328567 8 1 302597
-3329432 33554688 2 113 127
-3329768 83886096 1 317
-3329935 4194310 1 1069
-3332195 2 1 666439
-3332948 2097152 1 10039
-3333371 0 2 107 31153
-3334232 33554440 1 37889
-3335603 0 2 257 12979
-3335935 262146 1 9397
-3341863 4 1 477409
-3343268 0 1 835817
-3343811 0 2 547 6113
-3346084 4 1 119503
-3356648 67108864 2 241 1741
-3357727 8192 2 199 359
-3357752 41943040 1 4327
-3359252 16 1 64601
-3361139 526336 1 1123
-3366676 8388608 1 8677
-3369076 0 2 317 2657
-3372980 18 1 12973
-3374824 75497472 1 4349
-3378491 0 2 757 4463
-3379811 0 2 229 14759
-3381140 6 1 24151
-3383480 33554434 2 251 337
-3385019 1032 1 8317
-3390155 2 2 379 1789
-3390251 24576 1 1361
-3392503 32 1 199559
-3393064 67174432 1 409
-3398287 4194304 1 38183
-3401167 12 1 44171
-3402367 384 1 5101
-3404564 0 2 251 3391
-3404695 4194310 1 1093
-3405656 35651712 1 223
-3411188 8 1 77527
-3415451 622608 0
-3416408 33554432 2 509 839
-3416935 2 2 127 5381
-3418840 33554434 2 127 673
-3419176 67109408 1 811
-3424420 8194 1 3643
-3426452 2080 1 1229
-3429943 1048584 1 3947
-3431047 9216 1 1973
-3431476 64 2 163 277
-3433624 33554560 1 18661
-3434404 16777216 1 8501
-3437555 10 1 62501
-3438280 67112962 1 1999
-3440344 34082816 1 137
-3441851 8389636 1 137
-3443540 2 2 167 1031
-3445687 4 2 137 3593
-3447032 33554432 1 430879
-3447668 36 1 7243
-3451268 0 2 367 2351
-3454567 256 2 139 857
-3454760 67108866 1 86369
-3455819 8388736 1 1549
-3456995 2 1 691399
-3458195 2097170 1 641
-3459919 64 1 182101
-3461464 34603008 1 5477
-3461492 0 2 269 3217
-3462776 33554432 1 432847
-3462968 33554464 1 25463
-3468535 6 2 113 877
-3470536 67108864 1 433817
-3475592 67371264 1 211
-3477124 4 1 124183
-3479480 33555458 1 2351
-3482195 262178 1 577
-3486884 0 2 839 1039
-3487924 40 1 4663
-3490696 67108872 1 39667
-3491588 0 2 263 3319
-3492152 33554432 2 113 3863
-3493508 32768 2 113 131
-3494648 33554432 1 436831
-3495295 2 1 699059
-3496196 8 2 181 439
-3501419 512 2 179 631
-3502148 16 1 67349
-3505087 4194304 1 39383
-3506420 34 1 10313
-3509060 2 1 175453
-3511688 67108864 1 438961
-3513076 1028 1 3391
-3523448 33554432 1 440431
-3523652 16392 1 1511
-3524935 2 2 587 1201
-3525812 0 2 331 2663
-3526783 262160 1 3821
-3531736 33554704 1 1171
-3534515 2 2 311 2273
-3535303 17039648 0
-3537443 20 1 38873
-3538903 0 2 109 32467
-3541448 67109056 1 1013
-3543320 33554442 1 8053
-3543943 16 2 131 2081
-3546395 2 1 709279
-3547940 10 1 16127
-3548168 67108880 2 109 313
-3549227 8 2 307 1051
-3549572 16 1 68261
-3551236 528 1 2203
-3552007 16640 1 2311
-3552008 67108864 1 444001
-3552488 67113088 1 449
-3553780 2 2 137 1297
-3556760 33554434 1 88919
-3556772 8192 1 18919
-3556952 33554500 1 3343
-3559543 16777232 1 2711
-3564916 0 2 563 1583
-3569588 520 1 2617
-3573316 2105344 1 229
-3573752 33554452 1 4909
-3575455 131090 1 821
-3577268 0 2 677 1321
-3578195 2 1 715639
-3578363 128 1 155581
-3578815 8396802 1 157
-3579188 0 2 853 1049
-3580235 2 2 173 4139
-3582440 67108866 1 89561
-3586423 262144 1 50513
-3586516 2112 1 1151
-3587623 18448 1 127
-3587863 0 2 113 31751
-3590708 1048584 1 1033
-3591368 67109896 1 1103
-3592504 33554432 2 167 2689
-3601876 1024 1 24337
-3602531 0 2 457 7883
-3603155 2 2 131 5501
-3604523 16 2 179 1549
-3605383 64 1 189757
-3608171 524420 1 307
-3608612 4 1 128879
-3608776 67108864 1 451097
-3612587 136 2 109 131
-3613255 258 1 24919
-3618127 2336 1 179
-3618703 65544 1 5393
-3618731 0 2 823 4397
-3618967 8 2 383 859
-3621583 4 2 103 5023
-3622340 2 2 139 1303
-3623080 67125250 1 1709
-3624152 33554436 1 64717
-3624583 0 2 1019 3557
-3624728 33560576 1 257
-3625115 4114 1 1297
-3627512 33554436 2 211 307
-3630340 6 1 25931
-3630632 67110912 1 11069
-3631091 0 2 1301 2791
-3633032 67108880 2 181 193
-3633428 0 2 103 8819
-3634040 33562626 1 1933
-3643327 0 2 379 9613
-3644884 64 2 199 241
-3647476 4 1 130267
-3648788 24 1 6379
-3657668 4 1 130631
-3659080 67108898 1 5381
-3663847 8 2 251 1327
-3666487 16456 1 331
-3670472 67109136 1 1217
-3670615 18 2 149 379
-3671528 67108868 1 65563
-3673327 262212 1 389
-3674195 6 2 113 929
-3679115 10 2 151 443
-3680552 69206144 1 241
-3683983 0 2 227 16229
-3685028 0 1 921257
-3685259 524352 1 2657
-3690740 2 2 109 1693
-3691096 33554432 2 223 2069
-3691135 6 2 163 647
-3696904 67108864 1 462113
-3699016 67108864 1 462377
-3702703 0 2 419 8837
-3702788 0 1 925697
-3703448 33556484 1 1613
-3704407 4612 1 397
-3704863 1048704 1 2039
-3705007 0 2 719 5153
-3705608 67108928 1 24379
-3706043 8 2 103 3271
-3706772 4224 1 937
-3707540 2 2 197 941
-3710356 16 1 71353
-3712808 67109384 1 1361
-3712835 4102 1 2467
-3713095 2 1 742619
-3715811 200 1 773
-3717496 33554432 1 464687
-3721928 67108868 1 66463
-3722003 0 2 139 26777
-3722372 0 1 930593
-3722468 0 1 930617
-3723419 4 2 331 1607
-3729316 0 2 853 1093
-3730255 130 2 163 199
-3732491 4 1 533213
-3732851 8388864 1 1327
-3733160 67108866 1 93329
-3733499 12 1 48487
-3733928 67108872 2 151 281
-3737540 2 1 186877
-3737767 8 2 103 3299
-3738611 64 1 196769
-3740468 0 2 907 1031
-3743335 2 2 401 1867
-3744251 4 2 107 4999
-3744539 96 1 11593
-3745604 0 1 936401
-3746315 327682 1 173
-3746699 8200 1 7247
-3748760 33554434 1 93719
-3752287 12 1 48731
-3753380 2 1 187669
-3757303 136 1 14851
-3761695 518 1 3467
-3768872 67108992 1 20483
-3768920 33587202 1 1597
-3769508 0 2 239 3943
-3771943 292 1 1093
-3772235 514 1 24337
-3774755 8392706 1 181
-3777368 33554436 1 67453
-3777428 192 1 2161
-3778235 2 2 293 2579
-3778532 131200 1 613
-3780632 50331648 1 4679
-3781028 0 2 397 2381
-3781220 2 1 189061
-3781687 276 1 1433
-3784232 67109376 1 15259
-3786683 4194304 2 157 271
-3789731 8 2 167 2063
-3791912 67637248 1 151
-3792068 4 1 135431
-3793091 4194464 1 109
-3795512 33554436 1 67777
-3796516 0 1 949129
-3798776 33554432 1 474847
-3799928 33554696 1 1489
-3799940 2 1 189997
-3801092 0 2 359 2647
-3808715 258 1 26267
-3809224 67109920 1 757
-3812584 67108864 2 181 2633
-3815236 0 2 461 2069
-3816995 22 1 8389
-3817624 33619968 1 7823
-3818296 33554432 2 449 1063
-3820276 0 2 139 6871
-3823988 2052 1 3331
-3825560 33587202 1 1621
-3826088 67108900 1 4019
-3829864 67109376 1 15443
-3831611 4 1 547373
-3834415 18 1 58991
-3837155 38 1 6449
-3838996 4 2 167 821
-3839176 67108872 1 43627
-3841268 64 1 50543
-3843272 67108864 1 480409
-3845476 0 2 199 4831
-3846692 32 1 56569
-3848863 8388608 1 39679
-3850187 2056 1 8537
-3854164 264192 1 331
-3857416 67108864 2 199 2423
-3859412 16779264 1 233
-3859592 67174408 1 719
-3860584 67108884 1 5303
-3860596 384 1 1447
-3862571 2097152 2 173 269
-3864227 0 2 773 4999
-3864655 65538 1 12671
-3865396 16384 1 18233
-3869267 384 1 5801
-3869924 0 1 967481
-3875956 4 1 138427
-3877412 12 1 12589
-3882452 4 2 313 443
-3882995 2 1 776599
-3884651 0 3 109 157 227
-3885463 0 2 619 6277
-3885844 0 2 113 8597
-3889336 33554440 2 193 229
-3892135 18 1 59879
-3892763 516 1 17939
-3896072 67108864 2 367 1327
-3897371 0 2 223 17477
-3902536 67174408 1 727
-3903179 516 1 17987
-3906788 0 2 157 6221
-3906851 4368 1 241
-3909496 33554432 1 488687
-3912392 67109000 1 1933
-3913259 68 1 29423
-3917176 33620096 1 349
-3918004 1152 1 1151
-3918968 33554432 1 489871
-3920324 0 1 980081
-3922615 32770 1 13297
-3924520 67110914 1 2393
-3925352 68157440 1 6211
-3926296 33554440 1 44617
-3929176 33554464 2 167 173
-3929656 33554496 2 103 251
-3930520 33554442 1 8933
-3931423 64 1 206917
-3931595 2 1 786319
-3932164 576 1 1669
-3933683 4624 1 227
-3935695 2 1 787139
-3940903 8192 2 191 439
-3941416 67633184 1 397
-3943076 512 1 31799
-3946088 67633408 1 233
-3949928 67108992 1 21467
-3950243 8 2 421 853
-3951332 12 1 12829
-3952580 2 2 107 1847
-3952687 18464 1 107
-3953531 32768 2 113 593
-3954083 4 2 503 1123
-3956339 8388608 1 40787
-3956887 65544 1 5897
-3956891 1024 2 229 467
-3959579 16 2 541 563
-3961303 262144 1 55793
-3963491 4 1 566213
-3967355 6 2 263 431
-3967876 520 1 2909
-3968699 4 2 211 2687
-3972740 2 1 198637
-3972827 16384 1 74959
-3973019 32 2 103 2269
-3976868 4 1 142031
-3978943 1536 1 3469
-3978968 33556484 1 1733
-3981055 524306 1 839
-3984035 42 1 4261
-3985028 0 1 996257
-3985156 4 1 142327
-3986455 10 1 72481
-3989284 16 1 76717
-3996340 2 2 211 947
-4000472 33554436 1 71437
-4003087 8 1 363917
-4005188 8 2 227 401
-4005496 33554568 1 1979
-4006808 33587216 1 653
-4007236 0 1 1001809
-4008548 512 1 32327
-4010455 2 2 431 1861
-4010743 2056 1 8893
-4012643 256 2 179 773
-4012952 33554528 1 1553
-4017316 0 2 157 6397
-4017371 4194304 1 45139
-4018456 33554448 1 38639
-4019956 544 1 1907
-4022056 67108992 1 21859
-4023016 67108896 1 29581
-4023496 67108864 1 502937
-4026488 33620992 1 223
-4028552 67108872 1 45779
-4028648 67108880 1 38737
-4029848 33554432 2 353 1427
-4030091 16 2 127 2441
-4030532 8200 1 1949
-4034695 38 1 6781
-4037588 1024 1 27281
-4038008 33556496 1 947
-4041995 2 1 808399
-4043315 2 2 131 6173
-4044244 0 2 311 3251
-4045364 0 2 457 2213
-4047496 67108896 1 29761
-4050127 4096 2 131 719
-4051684 20 1 11131
-4051883 72 1 19387
-4052740 2 1 202637
-4052852 64 1 53327
-4056371 8 2 499 739
-4056395 134 1 5039
-4061215 34 1 47779
-4064911 0 2 179 22709
-4066687 65536 2 163 409
-4069924 0 1 1017481
-4072183 1024 1 110059
-4074424 33554464 1 29959
-4075331 16 2 227 1381
-4075480 33554434 2 139 733
-4078088 67108868 1 72823
-4078996 64 2 191 281
-4080419 4 2 463 1259
-4081715 8202 1 1579
-4083796 4096 1 23743
-4084760 33554466 1 6007
-4085896 67110912 1 12457
-4086008 33554432 1 510751
-4086155 2 2 241 3391
-4088072 67240192 1 263
-4094468 4 2 349 419
-4095247 16777232 1 3119
-4097339 262144 1 57709
-4098436 0 1 1024609
-4099979 16 2 113 2791
-4103768 34078720 1 7027
-4105087 4 2 139 4219
-4105156 1048584 1 1181
-4105207 2048 2 223 449
-4108423 8 2 139 2687
-4114619 0 2 997 4127
-4119368 67108872 1 46811
-4120427 640 1 5779
-4123427 12 1 53551
-4126216 67108864 1 515777
-4126276 12 1 13397
-4126903 296 1 761
-4131784 67112960 1 12011
-4133764 0 1 1033441
-4134196 40 1 5527
-4135268 1024 1 27941
-4139656 67108864 1 517457
-4142963 8 1 376633
-4145407 4 2 127 4663
-4146059 0 2 103 40253
-4148468 4198400 1 271
-4152683 0 2 181 22943
-4153160 67108874 1 9439
-4153876 512 2 139 241
-4153883 0 2 1483 2801
-4154132 0 2 193 5381
-4154948 4 2 179 829
-4157192 67371024 1 563
-4158659 4128 1 5689
-4159183 4 2 137 4337
-4159619 128 2 223 811
-4159928 33554432 2 337 1543
-4165832 67108872 1 47339
-4166819 32 1 245107
-4168996 16 1 80173
-4169108 4096 1 24239
-4171412 68 1 7841
-4173103 2120 1 487
-4175432 67108864 1 521929
-4181732 524288 1 14321
-4182899 4 2 631 947
-4184383 4 1 597769
-4186379 0 2 223 18773
-4190963 68 1 31511
-4191556 262144 1 14759
-4191583 2097160 1 4591
-4195412 16 1 80681
-4195955 2 2 109 7699
-4196596 2048 1 25589
-4197011 52 1 2713
-4198735 36866 1 331
-4199627 131136 1 3299
-4200308 4 1 150011
-4201880 34078722 1 1439
-4201907 96 1 13009
-4203059 16388 1 11329
-4203443 2048 1 102523
-4204067 4100 1 13967
-4205747 20 2 113 409
-4205972 0 2 149 7057
-4207208 71303232 1 311
-4207411 16 1 323647
-4208180 34 1 12377
-4213447 18436 1 277
-4213619 16777216 1 41719
-4219396 128 1 45863
-4221124 256 1 36389
-4221796 0 2 863 1223
-4221848 33555488 1 839
-4224847 136 1 16699
-4225543 68 1 31771
-4228328 67108880 2 109 373
-4229176 33554436 1 75521
-4232503 8 1 384773
-4232987 8 1 384817
-4233188 256 1 36493
-4234952 67108864 2 487 1087
-4234984 67112976 1 947
-4236127 4 2 251 2411
-4236899 2176 1 4493
-4239076 0 1 1059769
-4239940 2 1 211997
-4239967 8388608 1 43711
-4242395 557058 1 197
-4244356 32 1 62417
-4244884 4 1 151603
-4245560 33554442 1 9649
-4248676 0 1 1062169
-4249864 67108896 1 31249
-4253963 4 2 131 4639
-4259095 4194338 1 563
-4266308 0 1 1066577
-4276628 4196352 1 293
-4278515 322 1 1553
-4284632 33554440 2 181 269
-4287779 0 2 281 15259
-4289695 34 2 109 463
-4289764 65536 1 17581
-4290443 160 1 10973
-4293487 72 1 20543
-4293803 0 2 107 40129
-4301383 0 2 103 41761
-4302395 2 1 860479
-4303444 0 2 137 7853
-4304887 192 1 9851
-4306619 0 2 389 11071
-4308995 2 1 861799
-4311752 67108864 2 179 3011
-4315384 33620992 1 239
-4316411 4194312 1 4409
-4316795 262 1 4253
-4318808 33554448 2 131 317
-4321763 0 2 557 7759
-4322195 2 1 864439
-4323463 0 2 167 25889
-4323512 34603008 1 6841
-4323967 32 2 347 733
-4326467 0 2 571 7577
-4326664 67108864 2 379 1427
-4326724 0 1 1081681
-4327384 33562656 1 677
-4328404 16416 1 1201
-4332007 0 2 1201 3607
-4332127 32 1 254831
-4332872 67108864 2 113 4793
-4332980 2 1 216649
-4339403 32 1 255259
-4340195 2 1 868039
-4342715 262162 1 941
-4343236 0 1 1085809
-4346948 0 2 293 3709
-4348331 16 1 334487
-4350731 12 1 56503
-4361891 0 2 293 14887
-4361960 67108866 1 109049
-4362280 67108882 1 8389
-4365272 37748736 1 6131
-4366564 20480 1 479
-4367284 256 1 37649
-4369835 32770 1 14813
-4370023 132 1 27143
-4370056 67108864 2 167 3271
-4373236 4 2 313 499
-4378148 16777216 1 10837
-4379704 33554436 2 197 397
-4379720 67108866 2 223 491
-4380980 16386 1 4133
-4383796 524288 1 15013
-4385291 512 1 141461
-4387523 516 1 20219
-4392011 1168 1 397
-4392367 4 1 627481
-4392443 2097192 1 283
-4392664 33554464 1 32299
-4394404 4 1 156943
-4398251 24 1 30757
-4398920 67108898 1 6469
-4399124 32 1 64693
-4399448 37749760 1 167
-4399715 4194306 1 9887
-4400099 8 1 400009
-4400531 0 2 727 6053
-4401844 96 1 3407
-4402388 16777248 1 641
-4402835 2 2 647 1361
-4403828 24 1 7699
-4404196 0 2 809 1361
-4405592 33562624 1 11717
-4407428 0 2 233 4729
-4410467 4096 2 109 941
-4414568 67108864 2 449 1229
-4415764 512 2 149 239
-4417691 266240 1 1447
-4418219 16 1 339863
-4421464 34209792 1 113
-4426084 8208 1 1811
-4426756 0 1 1106689
-4428127 32776 1 6823
-4429379 0 2 127 34877
-4429951 0 2 641 6911
-4432331 256 1 152839
-4433224 67108864 2 107 5179
-4435880 67112962 1 2579
-4437124 0 1 1109281
-4437128 67108864 1 554641
-4438687 8 2 139 2903
-4438772 16 1 85361
-4442116 4 1 158647
-4445252 4 1 158759
-4447043 512 2 167 859
-4447451 0 2 199 22349
-4447688 67108868 1 79423
-4447807 1044 1 1321
-4448195 2 1 889639
-4451243 0 2 227 19609
-4452260 2 1 222613
-4452635 524298 1 1109
-4454612 32 2 109 601
-4455844 0 1 1113961
-4455908 256 2 107 359
-4456328 67108864 1 557041
-4456756 128 2 193 251
-4459172 8192 1 23719
-4459924 8196 1 3389
-4460339 16 2 293 1171
-4460743 4 2 263 2423
-4461316 0 1 1115329
-4463795 4194310 1 1433
-4468292 0 1 1117073
-4470488 33555464 1 1373
-4470520 34078722 1 1531
-4471063 8192 2 251 379
-4471115 10 1 81293
-4472795 2 1 894559
-4477811 8536080 0
-4478168 33554432 2 389 1439
-4478791 0 2 149 30059
-4479076 4 2 347 461
-4482692 0 1 1120673
-4483283 8196 1 13627
-4483927 65540 1 10501
-4484644 262144 1 15791
-4484648 67125252 1 1511
-4485299 148 1 2143
-4485860 2 2 211 1063
-4487047 128 1 195089
-4488923 8192 2 149 641
-4493236 40 1 6007
-4494659 592 1 587
-4497992 67371008 1 7919
-4500251 4100 1 14951
-4503752 67174408 1 839
-4505896 67108864 2 439 1283
-4506392 33556488 1 1249
-4508287 270340 1 193
-4508555 2 2 191 4721
-4510451 526344 1 137
-4510628 0 1 1127657
-4512440 41943042 1 1163
-4516547 324 1 1171
-4517476 128 1 49103
-4524899 256 2 337 463
-4530683 64 2 389 613
-4536916 0 2 397 2857
-4540163 0 2 523 8681
-4540183 2097216 1 2879
-4541383 12 1 58979
-4542920 67108866 2 137 829
-4543183 4194304 1 51047
-4543688 67108864 1 567961
-4543892 0 2 151 7523
-4545544 67108864 1 568193
-4545752 33556480 1 13859
-4546952 67108864 2 443 1283
-4547843 2048 1 110923
-4549115 34 2 109 491
-4553263 56 1 1873
-4553432 33554448 1 43783
-4556296 67108864 2 239 2383
-4559291 8388616 1 4273
-4559492 4 1 162839
-4564211 32 2 383 701
-4564756 4 1 163027
-4565339 704 1 337
-4569844 262144 1 16091
-4572659 20 2 109 461
-4572664 33554432 1 571583
-4575368 67108868 1 81703
-4577651 4176 1 431
-4580435 2 2 239 3833
-4582696 67109120 1 19753
-4584008 67108888 1 4007
-4586843 256 2 277 571
-4588936 67108872 1 52147
-4589560 33554434 2 179 641
-4590244 0 1 1147561
-4590616 33620096 1 409
-4594840 33554434 2 313 367
-4596227 4198400 1 1201
-4596251 1160 1 491
-4596488 67108880 2 193 229
-4597480 67108898 1 6761
-4597832 67633152 1 7873
-4605131 263168 1 1753
-4605496 33554436 1 82241
-4607771 4 1 658253
-4609880 33554442 1 10477
-4610888 67117056 1 12263
-4612355 42 1 4933
-4617320 71303170 1 1297
-4617976 41943048 1 541
-4619828 262144 1 16267
-4620823 6144 1 2621
-4621144 33554472 1 3089
-4623752 67108868 1 82567
-4628708 4 1 165311
-4628836 0 1 1157209
-4631047 524288 1 63439
-4633748 524292 1 2267
-4633955 2 2 719 1289
-4634168 33554444 1 7523
-4634315 6 1 132409
-4635160 33554434 1 115879
-4635572 4096 1 26951
-4636019 608 1 463
-4639688 67108864 1 579961
-4640440 33554438 1 16573
-4640867 12 1 60271
-4642067 128 1 201829
-4642427 1024 1 125471
-4643284 0 2 367 3163
-4643972 8388608 1 11969
-4649476 16 1 89413
-4649764 4 1 166063
-4653823 525312 1 1723
-4654423 131072 2 127 547
-4656035 4194306 1 10463
-4656152 33554432 2 263 2213
-4656244 0 2 719 1619
-4660984 33554432 1 582623
-4666840 33554466 1 6863
-4667252 8388736 1 523
-4669816 33554432 1 583727
-4671544 33554432 2 241 2423
-4671635 524290 1 12799
-4678420 2 1 233921
-4679887 4194304 1 52583
-4681096 67108868 1 83591
-4681208 33554436 2 179 467
-4686011 4104 1 9907
-4690523 2048 2 233 491
-4690936 33554432 1 586367
-4691240 67108866 1 117281
-4692179 0 2 1109 4231
-4692488 69207040 1 191
-4696216 33554468 1 4933
-4703972 20 1 12923
-4704008 67108864 2 617 953
-4705892 128 1 51151
-4709195 2 1 941839
-4709899 131072 1 70297
-4710424 33816576 1 8293
-4712452 0 1 1178113
-4713247 12 1 61211
-4713803 0 2 463 10181
-4714696 67108868 1 84191
-4720115 4194306 1 10607
-4724315 130 1 41081
-4729864 67108864 1 591233
-4733476 8 2 179 601
-4738211 532480 1 1381
-4741451 262168 1 467
-4742843 4 2 307 2207
-4743908 16 1 91229
-4746179 32 1 279187
-4748648 67108864 2 151 3931
-4750660 2 2 179 1327
-4753864 67108864 2 127 4679
-4754132 0 2 233 5101
-4754824 67108864 2 167 3559
-4757732 4 1 169919
-4760312 33554432 1 595039
-4760819 131076 1 10151
-4761316 4 1 170047
-4763027 8192 1 101341
-4763291 16 2 131 2797
-4766356 4 1 170227
-4767604 16777216 1 11801
-4770823 0 2 1319 3617
-4771444 0 2 229 5209
-4772383 12 1 61979
-4773364 0 2 149 8009
-4774207 1048576 2 223 271
-4775048 67108864 2 569 1049
-4775416 33554432 1 596927
-4778980 2 1 238949
-4779395 2 1 955879
-4779736 33554448 1 45959
-4780568 33558544 1 1069
-4783183 2048 1 116663
-4784648 67108872 1 54371
-4786567 0 2 113 42359
-4787171 1024 2 109 1187
-4791160 33554442 1 10889
-4791539 0 2 113 42403
-4791668 4 1 171131
-4792232 67108896 2 167 211
-4792855 262274 1 587
-4798283 132 1 29803
-4798532 0 2 463 2591
-4799380 2 2 317 757
-4799768 33587200 1 10169
-4800676 1024 2 163 199
-4804052 2056 1 2663
-4805867 8 2 433 1009
-4807624 68157440 1 7607
-4813924 32 1 70793
-4814843 136 1 19031
-4817524 512 1 38851
-4824248 33554456 1 4217
-4824904 67109124 1 2971
-4825087 0 2 547 8821
-4831183 4 2 751 919
-4832116 16512 1 991
-4832143 16777216 1 47843
-4832408 33554436 1 86293
-4834715 162 1 2473
-4835236 4 1 172687
-4836664 33554436 1 86369
-4837403 256 1 166807
-4840355 18 2 113 659
-4840532 4194304 1 13597
-4842343 8 2 139 3167
-4844836 16384 1 22853
-4846264 33562624 1 12889
-4846276 0 2 157 7717
-4846303 12 1 62939
-4846447 512 2 127 1231
-4849924 16384 1 22877
-4850056 67113088 1 613
-4850143 0 2 331 14653
-4851247 0 2 1279 3793
-4853416 67110912 1 14797
-4859987 1032 1 11941
-4861960 67108866 2 197 617
-4864388 0 2 191 6367
-4864423 262144 2 131 523
-4866820 6 1 34763
-4867423 40 1 26029
-4868296 68157440 1 7703
-4871435 34 2 223 257
-4872548 0 2 449 2713
-4874164 0 2 641 1901
-4874263 4194304 1 54767
-4874795 2 1 974959
-4885816 33554448 2 109 431
-4886695 138 1 3863
-4887127 4 2 283 2467
-4890280 67108866 2 179 683
-4892296 67109376 1 19727
-4900855 524546 1 463
-4906232 33554432 1 613279
-4908635 2 2 283 3469
-4908847 0 2 137 35831
-4909576 67108868 1 87671
-4910459 0 2 1231 3989
-4910824 67108896 1 36109
-4913128 67109384 1 1801
-4914244 512 1 39631
-4916360 71303170 1 1381
-4919080 67109378 1 3967
-4919795 2050 2 103 233
-4923803 0 2 313 15731
-4924063 262144 2 223 311
-4924088 33554448 2 113 419
-4926299 2162692 1 139
-4927480 33562626 1 2621
-4929976 33554432 2 383 1609
-4932488 67109000 1 2437
-4933624 33554432 1 616703
-4934435 524298 1 1229
-4936232 67108868 2 181 487
-4936691 0 2 557 8863
-4941223 16777476 1 241
-4943695 8194 2 109 193
-4943912 67108864 2 197 3137
-4944020 2 1 247201
-4944251 16 1 380327
-4947227 0 2 157 31511
-4949527 1032 1 12161
-4951160 33556482 1 3019
-4953572 16 1 95261
-4954735 262178 1 821
-4955236 24 1 8663
-4957652 32772 1 3001
-4958008 33554440 2 103 547
-4958056 67108864 2 443 1399
-4958344 67108864 1 619793
-4958603 131088 1 5693
-4961192 67141760 1 457
-4962659 16 2 229 1667
-4964123 1049088 1 2027
-4964939 8196 1 15091
-4965668 0 1 1241417
-4966472 67108868 2 131 677
-4967483 16777216 2 137 359
-4968323 9216 1 2857
-4969444 0 1 1242361
-4969907 16777216 1 49207
-4970948 256 1 42853
-4973267 144 1 16633
-4976627 0 2 677 7351
-4978628 0 2 193 6449
-4979764 256 1 42929
-4981379 16 2 113 3391
-4982132 0 2 211 5903
-4982920 67108866 2 347 359
-4983491 524352 1 3593
-4987115 4194310 1 1601
-4992155 70 1 7507
-4995103 0 2 1013 4931
-5000740 2 1 250037
-5000776 67108872 1 56827
-5001556 4 1 178627
-5004184 33562624 1 13309
-5004328 67108868 1 89363
-5005864 67109120 1 21577
-5010587 0 2 223 22469
-5016827 8192 2 173 617
-5020292 1048576 1 15887
-5023828 64 1 66103
-5024003 0 2 521 9643
-5027828 528 1 3119
-5030408 67108864 1 628801
-5031343 49152 1 1609
-5032388 0 1 1258097
-5032423 136 1 19891
-5036596 64 1 66271
-5037572 0 1 1259393
-5038984 67108864 1 629873
-5041807 128 2 223 983
-5042360 33555458 1 3407
-5043976 67108868 1 90071
-5048792 37748740 1 1013
-5051620 6 1 36083
-5055491 4 1 722213
-5057171 16777348 1 311
-5057252 256 1 43597
-5057524 0 2 607 2083
-5061368 33556496 1 1187
-5062148 20 1 13907
-5063435 18 1 77899
-5063795 138 1 4003
-5063972 0 1 1265993
-5068783 0 2 131 38693
-5069860 2 1 253493
-5070040 33554434 1 126751
-5071592 67113088 1 641
-5071720 67108866 2 103 1231
-5072555 4194306 1 11399
-5073608 67109184 1 1151
-5076971 64 2 191 1399
-5077183 4194304 1 57047
-5078819 0 2 1069 4751
-5085179 328 1 839
-5085940 2 2 109 2333
-5086067 4 2 647 1123
-5086744 33587216 1 829
-5086948 256 1 43853
-5087524 16 2 227 431
-5091364 32 1 74873
-5096051 4194304 1 57259
-5096228 256 1 43933
-5096648 67109376 1 20551
-5096824 33686528 1 257
-5098580 2 1 254929
-5099716 0 1 1274929
-5109256 67111936 1 421
-5111108 16384 1 24109
-5111867 0 2 1607 3181
-5113060 2 1 255653
-5113163 8 2 211 2203
-5114708 0 2 1109 1153
-5117819 4 1 731117
-5119204 0 1 1279801
-5119883 0 2 823 6221
-5120795 2 1 1024159
-5122523 4 2 467 1567
-5129603 0 2 179 28657
-5130664 67108876 1 8329
-5133736 68157440 1 8123
-5136419 0 2 167 30757
-5137567 16777216 1 50867
-5144747 0 3 103 199 251
-5145368 33555456 1 17383
-5145655 65538 1 16871
-5146456 33554692 1 3169
-5150099 32 2 491 617
-5150699 16384 2 157 619
-5150795 18 2 109 727
-5153863 152 1 1567
-5157395 2 1 1031479
-5157844 0 2 373 3457
-5159363 2097160 1 5651
-5159915 8388610 1 10639
-5160580 2 2 163 1583
-5161816 33554440 1 58657
-5162215 2 2 107 9649
-5162708 0 2 137 9421
-5163332 0 2 1093 1181
-5165944 33554692 1 3181
-5167924 16448 1 1283
-5172223 4 1 738889
-5174195 146 1 3461
-5181508 0 1 1295377
-5181604 320 1 2351
-5182088 67141632 1 10979
-5182420 2 1 259121
-5183656 67240000 1 509
-5184676 4 1 185167
-5189023 4 2 719 1031
-5190979 16384 1 97943
-5193496 33554444 1 8431
-5193659 0 2 1877 2767
-5197540 130 1 11299
-5197927 131076 1 11083
-5199943 1060 1 1181
-5200547 72 2 149 167
-5201764 0 2 173 7517
-5207288 33554432 1 650911
-5207387 65600 1 4493
-5207503 2097156 1 8963
-5208436 0 2 719 1811
-5208947 0 2 331 15737
-5211923 0 2 829 6287
-5212216 33554944 1 21017
-5213284 0 1 1303321
-5215592 67109120 1 22481
-5216612 0 2 661 1973
-5217395 2 1 1043479
-5220619 8192 2 277 401
-5221667 136 1 20639
-5223463 4 1 746209
-5223544 33554432 1 652943
-5224264 67108864 1 653033
-5225768 67108864 2 419 1559
-5228740 10 1 23767
-5229160 67108866 1 130729
-5232196 0 1 1308049
-5233811 136 2 137 151
-5233907 262148 1 10531
-5239643 0 2 1723 3041
-5240939 1049608 1 163
-5241223 16400 1 7607
-5244607 0 2 409 12823
-5249704 67108992 2 103 277
-5252344 33628160 1 229
-5253103 0 2 103 51001
-5254171 16 1 404167
-5255012 32772 1 3181
-5260036 131136 1 1033
-5264095 2 1 1052819
-5267263 2097184 1 3733
-5270072 33554432 2 191 3449
-5270104 33554436 1 94109
-5270884 32 1 77513
-5275787 72 1 25243
-5280904 71303168 1 7417
-5281028 0 2 487 2711
-5281835 146 1 3533
-5281903 262152 1 6763
-5282483 0 2 107 49369
-5282963 4 1 754709
-5283007 16777280 1 2753
-5283380 2 1 264169
-5283419 131072 1 78857
-5284276 32768 1 22391
-5287960 33554434 1 132199
-5290139 262144 1 74509
-5291528 67108872 2 157 383
-5295823 560 1 773
-5296259 0 2 967 5477
-5296504 33554432 1 662063
-5299988 2080 1 1901
-5302787 2097156 1 9127
-5304904 67109000 1 2621
-5312723 80 2 137 157
-5313604 0 2 617 2153
-5314264 33554432 2 233 2851
-5315531 5136 1 257
-5317015 10 2 277 349
-5323508 16777216 1 13177
-5326307 4 1 760901
-5327896 37748740 1 1069
-5329115 10 1 96893
-5331016 67108864 2 313 2129
-5332691 20 1 58601
-5334995 2 1 1066999
-5343364 16 2 211 487
-5344115 6 2 107 1427
-5344427 4104 1 11299
-5347396 524288 1 18313
-5357192 67108864 1 669649
-5357528 33554568 1 2647
-5357828 4 2 179 1069
-5357983 0 2 173 30971
-5358136 33554436 2 163 587
-5359624 67108896 1 39409
-5360195 2 1 1072039
-5361755 6 2 307 499
-5363956 272 1 3557
-5365720 33570818 1 2531
-5365883 512 2 179 967
-5369416 67108912 1 3037
-5370580 2 1 268529
-5371763 9437184 1 701
-5372983 12 1 69779
-5373251 1040 1 11171
-5374715 16777474 1 367
-5375851 16 1 413527
-5378116 8192 1 28607
-5380355 1026 2 127 229
-5383204 1024 1 36373
-5383687 16384 2 157 647
-5385895 2 1 1077179
-5392927 288 1 10939
-5395955 2 2 179 6029
-5397604 0 1 1349401
-5402072 33554448 2 127 409
-5405747 64 2 107 2659
-5407684 0 1 1351921
-5408468 16 1 104009
-5409124 4 1 193183
-5411704 33554432 1 676463
-5411956 8200 1 2617
-5412995 262 1 5333
-5416595 2 1 1083319
-5420767 264 1 16993
-5421304 33554436 2 131 739
-5421563 4 2 193 4013
-5422787 0 2 571 9497
-5422835 10 1 98597
-5424491 0 2 277 19583
-5429524 4096 1 31567
-5431379 65536 2 269 331
-5435012 16777224 1 1223
-5435140 66 1 14303
-5441944 33554432 2 433 1571
-5443528 67108864 1 680441
-5445688 33554432 2 193 3527
-5452264 68157440 1 8627
-5463688 67109376 1 22031
-5466331 16 2 199 2113
-5470628 0 2 503 2719
-5475016 68157440 1 8663
-5477656 33570816 1 12919
-5477843 4 2 859 911
-5481188 0 1 1370297
-5484923 512 1 176933
-5485883 48 2 103 241
-5487007 0 2 557 9851
-5489768 67108864 2 227 3023
-5496515 258 1 37907
-5498164 4 2 179 1097
-5499155 2 2 521 2111
-5499220 2 1 274961
-5501732 0 1 1375433
-5501963 64 1 289577
-5504335 65538 1 18047
-5505131 0 2 967 5693
-5505364 64 2 107 677
-5505412 8 2 211 593
-5507003 0 2 1181 4663
-5508664 33554436 1 98369
-5508964 8192 1 29303
-5509892 33792 1 631
-5510452 262144 1 19403
-5510795 2 1 1102159
-5511779 1044 1 1637
-5512456 67108992 1 29959
-5512715 18 1 84811
-5518715 2 2 571 1933
-5523155 10 2 137 733
-5524516 64 2 157 463
-5525167 256 1 190523
-5526059 4108 1 1669
-5528260 2 2 263 1051
-5528411 68 2 197 211
-5529496 33554436 2 293 337
-5529640 67108866 1 138241
-5530984 67239968 1 607
-5531620 2 1 276581
-5533283 4612 1 593
-5535251 96 1 17137
-5535556 16 1 106453
-5535988 0 2 271 5107
-5536024 33554448 1 53231
-5538088 67109376 2 137 163
-5539931 16384 1 104527
-5546335 162 1 2837
-5546740 2 2 463 599
-5547367 4 1 792481
-5548456 67108928 2 173 211
-5548504 33554960 1 1721
-5553823 8 1 504893
-5554532 0 1 1388633
-5555483 0 2 199 27917
-5561176 33554464 2 103 397
-5561252 0 2 439 3167
-5564383 8 2 193 2621
-5565092 16 1 107021
-5572516 0 2 109 12781
-5573771 260 1 27457
-5573863 0 2 151 36913
-5578648 33558528 1 16217
-5581043 3088 1 283
-5583304 67108864 1 697913
-5583347 32780 1 1229
-5583892 1280 1 1301
-5596516 0 1 1399129
-5598040 33554438 1 19993
-5599652 0 1 1399913
-5602423 65792 1 3167
-5604052 0 2 397 3529
-5606612 8 1 127423
-5610452 0 2 359 3907
-5611667 32768 2 227 419
-5611955 34 2 103 641
-5614360 41943042 1 1447
-5614660 2 2 131 2143
-5616676 16 1 108013
-5621891 1096 1 727
-5625268 8 2 173 739
-5626276 8192 1 29927
-5627939 128 2 179 1367
-5628004 4194304 1 15809
-5633524 16 2 131 827
-5634916 4 1 201247
-5635444 32768 1 23879
-5636339 65536 1 92399
-5638040 33587202 1 2389
-5640856 34078736 1 743
-5643107 0 2 113 49939
-5644696 33624064 1 269
-5644936 67109000 1 2789
-5645348 16896 1 859
-5646488 33816576 1 9941
-5646772 294912 1 337
-5648168 67108928 1 37159
-5655544 33554432 1 706943
-5655703 2097152 1 68141
-5658872 33554432 1 707359
-5667908 0 1 1416977
-5669363 4 1 809909
-5671687 8388612 1 8353
-5674660 2 2 167 1699
-5678296 33816592 1 769
-5679635 32786 1 1481
-5683480 33554442 1 12917
-5694820 2 1 284741
-5695144 67108884 1 7823
-5698564 0 2 199 7159
-5699023 8 2 379 1367
-5702980 8194 1 6067
-5704744 67109376 1 23003
-5707927 0 2 2137 2671
-5708935 9437186 1 149
-5709076 32800 1 1423
-5709803 1032 1 14029
-5713355 4195330 1 347
-5714147 0 2 191 29917
-5716687 32768 1 96893
-5720824 33620032 1 617
-5722715 65794 1 647
-5727563 1024 1 154799
-5737880 33685506 1 2141
-5738132 8388736 1 643
-5740324 16384 1 27077
-5743204 0 1 1435801
-5747320 33570818 1 2711
-5749763 1024 1 155399
-5751304 67108912 1 3253
-5751347 131076 1 12263
-5757256 67108864 2 383 1879
-5758163 2048 1 140443
-5759416 34603024 1 701
-5762612 0 2 109 13217
-5762963 0 2 1213 4751
-5766755 4194306 1 12959
-5768315 6 1 164809
-5768939 8 2 499 1051
-5769544 67108872 1 65563
-5771860 2 2 131 2203
-5773684 4 1 206203
-5774740 2 2 173 1669
-5775784 67108900 1 6067
-5779211 64 1 304169
-5779816 67109124 1 3559
-5783771 68 1 43487
-5784920 33554690 1 4987
-5785576 67108960 1 2239
-5785663 16 2 467 953
-5786596 4128 1 1979
-5792104 67108896 1 42589
-5795243 0 2 449 12907
-5796436 0 2 1151 1259
-5797732 8192 1 30839
-5801023 64 2 211 1447
-5803787 8 2 107 4931
-5805976 33554472 1 3881
-5807236 4160 1 1777
-5809087 2097312 1 179
-5809492 16 1 111721
-5811604 0 2 431 3371
-5816819 0 2 197 29527
-5818087 8 2 599 883
-5818264 33554560 2 103 307
-5818499 16384 2 311 353
-5818744 33554432 1 727343
-5820424 67239936 1 10859
-5822267 65544 1 8677
-5825003 128 2 463 547
-5825944 33554432 2 769 947
-5826943 0 2 149 39107
-5827720 71303170 1 1637
-5827960 33554434 2 367 397
-5828980 1026 1 7877
-5832136 67117056 1 15511
-5835272 67112960 1 16963
-5845379 0 2 137 42667
-5846308 16 1 112429
-5848355 2 2 311 3761
-5848468 524288 1 20029
-5849236 0 2 439 3331
-5849380 2 1 292469
-5850184 67117056 1 15559
-5850571 65536 1 95911
-5850728 83886096 1 557
-5851019 0 2 269 21751
-5851396 0 2 199 7351
-5852104 67371008 1 10303
-5855267 4104 1 12379
-5855915 146 1 3917
-5856008 67108864 2 359 2039
-5856484 64 2 263 293
-5859155 514 2 103 367
-5860168 67108864 1 732521
-5861387 516 1 27011
-5869444 4 1 209623
-5874155 6 2 157 1069
-5874436 8192 1 31247
-5874484 12 1 19073
-5874616 33554440 2 241 277
-5874664 67108864 2 109 6737
-5874995 6 2 229 733
-5876932 1024 1 39709
-5877460 66 1 15467
-5879299 0 2 2099 2801
-5879380 18 1 22613
-5879956 512 1 47419
-5883076 0 2 167 8807
-5884235 4194310 1 1889
-5887211 8 2 233 2297
-5889247 20 1 64717
-5889668 256 1 50773
-5890276 4 2 211 997
-5890420 16386 1 5557
-5891483 16 2 229 1979
-5895556 262144 1 20759
-5895572 16777216 1 14593
-5896180 2 1 294809
-5897608 67239936 1 11003
-5899883 8 1 536353
-5900027 4 2 659 1279
-5900104 67108868 1 105359
-5909795 34 2 251 277
-5912308 0 2 521 2837
-5915315 6 1 169009
-5915915 1048610 1 881
-5916136 67110944 1 1061
-5917624 33554816 1 1109
-5919127 64 1 311533
-5922392 33554468 1 6221
-5922424 33554432 1 740303
-5926564 4 1 211663
-5928035 258 1 40883
-5928932 0 1 1482233
-5929715 10 2 131 823
-5929835 131586 1 571
-5932043 16 2 127 3593
-5932099 1056 1 9431
-5932936 67109120 2 107 239
-5934212 256 1 51157
-5934244 0 1 1483561
-5940872 67108868 1 106087
-5941748 1048576 1 18803
-5942404 16 1 114277
-5947019 80 1 24077
-5947235 6 2 367 463
-5948132 8448 1 1091
-5951860 1048578 1 3767
-5956955 65538 1 19531
-5959384 33554720 1 1511
-5962235 16386 2 149 151
-5965624 33554436 2 307 347
-5966611 32772 1 14447
-5967604 524288 2 107 191
-5971787 0 2 173 34519
-5972440 33554466 1 8783
-5973604 20 1 16411
-5975716 0 1 1493929
-5976196 0 1 1494049
-5978468 0 1 1494617
-5980939 1024 2 109 1483
-5985544 67117056 1 15919
-5988136 67108876 1 9721
-5989396 4 2 409 523
-5991155 32898 1 883
-5995619 4100 1 19919
-5995663 20971904 0
-5996260 8194 1 6379
-5997604 0 2 277 5413
-5998052 0 2 109 13757
-5999051 0 2 233 25747
-6000232 67108868 2 109 983
