-237551 0 2 139 1709
-249695 2 1 49939
-256679 16640 1 167
-310271 272 1 823
-322031 96 1 997
-331439 0 2 431 769
-332879 2176 1 353
-336047 0 2 109 3083
-349895 22 1 769
-355751 8 1 32341
-367895 10 1 6689
-387215 4098 1 1801
-395471 4128 1 541
-401495 32770 1 1361
-403151 4 1 57593
-420791 8196 1 1279
-421439 2112 1 541
-423407 2176 1 449
-432791 640 1 607
-441719 512 1 14249
-453095 2 1 90619
-468335 6 1 13381
-477239 1048580 1 863
-481679 8 1 43789
-483959 8196 1 1471
-484343 131072 1 7229
-487055 258 1 3359
-488015 74 1 467
-489863 8 1 44533
-498095 9437202 0
-507095 2 1 101419
-516143 128 1 22441
-519071 260 1 2557
-519983 16384 1 9811
-525215 1058 1 167
-529295 50 1 479
-536303 0 2 181 2963
-549407 0 2 263 2089
-558215 2054 1 389
-564095 262150 1 227
-565079 64 1 29741
-573503 4 1 81929
-585695 138 1 463
-589463 4 2 107 787
-603551 48 1 2731
-603695 2 1 120739
-606023 1032 1 1489
-611135 70 1 919
-612095 522 1 359
-613016 33555520 1 109
-613847 144 1 2053
-617567 1024 1 16691
-627887 16 1 48299
-632495 2 1 126499
-634196 0 2 331 479
-635327 1036 1 223
-638495 8282 0
-644423 80 1 2609
-649463 0 2 167 3889
-658727 8388608 1 6791
-659599 1024 1 17827
-660404 0 2 107 1543
-661639 8 1 60149
-669383 536 1 151
-670079 24576 1 269
-671495 266 1 421
-672023 8 2 199 307
-682007 13631488 0
-689255 8198 1 419
-695551 32768 1 11789
-700664 33554432 1 87583
-704207 260 1 3469
-710071 786432 1 137
-710324 0 2 311 571
-714095 2 2 251 569
-716239 0 2 109 6571
-717023 1024 1 19379
-719687 17408 1 367
-730151 2097216 1 463
-732143 2097152 1 8821
-734783 1028 1 2837
-736967 44 1 563
-740183 64 2 163 239
-745487 0 2 151 4937
-747284 0 2 227 823
-747791 8 2 157 433
-751895 2 1 150379
-752783 0 2 631 1193
-764804 0 2 263 727
-771524 1040 1 401
-792776 67110912 1 2417
-797687 8 2 127 571
-800423 144 1 2677
-802639 0 2 113 7103
-811295 2 2 211 769
-811943 8 2 223 331
-813695 2 1 162739
-814463 12816 0
-823823 28 1 823
-827144 67108864 1 103393
-828824 33554432 2 313 331
-830660 2050 1 1013
-835639 65604 1 103
-836911 256 1 28859
-840623 16779524 0
-841247 520 1 2467
-848327 65536 1 13907
-852344 33554432 1 106543
-856495 2 1 171299
-860744 67108896 1 6329
-865784 33554432 1 108223
-879284 516 1 1013
-882935 559106 0
-887816 67108864 1 110977
-889231 4 1 127033
-891476 790528 0
-892247 65536 1 14627
-898471 1028 1 3469
-900116 66084 0
-900319 2052 1 3137
-901064 67108864 2 163 691
-904196 32 1 13297
-905096 67108992 1 4919
-910007 262148 1 1831
-910415 10 1 16553
-913007 320 1 1657
-918440 67108866 1 22961
-921716 0 2 131 1759
-923576 33554464 1 6791
-931399 8260 1 149
-937039 8192 1 19937
-937316 512 1 7559
-949604 0 1 237401
-958127 65536 2 113 139
-960020 130 1 2087
-963464 69206016 1 1451
-965495 514 1 6229
-968215 2050 1 4723
-969151 384 1 1453
-969319 16 2 173 431
-971876 0 2 229 1061
-972167 260 1 4789
-973544 67110040 0
-974456 33554436 1 17401
-974495 2 1 194899
-976615 1026 1 5279
-976655 514 1 6301
-987896 33587348 0
-996404 32 1 14653
-997535 14 1 2591
-1005623 1024 1 27179
-1009607 8192 1 21481
-1009844 32776 1 389
-1020695 2066 1 383
-1024484 0 1 256121
-1032623 0 2 227 4549
-1037855 22 1 2281
-1040815 12290 1 103
-1041655 2 2 181 1151
-1041764 0 1 260441
-1045895 2 1 209179
-1048895 65602 1 181
-1050584 33556480 1 3203
-1052359 1048588 1 173
-1055927 0 2 317 3331
-1058984 67108928 1 6967
-1059679 128 1 46073
-1060279 8 2 113 853
-1067336 67108864 1 133417
-1070216 67109124 1 659
-1071271 8320 1 991
-1075076 0 2 397 677
-1081111 0 2 269 4019
-1087940 70 1 409
-1096916 128 1 11923
-1101815 131226 0
-1107647 16384 1 20899
-1108583 4356 1 127
-1109624 33556512 1 199
-1112804 12 1 3613
-1115135 6 2 151 211
-1119716 65552 1 353
-1120295 10 1 20369
-1121495 2 1 224299
-1130327 8 2 211 487
-1131031 8 2 229 449
-1138727 524352 1 821
-1139663 65572 1 157
-1140824 33587200 1 2417
-1143311 528 1 2837
-1145924 16 1 22037
-1146047 16777220 1 1621
-1147940 2 1 57397
-1148551 128 1 49937
-1149511 520 1 3371
-1150727 0 2 149 7723
-1151624 67108864 1 143953
-1152679 8 1 104789
-1154447 2097156 1 1987
-1155983 16416 1 1283
-1159556 0 1 289889
-1160456 67108872 1 13187
-1160551 260 1 5717
-1161944 33554436 1 20749
-1165736 67108888 1 1019
-1166084 0 1 291521
-1167524 262144 1 4111
-1170356 131080 1 397
-1171495 131090 1 269
-1184756 0 2 241 1229
-1185143 256 1 40867
-1187144 67113252 0
-1188836 2056 1 659
-1189711 8224 1 1489
-1189951 196 1 389
-1190191 0 2 991 1201
-1191476 24 1 2083
-1192343 8320 1 1103
-1197271 8388608 1 12343
-1199359 516 1 5527
-1199864 33554560 1 6521
-1200164 4 1 42863
-1202903 48 1 5443
-1206728 67108960 1 467
-1208119 8 1 109829
-1210244 4 1 43223
-1213535 2 2 163 1489
-1214071 16384 1 22907
-1214276 36 1 2551
-1218296 33554432 1 152287
-1221860 2 2 199 307
-1222004 68 1 2297
-1233679 0 2 241 5119
-1233764 4 2 139 317
-1237607 132 1 7687
-1237687 1032 1 3041
-1238996 264 1 971
-1239895 290 1 503
-1240615 2 2 281 883
-1240616 68157456 1 151
-1242020 50 1 281
-1245620 65538 1 1021
-1248295 2 1 249659
-1248596 0 2 283 1103
-1257151 4 1 179593
-1260199 589824 1 283
-1265096 67111236 0
-1267399 4 2 331 547
-1269151 16 2 233 419
-1269320 67108882 1 2441
-1269716 4 2 137 331
-1269956 0 1 317489
-1270616 33816576 1 2237
-1276879 0 2 613 2083
-1277864 67108932 1 1201
-1281419 0 2 191 6709
-1285940 2 2 113 569
-1286696 67108896 1 9461
-1287055 14 1 3343
-1287236 10240 1 167
-1294739 2176 1 1373
-1294964 72 1 1549
-1296104 67108928 1 8527
-1297495 2 1 259499
-1297784 33554944 1 5233
-1301927 262152 1 1667
-1304516 16777216 1 3229
-1305623 72 1 6247
-1306943 296 1 241
-1307876 1024 1 8837
-1309844 0 2 317 1033
-1311284 16 2 151 167
-1311815 2097410 1 109
-1315039 8 1 119549
-1322791 0 2 463 2857
-1323295 2 1 264659
-1323764 16 1 25457
-1324015 78 1 181
-1327604 65536 1 5441
-1328180 16390 1 179
-1332152 37748736 1 1871
-1332559 0 2 251 5309
-1333351 0 2 937 1423
-1333556 8388612 1 491
-1334431 4 1 190633
-1334959 96 1 4133
-1345316 132 1 2089
-1347871 4 1 192553
-1350356 260 1 1663
-1351351 1024 1 36523
-1355911 2048 1 33071
-1357256 67108864 1 169657
-1358671 4160 1 1663
-1359140 2 1 67957
-1360484 0 1 340121
-1360856 33554500 1 1279
-1363831 4228 1 197
-1363892 0 2 349 977
-1364671 1036 1 479
-1367636 0 2 181 1889
-1372616 67108868 2 127 193
-1375304 67110916 1 599
-1379780 66 1 3631
-1384004 32 1 20353
-1384760 33554450 1 2663
-1384964 4 1 49463
-1385156 256 1 11941
-1385336 33554560 1 7529
-1385791 16392 1 2377
-1386440 67109002 1 137
-1390879 16516 1 163
-1392439 0 2 859 1621
-1393583 0 2 379 3677
-1398260 2 2 151 463
-1399940 2 1 69997
-1400360 67108882 1 2693
-1401895 262154 1 359
-1401991 64 2 113 653
-1402280 67108874 1 3187
-1407919 64 1 74101
-1407991 176 1 277
-1410884 1024 1 9533
-1415455 2 2 131 2161
-1417823 65544 1 2113
-1417988 132120 0
-1418516 8 2 103 313
-1418564 260 1 1747
-1419655 2 2 499 569
-1420244 4 1 50723
-1422056 67108864 2 149 1193
-1422356 48 1 1609
-1424335 8522 0
-1426759 4196512 0
-1428871 0 2 191 7481
-1436335 2 2 103 2789
-1440644 9445376 0
-1441076 1044 1 107
-1442180 2 1 72109
-1445384 68157440 1 2287
-1447211 32832 1 1291
-1449956 25166848 0
-1452836 4210700 0
-1453063 576 1 2467
-1454024 67111448 0
-1457167 64 2 271 283
-1459796 131088 1 419
-1460783 0 2 937 1559
-1462196 0 2 173 2113
-1462244 4 1 52223
-1462724 0 2 503 727
-1464295 166 1 107
-1464824 33554624 1 419
-1465976 33554432 1 183247
-1466695 2 1 293339
-1467263 4 2 179 1171
-1467416 42009088 0
-1467896 33554432 1 183487
-1470644 16388 1 991
-1472324 4 1 52583
-1475719 36 1 12401
-1476104 67112964 1 613
-1482295 4194306 1 3331
-1483615 8388806 0
-1487204 8388608 1 3833
-1491044 192 1 853
-1491731 256 1 51439
-1495688 67110400 1 163
-1495844 2052 1 1303
-1500659 0 2 199 7541
-1512164 0 1 378041
-1514936 33554432 2 409 463
-1517096 67108868 1 27091
-1517348 8196 1 1153
-1517816 34078848 1 113
-1518920 67109010 1 127
-1520360 67108866 2 191 199
-1520648 67108864 2 131 1451
-1522519 0 2 359 4241
-1525508 0 1 381377
-1527944 75497480 1 179
-1528676 0 2 461 829
-1532744 67110912 1 4673
-1535863 4 1 219409
-1536295 2 1 307259
-1537135 8706 1 211
-1537556 64 1 20231
-1538459 16 1 118343
-1540196 131076 1 821
-1542932 640 1 541
-1543160 33554434 2 173 223
-1543759 4 1 220537
-1543976 68157444 1 349
-1544936 67108864 2 113 1709
-1548404 24 1 2707
-1549124 0 1 387281
-1555367 8 1 141397
-1557860 2 1 77893
-1559071 0 2 347 4493
-1562839 256 1 53891
-1565096 83886096 1 149
-1571927 16452 1 223
-1573544 67108868 1 28099
-1575407 32 1 92671
-1577087 128 2 191 359
-1581179 0 2 479 3301
-1584584 67108864 1 198073
-1585124 16384 1 7477
-1585976 33554436 2 127 223
-1586168 33554464 2 107 109
-1588424 67108864 1 198553
-1592084 48 1 1801
-1595144 67109920 1 317
-1595215 2 2 109 2927
-1595383 0 2 199 8017
-1596056 33554444 1 2591
-1599991 2098176 1 521
-1603811 8 2 211 691
-1603832 33554432 2 433 463
-1605464 33554436 1 28669
-1605491 4096 1 37337
-1605919 4 2 383 599
-1606136 33558916 0
-1607095 525350 0
-1608404 548 1 109
-1610168 33554436 1 28753
-1612520 67108886 1 443
-1614895 262146 1 4549
-1615715 32770 1 5477
-1615880 67109126 1 199
-1617055 10 1 29401
-1621796 2824 0
-1622567 2097152 2 113 173
-1625060 2 2 193 421
-1626488 33554432 1 203311
-1630628 0 1 407657
-1632851 1048584 1 1879
-1636831 580 1 397
-1638020 2 1 81901
-1640840 67108962 1 127
-1641272 33554432 2 193 1063
-1643096 33621012 0
-1643447 16 2 167 757
-1647464 67633684 0
-1650527 0 2 389 4243
-1651331 65672 1 107
-1652120 33554434 2 103 401
-1655048 67108864 2 443 467
-1656116 76 1 283
-1659908 0 1 414977
-1662583 48 1 7523
-1664372 1048704 1 229
-1666808 33563160 0
-1667060 2114 1 107
-1668919 4 1 238417
-1672591 32768 1 28349
-1677320 67108930 1 2207
-1682036 8320 1 389
-1683535 6 2 103 467
-1684004 4 2 137 439
-1684495 2 1 336899
-1685567 304 1 263
-1686247 32 1 99191
-1686536 67108896 1 12401
-1692047 9220 1 139
-1702520 33554946 1 1373
-1704116 128 1 18523
-1710319 262192 1 109
-1711135 2082 1 491
-1713655 33794 1 157
-1715311 16 1 131947
-1717135 262150 1 691
-1721828 32 1 25321
-1723256 33554464 1 12671
-1723399 8388608 2 109 163
-1724420 2 2 151 571
-1724456 67109120 1 7433
-1725428 524352 1 311
-1727336 67108912 1 977
-1727767 8192 1 36761
-1729736 67108864 1 216217
-1730911 148 1 827
-1733551 512 1 55921
-1734152 67108868 2 173 179
-1734884 544 1 823
-1735076 4 1 61967
-1735447 2097412 1 103
-1735928 33554432 1 216991
-1737464 41943040 1 2239
-1737823 0 2 719 2417
-1740980 2 1 87049
-1742408 67108864 2 353 617
-1746295 1048578 1 4421
-1746536 71303176 1 223
-1746836 20 1 4799
-1747364 0 1 436841
-1748095 66 1 18401
-1749131 0 2 233 7507
-1757959 65668 1 179
-1763359 17825840 0
-1767271 8 2 347 463
-1768952 33554464 1 13007
-1770872 33556480 1 5399
-1775335 2 2 149 2383
-1776260 2 1 88813
-1778744 33556776 0
-1780520 67108870 1 6359
-1782535 131106 1 313
-1783207 64 2 127 739
-1783544 33554436 1 31849
-1785668 0 1 446417
-1788164 4 1 63863
-1788679 8256 1 2003
-1790324 4202496 1 107
-1790360 33554458 1 313
-1791079 4224 1 1811
-1791380 4098 1 2083
-1793636 48 1 2029
-1799336 67109004 1 127
-1799791 1028 1 6949
-1800491 131084 1 349
-1801364 16640 1 293
-1805095 66 1 19001
-1809731 76 1 1237
-1809860 18 1 6961
-1811108 272 1 1201
-1813015 2 2 479 757
-1815380 6 1 12967
-1816711 16 1 139747
-1818788 0 2 223 2039
-1824703 64 2 137 701
-1836260 2 1 91813
-1838839 96 1 5693
-1841431 512 2 191 311
-1841960 67108866 1 46049
-1844695 2 1 368939
-1844756 0 2 487 947
-1845367 524320 1 1487
-1846964 4 1 65963
-1847384 33554444 1 2999
-1849448 67108864 2 151 1531
-1849736 67240228 0
-1855495 2 1 371099
-1862948 4194304 1 5233
-1864495 642 1 523
-1865599 384 1 2797
-1865828 2560 1 367
-1866404 128 1 20287
-1867556 0 2 421 1109
-1869176 33554944 1 7537
-1869511 4100 1 6211
-1874360 33562626 1 997
-1875188 4 2 193 347
-1875247 8 2 227 751
-1877167 0 2 199 9433
-1879304 67109892 1 907
-1879892 4 1 67139
-1882184 67108864 1 235273
-1886479 260 1 9293
-1887764 32832 1 421
-1891304 67141632 1 4007
-1895719 4 2 107 2531
-1897220 18 1 7297
-1899896 33554432 1 237487
-1901060 1030 1 367
-1901240 33554698 1 149
-1903364 0 1 475841
-1903367 0 2 601 3167
-1904132 524288 1 6521
-1904815 32778 1 587
-1906568 67108864 1 238321
-1907455 1048586 1 439
-1909124 2052 1 1663
-1910095 10 1 34729
-1910324 48 1 2161
-1918820 1026 1 2593
-1920079 4100 1 6379
-1920296 67125252 1 647
-1920371 2097184 1 1361
-1922168 33554432 1 240271
-1930951 72 1 9239
-1931431 4096 1 44917
-1933412 16 1 37181
-1936735 2 2 173 2239
-1938740 49666 0
-1939831 8192 2 149 277
-1940455 10 1 35281
-1942855 258 1 13399
-1943672 33554432 2 151 1609
-1944535 1154 1 457
-1945019 4096 1 45233
-1947044 104 1 137
-1948711 32768 1 33029
-1950104 33554480 1 1103
-1950116 4 2 257 271
-1950824 67129344 1 107
-1951015 74 1 1867
-1951859 4194324 1 241
-1952095 2 1 390419
-1953419 48 1 8839
-1953572 32 1 28729
-1956548 16392 1 839
-1960184 33554432 1 245023
-1962632 83886084 1 347
-1962968 33554436 1 35053
-1963688 67108928 1 12919
-1967588 4 1 70271
-1969135 6 2 127 443
-1969876 8388608 1 5077
-1970815 14 1 5119
-1971320 33554482 1 223
-1971535 66 1 20753
-1973411 65576 1 173
-1973839 1028 1 7621
-1976407 0 2 811 2437
-1977415 10 2 157 229
-1977896 67108864 2 457 541
-1977956 0 2 577 857
-1981255 262146 1 5581
-1984004 131080 1 673
-1984340 8194 1 2111
-1986644 8 2 163 277
-1986655 2058 1 881
-1986851 8388608 1 20483
-1988359 163840 1 503
-1989380 2 1 99469
-1990711 1024 2 173 311
-1991444 20 1 5471
-1993691 4 1 284813
-1994132 4 2 229 311
-1995512 33554432 1 249439
-1995896 33554692 1 1229
-2000339 104 1 563
-2000708 0 1 500177
-2002436 0 2 269 1861
-2002484 262152 1 641
-2005384 67108864 1 250673
-2005976 33554436 2 113 317
-2005988 256 1 17293
-2014340 386 1 151
-2019151 4096 1 46957
-2019295 2 2 251 1609
-2019656 67108864 1 252457
-2019995 258 1 13931
-2022164 0 2 223 2267
-2023139 64 2 233 457
-2024807 139264 1 643
-2029783 1060 1 461
-2031140 2050 1 2477
-2031271 72 1 9719
-2032004 144 1 1699
-2032456 67108864 2 239 1063
-2033695 2 1 406739
-2034536 67117060 1 773
-2035451 72 1 9739
-2036132 4 1 72719
-2036180 65538 1 1669
-2036996 4112 1 911
-2039935 66 2 109 197
-2041160 67108874 1 4639
-2041303 72 1 9767
-2041304 37822464 0
-2041604 0 1 510401
-2041711 4 2 137 2129
-2042504 67108864 1 255313
-2049179 8 2 311 599
-2052011 272 1 5443
-2052419 2048 2 113 443
-2052655 10 1 37321
-2053160 67108866 1 51329
-2053495 32770 1 6961
-2054180 2 2 271 379
-2055556 128 1 22343
-2055823 12 1 26699
-2057935 262698 0
-2062676 1036 1 181
-2063636 0 2 283 1823
-2064179 65616 1 137
-2064440 50855942 0
-2064823 1081344 1 443
-2066120 67117062 1 157
-2067812 8224 1 647
-2067956 4104 1 1093
-2068759 131084 1 401
-2071460 2 1 103573
-2074952 67633256 0
-2075171 524804 1 131
-2079716 0 2 277 1877
-2085272 33554564 1 1619
-2088967 0 2 191 10937
-2091155 10 2 193 197
-2091943 3076 1 197
-2094692 0 1 523673
-2095135 518 1 1931
-2095448 33562624 1 5573
-2097511 48 1 9491
-2098148 16 2 157 257
-2098580 10 1 9539
-2102407 224 1 283
-2105719 2444 0
-2106103 0 2 379 5557
-2106851 1048576 1 26669
-2108479 128 1 91673
-2109199 256 2 257 283
-2110607 2129920 1 431
-2113111 28 1 2111
-2123960 33554690 1 1831
-2124536 33554432 1 265567
-2126660 2 2 113 941
-2126708 64 1 27983
-2127992 33554464 1 15647
-2129699 16408 1 281
-2133079 1180176 0
-2133716 1040 1 1109
-2134616 33554440 2 127 191
-2134820 2 2 173 617
-2136463 4 1 305209
-2139895 5122 1 269
-2140820 1034 1 263
-2143412 0 2 311 1723
-2145176 33554504 1 1283
-2147291 4096 1 49937
-2147959 520 1 6299
-2152927 4 2 457 673
-2155208 67108936 1 1289
-2159060 2050 1 2633
-2162767 0 2 487 4441
-2166212 0 2 197 2749
-2166440 67110914 1 1321
-2167940 65538 1 1777
-2168660 82 1 439
-2168996 32 2 167 191
-2170196 4 2 179 433
-2174312 67110916 1 947
-2176135 18 1 33479
-2177240 34619410 0
-2179112 67109008 1 911
-2179495 258 1 15031
-2179940 134 1 677
-2182856 67108880 2 139 151
-2183624 67108864 2 499 547
-2185259 2048 1 53299
-2186219 1156 1 367
-2187284 8 1 49711
-2188399 4096 1 50893
-2189624 33554432 2 191 1433
-2191759 32 2 229 563
-2193224 67108872 1 24923
-2194255 262150 1 883
-2194520 35651586 1 661
-2195716 64 2 167 173
-2196295 2 2 151 2909
-2196740 262198 0
-2197859 1052672 1 647
-2201204 1024 2 107 139
-2206211 4 2 271 1163
-2206964 262208 1 409
-2212903 268 1 991
-2214199 4144 1 233
-2214308 0 2 241 2297
-2214919 33284 1 173
-2215495 66 1 23321
-2217635 6 1 63361
-2217848 33554432 1 277231
-2218772 131104 1 487
-2219531 266240 1 727
-2220031 8 1 201821
-2220836 0 1 555209
-2223080 67108866 2 149 373
-2226103 8 2 157 1289
-2226692 16 1 42821
-2227495 2 1 445499
-2229251 64 1 117329
-2230519 32 2 179 733
-2232980 2 2 311 359
-2234372 4 2 199 401
-2234531 48 1 10111
-2235428 16 1 42989
-2235635 16777282 1 233
-2235812 2048 1 13633
-2235956 0 2 229 2441
-2238155 2 2 461 971
-2239160 33554446 1 727
-2243407 2097152 2 151 179
-2243527 280 1 541
-2244968 75497480 1 263
-2250824 67108864 1 281353
-2251735 32802 1 449
-2252887 84 1 1303
-2255095 514 1 14549
-2256008 67108864 1 282001
-2258051 0 2 463 4877
-2258936 42207232 0
-2260916 4 1 80747
-2264407 256 2 113 691
-2265151 4 2 151 2143
-2270984 67108864 1 283873
-2272004 16388 1 1531
-2272759 256 2 109 719
-2275064 33554440 2 103 251
-2279108 2064 1 1069
-2280776 67108864 2 137 2081
-2282095 16777218 1 4519
-2283895 322 1 829
-2286980 2050 1 2789
-2287571 56 1 941
-2288180 2 2 191 599
-2288503 4100 1 7603
-2289991 8 2 409 509
-2292980 2 1 114649
-2296591 8 2 103 2027
-2296904 67108896 1 16889
-2299220 14 1 1493
-2300180 8194 1 2447
-2302091 4616 1 157
-2302424 33554432 2 277 1039
-2303204 16777216 1 5701
-2303540 2 2 149 773
-2303912 67108880 1 22153
-2305495 65538 1 7559
-2305640 67108866 1 57641
-2306420 2 1 115321
-2306815 38 1 3877
-2307524 0 1 576881
-2307620 16390 1 311
-2309444 4352 1 463
-2310692 0 2 149 3877
-2310728 67108868 1 41263
-2311160 33554498 1 3041
-2312072 67127364 0
-2314664 67109128 1 907
-2316895 16390 1 1249
-2320831 64 1 122149
-2322056 67108872 1 26387
-2322899 16777216 2 109 211
-2324699 131120 1 157
-2325659 4194308 1 3733
-2325764 4 1 83063
-2329988 0 2 241 2417
-2330335 6 2 139 479
-2334871 12 1 30323
-2336840 67117066 1 113
-2340980 131074 1 1747
-2341352 67117072 1 479
-2343620 65570 1 113
-2345252 52 1 379
-2348599 136 1 9283
-2348863 8 1 213533
-2350691 4 1 335813
-2351335 6 1 67181
-2351972 68 1 4421
-2352511 16420 1 373
-2352632 33562624 1 6257
-2354023 4 2 523 643
-2357252 0 2 433 1361
-2360936 67108864 2 199 1483
-2361128 67108876 1 3833
-2361380 16777222 1 167
-2364680 67109378 1 1907
-2364995 2 2 331 1429
-2365028 0 2 313 1889
-2367368 67108864 2 223 1327
-2370395 1048610 1 353
-2372795 8322 1 439
-2374207 16777224 1 2137
-2375576 33587204 1 719
-2378468 0 1 594617
-2378744 33554432 2 409 727
-2380040 67109010 1 199
-2381288 67108884 1 3271
-2387540 65602 1 103
-2387651 516 1 11003
-2388851 32832 1 2131
-2394295 2 2 389 1231
-2397611 8192 2 139 367
-2398139 32 1 141067
-2398820 2 2 277 433
-2401016 33554560 1 13049
-2404804 0 1 601201
-2405672 69206016 1 3623
-2406776 33563648 1 173
-2406980 2 1 120349
-2408051 524288 1 32987
-2409895 1048578 1 6101
-2414047 256 1 83243
-2414815 8388626 1 383
-2417012 16400 1 877
-2418164 131076 1 1289
-2418260 262162 1 131
-2424583 4 1 346369
-2428019 8 2 103 2143
-2430884 0 1 607721
-2430895 2 1 486179
-2432072 67108864 1 304009
-2433032 67108996 1 1889
-2433823 1028 1 9397
-2438552 33554816 1 457
-2441012 4 1 87179
-2442692 132 1 3793
-2443556 0 2 257 2377
-2446580 2 2 149 821
-2450383 16 1 188491
-2451380 66 1 6451
-2452063 8388640 1 1487
-2452379 512 2 239 331
-2455268 0 1 613817
-2457103 8 2 139 1607
-2458040 33554706 1 163
-2459476 0 2 109 5641
-2461460 130 1 5351
-2463032 33554456 1 2153
-2464868 8196 1 1873
-2465795 2 1 493159
-2470484 0 2 719 859
-2473903 384 1 3709
-2473924 262656 1 281
-2476279 16 2 239 797
-2477480 67108866 2 241 257
-2478068 16384 1 11689
-2479880 67108946 1 251
-2481140 2 2 131 947
-2481704 67109184 1 563
-2483839 1048704 1 1367
-2484020 14 1 1613
-2486743 36 1 20897
-2487704 33554432 2 149 2087
-2493491 24604 0
-2494580 426 0
-2494808 33554432 2 197 1583
-2499655 258 1 17239
-2500088 33554976 1 593
-2500931 256 1 86239
-2501252 16 2 103 467
-2501828 4 2 199 449
-2501912 33558532 1 1039
-2502436 0 1 625609
-2505140 32778 1 193
-2508035 130 2 113 193
-2508895 2 1 501779
-2514971 0 2 149 16879
-2516984 33554432 1 314623
-2526895 528518 0
-2533279 1028 1 9781
-2533976 34078720 1 4339
-2534359 0 2 109 23251
-2534852 524288 1 8681
-2534984 67371008 1 4463
-2537048 33554432 2 307 1033
-2539688 67108864 2 523 607
-2540072 67108960 1 983
-2540335 6 2 181 401
-2541752 33555968 1 277
-2550484 1088 1 907
-2553236 131076 1 1361
-2553847 64 2 139 967
-2555348 64 1 33623
-2556424 67117072 1 523
-2556539 512 1 82469
-2557807 132 1 15887
-2558408 67108864 2 193 1657
-2558612 388 1 137
-2564276 24 1 4483
-2564315 18 1 39451
-2565512 67633280 1 191
-2565899 131076 1 5471
-2566376 67108864 2 149 2153
-2566955 514 1 16561
-2567912 67110912 1 7829
-2568391 4 2 163 2251
-2568559 260 1 12653
-2569412 0 2 487 1319
-2571295 16898 1 313
-2573263 140 1 1453
-2573507 8392704 1 617
-2573579 8224 1 3221
-2573828 0 1 643457
-2576287 4 2 113 3257
-2578303 276 1 977
-2578580 514 1 4159
-2580068 512 1 20807
-2581076 32 1 37957
-2582959 526336 1 863
-2585095 16777218 1 5119
-2585411 32 1 152083
-2586788 32 2 109 349
-2588935 2 2 227 2281
-2590052 2080 1 929
-2590760 67108866 2 239 271
-2591503 0 2 1093 2371
-2592008 67108992 1 14087
-2592212 4100 1 2153
-2592872 83886080 1 3209
-2593495 2 1 518699
-2595560 67108906 1 347
-2598728 67108872 1 29531
-2599835 32774 1 1259
-2603876 2097800 0
-2605831 4325568 0
-2605832 67108864 1 325729
-2606072 33554436 2 173 269
-2606612 0 2 443 1471
-2606804 0 2 233 2797
-2607992 33554432 1 325999
-2612459 1024 1 70607
-2612744 67108864 1 326593
-2613944 33554752 1 593
-2614328 33562656 1 409
-2614759 4 2 107 3491
-2615204 0 1 653801
-2615819 4096 2 127 479
-2616008 67108864 1 327001
-2619320 33554442 1 5953
-2619812 2097168 1 607
-2620760 33554434 1 65519
-2621192 67108868 1 46807
-2621815 6 2 173 433
-2622011 4612 1 281
-2622104 41943552 1 109
-2622851 140 1 1481
-2623928 33554432 2 431 761
-2625799 8 1 238709
-2632388 264 1 2063
-2635880 67109906 1 137
-2637848 33554432 2 257 1283
-2638196 40 1 3527
-2640895 2 2 271 1949
-2641220 2050 1 3221
-2643284 131076 1 1409
-2643380 2 1 132169
-2645732 0 2 191 3463
-2645780 2 2 263 503
-2650004 266756 0
-2650504 67108896 1 19489
-2650580 2 1 132529
-2652680 69214242 0
-2652692 4 2 211 449
-2653135 514 1 17117
-2653903 4 2 271 1399
-2654372 8196 1 2017
-2659927 128 2 109 1061
-2660623 8196 1 8087
-2663684 0 1 665921
-2666239 8388608 1 27487
-2669060 2 2 113 1181
-2671064 33554440 2 127 239
-2672516 12 1 8677
-2672863 64 1 140677
-2673224 67113024 1 409
-2674472 67108864 2 197 1697
-2675780 2 2 337 397
-2676055 98 1 1657
-2677495 2 1 535499
-2678564 4 2 271 353
-2679631 16781312 1 617
-2681911 0 2 151 17761
-2684863 12582912 1 311
-2686148 0 1 671537
-2687455 66 1 28289
-2692580 10 1 12239
-2694055 534 1 191
-2695220 10 1 12251
-2696407 4 2 151 2551
-2697319 256 2 281 331
-2699492 2105344 1 173
-2700343 786432 1 521
-2702420 8388614 1 199
-2703076 512 1 21799
-2705480 67108866 2 239 283
-2705716 65552 1 853
-2708095 65554 1 683
-2711012 512 1 21863
-2712535 70 1 4079
-2714660 16402 1 197
-2715620 2 1 135781
-2716259 84 1 1571
-2719687 0 2 227 11981
-2721295 2 1 544259
-2721487 2097152 1 32789
-2723240 67108882 1 5237
-2726791 512 1 87961
-2727368 67108868 2 113 431
-2727752 67109408 1 647
-2727944 67108928 2 131 137
-2729732 128 1 29671
-2730596 8 2 229 271
-2731135 170 1 127
-2731640 33562626 1 1453
-2731663 8 2 103 2411
-2733572 0 2 197 3469
-2735972 65536 1 11213
-2736440 33554694 1 337
-2739971 80 1 11093
-2740255 32774 1 1327
-2741956 4 1 97927
-2742415 530 1 1361
-2744852 8 1 62383
-2745092 1572900 0
-2745844 1024 1 18553
-2758139 0 3 107 149 173
-2761412 32 1 40609
-2763299 44 1 2111
-2763563 8 1 251233
-2766244 16 1 53197
-2767711 1600 1 127
-2769971 0 2 883 3137
-2770979 8512 1 107
-2771699 4 2 167 2371
-2771891 192 1 6343
-2776376 34603136 1 191
-2777176 33556480 1 8467
-2779892 65536 1 11393
-2779931 1048588 1 457
-2788760 33554962 1 173
-2790788 2108 0
-2792852 16777728 1 223
-2795716 268 1 313
-2796047 1048576 1 35393
-2797495 2 2 239 2341
-2798744 33554480 1 1583
-2800015 2 2 257 2179
-2800520 67125250 1 1321
-2802788 4194304 1 7873
-2807287 260 1 13829
-2808152 33571840 1 179
-2809892 0 2 263 2671
-2810312 67108864 1 351289
-2814724 278568 0
-2814728 67108868 1 50263
-2822407 4 2 191 2111
-2825960 67129858 0
-2826104 33554432 1 353263
-2826971 4 2 223 1811
-2828315 6 1 80809
-2828836 10240 1 367
-2829860 74 1 677
-2830355 10 1 51461
-2830532 0 1 707633
-2831435 34 1 33311
-2832680 67108994 1 3079
-2833864 67108872 1 32203
-2833880 33554694 1 349
-2834888 67371652 0
-2835908 0 2 181 3917
-2837411 0 2 373 7607
-2837732 0 1 709433
-2837887 16 2 419 521
-2841604 131200 1 461
-2842340 1154 1 167
-2843896 33554472 1 1901
-2844440 37756962 0
-2844991 2097152 2 151 227
-2845892 134148 0
-2849263 524416 1 1697
-2850916 0 2 809 881
-2852263 0 2 131 21773
-2856136 67108896 1 21001
-2857640 67108866 2 199 359
-2857988 4 1 102071
-2860532 4096 1 16631
-2860964 32 1 42073
-2861579 516 1 13187
-2861695 34 2 131 257
-2864795 2 2 281 2039
-2865380 8388614 1 211
-2867192 33554432 2 199 1801
-2868995 2 2 149 3851
-2870623 1048836 1 179
-2870840 33554438 1 10253
-2876263 16 1 221251
-2877368 34078736 1 379
-2877512 67108936 1 1721
-2878568 67108876 1 4673
-2878772 2097552 0
-2879656 67108880 1 27689
-2885252 526336 1 241
-2885867 34816 1 1193
-2886008 33816576 1 5081
-2887412 8 2 137 479
-2887667 0 2 227 12721
-2889299 4356 1 331
-2889716 0 2 557 1297
-2892872 67108864 2 431 839
-2894584 33555468 1 127
-2894935 578 1 983
-2895236 32 1 42577
-2895343 8 1 263213
-2896735 130 1 25189
-2897192 67125248 1 6833
-2897720 34603014 1 131
-2901304 33554436 2 103 503
-2902139 0 2 271 10709
-2902979 0 2 443 6553
-2904011 8 2 227 1163
-2907395 258 1 20051
-2909588 4194312 1 743
-2910995 162 1 1489
-2912312 33556496 1 683
-2912420 262150 1 293
-2912651 1048708 1 229
-2914523 16384 2 127 433
-2915095 2 1 583019
-2916932 1024 1 19709
-2921348 32 1 42961
-2921780 2 2 139 1051
-2922223 1024 1 78979
-2922436 40 1 3907
-2923508 4 2 263 397
-2924095 4194306 1 6571
-2925515 40962 1 211
-2925560 33619978 1 109
-2927167 32768 1 49613
-2927348 8320 1 677
-2928548 2052 1 2551
-2928968 67108868 2 193 271
-2929087 8452 1 307
-2930239 48 1 13259
-2930312 67502092 0
-2932543 16384 1 55331
-2932820 10 1 13331
-2933047 16 1 225619
-2934271 128 2 113 1129
-2934680 33562630 1 223
-2935135 38 1 4933
-2936564 64 1 38639
-2937295 2 1 587459
-2939236 0 2 241 3049
-2941172 16 2 163 347
-2942815 66 1 30977
-2946980 258 1 5081
-2947940 2 1 147397
-2949908 270384 0
-2950052 4 1 105359
-2950255 9437198 0
-2952491 0 2 241 12251
-2954195 2 1 590839
-2955512 37748740 1 593
-2957044 0 2 467 1583
-2957780 1030 1 571
-2958452 2228292 0
-2959496 67117088 1 463
-2963828 4 2 151 701
-2966359 520 1 8699
-2968187 0 2 233 12739
-2968931 65572 1 409
-2970548 4 2 277 383
-2970847 131336 1 139
-2976251 8454144 1 503
-2976655 10 1 54121
-2978948 4 1 106391
-2979860 524306 1 157
-2984564 264 1 2339
-2985223 32832 1 2663
-2986628 32 2 167 263
-2987335 18 1 45959
-2994899 32896 1 2207
-2995144 67108864 2 107 3499
-2995748 8388612 1 1103
-2997295 262 1 2953
-2998292 2097160 1 821
-2998303 140 1 1693
-2998495 2 1 599699
-2999944 67108864 1 374993
-3001460 14 1 1949
-3001640 67108866 1 75041
-3003371 262148 1 6043
-3003572 4227096 0
-3007880 67109122 1 2593
-3010280 67108886 1 827
-3013115 198 1 197
-3013163 0 2 281 10723
-3014651 0 2 199 15149
-3018760 67108866 2 163 463
-3019423 72 1 14447
-3019499 524356 1 311
-3020420 18 1 11617
-3021256 67108868 1 53951
-3023239 0 2 1399 2161
-3023432 67108928 1 19891
-3023540 274 1 401
-3024260 2 1 151213
-3024376 33554432 2 257 1471
-3024392 67125252 1 1019
-3031451 0 3 113 139 193
-3033467 2048 2 241 307
-3034568 67125280 1 421
-3040148 8192 2 103 157
-3040996 131076 1 1621
-3042308 8388608 1 7841
-3045796 16 1 58573
-3045976 33562624 1 8101
-3047455 514 1 19661
-3047780 2 1 152389
-3049928 67108868 2 107 509
-3050051 64 2 229 701
-3051299 512 1 98429
-3051895 14 1 7927
-3052015 2 2 227 2689
-3052580 2 1 152629
-3052712 67108880 2 149 197
-3054584 33554576 1 1277
-3055384 33554432 2 617 619
-3055423 9220 1 251
-3056099 2048 2 131 569
-3058724 128 1 33247
-3059252 36 1 6427
-3060004 65536 1 12541
-3061112 33554432 2 239 1601
-3061160 67108866 2 103 743
-3062180 522 1 449
-3063560 67109186 1 139
-3064964 8228 1 137
-3065348 152 1 233
-3066131 0 2 239 12829
-3066248 67108864 1 383281
-3067220 8210 1 251
-3067636 536 1 173
-3070580 2 1 153529
-3073832 67108864 2 223 1723
-3075823 0 2 389 7907
-3079615 78 1 421
-3080411 0 2 179 17209
-3080792 33554456 1 2693
-3082916 32 1 45337
-3085715 2 2 619 997
-3089960 67108866 1 77249
-3091927 64 2 353 461
-3092404 4 2 179 617
-3092407 0 2 107 28901
-3094532 1284 1 103
-3094760 67108866 1 77369
-3095071 548 1 839
-3096971 8192 2 131 503
-3099380 514 1 4999
-3099668 24 1 5419
-3100187 256 1 106903
-3102659 4 1 443237
-3102904 33685508 1 827
-3104564 0 2 149 5209
-3112063 4718592 1 479
-3112904 67117088 1 487
-3113432 33570820 1 1049
-3115748 512 1 25127
-3115940 2 1 155797
-3116120 33554950 1 359
-3117128 67108868 1 55663
-3118280 67108938 1 373
-3121172 1024 1 21089
-3123755 32770 1 10589
-3127111 2064 1 5867
-3127639 0 2 139 22501
-3128312 33554504 1 1871
-3131588 128 1 34039
-3135076 2359364 0
-3139864 33554516 1 227
-3142484 1056 1 1249
-3142628 128 1 34159
-3143672 34078724 1 769
-3146852 0 2 271 2903
-3148955 2 2 389 1619
-3149432 33554456 1 2753
-3149699 1028 1 12161
-3154139 1024 1 85247
-3158660 2 1 157933
-3162295 2 1 632459
-3162731 56 1 1301
-3171368 67141632 1 6719
-3172580 542722 0
-3173720 33554442 1 7213
-3174136 33554436 1 56681
-3177128 67109504 1 557
-3177416 67108872 1 36107
-3177515 10 1 57773
-3179195 2 2 191 3329
-3179215 32786 1 829
-3179407 12 2 157 263
-3181640 67108878 1 1033
-3181688 33554432 2 137 2903
-3183380 2 1 159169
-3184712 67108896 1 23417
-3185960 67108994 1 3463
-3187556 0 1 796889
-3191411 131264 1 109
-3192179 0 2 353 9043
-3193652 12 1 10369
-3193988 1028 1 3083
-3195995 10 1 58109
-3196756 0 2 163 4903
-3197540 1282 1 149
-3197576 67108864 2 151 2647
-3197651 1024 1 86423
-3197672 67110912 1 9749
-3198127 128 2 211 659
-3203935 6 1 91541
-3204971 12 2 107 389
-3205207 0 2 337 9511
-3206036 2048 2 113 173
-3206372 16 2 197 313
-3206408 67108864 2 487 823
-3207535 2129922 1 131
-3210692 0 2 853 941
-3212699 4 1 458957
-3213755 66 1 33829
-3217235 6 1 91921
-3217543 4 1 459649
-3219752 67239936 1 6007
-3219908 640 1 1129
-3221459 32768 1 54601
-3226063 0 2 103 31321
-3229352 67108868 1 57667
-3229735 131586 1 311
-3230884 32 1 47513
-3236536 33554496 2 107 199
-3237736 68165632 1 109
-3239048 67239936 1 6043
-3239171 16777232 1 2467
-3239588 327720 0
-3239720 67109898 1 199
-3241259 131076 1 6911
-3242555 1048578 1 8209
-3244163 65552 1 4091
-3244232 67108864 1 405529
-3244760 33554434 1 81119
-3244868 264 1 2543
-3245335 2 2 433 1499
-3245896 67108864 2 151 2687
-3245960 67108930 1 4271
-3248819 164 1 1187
-3249080 33558530 1 1889
-3249611 0 2 211 15401
-3252055 514 1 20981
-3253460 38 1 1367
-3254824 67108864 2 139 2927
-3255496 67109376 1 13127
-3256259 1024 1 88007
-3257588 64 1 42863
-3262820 10 1 14831
-3263459 64 1 171761
-3263944 67108864 1 407993
-3265835 16777474 1 223
-3268903 4104 1 6911
-3269695 58 1 269
-3270371 16 1 251567
-3270463 4 1 467209
-3273032 67108868 2 211 277
-3273752 33554688 2 103 137
-3273895 2 1 654779
-3275455 2 2 449 1459
-3277595 66 1 34501
-3277928 67371264 1 199
-3278219 516 1 15107
-3284815 262210 1 487
-3286696 67108932 1 3089
-3286772 32832 1 733
-3288440 33554434 2 229 359
-3289028 0 2 233 3529
-3289928 67108864 1 411241
-3291535 1048594 1 641
-3291656 67108864 2 257 1601
-3293176 34078720 1 5639
-3296503 4 2 487 967
-3299335 18 2 193 263
-3300212 0 2 233 3541
-3301592 33554756 1 107
-3304936 67108960 1 1279
-3305819 8 2 397 757
-3305956 65568 1 797
-3310183 4224 1 3347
-3313255 10 2 107 563
-3315784 71303168 1 4657
-3317348 0 2 223 3719
-3318212 2048 1 20233
-3318847 260 1 16349
-3321556 4 2 313 379
-3322744 33554432 1 415343
-3323411 32788 1 619
-3324395 2 1 664879
-3328859 16777344 1 1433
-3329780 258 1 5741
-3331208 67108864 1 416401
-3331783 10324 0
-3331811 4 1 475973
-3331832 33554436 1 59497
-3332651 260 1 16417
-3333380 2 1 166669
-3333496 33554464 2 127 193
-3334148 0 1 833537
-3335108 68 1 6269
-3339635 18 2 191 269
-3340135 2 2 197 3391
-3343691 528 1 8297
-3344180 6 1 23887
-3344291 32 2 127 1549
-3344708 8192 1 17791
-3346264 33554944 2 103 131
-3347912 67108896 2 103 239
-3353407 0 2 787 4261
-3353672 67108868 1 59887
-3355156 4 1 119827
-3355352 33554460 1 419
-3357364 8388640 1 509
-3357419 16 2 271 953
-3358328 33554432 1 419791
-3359099 256 1 115831
-3359780 514 1 5419
-3359983 8527880 0
-3363304 67109188 1 109
-3364232 67109152 1 853
-3364244 528 1 2087
-3364532 128 1 36571
-3365939 0 2 331 10169
-3366011 520 1 9871
-3368120 33554566 1 523
-3368696 33554432 2 431 977
-3368824 33554432 1 421103
-3369847 16 1 259219
-3370328 33554576 1 1409
-3370495 2 1 674099
-3370696 67108996 1 2617
-3372632 33554432 2 103 4093
-3372995 65538 1 11059
-3374468 4224 1 853
-3375992 33554432 2 479 881
-3376063 133120 1 1229
-3377528 33554444 1 5483
-3378727 8 2 181 1697
-3381188 18432 1 389
-3381395 2 1 676279
-3385028 0 2 113 7489
-3385115 4194306 1 7607
-3386840 33554434 2 227 373
-3388264 67108872 2 139 277
-3390392 33824768 1 127
-3390995 2 1 678199
-3391636 32 1 49877
-3392863 1024 2 107 857
-3395051 8 1 308641
-3396440 33556546 1 109
-3396632 33685504 1 6337
-3401048 33554436 1 60733
-3401956 0 2 241 3529
-3405956 0 2 151 5639
-3407219 263168 1 1297
-3407887 65668 1 347
-3408248 33556480 1 10391
-3408515 266 1 2137
-3409087 1048584 1 3923
-3411860 514 1 5503
-3414404 4 2 197 619
-3415160 33554438 1 12197
-3422072 33554432 2 103 4153
-3423607 8 1 311237
-3424232 67117060 1 1301
-3426007 16 2 211 1249
-3428047 1048580 1 6199
-3428455 66 2 151 239
-3429683 16384 2 163 397
-3431288 33816580 1 863
-3431780 74 1 821
-3436087 6144 1 1949
-3438295 6 2 193 509
-3440459 8 2 257 1217
-3441463 8388640 1 2087
-3443780 2 2 409 421
-3443960 33555474 1 179
-3444007 33284 1 269
-3444103 16 1 264931
-3444367 1024 2 127 733
-3446527 132 1 21407
-3449699 2056 1 7649
-3449732 1048 1 163
-3450392 33554440 1 39209
-3452072 67108944 1 1747
-3452468 2097152 1 10399
-3452792 33554436 1 61657
-3455060 1414 0
-3455167 512 2 227 491
-3458072 33562656 1 541
-3458095 4194370 1 409
-3458552 33816576 1 6089
-3459035 2 2 149 4643
-3461171 4 2 383 1291
-3461795 34 2 139 293
-3462179 18907140 0
-3463684 4 2 103 1201
-3467108 0 1 866777
-3467224 33554432 2 347 1249
-3467335 2 2 107 6481
-3467492 1028 1 3347
-3468664 33554432 2 281 1543
-3469316 0 2 149 5821
-3471560 67141634 1 1471
-3473684 34816 1 359
-3474131 2097216 1 2203
-3474392 33587232 1 433
-3475220 6 2 103 241
-3478355 514 1 22441
-3479288 33554464 1 25583
-3479972 8388608 1 8969
-3480932 524308 1 131
-3482339 68 1 26183
-3482884 16778240 1 233
-3485540 65538 1 2857
-3487412 64 1 45887
-3487495 10 1 63409
-3494579 8 2 269 1181
-3498820 18 1 13457
-3499667 8256 1 3919
-3500867 2048 2 103 829
-3501092 68 1 6581
-3501179 8 1 318289
-3502952 67112992 1 599
-3503464 67108864 2 131 3343
-3503860 2050 1 4273
-3504260 2097154 1 2111
-3505096 67108868 1 62591
-3505183 8 1 318653
-3506503 540 1 113
-3507620 2 2 109 1609
-3508388 147536 0
-3508456 67121668 0
-3509480 67108914 1 397
-3509987 2097168 1 3253
-3511172 4 1 125399
-3513895 14 1 9127
-3514804 524288 1 12037
-3514807 34816 1 1453
-3516995 66 1 37021
-3518263 262148 1 7079
-3518287 10485952 0
-3519395 65546 1 1049
-3519560 67108938 1 421
-3519736 33563784 0
-3521252 131076 1 1877
-3523931 2097152 1 42457
-3524095 2 1 704819
-3525032 67108932 1 3313
-3525188 8224 1 1103
-3526259 40 2 109 173
-3526355 16390 1 1901
-3531620 258 1 6089
-3533432 33554436 1 63097
-3533620 98 1 547
-3534920 67239938 1 1319
-3535735 6 1 101021
-3535763 8204 1 977
-3535931 4 2 463 1091
-3536180 2 1 176809
-3537668 0 1 884417
-3541832 67108868 1 63247
-3541988 0 1 885497
-3542072 33556480 1 10799
-3543128 34078720 1 6067
-3549188 1024 1 23981
-3550211 132 1 22051
-3550568 67379268 0
-3555016 71303168 1 4993
-3556232 67108864 1 444529
-3556292 1024 1 24029
-3558779 4 2 163 3119
-3559220 6 1 25423
-3560648 67764244 0
-3562532 0 2 191 4663
-3564515 16386 1 13451
-3568019 20 1 39209
-3568595 258 1 24611
-3568628 4 2 233 547
-3569048 33554596 1 163
-3570308 8196 1 2713
-3570371 4 2 317 1609
-3572383 128 2 127 1223
-3572891 4 2 127 4019
-3574580 2 2 367 487
-3575695 33442 0
-3577235 16386 1 13499
-3577739 8 1 325249
-3577748 8388608 1 9221
-3577988 2048 1 21817
-3578315 18 1 55051
-3580472 33554468 1 3761
-3581555 2050 1 17471
-3586580 2 2 389 461
-3588035 4194314 1 733
-3589543 0 2 293 12251
-3591560 83886086 1 127
-3592595 65538 1 11779
-3594127 0 2 1451 2477
-3594179 0 2 313 11483
-3595172 4 1 128399
-3596072 67174400 1 7369
-3597539 8 2 359 911
-3598015 514 2 139 167
-3598532 4 1 128519
-3598696 67117088 1 563
-3598868 20 1 9887
-3599048 67108864 2 281 1601
-3606248 67108864 2 353 1277
-3606419 524288 2 127 389
-3606916 0 2 281 3209
-3611051 256 2 239 521
-3614948 32 1 53161
-3616903 32 2 151 1409
-3617383 12 2 109 431
-3623219 0 2 733 4943
-3623435 8389122 1 241
-3624740 38 1 1523
-3628903 524288 1 49711
-3629095 66 1 38201
-3629263 776 1 367
-3631268 32 1 53401
-3632311 0 2 419 8669
-3633011 128 2 191 827
-3634148 4 2 107 1213
-3637832 67239944 1 617
-3639295 10 1 66169
-3639799 2097152 1 43853
-3640811 0 2 733 4967
-3640952 34603012 1 823
-3641672 67108896 1 26777
-3642155 10 1 66221
-3644180 2 1 182209
-3648323 68 1 27431
-3649691 204864 0
-3650408 67108864 2 181 2521
-3651179 4 2 223 2339
-3651604 1032 1 2243
-3651668 2097184 1 647
-3652115 4194562 1 283
-3653023 8 2 313 1061
-3657496 33554432 2 281 1627
-3660943 24 1 25601
-3661448 67108868 2 151 433
-3661688 33554432 1 457711
-3662171 0 2 1879 1949
-3664739 1104 1 401
-3666343 2048 2 223 401
-3667064 33554432 2 367 1249
-3670232 33554464 1 26987
-3671192 33554436 1 65557
-3682087 2560 1 2897
-3685544 67108928 1 24247
-3686863 4096 2 179 479
-3694564 0 1 923641
-3697547 4 2 167 3163
-3697876 20 1 10159
-3699812 32 1 54409
-3700244 32768 1 15679
-3700580 4114 1 331
-3705668 8320 1 857
-3705779 108 1 149
-3708727 136 2 107 137
-3708968 67108864 2 157 2953
-3710072 33554432 2 167 2777
-3710195 2 2 241 3079
-3711496 67117056 1 9871
-3712804 0 2 631 1471
-3713579 1024 2 167 601
-3713647 4 2 197 2693
-3713780 2054 1 647
-3716776 67109380 1 2141
-3717428 8519704 0
-3722119 64 2 227 863
-3724820 10 1 16931
-3727204 16 2 229 313
-3728180 66 1 9811
-3737252 8192 2 103 193
-3737411 1048576 1 47309
-3737972 4 1 133499
-3738008 33816576 1 6581
-3738580 2 2 107 1747
-3740723 4 2 151 3539
-3741860 4162 1 229
-3743623 5136 1 181
-3745096 67108864 1 468137
-3747784 67108864 1 468473
-3748052 4108 1 283
-3748984 33554432 1 468623
-3750008 33554944 1 15121
-3750971 4 2 311 1723
-3753668 32 1 55201
-3753848 33554436 1 67033
-3757076 2560 1 739
-3762980 2066 1 353
-3768964 262272 1 577
-3769931 8 2 107 3203
-3770531 64 2 191 1039
-3770651 32 2 137 1619
-3771487 4096 2 139 631
-3771659 4096 2 239 367
-3773099 40 1 20177
-3773828 256 1 32533
-3773915 290 1 1531
-3774584 33587208 1 727
-3774968 33554432 1 471871
-3775268 524292 1 1847
-3779192 33554432 1 472399
-3781783 512 1 121993
-3782435 2 2 277 2731
-3782647 8 2 347 991
-3787135 1034 1 1861
-3791044 4194432 1 463
-3791315 266 1 2377
-3791459 36 2 151 211
-3794072 33554496 2 109 229
-3794372 0 1 948593
-3796772 4 1 135599
-3797348 0 2 151 6287
-3797531 512 1 122501
-3800104 67109388 1 199
-3800552 67108868 1 67867
-3801124 0 1 950281
-3803051 4 2 599 907
-3806536 68157504 1 317
-3807992 33554432 2 367 1297
-3808436 64 1 50111
-3809764 4 2 103 1321
-3812180 2050 1 4649
-3813055 262274 1 467
-3813736 67108864 2 277 1721
-3813908 131140 1 107
-3815695 8210 1 1249
-3816731 2048 2 127 733
-3821780 2 1 191089
-3821983 72 1 18287
-3826328 33554440 1 43481
-3831124 8 1 87071
-3832696 37748740 1 769
-3833236 8 1 87119
-3833555 8202 1 1483
-3833588 8 2 151 577
-3836219 131584 1 1847
-3837572 0 2 191 5023
-3843380 514 1 6199
-3844036 8324 1 127
-3844820 262 1 947
-3844840 67108930 1 5059
-3845527 4 2 317 1733
-3847327 8 2 397 881
-3847855 4106 1 1627
-3848680 67108874 1 8747
-3852395 2 2 149 5171
-3852440 33555522 1 137
-3852616 67108864 1 481577
-3852995 33794 1 353
-3853576 67108864 1 481697
-3853864 67108868 1 68819
-3855128 33562624 1 10253
-3856495 2 1 771299
-3857960 67112962 1 2243
-3860243 0 2 1327 2909
-3861364 16 1 74257
-3861572 4120 1 157
-3865940 18 1 14869
-3867016 67108864 1 483377
-3867940 4212738 0
-3868292 0 2 197 4909
-3868571 33124 0
-3868667 4104 1 8179
-3868808 67108864 2 281 1721
-3869956 0 2 397 2437
-3871652 512 1 31223
-3872219 65616 1 257
-3873124 256 2 173 193
-3873895 2 1 774779
-3874324 0 2 233 4157
-3878312 67108896 1 28517
-3878468 8 2 181 487
-3879784 67108864 2 157 3089
-3881176 33685520 1 557
-3882856 67108864 2 569 853
-3884627 2048 1 94747
-3885812 4 2 107 1297
-3889451 262400 1 1889
-3891371 4168 1 433
-3891608 33554436 1 69493
-3892520 67108994 1 4231
-3893348 16777344 1 419
-3895207 524288 1 53359
-3896263 4 1 556609
-3896584 67108864 1 487073
-3899027 8 2 127 2791
-3903364 2048 1 23801
-3903512 33620032 1 421
-3903844 4 1 139423
-3904715 2 2 113 6911
-3906343 196 1 1277
-3907640 35651594 1 107
-3910580 2114 1 251
-3914383 8 1 355853
-3915608 35651584 1 5897
-3915635 1048706 1 431
-3917348 0 1 979337
-3917407 272 1 10391
-3918340 2 2 107 1831
-3918347 2097184 1 2777
-3918488 33554436 2 167 419
-3918724 0 2 197 4973
-3920584 67110912 1 11953
-3924020 2 1 196201
-3924436 0 2 109 9001
-3925060 2 2 229 857
-3926132 4 2 281 499
-3926363 4 2 479 1171
-3927035 540934 0
-3928547 36 1 33013
-3928804 264 1 3079
-3930367 4 2 439 1279
-3935540 6 1 28111
-3937451 4 1 562493
-3938296 33556480 1 12007
-3939251 64 1 207329
-3940255 522 1 2311
-3941171 16 2 157 1931
-3942583 2097152 1 47501
-3943172 0 2 977 1009
-3944708 0 1 986177
-3945227 8216 1 587
-3946235 2098178 1 257
-3948964 32 1 58073
-3950740 2 2 251 787
-3951011 0 2 751 5261
-3952760 33554502 1 743
-3952907 4 1 564701
-3955303 8 2 103 3491
-3957995 2 1 791599
-3958040 33570818 1 1867
-3958264 33554432 1 494783
-3958423 4 1 565489
-3961636 4 2 151 937
-3962527 2048 2 127 761
-3964328 67142656 1 227
-3966856 67108992 1 21559
-3970067 0 2 251 15817
-3973355 32770 1 13469
-3973444 262176 1 823
-3975140 18 1 15289
-3975604 0 2 911 1091
-3976283 32 2 151 1549
-3978583 4 2 443 1283
-3979204 0 2 199 4999
-3981347 524288 1 54539
-3982216 71311396 0
-3983480 33570818 1 1879
-3984463 4 1 569209
-3985508 524288 1 13649
-3985595 2 1 797119
-3987331 0 2 311 12821
-3989455 2 2 619 1289
-3989540 4098 1 4639
-3991396 1048608 1 743
-3991748 16448 1 991
-3996488 67108864 2 607 823
-3997688 33554432 1 499711
-3999272 69206080 1 317
-3999899 576 1 6791
-4000324 0 1 1000081
-4003448 33554432 1 500431
-4004584 69207040 1 163
-4006504 67108864 2 131 3823
-4008895 10 1 72889
-4009208 33554436 1 71593
-4012019 8 2 569 641
-4014244 112 1 239
-4017428 33024 1 587
-4018180 2 1 200909
-4019339 4096 2 211 443
-4019348 0 2 107 9391
-4020184 33554436 1 71789
-4021112 33554464 1 29567
-4021876 135168 1 349
-4022315 10 1 73133
-4028171 580 1 977
-4028296 67108864 2 193 2609
-4030807 8 1 366437
-4031284 10240 1 523
-4031972 4 1 143999
-4033396 524352 1 727
-4034407 144 2 103 131
-4040915 524290 1 11071
-4046095 2 2 149 5431
-4047127 4 2 163 3547
-4047160 33558546 1 181
-4047967 12 1 52571
-4049060 34 1 11909
-4050515 70 1 6091
-4056980 2 2 109 1861
-4057355 66 1 42709
-4057924 524304 1 1069
-4058344 67110912 1 12373
-4059752 67108864 2 683 743
-4060259 132 1 25219
-4061492 0 2 193 5261
-4063988 0 2 709 1433
-4064099 16 1 312623
-4064459 4 2 311 1867
-4064644 16777216 1 10061
-4065055 2 2 139 5849
-4065607 4116 1 1039
-4067560 67633158 1 199
-4067672 33554500 1 3823
-4071320 33554506 1 487
-4071428 0 1 1017857
-4072264 67108868 1 72719
-4075940 8388618 1 191
-4076527 20 1 44797
-4077419 131136 1 3203
-4083491 16384 1 77047
-4083655 34 2 107 449
-4085048 33619976 1 761
-4085704 67108868 1 72959
-4092932 4194304 1 11497
-4094852 512 1 33023
-4094948 24 1 7159
-4097780 2 2 331 619
-4102504 67108868 1 73259
-4105547 512 1 132437
-4106047 8 2 283 1319
-4107415 274 1 2179
-4109795 66 1 43261
-4111883 0 2 271 15173
-4114283 4096 2 163 587
-4115780 66 1 10831
-4117060 34 1 12109
-4120088 33591556 0
-4120324 1081392 0
-4121795 2 2 479 1721
-4122008 33554952 1 1511
-4123988 72 1 4933
-4124024 33554432 2 193 2671
-4124887 264208 1 109
-4125583 12 2 131 409
-4125976 33554944 2 127 131
-4126280 67112962 1 2399
-4126760 69206026 1 113
-4128980 2 2 431 479
-4129015 1034 1 2029
-4129327 64 1 217333
-4129412 4 2 139 1061
-4131572 256 1 35617
-4134020 4298 0
-4134440 67110914 1 2521
-4135979 0 2 463 8933
-4138259 32 2 229 1063
-4139704 33620000 1 499
-4142312 67635200 1 173
-4142795 258 1 28571
-4144180 2 2 109 1901
-4145348 32 1 60961
-4148648 67108996 1 3221
-4150660 1311746 0
-4151003 0 3 103 191 211
-4153412 0 2 521 1993
-4155256 33554436 1 74201
-4155463 48 1 18803
-4156036 528384 1 331
-4156628 260 1 5119
-4156691 1036 1 1459
-4160095 1026 2 113 199
-4161620 2097282 1 109
-4163224 33554448 1 40031
-4168952 33554432 1 521119
-4171892 0 2 211 4943
-4172795 10 1 75869
-4176227 1544 1 331
-4176856 33555456 2 103 137
-4178468 1048580 1 1889
-4181284 0 1 1045321
-4183240 67108994 1 4547
-4183283 2097168 1 3877
-4186091 20 2 157 293
-4186148 32 1 61561
-4188904 67108864 2 139 3767
-4189864 67108996 1 3253
-4190980 2 1 209549
-4194260 6 1 29959
-4198276 0 1 1049569
-4199620 32770 1 3559
-4201499 16777248 1 2447
-4201876 4 1 150067
-4202596 0 2 751 1399
-4205047 8388620 1 563
-4205348 260 1 5179
-4205771 0 2 457 9203
-4206295 2 1 841259
-4206419 1028 2 109 149
-4207268 16 1 80909
-4209796 0 2 127 8287
-4210115 86 1 487
-4211623 73744 1 113
-4212904 79757312 0
-4213492 0 2 563 1871
-4214740 2097154 1 2539
-4216564 65544 1 1571
-4217095 2 2 541 1559
-4221092 4456448 1 167
-4224068 1024 1 28541
-4224248 33554436 2 241 313
-4224916 192 1 2417
-4225592 33619972 1 1237
-4225748 0 2 113 9349
-4226819 33280 1 2311
-4227460 2 1 211373
-4227608 33554444 1 6863
-4233316 0 1 1058329
-4242755 10 1 77141
-4242916 65536 1 17389
-4246324 0 2 389 2729
-4250056 67108864 2 347 1531
-4251203 8 2 163 2371
-4252760 33554434 1 106319
-4260932 131088 1 1223
-4263203 260 1 21001
-4265483 0 2 433 9851
-4266728 67108896 2 137 229
-4267495 322 1 1549
-4267571 76 1 2917
-4269967 16 2 503 653
-4271795 16777226 1 769
-4272248 33554432 2 193 2767
-4273999 0 3 109 113 347
-4275227 8 1 388657
-4275635 22 1 9397
-4276403 0 2 811 5273
-4277047 16801824 0
-4277416 67108888 1 3739
-4279543 8388608 1 44119
-4279940 70 1 1609
-4281895 16842754 1 139
-4286824 67108864 2 311 1723
-4288148 96 1 3319
-4290295 66 1 45161
-4291396 0 1 1072849
-4292824 33685504 1 8009
-4294660 2 1 214733
-4295540 2 2 397 541
-4295887 512 1 138577
-4297748 20 1 11807
-4297832 67108876 1 6977
-4299364 0 2 569 1889
-4301860 258 1 7417
-4303112 67108872 2 107 457
-4303204 524288 1 14737
-4305707 4 1 615101
-4306763 3104 1 167
-4307192 33554432 1 538399
-4309691 0 2 151 28541
-4309859 0 2 991 4349
-4309903 80 1 17449
-4310003 5242880 1 613
-4310267 16 2 233 1423
-4310699 10240 1 2237
-4310948 64 2 131 433
-4311995 2 1 862399
-4312259 68 1 32423
-4313944 33554432 2 167 3229
-4314872 33554464 1 31727
-4315960 33554474 1 577
-4316884 24 1 7547
-4317380 16386 1 4073
-4320731 2097152 1 52057
-4321688 33554436 2 229 337
-4326452 336 1 151
-4330088 67108868 1 77323
-4331896 33564672 1 281
-4334116 32 1 63737
-4337915 131202 1 563
-4340644 44 1 829
-4347908 16384 1 20509
-4348663 72 1 20807
-4349480 75530306 0
-4351880 67108882 1 8369
-4352059 8960 1 103
-4352531 0 2 271 16061
-4355780 26 1 1523
-4361060 4106 1 461
-4361224 67117060 1 1657
-4361240 33554450 1 8387
-4362212 0 1 1090553
-4363163 262148 1 8779
-4363832 33554472 1 2917
-4365032 67108996 1 3389
-4365368 33554436 2 137 569
-4365512 67108864 2 599 911
-4367531 4 1 623933
-4373656 33554436 1 78101
-4374260 32778 1 337
-4376440 33947778 0
-4377080 34078722 1 1499
-4380299 12 2 163 349
-4380424 67109408 1 1039
-4382623 16388 1 11813
-4385860 2 1 219293
-4385915 34 1 51599
-4386488 33554432 2 439 1249
-4388983 16384 1 82811
-4389428 0 2 167 6571
-4391588 0 1 1097897
-4392724 196 1 359
-4399240 67108866 2 109 1009
-4400180 2 1 220009
-4400888 33554432 1 550111
-4401316 524288 1 15073
-4402255 8218 1 131
-4403407 66560 1 1951
-4404488 67108872 1 50051
-4408019 204 1 131
-4408067 32768 1 74713
-4410967 8 1 400997
-4411892 0 2 587 1879
-4412008 67174400 1 9041
-4412228 128 2 199 241
-4414532 0 1 1103633
-4414712 33554560 1 23993
-4415348 262148 1 2221
-4415455 4106 1 1867
-4417144 33554464 1 32479
-4419368 67113216 1 443
-4420292 2048 1 26953
-4420660 131074 1 3299
-4423835 18 1 68059
-4425971 8 1 402361
-4427432 67108864 2 563 983
-4428131 0 3 113 149 263
-4433656 33554432 1 554207
-4434484 32 1 65213
-4434488 33554944 1 17881
-4434692 4194304 1 12457
-4438264 33554560 1 24121
-4444264 67108872 1 50503
-4446299 33336 0
-4451252 16 1 85601
-4451380 2 2 131 1699
-4451972 644 1 223
-4453060 16386 1 4201
-4455059 1028 2 103 167
-4455320 33554946 1 3593
-4456715 514 1 28753
-4457672 67633184 1 449
-4462744 35659800 0
-4462996 32768 1 18911
-4464452 0 2 157 7109
-4465955 18 2 127 541
-4467316 4 2 103 1549
-4467635 16514 1 733
-4468324 16388 1 3011
-4469764 4112 1 1999
-4470020 16386 1 4217
-4470136 34603016 1 643
-4472872 67108864 2 181 3089
-4473032 67112960 1 13003
-4473319 8192 1 95177
-4473812 4 1 159779
-4476676 0 1 1119169
-4477748 8 2 149 683
-4480772 4096 2 109 239
-4484459 4 2 337 1901
-4485755 2 2 421 2131
-4491131 0 2 167 26893
-4493320 67108882 1 8641
-4494488 33554496 1 29569
-4494932 16 1 86441
-4496143 524320 1 3623
-4497487 0 2 499 9013
-4500964 16777232 1 857
-4502411 192 1 10303
-4502603 36 2 157 241
-4504952 33554432 1 563119
-4505432 33554496 1 29641
-4515368 67108888 1 3947
-4515967 256 1 155723
-4516235 514 1 29137
-4517108 1152 1 1327
-4520420 642 1 317
-4521544 67108928 2 151 197
-4525508 272 1 3001
-4529672 67117060 1 1721
-4530212 0 2 197 5749
-4530452 0 2 233 4861
-4532171 4 1 647453
-4532356 262144 1 15959
-4533367 256 2 223 701
-4533572 0 2 727 1559
-4533860 258 1 7817
-4534663 4 1 647809
-4535027 4 1 647861
-4536212 96 1 3511
-4536376 33570832 1 823
-4537715 22 1 9973
-4537972 524288 1 15541
-4538132 16785408 1 239
-4538435 16781386 0
-4538888 67436544 1 131
-4539995 2 1 907999
-4541623 16384 1 85691
-4542436 0 2 881 1289
-4545491 786432 1 877
-4547716 0 2 953 1193
-4551703 1040 1 9463
-4554295 262146 1 12829
-4554616 34078728 1 709
-4555807 16781312 1 1049
-4556123 24 2 151 211
-4556387 8 1 414217
-4556612 32 2 113 593
-4557295 2 1 911459
-4557463 524288 2 149 419
-4557923 0 2 1747 2609
-4558235 10 2 179 463
-4561928 67108868 1 81463
-4562164 131328 1 587
-4562507 1024 1 123311
-4562596 32 2 229 293
-4563560 67108866 1 114089
-4564264 67182592 1 199
-4564903 4 2 421 1549
-4565363 8 2 181 2293
-4567715 2 2 457 1999
-4569607 16388 2 109 113
-4569796 1036 1 401
-4570187 0 2 919 4973
-4570820 2 2 449 509
-4573115 2 2 353 2591
-4574164 4 1 163363
-4574552 33554432 2 383 1493
-4574612 4 2 199 821
-4578308 4 2 113 1447
-4578587 144 1 15313
-4578724 0 1 1144681
-4581035 2 2 701 1307
-4581752 33554436 1 81817
-4582420 578 1 389
-4585715 2 2 827 1109
-4586260 10278 0
-4594744 33554444 1 7459
-4598120 67108866 2 139 827
-4598536 67108864 1 574817
-4603688 67109888 2 103 151
-4604132 1040 1 2393
-4604372 0 2 983 1171
-4604740 518 1 1061
-4607224 33554432 1 575903
-4609043 4194304 1 51787
-4609204 512 1 37171
-4612955 514 1 29761
-4613764 0 1 1153441
-4614103 272 1 12239
-4616792 35651616 1 409
-4623847 2097440 1 113
-4624715 98306 1 257
-4631524 2560 1 911
-4631579 128 2 349 577
-4631960 33558530 1 2693
-4633396 128 1 50363
-4634228 0 2 197 5881
-4634708 80 1 4691
-4635103 8 2 103 4091
-4637476 512 2 149 251
-4639112 67108864 2 631 919
-4641556 16777216 1 11489
-4646596 524288 1 15913
-4647940 1034 1 571
-4651172 0 1 1162793
-4651543 8336 1 331
-4655695 10 1 84649
-4656260 1048582 1 421
-4656587 16 2 181 1979
-4656904 67108868 2 137 607
-4657255 258 1 32119
-4658260 4194306 1 2617
-4658291 8 1 423481
-4659032 33554436 2 271 307
-4661368 33554432 2 103 5657
-4661620 65538 1 3821
-4663652 4 2 193 863
-4664023 20 2 107 479
-4664195 2 1 932839
-4664699 144 1 15601
-4665844 4096 1 27127
-4666427 0 2 457 10211
-4666835 2 2 109 8563
-4667003 8 1 424273
-4668728 33554432 2 223 2617
-4669336 33554436 2 199 419
-4669940 10 1 21227
-4670743 12 1 60659
-4672292 524288 1 16001
-4673047 0 2 163 28669
-4677107 32768 1 79273
-4677395 4194434 1 457
-4677604 0 1 1169401
-4678303 516 1 21559
-4678580 2 2 449 521
-4678936 33587328 1 431
-4680851 4100 1 15551
-4683784 67108868 1 83639
-4683908 32 1 68881
-4685560 33554570 1 463
-4686152 67108896 1 34457
-4686395 6 2 257 521
-4687508 2097156 1 2017
-4688132 0 2 269 4357
-4688660 131074 1 3499
-4688863 524288 1 64231
-4690015 10 2 269 317
-4695220 32898 1 173
-4695419 256 1 161911
-4695796 260 1 5783
-4699684 65576 1 103
-4700339 4 1 671477
-4700408 33554432 1 587551
-4700584 67108868 1 83939
-4700852 16 1 90401
-4702979 512 2 211 719
-4703743 8 2 283 1511
-4704035 6 1 134401
-4704583 272 1 12479
-4706296 33554948 1 2711
-4706680 33554506 1 563
-4707140 1026 1 6361
-4709656 33555460 1 2273
-4709956 0 1 1177489
-4711396 65536 1 19309
-4712372 4260356 0
-4714495 2 1 942899
-4715768 33554432 1 589471
-4717640 67141634 1 1999
-4719076 0 2 673 1753
-4721044 64 1 62119
-4722895 2 1 944579
-4723684 524292 1 2311
-4723780 578 1 401
-4724164 32 1 69473
-4726756 512 1 38119
-4727464 67373316 0
-4728607 16400 1 6863
-4729508 16388 1 3187
-4730836 1048584 1 1361
-4736164 256 1 40829
-4736404 32 1 69653
-4736795 102 1 419
-4739287 4 1 677041
-4742420 32770 1 4019
-4742507 44 1 3623
-4746004 1048704 1 653
-4749124 0 2 103 11527
-4751224 33554432 1 593903
-4751828 0 2 829 1433
-4752967 0 2 233 20399
-4754792 67108868 2 197 431
-4756595 16777218 1 9419
-4758308 0 1 1189577
-4758760 67108866 2 271 439
-4759220 2170882 0
-4763887 262144 2 229 293
-4764788 4 2 379 449
-4765112 33554440 2 173 313
-4765135 33026 1 557
-4765816 33554952 1 1747
-4767491 0 2 857 5563
-4770436 8 2 181 599
-4776155 258 1 32939
-4777663 296 1 881
-4778468 2048 1 29137
-4779679 0 2 883 5413
-4782035 2050 1 23327
-4782463 516 1 22039
-4784020 2 1 239201
-4785203 256 2 157 1051
-4787656 67108864 1 598457
-4788872 67108872 1 54419
-4789892 0 1 1197473
-4790647 640 1 6719
-4793620 18 2 103 179
-4795448 33554500 1 4507
-4795523 128 1 208501
-4801619 0 2 1783 2693
-4801720 33554446 1 1559
-4802315 6 1 137209
-4804180 2 1 240209
-4805764 288 1 2437
-4806424 33554436 1 85829
-4806995 2 1 961399
-4809160 67108866 2 251 479
-4809556 1024 1 32497
-4810456 33554980 1 163
-4814680 33562642 1 197
-4817527 32792 1 571
-4817528 33554464 1 35423
-4819636 32 1 70877
-4821304 35667968 1 137
-4822091 256 2 257 647
-4823240 67110946 1 173
-4824923 32 2 463 613
-4825432 33554432 2 257 2347
-4826003 20 2 181 293
-4830755 2 2 229 4219
-4831172 0 2 937 1289
-4834067 65540 1 11321
-4835579 4 2 331 2087
-4835699 32776 1 7451
-4836196 3072 1 797
-4838596 4 1 172807
-4840451 1036 1 1699
-4842635 2097158 1 1667
-4842856 67109888 1 16361
-4843163 16 2 103 3617
-4844099 176 1 953
-4844596 1048576 1 15331
-4844644 4 1 173023
-4848515 198 1 317
-4850963 16 1 373151
-4851812 4 2 241 719
-4854947 8388608 1 50051
-4858232 33554432 2 431 1409
-4859348 176 1 239
-4860779 12 1 63127
-4860827 16777312 1 149
-4862195 594 1 127
-4863364 8 2 107 1033
-4863703 16 2 157 2383
-4864523 128 1 211501
-4866755 66 1 51229
-4873235 2 2 409 2383
-4873307 1024 1 131711
-4874260 16777282 1 127
-4875007 0 2 157 31051
-4875076 0 2 503 2423
-4875736 33554464 1 35851
-4882691 8 1 443881
-4883380 262210 1 181
-4883771 512 2 257 613
-4883915 2 2 167 5849
-4885112 33554432 1 610639
-4885156 0 1 1221289
-4886312 67108864 2 541 1129
-4887463 4 2 383 1823
-4890136 33554432 2 211 2897
-4892743 16777216 2 193 251
-4893127 96 1 15149
-4896539 4224 1 4951
-4898287 128 1 212969
-4902820 18 2 109 173
-4904291 4 2 641 1093
-4906532 1048576 1 15527
-4906756 0 2 433 2833
-4907060 524290 1 3361
-4909667 8196 1 14923
-4914635 74 1 4703
-4914788 0 2 709 1733
-4916824 33587208 1 947
-4917847 8 2 647 691
-4917851 0 2 1097 4483
-4918211 4096 1 114377
-4919887 4 2 211 3331
-4919915 30 1 983
-4920436 1048704 1 677
-4922980 2 2 131 1879
-4924543 48 1 22283
-4927684 262144 1 17351
-4928099 1064968 1 107
-4931972 67872 0
-4932895 10 1 89689
-4934468 1036 1 433
-4935304 67108904 1 3299
-4935755 4106 1 2087
-4937464 33554436 1 88169
-4938488 33554432 1 617311
-4938515 2 2 293 3371
-4939715 330 1 163
-4940603 0 2 797 6199
-4941976 33622096 0
-4944376 33554944 1 19937
-4945096 67108912 1 2797
-4950740 34 1 14561
-4952047 32768 1 83933
-4953103 32 1 291359
-4955704 33554480 1 2803
-4958980 18 1 19073
-4959032 33556496 1 1163
-4960456 67108992 1 26959
-4960984 33554436 1 88589
-4961012 16388 1 3343
-4962947 8 1 451177
-4964612 32 1 73009
-4966868 0 2 373 3329
-4967480 33554438 2 113 157
-4968392 83890200 0
-4968395 2 1 993679
-4970708 0 2 541 2297
-4971160 33555010 1 211
-4973252 0 2 103 12071
-4973780 6 1 35527
-4973795 514 1 32089
-4974563 8 1 452233
-4977247 8 2 331 1367
-4977487 64 1 261973
-4978087 0 2 2089 2383
-4978495 2 1 995699
-4979387 324 1 1291
-4979908 0 2 1013 1229
-4980227 4 2 131 5431
-4981087 128 1 216569
-4981576 67125760 1 379
-4983083 1048580 1 9011
-4986280 67112978 1 223
-4990643 2052 1 17389
-4992203 32 1 293659
-4993156 4 1 178327
-4993508 16 2 109 881
-4994027 2097152 1 60169
-4994420 2 1 249721
-4995220 2 2 379 659
-4996456 67109376 1 20147
-4996739 1032 1 12277
-4998728 67108996 1 3881
-5000312 33554464 1 36767
-5001304 33554572 1 353
-5001823 16777216 1 49523
-5003236 164 1 457
-5004004 524288 1 17137
-5004179 128 1 217573
-5006603 4 1 715229
-5008264 67108864 1 626033
-5016820 2 1 250841
-5016823 66052 1 379
-5019428 128 1 54559
-5019467 0 2 257 19531
-5019604 0 2 157 7993
-5019691 4096 2 107 1091
-5020691 16 2 127 3041
-5022136 33554436 1 89681
-5022664 67110912 1 15313
-5025727 36 2 157 269
-5027047 0 2 389 12923
-5027140 2 2 157 1601
-5027192 33554432 1 628399
-5027407 12 2 109 599
-5028632 33554436 1 89797
-5031223 1024 1 135979
-5033416 67108864 1 629177
-5035220 2 1 251761
-5036632 33555072 1 883
-5036884 1024 1 34033
-5040755 546 1 1913
-5042260 65538 1 4133
-5042267 128 2 211 1039
-5043908 0 2 761 1657
-5044420 2 2 311 811
-5051284 4194308 1 2027
-5051483 16384 1 95311
-5052971 12 2 137 479
-5054527 0 2 149 33923
-5056595 98306 1 281
-5058068 128 1 54979
-5061563 1072 1 619
-5064488 67108952 1 233
-5066072 33554568 1 2503
-5066132 0 2 173 7321
-5068804 16 2 107 911
-5069771 66052 1 383
-5069828 0 2 337 3761
-5070947 4132 1 991
-5071571 0 2 157 32303
-5072132 16 2 103 947
-5073556 8192 1 26987
-5074996 128 1 55163
-5077139 266240 1 1663
-5077540 32786 1 331
-5079976 67108872 1 57727
-5083667 2097280 1 2663
-5085368 33554432 2 263 2417
-5087092 8192 1 27059
-5090596 4 2 281 647
-5092643 1024 1 137639
-5093963 2052 1 17749
-5095204 2097152 2 103 149
-5096527 1048576 1 64513
-5098084 262400 1 619
-5098936 33824768 1 191
-5101715 8519682 1 157
-5101816 33554432 1 637727
-5103620 2 1 255181
-5106308 0 2 241 5297
-5107396 8196 1 3881
-5112964 0 2 337 3793
-5113543 512 1 164953
-5113576 67108880 1 49169
-5113636 648 1 163
-5114120 67141642 1 197
-5116660 16777250 1 149
-5119864 33554432 1 639983
-5123320 33554434 2 349 367
-5124580 2 2 257 997
-5126552 33554432 2 241 2659
-5126644 8912896 1 181
-5127059 516 1 23627
-5129236 1028 1 4951
-5129503 0 2 103 49801
-5131807 2097184 1 3637
-5133016 33816580 1 1291
-5134712 35652680 0
-5135939 0 2 1381 3719
-5136632 33554432 1 642079
-5138312 67109376 1 20719
-5141224 67109896 1 1579
-5142616 33554624 1 1471
-5146804 272 1 3413
-5148980 16777218 1 2549
-5151908 384 1 1931
-5154968 42467348 0
-5156116 4 2 107 1721
-5158868 280 1 311
-5160731 4096 1 120017
-5161576 67174404 1 1511
-5162884 2048 1 31481
-5166040 33587210 1 199
-5167303 32 1 303959
-5167816 67633152 1 8849
-5168884 36 1 10859
-5171219 0 2 113 45763
-5174408 67108864 2 683 947
-5174644 768 1 1439
-5176276 4 2 223 829
-5177503 32 1 304559
-5178020 4194306 1 2909
-5178964 1028 1 4999
-5180792 33554688 2 137 163
-5183528 67108868 2 151 613
-5184424 67112964 1 2153
-5185060 514 1 8363
-5187035 6 1 148201
-5187812 2052 1 4519
-5188084 8 1 117911
-5191880 68174338 0
-5192344 34078752 1 523
-5192843 0 2 1093 4751
-5192852 4164 1 227
-5192963 128 1 225781
-5196872 75498496 1 181
-5196899 64 1 273521
-5199608 33554432 2 383 1697
-5203412 768 1 1447
-5204435 514 1 33577
-5205848 33554752 1 1181
-5205943 64 1 273997
-5206036 8 2 179 661
-5209204 28 1 1301
-5209480 67117090 1 163
-5210051 262156 1 953
-5211227 4 2 179 4159
-5212744 67108896 1 38329
-5213944 41943040 1 6719
-5215096 33554432 2 103 6329
-5215384 33558528 1 15161
-5216603 32804 1 743
-5218804 16384 2 103 239
-5220728 33554432 1 652591
-5224427 16777360 1 173
-5225647 36 1 43913
-5226463 104 1 1471
-5226515 32774 1 2531
-5227096 33554948 1 3011
-5230292 128 2 139 409
-5230504 67108864 2 421 1553
-5232328 68157472 1 487
-5232520 67108866 2 257 509
-5233876 0 2 953 1373
-5235940 2 2 389 673
-5236303 512 1 168913
-5237411 32 2 191 1613
-5237483 64 1 275657
-5240503 256 2 157 1151
-5243287 388 1 1123
-5244611 512 1 169181
-5244995 6 2 277 541
-5248328 67110912 1 16001
-5248595 10 1 95429
-5249819 1664 1 199
-5250611 0 3 131 149 269
-5259796 524288 1 18013
-5260952 33554432 2 227 2897
-5262520 33816610 1 109
-5264020 2 1 263201
-5265508 1048640 1 877
-5267012 0 2 433 3041
-5267416 33554476 1 503
-5268943 8388608 1 54319
-5270212 0 1 1317553
-5270867 36 1 44293
-5273464 33554436 1 94169
-5273555 134 1 6551
-5277208 33554464 1 38803
-5277443 0 2 1549 3407
-5281096 67108864 1 660137
-5281208 33718272 1 167
-5282296 33554432 2 191 3457
-5283943 4 2 151 4999
-5286632 67108880 1 50833
-5289572 16777216 1 13093
-5289851 131076 1 11279
-5289971 0 2 1499 3529
-5290360 33554498 1 6961
-5290835 2162762 0
-5291380 130 1 11503
-5293208 50331648 1 6551
-5294315 8210 1 1733
-5295304 67108868 1 94559
-5296564 20 1 14551
-5302504 67108896 2 127 307
-5305384 67108868 2 211 449
-5305427 64 2 103 2711
-5306312 67108904 1 3547
-5312104 67109124 1 3271
-5315092 0 2 431 3083
-5316520 67112970 1 281
-5318260 32770 1 4507
-5319752 67108864 2 449 1481
-5322068 0 2 263 5059
-5322196 8392968 0
-5323624 71303168 1 7477
-5325707 512 2 149 1153
-5326952 67109120 1 22961
-5330344 75497472 1 6869
-5335624 67108868 1 95279
-5338660 2 1 266933
-5339003 32 1 314059
-5341540 2 2 409 653
-5342612 1065224 0
-5344996 0 2 239 5591
-5347816 67108928 2 151 233
-5349016 33555488 1 1063
-5351171 4 2 211 3623
-5354171 131072 2 157 509
-5354360 33558538 1 283
-5356715 65558 1 193
-5356772 0 2 173 7741
-5357716 2068 1 359
-5358227 4 1 765461
-5359396 4 2 277 691
-5360356 64 2 251 281
-5364532 0 2 569 2357
-5365156 0 2 673 1993
-5366507 8192 2 227 503
-5367976 67108864 2 107 6271
-5371412 0 2 367 3659
-5371960 33554698 1 421
-5373995 10 2 199 491
-5377355 2082 1 1543
-5378603 0 2 509 10567
-5381579 4164 1 941
-5382724 8388608 1 13873
-5383112 75497476 1 991
-5386739 4128 1 7369
-5391992 33556512 1 967
-5392835 6 1 154081
-5395135 16386 1 20359
-5397140 70 1 2029
-5399140 2 2 113 2389
-5399348 0 2 929 1453
-5404660 2 2 181 1493
-5405524 32 1 79493
-5407643 16384 1 102031
-5409304 33554432 2 563 1201
-5420987 24 2 167 227
-5423512 33555008 1 1151
-5425924 36 1 11399
-5432915 2 2 491 2213
-5441767 0 2 2213 2459
-5441863 4 2 701 1109
-5443636 8 1 123719
-5443832 33554432 2 137 4967
-5444680 68157442 1 1723
-5445668 0 1 1361417
-5445827 131072 1 81281
-5446232 33554440 2 199 311
-5446423 4224 1 5507
-5448664 33554448 1 52391
-5449592 33554432 2 727 937
-5451844 0 2 1109 1229
-5452808 67633152 1 9337
-5454244 1024 2 137 269
-5454755 258 1 37619
-5454820 8198 1 829
-5455576 33555460 1 2633
-5456116 2144 1 103
-5457860 514 1 8803
-5460424 67108864 2 107 6379
-5464232 67108864 2 797 857
-5465027 64 2 383 751
-5466899 10240 1 2837
-5471819 3072 1 3607
-5473448 67108992 2 151 197
-5478692 672 1 113
-5480132 68 1 10301
-5483044 36 1 11519
-5483972 16 2 163 647
-5487316 69632 1 523
-5487364 0 1 1371841
-5491540 3074 1 181
-5491684 72 1 6569
-5492980 2 2 269 1021
-5495764 0 2 241 5701
-5496091 3072 1 3623
-5496131 4096 1 127817
-5496703 512 2 233 761
-5497547 8 2 311 1607
-5501171 16 2 263 1609
-5502760 67117058 1 2927
-5504291 2192 1 449
-5504740 2 2 449 613
-5509931 4 2 547 1439
-5510195 2050 1 26879
-5510435 4260102 0
-5516243 0 2 179 30817
-5516459 16 1 424343
-5517083 2072 1 941
-5517668 16 1 106109
-5519380 2 1 275969
-5522132 12 1 17929
-5523064 33563648 1 397
-5523583 16 1 424891
-5524840 67109890 1 3733
-5525747 256 1 190543
-5528056 33554432 2 127 5441
-5529635 2 2 389 2843
-5529844 128 1 60107
-5530276 512 2 103 433
-5532196 0 2 401 3449
-5533396 131080 1 1877
-5533720 33555458 1 3739
-5534968 33554432 1 691871
-5537507 0 2 277 19991
-5537860 2 2 409 677
-5540740 2306 1 233
-5540843 12 2 227 317
-5541064 67109376 1 22343
-5543531 4 1 791933
-5544035 8650886 0
-5545283 64 1 291857
-5545508 0 1 1386377
-5546344 67125248 2 103 127
-5549167 16 1 426859
-5552644 0 1 1388161
-5552980 16777218 1 2749
-5554087 44 1 4243
-5554696 67108868 1 99191
-5555147 16 2 569 751
-5555407 16408 1 733
-5555795 6 2 181 877
-5556247 262144 2 139 563
-5560619 1024 1 150287
-5560808 67109128 1 2179
-5560996 68 1 10453
-5561416 67117060 1 2113
-5563283 1032 1 13669
-5564356 3076 1 131
-5565203 4 2 439 1811
-5565620 2 2 421 661
-5567896 33554432 2 479 1453
-5569240 33833986 0
-5576116 20 1 15319
-5577608 67108864 1 697201
-5579047 0 2 619 9013
-5581327 0 2 461 12107
-5581891 772 1 887
-5582440 67239938 1 2083
-5584216 37749384 0
-5585339 8192 2 151 787
-5593187 524320 1 4507
-5593864 67108864 2 233 3001
-5594404 0 2 113 12377
-5597284 44 1 1069
-5597764 0 1 1399441
-5602355 1034 1 2753
-5602420 2 1 280121
-5606824 67108928 1 36887
-5608036 16388 1 3779
-5608115 2 2 773 1451
-5608595 2050 2 109 251
-5609284 262144 1 19751
-5611355 258 1 38699
-5612267 16777216 2 181 307
-5614564 0 1 1403641
-5617307 327680 1 1297
-5617715 524290 1 15391
-5618072 33554624 1 1607
-5619395 2 1 1123879
-5619988 8 1 127727
-5620276 64 1 73951
-5621455 65542 1 2633
-5622088 69206016 1 8467
-5623928 33554432 1 702991
-5624212 524328 1 103
-5624836 8388676 1 109
-5631604 8 2 149 859
-5632715 8202 1 2179
-5632891 131080 1 7643
-5635063 1028 1 21757
-5636527 272 1 14951
-5636584 67108864 2 167 4219
-5636596 4 1 201307
-5640440 33554450 1 10847
-5643943 1024 1 152539
-5645387 8 2 191 2687
-5648836 8192 1 30047
-5649655 10 2 139 739
-5649880 33554434 2 137 1031
-5651528 67175424 1 313
-5653412 524352 1 1019
-5653636 4194304 1 15881
-5654680 33554434 2 373 379
-5654852 8196 1 4297
-5659684 0 1 1414921
-5660248 33554440 2 131 491
-5660296 67110912 1 17257
-5662264 33622016 1 283
-5663723 16 2 191 2281
-5664068 2048 1 34537
-5666020 258 1 9769
-5667587 0 2 967 5861
-5668564 8 1 128831
-5669620 10 1 25771
-5670244 0 1 1417561
-5671540 38 1 2383
-5675176 67108880 2 197 277
-5675503 131456 1 127
-5675908 8260 1 227
-5678072 33554432 2 647 1097
-5678408 67112992 1 971
-5679940 262 1 1399
-5681767 276 1 2153
-5684116 320 1 2579
-5685784 33554576 1 2377
-5686207 0 2 151 37657
-5695924 16 1 109537
-5699123 2048 2 229 607
-5699560 71303170 1 1601
-5699860 130 1 12391
-5700724 8192 1 30323
-5701864 67109124 1 3511
-5703223 2048 2 113 1231
-5703380 514 1 9199
-5707156 20 1 15679
-5708548 0 2 109 13093
-5710276 131096 1 149
-5710532 128 1 62071
-5712008 67108928 1 37579
-5713268 2056 1 3167
-5716744 67108872 2 167 389
-5717620 2 2 263 1087
-5721227 128 1 248749
-5728808 67108864 2 761 941
-5732552 67108868 1 102367
-5734327 0 2 239 23993
-5735560 67108866 2 223 643
-5736131 128 1 249397
-5738503 544 1 10889
-5741147 0 2 433 13259
-5741432 33554432 1 717679
-5741476 2064 1 2693
-5742827 0 2 607 9461
-5744555 98 1 3557
-5744980 65570 1 277
-5745220 82 1 1163
-5747555 522 1 3371
-5749087 8192 1 122321
-5749423 0 2 109 52747
-5750843 4 2 283 2903
-5754539 8196 1 17491
-5755336 67109504 1 1009
-5756296 67108884 1 7907
-5757064 67108864 1 719633
-5757124 8192 2 113 271
-5757316 0 1 1439329
-5757556 4 1 205627
-5759236 262148 1 2897
-5759716 1024 1 38917
-5760436 4194312 1 1471
-5762887 16 2 113 3923
-5764276 4 2 127 1621
-5764955 38 1 9689
-5766728 67108936 1 3449
-5767652 8200 1 2789
-5771380 688130 0
-5773091 32768 1 97849
-5775736 33562624 1 15361
-5776232 67108876 1 9377
-5776835 8392706 1 277
-5777140 194 1 661
-5777699 256 2 167 1193
-5777767 262208 1 4283
-5778487 56 1 2377
-5778520 33554570 1 571
-5778947 0 2 1163 4969
-5779208 67108864 2 137 5273
-5780356 0 2 653 2213
-5786728 67108864 2 269 2689
-5791979 64 2 223 1367
-5793188 4194304 1 16273
-5793347 4164 1 1013
-5795339 8 2 251 2099
-5796916 4096 1 33703
-5797204 100 1 641
-5798536 67633152 1 9929
-5799368 67110912 1 17681
-5800232 67109248 1 1087
-5802244 8196 1 4409
-5804435 22 1 12757
-5805256 75497472 1 7481
-5806340 2 1 290317
-5807411 0 2 109 53279
-5808223 1024 1 156979
-5813848 33554624 1 1663
-5814052 0 1 1453513
-5814068 48 1 6577
-5814616 33816832 1 353
-5814760 67108934 1 1093
-5818024 67371008 1 10243
-5819747 0 2 1559 3733
-5820136 67112964 1 2417
-5820731 16777220 1 8233
-5821219 262144 2 163 503
-5823428 16400 1 2113
-5825179 512 1 187909
-5826964 65560 1 167
-5830235 34 2 113 607
-5831188 8 1 132527
-5833835 134 1 7247
-5833928 67371008 1 10271
-5838856 67108864 2 283 2579
-5843032 33554512 1 2957
-5844964 525312 1 541
-5847976 67108864 2 113 6469
-5848996 0 1 1462249
-5849560 33554434 1 146239
-5849723 8 1 531793
-5850340 2 1 292517
-5851336 67108864 2 601 1217
-5852408 33554432 2 673 1087
-5854408 67108868 1 104543
-5856515 6 1 167329
-5856760 33554454 1 1609
-5860715 6 1 167449
-5861044 196 1 479
-5862148 128 1 63719
-5864920 33554498 1 7717
-5865443 0 2 739 7937
-5867171 0 2 1913 3067
-5867620 10 2 149 179
-5868760 33554434 1 146719
-5869288 67108864 2 157 4673
-5875427 64 2 109 2837
-5875480 33554450 1 11299
-5876164 32772 1 3557
-5877848 33554944 2 137 173
-5880107 0 2 421 13967
-5883703 1028 1 22717
-5886196 0 2 127 11587
-5890327 0 2 1831 3217
-5893667 80 2 107 223
-5895172 0 1 1473793
-5900455 262154 1 1511
-5900644 0 2 241 6121
-5910788 16 2 197 577
-5918291 448 1 467
-5919316 131088 1 1699
-5920456 67108864 2 659 1123
-5922628 0 2 421 3517
-5925016 33587200 1 12553
-5925539 0 2 163 36353
-5925572 12288 1 733
-5925899 4 2 103 8219
-5926744 33554464 1 43579
-5928184 34078720 1 10151
-5929379 10272 1 181
-5931515 322 1 2153
-5931668 0 2 547 2711
-5933224 67108872 2 191 353
-5934088 67108896 1 43633
-5937908 17408 1 757
-5938207 8 1 539837
-5939432 67109120 1 25601
-5944936 75505664 1 163
-5945027 8 2 107 5051
-5945243 65536 1 97463
-5946563 68 1 44711
-5946820 10 1 27031
-5950699 2048 1 145139
-5951224 33554464 1 43759
-5955496 67241984 1 271
-5958136 33554432 1 744767
-5969284 17408 1 761
-5969764 4196352 1 409
-5970755 518 1 5503
-5971652 1024 2 157 257
-5972195 2 1 1194439
-5973188 304 1 233
-5973460 34 1 17569
-5980756 262144 1 21059
-5984068 32 1 88001
-5986643 16 2 439 1049
-5988899 4194308 1 9613
-5992840 67108902 1 1259
-5996104 67108896 1 44089
-5996536 33554452 1 8237
-5999915 66 2 137 461
