-230831 64 1 12149
-299111 0 2 113 2647
-313631 8192 1 6673
-376535 2 1 75307
-390071 8 1 35461
-394799 0 2 103 3833
-405839 4 1 57977
-438839 8192 1 9337
-463991 8 1 42181
-503519 64 1 26501
-531479 16 1 40883
-534335 2 1 106867
-576263 0 2 173 3331
-605783 8192 1 12889
-621167 64 1 32693
-623519 16 1 47963
-636311 16 1 48947
-669215 2 1 133843
-692903 32 1 40759
-700991 0 2 283 2477
-701207 16 1 53939
-717215 2 1 143443
-723335 2 1 144667
-738799 0 2 223 3313
-739639 8192 1 15737
-746519 0 2 683 1093
-756824 33554432 1 94603
-788311 0 2 241 3271
-793943 0 2 229 3467
-810527 0 2 199 4073
-816215 2 1 163243
-820007 0 2 109 7523
-864719 0 2 139 6221
-898904 33554432 1 112363
-914663 0 2 257 3559
-916535 2 1 183307
-916847 16384 1 17299
-929927 0 2 199 4673
-936031 128 1 40697
-970591 0 2 487 1993
-975983 0 2 293 3331
-990623 16384 1 18691
-993236 0 1 248309
-1007156 0 1 251789
-1012607 4096 1 23549
-1051367 0 2 313 3359
-1064719 0 2 743 1433
-1075223 0 2 379 2837
-1080887 0 2 233 4639
-1085543 1024 1 29339
-1089896 67108864 1 136237
-1093615 2 1 218723
-1094087 128 1 47569
-1097063 8 1 99733
-1107863 0 2 887 1249
-1117583 0 2 431 2593
-1119215 2 1 223843
-1122335 2 1 224467
-1127207 128 1 49009
-1144367 4 1 163481
-1160564 0 1 290141
-1160671 512 1 37441
-1170644 0 1 292661
-1189039 64 1 62581
-1228135 2 1 245627
-1258904 33554432 1 157363
-1282063 64 1 67477
-1293871 65536 1 21211
-1312244 0 1 328061
-1374356 0 1 343589
-1377287 0 2 443 3109
-1384007 524288 1 18959
-1387247 64 1 73013
-1405399 4194304 1 15791
-1421411 0 2 1129 1259
-1425044 0 1 356261
-1435639 0 2 109 13171
-1442839 0 2 607 2377
-1443023 0 2 1051 1373
-1443956 0 1 360989
-1467415 2 1 293483
-1505303 256 1 51907
-1509679 0 2 139 10861
-1514456 33554432 1 189307
-1515476 0 1 378869
-1519487 64 1 79973
-1534471 32 1 90263
-1551415 2 1 310283
-1574459 512 1 50789
-1595959 0 2 709 2251
-1596884 0 1 399221
-1607444 0 1 401861
-1615256 33554432 1 201907
-1617991 0 2 149 10859
-1658047 128 1 72089
-1662079 4096 1 38653
-1676719 8 1 152429
-1692731 128 1 73597
-1699496 67108864 1 212437
-1703444 0 1 425861
-1729556 0 1 432389
-1735343 32 1 102079
-1757579 32 1 103387
-1777231 32 1 104543
-1782343 0 2 349 5107
-1788884 0 1 447221
-1793048 33554432 1 224131
-1793651 0 2 733 2447
-1806391 0 2 829 2179
-1814744 33554432 1 226843
-1825844 0 1 456461
-1831519 0 2 107 17117
-1831735 2 1 366347
-1852499 8 1 168409
-1856459 8 1 168769
-1858943 4194304 1 20887
-1859887 0 2 1193 1559
-1869044 0 1 467261
-1869727 0 2 197 9491
-1875823 0 2 1291 1453
-1879615 2 1 375923
-1891931 256 1 65239
-1896788 0 1 474197
-1901671 32 1 111863
-1904335 2 1 380867
-1905751 32 1 112103
-1908308 0 1 477077
-1918639 64 1 100981
-1922647 0 2 499 3853
-1938968 33554432 1 242371
-1939736 33554432 1 242467
-1942039 8 1 176549
-1975591 0 2 149 13259
-1975703 0 2 827 2389
-2016799 0 2 163 12373
-2019583 32 1 118799
-2027167 64 1 106693
-2040439 1024 1 55147
-2041259 8 1 185569
-2056739 0 2 659 3121
-2060948 0 1 515237
-2065256 67108864 1 258157
-2070059 0 2 151 13709
-2071796 0 1 517949
-2073535 2 1 414707
-2073871 0 2 587 3533
-2078291 0 2 761 2731
-2083304 67108864 1 260413
-2086135 2 1 417227
-2097799 8 1 190709
-2107379 0 2 139 15161
-2115515 2 1 423103
-2116735 2 1 423347
-2125736 67108864 1 265717
-2140639 0 2 523 4093
-2160611 0 2 1453 1487
-2165983 524288 1 29671
-2182543 8 1 198413
-2186671 8388608 1 22543
-2202932 0 1 550733
-2204791 0 2 331 6661
-2206367 128 1 95929
-2211511 256 1 76259
-2222623 16 1 170971
-2227928 33554432 1 278491
-2229415 2 1 445883
-2236456 67108864 1 279557
-2245016 33554432 1 280627
-2245927 128 1 97649
-2247272 67108864 1 280909
-2250151 64 1 118429
-2260783 4 1 322969
-2284591 256 1 78779
-2301967 512 1 74257
-2302772 0 1 575693
-2303911 16777216 1 22811
-2311924 0 1 577981
-2331284 0 1 582821
-2346152 67108864 1 293269
-2349364 0 1 587341
-2352299 16384 1 44383
-2358299 64 1 124121
-2362615 2 1 472523
-2364559 1024 1 63907
-2372915 2 1 474583
-2380712 67108864 1 297589
-2382031 256 1 82139
-2385896 67108864 1 298237
-2396215 2 1 479243
-2402359 0 2 179 13421
-2406056 67108864 1 300757
-2414312 67108864 1 301789
-2415124 0 1 603781
-2416447 8 1 219677
-2417099 1024 1 65327
-2423732 0 1 605933
-2444023 1048576 1 30937
-2451188 0 1 612797
-2464447 16384 1 46499
-2469716 0 1 617429
-2478991 32 1 145823
-2481511 0 2 281 8831
-2488691 0 2 439 5669
-2491231 32 1 146543
-2498792 67108864 1 312349
-2515028 0 1 628757
-2534959 4 1 362137
-2553703 1024 1 69019
-2562152 67108864 1 320269
-2578868 0 1 644717
-2579551 16 1 198427
-2584759 8388608 1 26647
-2590711 0 2 857 3023
-2594036 0 1 648509
-2609359 0 2 173 15083
-2617739 8388608 1 26987
-2623931 0 2 359 7309
-2631703 0 2 1097 2399
-2635807 8192 1 56081
-2658731 128 1 115597
-2666771 0 2 719 3709
-2672887 4 1 381841
-2684579 0 2 769 3491
-2689688 33554432 1 336211
-2693983 0 2 251 10733
-2699252 0 1 674813
-2703128 33554432 1 337891
-2707279 0 2 151 17929
-2714051 0 2 487 5573
-2719636 0 1 679909
-2730932 0 1 682733
-2745539 0 2 337 8147
-2746951 0 2 1567 1753
-2763535 2 1 552707
-2774215 2 1 554843
-2784779 16384 1 52543
-2798164 0 1 699541
-2801215 2 1 560243
-2801939 4 1 400277
-2807192 33554432 1 350899
-2826779 524288 1 38723
-2843167 8388608 1 29311
-2850415 2 1 570083
-2853556 0 1 713389
-2855464 67108864 1 356933
-2859572 0 1 714893
-2866643 16 1 220511
-2867411 0 2 983 2917
-2869172 0 1 717293
-2882983 0 2 1493 1931
-2886484 0 1 721621
-2887447 0 2 139 20773
-2893015 2 1 578603
-2897891 0 2 911 3181
-2904659 16777216 1 28759
-2906551 0 2 379 7669
-2915819 0 2 1619 1801
-2930771 512 1 94541
-2935924 0 1 733981
-2953364 0 1 738341
-2962859 16384 1 55903
-2967467 65536 1 48647
-2969623 4096 1 69061
-2983087 0 2 113 26399
-2997035 2 1 599407
-2998571 256 1 103399
-3004619 0 2 277 10847
-3010211 0 2 181 16631
-3028952 33554432 1 378619
-3038771 524288 1 41627
-3063611 0 2 1361 2251
-3079892 0 1 769973
-3087124 0 1 771781
-3089939 0 2 1733 1783
-3106135 2 1 621227
-3110023 4 1 444289
-3119099 128 1 135613
-3136783 16 1 241291
-3137819 0 2 1231 2549
-3141971 4 1 448853
-3150007 4 1 450001
-3169807 0 2 131 24197
-3192299 8 1 290209
-3193811 0 2 883 3617
-3227983 8 1 293453
-3233492 0 1 808373
-3238232 33554432 1 404779
-3246539 0 2 1051 3089
-3265303 2097152 1 39341
-3293492 0 1 823373
-3299099 0 2 617 5347
-3305887 16 1 254299
-3312635 2 1 662527
-3313423 8388608 1 34159
-3315343 4096 1 77101
-3319592 67108864 1 414949
-3319687 4 1 474241
-3331567 0 2 487 6841
-3337816 33554432 1 417227
-3351347 0 2 107 31321
-3354515 2 1 670903
-3359291 16 1 258407
-3380239 262144 1 47609
-3380579 1024 1 91367
-3392911 32 1 199583
-3402251 256 1 117319
-3403892 0 1 850973
-3405635 2 1 681127
-3406859 0 2 1321 2579
-3433112 33554432 1 429139
-3445748 0 1 861437
-3452776 67108864 1 431597
-3456251 0 2 317 10903
-3458651 4 1 494093
-3477731 0 2 1801 1931
-3497492 0 1 874373
-3502327 64 1 184333
-3506024 67108864 1 438253
-3522751 16384 1 66467
-3538835 2 1 707767
-3550808 33554432 1 443851
-3553279 16384 1 67043
-3555476 0 1 888869
-3576107 16777216 1 35407
-3577523 0 2 409 8747
-3584431 0 2 1171 3061
-3594487 16 1 276499
-3600371 512 1 116141
-3613615 2 1 722723
-3614527 4 1 516361
-3620459 512 1 116789
-3631639 8 1 330149
-3632047 256 1 125243
-3634739 0 2 1283 2833
-3644335 2 1 728867
-3647143 0 2 487 7489
-3656468 0 1 914117
-3711011 0 2 443 8377
-3717044 0 1 929261
-3719411 512 1 119981
-3742835 2 1 748567
-3747179 0 2 251 14929
-3758771 0 2 173 21727
-3762487 0 2 103 36529
-3772423 65536 1 61843
-3772903 0 2 1289 2927
-3776935 2 1 755387
-3779651 64 1 198929
-3787015 2 1 757403
-3788263 32 1 222839
-3800531 4 1 542933
-3822488 33554432 1 477811
-3837779 8 1 348889
-3842815 2 1 768563
-3848168 67108864 1 481021
-3874043 64 1 203897
-3883091 512 1 125261
-3888127 128 1 169049
-3888788 0 1 972197
-3894827 0 2 1931 2017
-3925864 67108864 1 490733
-3930223 8 1 357293
-3934184 67108864 1 491773
-3935407 4 1 562201
-3938483 16384 1 74311
-3968459 8 1 360769
-3985816 33554432 1 498227
-3988811 0 2 317 12583
-3989743 0 2 337 11839
-3991643 0 2 1979 2017
-4017064 67108864 1 502133
-4034267 0 2 151 26717
-4040536 33554432 1 505067
-4042811 262144 1 56941
-4048811 16 1 311447
-4051783 0 2 151 26833
-4055171 0 2 1009 4019
-4071707 0 2 941 4327
-4075999 0 2 397 10267
-4085012 0 1 1021253
-4087087 0 2 433 9439
-4100767 8 1 372797
-4102139 0 2 1693 2423
-4115291 16384 1 77647
-4117352 67108864 1 514669
-4136884 0 1 1034221
-4139143 32 1 243479
-4142531 524288 1 56747
-4157915 2 1 831583
-4162516 0 1 1040629
-4175383 64 1 219757
-4178435 2 1 835687
-4197659 0 2 347 12097
-4200943 1024 1 113539
-4201019 128 1 182653
-4225835 2 1 845167
-4228451 0 2 827 5113
-4230703 0 2 1571 2693
-4231715 2 1 846343
-4245007 16 1 326539
-4245812 0 1 1061453
-4261063 0 2 353 12071
-4267156 0 1 1066789
-4291523 8192 1 91309
-4293736 67108864 1 536717
-4303547 16384 1 81199
-4313492 0 1 1078373
-4320131 0 2 941 4591
-4366996 0 1 1091749
-4368244 0 1 1092061
-4369576 67108864 1 546197
-4369688 33554432 1 546211
-4374932 0 1 1093733
-4378663 0 2 149 29387
-4387787 256 1 151303
-4394491 64 1 231289
-4402264 33554432 1 550283
-4412699 0 2 1061 4159
-4439099 4 1 634157
-4459207 0 2 257 17351
-4459327 0 2 409 10903
-4460527 0 2 157 28411
-4480063 4 1 640009
-4481507 0 2 673 6659
-4486931 0 2 1307 3433
-4491971 8 1 408361
-4495927 0 2 127 35401
-4508623 4 1 644089
-4514747 512 1 145637
-4534303 0 2 131 34613
-4542731 65536 1 74471
-4556171 0 2 353 12907
-4557967 64 1 239893
-4561684 0 1 1140421
-4563491 0 2 127 35933
-4569371 0 2 1213 3767
-4586644 0 1 1146661
-4589047 256 1 158243
-4596943 16 1 353611
-4597864 67108864 1 574733
-4599247 0 2 227 20261
-4615543 0 2 1877 2459
-4619915 2 1 923983
-4648148 0 1 1162037
-4661939 128 1 202693
-4669172 0 1 1167293
-4675687 0 2 487 9601
-4682459 0 2 839 5581
-4712143 0 2 307 15349
-4719515 2 1 943903
-4721363 0 2 149 31687
-4723112 67108864 1 590389
-4731347 0 2 1753 2699
-4768619 32 1 280507
-4769935 2 1 953987
-4773491 0 2 137 34843
-4779188 0 1 1194797
-4787407 256 1 165083
-4803083 0 2 137 35059
-4816931 4 1 688133
-4825931 8 1 438721
-4853435 2 1 970687
-4854488 33554432 1 606811
-4861748 0 1 1215437
-4883432 67108864 1 610429
-4889176 33554432 1 611147
-4891115 2 1 978223
-4901143 16 1 377011
-4911223 0 2 179 27437
-4913723 64 1 258617
-4915783 1024 1 132859
-4923316 0 1 1230829
-4926184 67108864 1 615773
-4926223 0 2 1061 4643
-4931411 32 1 290083
-4938923 8 1 448993
-4948187 0 2 2143 2309
-4960232 67108864 1 620029
-4979243 0 2 179 27817
-4979503 256 1 171707
-4993211 0 2 487 10253
-5005571 262144 1 70501
-5007107 4 1 715301
-5073256 67108864 1 634157
-5076248 33554432 1 634531
-5087171 0 2 1321 3851
-5089331 16 1 391487
-5117912 33554432 1 639739
-5130007 0 2 1151 4457
-5138164 0 1 1284541
-5138867 128 1 223429
-5142607 0 2 151 34057
-5167115 2 1 1033423
-5176979 0 2 239 21661
-5181083 262144 1 72973
-5185171 256 1 178799
-5191739 4 1 741677
-5193103 131072 1 77509
-5193803 0 2 233 22291
-5201935 2 1 1040387
-5206499 0 2 733 7103
-5274644 0 1 1318661
-5284783 4 1 754969
-5292779 0 2 863 6133
-5292851 0 2 179 29569
-5304011 65536 1 86951
-5311144 67108864 1 663893
-5312536 33554432 1 664067
-5323715 2 1 1064743
-5325076 0 1 1331269
-5329619 32 1 313507
-5332547 8 1 484777
-5341235 2 1 1068247
-5365715 2 1 1073143
-5391128 33554432 1 673891
-5400244 0 1 1350061
-5405012 0 1 1351253
-5412463 4 1 773209
-5414531 262144 1 76261
-5423699 128 1 235813
-5432771 0 2 1049 5179
-5435608 33554432 1 679451
-5442707 0 2 2099 2593
-5444027 0 2 443 12289
-5454035 2 1 1090807
-5456747 8192 1 116101
-5459483 0 2 109 50087
-5487491 0 2 151 36341
-5488543 1024 1 148339
-5498228 0 1 1374557
-5516527 128 1 239849
-5532011 256 1 190759
-5544724 0 1 1386181
-5565059 1024 1 150407
-5570531 128 1 242197
-5573528 33554432 1 696691
-5578835 2 1 1115767
-5594579 0 2 311 17989
-5595203 4096 1 130121
-5607811 8 1 509801
-5612843 0 2 1229 4567
-5628563 0 2 1117 5039
-5632787 16384 1 106279
-5662235 2 1 1132447
-5675476 0 1 1418869
-5711267 64 1 300593
-5718347 0 2 911 6277
-5718587 4 1 816941
-5734291 128 1 249317
-5746043 0 2 157 36599
-5754136 33554432 1 719267
-5768003 2048 1 140683
-5769748 0 1 1442437
-5772967 0 2 109 52963
-5779859 0 2 149 38791
-5783987 8 1 525817
-5808827 4096 1 135089
-5823731 65536 1 95471
-5827567 0 2 1759 3313
-5828047 8192 1 124001
-5835028 0 1 1458757
-5852131 32 1 344243
-5865343 8 1 533213
-5900483 0 2 271 21773
-5907463 0 2 281 21023
-5923187 32768 1 100393
-5927507 4096 1 137849
-5930627 0 2 421 14087
-5959187 16 1 458399
-5961035 2 1 1192207
-5966291 512 1 192461
-5971331 32768 1 101209
-5973784 33554432 1 746723
-5993236 0 1 1498309
-5994059 0 2 1327 4517
-5998307 4 1 856901
-6017383 0 2 379 15877
