-188471 8519936 0
-189719 0 2 193 983
-232319 256 1 8011
-254159 2048 1 6199
-268919 2052 1 937
-277199 16 1 21323
-277631 0 2 313 887
-286271 0 2 467 613
-292151 0 2 197 1483
-295631 4 2 157 269
-306911 8 1 27901
-308711 16 1 23747
-316511 8388624 1 251
-339359 16448 1 337
-341015 2 2 241 283
-344615 2 2 157 439
-347159 256 1 11971
-350327 524288 1 4799
-362255 16386 1 1367
-382991 4 1 54713
-393359 512 1 12689
-401255 2 1 80251
-402695 4098 1 1873
-406511 4 1 58073
-453335 262146 1 1277
-453791 131088 1 521
-459839 128 1 19993
-464759 65600 1 401
-471887 16 1 36299
-477815 18 1 7351
-478919 516 1 2207
-490511 1048580 1 887
-491903 4194304 1 5527
-506063 2048 1 12343
-509855 2 2 107 953
-516719 8388612 1 761
-520319 32 2 127 241
-522023 524288 1 7151
-530207 8448 1 389
-541919 4 1 77417
-550655 6 1 15733
-553895 8194 1 2357
-556991 65664 1 397
-565487 16 1 43499
-580823 131072 1 8669
-582815 2050 1 2843
-586583 256 2 113 179
-613487 4 1 87641
-631784 67108864 2 151 523
-633095 2 2 127 997
-638183 20 1 7013
-644903 4 2 181 509
-647087 8388612 1 953
-669407 2304 1 563
-669695 18 1 10303
-686567 4 1 98081
-691559 8 1 62869
-700007 12 1 9091
-702047 0 2 251 2797
-703639 128 1 30593
-705199 8 1 64109
-706639 32 2 197 211
-707855 131074 1 2113
-709943 8388624 1 563
-714584 33554448 1 6871
-719144 67108864 2 241 373
-728276 8388608 1 1877
-730055 2 1 146011
-749879 1040 1 1559
-753167 65536 1 12347
-757079 0 2 397 1907
-763367 264 1 2393
-766655 2 2 107 1433
-776615 6 1 22189
-799487 4194320 1 691
-799535 10 1 14537
-801764 0 2 227 883
-803599 0 2 677 1187
-806959 0 2 487 1657
-814847 8 1 74077
-816263 260 1 4021
-824255 2 2 353 467
-830084 0 1 207521
-839663 8 1 76333
-843287 32768 1 14293
-850847 0 2 269 3163
-851447 2112 1 1093
-852920 33554434 1 21323
-856007 64 1 45053
-861887 16 2 167 397
-864751 256 1 29819
-869359 24576 1 349
-885079 16 2 103 661
-892127 256 1 30763
-892484 0 2 347 643
-898964 8 1 20431
-904943 16 2 151 461
-906983 12 1 11779
-907151 4 1 129593
-907463 524800 1 401
-908360 67108866 1 22709
-908696 41943040 1 1171
-912404 0 2 307 743
-913496 37748736 1 1283
-914831 4194368 1 541
-919736 33554432 1 114967
-932504 33556480 1 2843
-936680 67108866 1 23417
-949364 16 1 18257
-955351 524416 1 569
-955487 131088 1 1097
-982943 16 1 75611
-985711 160 1 2521
-1007839 4 1 143977
-1014824 67117056 1 2699
-1018520 33554434 1 25463
-1027831 4 1 146833
-1036055 2 2 353 587
-1040036 0 1 260009
-1042199 128 2 113 401
-1044047 16384 1 19699
-1046903 24 1 7321
-1049015 10 1 19073
-1052455 2 1 210491
-1054967 0 2 857 1231
-1068143 128 1 46441
-1068983 0 2 677 1579
-1069988 0 1 267497
-1072664 33554496 1 7057
-1075784 67109120 1 4637
-1083704 33554432 1 135463
-1085479 0 2 709 1531
-1086631 20 1 11941
-1093844 0 2 151 1811
-1095407 64 1 57653
-1095871 36 1 9209
-1097864 67109888 1 3709
-1111496 67108864 1 138937
-1114676 0 2 191 1459
-1115927 64 1 58733
-1116151 16781312 1 257
-1122871 0 2 1033 1087
-1133431 16 1 87187
-1137391 0 2 349 3259
-1139096 33554436 1 20341
-1144487 2097152 1 13789
-1145095 6 1 32717
-1145567 64 1 60293
-1150055 131074 1 3433
-1151239 6144 1 653
-1152344 33554688 1 4967
-1160948 128 1 12619
-1170383 2129920 1 239
-1172087 4 1 167441
-1172599 524288 1 16063
-1177496 33554432 2 103 1429
-1179224 33554432 2 223 661
-1182895 6 1 33797
-1183844 0 1 295961
-1184936 67633152 1 2029
-1187684 0 1 296921
-1191047 24 1 8329
-1193063 0 2 389 3067
-1195556 64 1 15731
-1201556 0 2 281 1069
-1210007 128 1 52609
-1214207 2097152 1 14629
-1218743 1024 1 32939
-1221524 512 1 9851
-1224511 4096 1 28477
-1232663 64 1 64877
-1234823 66048 1 653
-1237304 33554432 2 211 733
-1242799 0 2 139 8941
-1244504 34078720 1 2131
-1244903 8 1 113173
-1251032 33554432 2 353 443
-1259423 8 1 114493
-1266143 262176 1 1049
-1270007 0 2 113 11239
-1277156 0 1 319289
-1283455 2 2 197 1303
-1283924 524288 1 4397
-1284295 2 2 397 647
-1292660 2 1 64633
-1294007 24 1 9049
-1297556 16 1 24953
-1297639 4 2 197 941
-1300543 512 1 41953
-1302503 0 2 211 6173
-1305044 16 1 25097
-1309019 0 2 151 8669
-1317284 0 1 329321
-1317631 68 1 9907
-1320404 4194304 1 3709
-1327160 33554434 1 33179
-1329284 8 1 30211
-1330847 4 1 190121
-1345364 0 2 179 1879
-1348436 0 2 277 1217
-1350872 33554432 2 131 1289
-1352071 4 1 193153
-1362263 4 1 194609
-1363844 32768 1 5779
-1364024 33554432 1 170503
-1367311 8 1 124301
-1369255 16386 1 5167
-1373048 33587200 1 2909
-1373384 67108864 1 171673
-1374740 2 1 68737
-1381583 4 1 197369
-1383944 67108864 1 172993
-1388120 33554434 1 34703
-1401647 16 2 137 787
-1403695 2 2 383 733
-1406119 24 1 9833
-1408471 0 2 829 1699
-1434631 2056 1 3181
-1440319 0 2 661 2179
-1447847 1024 2 109 359
-1451543 64 2 241 317
-1460959 0 2 191 7649
-1461080 33554434 1 36527
-1463959 4 2 283 739
-1466552 33554432 1 183319
-1473464 33685504 1 2749
-1473848 33554432 1 184231
-1479439 16 2 317 359
-1482271 4 2 107 1979
-1488407 0 2 151 9857
-1497176 33554944 1 6037
-1497199 8 2 131 1039
-1497679 0 2 107 13997
-1504711 16 2 283 409
-1509991 36 1 12689
-1511695 2 2 463 653
-1518151 32 1 89303
-1522916 0 1 380729
-1524559 256 1 52571
-1526888 67108872 1 17351
-1527476 128 1 16603
-1528724 0 2 151 2531
-1530584 33554440 1 17393
-1533524 0 2 107 3583
-1533919 0 2 463 3313
-1535359 4 2 137 1601
-1540487 262160 1 1669
-1548391 16 1 119107
-1552895 2 2 137 2267
-1553671 4 1 221953
-1553876 0 2 479 811
-1556935 2 2 131 2377
-1560632 33554432 2 373 523
-1562327 8208 1 2557
-1568564 64 1 20639
-1571972 0 2 163 2411
-1583455 2 1 316691
-1589063 4 2 137 1657
-1591759 16 1 122443
-1599848 67109376 1 6451
-1606727 131072 1 23981
-1607431 4 2 277 829
-1610171 512 1 51941
-1610687 80 1 6521
-1610719 8 2 181 809
-1614344 67108864 2 373 541
-1617080 33554434 1 40427
-1620799 4096 1 37693
-1628687 0 2 691 2357
-1630999 128 1 70913
-1636436 1024 1 11057
-1639855 6 1 46853
-1640119 1048592 1 1597
-1643924 0 2 113 3637
-1646087 128 1 71569
-1651316 2048 1 10069
-1651544 33558528 1 4801
-1654279 16777224 1 1489
-1658191 256 1 57179
-1666040 33554434 1 41651
-1667156 32 1 24517
-1679935 1048578 1 4253
-1681304 33554688 1 7247
-1681735 10 1 30577
-1681831 1114112 1 349
-1686391 4 1 240913
-1686407 24576 1 677
-1686607 16 2 137 947
-1704491 0 2 163 10457
-1705831 32 1 100343
-1722296 33554432 2 461 467
-1725871 4 2 373 661
-1728415 18 1 26591
-1733636 64 1 22811
-1737224 67109888 1 5869
-1737656 33554432 1 217207
-1737716 4096 1 10103
-1742687 160 1 4457
-1746271 64 1 91909
-1749415 2 2 439 797
-1751240 67108866 1 43781
-1760735 258 1 12143
-1764104 67108864 1 220513
-1765172 256 1 15217
-1765412 8 1 40123
-1774979 128 2 229 337
-1778564 0 1 444641
-1787431 32 1 105143
-1787588 8 1 40627
-1790911 8389632 1 499
-1793816 33554560 1 9749
-1800452 0 1 450113
-1802935 34 1 21211
-1804388 0 1 451097
-1805891 128 1 78517
-1810331 0 2 311 5821
-1818344 67108872 1 20663
-1827668 0 2 521 877
-1831351 524288 1 25087
-1835096 33554496 1 12073
-1843471 4 2 389 677
-1844264 67108864 2 269 857
-1848559 0 2 431 4289
-1853480 67108866 1 46337
-1855231 8196 1 5639
-1856744 67108992 1 10091
-1857131 288 1 3767
-1858103 1040 1 3863
-1858744 33554432 2 283 821
-1861015 18 1 28631
-1862132 0 2 151 3083
-1865167 16809984 1 313
-1867652 0 1 466913
-1872824 33554432 1 234103
-1874815 2 2 257 1459
-1877071 4 1 268153
-1880783 0 2 701 2683
-1885015 10 1 34273
-1887188 0 2 463 1019
-1888676 64 1 24851
-1889828 0 1 472457
-1894484 0 2 397 1193
-1896179 0 2 163 11633
-1902491 128 2 181 457
-1912379 4 2 229 1193
-1918004 8 1 43591
-1918520 33554434 1 47963
-1920559 1024 1 51907
-1921940 2 1 96097
-1926419 8 1 175129
-1934696 67108864 2 257 941
-1935919 512 2 197 317
-1936772 0 1 484193
-1937767 16 1 149059
-1949099 2048 2 137 347
-1951844 131072 1 7283
-1953415 1026 1 10559
-1956536 33554432 1 244567
-1957039 4 1 279577
-1963015 2 2 419 937
-1971559 0 2 449 4391
-1971764 65536 1 8081
-1973219 4194304 1 22171
-1975855 6 1 56453
-1976359 12 1 25667
-1979743 320 1 3593
-1983847 64 2 193 541
-1986872 50331648 1 2459
-1989272 33554464 1 14627
-1989415 2 2 163 2441
-1992371 32768 1 33769
-1999255 2 1 399851
-1999927 256 1 68963
-2000095 2 2 337 1187
-2002931 16777220 1 2833
-2004659 0 2 523 3833
-2004751 4 1 286393
-2010655 2 1 402131
-2011448 33554432 1 251431
-2021983 0 2 137 14759
-2022884 0 2 283 1787
-2026379 1024 1 54767
-2030216 67108864 1 253777
-2033431 0 2 139 14629
-2040991 256 1 70379
-2042084 8 1 46411
-2051599 2056 1 4549
-2058440 67108866 1 51461
-2065255 2 2 317 1303
-2069891 5120 1 1301
-2072359 0 2 241 8599
-2073851 131088 1 2381
-2080184 33554432 1 260023
-2087524 0 1 521881
-2095259 512 1 67589
-2097247 0 2 181 11587
-2102047 0 2 587 3581
-2105447 64 1 110813
-2117716 0 2 389 1361
-2118920 67108866 1 52973
-2120959 4194304 1 23831
-2122207 0 2 149 14243
-2122255 2 1 424451
-2124055 2 1 424811
-2124824 33554448 1 20431
-2125556 0 2 641 829
-2127103 8 1 193373
-2130319 2048 2 223 233
-2130356 64 1 28031
-2135911 4194304 2 103 233
-2140855 2 2 103 4157
-2145128 67108896 1 15773
-2151155 2 2 103 4177
-2152735 18 1 33119
-2154011 524352 1 1553
-2155268 0 1 538817
-2156935 10 1 39217
-2161543 4194304 2 149 163
-2161604 0 2 179 3019
-2165095 2 2 173 2503
-2168324 0 1 542081
-2170495 2 2 107 4057
-2173327 8208 1 3557
-2175304 67109888 1 7349
-2180311 4 1 311473
-2181812 0 2 233 2341
-2188808 67108864 1 273601
-2192888 33554432 2 269 1019
-2202035 10 1 40037
-2206639 256 1 76091
-2207743 64 2 131 887
-2208271 1040 1 4591
-2221331 4 1 317333
-2221556 64 1 29231
-2222311 20 1 24421
-2222468 64 1 29243
-2222939 262144 2 131 239
-2229284 0 1 557321
-2231339 8 2 109 1861
-2232491 2080 1 3203
-2244343 0 2 739 3037
-2249768 67108992 1 12227
-2253956 0 1 563489
-2256824 33554432 1 282103
-2258455 2 1 451691
-2261455 6 1 64613
-2263208 83886080 1 2801
-2264504 33554440 1 25733
-2266520 33554434 1 56663
-2268151 8519680 1 349
-2269211 36 1 19069
-2269748 16 1 43649
-2271055 2 1 454211
-2275567 4 1 325081
-2281927 32 2 269 499
-2284159 0 2 1303 1753
-2293124 2097152 1 6907
-2295236 0 1 573809
-2295251 4 2 131 2503
-2295607 128 1 99809
-2298943 64 1 120997
-2299135 524290 1 6299
-2303336 67108868 1 41131
-2306051 264 1 7229
-2314499 40 1 12377
-2316596 1048576 1 7331
-2318167 16384 2 191 229
-2322659 32 2 317 431
-2323499 0 2 421 5519
-2327671 64 1 122509
-2337416 67108864 2 157 1861
-2343299 4 2 557 601
-2344691 32 2 107 1289
-2348356 0 2 251 2339
-2351959 8388608 1 24247
-2353447 524288 2 103 313
-2354287 8388624 1 1867
-2356904 67108872 1 26783
-2362255 6 1 67493
-2364751 32 2 113 1231
-2367055 2 1 473411
-2374015 6 1 67829
-2378456 33554432 2 127 2341
-2379247 272 1 6311
-2379415 4194306 1 5347
-2386519 8192 1 50777
-2388895 130 1 20773
-2390564 8 1 54331
-2393579 65536 1 39239
-2395028 32 1 35221
-2397755 2 2 337 1423
-2398543 4 2 277 1237
-2404772 0 1 601193
-2410259 0 2 977 2467
-2412251 0 2 1093 2207
-2417252 0 1 604313
-2420815 2 2 281 1723
-2424463 0 2 379 6397
-2426935 6 1 69341
-2431859 128 1 105733
-2432339 20 1 26729
-2435095 18 1 37463
-2435252 0 2 601 1013
-2437279 8208 1 3989
-2440255 2 1 488051
-2448247 131072 1 36541
-2448731 288 1 4967
-2456660 2 1 122833
-2458783 4096 2 211 271
-2460199 4 1 351457
-2461039 36 1 20681
-2461235 6 1 70321
-2461255 2 1 492251
-2463251 4 2 293 1201
-2464327 131072 1 36781
-2469823 0 2 823 3001
-2472415 10 1 44953
-2476856 33685504 1 4621
-2489171 64 1 131009
-2490511 0 2 467 5333
-2492564 0 2 383 1627
-2497619 0 2 181 13799
-2497928 67108864 1 312241
-2504599 65600 1 2161
-2505604 2097152 1 7547
-2514179 0 2 107 23497
-2517080 33554434 1 62927
-2517560 33554434 1 62939
-2520847 1028 1 9733
-2526103 256 1 87107
-2526343 128 1 109841
-2533591 0 2 1103 2297
-2533783 68 1 19051
-2534651 4 1 362093
-2535539 0 2 1013 2503
-2537435 2 2 191 2657
-2538487 132 1 15767
-2539207 8 2 359 643
-2540215 2097154 1 6121
-2544679 32 2 181 827
-2545064 68157440 1 4027
-2548424 67108864 2 157 2029
-2550415 6 1 72869
-2553032 67108864 1 319129
-2558551 32 1 150503
-2559539 8388608 1 26387
-2560760 33554434 1 64019
-2561095 2 2 103 4973
-2563640 33554434 1 64091
-2572616 67108864 1 321577
-2574008 33554432 1 321751
-2578040 33554434 1 64451
-2583415 2 2 347 1489
-2591287 262144 1 36497
-2592932 32768 1 10987
-2593451 4 1 370493
-2595128 33554432 1 324391
-2595155 2 1 519031
-2596052 0 2 241 2693
-2608696 33554432 1 326087
-2614807 16 1 201139
-2617495 2 2 353 1483
-2622659 16 1 201743
-2622727 32768 1 44453
-2631476 128 1 28603
-2634068 8192 1 14011
-2640755 18 1 40627
-2642195 2 2 317 1667
-2642312 67108864 1 330289
-2657795 6 1 75937
-2659591 8 1 241781
-2661364 262144 1 9371
-2662255 2 1 532451
-2662676 32 1 39157
-2663972 0 1 665993
-2667491 0 2 167 15973
-2670251 0 2 457 5843
-2671576 33554432 2 107 3121
-2673332 0 2 293 2281
-2673716 0 2 107 6247
-2686019 4 2 263 1459
-2688968 67108864 1 336121
-2689508 0 1 672377
-2689556 0 2 509 1321
-2690708 0 2 599 1123
-2692739 4 2 313 1229
-2699695 2 2 263 2053
-2706367 256 1 93323
-2713451 8208 1 4441
-2715992 33554432 2 211 1609
-2720171 8388864 1 967
-2721659 524416 1 1621
-2725208 33554496 1 17929
-2727851 4 2 181 2153
-2740424 67108864 1 342553
-2742308 64 1 36083
-2746807 4194308 1 4409
-2747555 2 1 549511
-2748103 16448 1 2729
-2749928 67108864 2 263 1307
-2750023 0 2 701 3923
-2750840 33554434 1 68771
-2758811 40 1 14753
-2762143 8224 1 3457
-2765720 33554434 1 69143
-2766152 67108864 1 345769
-2772299 1536 1 2417
-2779087 0 2 349 7963
-2781512 67109888 1 9397
-2781899 0 2 347 8017
-2784079 512 1 89809
-2786120 67108866 1 69653
-2786171 0 2 197 14143
-2791988 8192 1 14851
-2795479 32768 1 47381
-2796055 2 1 559211
-2799092 2097152 1 8431
-2800052 0 2 379 1847
-2800855 2 1 560171
-2802055 2 1 560411
-2805224 67108864 2 109 3217
-2822948 0 1 705737
-2829236 0 2 701 1009
-2829823 8192 1 60209
-2830687 32 2 269 619
-2835860 2 1 141793
-2836235 1026 1 15331
-2839355 2 1 567871
-2841103 8192 1 60449
-2844299 532480 1 829
-2846047 16384 1 53699
-2854292 4 1 101939
-2854379 2056 1 6329
-2857423 65536 2 139 337
-2859608 33554432 2 149 2399
-2859611 0 2 859 3329
-2861732 0 2 139 5147
-2866087 4 1 409441
-2867528 67108864 1 358441
-2867588 0 1 716897
-2869255 2 1 573851
-2872504 33554432 1 359063
-2874728 67108864 2 227 1583
-2878447 24 1 20129
-2890808 33554432 1 361351
-2893336 33554432 2 397 911
-2893783 0 2 1069 2707
-2897287 128 2 103 1223
-2899255 2 1 579851
-2912647 0 3 107 163 167
-2914595 2 2 593 983
-2916055 130 1 25357
-2917495 6 1 83357
-2918699 4 1 416957
-2924699 16384 2 139 397
-2926516 32 1 43037
-2931487 16 1 225499
-2939060 2 1 146953
-2948852 0 2 181 4073
-2952607 4 1 421801
-2955236 131072 1 11027
-2956379 4096 2 197 349
-2956424 67108864 1 369553
-2962831 65536 1 48571
-2970635 8194 1 12641
-2973476 8 1 67579
-2974088 67108880 1 28597
-2977448 67108896 1 21893
-2987503 8388672 1 1621
-2988248 33816576 1 5261
-2995268 0 1 748817
-2997487 4096 1 69709
-2998136 33554688 1 12923
-2999647 4 2 173 2477
-2999935 524290 1 8219
-3000212 128 1 32611
-3000436 16384 1 14153
-3002695 2 2 223 2693
-3003716 0 1 750929
-3009851 2064 1 5647
-3011432 67108864 2 337 1117
-3014584 33554432 1 376823
-3015491 0 2 439 6869
-3016739 2056 1 6689
-3020051 1536 1 2633
-3021731 0 2 211 14321
-3024296 67108872 1 34367
-3025976 33554688 1 13043
-3027583 16 1 232891
-3029527 0 2 313 9679
-3038132 2097152 1 9151
-3038935 2 2 359 1693
-3043663 36 1 25577
-3045848 33554448 1 29287
-3047432 67108864 1 380929
-3050939 32 2 197 911
-3053027 0 2 317 9631
-3060296 67108864 2 277 1381
-3061447 0 2 251 12197
-3069991 0 2 277 11083
-3070019 1048576 1 38861
-3070424 33554436 1 54829
-3072899 0 2 227 13537
-3074531 0 2 157 19583
-3076532 0 2 233 3301
-3076687 128 1 133769
-3079739 16 2 241 983
-3087847 4 1 441121
-3092287 8 1 281117
-3092791 524304 1 3259
-3092887 4 1 441841
-3098579 16777224 1 2789
-3100196 8 1 70459
-3102995 6 1 88657
-3109495 2 2 487 1277
-3117007 320 1 5657
-3119288 33554432 1 389911
-3119795 6 1 89137
-3121591 40 1 16693
-3122099 64 1 164321
-3123847 64 1 164413
-3125816 33554432 1 390727
-3127955 2 1 625591
-3130139 128 1 136093
-3132727 16 2 397 607
-3134680 33554434 1 78367
-3136388 0 1 784097
-3138260 2 1 156913
-3143192 33554448 1 30223
-3143527 0 2 1471 2137
-3145336 33554496 1 20693
-3147487 4 2 211 2131
-3152056 33554432 1 394007
-3153812 0 2 487 1619
-3156251 4 1 450893
-3156607 0 2 107 29501
-3157652 2097152 1 9511
-3158195 2 2 487 1297
-3162223 32768 1 53597
-3163592 67108864 1 395449
-3167012 0 2 307 2579
-3169144 33554440 1 36013
-3171908 0 2 107 7411
-3174872 33554432 2 103 3853
-3176339 1024 1 85847
-3182708 512 1 25667
-3188407 4096 1 74149
-3188959 4194304 1 35831
-3192655 524290 1 8747
-3194644 0 2 269 2969
-3199928 33570816 1 7547
-3203416 33554944 1 12917
-3205691 4194304 2 181 199
-3215863 4 2 389 1181
-3218948 131072 1 12011
-3229979 16384 1 60943
-3234011 8 1 294001
-3234755 2 2 523 1237
-3246424 33554432 2 257 1579
-3249320 67108866 1 81233
-3253235 130 1 28289
-3253876 0 2 191 4259
-3257651 128 1 141637
-3261727 516 1 15031
-3263588 0 1 815897
-3267755 2 2 257 2543
-3274807 0 2 1103 2969
-3281435 2050 1 16007
-3283115 10 1 59693
-3285487 8388608 1 33871
-3286328 33554432 2 277 1483
-3292783 16 2 241 1051
-3294011 68 1 24767
-3294055 131074 1 9833
-3297943 8200 1 6379
-3300703 36 1 27737
-3302840 33554434 1 82571
-3303224 33554432 1 412903
-3306007 32 1 194471
-3309995 18 1 50923
-3310568 67108864 2 227 1823
-3316520 67108866 1 82913
-3317236 16 1 63793
-3318724 0 2 659 1259
-3323288 33554432 2 487 853
-3323732 0 2 131 6343
-3324155 2 2 733 907
-3324632 33554432 2 157 2647
-3326407 36 1 27953
-3327731 8 2 353 857
-3329672 67125248 1 7853
-3332455 6 1 95213
-3333128 67108864 2 373 1117
-3337091 8388608 1 34403
-3347764 4 1 119563
-3350095 6 1 95717
-3352087 532480 1 977
-3352772 0 1 838193
-3352996 0 1 838249
-3359815 2 2 761 883
-3361172 32 1 49429
-3362531 128 1 146197
-3365263 8 1 305933
-3370715 2 2 491 1373
-3377767 1024 1 91291
-3379495 6 1 96557
-3380228 32768 1 14323
-3381496 33554432 2 331 1277
-3381512 67108864 1 422689
-3381755 18 1 52027
-3381899 0 2 197 17167
-3387544 33587200 1 7177
-3395048 67108864 2 347 1223
-3396131 1048576 1 42989
-3403304 67109376 1 13723
-3408308 0 2 617 1381
-3408856 33554440 1 38737
-3412835 34 1 40151
-3417080 33554434 1 85427
-3418567 1048576 2 109 397
-3422815 10 1 62233
-3423755 2 1 684751
-3430063 20 1 37693
-3430235 2 2 131 5237
-3430628 0 2 131 6547
-3436591 128 1 149417
-3439508 32 1 50581
-3443887 16384 2 181 359
-3454835 4098 1 16069
-3457687 1024 2 113 827
-3460004 0 1 865001
-3460568 33554432 2 491 881
-3460724 32 1 50893
-3461219 0 2 691 5009
-3462823 20 1 38053
-3468728 33587200 1 7349
-3473863 0 2 401 8663
-3474155 2 1 694831
-3480676 0 1 870169
-3481763 128 1 151381
-3481903 0 2 199 17497
-3484207 0 2 131 26597
-3491191 2056 1 7741
-3492247 524296 1 4349
-3492851 0 2 457 7643
-3493595 6 1 99817
-3494644 1048576 1 11059
-3496735 10 1 63577
-3497143 16 2 367 733
-3497939 0 2 383 9133
-3500527 0 2 1097 3191
-3506164 0 2 113 7757
-3507512 33554432 1 438439
-3507655 2 1 701531
-3512996 0 2 251 3499
-3515492 0 1 878873
-3519011 0 2 197 17863
-3521651 32772 1 8527
-3522539 16384 1 66463
-3528440 33554434 1 88211
-3531943 0 2 271 13033
-3533219 0 2 167 21157
-3536339 524288 2 193 251
-3542824 67109888 1 11969
-3543223 0 2 311 11393
-3544739 8 1 322249
-3546520 33554434 1 88663
-3549512 67108864 1 443689
-3551656 67108864 2 109 4073
-3560516 0 1 890129
-3562907 8388736 1 1597
-3572099 66048 1 1889
-3578147 1048576 1 45293
-3579055 2 1 715811
-3579092 8 1 81343
-3583451 0 2 1571 2281
-3585607 32768 1 60773
-3587555 2 1 717511
-3587599 576 1 6091
-3590095 8194 1 15277
-3595111 8388624 1 2851
-3603995 2 2 503 1433
-3611387 80 1 14621
-3612299 64 1 190121
-3612847 65540 1 8461
-3613688 33554448 1 34747
-3614935 2 2 263 2749
-3617047 4 1 516721
-3617263 131088 1 4153
-3617288 67108864 1 452161
-3617359 512 1 116689
-3624419 0 2 223 16253
-3624904 67108864 2 109 4157
-3624967 0 2 409 8863
-3625355 2 1 725071
-3629411 0 3 103 167 211
-3649160 67108866 1 91229
-3652043 0 2 373 9791
-3659588 0 1 914897
-3663512 33554688 1 15791
-3664087 65540 1 8581
-3664568 33554496 1 24109
-3665944 35651584 1 5521
-3675491 16777216 2 151 241
-3680372 0 2 107 8599
-3685592 33554432 2 173 2663
-3686219 1048832 1 1609
-3686263 36 1 30977
-3686312 67108868 1 65827
-3688139 20 1 40529
-3693491 262144 1 52021
-3698411 0 2 431 8581
-3698603 262144 2 113 461
-3701704 67108864 1 462713
-3703816 67108864 2 653 709
-3708703 32 2 269 811
-3712355 2 2 193 3847
-3719732 0 2 269 3457
-3720212 32 1 54709
-3720607 8 1 338237
-3726011 1024 1 100703
-3729847 8 2 211 1607
-3731411 4096 2 107 811
-3732920 33554434 1 93323
-3732923 128 2 109 1489
-3735128 33554944 1 15061
-3736628 4 1 133451
-3743048 67108864 1 467881
-3746863 0 2 1019 3677
-3746948 0 1 936737
-3747364 4096 1 21787
-3755252 2097152 1 11311
-3756007 4096 2 113 773
-3758171 0 2 463 8117
-3758555 2 1 751711
-3764099 524288 1 51563
-3765124 8 1 85571
-3768223 0 2 467 8069
-3773287 4 2 163 3307
-3776824 33554432 1 472103
-3777608 67174400 1 7741
-3778916 0 1 944729
-3786607 8 1 344237
-3787207 2097152 2 103 443
-3787955 2 2 283 2677
-3797983 4 2 263 2063
-3799259 64 1 199961
-3800627 64 1 200033
-3815531 32 1 224443
-3818647 4 1 545521
-3825016 33554448 1 36779
-3827588 64 1 50363
-3827704 33554432 2 557 859
-3828008 75497472 1 4933
-3836503 4104 1 8111
-3837491 4 1 548213
-3838255 8194 1 16333
-3841352 67108864 1 480169
-3842915 514 1 24793
-3843295 16386 1 14503
-3844763 16 1 295751
-3850207 0 2 109 35323
-3853207 512 1 124297
-3858343 0 2 131 29453
-3861128 67108864 1 482641
-3866527 4 2 541 1021
-3866696 67108864 1 483337
-3869171 0 2 239 16189
-3877396 4096 1 22543
-3878095 18 1 59663
-3880255 2 2 157 4943
-3881935 16777218 1 7687
-3883619 192 1 8887
-3884195 6 1 110977
-3885992 67108872 1 44159
-3886811 576 1 6599
-3886855 6 1 111053
-3888244 262144 1 13691
-3891007 65536 2 227 281
-3896552 67108872 1 44279
-3897847 512 1 125737
-3898855 2 1 779771
-3902132 16 1 75041
-3904403 2097152 1 47041
-3904783 0 2 173 22571
-3906395 2097154 1 9413
-3909395 6 1 111697
-3909899 262148 1 7867
-3912968 67108864 2 461 1061
-3915272 67108864 1 489409
-3919207 0 2 997 3931
-3920776 67108864 1 490097
-3925979 0 2 431 9109
-3929243 0 2 353 11131
-3935108 0 1 983777
-3938719 64 1 207301
-3940388 0 1 985097
-3941288 67108880 1 37897
-3942299 16384 1 74383
-3943331 4 2 433 1301
-3945395 2 2 113 6983
-3946115 16386 1 14891
-3946907 32 1 232171
-3947263 0 2 257 15359
-3949663 64 1 207877
-3950699 33024 1 2309
-3952783 262144 1 55673
-3959720 67108866 1 98993
-3961940 2 1 198097
-3965647 4 1 566521
-3968168 67108864 2 149 3329
-3972904 67108880 1 38201
-3974767 0 2 167 23801
-3974891 0 2 311 12781
-3977315 1026 1 21499
-3980099 3145728 1 607
-3984535 2 2 163 4889
-3984968 67108880 1 38317
-3985115 2 2 383 2081
-3988571 0 2 1783 2237
-3993899 20 1 43889
-3997787 2048 2 281 347
-3998815 2 2 167 4789
-3999544 33554432 1 499943
-4004104 67108880 1 38501
-4006955 4098 1 18637
-4009204 8388608 1 10333
-4009571 512 1 129341
-4012327 136 1 15859
-4031656 67108864 2 131 3847
-4033636 0 1 1008409
-4034404 8 1 91691
-4035368 67109888 1 13633
-4040555 2 1 808111
-4040612 0 2 643 1571
-4044004 0 1 1011001
-4044247 1048576 1 51193
-4059847 8 1 369077
-4069355 2 1 813871
-4070387 0 3 107 109 349
-4075832 33554432 2 499 1021
-4086323 0 2 167 24469
-4086415 8194 1 17389
-4089923 512 1 131933
-4089992 67108864 2 461 1109
-4090811 0 2 163 25097
-4095155 2 1 819031
-4095880 67108866 1 102397
-4099207 4 1 585601
-4101668 0 1 1025417
-4102264 33555456 1 13859
-4102936 33554496 1 26993
-4103647 32 1 241391
-4110011 512 2 197 673
-4110616 33816576 1 7237
-4113364 1024 1 27793
-4123207 8 1 374837
-4127047 64 2 281 773
-4128971 12 1 53623
-4132739 16 1 317903
-4138931 1024 1 111863
-4141955 130 1 36017
-4142383 4 2 151 3919
-4142819 0 2 1291 3209
-4144207 0 2 2003 2069
-4149511 131072 1 61933
-4149971 4 1 592853
-4154648 35651584 1 6257
-4155055 34 1 48883
-4155995 16386 1 15683
-4158803 264 1 13037
-4161059 4 2 769 773
-4161364 0 2 227 4583
-4162052 0 2 811 1283
-4162739 36 1 34981
-4168495 2 2 823 1013
-4170511 0 2 173 24107
-4170971 2052 1 14533
-4176152 33554464 1 30707
-4178708 64 1 54983
-4183207 36 1 35153
-4191812 4096 1 24371
-4194463 20 1 46093
-4194676 256 1 36161
-4195876 0 2 587 1787
-4197364 0 2 193 5437
-4202612 0 2 137 7669
-4202915 2 2 103 8161
-4213988 0 1 1053497
-4220195 6 1 120577
-4220555 2 1 844111
-4223939 32 2 419 593
-4227332 0 1 1056833
-4227512 33554432 2 317 1667
-4227515 130 1 36761
-4230823 0 2 1171 3613
-4231544 33558528 1 12301
-4234232 33554688 1 18251
-4240984 33554440 1 48193
-4241108 128 1 46099
-4242196 4 1 151507
-4242548 64 1 55823
-4244623 8388608 1 43759
-4247704 33554432 2 223 2381
-4251535 66 1 44753
-4252696 33554436 1 75941
-4257779 0 2 1087 3917
-4262263 0 2 283 15061
-4267595 34 1 50207
-4276235 66 1 45013
-4277695 2 2 263 3253
-4277828 0 2 283 3779
-4277915 2 2 317 2699
-4278463 4 2 173 3533
-4282276 0 1 1070569
-4283407 16384 1 80819
-4283459 1081344 1 919
-4284179 0 2 541 7919
-4286287 65792 1 2423
-4294667 16 1 330359
-4299128 33554432 2 251 2141
-4302035 130 1 37409
-4308491 65544 1 6421
-4309303 128 1 187361
-4311428 8 1 97987
-4312211 0 2 971 4441
-4324355 6 1 123553
-4327183 4 2 491 1259
-4327544 33554448 1 41611
-4330084 8 1 98411
-4330232 33554432 2 613 883
-4331828 0 2 463 2339
-4335256 35651584 1 6529
-4338419 512 2 349 401
-4338424 33554432 2 227 2389
-4340792 33554432 1 542599
-4341347 0 3 103 113 373
-4345687 132096 1 1753
-4349335 2 2 311 2797
-4351495 8194 1 18517
-4355768 33554432 1 544471
-4355891 0 2 347 12553
-4357207 0 2 149 29243
-4360955 2 2 683 1277
-4366955 2 2 157 5563
-4367044 8 1 99251
-4374184 67108864 2 641 853
-4374587 4 2 229 2729
-4377556 0 2 857 1277
-4380491 6291456 1 593
-4381091 24 1 30637
-4386616 33554448 1 42179
-4390423 0 2 397 11059
-4392655 130 1 38197
-4396115 34 1 51719
-4396183 40 1 23509
-4397032 67108864 2 359 1531
-4416436 64 1 58111
-4418888 67108864 2 541 1021
-4419055 524290 1 12107
-4419544 33554432 2 233 2371
-4421935 6 1 126341
-4423687 8192 1 94121
-4424099 0 2 1451 3049
-4424219 0 2 587 7537
-4426979 4096 1 102953
-4431583 8208 1 7253
-4435927 256 2 151 1013
-4438024 67108864 1 554753
-4440443 4 2 677 937
-4442296 33554432 1 555287
-4443103 36 1 37337
-4443736 33554440 1 50497
-4444744 67108864 1 555593
-4445051 16 1 341927
-4449131 557056 1 1033
-4456808 67109376 1 17971
-4458260 2 1 222913
-4462835 18 1 68659
-4470127 0 2 197 22691
-4476452 0 2 107 10459
-4480760 33554434 1 112019
-4481411 8 1 407401
-4481863 288 1 9091
-4490723 0 2 137 32779
-4491491 65792 1 2539
-4493699 4194308 1 7213
-4494872 33554432 2 131 4289
-4495619 16384 2 271 313
-4496648 67108880 1 43237
-4500932 0 2 251 4483
-4503011 1056 1 7159
-4509299 0 2 139 32441
-4510715 10 1 82013
-4512152 33554432 2 283 1993
-4518155 2 2 313 2887
-4526792 67108864 1 565849
-4533703 65536 1 74323
-4533755 2 1 906751
-4552756 16 1 87553
-4553027 64 1 239633
-4556536 33685504 1 8501
-4562228 8 1 103687
-4562884 0 1 1140721
-4577527 8390656 1 1151
-4580459 16 2 463 761
-4585859 64 1 241361
-4589147 1536 1 4001
-4592743 512 1 148153
-4593080 33554434 1 114827
-4594087 1048576 1 58153
-4594091 4196352 1 1259
-4608436 4 1 164587
-4612936 67108864 1 576617
-4613819 524292 1 9029
-4626947 16 2 157 2267
-4631288 33554496 1 30469
-4631716 0 1 1157929
-4633652 0 2 313 3701
-4635755 2 2 647 1433
-4635844 0 1 1158961
-4636712 69206016 1 6983
-4640647 16777224 1 4177
-4641755 2 1 928351
-4644103 0 2 167 27809
-4650091 65536 1 76231
-4651396 4096 1 27043
-4652056 33554432 2 373 1559
-4652963 260 1 22921
-4654955 2 1 930991
-4656376 33555456 1 15731
-4660472 33554496 1 30661
-4664647 48 1 21107
-4666276 0 1 1166569
-4669576 67108864 1 583697
-4671731 1536 1 4073
-4675567 16 2 457 787
-4678996 4 1 167107
-4679435 2 2 139 6733
-4682123 32 1 275419
-4682963 0 2 151 31013
-4685795 34 1 55127
-4686155 2 1 937231
-4689703 2048 2 107 1069
-4693087 4 2 761 881
-4695611 128 2 109 1873
-4704707 4 2 151 4451
-4704916 16384 1 22193
-4706219 4 1 672317
-4709912 33554432 2 337 1747
-4710392 33558528 1 13693
-4713203 8 1 428473
-4713655 2 2 227 4153
-4720255 2 2 167 5653
-4722443 524296 1 5881
-4723268 8 1 107347
-4724468 4 1 168731
-4724884 0 2 179 6599
-4724983 0 2 401 11783
-4727732 64 1 62207
-4737395 18 1 72883
-4738183 1049600 1 1621
-4738324 0 2 577 2053
-4744696 33554440 1 53917
-4753303 65792 1 2687
-4755316 65536 1 19489
-4760731 32 2 193 1451
-4763767 8519680 1 733
-4765327 4194308 1 7649
-4768907 24 1 33349
-4770452 0 2 503 2371
-4770488 33554432 2 107 5573
-4772072 67110912 1 14549
-4773731 4160 1 5843
-4774955 2 1 954991
-4779064 33554432 1 597383
-4779976 67108864 1 597497
-4784435 2 2 151 6337
-4786360 33554434 1 119659
-4797256 67108864 1 599657
-4797460 2 1 239873
-4803364 131072 1 17923
-4804036 64 1 63211
-4806872 33554436 1 85837
-4812899 20 1 52889
-4814408 67108864 1 601801
-4816996 32768 1 20411
-4823507 528 1 11969
-4824548 32768 1 20443
-4827131 1024 2 283 461
-4829455 2 2 197 4903
-4830932 2097152 1 14551
-4830968 33685504 1 9013
-4835123 1056 1 7687
-4835287 66048 1 2557
-4841944 34078720 1 8291
-4845256 67108880 1 46589
-4845496 33554432 1 605687
-4853320 67108866 1 121333
-4857460 2 1 242873
-4858628 0 1 1214657
-4863256 33556480 1 14827
-4868047 64 2 173 1481
-4868411 0 2 397 12263
-4869107 0 2 683 7129
-4872415 2 2 103 9461
-4883099 16 1 375623
-4884755 2 1 976951
-4886056 67108868 1 87251
-4886408 67108864 1 610801
-4887544 33554688 1 21067
-4894115 66 1 51517
-4898171 1024 1 132383
-4899992 33556480 1 14939
-4900807 0 2 2011 2437
-4904579 0 2 461 10639
-4913891 2048 1 119851
-4915763 512 1 158573
-4920007 8192 1 104681
-4920248 33554432 1 615031
-4920467 16384 2 263 353
-4922171 524288 1 67427
-4923635 2 2 131 7517
-4925768 67108864 1 615721
-4926136 33554432 1 615767
-4927811 4 2 269 2617
-4928191 0 2 653 7547
-4937528 33554432 1 617191
-4940003 0 2 1231 4013
-4941155 2 1 988231
-4941304 33554432 2 523 1181
-4941752 33554432 1 617719
-4942264 33554432 2 173 3571
-4942564 8 1 112331
-4942855 2 1 988571
-4944932 0 1 1236233
-4945355 2 1 989071
-4946167 32 2 131 2221
-4947572 4 1 176699
-4953796 0 1 1238449
-4953844 4 1 176923
-4957787 16777216 2 191 257
-4959544 33619968 1 10163
-4961915 6 1 141769
-4963091 2052 1 17293
-4972595 2 2 653 1523
-4973672 67108872 1 56519
-4975060 2 1 248753
-4975187 4 2 439 1619
-4979767 80 1 20161
-4980779 288 1 10103
-4985555 2 1 997111
-4995463 524296 1 6221
-4997896 67108864 1 624737
-5002667 0 2 1667 3001
-5007608 33558528 1 14557
-5011571 0 2 1109 4519
-5011903 16 1 385531
-5012104 67125248 1 11821
-5012792 33554432 1 626599
-5015252 8 1 113983
-5015524 2097152 1 15107
-5017807 0 2 193 25999
-5019316 0 2 467 2687
-5020516 0 1 1255129
-5020756 16 1 96553
-5022827 0 2 307 16361
-5027764 4 1 179563
-5028487 16777216 1 49787
-5029019 2176 1 5333
-5034136 33554432 2 107 5881
-5043107 0 3 131 137 281
-5043796 256 1 43481
-5047864 33554432 2 157 4019
-5057411 0 2 1201 4211
-5062771 4 2 787 919
-5065687 16392 1 8689
-5068232 67108880 1 48733
-5068955 2 1 1013791
-5069363 2064 1 9511
-5069723 2097184 1 3593
-5071336 67108864 2 593 1069
-5078195 16386 1 19163
-5086283 0 2 757 6719
-5088760 33554434 1 127219
-5088964 4096 1 29587
-5090792 67108868 1 90907
-5093012 65536 1 20873
-5094376 67108868 1 90971
-5094827 32768 1 86353
-5102647 8 2 307 1511
-5106395 6 1 145897
-5109016 33554440 1 58057
-5115419 32 2 131 2297
-5117651 12 1 66463
-5124083 512 1 165293
-5129579 20 1 56369
-5131187 0 2 359 14293
-5133752 33554448 1 49363
-5137619 64 2 317 853
-5139635 2 2 823 1249
-5140036 8 1 116819
-5146859 16777216 2 131 389
-5147176 67108928 1 33863
-5152955 34 1 60623
-5153263 0 2 379 13597
-5160488 67108864 2 239 2699
-5162027 528 1 12809
-5165192 67108864 1 645649
-5165656 33554432 2 103 6269
-5168312 33554432 1 646039
-5168503 0 2 811 6373
-5168747 2048 1 126067
-5171720 67108866 1 129293
-5172467 131072 1 77201
-5173688 33554448 1 49747
-5173955 2 1 1034791
-5178916 0 1 1294729
-5183659 16 2 181 2203
-5187823 0 2 127 40849
-5191096 33554432 1 648887
-5194211 65544 1 7741
-5206883 8 1 473353
-5207819 0 2 173 30103
-5209096 67109120 1 22453
-5209352 67108864 1 651169
-5209924 0 2 683 1907
-5210152 67108864 2 103 6323
-5217467 0 2 163 32009
-5218744 33554432 1 652343
-5219716 0 1 1304929
-5225128 67108864 2 163 4007
-5227811 4096 1 121577
-5229092 8 1 118843
-5233955 2 1 1046791
-5243288 33554432 2 647 1013
-5245447 0 2 1223 4289
-5246648 33554440 1 59621
-5250655 2 2 233 4507
-5252116 32 1 77237
-5252171 0 2 281 18691
-5254840 33554434 1 131371
-5257595 6 1 150217
-5262968 33554432 2 251 2621
-5271208 67108928 1 34679
-5273143 0 2 131 40253
-5273288 67125248 1 12437
-5276963 1048576 1 66797
-5278211 262176 1 4373
-5281172 16 1 101561
-5287412 16 1 101681
-5287423 0 2 1373 3851
-5287595 34 1 62207
-5290804 2048 1 32261
-5290955 2 2 887 1193
-5292052 1048576 1 16747
-5296088 33554436 1 94573
-5298463 16384 1 99971
-5303291 4 2 491 1543
-5308523 8 1 482593
-5309147 131072 1 79241
-5310419 0 2 613 8663
-5314619 532480 1 1549
-5316395 6 1 151897
-5318072 33554432 2 421 1579
-5322251 2056 1 11801
-5324771 8192 2 277 409
-5332024 33554432 2 107 6229
-5333147 4194816 1 1933
-5334583 32 2 311 1009
-5337655 2 2 863 1237
-5338663 40 1 28549
-5342143 0 2 349 15307
-5346184 67108864 1 668273
-5348767 0 2 1153 4639
-5348795 34 1 62927
-5352127 40 1 28621
-5359240 67108866 1 133981
-5365903 0 2 257 20879
-5368628 0 2 191 7027
-5369272 33554432 1 671159
-5375179 288 1 10903
-5381176 33619968 1 11027
-5381972 512 1 43403
-5387476 0 2 163 8263
-5387960 33554434 1 134699
-5389499 0 2 127 42437
-5391316 4 1 192547
-5393195 2 2 607 1777
-5395067 2048 2 181 727
-5401204 0 2 479 2819
-5403848 67108864 1 675481
-5406755 2 1 1081351
-5410808 33554448 1 52027
-5412152 33558528 1 15733
-5413960 67108866 1 135349
-5415736 33554432 1 676967
-5427467 0 2 509 10663
-5428715 2 2 163 6661
-5432555 2 1 1086511
-5435339 20 1 59729
-5438552 33554436 1 97117
-5442568 67108864 1 680321
-5444536 33554432 1 680567
-5453288 67108864 2 607 1123
-5457127 16 2 271 1549
-5459320 33554434 1 136483
-5459843 0 2 439 12437
-5463007 8 2 197 2521
-5466515 65538 1 17923
-5478755 2 1 1095751
-5483539 16384 2 157 659
-5493976 34603008 1 8693
-5502247 4194304 2 211 293
-5502872 33554944 1 22189
-5504836 0 2 163 8443
-5511515 2 2 557 1979
-5514943 4 2 461 1709
-5516147 20 1 60617
-5525716 4 1 197347
-5530088 67108864 2 127 5443
-5536148 2048 1 33757
-5536516 0 2 491 2819
-5538904 33554436 1 98909
-5541940 2 1 277097
-5542868 0 2 109 12713
-5543284 16777216 1 13721
-5544632 33554432 1 693079
-5549843 80 1 22469
-5559332 0 1 1389833
-5559899 524288 1 76163
-5561867 0 2 131 42457
-5564776 67108868 1 99371
-5572852 64 1 73327
-5577160 67108866 1 139429
-5584868 0 1 1396217
-5586323 64 2 269 1093
-5592196 0 1 1398049
-5593207 0 2 127 44041
-5595368 67371008 1 9851
-5596036 0 1 1399009
-5597416 67108872 1 63607
-5600315 6 1 160009
-5603348 32768 1 23743
-5604964 4096 1 32587
-5606435 2 2 631 1777
-5606740 2 1 280337
-5611379 128 1 243973
-5623835 6 1 160681
-5624623 0 2 449 12527
-5626264 33554436 1 100469
-5627048 67108868 1 100483
-5633723 512 2 263 691
-5635684 0 2 971 1451
-5635787 0 2 587 9601
-5642891 1048576 1 71429
-5644456 67108864 2 109 6473
-5654408 67108864 1 706801
-5657944 35651584 1 8521
-5661211 8388608 1 58363
-5661992 67108868 1 101107
-5666104 33554496 1 37277
-5666836 4 1 202387
-5667967 0 2 113 50159
-5671139 32832 1 5059
-5671619 1024 1 153287
-5674019 16 1 436463
-5674148 32768 1 24043
-5676995 2 2 173 6563
-5679059 8388608 2 127 461
-5679655 4098 1 26417
-5680088 33554496 1 37369
-5680543 16777224 1 5113
-5682727 0 2 2357 2411
-5698403 4198400 1 1489
-5702795 6 1 162937
-5703556 0 1 1425889
-5706280 67108866 1 142657
-5721332 0 2 857 1669
-5723476 8 1 130079
-5727112 67108864 1 715889
-5727796 8192 1 30467
-5730515 6 1 163729
-5731396 8 1 130259
-5731663 4 2 173 4733
-5731883 0 2 107 53569
-5732123 0 2 1553 3691
-5734756 0 1 1433689
-5735243 256 1 197767
-5740024 33685504 1 10709
-5741368 33554432 2 197 3643
-5741939 32772 1 13903
-5742223 512 1 185233
-5743891 0 2 347 16553
-5747243 0 2 109 52727
-5753143 72 1 27527
-5757731 4 2 241 3413
-5764084 0 2 349 4129
-5766539 0 2 151 38189
-5767115 2 2 577 1999
-5769227 0 2 983 5869
-5774915 258 1 39827
-5776423 256 2 139 1433
-5781683 32 2 181 1879
-5783108 2097152 1 17419
-5783755 2 1 1156751
-5783815 2 2 877 1319
-5786836 8 1 131519
-5789555 2 2 113 10247
-5790779 1048704 1 3187
-5792767 2080 1 8311
-5798363 1048640 1 3863
-5799064 33554432 2 347 2089
-5804363 0 2 619 9377
-5808184 33554432 1 726023
-5815283 256 2 193 1039
-5819555 6 1 166273
-5824379 8 1 529489
-5825140 2 1 291257
-5826232 33619968 1 11939
-5828195 34 1 68567
-5832068 8 1 132547
-5832995 6 1 166657
-5834263 0 2 463 12601
-5834611 16384 2 283 389
-5841016 33554432 2 683 1069
-5841155 2 1 1168231
-5846795 2 2 103 11353
-5847179 16 1 449783
-5848552 67141632 1 12391
-5852372 0 2 1021 1433
-5853707 128 2 139 1831
-5853992 67109888 1 19777
-5855251 2048 1 142811
-5862244 0 1 1465561
-5868755 1026 1 31723
-5880244 16384 1 27737
-5880964 0 1 1470241
-5883844 64 1 77419
-5884936 67108864 1 735617
-5888440 33554434 1 147211
-5889635 131074 1 17581
-5889899 8192 2 113 1109
-5890355 4098 1 27397
-5896423 16 1 453571
-5901635 34 1 69431
-5905211 16 1 454247
-5911355 16386 1 22307
-5919064 33554432 2 457 1619
-5919992 33554448 1 56923
-5933147 8 2 541 997
-5935832 33554436 1 105997
-5936555 2 1 1187311
-5936767 0 2 199 29833
-5936836 0 1 1484209
-5939176 67141632 1 12583
-5939263 8 2 173 3121
-5942596 8 1 135059
-5944712 67108864 1 743089
-5944763 8 1 540433
-5945171 8192 1 126493
-5945320 67108866 1 148633
-5945992 67108880 1 57173
-5947595 2 2 107 11117
-5947684 64 1 78259
-5950303 525312 1 2203
-5952059 16384 1 112303
-5952655 2 2 157 7583
-5956715 34 1 70079
-5957915 2050 1 29063
-5969503 0 2 239 24977
-5969848 33554432 1 746231
-5973796 0 1 1493449
-5977931 32 1 351643
-5979028 8 1 135887
-5980331 4 1 854333
-5982419 1056 1 9511
-5982755 2 2 103 11617
-5987983 64 2 113 2789
-5988107 0 2 251 23857
-5989876 0 2 607 2467
-5990884 0 1 1497721
-5992024 33554464 1 44059
-5999656 67108880 1 57689
