-185279 2048 1 4519
-218039 0 2 337 647
-242711 4 1 34673
-244271 0 2 137 1783
-277871 8 1 25261
-279191 40 1 1493
-292031 128 1 12697
-295511 32 1 17383
-329279 32768 1 5581
-343871 4104 1 727
-350231 4 1 50033
-367871 4 1 52553
-368639 4096 1 8573
-371231 4 2 181 293
-378791 16388 1 1021
-392447 8 1 35677
-397679 0 2 139 2861
-411791 32 1 24223
-423095 1026 1 2287
-425855 16386 1 1607
-428735 66 1 4513
-431039 4 2 139 443
-435671 0 2 191 2281
-456407 4 2 113 577
-466151 4 1 66593
-467279 32 1 27487
-468911 32 1 27583
-472655 2 1 94531
-479183 0 2 179 2677
-502127 3072 1 331
-505751 65536 1 8291
-517031 0 2 683 757
-525815 2 2 103 1021
-530423 64 1 27917
-537671 8388736 1 241
-546695 16386 1 2063
-553319 528 1 1373
-553631 1040 1 1151
-554279 2056 1 1229
-555911 0 2 631 881
-557807 0 2 139 4013
-563087 4 2 257 313
-566903 64 1 29837
-590663 65664 1 421
-596447 0 2 149 4003
-605135 1026 1 3271
-605951 0 2 137 4423
-607343 8 1 55213
-613604 0 2 131 1171
-615191 16777216 1 6091
-619076 0 1 154769
-622583 2097168 1 577
-624359 96 1 1933
-626615 10 1 11393
-630383 16 1 48491
-635444 128 1 6907
-638255 2 2 107 1193
-648095 6 1 18517
-654287 8192 1 13921
-654335 10 1 11897
-655535 4098 1 3049
-665135 2 2 137 971
-674959 0 2 103 6553
-682991 0 2 269 2539
-683279 33792 1 313
-687983 512 1 22193
-692936 67109888 1 2341
-694895 8194 1 2957
-695807 4 1 99401
-697439 32768 1 11821
-697559 0 2 167 4177
-697784 33554432 1 87223
-707684 0 1 176921
-708319 524800 1 313
-711047 512 1 22937
-728447 2048 2 109 163
-737063 69632 1 281
-745943 40 1 3989
-746119 8 1 67829
-749255 18 1 11527
-751064 33554432 2 223 421
-751847 8388736 1 337
-752456 67108864 1 94057
-771479 0 2 163 4733
-783911 327680 1 181
-783956 1024 1 5297
-789764 0 1 197441
-814999 1024 1 22027
-815303 32 2 199 241
-817055 2 1 163411
-824903 65536 1 13523
-828344 33554440 1 9413
-835655 8388610 1 1723
-838136 33554448 1 8059
-842783 64 1 44357
-842927 131200 1 547
-848084 64 1 11159
-850484 4194304 1 2389
-850991 64 1 44789
-851015 10 1 15473
-853124 0 1 213281
-854543 1048832 1 373
-855287 32 1 50311
-855476 512 1 6899
-869255 2 1 173851
-870863 8196 1 2647
-873044 16777216 1 2161
-885455 2 1 177091
-885464 33554432 2 151 733
-889880 33554434 1 22247
-890564 131072 1 3323
-891224 50331648 1 1103
-893495 2097154 1 2153
-894031 525312 1 331
-895256 33562624 1 2381
-901304 33554432 1 112663
-902783 4 1 128969
-905239 2048 1 22079
-907655 6 1 25933
-912815 34 1 10739
-928196 0 1 232049
-937703 48 1 4243
-939887 16 2 197 367
-941624 33554432 1 117703
-942047 0 2 167 5641
-942751 0 2 401 2351
-945439 65544 1 1409
-946664 67633152 1 1621
-947687 16 2 269 271
-950911 16 2 193 379
-951263 2621440 1 157
-956696 33554448 1 9199
-956927 1048576 1 12113
-958943 4352 1 769
-963679 32 1 56687
-971864 33556480 1 2963
-974024 67108864 2 109 1117
-980183 0 2 563 1741
-981140 2 1 49057
-985256 67108864 2 107 1151
-988004 0 1 247001
-992276 0 2 359 691
-993143 2048 1 24223
-1002536 67108864 2 113 1109
-1007615 6 1 28789
-1010936 33554432 2 107 1181
-1013087 4194304 1 11383
-1015076 0 1 253769
-1018823 16 2 109 719
-1019855 2 1 203971
-1022216 67108880 1 9829
-1024904 67108864 1 128113
-1031684 0 1 257921
-1031791 8448 1 757
-1036376 33554440 1 11777
-1037396 0 2 223 1163
-1042471 32768 1 17669
-1044679 0 2 467 2237
-1045364 32 1 15373
-1047503 8388608 1 10799
-1048351 0 2 1009 1039
-1048724 64 1 13799
-1053167 2080 1 1511
-1054664 67108880 1 10141
-1054724 8 1 23971
-1057399 4 1 151057
-1057447 0 2 193 5479
-1063727 132 1 6607
-1071080 67108866 1 26777
-1075135 130 1 9349
-1079119 256 2 127 293
-1082495 130 1 9413
-1083695 2 2 193 1123
-1084583 32 1 63799
-1085903 20 1 11933
-1086151 8 2 293 337
-1086407 4 1 155201
-1087055 2 1 217411
-1088084 128 1 11827
-1092104 67108880 1 10501
-1092383 16384 1 20611
-1093103 4104 1 2311
-1098143 320 1 1993
-1104884 8 1 25111
-1109543 192 1 2539
-1110263 12 1 14419
-1110836 0 2 331 839
-1111844 0 1 277961
-1114711 80 1 4513
-1116644 0 2 131 2131
-1121396 1024 1 7577
-1123736 33554496 1 7393
-1123784 67108864 1 140473
-1128647 48 1 5107
-1129231 384 1 1693
-1130791 0 2 113 10007
-1141823 512 1 36833
-1142471 8 2 283 367
-1144583 8 1 104053
-1144943 0 2 139 8237
-1146836 0 2 409 701
-1149236 8 1 26119
-1149284 0 1 287321
-1150964 0 2 167 1723
-1151719 0 2 233 4943
-1155944 67108864 2 131 1103
-1157624 33554448 1 11131
-1161407 2064 1 2179
-1161527 64 2 113 541
-1161919 16392 1 1993
-1161956 0 1 290489
-1164151 0 2 809 1439
-1168951 2052 1 4073
-1171316 0 2 103 2843
-1173031 0 2 1039 1129
-1173767 524292 1 2297
-1174159 32772 1 2843
-1174223 0 2 761 1543
-1182071 2056 1 2621
-1184239 4 1 169177
-1186159 16 1 91243
-1194199 32 2 199 353
-1197535 16386 1 4519
-1200776 67108864 1 150097
-1202479 4227072 1 229
-1206056 67110912 1 3677
-1206935 2 2 199 1213
-1209127 0 2 593 2039
-1217732 0 1 304433
-1224143 0 2 313 3911
-1224679 270336 1 367
-1224884 32 1 18013
-1226999 0 2 181 6779
-1231304 67108864 1 153913
-1234655 2 1 246931
-1237364 2097152 1 3727
-1239079 160 1 3169
-1246279 0 2 349 3571
-1247807 8 1 113437
-1252303 16 1 96331
-1255855 2 1 251171
-1260055 130 1 10957
-1260776 67108872 1 14327
-1262264 35651584 1 1901
-1264856 33554432 2 223 709
-1268456 67108868 1 22651
-1271071 0 2 887 1433
-1272596 16 1 24473
-1274984 67108864 2 197 809
-1283411 0 2 673 1907
-1284344 33555456 1 4339
-1285367 256 2 127 349
-1286276 0 1 321569
-1288244 0 2 443 727
-1293080 33554434 1 32327
-1305092 2097152 1 3931
-1307444 0 2 311 1051
-1309544 67108896 1 9629
-1312519 48 1 5939
-1323863 64 1 69677
-1331384 33554432 2 163 1021
-1332143 0 2 571 2333
-1333103 128 2 149 389
-1333111 16 1 102547
-1333796 0 1 333449
-1334663 8 1 121333
-1335080 67108866 1 33377
-1335716 0 1 333929
-1337807 0 2 113 11839
-1339583 36 1 11257
-1342724 0 1 335681
-1348759 8192 1 28697
-1362679 4259840 1 251
-1367671 131072 2 137 149
-1370551 20 1 15061
-1372463 512 1 44273
-1373480 67108866 1 34337
-1377319 196608 1 337
-1383919 32 2 127 641
-1386116 0 1 346529
-1387076 64 1 18251
-1389055 2 2 353 787
-1396196 64 1 18371
-1396664 33554432 1 174583
-1397015 514 1 9013
-1402424 33554432 1 175303
-1405256 67108864 2 269 653
-1408676 2097152 1 4243
-1415903 128 1 61561
-1416659 64 1 74561
-1419167 64 2 113 661
-1422295 6 1 40637
-1423556 64 1 18731
-1427087 2048 1 34807
-1433567 128 2 157 397
-1439819 0 2 523 2753
-1441111 132 1 8951
-1443143 528 1 3581
-1443391 16777728 1 461
-1454120 67108866 1 36353
-1454791 8208 1 2381
-1456004 8 1 33091
-1458824 67108864 1 182353
-1459016 67108880 1 14029
-1461368 33554688 1 6299
-1462495 2 2 367 797
-1463444 128 1 15907
-1464655 16386 1 5527
-1465988 0 1 366497
-1470223 0 2 307 4789
-1473236 8388608 1 3797
-1475071 16 1 113467
-1476068 8 1 33547
-1478516 16 1 28433
-1478911 2052 1 5153
-1479103 512 1 47713
-1480520 67108866 1 37013
-1482511 4224 1 1499
-1484431 4194320 1 1283
-1484855 2 1 296971
-1487684 8 1 33811
-1488503 32 1 87559
-1493144 33554464 1 10979
-1504184 33554440 1 17093
-1518607 4194304 2 113 151
-1522436 32768 1 6451
-1523444 16 1 29297
-1526024 67108864 1 190753
-1529479 4 2 151 1447
-1530167 128 1 66529
-1530535 130 1 13309
-1537255 2 1 307451
-1548223 256 2 197 271
-1552495 6 1 44357
-1561847 4 2 347 643
-1564615 18 1 24071
-1565143 16384 1 29531
-1573855 2 1 314771
-1574695 130 1 13693
-1580708 0 2 139 2843
-1582916 4096 1 9203
-1583240 67108866 1 39581
-1583588 0 1 395897
-1589215 514 1 10253
-1594232 33554432 2 349 571
-1594487 16777216 1 15787
-1596023 24 1 11161
-1598303 2052 1 5569
-1601684 4 1 57203
-1604132 64 1 21107
-1605991 1048832 1 701
-1607983 1040 1 3343
-1612855 2 1 322571
-1613335 130 1 14029
-1621844 4 1 57923
-1625444 0 1 406361
-1628455 2 1 325691
-1629055 4098 1 7577
-1630691 32 1 95923
-1634431 1048608 1 1217
-1637144 33554432 2 113 1811
-1640383 524416 1 977
-1641956 0 1 410489
-1645231 65540 1 3853
-1646024 67174400 1 3373
-1646531 0 2 421 3911
-1647971 16 2 109 1163
-1648487 2560 1 1297
-1649911 0 2 467 3533
-1650391 0 2 557 2963
-1650655 2 1 330131
-1653751 8 2 149 1009
-1653887 4194304 1 18583
-1662740 2 1 83137
-1664551 4 2 401 593
-1667215 10 1 30313
-1671224 33554432 2 317 659
-1672340 2 1 83617
-1679432 67108864 1 209929
-1679816 67108864 1 209977
-1682743 0 2 971 1733
-1683128 33554432 1 210391
-1683439 16512 1 1381
-1683656 67108880 1 16189
-1687495 2 2 547 617
-1694564 131072 1 6323
-1697479 68 1 12763
-1699604 16384 1 8017
-1700264 67108864 2 283 751
-1700815 514 1 10973
-1704655 2 1 340931
-1704767 65536 1 27947
-1704824 33554440 1 19373
-1705172 4 1 60899
-1710584 33555456 1 5779
-1711211 2113536 1 389
-1717355 1026 1 9283
-1719539 512 1 55469
-1720664 33554440 1 19553
-1721204 4096 1 10007
-1723255 8194 1 7333
-1727551 4 1 246793
-1728079 0 2 727 2377
-1733455 2097154 1 4177
-1734356 16 1 33353
-1735604 16 1 33377
-1736036 0 1 434009
-1742504 67108864 2 139 1567
-1743992 33554432 2 277 787
-1747999 8 1 158909
-1750135 2 2 541 647
-1750639 65544 1 2609
-1755463 0 2 431 4073
-1756367 16896 1 1069
-1757768 67108864 1 219721
-1759183 0 2 1021 1723
-1765903 0 2 1103 1601
-1774379 0 2 197 9007
-1774399 8 1 161309
-1781240 33554434 1 44531
-1781695 130 1 15493
-1783111 8 2 173 937
-1793455 2 1 358691
-1795999 288 1 3643
-1801556 0 2 233 1933
-1807544 33554432 1 225943
-1807748 0 1 451937
-1807979 65536 2 107 277
-1809764 8 1 41131
-1813316 0 1 453329
-1813811 0 2 139 13049
-1815079 4 2 199 1303
-1815992 33570816 1 4283
-1816904 67108864 1 227113
-1824056 33554448 1 17539
-1825940 2 1 91297
-1827176 67108880 1 17569
-1831892 16384 1 8641
-1833611 8208 1 3001
-1834063 12 1 23819
-1834231 4 2 157 1669
-1838456 33555456 1 6211
-1838744 33554496 1 12097
-1839151 256 1 63419
-1839751 1088 1 2617
-1840207 192 1 4211
-1843652 0 1 460913
-1846196 8 1 41959
-1849351 4 2 349 757
-1850431 8 2 149 1129
-1851263 0 2 439 4217
-1851631 0 2 103 17977
-1854824 67108864 2 103 2251
-1857428 4096 1 10799
-1861124 0 1 465281
-1863272 67108864 2 283 823
-1864183 0 2 797 2339
-1865684 4096 1 10847
-1869539 4 2 409 653
-1870280 67108866 1 46757
-1871444 131072 1 6983
-1871768 33554464 1 13763
-1874671 4096 1 43597
-1879343 0 2 829 2267
-1879352 33554432 2 347 677
-1885844 32 1 27733
-1887560 67108866 1 47189
-1889063 8 1 171733
-1890031 24 1 13217
-1894052 0 1 473513
-1894831 256 2 223 293
-1898455 18 1 29207
-1901455 2 1 380291
-1907044 0 2 491 971
-1910036 131072 1 7127
-1917851 16 2 151 977
-1919191 256 1 66179
-1921160 67108866 1 48029
-1921796 0 1 480449
-1923559 136 1 7603
-1923716 0 1 480929
-1924807 0 2 769 2503
-1926655 2 1 385331
-1928939 32 1 113467
-1931183 8224 1 2417
-1931479 16392 1 3313
-1933112 33554432 1 241639
-1934939 0 2 683 2833
-1938164 128 1 21067
-1939979 32768 2 131 251
-1940183 4 1 277169
-1942456 33554432 1 242807
-1944751 0 2 127 15313
-1951076 0 1 487769
-1952239 532480 1 569
-1954376 67108864 1 244297
-1959896 33554464 1 14411
-1963783 64 1 103357
-1964360 67108866 1 49109
-1968295 6 1 56237
-1969460 2 1 98473
-1969976 33554432 1 246247
-1972451 262160 1 2137
-1972715 2050 1 9623
-1974056 67108868 1 35251
-1975112 67108864 1 246889
-1976984 33555456 1 6679
-1985096 67108864 1 248137
-1987316 0 2 691 719
-1987736 33554432 2 419 593
-1995332 0 1 498833
-1995655 2 1 399131
-1995764 0 2 107 4663
-1996340 2 1 99817
-1997863 4 2 269 1061
-1998779 1048576 1 25301
-2001295 524290 1 5483
-2002811 12288 1 991
-2002879 512 1 64609
-2004920 33554434 1 50123
-2005711 32 2 127 929
-2008759 0 2 127 15817
-2009396 1024 1 13577
-2010007 0 2 271 7417
-2010740 2 1 100537
-2015239 256 1 69491
-2018791 8192 1 42953
-2019848 67108864 1 252481
-2022079 2048 2 149 331
-2030215 10 1 36913
-2030468 8 1 46147
-2030948 64 1 26723
-2036087 8192 1 43321
-2036360 67108866 1 50909
-2041087 0 2 491 4157
-2042119 16777216 1 20219
-2054407 0 2 409 5023
-2055151 65540 1 4813
-2057459 1056 1 3271
-2058863 0 2 241 8543
-2059304 67108880 1 19801
-2061944 33554432 2 373 691
-2062735 66 1 21713
-2063383 4 2 281 1049
-2065892 4096 1 12011
-2068255 6 1 59093
-2070679 8208 1 3389
-2072599 8388736 1 929
-2073079 0 2 151 13729
-2076644 0 1 519161
-2085679 1048608 1 1553
-2086712 33587200 1 4421
-2088404 64 1 27479
-2091332 0 2 251 2083
-2099060 2 1 104953
-2100596 65536 1 8609
-2100631 16 2 349 463
-2106596 0 1 526649
-2107063 4 2 241 1249
-2108311 0 2 1019 2069
-2111287 8448 1 1549
-2113255 1026 1 11423
-2119855 2 2 293 1447
-2131499 1048576 1 26981
-2132695 524290 1 5843
-2133247 0 2 941 2267
-2133527 8 1 193957
-2135240 67108866 1 53381
-2141624 33570816 1 5051
-2142103 0 2 607 3529
-2142152 67109888 1 7237
-2143748 0 1 535937
-2145583 8 1 195053
-2148164 0 1 537041
-2148452 4096 1 12491
-2163103 0 2 103 21001
-2167316 131072 1 8087
-2167567 0 2 827 2621
-2168312 33554432 2 131 2069
-2169655 2 1 433931
-2171096 50331648 1 2687
-2172055 2 1 434411
-2173379 528 1 5393
-2175428 0 1 543857
-2175655 2 1 435131
-2178539 524296 1 2713
-2178871 0 2 379 5749
-2181011 4 2 173 1801
-2184919 8 2 307 647
-2185172 8 1 49663
-2185591 0 2 653 3347
-2197364 16 1 42257
-2197736 67109120 1 9473
-2202847 4096 1 51229
-2204051 4096 1 51257
-2204120 33554434 1 55103
-2204456 67108928 1 14503
-2204504 33554560 1 11981
-2206376 67108864 2 193 1429
-2206567 8 1 200597
-2208536 33554440 1 25097
-2213240 33554434 1 55331
-2213939 20 1 24329
-2214131 32 2 139 937
-2222084 0 1 555521
-2226248 67108864 2 421 661
-2226740 2 1 111337
-2227783 0 2 353 6311
-2230052 8 1 50683
-2230927 32 1 131231
-2234795 130 1 19433
-2241272 33554440 1 25469
-2242703 64 1 118037
-2243167 160 1 5737
-2243396 4096 1 13043
-2246852 0 1 561713
-2250680 33554434 1 56267
-2261192 67125248 1 5333
-2262728 67108880 1 21757
-2271127 64 1 119533
-2271655 2 1 454331
-2272831 8 2 367 563
-2272879 4 1 324697
-2277295 2 2 613 743
-2277991 0 2 109 20899
-2278520 33554434 1 56963
-2280248 33554432 1 285031
-2280271 4 1 325753
-2280851 65536 2 139 269
-2283919 8 1 207629
-2285939 8224 1 2861
-2286247 0 2 953 2399
-2286611 6144 1 1297
-2287028 128 1 24859
-2287139 0 2 719 3181
-2287379 0 2 163 14033
-2287604 8 1 51991
-2289491 8388608 1 23603
-2289992 67108864 1 286249
-2290399 0 2 773 2963
-2293495 2 2 317 1447
-2293576 67108864 1 286697
-2296063 12 1 29819
-2297095 131074 1 6857
-2298031 1048640 1 1531
-2298584 34603008 1 3637
-2298727 0 2 443 5189
-2300455 2 1 460091
-2301155 2 1 460231
-2302136 33554688 1 9923
-2303972 8 1 52363
-2307007 0 2 199 11593
-2310260 2 1 115513
-2310535 16386 1 8719
-2312023 4 1 330289
-2317880 33554434 1 57947
-2320676 0 1 580169
-2325079 2097152 2 109 257
-2328991 8196 1 7079
-2329135 258 1 16063
-2333768 67108864 1 291721
-2333815 10 1 42433
-2335039 2097156 1 4019
-2340199 0 2 647 3617
-2345359 0 2 277 8467
-2350568 67108872 1 26711
-2353811 0 2 421 5591
-2353903 1024 2 113 563
-2354099 8 1 214009
-2357108 16 1 45329
-2359784 67108868 1 42139
-2360516 0 1 590129
-2360888 33554432 1 295111
-2362499 524288 1 32363
-2365640 67108866 1 59141
-2367236 4096 1 13763
-2368292 0 1 592073
-2371955 2 1 474391
-2373076 0 2 571 1039
-2373320 67108866 1 59333
-2374703 0 2 191 12433
-2377604 0 1 594401
-2378939 98304 1 661
-2379583 0 2 167 14249
-2384660 2 1 119233
-2386196 32768 1 10111
-2386543 4096 1 55501
-2387359 16 2 227 809
-2391524 0 2 347 1723
-2393828 0 1 598457
-2394055 2 1 478811
-2395019 8 2 239 911
-2395687 4 1 342241
-2398856 67108864 1 299857
-2400068 8 1 54547
-2405960 67108866 1 60149
-2407736 33554432 1 300967
-2409992 67108880 1 23173
-2411671 32 1 141863
-2414456 33554440 1 27437
-2414459 32 2 109 1303
-2418151 128 1 105137
-2422639 0 2 353 6863
-2423311 8 1 220301
-2426036 32 1 35677
-2427971 20 1 26681
-2430463 4 1 347209
-2431735 2 2 181 2687
-2433604 0 1 608401
-2437615 2 2 499 977
-2439439 0 2 739 3301
-2439656 67108992 1 13259
-2439703 4 2 167 2087
-2448676 0 1 612169
-2455663 4 1 350809
-2458159 8 1 223469
-2462216 67109120 1 10613
-2463007 0 2 811 3037
-2466392 33554688 1 10631
-2470783 2052 1 8609
-2474719 2064 1 4643
-2485139 557056 1 577
-2486468 0 1 621617
-2487343 278528 1 661
-2488087 4 1 355441
-2489291 4 2 199 1787
-2491039 32768 1 42221
-2492084 4 1 89003
-2496152 33685504 1 4657
-2500472 33554448 1 24043
-2502655 34 1 29443
-2507191 2048 1 61151
-2508127 128 1 109049
-2509159 2112 1 3221
-2509255 6 1 71693
-2509652 4096 1 14591
-2517899 4194368 1 1489
-2519455 2 2 367 1373
-2519935 10 1 45817
-2520007 4 2 157 2293
-2521759 1048576 2 137 233
-2522024 67108864 2 367 859
-2522887 0 2 463 5449
-2524159 8 1 229469
-2527807 0 2 349 7243
-2532655 2 1 506531
-2536567 8 1 230597
-2540555 16386 1 9587
-2545160 67108866 1 63629
-2547779 144 1 8521
-2550151 1024 2 157 439
-2550491 0 2 109 23399
-2551715 524290 1 6991
-2551748 0 1 637937
-2554280 67108866 1 63857
-2564335 66 1 26993
-2565943 0 2 151 16993
-2567435 18 1 39499
-2576036 0 1 644009
-2576584 67108864 1 322073
-2577199 0 2 139 18541
-2577823 16777216 1 25523
-2580007 2048 1 62927
-2581112 33554496 1 16981
-2586511 128 2 107 1051
-2588291 65536 2 151 281
-2589055 6 1 73973
-2594239 128 2 149 757
-2599691 544 1 4933
-2604319 33792 1 1193
-2608111 72 1 12479
-2610308 0 1 652577
-2611471 66048 1 1381
-2612479 2048 1 63719
-2612552 67109120 1 11261
-2615335 2 2 163 3209
-2616676 0 1 654169
-2622391 128 2 113 1009
-2622596 0 1 655649
-2629571 32772 1 6367
-2629955 2 2 593 887
-2632340 2 1 131617
-2632676 0 1 658169
-2633528 33554432 1 329191
-2634655 2 1 526931
-2639167 0 2 911 2897
-2649755 1026 1 14323
-2651192 33554432 1 331399
-2651636 16 1 50993
-2652583 1048576 1 33577
-2653444 4096 1 15427
-2654863 4352 1 2129
-2654996 2048 1 16189
-2656568 33554432 2 139 2389
-2657219 32 1 156307
-2657716 0 2 227 2927
-2658056 67125248 1 6269
-2658164 0 2 467 1423
-2658823 128 1 115601
-2660143 32 2 167 937
-2664392 67108864 1 333049
-2667535 18 1 41039
-2667731 8 1 242521
-2668328 67108880 1 25657
-2672939 64 1 140681
-2675815 524290 1 7331
-2678935 6 1 76541
-2679032 33554432 2 541 619
-2681935 2 2 251 2137
-2682788 0 2 811 827
-2690696 67108864 2 317 1061
-2690743 40 1 14389
-2691368 67108992 1 14627
-2695096 33554432 1 336887
-2696047 32 1 158591
-2696056 33554440 1 30637
-2699048 67108872 1 30671
-2704879 0 2 1543 1753
-2705252 8 1 61483
-2709919 32 1 159407
-2711887 0 3 103 113 233
-2713807 0 2 919 2953
-2714819 16384 2 181 283
-2715463 0 2 1627 1669
-2716447 32 1 159791
-2716955 4098 1 12637
-2717939 4 1 388277
-2718116 4096 1 15803
-2718152 67108864 1 339769
-2718871 1024 1 73483
-2719399 0 2 149 18251
-2719831 64 2 257 557
-2720767 4 2 197 1973
-2721271 65540 1 6373
-2730943 0 2 277 9859
-2731304 67108864 2 223 1531
-2736299 2048 1 66739
-2736535 2 2 383 1429
-2736596 0 2 127 5387
-2738819 544 1 5197
-2739416 33554432 2 179 1913
-2743499 8 2 443 563
-2744771 1536 1 2393
-2745439 0 2 233 11783
-2746759 0 2 269 10211
-2747431 256 2 211 449
-2749735 8194 1 11701
-2749976 33554432 2 139 2473
-2750312 67108864 2 127 2707
-2756263 0 2 809 3407
-2757956 0 2 347 1987
-2758571 8192 1 58693
-2759252 2097152 1 8311
-2762455 2 1 552491
-2763556 0 1 690889
-2766419 64 1 145601
-2770135 1048578 1 7013
-2770255 2 1 554051
-2772884 4194304 1 7789
-2774743 128 1 120641
-2777335 10 1 50497
-2778895 6 1 79397
-2780024 33554448 1 26731
-2784055 2 1 556811
-2785832 67108868 1 49747
-2786215 34 1 32779
-2786815 2 2 107 5209
-2788139 0 2 431 6469
-2791423 64 1 146917
-2794916 0 1 698729
-2798531 0 2 277 10103
-2800691 0 2 137 20443
-2802007 131088 1 3217
-2802692 0 1 700673
-2803979 8388608 2 137 211
-2805368 33554432 2 173 2027
-2807432 67109120 1 12101
-2811779 0 3 113 149 167
-2819335 16386 1 10639
-2820607 16448 1 2801
-2824783 16 2 197 1103
-2828699 0 2 421 6719
-2830451 16 1 217727
-2830663 8 2 277 929
-2833855 8388610 1 5843
-2833940 2 1 141697
-2835176 67108864 2 151 2347
-2835188 0 2 409 1733
-2836520 67108866 1 70913
-2837768 67108864 2 229 1549
-2838755 2 1 567751
-2841295 34 1 33427
-2842783 65792 1 1607
-2844308 65536 1 11657
-2845379 0 2 761 3739
-2845567 256 1 98123
-2845591 4 1 406513
-2846003 1024 1 76919
-2846264 33554432 1 355783
-2847524 0 2 419 1699
-2848088 33554432 2 199 1789
-2848264 67109120 1 12277
-2849047 288 1 5779
-2850824 67108864 2 461 773
-2851928 33816576 1 5021
-2857016 33587200 1 6053
-2864891 32 1 168523
-2867263 4 1 409609
-2870455 6 1 82013
-2877727 0 2 1103 2609
-2878376 67108864 2 331 1087
-2879288 33554432 1 359911
-2883511 4194304 2 179 181
-2891236 32768 1 12251
-2893043 32 1 170179
-2894468 0 1 723617
-2894776 33587200 1 6133
-2896019 262148 1 5827
-2896148 0 2 131 5527
-2898692 2097152 1 8731
-2898751 0 2 457 6343
-2899687 4 1 414241
-2902376 67108896 1 21341
-2903143 8256 1 3251
-2903791 8 2 277 953
-2904964 0 2 691 1051
-2906219 512 2 241 389
-2908255 6 1 83093
-2912215 2 2 239 2437
-2913535 514 1 18797
-2914244 0 1 728561
-2918503 2052 1 10169
-2920136 67108864 1 365017
-2921459 64 2 179 859
-2926211 2048 2 149 479
-2931512 33554432 1 366439
-2933240 33554434 1 73331
-2937604 0 1 734401
-2938979 0 2 281 10459
-2942372 131072 1 10979
-2944927 32 2 211 821
-2946056 67174400 1 6037
-2946872 33554432 1 368359
-2948644 0 2 571 1291
-2948948 0 2 653 1129
-2951896 33816576 1 5197
-2952223 512 1 95233
-2955716 64 1 38891
-2958779 1024 1 79967
-2958823 4 1 422689
-2960455 2 2 557 1063
-2961092 32768 1 12547
-2963060 2 1 148153
-2965711 4 2 431 983
-2969291 262160 1 3217
-2973064 67108864 1 371633
-2974136 33554440 1 33797
-2974484 0 2 347 2143
-2974519 16384 1 56123
-2976823 0 2 773 3851
-2978455 2097154 1 7177
-2979128 33554432 2 307 1213
-2980615 10 1 54193
-2981411 4194304 2 139 241
-2986664 67109376 1 12043
-2987123 64 1 157217
-2987411 4 1 426773
-2987492 0 1 746873
-2994007 0 2 907 3301
-2994484 1024 1 20233
-2995172 0 2 139 5387
-2995412 4 1 106979
-2996120 33554434 1 74903
-2998331 4 2 557 769
-3000392 67108864 1 375049
-3001688 33619968 1 6151
-3010696 67108880 1 28949
-3011651 0 2 359 8389
-3012068 32768 1 12763
-3012895 2 2 613 983
-3014099 520 1 8839
-3018131 64 1 158849
-3018871 2304 1 2539
-3021011 16777220 1 4273
-3021035 2 2 257 2351
-3023791 2048 1 73751
-3027007 1152 1 3557
-3028567 32 1 178151
-3028964 0 1 757241
-3031736 33554432 1 378967
-3032123 8388608 1 31259
-3033992 67108880 1 29173
-3035891 3145728 1 463
-3037736 67108880 1 29209
-3038408 67108864 2 149 2549
-3041599 131080 1 4127
-3043091 0 2 1277 2383
-3043955 8194 1 12953
-3047983 4194432 1 1489
-3049519 72 1 14591
-3050215 6 1 87149
-3055927 16388 1 8237
-3057976 33555456 1 10331
-3058568 67109888 1 10333
-3060463 68 1 23011
-3064327 8388612 1 4513
-3065284 0 1 766321
-3065912 33554432 2 179 2141
-3067255 2 1 613451
-3067663 4096 1 71341
-3075704 33558528 1 8941
-3077215 514 1 19853
-3077527 32 1 181031
-3081367 24576 1 1237
-3083044 0 1 770761
-3083095 2 2 347 1777
-3083699 2113536 1 701
-3084899 0 2 503 6133
-3086536 67108864 1 385817
-3089224 67108864 1 386153
-3092623 32 1 181919
-3093799 128 1 134513
-3094088 67109888 1 10453
-3096008 67108864 2 173 2237
-3096607 2048 1 75527
-3096895 2 2 127 4877
-3097663 128 1 134681
-3103499 4 2 127 3491
-3103624 67108864 1 387953
-3104651 8 1 282241
-3106328 41943040 1 4003
-3106855 2 1 621371
-3106952 67108864 1 388369
-3108247 0 2 163 19069
-3109691 48 1 14071
-3110804 0 2 523 1487
-3114851 0 2 139 22409
-3116815 18 1 47951
-3118399 256 2 293 367
-3119051 131088 1 3581
-3119828 0 2 773 1009
-3124087 512 2 179 563
-3125143 2052 1 10889
-3125983 4 1 446569
-3130615 4098 1 14561
-3130964 0 2 863 907
-3132184 33554440 1 35593
-3133519 16384 1 59123
-3136331 8 1 285121
-3137815 2097154 1 7561
-3139988 0 2 181 4337
-3144296 67109120 1 13553
-3147128 33554432 2 227 1733
-3156179 16 2 107 2269
-3157016 33554432 2 337 1171
-3157447 8392704 1 757
-3159655 2 1 631931
-3166472 67108864 2 397 997
-3169327 36 1 26633
-3171272 67108880 1 30493
-3175423 512 1 102433
-3177587 4 2 373 1217
-3178936 33554432 2 157 2531
-3180895 2 2 773 823
-3181495 131074 1 9497
-3185167 2048 1 77687
-3187256 33554432 1 398407
-3189176 50331648 1 3947
-3189295 130 1 27733
-3192079 8 1 290189
-3196595 34 1 37607
-3197935 18 1 49199
-3199931 4100 1 10631
-3204248 33554432 2 293 1367
-3207823 0 2 467 6869
-3207967 4 2 107 4283
-3208504 33554448 1 30851
-3208903 544 1 6089
-3208931 8 1 291721
-3210895 2 2 113 5683
-3221732 4096 1 18731
-3222836 0 2 163 4943
-3225316 0 1 806329
-3228371 512 2 223 467
-3230867 32 1 190051
-3232436 0 2 359 2251
-3235172 0 1 808793
-3235880 67108866 1 80897
-3237272 33554432 2 131 3089
-3243127 512 2 233 449
-3245555 34 1 38183
-3247235 2 2 227 2861
-3247352 50331648 1 4019
-3248132 0 1 812033
-3248531 24 1 22717
-3249655 2 2 347 1873
-3249851 8 1 295441
-3250088 67109120 1 14009
-3250543 16384 1 61331
-3252011 4 2 601 773
-3252727 256 1 112163
-3257891 20 1 35801
-3258184 67108864 1 407273
-3260795 2 2 367 1777
-3262292 8 1 74143
-3266888 67108864 1 408361
-3267179 32 1 192187
-3272863 8 1 297533
-3273055 2 1 654611
-3273295 2 2 677 967
-3274495 6 1 93557
-3275704 33554432 1 409463
-3275732 0 2 593 1381
-3277115 2 2 163 4021
-3278099 32776 1 5051
-3278708 0 2 281 2917
-3285199 32 1 193247
-3286456 33554432 1 410807
-3290047 8192 1 70001
-3290531 8388608 1 33923
-3290915 2 2 179 3677
-3292936 67108864 1 411617
-3294611 0 2 1597 2063
-3298327 2048 1 80447
-3300131 2048 1 80491
-3300371 0 2 967 3413
-3301423 16384 2 167 373
-3310280 67108866 1 82757
-3310571 8 1 300961
-3314023 0 2 971 3413
-3315395 2 2 107 6197
-3317588 16384 1 15649
-3320555 6 1 94873
-3321608 67108864 1 415201
-3325903 65540 1 7789
-3325940 2 1 166297
-3326815 34 1 39139
-3327847 2176 1 3529
-3329252 32768 1 14107
-3329623 8 2 109 2777
-3330056 67108864 1 416257
-3330644 0 2 467 1783
-3332531 512 2 193 557
-3332648 67108872 1 37871
-3339419 8388608 2 173 199
-3340952 33555456 1 11287
-3344623 1048576 1 42337
-3347432 67108872 1 38039
-3347860 2 1 167393
-3348583 524292 1 6553
-3348632 33554436 1 59797
-3356195 2 2 227 2957
-3357604 64 1 44179
-3358043 8388624 1 2663
-3360116 128 1 36523
-3362360 33554434 1 84059
-3364543 20 1 36973
-3369731 262656 1 1531
-3370159 2064 1 6323
-3372035 34 1 39671
-3372884 8388608 1 8693
-3375535 2 2 691 977
-3375851 0 2 1447 2333
-3375995 6 1 96457
-3376951 0 2 1747 1933
-3381272 33554432 2 163 2593
-3381364 4 1 120763
-3394355 2 1 678871
-3395579 2056 1 7529
-3398339 1028 1 13121
-3402692 0 1 850673
-3403255 2 1 680651
-3403307 0 2 109 31223
-3408164 0 2 107 7963
-3416291 0 2 1709 1999
-3419651 1280 1 3187
-3419768 33554440 1 38861
-3422536 67108880 1 32909
-3424259 262176 1 2837
-3425732 0 2 587 1459
-3427931 48 1 15511
-3428756 8388608 1 8837
-3429092 0 1 857273
-3430979 128 1 149173
-3432584 67108864 2 277 1549
-3437027 8 2 167 1871
-3438244 0 1 859561
-3440555 2 1 688111
-3440948 4 1 122891
-3441055 34 1 40483
-3441272 50331648 1 4259
-3441752 33554464 1 25307
-3444655 2 2 373 1847
-3445135 34 1 40531
-3447755 2 1 689551
-3448543 4 2 103 4783
-3448567 2097152 1 41549
-3448855 2 1 689771
-3450943 128 1 150041
-3451115 1048578 1 8737
-3452315 514 1 22273
-3453124 0 2 227 3803
-3454019 0 2 127 27197
-3455348 16 1 66449
-3460355 2 1 692071
-3461176 33587200 1 7333
-3467099 32 1 203947
-3467935 2 2 389 1783
-3472148 32 1 51061
-3475540 2 1 173777
-3479240 67108866 1 86981
-3481592 33554432 2 563 773
-3482215 10 1 63313
-3483011 36 1 29269
-3485167 132 1 21647
-3489736 67108864 1 436217
-3491335 65538 1 11447
-3492727 4 1 498961
-3493652 0 2 751 1163
-3497291 36 1 29389
-3497503 524288 1 47911
-3501779 288 1 7103
-3501851 2048 1 85411
-3502724 0 1 875681
-3503044 0 1 875761
-3504295 34 1 41227
-3504404 0 2 421 2081
-3506228 8 1 79687
-3512660 2 1 175633
-3514184 67108864 1 439273
-3514327 0 2 1571 2237
-3515528 67108864 1 439441
-3518743 2112 1 4517
-3520052 16777216 1 8713
-3520835 2 2 107 6581
-3521455 6 1 100613
-3521623 1028 1 13597
-3525899 32784 1 4597
-3526115 66 1 37117
-3526859 4 2 269 1873
-3529208 33555456 1 11923
-3530435 514 1 22777
-3533407 0 2 1601 2207
-3538744 33554440 1 40213
-3539503 8 2 233 1381
-3539815 130 1 30781
-3540491 4096 2 137 601
-3541028 0 1 885257
-3543844 0 1 885961
-3546419 0 2 557 6367
-3547928 50331648 1 4391
-3548287 0 2 1489 2383
-3552655 2 1 710531
-3552895 2 2 197 3607
-3556855 2 1 711371
-3562808 33558528 1 10357
-3563411 0 2 937 3803
-3563492 0 2 443 2011
-3566767 512 1 115057
-3567971 8 1 324361
-3570203 20 1 39233
-3570296 33685504 1 6661
-3573655 34 1 42043
-3573943 0 2 1049 3407
-3577172 0 2 479 1867
-3578852 0 1 894713
-3581048 33554432 2 461 971
-3581528 33570816 1 8447
-3582943 20 1 39373
-3583832 33554436 1 63997
-3589811 0 2 137 26203
-3590168 33554432 2 103 4357
-3591655 2 1 718331
-3592235 66 1 37813
-3592379 2052 1 12517
-3592831 40 1 19213
-3596099 16 1 276623
-3597332 0 2 251 3583
-3598520 33554434 1 89963
-3599252 0 2 797 1129
-3605524 16 1 69337
-3606491 16388 1 9721
-3614344 67108864 1 451793
-3614383 512 1 116593
-3614612 0 2 809 1117
-3616379 16 2 149 1867
-3619172 0 1 904793
-3624703 4194304 2 139 293
-3625207 0 2 1901 1907
-3625460 2 1 181273
-3628436 4 1 129587
-3629288 67108880 1 34897
-3630260 2 1 181513
-3630367 48 1 16427
-3630395 131074 1 10837
-3630487 4 2 313 1657
-3635287 1024 1 98251
-3637015 8388610 1 7499
-3637460 2 1 181873
-3637955 524290 1 9967
-3640567 36 1 30593
-3648155 6 1 104233
-3649619 0 2 1559 2341
-3649892 131072 1 13619
-3652207 16 1 280939
-3653704 67108864 2 157 2909
-3657284 0 1 914321
-3659192 33554432 1 457399
-3669943 65568 1 3539
-3670207 0 2 107 34301
-3670255 2 2 443 1657
-3670532 0 1 917633
-3673063 0 2 733 5011
-3675367 0 2 479 7673
-3676456 67108868 1 65651
-3677915 16777218 1 7283
-3680056 33554432 2 173 2659
-3681764 0 1 920441
-3682292 2048 1 22453
-3682499 1024 1 99527
-3683896 33558528 1 10709
-3691255 2 2 127 5813
-3695492 2097152 1 11131
-3699655 2 1 739931
-3704027 0 2 113 32779
-3704795 2 2 173 4283
-3706327 1024 2 109 919
-3708356 0 1 927089
-3711272 67125248 1 8753
-3713464 33554432 2 229 2027
-3715331 0 2 139 26729
-3719603 0 2 647 5749
-3720644 131072 1 13883
-3720703 4 2 199 2671
-3721139 2097152 2 107 419
-3721156 0 1 930289
-3721955 2 1 744391
-3723583 0 2 1091 3413
-3724516 0 1 931129
-3725939 4 1 532277
-3726463 16 1 286651
-3727735 10 1 67777
-3729299 4 1 532757
-3734104 33554440 1 42433
-3734887 80 1 15121
-3736088 33554432 2 179 2609
-3739495 4098 1 17393
-3754952 67108864 1 469369
-3755767 0 2 461 8147
-3755863 64 1 197677
-3757624 33554448 1 36131
-3760139 0 2 197 19087
-3763268 0 1 940817
-3763691 64 2 113 1753
-3764527 80 1 15241
-3765847 0 2 1291 2917
-3767023 16 1 289771
-3768452 0 1 942113
-3769739 65792 1 2131
-3773219 384 1 5657
-3775412 65536 1 15473
-3775783 8 1 343253
-3776936 67108864 2 173 2729
-3777848 33555456 1 12763
-3779219 32 2 131 1697
-3779915 4098 1 17581
-3780376 33554432 2 521 907
-3780968 67108864 2 593 797
-3782228 32 1 55621
-3784712 67108864 1 473089
-3786731 16 1 291287
-3788660 2 1 189433
-3792155 2 1 758431
-3792392 67108864 1 474049
-3799183 2112 1 4877
-3801556 8 1 86399
-3809672 67109120 1 16421
-3812263 20 1 41893
-3812743 40 1 20389
-3813103 2097156 1 6563
-3816223 0 3 127 151 199
-3817508 0 1 954377
-3820504 33554432 2 479 997
-3825064 67108864 2 647 739
-3825155 2 1 765031
-3826040 33554434 1 95651
-3826115 258 1 26387
-3826787 8192 1 81421
-3828847 8 1 348077
-3830644 32 1 56333
-3830795 1026 1 20707
-3831055 2 1 766211
-3831463 0 2 127 30169
-3834356 0 2 137 6997
-3835739 64 1 201881
-3837496 33554448 1 36899
-3838447 160 1 9817
-3841940 2 1 192097
-3844952 33619968 1 7879
-3846971 0 3 107 157 229
-3847448 33554440 1 43721
-3850232 33554432 2 181 2659
-3855847 8388608 2 127 313
-3856139 4 2 137 4021
-3856619 16 1 296663
-3856696 33554496 1 25373
-3864011 8256 1 4327
-3864899 65568 1 3727
-3865211 4 2 193 2861
-3869287 262144 1 54497
-3871864 33554432 2 379 1277
-3874280 67108866 1 96857
-3874616 33554432 1 484327
-3877556 0 2 659 1471
-3877928 67108864 2 379 1279
-3879371 512 1 125141
-3881195 2 2 347 2237
-3881252 0 1 970313
-3881555 2 2 103 7537
-3888947 0 2 641 6067
-3891016 67108864 1 486377
-3891908 0 1 972977
-3896708 0 1 974177
-3897779 16384 2 251 293
-3899891 4194560 1 1511
-3902815 6 1 111509
-3903103 0 2 1093 3571
-3907624 67108868 1 69779
-3908315 2 2 547 1429
-3909064 67108864 1 488633
-3909140 2 1 195457
-3909971 16 2 167 1801
-3910696 67108864 2 163 2999
-3910835 2 2 593 1319
-3911555 2 1 782311
-3911912 67108864 2 241 2029
-3915299 32768 1 66361
-3920503 0 2 757 5179
-3921755 2 1 784351
-3923732 512 1 31643
-3926143 65552 1 4951
-3930395 6 1 112297
-3932051 262144 1 55381
-3935348 0 2 601 1637
-3935492 8 1 89443
-3936991 0 2 1277 3083
-3939655 8388610 1 8123
-3940564 4194304 1 11069
-3941747 0 2 929 4243
-3945608 67108864 1 493201
-3946456 33619968 1 8087
-3948227 2097152 1 47569
-3948319 0 2 563 7013
-3949471 0 2 263 15017
-3951607 136 1 15619
-3951992 33554440 1 44909
-3955855 1026 1 21383
-3955955 2 1 791191
-3956195 2097154 1 9533
-3959383 0 2 157 25219
-3959623 32 1 232919
-3961988 0 1 990497
-3962132 0 2 367 2699
-3967396 32768 1 16811
-3967663 4 2 103 5503
-3968488 67108864 2 211 2351
-3968612 0 1 992153
-3969179 128 1 172573
-3972179 0 2 127 31277
-3972703 4 1 567529
-3974531 8 1 361321
-3975080 67108866 1 99377
-3976292 0 1 994073
-3977048 33554464 1 29243
-3978247 20 1 43717
-3983732 0 2 109 9137
-3984068 8 1 90547
-3985043 0 2 1307 3049
-3987812 0 1 996953
-3990583 32768 2 239 283
-3991352 33619968 1 8179
-3994667 0 2 607 6581
-3994807 64 2 167 1259
-3997855 8388610 1 8243
-4001047 0 2 151 26497
-4002971 4 1 571853
-4009447 528 1 9949
-4009448 67108864 2 173 2897
-4009811 16 1 308447
-4011655 2 1 802331
-4013647 8 2 113 3229
-4013887 32 1 236111
-4014536 67108864 1 501817
-4015615 2 2 719 1117
-4015835 32770 1 13613
-4019704 33554448 1 38651
-4020611 4 1 574373
-4020971 0 2 421 9551
-4026347 80 1 16301
-4030856 67108864 1 503857
-4031939 0 2 199 20261
-4036052 0 2 109 9257
-4040116 0 2 617 1637
-4042735 2 2 613 1319
-4045063 8 1 367733
-4045255 2 1 809051
-4050655 6 1 115733
-4052756 0 2 167 6067
-4053415 2 2 739 1097
-4054619 96 1 12553
-4055224 33554432 1 506903
-4058047 4 1 579721
-4058836 2048 1 24749
-4060264 67108880 1 39041
-4062632 67108868 1 72547
-4062920 67108866 1 101573
-4063928 33554440 1 46181
-4064852 8 1 92383
-4065343 0 2 227 17909
-4065347 24 1 28429
-4066516 32768 1 17231
-4069043 8 1 369913
-4070603 16779264 1 983
-4070623 8192 2 257 337
-4076387 4 2 661 881
-4076915 2 2 197 4139
-4077155 2 1 815431
-4080059 0 2 337 12107
-4082047 0 2 467 8741
-4084447 256 2 127 1109
-4085651 1152 1 4801
-4087927 524544 1 1931
-4088120 33554434 1 102203
-4090571 0 2 599 6829
-4091431 526336 1 1367
-4091455 2 1 818291
-4096139 128 1 178093
-4101560 33554434 1 102539
-4101844 0 2 787 1303
-4104440 33554434 1 102611
-4106215 65538 1 13463
-4107823 128 1 178601
-4112555 34 1 48383
-4115219 512 1 132749
-4118404 0 1 1029601
-4119703 4 1 588529
-4121464 33558528 1 11981
-4123687 33792 1 1889
-4124099 4 2 353 1669
-4124219 8 1 374929
-4129835 2 2 293 2819
-4131256 33554432 1 516407
-4134344 67108864 1 516793
-4136552 67108868 1 73867
-4137611 32832 1 3691
-4142263 0 2 1559 2657
-4142455 2 2 353 2347
-4144135 2 2 643 1289
-4145192 67108928 1 27271
-4147667 4194560 1 1607
-4147892 4 1 148139
-4149055 2 1 829811
-4149127 0 2 1543 2689
-4151348 64 1 54623
-4152035 2 2 823 1009
-4154723 16384 2 277 283
-4155895 2 2 137 6067
-4162955 2 1 832591
-4169720 33554434 1 104243
-4170127 8388624 1 3307
-4172555 2 1 834511
-4178167 4 2 569 1049
-4180091 32768 1 70849
-4182452 0 2 467 2239
-4183859 256 1 144271
-4184296 67110912 1 12757
-4185611 0 2 103 40637
-4185796 0 1 1046449
-4188008 67108872 1 47591
-4194968 33554432 2 163 3217
-4197971 16384 2 103 769
-4201255 2 2 773 1087
-4201384 67108872 1 47743
-4201480 67108866 1 105037
-4206131 4352 1 3373
-4207183 128 1 182921
-4214195 2 2 107 7877
-4215064 33554436 1 75269
-4215343 8 2 163 2351
-4216084 128 1 45827
-4222568 67108868 1 75403
-4224007 32 2 241 1031
-4229407 20 1 46477
-4230827 128 1 183949
-4231327 4194304 1 47543
-4234183 8192 1 90089
-4236676 0 1 1059169
-4237592 33554432 2 431 1229
-4238215 2 2 157 5399
-4238840 33554434 1 105971
-4243807 512 1 136897
-4246568 67108864 2 557 953
-4246835 130 1 36929
-4247176 67108864 1 530897
-4247527 512 2 181 757
-4249268 2097152 1 12799
-4251908 0 1 1062977
-4252036 0 1 1063009
-4253348 8 1 96667
-4253476 0 2 499 2131
-4255835 514 1 27457
-4255979 20 1 46769
-4256695 16386 1 16063
-4259455 2 1 851891
-4259723 272 1 11299
-4261688 33587200 1 9029
-4263128 33554432 2 727 733
-4265315 2 2 173 4931
-4265527 4 1 609361
-4268383 524292 1 8353
-4271108 0 1 1067777
-4271311 8 1 388301
-4274056 67108864 2 229 2333
-4274852 0 1 1068713
-4276904 67109888 1 14449
-4280840 67108866 1 107021
-4280887 16 1 329299
-4281304 34078720 1 7331
-4285592 34603008 1 6781
-4289672 83886080 1 5309
-4291444 0 2 487 2203
-4294280 67108866 1 107357
-4296007 0 2 419 10253
-4299752 67110912 1 13109
-4307143 0 3 137 149 211
-4307236 32768 1 18251
-4312595 6 1 123217
-4313263 0 2 337 12799
-4315259 16 1 331943
-4316819 80 1 17477
-4319528 67109888 1 14593
-4321336 33554432 1 540167
-4323784 67109120 1 18637
-4324564 8192 1 23003
-4325503 20 1 47533
-4327268 8 1 98347
-4327816 67109888 1 14621
-4329131 64 1 227849
-4329256 67108864 2 113 4789
-4331704 33554448 1 41651
-4339255 131074 1 12953
-4339447 4 1 619921
-4340743 8 2 173 2281
-4345135 2 2 383 2269
-4345331 256 1 149839
-4353703 0 2 337 12919
-4354499 32 1 256147
-4357715 2 2 131 6653
-4359923 32768 1 73897
-4363859 128 1 189733
-4364171 32772 1 10567
-4369663 1056 1 6947
-4373507 16384 2 179 461
-4374376 67108864 2 353 1549
-4374772 0 2 151 7243
-4376023 64 2 109 2113
-4377727 512 2 283 499
-4379588 0 1 1094897
-4384264 67108864 2 541 1013
-4385699 4352 1 3517
-4387832 33554432 2 643 853
-4391560 67108866 1 109789
-4393115 130 1 38201
-4395635 2 2 461 1907
-4397143 131072 1 65629
-4397771 4 2 251 2503
-4401827 524320 1 3547
-4401976 33554432 2 421 1307
-4409236 16 1 84793
-4410212 0 1 1102553
-4410247 2048 2 263 409
-4413223 131072 2 199 331
-4416008 67108864 1 552001
-4417355 2 1 883471
-4418435 6 1 126241
-4419512 33554432 2 331 1669
-4420207 8 2 389 1033
-4422131 4 1 631733
-4423451 32 2 367 709
-4424312 33555456 1 14947
-4424660 2 1 221233
-4427383 1024 1 119659
-4428008 67108880 1 42577
-4429636 0 1 1107409
-4433176 33554440 1 50377
-4435748 0 2 947 1171
-4436408 33619968 1 9091
-4439987 256 2 283 541
-4440904 67108880 1 42701
-4442915 2 2 683 1301
-4444148 0 2 109 10193
-4445236 256 1 38321
-4445935 18 1 68399
-4451771 262144 1 62701
-4455755 2 1 891151
-4456687 1152 1 5237
-4457944 33554464 1 32779
-4458731 16384 1 84127
-4460983 256 2 199 773
-4462084 8 1 101411
-4463047 0 2 227 19661
-4467899 0 2 241 18539
-4468036 0 1 1117009
-4469716 2097152 1 13463
-4472143 144 1 14957
-4476223 1024 2 311 389
-4476488 67108864 1 559561
-4477208 33685504 1 8353
-4477384 67108864 1 559673
-4477499 16 1 344423
-4482655 2 1 896531
-4489355 18 1 69067
-4492567 128 1 195329
-4493528 33554448 1 43207
-4496404 8 1 102191
-4499912 67125248 1 10613
-4500184 33554448 1 43271
-4500367 0 2 487 9241
-4501096 67117056 1 11971
-4502072 33554432 1 562759
-4505195 524290 1 12343
-4507156 0 2 157 7177
-4507640 33554434 1 112691
-4509035 130 1 39209
-4517795 4098 1 21013
-4520047 4 2 757 853
-4520536 33554432 2 107 5281
-4523219 0 2 1153 3923
-4530676 8388608 1 11677
-4533103 12288 1 2243
-4534456 35651584 1 6829
-4535407 0 2 1213 3739
-4537336 33587200 1 9613
-4540355 2 1 908071
-4540567 0 2 1907 2381
-4540744 67108880 1 43661
-4543928 33554432 1 567991
-4546139 16 2 149 2347
-4548968 71303168 1 6389
-4551844 8 1 103451
-4552355 2 1 910471
-4554943 384 1 6829
-4558327 0 2 311 14657
-4559263 512 1 147073
-4560548 0 1 1140137
-4561687 16 1 350899
-4564283 1024 2 281 439
-4566583 4 1 652369
-4571944 67108880 1 43961
-4572488 67109120 1 19709
-4574344 67109120 1 19717
-4576388 0 2 163 7019
-4579955 2 1 915991
-4581131 1048576 2 103 563
-4582712 33554432 2 691 829
-4589887 1088 1 6529
-4589960 67108866 1 114749
-4590611 1048576 1 58109
-4592747 0 2 1327 3461
-4594411 16512 1 3769
-4599127 16 2 281 1259
-4601672 67125248 1 10853
-4603955 2 1 920791
-4605127 4227072 1 877
-4607108 8 1 104707
-4608155 2 2 563 1637
-4609451 12 1 59863
-4609652 32 1 67789
-4612891 2097152 2 149 373
-4613407 256 2 257 619
-4613944 33554432 1 576743
-4620632 33554432 2 131 4409
-4622824 67174400 1 9473
-4623544 33554432 2 659 877
-4624495 130 1 40213
-4626683 0 2 251 18433
-4630211 0 3 107 109 397
-4639547 8 2 197 2141
-4641967 8 1 421997
-4642595 2 2 557 1667
-4643476 0 2 257 4517
-4643647 8192 1 98801
-4646335 2 2 281 3307
-4649416 67108864 1 581177
-4653223 32 1 273719
-4655051 4352 1 3733
-4655480 33554434 1 116387
-4655656 67108864 2 521 1117
-4659155 2 2 653 1427
-4659556 8 1 105899
-4662548 8 1 105967
-4664116 524288 1 15973
-4672063 8 2 349 1217
-4678084 0 1 1169521
-4681156 131072 1 17467
-4683995 2 2 953 983
-4685656 33554432 2 293 1999
-4688047 20 1 51517
-4688099 528 1 11633
-4688795 2 2 683 1373
-4689727 4 2 463 1447
-4691147 16777216 1 46447
-4691864 33554464 1 34499
-4693423 4 1 670489
-4695635 6 1 134161
-4699172 0 1 1174793
-4699427 4096 2 293 373
-4700455 2 2 647 1453
-4701572 0 2 163 7211
-4702019 4 1 671717
-4702139 80 1 19037
-4704155 34 1 55343
-4704587 5120 1 2957
-4708451 8 1 428041
-4710539 16777216 1 46639
-4714408 67108864 2 257 2293
-4717979 4194308 1 7573
-4726355 2 2 857 1103
-4726712 33554432 1 590839
-4727983 16 1 363691
-4728179 128 2 241 853
-4728916 0 2 347 3407
-4733047 8 1 430277
-4734916 0 1 1183729
-4735735 65538 1 15527
-4738232 33554432 2 139 4261
-4739651 36 1 39829
-4741595 8194 1 20177
-4742852 0 2 467 2539
-4747663 1048640 1 3163
-4751767 64 2 449 557
-4754215 130 1 41341
-4754743 4 1 679249
-4756120 33554434 1 118903
-4757048 33554432 2 587 1013
-4758212 0 1 1189553
-4758563 4194304 2 127 421
-4758728 67108880 1 45757
-4760072 67108864 2 317 1877
-4764616 67108864 1 595577
-4765459 0 2 107 44537
-4767076 0 1 1191769
-4767160 33554434 1 119179
-4770131 128 2 157 1321
-4770484 1024 1 32233
-4776692 0 2 823 1451
-4777576 67109120 1 20593
-4779755 2 1 955951
-4780984 33554448 1 45971
-4782899 40 1 25577
-4785131 80 1 19373
-4789816 33554432 1 598727
-4789955 2 1 957991
-4793080 33554434 1 119827
-4795499 0 2 613 7823
-4796867 8192 1 102061
-4800127 0 3 107 113 397
-4800607 4 2 677 1013
-4802195 2 2 367 2617
-4803928 33554464 1 35323
-4804115 34 1 56519
-4804523 32 2 409 691
-4805672 67108864 2 593 1013
-4805912 33554432 2 181 3319
-4808363 4 2 491 1399
-4808788 0 2 193 6229
-4809032 67108864 2 509 1181
-4811623 128 1 209201
-4812083 128 1 209221
-4814648 33554432 1 601831
-4817492 262144 1 16963
-4822735 16386 1 18199
-4828564 16 1 92857
-4830395 2 2 677 1427
-4831096 33554432 2 373 1619
-4831115 2 2 467 2069
-4832228 0 1 1208057
-4834783 32 2 191 1489
-4835476 16777216 1 11969
-4839655 2 1 967931
-4842244 8 1 110051
-4845364 128 1 52667
-4846763 0 2 257 18859
-4849979 0 2 1789 2711
-4851496 67108880 1 46649
-4852619 8388672 1 2633
-4852804 8 1 110291
-4853647 0 2 2141 2267
-4857967 10240 1 2521
-4859555 130 1 42257
-4860484 0 1 1215121
-4860712 68157440 1 7691
-4865555 2 2 137 7103
-4868143 260 1 23981
-4868455 2 1 973691
-4869064 67108864 1 608633
-4869848 33554432 2 113 5387
-4870868 4096 1 28319
-4874867 528384 1 1553
-4875107 32 1 286771
-4877972 8 1 110863
-4882207 8 1 443837
-4884056 33570816 1 11519
-4886372 0 1 1221593
-4891108 0 1 1222777
-4895267 4194320 1 4231
-4896367 4100 1 16267
-4896731 36 1 41149
-4896847 0 2 653 7499
-4897028 0 1 1224257
-4900567 4 1 700081
-4903691 80 1 19853
-4904552 67141632 1 10391
-4909087 64 1 258373
-4910867 16 2 113 3343
-4910884 8 1 111611
-4914851 0 2 103 47717
-4915183 20 1 54013
-4916243 0 2 163 30161
-4918276 8 1 111779
-4919716 4096 1 28603
-4930036 4096 1 28663
-4931048 67108864 2 239 2579
-4932179 4 2 373 1889
-4934623 64 1 259717
-4939663 0 2 151 32713
-4941059 512 1 159389
-4941124 0 1 1235281
-4941460 2 1 247073
-4941587 4 2 607 1163
-4942696 67108872 1 56167
-4943627 16 2 163 2333
-4945156 0 2 307 4027
-4947323 160 1 12653
-4947583 0 2 839 5897
-4953272 33554432 1 619159
-4953604 64 1 65179
-4955828 1048576 1 15683
-4957156 0 2 163 7603
-4957268 32 1 72901
-4957336 33554464 1 36451
-4958228 8 1 112687
-4960495 2097154 1 11953
-4961455 2 2 137 7243
-4964051 32 2 107 2729
-4964644 0 1 1241161
-4969235 2 2 103 9649
-4973171 4 2 829 857
-4977655 2 1 995531
-4977880 33554434 1 124447
-4979003 66048 1 2633
-4980520 67108866 1 124513
-4981715 262146 1 14033
-4983343 512 1 160753
-4984088 33554432 2 757 823
-4984307 1152 1 5857
-4984612 64 1 65587
-4986655 2 2 127 7853
-4987715 34 1 58679
-4988459 4 2 241 2957
-4989055 2 1 997811
-4989272 33554432 2 769 811
-4989496 33554432 2 397 1571
-4993187 1024 1 134951
-4997143 0 2 179 27917
-4997555 130 1 43457
-4998244 32768 1 21179
-4999636 0 2 311 4019
-5002952 67108864 1 625369
-5003048 67108864 2 431 1451
-5003887 4 1 714841
-5009459 20 1 55049
-5011144 67108864 1 626393
-5011643 20 1 55073
-5012195 34 1 58967
-5012459 128 1 217933
-5012623 12 1 65099
-5014255 2 1 1002851
-5014504 67108872 1 56983
-5014835 6 1 143281
-5016035 2 2 811 1237
-5019415 2 2 991 1013
-5024552 67108880 1 48313
-5025848 33554432 1 628231
-5030104 33587200 1 10657
-5030164 32 1 73973
-5030843 0 2 719 6997
-5032276 0 2 461 2729
-5035412 0 2 769 1637
-5037943 128 1 219041
-5039243 264 1 15797
-5040011 512 2 367 443
-5040916 0 2 1093 1153
-5042723 260 1 24841
-5045507 320 1 9157
-5046676 512 1 40699
-5048171 8650752 1 733
-5050280 67108866 1 126257
-5050744 33554432 2 269 2347
-5054195 2 2 173 5843
-5058487 516 1 23311
-5061796 0 1 1265449
-5065988 2097152 1 15259
-5068024 33554448 1 48731
-5072920 33554434 1 126823
-5074163 65536 2 193 431
-5075507 0 2 349 14543
-5079784 67109376 1 20483
-5083067 8 1 462097
-5086355 2 2 587 1733
-5086883 512 1 164093
-5089096 67108864 1 636137
-5089595 6 1 145417
-5089892 2097152 1 15331
-5091032 33554432 2 149 4271
-5091880 67108866 1 127297
-5092667 0 2 461 11047
-5099188 2097152 1 15359
-5099896 33554432 2 317 2011
-5100484 0 1 1275121
-5100967 0 2 199 25633
-5102612 0 2 613 2081
-5102627 524288 1 69899
-5103635 16386 1 19259
-5108531 0 2 1657 3083
-5108584 67108880 1 49121
-5111815 34 1 60139
-5112308 32 1 75181
-5117284 0 1 1279321
-5119235 10 1 93077
-5120168 67108992 1 27827
-5124932 0 2 883 1451
-5127083 16 2 457 863
-5127736 33554432 1 640967
-5132596 4 1 183307
-5132963 40 1 27449
-5134216 67125248 1 12109
-5135315 2 2 163 6301
-5135348 128 1 55819
-5136424 67371008 1 9043
-5138651 8196 1 15619
-5139395 2 2 157 6547
-5143816 67108864 1 642977
-5145467 0 2 569 9043
-5148035 1048578 1 13033
-5149624 33554432 1 643703
-5150003 0 2 131 39313
-5150888 67108864 2 191 3371
-5152207 160 1 13177
-5154155 2 1 1030831
-5158852 0 1 1289713
-5162287 16 1 397099
-5167255 2 1 1033451
-5167307 256 1 178183
-5170663 524288 2 193 367
-5171555 8388610 1 10663
-5177332 8192 1 27539
-5179259 8192 2 263 419
-5180767 32 1 304751
-5183287 0 2 683 7589
-5185187 36 1 43573
-5185876 1048576 1 16411
-5190740 2 1 259537
-5193512 67633152 1 8893
-5194835 8388610 1 10711
-5195363 32768 2 173 509
-5197204 0 2 107 12143
-5197811 64 1 273569
-5198555 2 2 367 2833
-5200516 0 1 1300129
-5201656 33554432 2 163 3989
-5209859 1024 2 139 1013
-5210792 83886080 1 6449
-5212804 4096 1 30307
-5214004 0 2 547 2383
-5215355 8194 1 22193
-5216647 0 2 2281 2287
-5218355 130 1 45377
-5220343 32 1 307079
-5220347 8 2 677 701
-5220683 48 1 23623
-5221156 0 1 1305289
-5221855 2 1 1044371
-5222483 4 1 746069
-5223607 32 2 109 2819
-5223668 128 1 56779
-5224807 1028 1 20173
-5227459 34816 1 2161
-5236259 4 2 107 6991
-5237363 0 2 157 33359
-5238872 33554432 2 251 2609
-5244131 262144 2 233 317
-5247247 4096 1 122029
-5248063 4194304 1 58967
-5252404 16777216 1 13001
-5252527 65540 1 12301
-5257096 67108880 1 50549
-5258143 8 2 269 1777
-5260715 2 2 113 9311
-5261315 2 2 263 4001
-5264263 128 1 228881
-5265083 0 2 211 24953
-5266139 256 2 113 1607
-5267704 33554448 1 50651
-5267732 4194304 1 14797
-5271803 65536 1 86423
-5273171 1048576 1 66749
-5276843 24 1 36901
-5277491 32768 1 89449
-5281691 0 2 857 6163
-5282948 8 1 120067
-5283316 0 2 223 5923
-5286995 6 1 151057
-5287576 33554436 1 94421
-5292872 67108880 1 50893
-5292967 160 1 13537
-5295683 2048 2 227 569
-5295992 33554448 1 50923
-5296264 67174400 1 10853
-5297492 32768 1 22447
-5297848 33554432 1 662231
-5303348 0 2 107 12391
-5303939 0 2 1061 4999
-5305291 0 2 181 29311
-5309416 67108868 1 94811
-5311112 67108864 2 757 877
-5313796 0 1 1328449
-5315284 16 1 102217
-5317447 32 2 167 1873
-5318123 524288 2 263 277
-5318915 6 1 151969
-5326936 33554432 2 449 1483
-5328244 0 2 233 5717
-5329715 2 2 241 4423
-5331563 256 2 157 1171
-5334424 33554432 2 383 1741
-5335067 1088 1 7589
-5336056 33554440 1 60637
-5336263 0 2 1049 5087
-5336531 0 3 109 173 283
-5338744 33554432 2 467 1429
-5341444 0 1 1335361
-5343155 2 1 1068631
-5344264 67108864 1 668033
-5344468 256 1 46073
-5344504 33554440 1 60733
-5346419 144 1 17881
-5348027 512 1 172517
-5349203 96 1 16561
-5351315 2 2 563 1901
-5353156 4096 1 31123
-5368564 64 1 70639
-5371384 33554432 2 709 947
-5372767 0 2 139 38653
-5375435 18 1 82699
-5376376 33558528 1 15629
-5377291 4194816 1 1949
-5377480 67108866 1 134437
-5380276 8 1 122279
-5385419 16 2 349 1187
-5388515 10 1 97973
-5391755 2 2 983 1097
-5394724 32768 1 22859
-5397368 33554496 1 35509
-5397796 0 2 547 2467
-5399095 18 1 83063
-5399167 2048 1 131687
-5402507 8 1 491137
-5402552 33554432 1 675319
-5403316 0 2 197 6857
-5403544 33554432 2 509 1327
-5412731 540672 1 1399
-5413508 0 1 1353377
-5413571 4096 1 125897
-5414435 18 1 83299
-5414680 33554434 1 135367
-5415299 32 2 113 2819
-5415364 0 2 571 2371
-5416120 33554434 1 135403
-5422067 4 2 211 3671
-5422355 2 1 1084471
-5425451 16384 1 102367
-5426824 67108880 1 52181
-5427188 16 1 104369
-5427256 33554432 1 678407
-5429383 64 1 285757
-5429416 67141632 1 11503
-5432584 67108864 2 421 1613
-5433259 80 1 21997
-5436155 2 1 1087231
-5441720 33554434 1 136043
-5442607 64 1 286453
-5443139 80 1 22037
-5453672 67108868 1 97387
-5454607 0 2 1601 3407
-5454664 67108864 1 681833
-5462824 67108864 2 331 2063
-5463563 4 2 257 3037
-5467595 6 1 156217
-5470120 67108866 1 136753
-5472568 33570816 1 12907
-5472904 67108864 1 684113
-5476163 12 1 71119
-5476504 33554440 1 62233
-5476808 67125248 1 12917
-5478851 8388612 1 8069
-5481899 320 1 9949
-5483267 64 2 131 2203
-5483699 16 2 137 3079
-5484755 2 1 1096951
-5485859 0 2 197 27847
-5486315 524290 1 15031
-5486699 32 1 322747
-5488456 67108864 1 686057
-5489123 0 2 167 32869
-5493419 0 2 139 39521
-5493847 256 2 389 487
-5494292 1048576 1 17387
-5494567 16 2 163 2593
-5495243 16 1 422711
-5496616 67108864 2 139 4943
-5497336 33554448 1 52859
-5507512 33554432 2 709 971
-5507588 0 1 1376897
-5512504 33554432 1 689063
-5512868 0 1 1378217
-5514419 0 2 109 50591
-5515508 4194304 1 15493
-5517203 0 2 727 7589
-5519555 2 1 1103911
-5519651 1048576 2 109 641
-5521327 4 1 788761
-5525416 67108880 1 53129
-5527115 10 1 100493
-5528132 2097152 1 16651
-5528243 4 1 789749
-5530216 67108928 1 36383
-5532484 0 1 1383121
-5534888 67108864 2 337 2053
-5535635 6 1 158161
-5536996 0 1 1384249
-5537732 0 1 1384433
-5544155 2 2 277 4003
-5544680 67108866 1 138617
-5544707 4 1 792101
-5550007 32 2 137 2383
-5553316 32768 1 23531
-5554744 33554448 1 53411
-5555167 128 2 149 1621
-5558296 33554432 2 149 4663
-5559083 4096 1 129281
-5560340 2 1 278017
-5562227 8 1 505657
-5563043 512 1 179453
-5567171 64 2 113 2593
-5570680 33554434 1 139267
-5570915 6 1 159169
-5572568 33554432 2 461 1511
-5574904 33554496 1 36677
-5575327 0 2 499 11173
-5580707 65544 1 8317
-5581235 10 1 101477
-5581252 2097152 1 16811
-5586011 1048576 1 70709
-5589539 16384 2 263 401
-5589851 8320 1 5171
-5595668 16 1 107609
-5596043 288 1 11351
-5596739 256 1 192991
-5597507 32768 1 94873
-5599211 0 2 2237 2503
-5610308 8 1 127507
-5610664 67141632 1 11887
-5613995 34 1 66047
-5614264 33554432 1 701783
-5618699 64 2 113 2617
-5620408 33554432 1 702551
-5623763 0 2 1279 4397
-5627764 0 2 601 2341
-5630023 68 1 42331
-5631131 40 1 30113
-5632948 512 1 45427
-5641067 2048 1 137587
-5643316 4 1 201547
-5644088 33554432 2 691 1021
-5644667 4 1 806381
-5652280 33554434 1 141307
-5655880 67108866 1 141397
-5656183 144 1 18917
-5657195 130 1 49193
-5658904 33554432 2 337 2099
-5660387 0 2 173 32719
-5661415 2 2 283 4001
-5662804 4 1 202243
-5663704 33554560 1 30781
-5664664 33816576 1 9973
-5667127 32768 1 96053
-5668931 0 2 1637 3463
-5669992 67108864 2 211 3359
-5670484 0 2 1093 1297
-5671907 256 2 131 1493
-5672552 69206016 1 8543
-5673539 264192 1 1949
-5675555 2 1 1135111
-5676856 33554432 1 709607
-5682583 0 2 151 37633
-5687128 33587200 1 12049
-5687795 524290 1 15583
-5688931 32 1 334643
-5688943 4112 1 10177
-5690356 4 1 203227
-5696699 0 2 347 16417
-5697703 40 1 30469
-5699483 0 2 193 29531
-5699764 4 1 203563
-5700952 33554432 2 199 3581
-5701576 67108864 1 712697
-5701928 67108864 2 547 1303
-5704568 33554432 2 499 1429
-5705023 524800 1 2521
-5705416 67108864 1 713177
-5713864 67108880 1 54941
-5714435 262146 1 16097
-5716024 33554432 1 714503
-5718196 8 1 129959
-5719720 67108866 1 142993
-5720411 0 2 1013 5647
-5720963 8388608 1 58979
-5721443 20 1 62873
-5722543 524288 2 277 283
-5722643 0 3 149 193 199
-5725595 2 2 167 6857
-5726971 1536 1 4993
-5727247 0 2 389 14723
-5727256 33558528 1 16649
-5732743 3072 1 3779
-5737412 0 1 1434353
-5740532 4 1 205019
-5743043 0 2 1783 3221
-5744056 33554432 1 718007
-5744852 0 2 563 2551
-5745128 71303168 1 8069
-5749444 4096 1 33427
-5755427 256 1 198463
-5757364 524288 1 19717
-5758067 4 1 822581
-5760007 8 1 523637
-5760347 4227072 1 1097
-5762815 2 2 271 4253
-5763847 0 2 1153 4999
-5763988 0 2 787 1831
-5768483 4 1 824069
-5768648 67174400 1 11821
-5770084 4096 1 33547
-5778616 33685504 1 10781
-5783555 2 1 1156711
-5787844 0 2 107 13523
-5787995 2 2 487 2377
-5788667 34816 1 2393
-5789992 67108880 1 55673
-5792455 2 1 1158491
-5793272 33554688 1 24971
-5793563 0 2 1889 3067
-5794063 8 1 526733
-5794955 2 1 1158991
-5796607 256 2 137 1459
-5798596 0 1 1449649
-5799923 524288 1 79451
-5805316 8 1 131939
-5806516 0 2 1013 1433
-5806543 2048 1 141623
-5808971 4 2 257 3229
-5809259 1024 1 157007
-5812187 524288 2 103 773
-5812763 8 1 528433
-5817032 67108880 1 55933
-5817368 33554432 2 491 1481
-5818807 64 1 306253
-5821240 33554434 1 145531
-5823007 8388608 2 173 347
-5823812 0 1 1455953
-5827540 2 1 291377
-5828059 32 2 131 2617
-5830307 262148 1 11731
-5835496 67109120 1 25153
-5835683 4 1 833669
-5839663 0 2 347 16829
-5841556 4 1 208627
-5843243 4 2 337 2477
-5843848 67109120 1 25189
-5844007 4194320 1 5051
-5844727 4 1 834961
-5845636 0 1 1461409
-5845739 2080 1 8387
-5845816 33554432 1 730727
-5851955 2 2 137 8543
-5855767 256 1 201923
-5864435 2050 1 28607
-5868707 16 1 451439
-5872472 33554432 2 139 5281
-5873863 33024 1 3433
-5875412 0 2 311 4723
-5876507 20 1 64577
-5879992 33558528 1 17093
-5880628 16 1 113089
-5887687 16 2 353 1283
-5890564 0 2 107 13763
-5890868 512 1 47507
-5892968 67108992 1 32027
-5895755 2 1 1179151
-5897027 0 2 433 13619
-5899060 2 1 294953
-5899832 33554432 1 737479
-5900363 4 2 313 2693
-5903192 37748736 1 8291
-5908283 0 2 829 7127
-5910947 4 1 844421
-5911859 8421376 1 1033
-5912888 33554432 1 739111
-5913016 33558528 1 17189
-5913247 16777216 2 127 461
-5916664 33554448 1 56891
-5922244 0 1 1480561
-5924891 36 1 49789
-5926216 67109888 1 20021
-5929547 16 1 456119
-5930116 0 2 499 2971
-5930743 20 1 65173
-5932859 0 2 131 45289
-5934755 2 2 107 11093
-5934827 524288 1 81299
-5937364 0 2 199 7459
-5941928 67117056 1 15803
-5942104 33554436 1 106109
-5942483 512 1 191693
-5943496 67108880 1 57149
-5943512 33554432 2 103 7213
-5946676 262144 1 20939
-5948072 67108880 1 57193
-5948920 33554434 1 148723
-5949499 0 2 137 43427
-5949604 0 1 1487401
-5955103 12 1 77339
-5955683 64 2 331 947
-5956667 1024 2 199 809
-5958532 0 1 1489633
-5959643 0 2 2381 2503
-5961443 256 2 199 1033
-5972887 0 2 2213 2699
-5973895 16386 1 22543
-5977912 33554432 1 747239
-5979659 4 2 157 5441
-5982203 4096 1 139121
-5982299 0 2 197 30367
-5988131 32 2 163 2161
-5988728 33685504 1 11173
-5988856 33554432 2 739 1013
-5989144 33554436 1 106949
-5990584 33554432 1 748823
-5992715 2 2 397 3019
-5995592 67108864 1 749449
-5995928 34078720 1 10267
-5996468 128 1 65179
-5997211 8 2 457 1193
-5997583 262176 1 4969
