-218279
-241391
-311279
-313031
-443879
-542207
-675551
-731183
-736871
-829847
-848927
-853007
-854303
-904879
-905071
-916103
-928223
-928231
-934223
-980719
-1002191
-1054951
-1125871
-1219399
-1245943
-1328479
-1353967
-1375823
-1406927
-1430783
-1445599
-1487543
-1500767
-1508051
-1547839
-1594223
-1625839
-1656383
-1687039
-1687823
-1752319
-1752679
-1753607
-1768759
-1797967
-1800343
-1808071
-1827799
-1829623
-1845731
-1880959
-1965851
-1970599
-1976411
-2037131
-2039651
-2062999
-2076367
-2080207
-2132839
-2160131
-2209967
-2243663
-2244659
-2278831
-2321023
-2364679
-2370503
-2375479
-2403371
-2430851
-2484899
-2505611
-2515879
-2530159
-2531983
-2559611
-2592199
-2605259
-2615623
-2626927
-2632447
-2643779
-2668931
-2673103
-2814607
-2829103
-2859491
-2892823
-2940799
-2944211
-2966963
-2968639
-2970559
-3063371
-3096199
-3143167
-3175567
-3188551
-3244447
-3278651
-3308887
-3334663
-3357223
-3357251
-3365287
-3425651
-3430619
-3506939
-3563867
-3590963
-3616303
-3629887
-3639107
-3643331
-3644983
-3680863
-3692651
-3733211
-3746051
-3752219
-3770287
-3790739
-3817903
-3906059
-3951947
-3958543
-3986287
-3999323
-4013699
-4048619
-4053323
-4067863
-4087379
-4135447
-4137823
-4197299
-4217167
-4225427
-4249163
-4260367
-4366811
-4389223
-4414379
-4423807
-4447427
-4473611
-4476583
-4553503
-4555547
-4592339
-4595263
-4618787
-4651663
-4657687
-4732499
-4757383
-4780379
-4821779
-4823003
-4860803
-4863779
-4909739
-4929083
-4963571
-4975403
-5044859
-5051407
-5052491
-5172127
-5212787
-5226127
-5264867
-5267767
-5298539
-5299531
-5300539
-5350183
-5376127
-5389907
-5423771
-5437403
-5482063
-5499443
-5552023
-5624459
-5633027
-5646899
-5717743
-5720147
-5745251
-5778371
-5797543
-5881087
-5951051
-5964083
