-243239
-307511
-330791
-345479
-376463
-395303
-400559
-409967
-419231
-431399
-473159
-485831
-492431
-543143
-544031
-561767
-588167
-637727
-641519
-658831
-698239
-720023
-721951
-788087
-817127
-841103
-845303
-862879
-871639
-877399
-900551
-913639
-916471
-948767
-963871
-969679
-976351
-1022183
-1025839
-1036759
-1039007
-1070431
-1099463
-1134871
-1147103
-1163663
-1164503
-1172663
-1180351
-1181911
-1210967
-1238903
-1294639
-1326887
-1349807
-1380983
-1382671
-1393471
-1400807
-1410319
-1418551
-1441343
-1458871
-1508671
-1559807
-1574791
-1623679
-1670551
-1674271
-1718719
-1751767
-1755319
-1772959
-1801931
-1820551
-1831967
-1889579
-1900879
-1910767
-1929847
-1947371
-1954639
-1988411
-1992779
-1997911
-2004539
-2017811
-2018671
-2022103
-2028511
-2028679
-2080979
-2105071
-2108699
-2136487
-2151271
-2156071
-2159551
-2189743
-2216839
-2226251
-2247991
-2256031
-2258407
-2269903
-2270531
-2272019
-2279911
-2290207
-2293127
-2307703
-2325199
-2352583
-2382463
-2399939
-2407499
-2419331
-2426527
-2436419
-2461423
-2473423
-2475247
-2484199
-2486167
-2517103
-2527639
-2550971
-2589131
-2635883
-2653019
-2654027
-2674039
-2687767
-2689903
-2707619
-2712583
-2719207
-2736131
-2740211
-2742463
-2782783
-2796583
-2815259
-2852743
-2853371
-2857403
-2901491
-2915527
-2925179
-2978699
-2990359
-2997031
-3003251
-3015847
-3031019
-3038579
-3058927
-3066991
-3079163
-3088643
-3099463
-3121379
-3122939
-3147971
-3196859
-3239143
-3253139
-3258247
-3277543
-3291583
-3309463
-3311983
-3314767
-3315223
-3317887
-3322783
-3344819
-3347887
-3353767
-3367283
-3399731
-3437339
-3437459
-3446887
-3454687
-3481259
-3499091
-3513967
-3515047
-3519899
-3523087
-3559447
-3562423
-3563531
-3565039
-3599527
-3601327
-3638651
-3666659
-3671527
-3683627
-3705367
-3708847
-3712091
-3715211
-3716627
-3741971
-3747223
-3747847
-3754979
-3767627
-3780823
-3782699
-3841927
-3871783
-3883063
-3926771
-3934639
-3948487
-3954971
-4022891
-4038247
-4043771
-4059659
-4069687
-4076459
-4095059
-4107827
-4114687
-4115939
-4143731
-4148983
-4156639
-4166287
-4170227
-4191563
-4209371
-4209463
-4247863
-4254683
-4257131
-4260131
-4269179
-4271627
-4290107
-4295527
-4297259
-4325891
-4330687
-4340891
-4346219
-4364891
-4398703
-4451743
-4465907
-4468979
-4469411
-4471979
-4474303
-4484023
-4491419
-4492259
-4499531
-4555783
-4576303
-4586339
-4591403
-4602487
-4607987
-4617607
-4620491
-4650487
-4650827
-4662419
-4666663
-4668539
-4703099
-4717547
-4722299
-4725179
-4766387
-4777499
-4784411
-4791851
-4795331
-4824971
-4825427
-4836107
-4891567
-4892647
-4898459
-4912283
-4920347
-4960811
-4963207
-5006527
-5012023
-5058203
-5065663
-5088731
-5096291
-5108267
-5109443
-5122903
-5146091
-5157203
-5173543
-5184727
-5197663
-5223899
-5236331
-5240887
-5255843
-5270723
-5297731
-5301823
-5305067
-5363147
-5367251
-5381819
-5390219
-5444651
-5453843
-5470163
-5475247
-5504503
-5536931
-5569783
-5627099
-5633623
-5636539
-5652103
-5657767
-5681167
-5715323
-5730251
-5748103
-5782787
-5786411
-5806907
-5810771
-5814227
-5818283
-5822627
-5849099
-5872523
-5875547
-5919491
-5920423
-5933539
-5943563
-5958583
-5962283
-5965807
-5971379
-5981819
-5982727
-6002363
