-287279
-314591
-356999
-423791
-507599
-514967
-539039
-553919
-573047
-636263
-660799
-716663
-758551
-768263
-778951
-817519
-860663
-894871
-902191
-934111
-952247
-991943
-1002143
-1019783
-1024703
-1034207
-1051639
-1070567
-1072103
-1083167
-1103119
-1118479
-1118567
-1228583
-1283119
-1295183
-1306499
-1311559
-1378007
-1381111
-1382551
-1391447
-1434743
-1441367
-1500143
-1506031
-1512299
-1523087
-1547431
-1547479
-1551371
-1583671
-1617767
-1674391
-1704271
-1727903
-1745087
-1793767
-1824731
-1847887
-1910423
-1918451
-1932367
-1966463
-1971967
-1972423
-1978807
-2000767
-2112631
-2164571
-2196559
-2213311
-2258651
-2278519
-2279527
-2294359
-2312407
-2314619
-2322491
-2345047
-2377423
-2426863
-2431063
-2439991
-2454731
-2466463
-2471531
-2473567
-2482567
-2488159
-2537503
-2546051
-2587279
-2601539
-2627047
-2679967
-2726743
-2747207
-2751251
-2752331
-2765239
-2829007
-2849983
-2903671
-2916583
-2960623
-2977259
-3013643
-3070807
-3085471
-3086983
-3097499
-3162727
-3178927
-3189583
-3228439
-3246583
-3266671
-3315971
-3345611
-3347551
-3364931
-3367423
-3371579
-3376811
-3414079
-3460783
-3484687
-3485819
-3565447
-3565619
-3583091
-3586811
-3592447
-3602527
-3643807
-3648539
-3656699
-3669851
-3672127
-3676327
-3704167
-3717127
-3748543
-3751567
-3760903
-3772739
-3773527
-3786703
-3786899
-3831007
-3832811
-3855323
-3927127
-3929503
-3989387
-4016843
-4020151
-4020727
-4026823
-4040383
-4042859
-4055599
-4060211
-4106407
-4107347
-4136747
-4157123
-4163843
-4164463
-4170583
-4197463
-4198111
-4205219
-4246807
-4262743
-4265263
-4291499
-4356991
-4358863
-4363207
-4366927
-4382507
-4413179
-4413823
-4414807
-4434179
-4465259
-4469051
-4486567
-4516643
-4535983
-4544887
-4545223
-4564303
-4568623
-4629419
-4636207
-4636739
-4723183
-4767779
-4779343
-4804087
-4814287
-4861811
-4886767
-4887899
-4890103
-4921067
-4922143
-4985527
-4991291
-5027987
-5030411
-5046491
-5147647
-5167739
-5207243
-5291171
-5360051
-5370779
-5423819
-5428663
-5472227
-5540027
-5555387
-5572211
-5573527
-5600099
-5601247
-5603623
-5659091
-5690339
-5703371
-5707907
-5715683
-5738267
-5740307
-5757539
-5773067
-5805227
-5832583
-5832611
-5903143
-5914163
-5919931
-5923087
-5930963
-5951147
