-221231 0 2 197 1123
-233639 4 1 33377
-293879 32800 1 293
-295655 258 1 2039
-314111 132 1 1951
-343895 2 2 109 631
-355295 2 1 71059
-372479 1024 1 10067
-373679 0 2 433 863
-375599 4 1 53657
-378959 4100 1 1259
-385871 192 1 883
-400751 272 1 1063
-413423 2097184 1 293
-414359 8 2 139 271
-433631 1048584 1 499
-438119 8 1 39829
-444719 8 1 40429
-465719 3072 1 307
-478007 16640 1 311
-481079 0 2 139 3461
-494135 1026 1 2671
-505895 4114 1 181
-518879 0 2 397 1307
-519095 546 1 197
-521807 4196376 0
-538415 2 2 257 419
-553295 2050 1 2699
-564647 0 2 673 839
-567359 80 1 2297
-592415 2 2 109 1087
-599111 524544 1 283
-599495 146 1 401
-600215 14 1 1559
-601535 10 1 10937
-607391 0 2 103 5897
-608255 2 2 239 509
-609239 0 2 137 4447
-618047 512 1 19937
-619151 8388624 1 491
-627815 2 2 307 409
-628055 32770 1 2129
-632687 8 2 113 509
-643535 131106 1 113
-664103 8 1 60373
-668927 4 1 95561
-673727 32 1 39631
-674591 8704 1 463
-681479 32 1 40087
-682295 162 1 349
-691976 67239936 1 1291
-702839 0 2 439 1601
-714167 0 2 431 1657
-714776 33562624 1 1901
-717263 32768 1 12157
-727223 4 1 103889
-732047 256 1 25243
-734744 33554688 1 3167
-741407 0 2 569 1303
-761903 2048 1 18583
-767015 2 2 179 857
-767303 524416 1 457
-769823 576 1 1307
-772895 2 1 154579
-781304 33554432 2 127 769
-786287 1049600 1 269
-788447 8 2 229 313
-788996 16 1 15173
-791351 8 1 71941
-792287 0 2 337 2351
-806135 10 1 14657
-806663 24 1 5641
-809879 4 2 127 911
-822143 4 2 257 457
-828095 258 1 5711
-832004 0 1 208001
-842015 258 1 5807
-848216 33554432 2 229 463
-855679 8 2 107 727
-858296 33554464 1 6311
-858836 8 2 131 149
-866207 3072 1 571
-874223 262148 1 1759
-881144 33555048 0
-884783 0 2 107 8269
-885524 16384 1 4177
-887615 2 2 113 1571
-888404 65544 1 331
-898196 144 1 751
-904004 0 1 226001
-906356 8 1 20599
-909815 65602 1 157
-915416 33570848 1 127
-918911 4 2 251 523
-919391 2113608 0
-922676 0 2 251 919
-934856 88080400 0
-936215 134 1 1163
-940376 33630208 0
-947903 1064 1 137
-951704 33554448 1 9151
-953663 0 2 191 4993
-955847 4096 1 22229
-958711 272 1 2543
-963896 33816576 1 1697
-965855 42 1 1033
-967343 16 1 74411
-967399 65536 1 15859
-967784 67108928 1 6367
-969524 0 2 163 1487
-971636 0 2 449 541
-972455 10 1 17681
-973343 4 2 211 659
-983495 2 1 196699
-983807 40 1 5261
-985544 67108868 1 17599
-985823 0 2 233 4231
-994244 16777344 1 107
-999791 16 1 76907
-1006964 4 1 35963
-1009079 524416 1 601
-1014215 2 2 193 1051
-1017236 65544 1 379
-1017896 67112968 1 269
-1027103 12 1 13339
-1032551 16 1 79427
-1032647 12 1 13411
-1037959 16 1 79843
-1040495 2 1 208099
-1040504 33554432 2 113 1151
-1047140 2050 1 1277
-1051544 33554448 1 10111
-1060967 128 2 163 283
-1062623 8320 1 983
-1068415 66050 1 113
-1068527 0 2 109 9803
-1072879 16896 1 653
-1077524 260 1 1327
-1080404 1048592 1 263
-1089140 294930 0
-1090964 8196 1 829
-1091567 0 2 139 7853
-1096607 0 2 541 2027
-1099796 320 1 499
-1099951 4194336 1 727
-1103543 4 1 157649
-1104536 50331648 1 1367
-1109156 0 2 149 1861
-1112951 4 1 158993
-1113524 8192 1 5923
-1117844 2098196 0
-1121687 132 1 6967
-1131620 32774 1 137
-1132999 36 1 9521
-1138244 0 1 284561
-1143527 12 1 14851
-1147471 65552 1 1447
-1150184 67117252 0
-1151684 0 1 287921
-1151972 8388608 1 2969
-1152047 144 1 3853
-1152116 132 1 1789
-1152164 16 1 22157
-1154996 0 2 199 1451
-1155524 32 1 16993
-1156916 1024 1 7817
-1161983 192 1 2659
-1162196 4 1 41507
-1164023 4 1 166289
-1165604 32776 1 449
-1166999 96 1 3613
-1170047 0 2 317 3691
-1171784 67371008 1 2063
-1174436 8192 1 6247
-1179215 2 2 181 1303
-1180280 33554498 1 1553
-1189367 0 2 359 3313
-1190180 2 1 59509
-1191944 67633168 1 157
-1197287 32788 1 223
-1206095 10 1 21929
-1209295 2082 1 347
-1211336 75497476 1 223
-1212695 42 1 1297
-1219103 0 2 439 2777
-1220135 262150 1 491
-1223108 0 2 167 1831
-1224356 524292 1 599
-1226756 0 1 306689
-1236980 2 2 127 487
-1243823 4 2 137 1297
-1248527 4 1 178361
-1251524 256 1 10789
-1251559 0 2 491 2549
-1254344 67108884 1 1723
-1259444 0 2 179 1759
-1264136 67108864 1 158017
-1264711 1048580 1 2287
-1266776 33554436 1 22621
-1267556 34816 1 131
-1270351 0 2 257 4943
-1271672 33554432 1 158959
-1273844 56 1 131
-1273999 256 2 197 223
-1275716 16 1 24533
-1279951 8192 2 113 241
-1280996 0 2 293 1093
-1284260 2 2 157 409
-1284596 128 1 13963
-1285255 2097218 1 163
-1285295 10 1 23369
-1287380 32770 1 1091
-1287455 274 1 683
-1290527 4 2 107 1723
-1291951 2048 1 31511
-1294711 8 1 117701
-1294916 4 2 103 449
-1295720 67109122 1 1117
-1296559 8 2 311 379
-1296655 66 1 13649
-1298024 67108884 1 1783
-1299271 0 2 199 6529
-1300904 67108872 1 14783
-1301087 128 1 56569
-1302895 10 1 23689
-1306676 132 1 2029
-1307239 512 1 42169
-1309111 0 2 991 1321
-1309796 8192 1 6967
-1314536 67109888 1 4441
-1317620 2 1 65881
-1318015 524418 1 157
-1322567 0 2 181 7307
-1323464 67108928 1 8707
-1324279 8 2 131 919
-1326199 8452 1 139
-1332623 2048 1 32503
-1339895 4194306 1 3011
-1343876 0 2 191 1759
-1346084 0 1 336521
-1350991 2099200 1 397
-1352468 528 1 839
-1355384 33555520 1 241
-1355783 88 1 499
-1363951 0 2 683 1997
-1364324 16 1 26237
-1367396 4194432 1 167
-1367684 32 1 20113
-1368056 33554432 1 171007
-1369159 72 1 6551
-1374919 276 1 521
-1375615 16642 1 179
-1375847 328 1 227
-1385839 8388628 1 157
-1389764 0 2 157 2213
-1389944 33554432 1 173743
-1390724 320 1 631
-1391540 2050 1 1697
-1391959 65600 1 1201
-1393415 4098 1 6481
-1396964 0 1 349241
-1401863 0 2 953 1471
-1402823 32 2 179 461
-1408487 0 2 139 10133
-1411879 16777220 1 1997
-1412303 8192 2 151 199
-1416695 38 1 2381
-1417220 16390 1 191
-1429832 67108864 2 367 487
-1431704 33555072 1 251
-1432004 4 2 199 257
-1433935 1154 1 337
-1441064 67174400 1 2953
-1441495 10 1 26209
-1446980 262146 1 1019
-1447736 34210816 0
-1448839 132 1 8999
-1450136 33554432 2 109 1663
-1450280 67108882 1 2789
-1451311 262144 1 20441
-1452055 42 1 1553
-1453496 35651592 1 199
-1453556 16 1 27953
-1455476 72 1 1741
-1465999 4096 2 103 331
-1466996 0 2 137 2677
-1467044 512 1 11831
-1469767 16 2 167 677
-1471316 44 1 281
-1472180 2 1 73609
-1474052 0 1 368513
-1474055 10 1 26801
-1474711 4 2 191 1103
-1474879 4 2 109 1933
-1476559 1028 1 5701
-1477220 2 2 233 317
-1477231 324 1 383
-1479464 67109124 1 911
-1481479 4096 2 131 263
-1492259 0 2 283 5273
-1496036 0 1 374009
-1497919 1179648 1 283
-1500335 98 1 929
-1506164 8 1 34231
-1506404 32 1 22153
-1507759 8 2 113 1213
-1507880 67109002 1 149
-1508804 16392 1 647
-1510255 2 2 229 1319
-1510571 128 1 65677
-1512584 67371008 1 2663
-1513736 67108868 1 27031
-1517684 131076 1 809
-1517780 10 1 6899
-1519736 33554432 1 189967
-1525135 2 2 191 1597
-1527860 1048578 1 967
-1531124 4 2 149 367
-1532119 0 2 877 1747
-1535927 256 1 52963
-1540159 64 2 103 787
-1545620 2 2 109 709
-1551224 41943040 1 1999
-1551524 16 1 29837
-1553783 44 1 1187
-1554692 0 1 388673
-1555316 4 1 55547
-1562744 33554432 1 195343
-1564847 2048 1 38167
-1566151 576 1 2659
-1567331 131072 2 149 157
-1568216 33554480 1 887
-1569416 67108864 1 196177
-1573796 4 1 56207
-1575391 4096 1 36637
-1575743 16400 1 2287
-1577252 256 1 13597
-1588136 67108872 1 18047
-1588616 67108896 1 11681
-1591460 18 1 6121
-1591544 33554432 1 198943
-1591703 1024 1 43019
-1593464 33554432 2 409 487
-1599080 67108870 1 5711
-1599188 0 2 401 997
-1602503 4 1 228929
-1602548 128 1 17419
-1602836 65536 1 6569
-1603880 83886082 1 397
-1606772 32 1 23629
-1610807 8 1 146437
-1612484 160 1 1031
-1613540 2 1 80677
-1615544 33554468 1 1697
-1618244 0 2 137 2953
-1620511 128 1 70457
-1621256 67108916 1 131
-1623559 2052 1 5657
-1627604 262152 1 521
-1628095 6 2 181 257
-1630580 70 1 613
-1632344 33554436 2 103 283
-1634191 16 1 125707
-1635679 0 2 401 4079
-1638152 67109248 1 307
-1639064 33554436 1 29269
-1639279 128 2 263 271
-1641656 33554464 1 12071
-1641764 1024 1 11093
-1642495 4194306 1 3691
-1645316 1024 1 11117
-1645583 32 1 96799
-1646036 4 1 58787
-1646455 130 2 103 139
-1650824 67110916 1 719
-1653079 2176 1 1753
-1657316 0 1 414329
-1658564 0 1 414641
-1659476 8396820 0
-1662680 33554434 2 197 211
-1664135 1048586 1 383
-1666639 16 1 128203
-1668488 67633152 1 2857
-1669111 8224 1 2089
-1672904 68157440 1 2647
-1680223 0 2 181 9283
-1680404 8 2 181 211
-1687415 2 2 349 967
-1693160 67108870 1 6047
-1693367 16 1 130259
-1695199 72 1 8111
-1695656 68157440 1 2683
-1698887 4096 1 39509
-1701223 1024 1 45979
-1704127 256 1 58763
-1710143 0 2 821 2083
-1710631 16 2 181 727
-1714244 4 1 61223
-1715876 8192 1 9127
-1718408 68157440 1 2719
-1718996 0 2 313 1373
-1720376 33554948 1 991
-1723703 0 2 157 10979
-1724051 4 2 163 1511
-1726735 2 2 367 941
-1727791 272 1 4583
-1732772 0 1 433193
-1733192 67108864 1 216649
-1733695 2 1 346739
-1741016 33554432 2 283 769
-1747735 4106 1 739
-1747831 0 2 571 3061
-1749011 8232 1 199
-1750916 0 1 437729
-1752164 69632 1 167
-1757780 2 2 179 491
-1758871 32 2 157 659
-1762964 1048580 1 797
-1765112 33570944 1 181
-1765604 0 2 191 2311
-1766264 33554432 1 220783
-1768879 32772 1 4283
-1770415 2 2 401 883
-1773992 67108936 1 1061
-1774135 10 1 32257
-1778516 66560 1 197
-1780724 8 1 40471
-1781051 128 2 211 367
-1782116 4 1 63647
-1783124 4100 1 1481
-1783496 67108888 1 1559
-1784216 33554436 2 151 211
-1792040 67371010 1 631
-1792399 4 1 256057
-1796855 1048578 1 4549
-1798088 67112960 1 5227
-1800440 33554626 1 103
-1801135 6 1 51461
-1808516 0 2 281 1609
-1809380 2 1 90469
-1809416 68157444 1 409
-1810855 262146 1 5101
-1811719 4116 1 463
-1812488 67371008 1 3191
-1812647 16777216 2 131 137
-1812872 67108864 1 226609
-1814699 32 1 106747
-1814936 33554688 1 7823
-1815428 0 2 293 1549
-1817816 33554460 1 227
-1818536 67125248 1 4289
-1822015 18 1 28031
-1823624 67125416 0
-1826936 33554560 1 9929
-1828340 2 2 113 809
-1829156 4 1 65327
-1830164 4 2 163 401
-1830611 32 2 257 419
-1831016 67108872 1 20807
-1832120 33554434 2 163 281
-1834399 4 2 271 967
-1837832 67108928 2 107 113
-1838479 65536 1 30139
-1840039 2048 1 44879
-1841540 2 1 92077
-1842020 514 1 2971
-1843064 33554432 1 230383
-1845247 131072 1 27541
-1849316 4 1 66047
-1849976 33816576 1 3257
-1853192 67108872 1 21059
-1854488 33587200 1 3929
-1856239 12 1 24107
-1860008 67112960 1 5407
-1861127 16777216 1 18427
-1862084 524292 1 911
-1862120 67108882 1 3581
-1862420 16390 1 251
-1864735 2 2 149 2503
-1864807 4 1 266401
-1869764 2064 1 877
-1872452 0 1 468113
-1872836 4 2 211 317
-1874407 8256 1 2099
-1876619 256 2 163 397
-1878007 65568 1 1811
-1881512 67108864 2 479 491
-1883215 2 2 157 2399
-1883876 0 2 151 3119
-1884584 67108880 1 18121
-1886863 8 2 337 509
-1888664 33554432 2 307 769
-1889060 258 1 3257
-1891604 24 1 3307
-1895215 6 2 173 313
-1896127 2048 2 103 449
-1899295 2 1 379859
-1900004 0 2 433 1097
-1900196 256 1 16381
-1902836 5264 0
-1911631 4202496 1 457
-1911752 67108896 1 14057
-1911944 67108992 1 10391
-1913144 37748736 1 2687
-1914056 67239936 1 3571
-1915016 67108896 1 14081
-1915111 8 1 174101
-1915351 0 2 131 14621
-1916036 96 1 1483
-1916504 33556480 1 5843
-1917620 2 1 95881
-1920008 67108864 2 107 2243
-1924196 32 1 28297
-1925119 16388 1 5189
-1935271 16 1 148867
-1939364 4 1 69263
-1939735 6 2 157 353
-1944404 32780 1 107
-1945063 0 2 463 4201
-1946996 128 1 21163
-1947007 0 2 251 7757
-1947032 33554432 2 257 947
-1947539 8200 1 3767
-1955096 33554456 1 1709
-1955780 2 1 97789
-1956932 4194432 1 239
-1957124 65552 1 617
-1958216 67108944 1 991
-1960255 266 1 1229
-1967143 0 2 347 5669
-1970191 0 2 107 18413
-1971295 2 1 394259
-1974440 67108882 1 3797
-1974895 146 1 1321
-1974991 0 2 349 5659
-1978951 16 2 191 797
-1981064 67108864 1 247633
-1982840 33554498 1 2609
-1986887 68 1 14939
-1989559 24 1 13913
-1991720 83886370 0
-1993988 0 1 498497
-1995716 6144 1 283
-1995731 0 2 557 3583
-2000696 33562656 1 313
-2001620 2050 1 2441
-2002292 2098176 1 163
-2008484 0 1 502121
-2011556 256 1 17341
-2015431 16392 1 3457
-2017508 0 1 504377
-2017976 34603520 1 103
-2019991 544 1 3833
-2020952 33555200 1 281
-2026964 0 2 109 4649
-2027219 1179648 1 383
-2031764 4 2 149 487
-2037560 33554502 1 383
-2038495 2 1 407699
-2042660 2 2 109 937
-2049367 32 1 120551
-2050340 514 1 3307
-2050664 67108876 1 3329
-2051156 1048576 1 6491
-2056351 72 1 9839
-2058007 4 1 294001
-2059571 4096 2 211 227
-2070919 256 1 71411
-2071076 100 1 229
-2071316 65552 1 653
-2076535 514 1 13397
-2076776 67108944 1 1051
-2077988 2097160 1 569
-2084996 128 2 131 173
-2091896 33554560 1 11369
-2093816 34603008 1 3313
-2094887 512 1 67577
-2097655 524294 1 821
-2098759 336 1 293
-2099192 33554432 1 262399
-2101064 67108900 1 2207
-2101951 64 1 110629
-2104619 8 2 293 653
-2104639 1048576 1 26641
-2106452 12648448 0
-2107691 256 1 72679
-2108468 64 1 27743
-2109284 16777344 1 227
-2110499 32 1 124147
-2111240 67117058 1 1123
-2113367 0 2 1291 1637
-2113556 0 2 311 1699
-2114215 2 2 389 1087
-2117972 0 2 283 1871
-2119496 67108992 1 11519
-2120648 67109408 1 503
-2121176 33556736 1 223
-2121380 524290 1 1453
-2122447 2048 1 51767
-2123384 33554432 1 265423
-2125640 67108874 1 4831
-2126939 0 2 601 3539
-2128351 68736 0
-2129720 33555458 1 1439
-2130068 0 2 367 1451
-2131111 128 1 92657
-2131615 2 2 263 1621
-2132312 50331924 0
-2132840 67371010 1 751
-2133391 16 2 379 433
-2133703 4120 1 347
-2136680 67108886 1 587
-2136728 33554440 1 24281
-2141239 0 2 331 6469
-2142536 75497480 1 251
-2145535 32774 1 1039
-2149640 67174402 1 881
-2150036 516 1 2477
-2150819 2120 1 251
-2151535 16514 1 353
-2152807 16384 2 151 269
-2161471 144 1 7229
-2161508 0 1 540377
-2161892 256 1 18637
-2167451 152 1 659
-2169131 16384 1 40927
-2169176 33554560 1 11789
-2169943 8192 2 137 337
-2171624 67108948 1 157
-2173736 71569408 0
-2178535 2050 1 10627
-2180084 1048576 1 6899
-2180939 0 2 251 8689
-2185615 2 2 271 1613
-2186564 128 1 23767
-2188184 33558528 1 6361
-2188676 4 1 78167
-2189780 2 2 103 1063
-2193295 2066 1 823
-2194376 67112960 1 6379
-2195060 6 1 15679
-2195336 83886168 0
-2195480 33554438 1 7841
-2196920 33554442 1 4993
-2197412 4 1 78479
-2206280 67108930 1 2903
-2206340 2 2 107 1031
-2207359 12 2 109 263
-2209736 67110912 1 6737
-2212580 2 1 110629
-2214020 514 1 3571
-2214056 67174416 1 349
-2216071 24 1 15497
-2216936 67108896 1 16301
-2217487 0 2 103 21529
-2219972 512 1 17903
-2220295 1572878 0
-2222036 2080 1 797
-2225960 67108874 1 5059
-2226059 72 1 10651
-2233519 512 2 109 661
-2237695 2 2 521 859
-2242568 67108864 1 280321
-2243119 16384 1 42323
-2244655 32774 1 1087
-2248964 32 1 33073
-2249156 1044 1 167
-2249215 2 2 109 4127
-2249791 384 1 3373
-2251519 64 2 163 727
-2252411 4 2 233 1381
-2253415 12290 1 223
-2253583 524288 1 30871
-2253764 256 1 19429
-2256260 1026 1 3049
-2259851 8 1 205441
-2259895 42 1 2417
-2259908 4100 1 1877
-2261236 0 2 457 1237
-2262007 1048648 1 137
-2263496 67109376 1 9127
-2267023 72 1 10847
-2267768 33554432 2 257 1103
-2273060 4194306 1 1277
-2273215 6 2 107 607
-2275487 0 2 1307 1741
-2278724 8388612 1 839
-2279624 68157440 1 3607
-2282191 0 2 857 2663
-2283464 67108864 1 285433
-2285195 10 1 41549
-2287451 1024 2 211 293
-2290904 33554444 1 3719
-2291839 4194312 1 2341
-2292223 0 2 127 18049
-2294215 16809998 0
-2297780 2 1 114889
-2302472 67108864 2 449 641
-2302484 384 1 863
-2304440 33570818 1 1087
-2304895 2 1 460979
-2305604 131076 1 1229
-2306335 16777218 1 4567
-2308115 8388610 1 4759
-2308619 131072 1 34457
-2308687 8192 1 49121
-2309555 32770 1 7829
-2311736 33554436 1 41281
-2313092 1024 1 15629
-2314820 2 1 115741
-2315108 0 1 578777
-2317639 64 2 223 547
-2318263 2048 1 56543
-2318324 32 2 103 331
-2320568 33554464 2 113 151
-2322535 32770 1 7873
-2323399 16 2 313 571
-2327780 22 1 1279
-2328583 64 1 122557
-2329859 4 1 332837
-2330084 4800 0
-2333431 16384 1 44027
-2333864 67108880 1 22441
-2334055 1048642 1 311
-2334367 1028 1 9013
-2335159 0 2 349 6691
-2335739 4 2 191 1747
-2337611 0 2 647 3613
-2338820 10 1 10631
-2338855 2 2 509 919
-2338916 128 1 25423
-2341607 65664 1 1669
-2343055 282 1 113
-2343140 1048578 1 1483
-2344231 4096 1 54517
-2347135 6 1 67061
-2355295 2 2 619 761
-2355535 534 1 167
-2357459 2064 1 4423
-2357767 576 1 4003
-2357876 8421376 1 103
-2360503 64 2 283 439
-2360744 67108864 2 269 1097
-2362052 12 1 7669
-2362820 1538 1 103
-2363588 16384 1 11149
-2363863 0 2 683 3461
-2368340 18 1 9109
-2370596 0 1 592649
-2373059 16 2 277 659
-2379055 16777222 1 673
-2380351 4096 2 197 281
-2380808 67108864 1 297601
-2381479 17301600 0
-2381588 8 2 113 479
-2384180 786562 0
-2384263 8196 1 7247
-2386495 66 1 25121
-2387480 33554466 1 3511
-2388439 0 2 163 14653
-2388823 2097184 1 1693
-2389091 0 2 163 14657
-2389460 1026 1 3229
-2389759 512 2 127 607
-2391383 65536 2 197 199
-2392207 128 1 104009
-2394692 557056 1 139
-2395736 33554436 2 179 239
-2396372 8 2 107 509
-2396407 16 2 337 547
-2396696 33556480 1 7307
-2398615 34 1 28219
-2399047 4 2 107 3203
-2400251 68 1 18047
-2400488 67108864 2 191 1571
-2402132 64 1 31607
-2403140 2 1 120157
-2405192 67108864 1 300649
-2406392 33554432 1 300799
-2406655 2 2 179 2689
-2406971 262404 1 167
-2407495 32770 1 8161
-2407688 67108864 1 300961
-2409512 67108900 1 2531
-2409919 0 2 233 10343
-2413160 67178626 0
-2415224 33591332 0
-2415535 2 2 419 1153
-2416676 0 2 233 2593
-2417503 4168 1 269
-2417576 67108996 1 1877
-2420228 0 2 151 4007
-2422964 4096 1 14087
-2425135 34 2 103 277
-2428571 512 1 78341
-2429935 66050 1 257
-2430967 12 2 131 241
-2432408 33554440 2 131 211
-2435060 2 2 109 1117
-2435864 42471424 0
-2436103 0 2 257 9479
-2439151 1048 1 461
-2439995 2 2 229 2131
-2445128 67117060 1 929
-2449832 75499532 0
-2450411 64 1 128969
-2452879 56 1 1009
-2453048 33554448 2 103 229
-2457860 34 1 7229
-2459047 25165824 1 251
-2459768 33554432 1 307471
-2460367 84 1 1423
-2462276 1024 2 127 131
-2465864 67174912 1 163
-2470760 67108930 1 3251
-2471624 67108864 2 521 593
-2474660 2 1 123733
-2478655 2050 2 107 113
-2481320 71305250 0
-2483459 8 1 225769
-2485351 8 1 225941
-2485615 4106 1 1051
-2488255 142 1 281
-2492420 70 1 937
-2496539 4194304 1 28051
-2499476 4227108 0
-2499560 68157446 1 113
-2501219 1048580 1 4523
-2502727 0 2 937 2671
-2503028 8 2 163 349
-2503268 0 2 607 1031
-2504372 48 1 2833
-2504383 262148 1 5039
-2504996 131088 1 719
-2505428 2048 1 15277
-2505851 32 2 223 661
-2507240 67108930 1 3299
-2511395 2 2 149 3371
-2511812 0 1 627953
-2513048 33570816 1 5927
-2516468 32768 1 10663
-2520248 33554560 1 13697
-2521739 8 1 229249
-2522696 67108872 2 109 263
-2524424 67174404 1 739
-2524879 4 2 107 3371
-2525540 2 2 197 641
-2526199 16 1 194323
-2526680 33558546 1 113
-2528312 37896192 0
-2530340 2 1 126517
-2531480 33554438 1 9041
-2532131 131076 1 5399
-2533711 0 2 269 9419
-2537540 262146 1 1787
-2537743 48 1 11483
-2540360 67110914 1 1549
-2544212 16392 1 1091
-2544692 256 1 21937
-2546407 1048576 1 32233
-2546948 0 2 599 1063
-2547295 2 2 131 3889
-2547860 6 1 18199
-2549972 0 2 163 3911
-2550583 4 2 199 1831
-2550895 2 1 510179
-2551688 67108864 2 467 683
-2553655 50 1 2311
-2556035 34 1 30071
-2557543 0 2 881 2903
-2558564 2048 1 15601
-2560820 194 1 293
-2561972 4 1 91499
-2565316 16 1 49333
-2565535 134 1 3187
-2567291 0 2 167 15373
-2568836 1056 1 1021
-2569016 36192256 0
-2570551 16777728 1 821
-2573171 160 1 6581
-2575111 16396 1 631
-2576071 2099200 1 757
-2576084 4 1 92003
-2577656 33554560 1 14009
-2580920 33554434 2 113 571
-2582767 262152 1 3307
-2582804 4 1 92243
-2583263 0 2 1559 1657
-2587496 67109184 1 587
-2588660 262146 1 1823
-2588815 4098 1 12041
-2595380 2 1 129769
-2596340 4098 1 3019
-2600219 128 2 131 863
-2600776 67109376 1 10487
-2603767 0 2 1223 2129
-2605015 6 2 263 283
-2605903 0 2 1301 2003
-2609603 2097280 1 1367
-2609912 33554432 2 311 1049
-2610356 16388 1 1759
-2613155 262178 1 433
-2616164 1048608 1 487
-2616980 4130 1 179
-2621048 33622016 1 131
-2624383 0 2 863 3041
-2625367 262144 2 103 359
-2625380 2 2 149 881
-2631635 2 2 163 3229
-2633540 22 1 1447
-2635711 16 1 202747
-2642767 64 2 367 379
-2642888 67108896 1 19433
-2643007 32 2 107 1453
-2644423 131328 1 1361
-2645348 8192 1 14071
-2646299 131072 2 127 311
-2648984 33554448 1 25471
-2649731 4 1 378533
-2650331 12582912 1 307
-2650388 16 1 50969
-2652020 70 1 997
-2653255 74 1 2539
-2653879 33280 1 1451
-2654095 2 2 239 2221
-2656760 33554466 1 3907
-2658248 67108992 1 14447
-2659976 67108872 2 167 181
-2661560 33554570 1 263
-2662760 67108866 1 66569
-2664724 196608 1 163
-2665279 0 2 1423 1873
-2667764 8 1 60631
-2668952 33554456 1 2333
-2670020 34 1 7853
-2670967 144 1 8933
-2671412 16384 1 12601
-2671844 1028 1 2579
-2672696 33554960 1 829
-2673895 6 2 241 317
-2674639 8 1 243149
-2678584 33554432 2 191 1753
-2679044 16384 1 12637
-2680495 2 1 536099
-2682823 524312 1 257
-2683499 1044 1 797
-2684084 262160 1 727
-2687384 33555460 1 1297
-2688980 6 1 19207
-2689892 0 1 672473
-2690372 0 1 672593
-2690695 32774 1 1303
-2690804 0 2 163 4127
-2691151 32 1 158303
-2692807 16 1 207139
-2700055 2050 1 13171
-2700056 33566720 1 167
-2700103 8452 1 283
-2700440 33554434 1 67511
-2700919 16 1 207763
-2701231 8208 1 4421
-2704615 8226 1 677
-2706055 10 1 49201
-2706740 98 1 419
-2707172 1048592 1 659
-2714504 67112976 1 607
-2715476 66048 1 359
-2716280 37748742 1 109
-2716580 2 1 135829
-2717060 524290 1 1861
-2717588 128 2 109 271
-2718212 4 2 193 503
-2720360 67117058 1 1447
-2721320 67108870 1 9719
-2723060 34 1 8009
-2723791 8228 1 487
-2724488 67240112 0
-2725883 0 2 317 8599
-2726647 44 1 2083
-2727295 2 2 199 2741
-2727560 67108874 1 6199
-2729219 256 1 94111
-2729480 67109138 1 181
-2731220 290 1 277
-2731379 2564 1 307
-2734903 256 1 94307
-2734996 65544 1 1019
-2736943 8 1 248813
-2738468 0 1 684617
-2742724 0 2 269 2549
-2743139 260 1 13513
-2743835 258 2 127 149
-2745620 2 2 107 1283
-2746628 0 2 367 1871
-2746724 544 1 1303
-2755832 33554432 1 344479
-2759191 0 2 601 4591
-2760392 67108896 1 20297
-2760584 67108864 2 233 1481
-2760776 67110976 1 443
-2760943 128 1 120041
-2761688 33554496 1 18169
-2763919 0 2 1279 2161
-2764927 8 2 157 1601
-2766260 6 1 19759
-2768771 2048 1 67531
-2768815 6 2 239 331
-2769080 33555458 1 1871
-2769368 33554468 1 2909
-2771236 16 2 137 389
-2772964 0 2 151 4591
-2773855 2054 1 1933
-2774216 67108864 2 577 601
-2774423 0 2 163 17021
-2775895 514 1 17909
-2776004 12 1 9013
-2776280 33554514 1 281
-2776495 2 2 421 1319
-2776664 33554440 2 139 227
-2779139 8 2 317 797
-2780767 4104 1 5879
-2782447 24576 1 1117
-2785331 32800 1 2777
-2786695 2 1 557339
-2788807 16388 1 7517
-2790872 33624132 0
-2793380 66 1 7351
-2794207 16 1 214939
-2794868 160 1 1787
-2795012 8 2 139 457
-2796247 4096 1 65029
-2796548 266240 1 229
-2800280 34078726 1 137
-2802391 2048 1 68351
-2802536 67108872 1 31847
-2805179 2128 1 277
-2810756 16 2 191 283
-2811655 131086 1 109
-2818879 4 1 402697
-2823080 71368722 0
-2824423 16516 1 331
-2826607 36 1 23753
-2829871 1064 1 409
-2830820 32770 1 2399
-2832392 67108864 2 487 727
-2833204 72 1 3389
-2834168 33554432 1 354271
-2836735 10 1 51577
-2837896 67108864 1 354737
-2840767 2048 2 193 359
-2840852 262148 1 1429
-2847271 4 2 137 2969
-2847380 2 1 142369
-2847848 67108864 2 127 2803
-2849624 33554432 2 107 3329
-2850308 0 2 401 1777
-2852815 6 1 81509
-2854615 258 1 19687
-2855672 33554432 1 356959
-2855732 2056 1 1583
-2855864 35651752 0
-2856980 6 1 20407
-2857015 6 1 81629
-2857087 64 1 150373
-2858276 0 1 714569
-2861023 8 2 199 1307
-2865572 16779264 1 173
-2865851 0 2 643 4457
-2866388 4 2 167 613
-2876792 33554432 1 359599
-2878484 4 2 223 461
-2880136 67108868 1 51431
-2881063 256 1 99347
-2883295 2 1 576659
-2883860 6 1 20599
-2885048 33562624 1 7673
-2886151 0 2 281 10271
-2888003 1048576 2 139 263
-2888935 32774 1 1399
-2889304 33554440 1 32833
-2890447 131076 1 6163
-2891240 67108874 1 6571
-2894599 294912 1 691
-2895059 8704 1 1987
-2896036 2162712 0
-2898631 8192 1 61673
-2901131 262400 1 1409
-2903863 512 2 283 331
-2906939 4 2 263 1579
-2911160 33555462 1 281
-2915195 4194306 1 6551
-2916020 2 2 211 691
-2917735 66 1 30713
-2917880 33554470 1 613
-2919535 2 2 103 5669
-2923855 10 1 53161
-2924744 75497472 1 3769
-2925416 67109008 1 1223
-2928068 24 1 5119
-2929412 0 2 113 6481
-2932664 33554436 1 52369
-2936132 0 2 263 2791
-2937851 4 1 419693
-2941796 1048 1 139
-2943127 8 1 267557
-2943967 16 2 433 523
-2943992 33554464 1 21647
-2945623 524288 1 40351
-2948168 67108864 1 368521
-2948228 2048 1 17977
-2948503 512 2 227 419
-2949092 544 1 1399
-2949860 1048578 1 1867
-2950760 67371010 1 1039
-2951672 33556480 1 8999
-2952440 33554946 1 2381
-2955895 2050 1 14419
-2959076 0 2 193 3833
-2961272 33554432 1 370159
-2965259 16777256 1 157
-2969815 34 1 34939
-2971220 70 1 1117
-2971988 5120 1 467
-2972651 8 1 270241
-2973080 33554698 1 233
-2973368 33554464 1 21863
-2973716 128 1 32323
-2973860 2 1 148693
-2974904 33554432 2 241 1543
-2977207 0 2 1013 2939
-2978095 262146 1 8389
-2978468 32 1 43801
-2979895 258 1 20551
-2982392 33554500 1 2803
-2982635 2 2 113 5279
-2984651 16777472 1 1019
-2985272 41943040 1 3847
-2988535 131082 1 811
-2988920 33554442 1 6793
-2989112 33554436 1 53377
-2991128 33554948 1 1723
-2991611 260 1 14737
-2991944 67108864 2 103 3631
-2992040 67108866 2 131 571
-2992735 2 2 751 797
-2993743 0 2 131 22853
-2994248 67108928 1 19699
-2995160 33554502 1 563
-2997371 16 1 230567
-2999416 33554500 1 2819
-3002263 8 1 272933
-3002579 0 2 1409 2131
-3003620 2 2 179 839
-3003731 524416 1 1789
-3012740 34 1 8861
-3012823 1048584 1 3467
-3013087 12 2 109 359
-3014644 4128 1 1031
-3016520 67108882 1 5801
-3016580 262 1 743
-3016820 98 1 467
-3017455 524294 1 1181
-3020407 1048624 1 173
-3020743 8 2 311 883
-3020815 38 1 5077
-3021703 64 2 359 443
-3025715 270 1 271
-3028760 33554694 1 373
-3028996 0 2 457 1657
-3029416 67108880 1 29129
-3030440 68157446 1 137
-3035480 33555462 1 293
-3037160 67108870 1 10847
-3037928 67108864 2 433 877
-3038888 83886080 1 3761
-3040036 0 2 353 2153
-3041863 36872 1 109
-3042371 672 1 251
-3046595 258 1 21011
-3047383 0 2 509 5987
-3048824 33554432 1 381103
-3049064 67633280 1 227
-3050579 4 2 137 3181
-3050744 33554432 1 381343
-3054904 34078720 1 5231
-3055571 1024 2 269 307
-3056216 33554432 2 103 3709
-3056815 194 1 1399
-3062564 1024 1 20693
-3063380 4194306 1 1721
-3066415 10 2 127 439
-3067855 1158 1 103
-3068051 4 2 401 1093
-3069092 16 1 59021
-3069668 1028 1 2963
-3071579 4 2 523 839
-3072223 44 1 2347
-3073460 18 1 11821
-3074708 20 1 8447
-3075128 37748740 1 617
-3076979 0 2 617 4987
-3078583 131072 1 45949
-3079460 2 2 107 1439
-3082820 262162 1 167
-3086084 16384 1 14557
-3088855 262158 1 113
-3090788 0 1 772697
-3090916 0 2 449 1721
-3091892 2080 1 1109
-3093871 8 2 137 2053
-3095287 16 1 238099
-3095891 0 2 1327 2333
-3098003 0 2 457 6779
-3098120 67633154 1 1061
-3099608 33554432 2 163 2377
-3099860 295938 0
-3105295 2 1 621059
-3107048 67108868 2 113 491
-3111332 4 1 111119
-3116372 36 1 6547
-3116696 33554440 2 107 331
-3117140 82 1 631
-3117607 0 2 977 3191
-3119192 33554496 1 20521
-3123560 67109386 1 229
-3128116 0 2 151 5179
-3128411 24 2 131 167
-3128468 4 1 111731
-3128911 0 2 263 11897
-3131171 262144 1 44101
-3132440 33554434 1 78311
-3132899 65932 0
-3133172 4 2 149 751
-3133379 524288 1 42923
-3133412 0 2 593 1321
-3133748 2097152 1 9439
-3134180 65542 1 367
-3134887 4 1 447841
-3136756 260 1 3863
-3137576 67108880 1 30169
-3138116 64 2 157 263
-3138440 67109378 1 2531
-3140836 0 2 317 2477
-3143048 67141632 1 6659
-3143119 4 2 277 1621
-3145139 0 2 619 5081
-3148903 0 2 107 29429
-3153188 0 2 157 5021
-3153736 67108864 2 479 823
-3157832 67108864 1 394729
-3161816 33554436 2 131 431
-3162404 16388 1 2131
-3168035 73778 0
-3171343 4 2 179 2531
-3174443 0 2 953 3331
-3175316 0 2 139 5711
-3177560 33555522 1 113
-3177608 67108868 2 179 317
-3178811 0 2 137 23203
-3179156 32832 1 709
-3180151 4112 1 5689
-3180164 144 1 2659
-3182228 260 1 3919
-3183524 0 2 103 7727
-3185540 18874434 0
-3187639 148 1 1523
-3188276 84 1 461
-3188435 34 1 37511
-3188863 0 2 367 8689
-3189131 72 1 15259
-3191335 70 1 4799
-3191791 576 1 5419
-3192103 0 2 499 6397
-3193796 0 2 127 6287
-3193832 67108864 2 113 3533
-3196580 2 2 277 577
-3198179 16384 1 60343
-3201716 260 1 3943
-3203219 2097152 1 38593
-3203647 192 1 7331
-3204008 67108928 2 107 197
-3205448 67108864 1 400681
-3205576 67633160 1 499
-3209348 12288 1 397
-3210440 69206018 1 967
-3213956 512 1 25919
-3214259 0 2 1087 2957
-3219796 0 2 139 5791
-3221195 2 1 644239
-3221764 16404 1 167
-3225635 134 1 4007
-3226447 100 1 1427
-3227528 67108864 2 439 919
-3227960 50339874 0
-3230344 71303184 1 349
-3231556 0 2 137 5897
-3234020 16777218 1 1601
-3235652 524292 1 1583
-3235811 512 1 104381
-3238543 12 2 137 307
-3238952 67109248 1 607
-3241091 2180 1 491
-3242651 0 2 1117 2903
-3242888 67112968 1 857
-3243716 16778756 0
-3244808 67108868 1 57943
-3245143 72 1 15527
-3246020 2 2 109 1489
-3246440 67108866 2 277 293
-3247748 36 1 6823
-3248047 8 1 295277
-3249032 67108864 2 103 3943
-3249428 1048596 1 113
-3250331 16388 1 8761
-3253883 2112 1 4177
-3254372 1032 1 1999
-3262931 4 2 157 2969
-3263435 6 1 93241
-3264584 67111936 1 269
-3267560 67108866 1 81689
-3268615 8198 1 1987
-3268712 67108864 2 131 3119
-3269240 33554450 1 6287
-3273535 2 2 599 1093
-3273860 34 1 9629
-3277571 1032 1 8053
-3279419 262264 0
-3280916 512 1 26459
-3282424 33554432 2 113 3631
-3282440 67108934 1 617
-3284132 0 2 359 2287
-3284360 67117058 1 1747
-3286580 10 1 14939
-3287480 33587206 1 199
-3289832 67108884 1 4519
-3290104 33554560 1 17881
-3292259 34816 1 1361
-3292355 522 1 1931
-3292772 132 1 5113
-3293060 2 1 164653
-3297608 67108864 1 412201
-3302143 336 1 461
-3305215 2178 1 701
-3305588 24 1 5779
-3307880 67110914 1 2017
-3307999 0 2 239 13841
-3310328 33554436 1 59113
-3312223 0 2 307 10789
-3312244 16 1 63697
-3313748 128 2 181 199
-3318980 6 2 151 157
-3319928 33554432 1 414991
-3320696 33554432 1 415087
-3321871 1048580 1 6007
-3324020 6 1 23743
-3324440 33554950 1 383
-3324968 67118080 1 239
-3325064 67109024 1 1063
-3326527 0 2 337 9871
-3326771 4 2 137 3469
-3328388 260 1 4099
-3329071 0 2 199 16729
-3330776 33554528 1 1289
-3332420 22 1 1831
-3333368 33554944 1 13441
-3337160 67108930 1 4391
-3339620 1026 1 4513
-3342248 67108884 1 4591
-3344435 514 1 21577
-3347143 0 2 1279 2617
-3349423 12 1 43499
-3349876 65536 1 13729
-3351124 260 1 4127
-3351224 33554944 1 13513
-3351560 67108994 1 3643
-3355595 514 1 21649
-3356708 65536 1 13757
-3358808 33562624 1 8933
-3363059 32804 1 479
-3367039 144 1 11261
-3368056 33554432 2 167 2521
-3369035 1026 1 18211
-3369572 0 1 842393
-3371480 33554438 1 12041
-3373019 400 1 389
-3373688 33554432 1 421711
-3374660 514 1 5443
-3376207 0 2 1373 2459
-3376996 4 1 120607
-3377768 69206016 1 5087
-3381560 33554454 1 929
-3382543 1056768 1 911
-3382808 33554456 1 2957
-3383732 16392 1 1451
-3383987 0 2 1553 2179
-3384535 32782 1 149
-3386852 8392964 0
-3387415 66 2 181 197
-3389348 1024 1 22901
-3391567 8192 1 72161
-3392095 38 1 5701
-3392623 272 1 8999
-3393560 33558530 1 1973
-3394211 32768 1 57529
-3395359 131112 1 271
-3399491 512 1 109661
-3399752 67112960 1 9883
-3402260 131074 1 2539
-3403928 33562632 1 823
-3406340 262 1 839
-3408212 0 2 109 7817
-3409256 67142144 1 233
-3413263 4 2 283 1723
-3414692 256 1 29437
-3419455 530 1 1697
-3423908 0 2 109 7853
-3425828 260 1 4219
-3426415 2 2 109 6287
-3426728 83886080 1 4241
-3430148 0 2 383 2239
-3435995 2 2 521 1319
-3439688 67108868 2 239 257
-3440959 0 2 251 13709
-3443528 67108872 2 109 359
-3444419 8 1 313129
-3444920 33816578 1 1213
-3445979 0 2 251 13729
-3446579 4096 1 80153
-3446863 4 1 492409
-3447608 33556608 1 457
-3450847 2080 1 4951
-3451844 72 1 4129
-3452771 4100 1 11471
-3452891 16 1 265607
-3452936 67108864 1 431617
-3453560 33562634 1 167
-3456655 770 1 769
-3457715 98 1 2141
-3459572 0 2 167 5179
-3459727 0 2 1399 2473
-3460532 0 2 109 7937
-3461531 0 2 1093 3167
-3462967 16384 2 223 293
-3464120 33554442 1 7873
-3466135 2 2 281 2467
-3467095 258 1 23911
-3474895 2 1 694979
-3476164 16448 1 863
-3476819 0 2 571 6089
-3480616 67125248 1 8209
-3484388 32 1 51241
-3485383 8 1 316853
-3485795 4610 1 523
-3486536 67108864 1 435817
-3486968 33556480 1 10631
-3487508 0 2 181 4817
-3487783 16 1 268291
-3489080 33554470 1 733
-3489367 260 1 17189
-3491288 33554496 2 103 223
-3492644 256 1 30109
-3494072 34079232 1 193
-3494744 33554440 2 151 263
-3495416 33554432 2 601 727
-3496783 0 2 131 26693
-3504788 1060 1 199
-3506888 67108876 1 5693
-3508216 33554432 1 438527
-3508504 33554432 2 181 2423
-3509672 67372032 1 167
-3512815 66 2 103 359
-3514088 67174464 1 379
-3515012 2048 1 21433
-3515240 67108866 1 87881
-3516440 33554434 1 87911
-3518120 67108866 2 281 313
-3518708 0 2 137 6421
-3520484 4195080 0
-3521524 2097152 1 10607
-3522923 64 2 157 1181
-3523379 64 1 185441
-3524195 2 1 704839
-3526955 1048578 1 8929
-3529624 33554436 1 63029
-3530056 67108864 1 441257
-3531059 4 2 353 1429
-3531316 0 2 439 2011
-3533455 2 2 751 941
-3533695 8202 1 1367
-3533768 67108868 1 63103
-3534295 524418 1 421
-3534692 2052 1 3079
-3536695 258 1 24391
-3536708 4 1 126311
-3539224 33554448 1 34031
-3540488 67108900 1 3719
-3540980 8194 1 3767
-3541928 67108880 1 34057
-3542792 67108872 2 127 317
-3542891 49160 1 103
-3543380 130 1 7703
-3543535 4194306 1 7963
-3545455 2 2 149 4759
-3548116 24 1 6203
-3548888 33554436 2 127 499
-3553739 1028 1 13721
-3554383 4 2 293 1733
-3556504 33556484 1 1549
-3561736 67108864 2 139 3203
-3564308 32776 1 1373
-3567487 12 2 107 433
-3568979 192 1 8167
-3570731 10272 1 109
-3571663 16777216 1 35363
-3572228 72 1 4273
-3574760 67108902 1 751
-3577015 18 2 113 487
-3579103 8 2 331 983
-3579908 0 2 151 5927
-3580232 67108864 2 311 1439
-3583139 8196 1 10891
-3583160 33685510 1 191
-3583691 2097152 1 43177
-3592015 38 1 6037
-3592292 72 1 4297
-3592520 67109186 1 163
-3593432 33562688 1 503
-3594980 2 1 179749
-3595015 4226 1 727
-3596695 2 2 431 1669
-3599476 8388608 1 9277
-3601028 8388608 1 9281
-3603140 2 2 257 701
-3604084 16777224 1 811
-3606980 18 1 13873
-3608180 258 1 6221
-3608792 33554568 1 1783
-3609844 4 1 128923
-3611047 8 1 328277
-3613403 262144 1 50893
-3613412 2056 1 2003
-3613448 67108864 1 451681
-3613748 256 1 31153
-3614408 68161604 0
-3614435 10 1 65717
-3616619 256 2 311 401
-3618836 16 1 69593
-3620840 67108866 2 131 691
-3624008 67108864 2 139 3259
-3624055 514 2 103 227
-3625220 2050 1 4421
-3625615 262150 1 1459
-3626120 67108866 2 269 337
-3626660 2 2 149 1217
-3628135 134 1 4507
-3629944 33554432 2 193 2351
-3629959 1312 1 199
-3630020 2 1 181501
-3631691 4 1 518813
-3633304 33554432 2 313 1451
-3633812 131092 1 149
-3640052 16 1 70001
-3641315 34 1 42839
-3644003 8 2 257 1289
-3644051 8320 1 3371
-3647695 2 2 131 5569
-3647819 4100 1 12119
-3648196 0 1 912049
-3651947 12304 1 139
-3654136 33554432 1 456767
-3661028 16388 1 2467
-3661096 67633152 1 6269
-3662195 2 1 732439
-3664996 32 1 53897
-3665315 2 2 491 1493
-3668708 0 2 607 1511
-3671524 32 1 53993
-3673859 196 1 1201
-3675607 208 1 647
-3676255 10 1 66841
-3676504 33571216 0
-3678971 67584 1 1471
-3679207 24580 1 211
-3679571 4 2 127 4139
-3679748 0 1 919937
-3680744 67125248 1 8681
-3682855 266 1 2309
-3682868 4 2 103 1277
-3690008 33554436 2 131 503
-3690244 0 1 922561
-3690632 67108904 1 2467
-3692408 33554432 2 401 1151
-3695956 72 1 4421
-3696127 8256 1 4139
-3696895 2 1 739379
-3697924 0 2 751 1231
-3699611 0 2 163 22697
-3700820 66 1 9739
-3701192 67108872 2 137 307
-3701768 67108868 1 66103
-3702692 4 2 223 593
-3703268 0 2 521 1777
-3703880 67109634 1 103
-3707224 33554464 1 27259
-3707407 17047560 0
-3708964 516 1 4273
-3709979 32788 1 691
-3710863 16 1 285451
-3712676 72 1 4441
-3715495 2097158 1 1279
-3715639 32 2 127 1721
-3716404 6688 0
-3716536 33554432 2 137 3391
-3718084 0 2 677 1373
-3718472 67108864 1 464809
-3719240 67109894 1 359
-3721396 260 1 4583
-3721412 0 2 757 1229
-3722132 0 2 109 8537
-3724868 4 2 151 881
-3726440 67141634 1 1579
-3728291 4 2 103 5171
-3730820 34 1 10973
-3733640 67109378 1 3011
-3734555 10 1 67901
-3734815 38 1 6277
-3735799 64 2 353 557
-3735895 2 2 281 2659
-3735971 32 1 219763
-3737780 2 1 186889
-3738535 33218 0
-3741380 2 1 187069
-3748687 32 1 220511
-3750847 4160 1 4591
-3751667 0 2 1129 3323
-3753428 1028 1 3623
-3761012 264288 0
-3761224 67108864 1 470153
-3762020 2 2 137 1373
-3765851 1572864 1 653
-3766931 4 2 109 4937
-3767192 37749784 0
-3768820 1034 1 463
-3769684 4194304 1 10589
-3770584 41947136 1 113
-3771272 67113024 1 577
-3776708 32784 1 1231
-3777784 33554944 1 15233
-3780035 38 1 6353
-3781495 2 2 139 5441
-3782291 2048 1 92251
-3783995 2 1 756799
-3784088 33554444 1 6143
-3784628 10240 1 491
-3790532 2304 1 797
-3794164 16392 1 1627
-3794660 2 1 189733
-3795299 640 1 5323
-3795851 128 1 165037
-3798295 2 1 759659
-3799499 4194312 1 3881
-3799859 4 1 542837
-3800243 0 2 137 27739
-3801083 88 1 1399
-3806596 0 1 951649
-3806887 4 1 543841
-3807895 22 1 8369
-3813827 16384 2 227 317
-3815195 2 1 763039
-3815540 262146 1 2687
-3816371 16656 1 191
-3819395 2 1 763879
-3823144 67108880 1 36761
-3827171 524288 2 103 509
-3827960 35651586 1 1153
-3828511 128 1 166457
-3831064 33562752 1 443
-3835156 16 2 131 563
-3835652 0 2 727 1319
-3837848 33554500 1 3607
-3838520 33554438 1 13709
-3839252 384 1 1439
-3839380 2 1 191969
-3839815 518 1 3539
-3842555 2 2 409 1879
-3845060 4130 1 263
-3845935 2 2 353 2179
-3846703 4 2 127 4327
-3847880 69271618 0
-3849140 34 1 11321
-3851647 0 2 661 5827
-3852308 8704 1 661
-3853156 0 2 269 3581
-3853636 256 2 139 239
-3853796 512 1 31079
-3854456 33554432 1 481807
-3854648 33554468 1 4049
-3855007 144 1 12893
-3855860 524354 1 139
-3856712 67141632 1 8171
-3857588 4 1 137771
-3858247 256 2 233 571
-3858539 576 1 6551
-3859135 6 1 110261
-3860411 4128 1 5281
-3860819 96 1 11953
-3863048 83886084 1 683
-3863284 32 1 56813
-3864260 16777218 1 1913
-3864991 16 2 127 2341
-3865508 0 1 966377
-3868955 514 2 109 229
-3869047 67636 0
-3869671 16 2 197 1511
-3870967 8192 1 82361
-3873127 32 2 137 1663
-3875935 527366 0
-3877783 4116 1 991
-3879439 524352 1 2797
-3880423 0 2 223 17401
-3880456 67109376 1 15647
-3882059 8192 2 151 547
-3882724 524288 1 13297
-3883403 1048576 1 49157
-3883480 33554466 1 5711
-3885380 2 1 194269
-3885512 67108864 1 485689
-3885799 163840 1 983
-3887224 33554440 2 163 271
-3888308 32 2 211 271
-3891755 6 2 251 443
-3892388 32 1 57241
-3894964 16777728 1 311
-3895352 37748736 1 5471
-3896291 4 1 556613
-3897895 2 1 779579
-3899195 258 1 26891
-3899240 67112962 1 2267
-3900440 33554434 1 97511
-3903940 2 1 195197
-3905672 67108864 1 488209
-3908143 0 2 421 9283
-3908603 0 2 107 36529
-3913063 4194316 1 571
-3913352 67141632 1 8291
-3916052 100 1 433
-3917291 388 1 839
-3919928 33557600 0
-3920771 256 2 353 383
-3921416 67108864 2 103 4759
-3923480 33555466 1 241
-3925940 524290 1 2689
-3926072 50335744 1 113
-3926312 67108944 1 1987
-3928595 10 1 71429
-3928615 34 1 46219
-3931444 8 2 199 449
-3931928 33554460 1 491
-3932335 278602 0
-3932536 50332160 1 157
-3933727 4 1 561961
-3934024 67109632 1 547
-3934772 0 2 311 3163
-3939299 524308 1 593
-3939512 35651616 1 349
-3939607 32772 1 9539
-3942179 1048576 2 139 359
-3944527 32 2 331 701
-3946696 67108880 2 137 277
-3948131 4136 1 491
-3950056 67108872 1 44887
-3950072 33554436 1 70537
-3951851 0 2 389 10159
-3953048 33554696 1 1549
-3953915 6 2 173 653
-3955028 12 1 12841
-3956356 0 2 113 8753
-3957035 194 1 1811
-3958495 2 1 791699
-3959411 2048 2 269 359
-3959555 1058 1 1259
-3962195 2 2 139 5701
-3967859 4 2 131 4327
-3969188 0 2 421 2357
-3969295 10 1 72169
-3974420 66 1 10459
-3974536 67108864 1 496817
-3974584 33554560 1 21601
-3975823 4096 1 92461
-3980536 33554436 1 71081
-3980888 33554688 1 17159
-3980936 67127296 1 229
-3985955 2 2 821 971
-3986180 10 1 18119
-3986612 4 2 173 823
-3987203 8 1 362473
-3987491 0 2 587 6793
-3989492 48 1 4513
-3989623 8 1 362693
-3989780 2 1 199489
-3989795 2 2 409 1951
-3991715 534 1 283
-3992888 33554496 2 109 241
-3993731 73732 1 199
-3995912 67108864 2 307 1627
-3996196 0 1 999049
-3998516 1024 1 27017
-3999620 514 1 6451
-4000735 194 1 1831
-4002131 516 1 18443
-4003183 131072 2 149 401
-4003211 32 1 235483
-4003619 262688 1 107
-4004767 16 2 179 1721
-4005320 67108874 1 9103
-4005727 552 1 691
-4006568 67113024 1 613
-4007528 67108868 1 71563
-4007887 272 1 10631
-4007944 67178496 1 191
-4008424 67109380 1 2309
-4009172 1024 2 103 263
-4010404 16384 1 18917
-4010888 67239940 1 1069
-4014740 8194 1 4271
-4017607 8264 1 409
-4017848 33554976 1 953
-4019771 4 2 151 3803
-4020632 33619980 1 107
-4023304 67109376 1 16223
-4024328 67117068 1 139
-4026632 67141696 1 449
-4026680 34078726 1 197
-4030955 8226 1 1009
-4033063 32800 1 4021
-4033135 2 2 241 3347
-4033567 64 1 212293
-4034024 67108864 2 293 1721
-4035848 67108864 2 131 3851
-4038184 67109440 1 857
-4040407 100 1 1787
-4042052 4 2 241 599
-4045748 1081860 0
-4047380 66 1 10651
-4048996 2052 1 3527
-4049171 4 1 578453
-4050004 4 2 109 1327
-4051735 258 1 27943
-4054820 14 1 2633
-4058164 8 2 149 619
-4059179 64 1 213641
-4059727 4 1 579961
-4060628 536 1 229
-4060859 8 1 369169
-4061219 0 2 647 6277
-4061960 71303174 1 163
-4063379 0 2 149 27271
-4063739 64 1 213881
-4064219 0 2 233 17443
-4065539 256 1 140191
-4070887 0 2 239 17033
-4072327 131140 1 457
-4072516 1028 1 3931
-4072520 67125282 1 113
-4073540 34 1 11981
-4075460 2 1 203773
-4076095 258 1 28111
-4076552 67108864 1 509569
-4077007 8388616 1 3821
-4078292 4096 2 131 181
-4079699 2097232 1 199
-4081687 0 2 227 17981
-4084744 71303168 1 5737
-4084883 8 1 371353
-4086904 33554432 2 487 1049
-4087091 0 2 307 13313
-4090807 262148 1 8231
-4093160 67108866 1 102329
-4094072 33554432 2 593 863
-4094168 33554448 1 39367
-4095847 4 2 293 1997
-4095848 67371008 1 7211
-4099063 256 2 107 1321
-4099444 81920 1 317
-4099543 132 1 25463
-4101188 84 1 593
-4101515 10 1 74573
-4103240 67108930 1 5399
-4103348 196608 1 251
-4105412 2048 1 25033
-4107059 4168 1 457
-4109243 524288 2 181 311
-4112356 0 1 1028089
-4114043 0 2 107 38449
-4115716 4194312 1 1051
-4118887 0 2 1801 2287
-4121348 12 1 13381
-4122199 0 2 881 4679
-4123444 16 2 179 443
-4127143 128 1 179441
-4127224 33556480 1 12583
-4127588 512 1 33287
-4128895 2 1 825779
-4132447 8 2 107 3511
-4134596 0 2 241 4289
-4135652 4194304 1 11617
-4137487 0 2 563 7349
-4141508 4 2 211 701
-4143752 67125504 1 337
-4145695 258 1 28591
-4148195 2 1 829639
-4152244 0 2 263 3947
-4152488 67108960 1 1607
-4154651 640 1 5827
-4154884 0 1 1038721
-4158539 16396 1 1019
-4159508 1048576 1 13163
-4161092 16 1 80021
-4165448 67108868 1 74383
-4167364 0 1 1041841
-4167823 8 1 378893
-4168619 84 1 2411
-4169915 2 2 647 1289
-4170452 152 1 317
-4170676 16384 2 103 191
-4170980 10 1 18959
-4172776 67108864 2 223 2339
-4174340 1026 1 5641
-4174456 37750808 0
-4176196 512 1 33679
-4177096 67108876 1 6781
-4177876 0 2 229 4561
-4179992 33562624 1 11117
-4180420 2 1 209021
-4181476 8388624 1 829
-4184072 67112960 1 12163
-4184455 10 1 76081
-4185844 16777232 1 797
-4194487 32904 1 281
-4197428 1049600 1 359
-4197556 72 1 5021
-4202360 33554946 1 3389
-4203155 10 1 76421
-4205828 65544 1 1567
-4206515 2 2 787 1069
-4209967 4194304 1 47303
-4210087 266244 1 197
-4210327 520 1 12347
-4211263 4 2 421 1429
-4211380 16642 1 137
-4214648 33554432 1 526831
-4215223 0 2 1039 4057
-4215380 530 1 523
-4216232 67108864 2 353 1493
-4217411 104 1 1187
-4218779 64 1 222041
-4219060 34 1 12409
-4231495 2 2 239 3541
-4232579 272 2 103 109
-4234808 33556480 1 12911
-4235060 2 2 107 1979
-4238836 8196 1 3221
-4240955 514 1 27361
-4243327 1048648 1 257
-4243460 82 1 859
-4249636 0 1 1062409
-4250335 20482 1 373
-4253435 66 1 44773
-4255924 320 1 1931
-4256651 8388612 1 6269
-4260020 514 1 6871
-4260676 36 1 8951
-4260740 10 2 107 181
-4260971 2097176 1 359
-4262884 256 1 36749
-4266916 0 1 1066729
-4269572 0 2 541 1973
-4273687 8 2 107 3631
-4273931 524288 2 127 461
-4274387 16 2 277 1187
-4275011 16 1 328847
-4275844 0 2 653 1637
-4276811 131084 1 829
-4278932 4 1 152819
-4282135 16410 1 113
-4282139 65536 1 70199
-4282628 4100 1 3557
-4283348 524288 1 14669
-4283704 33555072 1 751
-4285139 32 2 443 569
-4287179 112 1 1021
-4288595 2 2 241 3559
-4289416 67108864 2 107 5011
-4293332 1024 1 29009
-4295492 32 2 181 349
-4301176 33555464 1 1321
-4301252 8192 2 137 167
-4301944 33554432 1 537743
-4303783 136 1 17011
-4306183 4 2 503 1223
-4307095 135314 0
-4307459 16 2 127 2609
-4309063 8 1 391733
-4311055 1030 1 3329
-4312979 1032 1 10597
-4314308 0 2 191 5647
-4314611 33284 1 337
-4314632 67108868 1 77047
-4315927 140 1 2437
-4316644 2048 1 26321
-4318148 0 2 313 3449
-4327940 2 1 216397
-4328360 67108866 2 241 449
-4328863 44 1 3307
-4333748 64 2 127 449
-4334356 2128 1 107
-4334372 4 1 154799
-4335032 34078736 1 571
-4335064 33554432 2 103 5261
-4335608 33554432 1 541951
-4337956 4 1 154927
-4341428 20 1 11927
-4343176 67117056 1 11551
-4346287 2184 1 419
-4346795 24578 1 349
-4347368 67108992 1 23627
-4348804 544 1 2063
-4351211 0 2 1523 2857
-4354211 16777280 1 2269
-4357892 12 1 14149
-4358263 8212 1 1019
-4358792 75499520 1 137
-4359251 784 1 373
-4359976 67109120 1 18793
-4360264 67108864 1 545033
-4361108 64 1 57383
-4361768 67108864 2 709 769
-4365080 33833218 0
-4366063 16 2 263 1277
-4367407 8 1 397037
-4367540 2 2 131 1667
-4367944 67108868 1 77999
-4368755 16779266 1 211
-4369816 33554600 1 127
-4372580 2 1 218629
-4373588 128 2 137 347
-4374371 65536 1 71711
-4379956 68 1 8233
-4383608 33554432 1 547951
-4387235 2 2 827 1061
-4387748 0 2 223 4919
-4388503 4 1 626929
-4391047 0 2 643 6829
-4392244 73728 1 383
-4393955 4098 2 107 191
-4394840 33554594 1 281
-4396063 4 2 151 4159
-4397540 16777222 1 311
-4400468 0 2 239 4603
-4400792 33558536 1 1163
-4402568 67371136 1 337
-4405988 1572864 1 191
-4406047 262144 1 62057
-4407064 33587200 1 9337
-4407992 37750784 1 151
-4408696 33555200 1 613
-4408712 67108908 1 421
-4410491 1048576 1 55829
-4410724 0 1 1102681
-4410872 50348032 1 103
-4412168 67109376 1 17791
-4412819 512 2 283 503
-4414628 32 1 64921
-4416184 33554560 1 24001
-4419655 1179650 1 167
-4420036 0 1 1105009
-4420052 20 1 12143
-4421768 67176496 0
-4425512 67108884 1 6079
-4425572 262144 1 15583
-4429160 67108866 1 110729
-4431812 12 1 14389
-4433240 33816582 1 223
-4433767 16 1 341059
-4435576 33554432 1 554447
-4437896 71303296 1 271
-4441208 33554560 1 24137
-4441988 256 2 149 257
-4442383 8 2 223 1811
-4445315 6 2 107 1187
-4448840 67108874 1 10111
-4449560 33554434 2 173 643
-4450115 2 2 103 8641
-4450292 12 1 14449
-4450712 37756996 0
-4451579 8 2 499 811
-4451620 34 1 13093
-4452995 514 1 28729
-4453211 260 1 21937
-4455604 16384 1 21017
-4457764 2097408 1 463
-4464676 32 1 65657
-4473395 258 1 30851
-4476083 32 2 251 1049
-4476968 67108864 2 653 857
-4477783 32 1 263399
-4478824 67108868 1 79979
-4481288 67112964 1 1861
-4483352 33558528 1 13033
-4485320 69206022 1 193
-4490420 10 1 20411
-4492040 67174406 1 263
-4494055 4194306 1 10099
-4494707 2052 1 15661
-4494788 0 2 223 5039
-4495220 4098 1 5227
-4495940 2 1 224797
-4496132 128 1 48871
-4496740 258 1 7753
-4497368 33570816 1 10607
-4498807 2048 2 179 613
-4499195 2 2 131 6869
-4501780 2 1 225089
-4501940 34 1 13241
-4502408 67141632 1 9539
-4507652 32 2 151 439
-4508660 18 1 17341
-4509128 67108880 2 191 227
-4511944 71303168 1 6337
-4512392 67108864 1 564049
-4512692 128 2 181 271
-4514435 34 2 173 307
-4514708 8 1 102607
-4516979 512 1 145709
-4517528 50331648 1 5591
-4519739 100 1 1999
-4520132 4194304 1 12697
-4521256 67108864 2 149 3793
-4522567 131076 1 9643
-4522756 4 1 161527
-4522955 4098 2 109 193
-4523192 33554432 2 137 4127
-4525460 2 2 353 641
-4526527 512 2 151 967
-4527055 18 2 257 271
-4528259 0 2 149 30391
-4532168 67108864 1 566521
-4534360 33554434 1 113359
-4535252 256 1 39097
-4535588 0 1 1133897
-4536008 67108896 1 33353
-4536728 33554436 1 81013
-4536755 1026 2 137 179
-4540235 524294 1 1777
-4541651 0 2 331 13721
-4542103 2048 2 139 797
-4544360 67108866 2 103 1103
-4545055 2050 1 22171
-4545704 67387392 1 151
-4547288 33554432 2 521 1091
-4551395 2 1 910279
-4552580 2 1 227629
-4554851 196 1 1489
-4555076 266240 1 373
-4555447 16 2 139 2521
-4559828 20 1 12527
-4561615 66 1 48017
-4562699 0 2 881 5179
-4565240 33619970 1 1871
-4565719 2112 1 5861
-4565828 0 2 479 2383
-4567019 0 2 317 14407
-4567087 196 1 1493
-4571236 0 1 1142809
-4571315 6 2 211 619
-4574116 0 1 1143529
-4574459 262208 1 3391
-4575188 0 2 233 4909
-4576787 0 2 1049 4363
-4579819 65536 1 75079
-4580468 0 2 887 1291
-4582115 16386 1 17291
-4582787 8 2 137 3041
-4583348 140 1 647
-4586104 33554432 1 573263
-4586195 2 1 917239
-4590248 83886288 0
-4592023 32 2 313 863
-4592699 9280 1 139
-4594148 48 1 5197
-4595483 0 2 307 14969
-4596823 12 1 59699
-4598164 0 2 997 1153
-4603748 512 2 137 271
-4607780 2 1 230389
-4607944 67108872 1 52363
-4610132 0 2 991 1163
-4610884 256 1 39749
-4611608 33554432 2 257 2243
-4615172 0 2 157 7349
-4615879 2097216 1 2927
-4617635 32778 1 1423
-4622723 4 2 139 4751
-4623827 16 1 355679
-4626068 512 1 37307
-4626916 4 1 165247
-4628983 8192 2 149 661
-4630324 32 2 149 457
-4631956 1060 1 263
-4634747 16 2 541 659
-4635659 4 2 607 1091
-4639691 36 2 127 307
-4640771 8388608 1 47843
-4641779 0 2 1747 2657
-4642235 18 1 71419
-4642520 33554434 2 277 419
-4643527 4100 1 15427
-4644248 33554436 2 239 347
-4644607 262216 1 313
-4644731 4116 1 1187
-4648015 262146 1 13093
-4653347 16448 1 4621
-4656248 33554432 1 582031
-4656371 0 2 109 42719
-4659256 33554756 1 151
-4660952 33554432 2 257 2267
-4661407 0 2 1181 3947
-4661815 1026 2 113 223
-4664056 33554432 1 583007
-4666955 2 2 491 1901
-4667432 67108876 1 7577
-4667464 67108928 1 30707
-4668395 66 2 157 313
-4668443 16 1 359111
-4669115 138 1 3691
-4671332 0 1 1167833
-4672115 6 2 131 1019
-4672495 2 1 934499
-4673960 67108866 1 116849
-4674964 4 2 103 1621
-4678088 67108864 2 281 2081
-4680107 262400 1 2273
-4681447 0 2 229 20443
-4682404 0 2 733 1597
-4685048 33554432 2 271 2161
-4685603 34832 1 149
-4686103 64 1 246637
-4687688 67112960 1 13627
-4687691 16384 2 241 367
-4688579 8196 1 14251
-4691051 0 2 617 7603
-4692424 67108872 1 53323
-4694047 128 2 127 1607
-4697219 2097184 1 3329
-4698035 98 1 2909
-4698683 1048584 1 5407
-4701220 1026 1 6353
-4702115 8234 1 107
-4702235 642 1 1319
-4703699 1052 1 127
-4703716 32832 1 1049
-4704004 0 2 109 10789
-4705640 67117058 1 2503
-4708379 16 2 373 971
-4710367 2048 2 131 877
-4711355 10 1 85661
-4713155 2099202 1 277
-4714451 68 1 35447
-4719332 16384 2 113 197
-4719347 640 1 6619
-4723204 262144 1 16631
-4723352 33619968 1 9679
-4723832 33554560 1 25673
-4724072 67108864 2 271 2179
-4726216 67112968 1 1249
-4728515 10 2 149 577
-4731608 33554500 1 4447
-4731848 67108904 1 3163
-4732820 2 1 236641
-4735172 2064 1 2221
-4736120 33554434 2 167 709
-4737140 18434 1 109
-4738619 64 2 461 541
-4739315 6 1 135409
-4739896 33570820 1 1597
-4741523 131072 1 70769
-4743659 52224 0
-4744663 4108 1 1433
-4745528 33554432 2 281 2111
-4745716 0 2 919 1291
-4746680 33570818 1 2239
-4754699 0 2 1373 3463
-4755080 83886090 1 107
-4755512 34078752 1 479
-4756331 128 2 227 911
-4756787 262180 1 563
-4760651 32772 1 11527
-4763176 67108872 2 113 479
-4763411 4096 1 110777
-4766099 16 2 523 701
-4766840 37748754 1 103
-4767784 67108932 1 4481
-4768808 67117064 1 1153
-4768868 16 2 293 313
-4770007 328 1 787
-4770856 67108864 2 167 3571
-4770968 34603008 1 7549
-4773092 0 2 223 5351
-4773668 32 1 70201
-4776004 0 2 743 1607
-4776655 4114 1 1709
-4777859 4224 1 4831
-4778132 0 2 149 8017
-4778312 67108876 1 7757
-4780907 0 2 1619 2953
-4781524 8 2 271 401
-4782580 10 1 21739
-4782916 1056 1 1901
-4784180 4098 1 5563
-4784584 67108868 1 85439
-4786328 33554496 1 31489
-4786615 2 2 443 2161
-4787795 1049250 0
-4788484 0 1 1197121
-4790527 68 2 181 199
-4791943 48 1 21683
-4792744 67108872 2 107 509
-4793764 524288 1 16417
-4794659 0 2 1061 4519
-4794692 4 2 109 1571
-4794980 2 2 197 1217
-4795115 18 1 73771
-4795927 139264 1 1523
-4796627 136 1 18959
-4797515 2 2 859 1117
-4799044 16384 1 22637
-4799476 72 1 5741
-4804835 6 2 107 1283
-4806515 6 2 191 719
-4808863 128 2 419 499
-4812248 33554436 1 85933
-4812995 10 1 87509
-4814059 65536 1 78919
-4816084 16777236 1 131
-4816088 33554688 1 20759
-4818827 16 1 370679
-4833823 65536 2 109 727
-4834232 33566864 0
-4836755 46 1 739
-4842184 67108864 2 577 1049
-4844411 88 1 1783
-4844939 4104 1 10243
-4846420 2 2 443 547
-4847771 32 2 191 1493
-4848440 33570818 1 2287
-4849864 67108928 1 31907
-4850404 1040 1 2521
-4852927 2129920 1 991
-4855336 67108960 1 1879
-4858148 8388672 1 659
-4858340 2 2 421 577
-4859647 144 1 16253
-4861028 1048576 1 15383
-4861156 0 2 937 1297
-4861208 33555464 1 1493
-4862164 512 2 113 347
-4862372 256 2 167 251
-4863155 266 1 3049
-4865795 10 1 88469
-4866395 2 1 973279
-4868104 67108928 1 32027
-4868723 256 1 167887
-4868840 67108866 1 121721
-4875064 37750784 1 167
-4879211 8192 1 103813
-4880435 2118 1 179
-4881635 170 1 227
-4883288 33554432 2 673 907
-4884392 67174400 1 10009
-4894427 2097152 2 109 541
-4898596 0 2 271 4519
-4900955 194 1 2243
-4901012 32832 1 1093
-4901912 33562624 1 13037
-4901915 2 2 179 5477
-4905736 67108872 2 107 521
-4908683 144 1 16417
-4909352 67109124 1 3023
-4909448 67108928 1 32299
-4911032 33554436 1 87697
-4915144 67108880 2 167 283
-4916171 16 1 378167
-4917304 33554436 2 277 317
-4918207 68 1 36979
-4919176 67108928 1 32363
-4920004 32 1 72353
-4921928 67108872 1 55931
-4925476 256 1 42461
-4926308 0 1 1231577
-4926491 320 1 8941
-4927667 2560 1 3877
-4930667 260 2 107 227
-4933832 67108864 1 616729
-4935188 8192 1 26251
-4937432 33559040 1 463
-4938851 4096 2 331 347
-4939307 131072 1 73721
-4939928 33554468 1 5189
-4940411 260 1 24337
-4941092 16 1 95021
-4941727 4 2 137 5153
-4942628 0 2 149 8293
-4944872 67109376 2 127 157
-4945636 65536 1 20269
-4946315 10 2 139 647
-4947079 139264 1 1571
-4947464 69206016 1 7451
-4947844 8 2 139 809
-4948472 33554432 1 618559
-4948619 16 2 191 1993
-4948984 33816576 1 8713
-4949960 67239938 1 1847
-4951924 256 1 42689
-4952407 65600 1 4273
-4952612 524292 1 2423
-4953736 67108864 2 251 2467
-4954595 2 2 109 9091
-4956964 1024 1 33493
-4959992 33554432 1 619999
-4960804 32 1 72953
-4962371 0 2 191 25981
-4963447 4096 1 115429
-4963624 67111936 1 409
-4963780 2 1 248189
-4965703 1048576 2 239 263
-4967507 0 2 599 8293
-4968155 2 2 229 4339
-4969636 4 1 177487
-4970584 33554432 2 191 3253
-4970695 514 1 32069
-4972580 2 2 109 2281
-4975204 16 2 241 397
-4975412 16 2 163 587
-4977668 262176 1 1031
-4978420 32770 1 4219
-4980367 33284 1 389
-4983304 67110912 1 15193
-4983419 263172 1 271
-4983608 33554436 1 88993
-4985704 67108864 2 137 4549
-4986872 33619976 1 929
-4987307 48 1 22567
-4988372 0 2 179 6967
-4990216 67108876 1 8101
-4990447 12 1 64811
-4990532 65536 2 113 181
-4990628 512 2 167 241
-4996984 33554432 2 223 2801
-4999892 0 2 353 3541
-5001256 67108944 1 2531
-5001316 0 2 167 7487
-5003012 4 2 197 907
-5003651 0 2 137 36523
-5004692 12 1 16249
-5006120 67108934 1 941
-5006695 4194306 1 11251
-5007332 8 2 317 359
-5007443 4 2 149 4801
-5012660 2050 1 6113
-5013320 67109394 1 311
-5016196 0 1 1254049
-5016259 0 2 947 5297
-5020456 67109892 1 2423
-5020712 67240288 0
-5021291 4194440 1 223
-5026868 76 1 859
-5027656 67633152 1 8609
-5028436 8196 1 3821
-5030503 524288 2 137 503
-5031140 2 2 107 2351
-5031844 0 1 1257961
-5033252 68 1 9461
-5034676 0 2 157 8017
-5037395 131082 1 1367
-5039167 4 2 139 5179
-5039252 1049600 1 431
-5039464 67108864 2 661 953
-5041720 33554434 2 241 523
-5041940 258 1 8693
-5042116 0 2 673 1873
-5042980 194 1 577
-5043992 34603136 1 347
-5047508 16640 1 821
-5049011 8 2 521 881
-5049895 2 2 421 2399
-5050360 33554470 1 1061
-5051012 0 1 1262753
-5051099 128 1 219613
-5051956 20 1 13879
-5054404 0 2 461 2741
-5054836 64 2 227 293
-5055512 33554700 1 283
-5058395 262146 1 14249
-5059067 16 2 107 3637
-5059352 33554432 2 269 2351
-5059652 16 1 97301
-5060627 4120 1 823
-5061823 16 2 401 971
-5067332 0 2 157 8069
-5068456 67108864 2 227 2791
-5068696 33554432 2 487 1301
-5069240 33556490 1 281
-5076731 8 1 461521
-5078852 96 1 3931
-5080360 67108866 2 107 1187
-5080984 33554432 2 757 839
-5081128 67108880 1 48857
-5081455 4194370 1 601
-5085032 67256320 1 179
-5085827 16384 1 95959
-5086024 67108864 2 353 1801
-5086712 33554432 2 191 3329
-5088371 16960 1 163
-5089204 0 2 311 4091
-5090296 33554432 1 636287
-5091779 4194316 1 743
-5092036 67584 1 509
-5092091 512 2 277 593
-5092340 1048586 1 293
-5093140 82 1 1031
-5093387 112 1 1213
-5094155 138 1 4027
-5094904 33554432 1 636863
-5095235 2 2 179 5693
-5100436 72 1 6101
-5100520 67109122 1 4397
-5100904 83918848 1 107
-5102888 67108868 2 293 311
-5103539 132 1 31699
-5104451 8 2 613 757
-5104756 0 2 107 11927
-5106179 16400 1 7411
-5106995 2 2 271 3769
-5110595 6 2 151 967
-5111672 33554432 1 638959
-5111767 8192 1 108761
-5112227 69632 1 1949
-5112616 67108864 2 641 997
-5114263 44 1 3907
-5119499 44 1 3911
-5120195 16777218 1 10139
-5122715 16402 1 1487
-5124007 4 2 359 2039
-5133155 2 2 941 1091
-5133755 522 1 3011
-5135960 33554434 1 128399
-5137892 0 1 1284473
-5138584 33554440 1 58393
-5140984 33554432 1 642623
-5141459 0 2 827 6217
-5143208 67109124 1 3167
-5146216 67141632 1 10903
-5148847 8 2 223 2099
-5149379 4608 1 3863
-5150411 266244 1 241
-5161336 33554464 1 37951
-5167028 0 2 281 4597
-5168008 67108992 1 28087
-5170211 512 1 166781
-5170660 74 1 1237
-5171867 0 2 277 18671
-5175155 2 2 131 7901
-5182756 32 2 199 383
-5190823 8 1 471893
-5191543 2052 1 18089
-5194820 2 2 211 1231
-5195492 65536 2 107 199
-5198987 524288 2 229 311
-5200996 16384 1 24533
-5201363 0 2 1759 2957
-5201540 2 2 283 919
-5206327 4 2 701 1061
-5207588 256 1 44893
-5208212 128 1 56611
-5208664 33554464 1 38299
-5209687 4 2 751 991
-5211016 67108928 1 34283
-5212456 67108864 2 491 1327
-5212868 147456 1 367
-5213524 64 2 181 379
-5214731 16777216 1 51631
-5217544 67108864 2 499 1307
-5220020 50 1 1181
-5220484 0 1 1305121
-5221423 512 1 168433
-5223064 33619980 1 139
-5223428 4 1 186551
-5225819 2048 2 197 647
-5226155 10 1 95021
-5231492 4 2 257 727
-5232371 0 2 1423 3677
-5232487 262160 1 5669
-5233327 520 2 103 149
-5233508 4 2 311 601
-5233864 67108864 1 654233
-5234552 33556480 1 15959
-5235880 67108882 1 10069
-5238212 260 1 6451
-5240056 33554432 2 271 2417
-5241640 67108866 1 131041
-5242811 4 1 748973
-5243867 832 1 307
-5244196 0 2 193 6793
-5250632 67108864 1 656329
-5251892 0 2 701 1873
-5252888 33587712 1 359
-5253784 33570816 1 12391
-5254235 65670 1 107
-5258099 140 1 2969
-5261560 33554434 2 199 661
-5262323 8 2 401 1193
-5263060 8202 1 509
-5265572 16 2 109 929
-5265640 67108866 1 131641
-5267287 4194304 1 59183
-5267819 0 2 353 14923
-5270699 4 2 431 1747
-5270915 2097170 1 977
-5276164 0 2 239 5519
-5276644 16778240 1 353
-5277188 8519940 0
-5277844 24 1 9227
-5280755 1048834 1 461
-5283491 128 1 229717
-5287451 16777232 1 4027
-5288132 0 1 1322033
-5288459 136 1 20903
-5290447 0 2 701 7547
-5290616 33554432 1 661327
-5293183 1028 2 107 191
-5293763 65536 1 86783
-5294068 65552 1 1669
-5294267 8 1 481297
-5295620 10 1 24071
-5299780 2 2 193 1373
-5300020 10 1 24091
-5301316 384 1 1987
-5302087 4 2 109 6949
-5302715 131082 1 1439
-5304472 34079232 1 293
-5305927 264 1 16633
-5306836 1152 1 1559
-5307995 46 1 811
-5309252 16 1 102101
-5309603 16 1 408431
-5310035 34 2 179 349
-5311060 258 1 9157
-5311859 4 1 758837
-5312036 512 1 42839
-5314744 33554464 1 39079
-5318888 67108992 2 137 211
-5319463 2176 1 5641
-5319535 18 1 81839
-5321288 67108868 2 167 569
-5324939 0 2 1873 2843
-5327195 514 1 34369
-5329144 33554432 1 666143
-5329303 2564 1 599
-5329444 0 1 1332361
-5329748 0 2 823 1619
-5331272 67108864 2 467 1427
-5331844 4 2 109 1747
-5332084 96 1 4127
-5333288 67108864 2 379 1759
-5333828 0 1 1333457
-5338420 2 1 266921
-5338543 4 2 239 3191
-5338760 67108998 1 829
-5339108 0 2 103 12959
-5340727 260 1 26309
-5343995 2 2 331 3229
-5344324 32 1 78593
-5346395 2 2 929 1151
-5346808 33554432 2 647 1033
-5352872 67174404 1 1567
-5352932 16 2 311 331
-5354339 0 2 397 13487
-5357176 33554472 1 3581
-5358923 0 2 2141 2503
-5362868 4 1 191531
-5363140 4194434 1 131
-5365667 16640 1 3491
-5366963 65540 1 12569
-5370916 256 1 46301
-5374067 512 1 173357
-5378527 140 1 3037
-5382376 67108864 2 173 3889
-5383115 131074 1 16069
-5383384 33554496 2 107 331
-5383780 2 1 269189
-5385251 0 2 1493 3607
-5385496 33554560 1 29269
-5387236 2048 2 107 307
-5389348 0 1 1347337
-5391395 2 2 461 2339
-5392543 528 1 13381
-5394103 131096 1 563
-5394436 1052672 1 397
-5395816 67174400 1 11057
-5398715 524294 1 2113
-5399195 393218 1 227
-5399492 1048580 1 2441
-5399912 67108868 2 211 457
-5400676 8320 1 1249
-5401096 67141632 1 11443
-5402420 2 1 270121
-5403880 67125250 1 2549
-5403967 8388608 1 55711
-5405560 33685506 1 2017
-5406020 2 2 137 1973
-5406244 0 2 503 2687
-5408708 4194304 1 15193
-5409188 0 2 761 1777
-5409395 66 1 56941
-5410451 131200 1 3511
-5410532 0 2 593 2281
-5411263 1048600 1 479
-5412251 16 2 457 911
-5414020 2 1 270701
-5416772 0 1 1354193
-5425172 0 2 233 5821
-5426104 33818624 1 233
-5428667 128 2 233 1013
-5430916 0 1 1357729
-5431492 4718664 0
-5431720 67108934 1 1021
-5432836 0 1 1358209
-5436443 8192 2 103 1123
-5437355 270 1 487
-5437448 67108864 1 679681
-5441476 16777216 1 13469
-5442107 8 1 494737
-5444555 65538 1 17851
-5445899 32 2 563 569
-5447099 260 1 26833
-5447143 16 2 353 1187
-5449876 0 2 883 1543
-5450723 4096 1 126761
-5451155 2050 1 26591
-5451316 1048592 1 1327
-5452216 33570828 1 167
-5454995 86 1 631
-5457107 0 2 107 51001
-5458360 33554594 1 349
-5458756 0 2 641 2129
-5459620 2 1 272981
-5462527 262404 1 379
-5463703 8196 1 16607
-5463967 4608 1 4099
-5464696 33554432 1 683087
-5465915 2070 1 293
-5466583 0 2 157 34819
-5467876 0 2 109 12541
-5471140 258 1 9433
-5471167 16 1 420859
-5472635 6 1 156361
-5473892 0 1 1368473
-5475971 64 1 288209
-5477972 0 2 107 12799
-5480123 8 2 131 3803
-5480915 10 2 227 439
-5481304 33554432 2 241 2843
-5489815 2 2 379 2897
-5490251 272 1 14563
-5493256 67108864 2 367 1871
-5494067 135168 1 1907
-5494595 514 1 35449
-5496548 576 1 2333
-5497060 2 1 274853
-5497172 0 2 139 9887
-5497384 67141696 1 613
-5498623 163856 1 107
-5499395 10 1 99989
-5499967 136 1 21739
-5500036 128 2 191 313
-5501236 131088 1 1579
-5501983 16384 1 103811
-5502035 526 1 461
-5502655 514 2 131 271
-5505428 16384 1 25969
-5506148 0 2 191 7207
-5507656 67108876 1 8941
-5508728 33554432 1 688591
-5513476 8192 1 29327
-5516980 6 2 157 251
-5519224 33554432 1 689903
-5522387 16 2 149 2851
-5523487 8736 1 223
-5524216 33554432 2 457 1511
-5526443 272 2 107 137
-5527595 2 1 1105519
-5527763 1024 1 149399
-5527924 32 1 81293
-5527955 66 1 58189
-5528531 256 1 190639
-5529092 0 2 149 9277
-5530024 67108864 2 389 1777
-5531764 516 1 6373
-5533636 96 1 4283
-5534263 68 1 41611
-5537363 16 2 193 2207
-5539508 16 2 307 347
-5539832 33554432 2 263 2633
-5542019 4 2 179 4423
-5543944 67108868 1 98999
-5545115 32770 1 18797
-5548232 67108864 1 693529
-5550851 263168 1 2113
-5551652 0 1 1387913
-5553364 2101248 1 389
-5557763 2097408 1 2309
-5558251 1024 1 150223
-5560328 67108864 2 347 2003
-5562308 528384 1 443
-5562856 71303184 1 601
-5566427 131072 2 251 331
-5566456 33554436 1 99401
-5566984 67108864 1 695873
-5571467 4104 1 11779
-5574136 33554432 2 641 1087
-5576468 256 1 48073
-5576644 8192 1 29663
-5579288 33554456 1 4877
-5580395 66 1 58741
-5582555 10 1 101501
-5583103 0 2 1429 3907
-5583368 67108868 2 179 557
-5585620 66 1 14699
-5586703 64 2 283 1039
-5587624 67108868 2 113 883
-5588408 33554436 1 99793
-5589736 67109024 1 1787
-5590756 32 1 82217
-5591048 67108864 2 127 5503
-5592184 33554480 1 3163
-5594051 0 2 677 8263
-5594267 132 1 34747
-5597743 32800 1 5581
-5598676 0 2 109 12841
-5599595 2097154 2 103 131
-5599892 0 2 617 2269
-5601607 520 1 16427
-5604676 524 1 587
-5605691 20 2 229 269
-5606779 128 2 317 769
-5607083 262144 2 151 523
-5607343 4 2 337 2377
-5607736 34603072 1 467
-5611115 2 2 733 1531
-5612260 2 1 280613
-5613035 130 1 48809
-5613076 4 1 200467
-5613140 18 1 21589
-5616484 0 2 887 1583
-5618644 0 2 137 10253
-5619556 512 1 45319
-5619751 128 2 163 1499
-5620015 2 2 401 2803
-5621315 134 1 6983
-5622008 33554436 1 100393
-5624047 131096 1 587
-5626283 656 1 607
-5629048 33554432 1 703631
-5632088 33556492 1 223
-5633656 33554692 1 3469
-5636440 33558786 1 113
-5639123 4 1 805589
-5639540 1026 1 7621
-5639720 67108866 2 277 509
-5640244 16777344 1 607
-5644499 132 1 35059
-5644615 66 1 59417
-5647355 6 2 317 509
-5647960 33554434 1 141199
-5651267 0 2 983 5749
-5651723 268 1 2531
-5653208 33554440 2 227 283
-5653832 67108864 1 706729
-5657176 33554436 1 101021
-5660404 262208 1 1049
-5661515 524290 1 15511
-5662808 33554432 2 397 1783
-5664548 0 1 1416137
-5666404 0 1 1416601
-5672219 16388 1 15289
-5673227 1048580 1 10259
-5676035 16386 1 21419
-5676392 67109888 2 127 151
-5676728 33554432 2 239 2969
-5678596 12 2 103 179
-5679128 33554708 1 269
-5679727 576 1 9643
-5680235 10 2 139 743
-5681720 33555466 1 349
-5682467 32772 1 13759
-5682676 8192 2 167 181
-5683240 67117058 1 3023
-5685032 67108864 2 199 3571
-5686211 16416 1 6311
-5686955 2 2 349 3259
-5686996 4 2 197 1031
-5691208 67108864 2 617 1153
-5691848 67142144 1 389
-5693167 128 1 247529
-5693464 33554500 1 5351
-5693972 32896 1 1049
-5696164 0 1 1424041
-5697076 16396 1 349
-5698187 8 1 518017
-5698532 4100 1 4733
-5700251 128 2 139 1783
-5710984 67108864 1 713873
-5711380 2 1 285569
-5712203 32772 1 13831
-5712487 131208 1 337
-5715364 0 2 197 7253
-5715940 2 2 107 2671
-5717032 67108896 2 127 331
-5717284 0 2 137 10433
-5718683 1024 2 127 1217
-5719787 67584 1 2287
-5720123 128 1 248701
-5721064 67112960 1 16631
-5721755 2130 1 113
-5723123 1092 1 1163
-5723560 67108962 1 443
-5729416 67371020 1 131
-5729768 67108872 1 65111
-5730692 8 2 139 937
-5731684 4 2 277 739
-5732287 4104 1 12119
-5741704 67112960 1 16691
-5741912 33816584 1 919
-5742484 72 1 6869
-5743240 67239938 1 2143
-5746883 0 2 1319 4357
-5749864 67387392 1 191
-5750776 33554432 1 718847
-5752772 0 2 601 2393
-5753716 256 2 193 257
-5754040 41943042 1 1483
-5754692 262272 1 881
-5754964 512 1 46411
-5755624 68157444 1 1301
-5760847 0 2 127 45361
-5761352 67108864 2 337 2137
-5761864 67108928 1 37907
-5765555 262146 2 109 149
-5766484 0 2 1103 1307
-5771599 524288 1 79063
-5772452 131108 1 181
-5772995 2 2 181 6379
-5774644 0 2 149 9689
-5774708 64 1 75983
-5774884 524288 1 19777
-5777528 33554432 2 337 2143
-5778872 41943048 1 677
-5781940 8194 1 6151
-5782036 16 2 251 443
-5782180 2 1 289109
-5783695 194 1 2647
-5786228 4 1 206651
-5787076 128 1 62903
-5787467 132 2 103 349
-5788564 0 2 523 2767
-5793943 0 3 107 173 313
-5794232 33554432 2 167 4337
-5796659 4194824 1 191
-5797663 32 2 257 1327
-5799812 0 1 1449953
-5800568 33554432 1 725071
-5801768 67108868 2 313 331
-5802967 32 2 353 967
-5804771 10485764 1 103
-5804792 33554436 1 103657
-5805272 33556488 1 1609
-5807263 16396 1 1423
-5808152 33554468 1 6101
-5815880 67108870 1 20771
-5817460 522 1 853
-5818379 262276 1 509
-5819108 0 2 919 1583
-5819464 67108868 1 103919
-5821547 256 2 197 1019
-5822824 67108868 1 103979
-5824180 2 1 291209
-5826731 8192 1 123973
-5830660 42 1 1559
-5831651 68 2 163 269
-5831771 8 2 151 3511
-5831987 260 1 28729
-5832904 67108908 1 557
-5833096 67108864 2 103 7079
-5833763 16400 1 8467
-5835443 65536 2 271 353
-5835943 8192 2 227 547
-5836756 128 1 63443
-5838487 0 2 167 34961
-5838932 8 2 131 1013
-5840360 67108866 1 146009
-5840884 4 2 337 619
-5843716 96 1 4523
-5844127 32768 1 99053
-5847608 33587216 1 953
-5850068 4 1 208931
-5853256 67108864 2 457 1601
-5854840 33554434 2 197 743
-5854955 258 2 149 271
-5856152 33554432 2 757 967
-5856347 292 1 1697
-5859467 32832 1 5227
-5859848 67108992 1 31847
-5862820 2 2 433 677
-5864824 33554436 1 104729
-5869508 128 1 63799
-5870644 304 1 229
-5872036 256 2 223 227
-5873291 2560 1 4621
-5874971 66624 1 137
-5876168 67240000 1 577
-5877188 0 2 397 3701
-5881892 0 2 281 5233
-5883755 16842754 1 191
-5884543 131076 1 12547
-5887096 33554432 2 761 967
-5887259 4100 1 19559
-5888315 2 2 223 5281
-5890024 67109028 1 269
-5890456 33554520 1 271
-5893028 0 1 1473257
-5893855 16777226 1 1061
-5896120 33554434 2 223 661
-5896744 67109124 1 3631
-5898011 4 2 359 2347
-5899748 16416 1 1637
-5900344 37748736 1 8287
-5901220 18 1 22697
-5902276 512 1 47599
-5905283 262656 1 2683
-5905783 48 1 26723
-5908259 580 1 1433
-5909912 33587264 1 659
-5910395 262146 1 16649
-5910419 16777216 2 139 421
-5910436 4100 1 4909
-5912836 0 1 1478209
-5914403 8 1 537673
-5915555 524354 1 853
-5916152 34604168 0
-5916280 33554434 2 353 419
-5916923 64 2 239 1303
-5923403 131072 2 211 419
-5928676 16 1 114013
-5931368 67108896 1 43613
-5932712 67109056 1 1697
-5933044 262160 1 1607
-5940452 16388 1 4003
-5941768 67108868 1 106103
-5943415 2 2 173 6871
-5943796 2097152 1 17903
-5944423 0 2 1753 3391
-5945236 8 1 135119
-5945555 14 1 15443
-5946619 4 2 569 1493
-5947240 67108882 1 11437
-5948596 320 1 2699
-5949064 67239944 1 1009
-5949223 2116 1 1091
-5949979 4 1 849997
-5955227 64 2 379 827
-5957524 0 2 193 7717
-5958484 4 2 241 883
-5959207 1048576 2 241 313
-5959832 33554432 2 271 2749
-5959979 32 1 350587
-5963315 1049090 1 487
-5964004 0 1 1491001
-5966824 67108864 2 229 3257
-5970308 0 1 1492577
-5973496 33554432 2 449 1663
-5975047 16 1 459619
-5980084 8 1 135911
-5985428 4198560 0
-5987267 24 2 149 281
-5987795 10 1 108869
-5988004 8454280 0
-5988103 8 1 544373
-5989576 67108896 1 44041
-5989816 33554436 1 106961
-5994308 0 1 1498577
-5996548 0 2 269 5573
