-280199
-303959
-305471
-366599
-508367
-511151
-623879
-702679
-720767
-734087
-764471
-777391
-786047
-789623
-870271
-902599
-909863
-990767
-1011799
-1018471
-1028303
-1034567
-1135247
-1138127
-1227407
-1232719
-1312847
-1348231
-1361599
-1402859
-1534979
-1555831
-1571839
-1588879
-1623943
-1791679
-1832983
-1961327
-1984039
-2019623
-2041159
-2082679
-2083091
-2149619
-2192623
-2192651
-2223371
-2255459
-2259391
-2338619
-2356927
-2394299
-2512019
-2513143
-2552219
-2585839
-2652607
-2693767
-2723599
-2725259
-2726051
-2748439
-2792311
-2816311
-2817271
-2837431
-2846527
-2883851
-2898919
-2927191
-2935423
-2961727
-2965087
-3068431
-3081343
-3085639
-3120319
-3258491
-3306731
-3310859
-3365771
-3419051
-3483463
-3484783
-3551939
-3558943
-3604087
-3610499
-3642971
-3645251
-3653651
-3664091
-3685571
-3716171
-3747299
-3767867
-3837103
-3841283
-3863887
-3944791
-3992171
-3995219
-4011487
-4037771
-4106383
-4160099
-4180303
-4181987
-4183783
-4211723
-4248947
-4250023
-4272727
-4278487
-4346623
-4378447
-4403747
-4460023
-4550263
-4583627
-4618091
-4634503
-4666327
-4668491
-4760003
-4764707
-4777139
-4845943
-4900087
-4906619
-4943219
-5024819
-5026211
-5028703
-5082227
-5101403
-5134667
-5151463
-5163371
-5211607
-5308451
-5338811
-5344663
-5348887
-5355083
-5377643
-5387383
-5424127
-5474387
-5484299
-5535947
-5545403
-5555843
-5591123
-5595487
-5608403
-5728043
-5742727
-5745203
-5781803
-5786387
-5839291
-5855623
-5871539
-5877103
-5914411
-5922227
-5981887
-5982947
-5989667
-6039727
