-223439
-242591
-270791
-272879
-273311
-296159
-337871
-375623
-377231
-389111
-505727
-524351
-562007
-580079
-642359
-643639
-669527
-704183
-704447
-729719
-741431
-751151
-760343
-774199
-779663
-792983
-794063
-805463
-830327
-853031
-869471
-891679
-909239
-920783
-955103
-1010719
-1024399
-1051247
-1128151
-1179263
-1190671
-1241087
-1310807
-1343567
-1477087
-1500799
-1543879
-1565671
-1598239
-1632919
-1636231
-1643743
-1648499
-1794127
-1798639
-1830659
-1897139
-1961819
-1967071
-2007919
-2051167
-2056211
-2102623
-2112751
-2115079
-2135503
-2162359
-2168143
-2187103
-2187247
-2202799
-2208439
-2229967
-2269711
-2275327
-2317087
-2345479
-2367143
-2372239
-2401423
-2436607
-2450291
-2461807
-2472131
-2472539
-2549291
-2572811
-2627431
-2639699
-2651791
-2731571
-2755619
-2760319
-2761999
-2800519
-2811539
-2831407
-2868871
-2884691
-2923831
-2925631
-2969867
-2988607
-2990459
-3012343
-3012991
-3020599
-3024943
-3028691
-3068939
-3074699
-3119167
-3196499
-3240971
-3254527
-3255247
-3258323
-3354371
-3399131
-3420251
-3459487
-3474659
-3506819
-3546607
-3549731
-3564823
-3612419
-3632243
-3665171
-3668099
-3681947
-3690607
-3753223
-3781403
-3817783
-3818431
-3821171
-3859931
-3865663
-3866983
-3871303
-3902263
-3906659
-3928931
-3957487
-3985903
-3986699
-4011127
-4013287
-4032967
-4034411
-4066259
-4096663
-4136023
-4151531
-4187983
-4195063
-4219979
-4268651
-4276451
-4312331
-4316771
-4332659
-4380323
-4413847
-4423183
-4453139
-4480807
-4512127
-4515083
-4535819
-4564207
-4581251
-4603763
-4621499
-4625459
-4646527
-4684451
-4707539
-4713251
-4730963
-4745623
-4760647
-4785659
-4786447
-4788583
-4815731
-4857059
-4871527
-4885687
-4924547
-4931699
-4962967
-4976143
-4980587
-4989371
-5033143
-5050543
-5078363
-5129819
-5174047
-5201939
-5229823
-5246623
-5257783
-5319859
-5342219
-5357603
-5359451
-5366411
-5366723
-5406131
-5426627
-5431219
-5434447
-5439979
-5440447
-5454247
-5502967
-5512739
-5531143
-5541443
-5560571
-5626619
-5629307
-5658491
-5673011
-5673727
-5690623
-5710043
-5716211
-5748059
-5779687
-5784899
-5850343
-5922083
-5961463
-6001447
