-234071 128 1 10177
-311759 4 1 44537
-325391 8 1 29581
-340391 32 1 20023
-343439 32768 1 5821
-375959 0 2 397 947
-388559 0 2 283 1373
-433919 0 2 619 701
-444599 256 1 15331
-456935 2 1 91387
-463487 0 2 269 1723
-493319 256 1 17011
-519719 131072 1 7757
-524735 2 1 104947
-536159 16 1 41243
-554615 2 1 110923
-554999 32 1 32647
-559607 64 1 29453
-563303 16 1 43331
-578903 16 1 44531
-594215 2 1 118843
-597743 4096 1 13901
-647639 0 2 151 4289
-657023 0 2 659 997
-688847 0 2 223 3089
-696596 0 1 174149
-701111 0 2 773 907
-720047 0 2 271 2657
-727103 16 1 55931
-730463 0 2 647 1129
-751991 0 2 109 6899
-756287 4 1 108041
-775487 0 2 103 7529
-784967 128 1 34129
-787487 2048 1 19207
-791327 0 2 139 5693
-827959 8 1 75269
-834839 0 2 233 3583
-840391 256 1 28979
-860551 0 2 167 5153
-860735 2 1 172147
-877736 67108864 1 109717
-917479 0 2 617 1487
-933656 33554432 1 116707
-943247 0 2 661 1427
-957743 128 1 41641
-962804 0 1 240701
-987527 0 2 929 1063
-1012943 128 1 44041
-1014047 128 1 44089
-1021247 0 2 239 4273
-1056079 0 2 827 1277
-1077716 0 1 269429
-1086527 16 1 83579
-1086751 524288 1 14887
-1098983 0 2 409 2687
-1099607 128 1 47809
-1118696 67108864 1 139837
-1123111 8 1 102101
-1127927 0 2 431 2617
-1130456 33554432 1 141307
-1131199 0 2 769 1471
-1157959 8 1 105269
-1171496 67108864 1 146437
-1174484 0 1 293621
-1185335 2 1 237067
-1197319 0 2 269 4451
-1207183 256 1 41627
-1215031 64 1 63949
-1248839 16384 1 23563
-1250687 0 2 239 5233
-1253207 0 2 643 1949
-1261076 0 1 315269
-1265951 64 1 66629
-1293511 0 2 113 11447
-1294184 67108864 1 161773
-1299527 0 2 479 2713
-1301684 0 1 325421
-1335956 0 1 333989
-1341812 0 1 335453
-1375139 4194304 1 15451
-1379959 4 1 197137
-1380647 512 1 44537
-1381951 0 2 103 13417
-1392596 0 1 348149
-1401751 16 1 107827
-1415423 0 2 733 1931
-1418327 32 1 83431
-1425383 0 2 457 3119
-1432135 2 1 286427
-1434151 0 2 347 4133
-1438568 67108864 1 179821
-1444379 32768 1 24481
-1456951 32 1 85703
-1468724 0 1 367181
-1477247 0 2 173 8539
-1504856 33554432 1 188107
-1511479 0 2 683 2213
-1520744 67108864 1 190093
-1523287 64 1 80173
-1530743 8192 1 32569
-1532063 16 1 117851
-1544447 0 2 127 12161
-1555124 0 1 388781
-1583551 0 2 557 2843
-1591028 0 1 397757
-1607623 0 2 593 2711
-1624879 0 2 331 4909
-1645783 0 2 271 6073
-1646239 4 1 235177
-1658551 0 2 173 9587
-1661719 4194304 1 18671
-1663063 256 1 57347
-1669615 2 1 333923
-1680031 0 2 137 12263
-1689751 4 1 241393
-1727239 0 2 659 2621
-1728751 1024 1 46723
-1730719 32 1 101807
-1740847 128 1 75689
-1753364 0 1 438341
-1755919 8 1 159629
-1759931 0 2 227 7753
-1778431 0 2 599 2969
-1780904 67108864 1 222613
-1788935 2 1 357787
-1807367 256 1 62323
-1816424 67108864 1 227053
-1837039 2097152 1 22133
-1840007 16 1 141539
-1840279 4 1 262897
-1844663 0 2 331 5573
-1858379 131072 1 27737
-1876279 0 2 401 4679
-1876328 67108864 1 234541
-1880408 33554432 1 235051
-1889671 4 1 269953
-1892207 0 2 139 13613
-1893871 4 1 270553
-1916171 0 2 199 9629
-1917151 0 2 1193 1607
-1919291 8 1 174481
-1929167 256 1 66523
-1938631 2097152 1 23357
-1938871 8 1 176261
-1942231 8388608 1 20023
-1955924 0 1 488981
-1961311 8 1 178301
-1980299 0 2 317 6247
-1989464 33554432 1 248683
-2012791 8 1 182981
-2023124 0 1 505781
-2032279 0 2 457 4447
-2061151 4194304 1 23159
-2062159 8 1 187469
-2068916 0 1 517229
-2086711 8 1 189701
-2098399 0 2 607 3457
-2115751 8 1 192341
-2124583 0 2 127 16729
-2144543 128 1 93241
-2146484 0 1 536621
-2146607 32 1 126271
-2146931 0 2 463 4637
-2147815 2 1 429563
-2150623 0 2 313 6871
-2153863 0 2 647 3329
-2161844 0 1 540461
-2165876 0 1 541469
-2175367 64 1 114493
-2189771 1024 1 59183
-2206091 128 1 95917
-2210647 0 2 211 10477
-2217704 67108864 1 277213
-2224111 0 2 251 8861
-2244212 0 1 561053
-2268367 0 2 811 2797
-2272111 0 2 359 6329
-2279828 0 1 569957
-2293931 0 2 479 4789
-2298299 0 2 281 8179
-2307199 128 1 100313
-2315671 0 2 239 9689
-2318312 67108864 1 289789
-2318651 8192 1 49333
-2323519 8 1 211229
-2325272 33554432 1 290659
-2329571 64 1 122609
-2332724 0 1 583181
-2352287 4 1 336041
-2355251 131072 1 35153
-2369023 128 1 103001
-2373535 2 1 474707
-2376511 0 2 223 10657
-2388847 0 2 733 3259
-2388968 67108864 1 298621
-2393359 0 2 1259 1901
-2395903 0 2 677 3539
-2396087 0 2 281 8527
-2401691 0 2 1439 1669
-2402699 16 1 184823
-2404148 0 1 601037
-2412343 4096 1 56101
-2424104 67108864 1 303013
-2456167 4 1 350881
-2466559 0 2 229 10771
-2476379 524288 1 33923
-2478799 131072 1 36997
-2479159 0 2 383 6473
-2498791 16384 1 47147
-2510647 0 2 367 6841
-2528551 128 1 109937
-2545615 2 1 509123
-2553679 0 2 103 24793
-2563399 0 2 107 23957
-2570804 0 1 642701
-2586319 0 2 313 8263
-2596628 0 1 649157
-2600171 4 1 371453
-2625727 16 1 201979
-2630459 16 1 202343
-2632664 33554432 1 329083
-2635811 524288 1 36107
-2640199 0 2 103 25633
-2647016 67108864 1 330877
-2667679 4 1 381097
-2687348 0 1 671837
-2696503 8388608 1 27799
-2703784 67108864 1 337973
-2714935 2 1 542987
-2728664 33554432 1 341083
-2742056 67108864 1 342757
-2750296 33554432 1 343787
-2791927 32 1 164231
-2792239 0 2 769 3631
-2801432 33554432 1 350179
-2802031 0 2 919 3049
-2817223 32 1 165719
-2873479 4 1 410497
-2878471 0 2 463 6217
-2883635 2 1 576727
-2889487 262144 1 40697
-2899544 33554432 1 362443
-2902999 8 1 263909
-2903935 2 1 580787
-2903983 0 2 1297 2239
-2904488 67108864 1 363061
-2907572 0 1 726893
-2916223 0 2 797 3659
-2916731 0 2 109 26759
-2927215 2 1 585443
-2927383 32 1 172199
-2930431 4 1 418633
-2932759 0 2 137 21407
-2941979 64 1 154841
-2961751 16 1 227827
-2967371 8 1 269761
-2975768 33554432 1 371971
-2995543 128 1 130241
-3001279 8192 1 63857
-3004207 0 2 139 21613
-3006056 67108864 1 375757
-3011579 0 2 229 13151
-3011767 8 1 273797
-3015823 0 2 211 14293
-3023143 128 1 131441
-3026216 67108864 1 378277
-3039188 0 1 759797
-3042799 0 2 1091 2789
-3049451 65536 1 49991
-3058739 512 1 98669
-3060587 128 1 133069
-3086935 2 1 617387
-3087512 33554432 1 385939
-3092116 0 1 773029
-3097447 0 2 191 16217
-3132991 128 1 136217
-3133268 0 1 783317
-3133615 2 1 626723
-3135512 33554432 1 391939
-3135631 0 2 163 19237
-3149108 0 1 787277
-3167431 0 2 109 29059
-3168491 0 2 167 18973
-3170408 67108864 1 396301
-3172328 67108864 1 396541
-3179219 0 2 179 17761
-3190235 2 1 638047
-3205172 0 1 801293
-3224431 4 1 460633
-3260359 0 2 1543 2113
-3274951 0 2 257 12743
-3286663 8192 1 69929
-3292567 64 1 173293
-3299444 0 1 824861
-3302996 0 1 825749
-3314863 8192 1 70529
-3354223 0 2 1103 3041
-3358235 2 1 671647
-3366964 0 1 841741
-3370447 0 2 379 8893
-3379859 4 1 482837
-3385832 67108864 1 423229
-3388739 0 2 1777 1907
-3393944 33554432 1 424243
-3401243 0 2 1193 2851
-3411251 0 2 1217 2803
-3412039 64 1 179581
-3416863 0 2 251 13613
-3435179 8 1 312289
-3447127 0 2 571 6037
-3448916 0 1 862229
-3477515 2 1 695503
-3480083 0 2 673 5171
-3480223 32 1 204719
-3482792 67108864 1 435349
-3507659 0 2 787 4457
-3511259 0 2 1753 2003
-3538379 16 1 272183
-3556063 4 1 508009
-3570127 8 1 324557
-3571979 0 2 1879 1901
-3580628 0 1 895157
-3591007 4 1 513001
-3596743 65536 1 58963
-3604052 0 1 901013
-3613087 1024 1 97651
-3631988 0 1 907997
-3639668 0 1 909917
-3669608 67108864 1 458701
-3676691 0 2 467 7873
-3677939 0 2 223 16493
-3687727 256 1 127163
-3690059 0 2 673 5483
-3693799 0 2 571 6469
-3707335 2 1 741467
-3708248 33554432 1 463531
-3708308 0 1 927077
-3716312 33554432 1 464539
-3718907 1024 1 100511
-3725983 512 1 120193
-3739783 262144 1 52673
-3746987 32 1 220411
-3753364 0 1 938341
-3772568 33554432 1 471571
-3776771 32 1 222163
-3784279 0 2 673 5623
-3787019 128 1 164653
-3789364 0 1 947341
-3795496 67108864 1 474437
-3803407 0 2 971 3917
-3805019 8388608 1 39227
-3812579 0 2 233 16363
-3823979 0 2 1031 3709
-3829211 0 2 307 12473
-3836948 0 1 959237
-3840967 16 1 295459
-3849731 0 2 631 6101
-3850135 2 1 770027
-3858847 32 1 226991
-3875843 0 2 373 10391
-3879587 32 1 228211
-3884339 262144 1 54709
-3886235 2 1 777247
-3890648 33554432 1 486331
-3898067 0 2 613 6359
-3907135 2 1 781427
-3911576 33554432 1 488947
-3923672 33554432 1 490459
-3942247 65536 1 64627
-3946931 0 2 1109 3559
-3956963 256 1 136447
-3965047 0 2 251 15797
-3968747 0 2 1423 2789
-3979715 2 1 795943
-3981515 2 1 796303
-3983743 16777216 1 39443
-3985139 0 2 1103 3613
-3988564 0 1 997141
-4003316 0 1 1000829
-4017812 0 1 1004453
-4040867 4194304 1 45403
-4048571 0 2 1201 3371
-4051715 2 1 810343
-4060567 4 1 580081
-4064147 256 1 140143
-4064843 256 1 140167
-4069759 0 2 593 6863
-4076372 0 1 1019093
-4083779 4 1 583397
-4089727 0 2 1747 2341
-4101908 0 1 1025477
-4127215 2 1 825443
-4130047 0 2 1583 2609
-4132328 67108864 1 516541
-4136536 33554432 1 517067
-4138087 0 2 467 8861
-4146728 67108864 1 518341
-4152296 67108864 1 519037
-4196383 0 2 307 13669
-4197223 0 2 127 33049
-4199192 33554432 1 524899
-4200212 0 1 1050053
-4209512 67108864 1 526189
-4219451 32 1 248203
-4222019 0 2 113 37363
-4230488 33554432 1 528811
-4253219 0 2 179 23761
-4256771 128 1 185077
-4258676 0 1 1064669
-4261735 2 1 852347
-4272491 32 1 251323
-4288139 8192 1 91237
-4290344 67108864 1 536293
-4301863 8192 1 91529
-4302248 67108864 1 537781
-4302943 0 2 263 16361
-4306403 0 2 443 9721
-4312927 0 2 199 21673
-4316056 33554432 1 539507
-4322264 33554432 1 540283
-4324456 67108864 1 540557
-4340404 0 1 1085101
-4342447 0 2 1447 3001
-4355939 4 1 622277
-4366907 256 1 150583
-4403363 0 2 1193 3691
-4416635 2 1 883327
-4429864 67108864 1 553733
-4435988 0 1 1108997
-4438543 65536 1 72763
-4440059 16 1 341543
-4444499 64 1 233921
-4464703 0 2 733 6091
-4468084 0 1 1117021
-4481944 33554432 1 560243
-4488212 0 1 1122053
-4505699 8 1 409609
-4511348 0 1 1127837
-4514123 0 2 347 13009
-4516999 8388608 1 46567
-4532339 4 1 647477
-4560343 0 2 211 21613
-4562503 8 1 414773
-4563796 0 1 1140949
-4575343 0 2 149 30707
-4575512 33554432 1 571939
-4579931 64 1 241049
-4592408 33554432 1 574051
-4608803 0 2 181 25463
-4616383 0 2 409 11287
-4628579 512 1 149309
-4633835 2 1 926767
-4652392 67108864 1 581549
-4654931 0 2 127 36653
-4657624 33554432 1 582203
-4660327 4 1 665761
-4661171 0 2 461 10111
-4691527 0 2 683 6869
-4694215 2 1 938843
-4696091 0 2 449 10459
-4708615 2 1 941723
-4712219 0 2 1223 3853
-4729403 4 1 675629
-4745704 67108864 1 593213
-4762136 33554432 1 595267
-4765864 67108864 1 595733
-4769176 33554432 1 596147
-4775476 0 1 1193869
-4788724 0 1 1197181
-4805236 0 1 1201309
-4808411 0 2 1129 4259
-4809635 2 1 961927
-4830463 8 1 439133
-4831135 2 1 966227
-4841171 0 2 313 15467
-4843619 8 1 440329
-4853291 0 2 151 32141
-4869607 1024 1 131611
-4871572 0 1 1217893
-4884007 64 1 257053
-4889819 8 1 444529
-4898503 262144 1 68993
-4902011 0 2 157 31223
-4909139 1048576 1 62141
-4914463 0 2 397 12379
-4928291 2097152 1 59377
-4946584 33554432 1 618323
-4955284 0 1 1238821
-4985747 16 1 383519
-4986467 0 2 1531 3257
-5011423 0 2 751 6673
-5013707 0 2 433 11579
-5029592 33554432 1 628699
-5033027 0 2 683 7369
-5050715 2 1 1010143
-5067539 512 1 163469
-5089063 4 1 727009
-5105411 0 2 347 14713
-5105987 0 2 131 38977
-5118827 4 1 731261
-5121103 16 1 393931
-5140571 0 2 131 39241
-5146643 0 2 761 6763
-5147335 2 1 1029467
-5166004 0 1 1291501
-5171267 0 2 1109 4663
-5171828 0 1 1292957
-5177047 128 1 225089
-5177048 33554432 1 647131
-5177459 4 1 739637
-5178223 0 2 523 9901
-5196692 0 1 1299173
-5198836 0 1 1299709
-5204291 0 2 337 15443
-5212615 2 1 1042523
-5231315 2 1 1046263
-5239667 0 2 431 12157
-5245208 33554432 1 655651
-5256107 1048576 1 66533
-5261224 67108864 1 657653
-5263903 0 2 227 23189
-5284163 8192 1 112429
-5285915 2 1 1057183
-5290403 0 2 211 25073
-5302835 2 1 1060567
-5310227 16 1 408479
-5313923 4194304 1 59707
-5316904 67108864 1 664613
-5318056 67108864 1 664757
-5319784 67108864 1 664973
-5336459 0 2 2087 2557
-5361859 0 2 151 35509
-5366708 0 1 1341677
-5368232 67108864 1 671029
-5379124 0 1 1344781
-5396212 0 1 1349053
-5412851 32 1 318403
-5425768 67108864 1 678221
-5427727 256 1 187163
-5467135 2 1 1093427
-5471315 2 1 1094263
-5481803 32 1 322459
-5488232 67108864 1 686029
-5490247 4 1 784321
-5500331 524288 1 75347
-5509927 0 2 269 20483
-5512543 0 2 673 8191
-5522047 128 1 240089
-5540852 0 1 1385213
-5547823 0 2 211 26293
-5553419 128 1 241453
-5558708 0 1 1389677
-5562223 0 2 1319 4217
-5563112 67108864 1 695389
-5567147 0 2 1051 5297
-5571007 16 1 428539
-5574535 2 1 1114907
-5586467 8192 1 118861
-5587759 0 2 317 17627
-5589487 1048576 1 70753
-5595032 33554432 1 699379
-5610856 67108864 1 701357
-5622227 16 1 432479
-5629663 16 1 433051
-5635352 33554432 1 704419
-5641907 512 1 181997
-5643635 2 1 1128727
-5649128 67108864 1 706141
-5705099 0 2 683 8353
-5707816 67108864 1 713477
-5717023 16 1 439771
-5740859 512 1 185189
-5744884 0 1 1436221
-5748467 256 1 198223
-5757083 0 2 331 17393
-5758183 0 2 857 6719
-5764043 0 2 397 14519
-5769971 2048 1 140731
-5770447 128 1 250889
-5785448 67108864 1 723181
-5819147 4096 1 135329
-5838611 0 2 293 19927
-5846387 0 2 593 9859
-5848019 0 2 1741 3359
-5852767 65536 1 95947
-5859796 0 1 1464949
-5874548 0 1 1468637
-5877364 0 1 1469341
-5921651 512 1 191021
-5932931 0 2 2081 2851
-5944724 0 1 1486181
-5949035 2 1 1189807
-5951771 4 1 850253
-6003035 2 1 1200607
