-346031 4 1 49433
-349631 0 2 127 2753
-372935 2 1 74587
-373271 512 1 12041
-383015 2 1 76603
-386879 262144 1 5449
-395519 0 2 137 2887
-405911 8 1 36901
-406535 2 1 81307
-416111 4096 1 9677
-432671 524288 1 5927
-452063 0 2 257 1759
-453959 8 1 41269
-475919 256 1 16411
-558983 262144 1 7873
-571391 1024 1 15443
-582671 0 2 103 5657
-588935 2 1 117787
-614111 16384 1 11587
-636791 0 2 131 4861
-662759 4096 1 15413
-701567 0 2 167 4201
-706799 2048 1 17239
-712247 0 2 131 5437
-733415 2 1 146683
-739367 0 2 443 1669
-741359 128 1 32233
-760271 0 2 677 1123
-776903 0 2 599 1297
-795719 32 1 46807
-805079 8 1 73189
-813191 65536 1 13331
-836999 0 2 569 1471
-860231 1048576 1 10889
-863663 524288 1 11831
-867791 0 2 127 6833
-884719 8 1 80429
-900407 0 2 149 6043
-924776 67108864 1 115597
-971615 2 1 194323
-979604 0 1 244901
-1047143 131072 1 15629
-1058159 0 2 751 1409
-1066151 0 2 331 3221
-1099583 32768 1 18637
-1102487 0 2 127 8681
-1130567 4194304 1 12703
-1149767 0 2 311 3697
-1176535 2 1 235307
-1187864 33554432 1 148483
-1203647 1024 1 32531
-1205431 0 2 109 11059
-1207064 33554432 1 150883
-1229864 67108864 1 153733
-1236991 4 1 176713
-1250911 32 1 73583
-1260263 0 2 137 9199
-1275047 0 2 139 9173
-1279247 1048576 1 16193
-1300136 67108864 1 162517
-1320503 131072 1 19709
-1325396 0 1 331349
-1337384 67108864 1 167173
-1362836 0 1 340709
-1381159 16 1 106243
-1387811 65536 1 22751
-1411736 33554432 1 176467
-1415327 8388608 1 14591
-1443511 8192 1 30713
-1459007 8 1 132637
-1462184 67108864 1 182773
-1467079 0 2 113 12983
-1469096 67108864 1 183637
-1491391 8 1 135581
-1499156 0 1 374789
-1499239 4 1 214177
-1499651 64 1 78929
-1522639 32 1 89567
-1526815 2 1 305363
-1536415 2 1 307283
-1548776 67108864 1 193597
-1562671 8 1 142061
-1586479 0 2 163 9733
-1589807 4194304 1 17863
-1596199 8 1 145109
-1596935 2 1 319387
-1609639 0 2 241 6679
-1616567 1024 1 43691
-1622911 0 2 751 2161
-1631303 32 1 95959
-1639447 0 2 149 11003
-1646663 0 2 109 15107
-1689799 16384 1 31883
-1690111 0 2 701 2411
-1693351 8 1 153941
-1712168 67108864 1 214021
-1728991 8 1 157181
-1742935 2 1 348587
-1750399 4 1 250057
-1755031 65536 1 28771
-1776383 4 1 253769
-1792487 0 2 359 4993
-1801231 0 2 811 2221
-1805687 16 1 138899
-1806743 32 1 106279
-1833607 0 2 131 13997
-1839848 67108864 1 229981
-1842215 2 1 368443
-1844063 16 1 141851
-1890059 2048 1 46099
-1898264 33554432 1 237283
-1908383 4096 1 44381
-1909364 0 1 477341
-1925864 67108864 1 240733
-1937479 0 2 811 2389
-1940287 0 2 313 6199
-1942331 16777216 1 19231
-1947023 16 1 149771
-1960664 33554432 1 245083
-1972951 1024 1 53323
-1978519 524288 1 27103
-1988239 8 1 180749
-2003503 0 2 271 7393
-2016079 16 1 155083
-2032015 2 1 406403
-2044052 0 1 511013
-2073383 16 1 159491
-2078911 0 2 971 2141
-2096119 0 2 809 2591
-2103272 67108864 1 262909
-2140739 0 2 139 15401
-2146451 0 2 167 12853
-2146735 2 1 429347
-2157871 2048 1 52631
-2174447 8 1 197677
-2198888 67108864 1 274861
-2200063 0 2 571 3853
-2224211 8 1 202201
-2237311 0 2 433 5167
-2239879 8192 1 47657
-2251352 33554432 1 281419
-2257951 0 2 983 2297
-2265812 0 1 566453
-2267767 1024 1 61291
-2272735 2 1 454547
-2290235 2 1 458047
-2314807 8 1 210437
-2335499 64 1 122921
-2351411 0 2 479 4909
-2362663 0 2 251 9413
-2368628 0 1 592157
-2369431 2048 1 57791
-2385851 16 1 183527
-2406059 0 2 859 2801
-2410691 0 2 1489 1619
-2410951 0 2 179 13469
-2450024 67108864 1 306253
-2455399 1048576 1 31081
-2458868 0 1 614717
-2464619 0 2 643 3833
-2468215 2 1 493643
-2479448 33554432 1 309931
-2494183 0 2 1123 2221
-2500711 0 2 151 16561
-2503423 16 1 192571
-2514899 2048 1 61339
-2526011 0 2 163 15497
-2532679 0 2 557 4547
-2545903 32 1 149759
-2562356 0 1 640589
-2568788 0 1 642197
-2573623 16 1 197971
-2583991 0 2 167 15473
-2584259 32768 1 43801
-2595752 67108864 1 324469
-2596471 0 2 257 10103
-2613463 2048 1 63743
-2627411 0 2 167 15733
-2632472 33554432 1 329059
-2632808 67108864 1 329101
-2635859 0 2 463 5693
-2639192 33554432 1 329899
-2652535 2 1 530507
-2666228 0 1 666557
-2682419 0 2 1613 1663
-2700136 67108864 1 337517
-2746903 0 2 1283 2141
-2750051 0 2 241 11411
-2753239 0 2 1303 2113
-2766035 2 1 553207
-2781079 4 1 397297
-2783143 8 1 253013
-2793127 0 2 467 5981
-2802919 4 1 400417
-2805976 33554432 1 350747
-2807647 65536 1 46027
-2815063 0 2 107 26309
-2823512 33554432 1 352939
-2830292 0 1 707573
-2857183 4 1 408169
-2859439 8 1 259949
-2860916 0 1 715229
-2861263 4096 1 66541
-2867527 16 1 220579
-2930072 33554432 1 366259
-2930164 0 1 732541
-2931391 512 1 94561
-2940415 2 1 588083
-2952703 16 1 227131
-2977691 256 1 102679
-2982871 32 1 175463
-2987939 0 2 877 3407
-2990311 4194304 1 33599
-2999215 2 1 599843
-3012584 67108864 1 376573
-3052052 0 1 763013
-3052184 33554432 1 381523
-3053503 128 1 132761
-3059348 0 1 764837
-3072116 0 1 768029
-3086023 2097152 1 37181
-3092743 0 2 157 19699
-3100904 67108864 1 387613
-3111127 0 2 1187 2621
-3124951 0 2 191 16361
-3135851 16384 1 59167
-3151448 33554432 1 393931
-3154951 0 2 751 4201
-3173771 262144 1 44701
-3181979 0 2 103 30893
-3188363 0 2 191 16693
-3220519 64 1 169501
-3220904 67108864 1 402613
-3226735 2 1 645347
-3247135 2 1 649427
-3297704 67108864 1 412213
-3320983 0 2 367 9049
-3321128 67108864 1 415141
-3324011 16777216 1 32911
-3337207 0 2 263 12689
-3337448 67108864 1 417181
-3338311 16384 1 62987
-3341864 67108864 1 417733
-3355379 0 2 311 10789
-3364904 67108864 1 420613
-3375223 256 1 116387
-3385735 2 1 677147
-3392743 4096 1 78901
-3401047 16 1 261619
-3402548 0 1 850637
-3422219 32 1 201307
-3423124 0 1 855781
-3425383 16 1 263491
-3438299 1024 1 92927
-3452648 67108864 1 431581
-3458164 0 1 864541
-3472303 65536 1 56923
-3477491 0 2 211 16481
-3479219 2048 1 84859
-3482132 0 1 870533
-3497896 67108864 1 437237
-3499811 4 1 499973
-3501716 0 1 875429
-3529832 67108864 1 441229
-3533983 0 2 197 17939
-3541592 33554432 1 442699
-3554792 67108864 1 444349
-3555727 4 1 507961
-3558488 33554432 1 444811
-3562567 262144 1 50177
-3574139 0 2 683 5233
-3574663 0 2 139 25717
-3586472 67108864 1 448309
-3592724 0 1 898181
-3603944 67108864 1 450493
-3615463 0 2 313 11551
-3629588 0 1 907397
-3639419 4 1 519917
-3646571 0 2 241 15131
-3659671 0 2 769 4759
-3659863 0 2 293 12491
-3660583 256 1 126227
-3660727 4 1 522961
-3666491 0 2 103 35597
-3669439 512 1 118369
-3684851 0 2 1607 2293
-3695503 4 1 527929
-3695656 67108864 1 461957
-3706324 0 1 926581
-3711347 0 2 163 22769
-3727715 2 1 745543
-3742615 2 1 748523
-3767732 0 1 941933
-3787715 2 1 757543
-3789391 0 2 929 4079
-3826447 0 2 1423 2689
-3839699 0 2 137 28027
-3846827 0 2 571 6737
-3871327 131072 1 57781
-3876248 33554432 1 484531
-3890584 33554432 1 486323
-3899939 0 2 173 22543
-3917224 67108864 1 489653
-3918943 4 1 559849
-3921535 2 1 784307
-3930728 67108864 1 491341
-3930943 0 2 233 16871
-3933416 67108864 1 491677
-3947411 16 1 303647
-3947531 4 1 563933
-3948899 1024 1 106727
-3956051 8 1 359641
-3962456 33554432 1 495307
-3964327 4194304 1 44543
-3985019 512 1 128549
-3994567 512 1 128857
-4000207 0 2 739 5413
-4001287 128 1 173969
-4003567 16384 1 75539
-4006759 0 2 149 26891
-4008535 2 1 801707
-4009067 0 2 1481 2707
-4010243 0 2 733 5471
-4019432 67108864 1 502429
-4021208 33554432 1 502651
-4030952 67108864 1 503869
-4035371 0 2 157 25703
-4036148 0 1 1009037
-4037315 2 1 807463
-4038535 2 1 807707
-4039643 0 2 1801 2243
-4047203 4096 1 94121
-4050856 67108864 1 506357
-4086223 0 2 107 38189
-4113415 2 1 822683
-4131683 64 1 217457
-4137131 0 2 2029 2039
-4146676 0 1 1036669
-4151743 2097152 1 50021
-4154047 256 1 143243
-4208051 8192 1 89533
-4208647 32768 1 71333
-4224436 0 1 1056109
-4227847 16 1 325219
-4239007 0 2 223 19009
-4257496 33554432 1 532187
-4259411 16 1 327647
-4262228 0 1 1065557
-4262815 2 1 852563
-4286335 2 1 857267
-4288687 16 1 329899
-4338968 33554432 1 542371
-4349143 0 2 1621 2683
-4351907 4 1 621701
-4354283 0 2 887 4909
-4358171 32 1 256363
-4373939 0 2 239 18301
-4374343 0 2 113 38711
-4408111 128 1 191657
-4412647 0 2 109 40483
-4414931 256 1 152239
-4421416 67108864 1 552677
-4429687 16384 1 83579
-4437515 2 1 887503
-4446059 8192 1 94597
-4453268 0 1 1113317
-4487771 0 2 727 6173
-4488035 2 1 897607
-4495427 0 2 1063 4229
-4495571 64 1 236609
-4513172 0 1 1128293
-4523047 0 2 463 9769
-4529527 0 2 1373 3299
-4534787 64 1 238673
-4542871 0 2 397 11443
-4552936 67108864 1 569117
-4573543 16 1 351811
-4586623 0 2 137 33479
-4589579 65536 1 75239
-4642328 33554432 1 580291
-4669864 67108864 1 583733
-4692371 0 2 103 45557
-4698703 0 2 2129 2207
-4698728 67108864 1 587341
-4715459 4 1 673637
-4736503 0 2 587 8069
-4748147 0 2 113 42019
-4776247 4 1 682321
-4778743 512 1 154153
-4782836 0 1 1195709
-4819567 0 2 311 15497
-4822232 33554432 1 602779
-4838987 1048576 1 61253
-4865048 33554432 1 608131
-4867039 0 2 839 5801
-4868887 0 2 281 17327
-4892788 0 1 1223197
-4893371 4 1 699053
-4913743 128 1 213641
-4934819 32768 1 83641
-4945063 0 2 467 10589
-4960024 33554432 1 620003
-4966036 0 1 1241509
-4976743 0 2 157 31699
-4980923 0 2 787 6329
-5005204 0 1 1251301
-5012771 0 2 2027 2473
-5026579 0 2 113 44483
-5029451 4 1 718493
-5045123 16384 1 95191
-5053864 67108864 1 631733
-5057771 2097152 1 60937
-5059412 0 1 1264853
-5060435 2 1 1012087
-5064947 0 2 863 5869
-5080615 2 1 1016123
-5086504 67108864 1 635813
-5100463 0 2 227 22469
-5105291 0 2 107 47713
-5130392 33554432 1 641299
-5131636 0 1 1282909
-5138599 0 2 227 22637
-5141267 64 1 270593
-5144792 33554432 1 643099
-5146235 2 1 1029247
-5149715 2 1 1029943
-5151059 8192 1 109597
-5158996 0 1 1289749
-5168315 2 1 1033663
-5175668 0 1 1293917
-5193428 0 1 1298357
-5197667 0 2 1303 3989
-5198531 16 1 399887
-5202676 0 1 1300669
-5206504 67108864 1 650813
-5227571 0 2 1607 3253
-5227883 65536 1 85703
-5244035 2 1 1048807
-5250136 33554432 1 656267
-5252503 0 2 239 21977
-5261411 128 1 228757
-5265587 1048576 1 66653
-5270743 0 2 631 8353
-5275156 0 1 1318789
-5277587 4 1 753941
-5287811 2048 1 128971
-5295572 0 1 1323893
-5335019 0 2 373 14303
-5381531 0 2 293 18367
-5387027 0 2 617 8731
-5388632 33554432 1 673579
-5397563 0 2 491 10993
-5408372 0 1 1352093
-5417651 1024 1 146423
-5425499 32 1 319147
-5430223 1048576 1 68737
-5439487 0 2 139 39133
-5462228 0 1 1365557
-5464379 0 2 277 19727
-5473379 128 1 237973
-5486171 0 2 179 30649
-5488523 0 2 113 48571
-5490727 8 1 499157
-5497451 0 2 241 22811
-5514676 0 1 1378669
-5540648 67108864 1 692581
-5552143 0 2 751 7393
-5556299 4 1 793757
-5578783 4 1 796969
-5581883 0 2 643 8681
-5591627 2097152 1 67369
-5600971 0 2 137 40883
-5604184 33554432 1 700523
-5611891 0 2 1543 3637
-5622083 0 2 997 5639
-5627623 0 2 863 6521
-5630836 0 1 1407709
-5631371 0 2 1907 2953
-5634964 0 1 1408741
-5637419 0 2 167 33757
-5639771 0 2 761 7411
-5641576 67108864 1 705197
-5665087 0 2 137 41351
-5687623 0 2 1723 3301
-5691011 512 1 183581
-5697515 2 1 1139503
-5712488 67108864 1 714061
-5718419 4 1 816917
-5728903 0 2 823 6961
-5750387 0 2 103 55829
-5766947 8192 1 122701
-5772419 0 2 157 36767
-5774435 2 1 1154887
-5781635 2 1 1156327
-5801627 16 1 446279
-5802515 2 1 1160503
-5813315 2 1 1162663
-5817083 4096 1 135281
-5848087 4 1 835441
-5853091 0 2 1259 4649
-5860979 262144 1 82549
-5874779 512 1 189509
-5893903 0 2 181 32563
-5897339 4 1 842477
-5910616 33554432 1 738827
-5918356 0 1 1479589
-5922932 0 1 1480733
-5954887 0 2 557 10691
-5970659 0 2 2011 2969
-6001139 0 2 947 6337
