-201431 0 2 157 1283
-258719 0 2 293 883
-267599 262144 1 3769
-271031 32 2 107 149
-272711 262272 1 167
-278759 2064 1 523
-291959 0 2 281 1039
-306599 1048576 1 3881
-331799 16 1 25523
-334631 264 1 1049
-344279 262160 1 373
-359711 16392 1 617
-374591 32772 1 907
-374999 131328 1 193
-399383 524288 1 5471
-421151 0 2 113 3727
-437951 0 2 107 4093
-459959 0 2 353 1303
-464495 2 1 92899
-472055 66 1 4969
-478031 4096 1 11117
-482855 2 2 269 359
-496199 1048584 1 571
-499031 144 1 1669
-499319 0 2 233 2143
-502751 9175040 0
-507935 770 1 113
-510791 0 2 353 1447
-512831 136 1 2027
-519167 8 2 109 433
-523439 13316 0
-543983 40 1 2909
-544511 32776 1 839
-548471 44 1 419
-558815 524290 1 1531
-561311 0 2 563 997
-562295 2 1 112459
-581519 1048608 1 433
-599351 0 2 163 3677
-600695 1058 1 191
-610463 1028 1 2357
-614303 2048 1 14983
-619271 0 2 223 2777
-621215 6 1 17749
-643367 81920 1 199
-657215 18 1 10111
-666287 32896 1 491
-677399 32 1 39847
-684359 65552 1 863
-687319 0 2 103 6673
-689447 8 2 233 269
-690239 8 2 131 479
-690551 4194304 1 7759
-696863 64 1 36677
-707327 512 1 22817
-714983 0 2 401 1783
-732095 22 1 1609
-744047 0 2 137 5431
-770015 34 1 9059
-771991 8 1 70181
-798404 0 1 199601
-804023 72 1 3847
-805343 12 1 10459
-808471 0 2 251 3221
-828023 1156 1 139
-835064 33554432 1 104383
-837476 128 1 9103
-865556 0 2 353 613
-873455 10 1 15881
-880591 0 2 167 5273
-885983 132 1 5503
-887183 32776 1 1367
-891695 524294 1 349
-897767 16400 1 1303
-901736 67108872 1 10247
-906047 256 2 157 199
-914303 16400 1 1327
-926551 32 1 54503
-927047 262152 1 1187
-934055 4194306 1 2099
-934244 0 2 311 751
-940040 67371010 1 331
-940484 0 2 191 1231
-941204 8 1 21391
-941239 48 1 4259
-960559 2359296 1 163
-969935 34 1 11411
-977711 4 2 197 709
-980119 4 2 163 859
-981671 0 2 523 1877
-987524 0 2 271 911
-988676 16 1 19013
-990935 4106 1 419
-991295 2 1 198259
-1005416 67108864 2 109 1153
-1008623 12 1 13099
-1009256 67110944 1 181
-1010951 4195328 1 307
-1012583 8912920 0
-1018943 1024 1 27539
-1023799 132 1 6359
-1033639 0 2 821 1259
-1055615 42 1 1129
-1056407 8 2 137 701
-1067204 0 1 266801
-1075364 0 1 268841
-1080056 33554432 1 135007
-1093127 68 1 8219
-1101799 0 2 587 1877
-1103311 72 1 5279
-1103567 0 2 173 6379
-1104455 4106 1 467
-1105223 4 1 157889
-1109576 67117072 1 227
-1114103 64 2 191 307
-1116356 32 1 16417
-1120343 4 1 160049
-1126463 524304 1 1187
-1127087 16 2 181 479
-1129015 2 2 349 647
-1130024 67108900 1 1187
-1133396 8 1 25759
-1141976 33554504 1 683
-1151359 8232 1 131
-1152407 64 2 131 463
-1154903 0 2 359 3217
-1167151 8256 1 1307
-1168004 256 1 10069
-1168436 32768 1 4951
-1176644 4 1 42023
-1177967 4 1 168281
-1181135 66 1 12433
-1184216 33554440 1 13457
-1186991 2096 1 131
-1187927 400 1 137
-1188335 2 2 271 877
-1201255 10 1 21841
-1202036 40 1 1607
-1208504 33554952 1 443
-1208744 67108864 2 139 1087
-1215176 67108864 1 151897
-1215704 33554468 1 1277
-1223780 4098 1 1423
-1226984 67633160 1 191
-1234879 2048 1 30119
-1237247 8 2 137 821
-1237796 4 1 44207
-1238756 32 1 18217
-1239767 32768 1 21013
-1239860 8194 1 1319
-1241783 64 1 65357
-1242260 2 2 179 347
-1243247 0 2 1069 1163
-1245631 0 2 197 6323
-1247396 0 2 109 2861
-1250696 67108864 2 127 1231
-1257319 16388 1 3389
-1259431 0 2 563 2237
-1263764 0 2 193 1637
-1266863 208 1 223
-1267460 2 2 127 499
-1267844 0 1 316961
-1269863 4 1 181409
-1277119 0 2 131 9749
-1283684 65536 1 5261
-1286615 10 2 149 157
-1293151 1048576 1 16369
-1293383 65556 1 233
-1298324 65568 1 313
-1298423 4 2 251 739
-1312399 8 2 229 521
-1317511 16 1 101347
-1320511 0 2 251 5261
-1323236 192 1 757
-1323767 2099200 1 389
-1328191 0 2 107 12413
-1329956 0 1 332489
-1332344 33554576 1 557
-1336184 33554432 1 167023
-1336367 0 2 311 4297
-1337183 0 2 127 10529
-1342184 67371040 1 139
-1351415 50 1 1223
-1352456 67108868 1 24151
-1363496 67110912 1 4157
-1369604 128 1 14887
-1372847 132 1 8527
-1374344 67108864 1 171793
-1374679 1048576 1 17401
-1378436 128 1 14983
-1380116 8388608 1 3557
-1387736 33554436 1 24781
-1389631 4128 1 1901
-1391615 130 1 12101
-1393064 67240064 1 113
-1394095 2 1 278819
-1395236 0 2 149 2341
-1398799 2097216 1 887
-1399124 0 2 109 3209
-1399544 33554432 1 174943
-1401631 12 2 109 167
-1403335 2 2 467 601
-1406935 770 1 313
-1410383 4210832 0
-1411556 131200 1 229
-1414916 0 2 277 1277
-1418996 64 1 18671
-1421791 132 1 8831
-1424036 0 2 577 617
-1424996 2048 1 8689
-1425751 266240 1 467
-1426820 2 1 71341
-1428439 64 1 75181
-1429160 67108866 1 35729
-1430207 0 2 463 3089
-1433816 33554496 1 9433
-1436303 1032 1 3529
-1437524 1032 1 883
-1437944 33554432 1 179743
-1439396 4 1 51407
-1442936 33554504 1 863
-1444148 0 2 223 1619
-1453111 32776 1 2239
-1457839 65536 1 23899
-1460551 2097152 1 17597
-1465316 0 1 366329
-1465855 32770 1 4969
-1466327 33024 1 857
-1466504 67141648 1 239
-1472504 33554696 1 577
-1473079 0 2 421 3499
-1474340 6 1 10531
-1482536 67108904 1 991
-1483607 32 2 197 443
-1486280 67633154 1 509
-1486471 4 1 212353
-1487624 67108928 1 9787
-1489103 2097164 1 233
-1489247 16384 1 28099
-1494023 1024 2 149 271
-1494836 4 2 197 271
-1509343 4104 1 3191
-1510951 262160 1 1637
-1517480 67141634 1 643
-1520504 33554432 1 190063
-1529636 65536 1 6269
-1536020 2 1 76801
-1547876 8 2 127 277
-1548199 2097280 1 811
-1548260 6 1 11059
-1551140 2 1 77557
-1551176 67108872 1 17627
-1551380 2 1 77569
-1564244 524296 1 487
-1566776 33554432 2 151 1297
-1575419 262144 1 22189
-1576136 67108864 2 271 727
-1581647 0 2 983 1609
-1588484 1024 1 10733
-1596356 0 2 593 673
-1596776 67141664 1 199
-1604804 0 1 401201
-1608295 18 2 109 227
-1613876 4104 1 853
-1615343 8192 1 34369
-1618340 2 1 80917
-1621039 4 2 367 631
-1624463 0 2 419 3877
-1626031 136 1 6427
-1627759 4 2 127 1831
-1638296 33554440 1 18617
-1638679 4 2 131 1787
-1646324 131072 1 6143
-1648136 67108932 1 1549
-1651172 0 1 412793
-1654495 2 1 330899
-1661384 67108864 1 207673
-1661783 0 2 347 4789
-1661924 8 2 107 353
-1666495 2 1 333299
-1672040 67108866 1 41801
-1673444 8388672 1 227
-1674824 67108864 1 209353
-1675316 262176 1 347
-1677215 4354 1 269
-1677476 256 1 14461
-1681556 0 2 359 1171
-1681928 67108864 1 210241
-1682804 2560 1 331
-1695140 2 2 131 647
-1696292 16 1 32621
-1696964 256 1 14629
-1698383 131072 1 25349
-1701524 8 1 38671
-1704020 2 1 85201
-1706084 1048576 1 5399
-1708691 1052672 1 503
-1710463 524288 1 23431
-1714039 65536 1 28099
-1719236 256 1 14821
-1722404 0 1 430601
-1726639 8224 1 2161
-1735999 65536 2 149 191
-1736143 256 2 131 457
-1736983 128 1 75521
-1741076 0 2 281 1549
-1744711 640 1 2447
-1745423 256 2 139 433
-1745924 0 1 436481
-1746680 33554450 1 3359
-1746692 0 1 436673
-1751431 4194312 1 1789
-1754479 64 2 107 863
-1754660 32770 1 1487
-1754948 16 1 33749
-1759999 0 2 313 5623
-1774615 8388610 1 3659
-1777556 262152 1 569
-1780759 4096 1 41413
-1781335 4194306 1 4003
-1797391 256 1 61979
-1798279 516 1 8287
-1800271 8 1 163661
-1816811 1024 1 49103
-1820744 67108864 1 227593
-1821764 4 1 65063
-1831352 33555584 1 269
-1841576 67108904 1 1231
-1853815 2050 1 9043
-1856423 0 2 241 7703
-1859732 36 1 3907
-1862024 67108864 1 232753
-1879015 1441794 0
-1881476 0 2 647 727
-1882136 33570944 1 193
-1888196 0 2 103 4583
-1900724 4 1 67883
-1901492 65536 1 7793
-1902439 524 1 797
-1904383 16 2 263 557
-1906759 2097152 1 22973
-1906820 131074 1 1423
-1906856 67108900 1 2003
-1907912 67371008 1 3359
-1914491 33792 1 877
-1914899 260 1 9433
-1923655 66 1 20249
-1927496 67108864 2 479 503
-1928324 512 1 15551
-1929487 4 1 275641
-1933832 67108864 2 163 1483
-1936639 2097152 1 23333
-1937540 10 1 8807
-1939127 8388608 1 19991
-1939231 4 2 449 617
-1945951 4 1 277993
-1950212 8 2 127 349
-1955960 33554434 2 107 457
-1959991 65672 1 127
-1969583 12 1 25579
-1971176 67125248 1 4649
-1972244 0 2 103 4787
-1979815 16898 1 241
-1981931 4 1 283133
-1981979 1184 1 137
-1982455 2097186 1 281
-1991684 0 2 233 2137
-1996964 1024 2 103 131
-2000647 520 1 5867
-2002039 48 1 9059
-2002616 33554444 1 3251
-2004356 0 1 501089
-2007092 0 2 151 3323
-2011976 67117056 1 5351
-2015396 2048 1 12289
-2016623 4 1 288089
-2024420 2 1 101221
-2029471 4096 2 109 433
-2033720 33554450 1 3911
-2036311 32 1 119783
-2038340 2 1 101917
-2038759 4128 1 2789
-2039815 131074 1 6089
-2043896 33554432 1 255487
-2044292 524288 1 7001
-2053988 0 2 181 2837
-2054959 512 2 151 439
-2055559 8 1 186869
-2062244 512 1 16631
-2067143 80 1 8369
-2073476 0 2 257 2017
-2075972 32 1 30529
-2076743 2097152 2 131 191
-2077220 2 2 283 367
-2079895 2 1 415979
-2080916 0 2 673 773
-2082824 67108864 2 167 1559
-2087960 33554438 1 7457
-2090359 4096 2 173 281
-2093192 67117120 1 293
-2094104 33554624 1 599
-2097371 1048576 2 139 191
-2098727 128 1 91249
-2098904 35651840 1 109
-2106419 548 1 571
-2109079 4 2 503 599
-2109319 65536 2 151 229
-2112356 0 2 359 1471
-2114183 128 1 91921
-2116664 33685512 1 359
-2118655 14 1 5503
-2130296 33554436 2 109 349
-2147492 0 2 257 2089
-2148296 67108864 1 268537
-2148611 0 2 751 2861
-2150132 128 1 23371
-2155331 0 2 1021 2111
-2155844 262144 1 7591
-2156276 0 2 701 769
-2157620 2 1 107881
-2160631 8 2 103 1907
-2164196 0 1 541049
-2164904 67239940 1 577
-2165695 4102 1 1439
-2171455 26 1 3037
-2172356 512 1 17519
-2174095 14 1 5647
-2184031 262208 1 1619
-2187656 67108864 1 273457
-2187679 112 1 521
-2194823 262208 1 1627
-2199380 2 2 277 397
-2199860 18 1 8461
-2201771 4194328 1 173
-2204312 33555464 1 677
-2219924 4 1 79283
-2234228 262144 1 7867
-2234996 0 2 349 1601
-2235967 0 2 211 10597
-2236424 67108864 1 279553
-2242244 0 1 560561
-2245451 16400 1 3259
-2249624 41943056 1 223
-2250212 0 2 359 1567
-2252459 392 1 307
-2253908 128 1 24499
-2257556 4 1 80627
-2257796 0 1 564449
-2257855 16777250 1 263
-2259131 524292 1 4421
-2260255 2 2 251 1801
-2264276 4 2 193 419
-2267423 2304 1 1907
-2267876 16 1 43613
-2268731 0 2 353 6427
-2270099 4624 1 131
-2273096 67108868 1 40591
-2278615 2 2 353 1291
-2279204 65536 1 9341
-2287076 32776 1 881
-2288116 20480 1 251
-2292895 8202 1 887
-2295511 0 2 457 5023
-2303959 100 1 1019
-2307464 67108864 1 288433
-2308423 329744 0
-2311279 1024 1 62467
-2314903 524352 1 1669
-2319463 4192 1 167
-2322511 0 2 1163 1997
-2323135 34 2 151 181
-2325655 4354 1 373
-2327864 33554444 1 3779
-2328968 67109376 1 9391
-2341976 33554452 1 3217
-2344004 16 1 45077
-2344447 260 1 11549
-2346692 262144 1 8263
-2347091 0 2 173 13567
-2347615 262178 1 389
-2354119 192 1 5387
-2355476 128 1 25603
-2362724 20 1 6491
-2371364 4128 1 811
-2372311 0 2 269 8819
-2372411 0 2 191 12421
-2379031 32 1 139943
-2384815 258 1 16447
-2385140 514 1 3847
-2388991 264 1 7489
-2394343 4 1 342049
-2394680 33554434 2 131 457
-2395160 33554434 1 59879
-2396359 4 1 342337
-2396939 1048576 1 30341
-2399431 800 1 157
-2400980 2 1 120049
-2403128 33554452 1 3301
-2404376 33619984 1 379
-2405455 146 1 1609
-2408623 4 2 223 1543
-2409295 70 1 3623
-2409416 67108864 1 301177
-2410495 2 1 482099
-2414291 8 2 139 1579
-2414839 16516 1 283
-2419844 4 1 86423
-2421320 67108874 1 5503
-2425759 4100 1 8059
-2428663 2097408 1 1009
-2435780 2 1 121789
-2449684 128 1 26627
-2450996 8388608 1 6317
-2451251 8 1 222841
-2452183 0 2 157 15619
-2452615 74 1 2347
-2455640 33554442 1 5581
-2464040 67108866 2 229 269
-2466740 258 1 4253
-2467039 4096 1 57373
-2469079 524288 2 149 227
-2474840 33554434 1 61871
-2475487 4 1 353641
-2475668 16 1 47609
-2479028 0 2 443 1399
-2481560 33554434 1 62039
-2490871 0 2 227 10973
-2490872 33554432 1 311359
-2491999 256 1 85931
-2493655 66 1 26249
-2495816 67108864 2 223 1399
-2497160 67108866 2 163 383
-2501288 69206016 1 3767
-2501455 10 1 45481
-2501671 65536 1 41011
-2501864 67108864 2 277 1129
-2508068 0 1 627017
-2512820 2 1 125641
-2513239 0 2 727 3457
-2514728 68157568 1 173
-2515111 40960 1 907
-2516024 33554436 2 179 251
-2516455 66 1 26489
-2516599 16384 2 103 461
-2518015 264194 1 173
-2518280 67108866 2 157 401
-2518999 133124 1 131
-2521735 5122 1 317
-2540372 131072 1 9479
-2541059 16777216 2 139 181
-2541188 16 1 48869
-2544271 96 1 7877
-2547055 65542 1 1193
-2547272 67108884 1 3499
-2547391 12 1 33083
-2548388 0 1 637097
-2548495 2 1 509699
-2554772 520 1 1873
-2559380 524290 1 1753
-2564095 2 1 512819
-2565967 0 2 107 23981
-2566943 0 2 653 3931
-2567215 2054 1 1789
-2568151 0 2 113 22727
-2568488 67108880 1 24697
-2570744 33554440 2 131 223
-2572520 67633154 1 881
-2578715 17410 1 263
-2580740 2 1 129037
-2581220 2 1 129061
-2586632 67108864 2 313 1033
-2588743 4227360 0
-2589320 67108930 1 3407
-2592151 64 1 136429
-2594431 68 1 19507
-2596835 34 2 137 223
-2597432 33556480 1 7919
-2598655 32898 1 383
-2601895 2 1 520379
-2607967 4194304 1 29303
-2608927 256 1 89963
-2609215 6 2 127 587
-2617447 4 2 199 1879
-2621240 33554498 1 3449
-2626088 67108864 2 103 3187
-2628583 512 1 84793
-2632292 16 2 223 227
-2633935 2 2 709 743
-2634035 8388610 1 5431
-2634884 4 2 139 677
-2636168 67108992 1 14327
-2639876 1024 1 17837
-2642479 4100 1 8779
-2644580 2 1 132229
-2645972 16388 1 1783
-2646884 0 1 661721
-2647028 512 1 21347
-2647880 67125250 1 1249
-2649439 144 1 8861
-2650040 41943042 1 683
-2653859 16 1 204143
-2655812 0 2 157 4229
-2656447 64 1 139813
-2661380 2 1 133069
-2664415 18 2 179 229
-2672119 0 2 677 3947
-2673380 2 1 133669
-2676199 512 2 131 659
-2680235 4194370 1 317
-2683556 2129920 1 137
-2687204 528 1 1667
-2689735 194 1 1231
-2690852 256 1 23197
-2692279 0 2 223 12073
-2697944 33554432 2 293 1151
-2703007 2048 1 65927
-2705288 67108864 1 338161
-2705348 0 1 676337
-2709668 16 2 107 487
-2710999 0 2 277 9787
-2713892 0 2 397 1709
-2715179 2097152 1 32713
-2717972 2048 1 16573
-2718164 262176 1 563
-2721908 2052 1 2371
-2723807 0 2 787 3461
-2724404 512 2 127 173
-2725160 67108866 2 193 353
-2727131 2097416 1 103
-2727583 4194368 1 1613
-2730020 2 1 136501
-2731160 33554434 1 68279
-2731844 512 1 22031
-2733848 41943056 1 271
-2735108 0 1 683777
-2750888 67108868 1 49123
-2756143 2064 1 5171
-2756215 14 1 7159
-2756695 2 1 551339
-2757631 8320 1 2551
-2758472 67108864 2 499 691
-2762324 65536 1 11321
-2763140 2 1 138157
-2763731 0 2 349 7919
-2765432 33554432 1 345679
-2767879 0 2 787 3517
-2769559 16 1 213043
-2770327 132 1 17207
-2771311 0 2 401 6911
-2771912 67108888 1 2423
-2772248 50864128 0
-2772440 33554442 1 6301
-2772536 33570832 1 503
-2777939 256 1 95791
-2783095 6 2 131 607
-2783767 36 2 149 157
-2791931 0 2 157 17783
-2792360 67108866 1 69809
-2796244 8 2 103 617
-2802059 560 1 409
-2805752 33554432 1 350719
-2806159 1048576 1 35521
-2808655 34 2 173 191
-2812739 384 1 4217
-2812951 16777216 1 27851
-2816099 8216 1 419
-2820079 32 1 165887
-2821571 131200 1 1831
-2824388 68 1 5309
-2825044 128 1 30707
-2826724 0 2 263 2687
-2828579 48 1 12799
-2830516 272 1 1877
-2833624 33554432 2 127 2789
-2834335 8198 1 1723
-2835131 16 1 218087
-2835992 33554560 1 15413
-2837527 4108 1 857
-2839327 128 1 123449
-2839736 33554432 2 137 2591
-2842856 67141696 1 317
-2846815 4098 1 13241
-2848019 4096 2 107 619
-2849911 4096 2 191 347
-2858084 0 1 714521
-2859080 67108870 1 10211
-2861815 65546 1 853
-2862152 67371008 1 5039
-2865512 67141648 1 467
-2866331 272 1 7603
-2866568 67108928 1 18859
-2867780 2 2 223 643
-2872952 33556544 1 461
-2874247 0 2 223 12889
-2875235 65546 1 857
-2880584 67108868 1 51439
-2882164 0 2 317 2273
-2885108 16896 1 439
-2889391 0 2 367 7873
-2894132 131072 1 10799
-2897716 2048 1 17669
-2897828 16384 1 13669
-2901176 33554432 2 193 1879
-2901895 2 1 580379
-2903956 520 1 2129
-2904535 34 1 34171
-2909240 33554434 2 257 283
-2911259 16 2 239 937
-2913079 272 1 7727
-2915051 256 1 100519
-2918051 8519680 1 449
-2925487 64 2 107 1439
-2926024 67256320 1 103
-2929663 8 1 266333
-2932019 8388608 2 167 181
-2939047 4194304 1 33023
-2940535 82 1 2381
-2941447 16576 1 127
-2941543 8 1 267413
-2941688 33554432 1 367711
-2942335 65546 1 877
-2946971 65536 1 48311
-2957732 0 1 739433
-2965892 0 1 741473
-2967464 67141632 1 6287
-2972455 131138 1 467
-2972767 4 2 167 2543
-2973295 18 2 149 307
-2973515 258 1 20507
-2974399 0 2 1409 2111
-2974804 4 1 106243
-2978503 264 1 9337
-2979535 146 1 1993
-2980916 32800 1 743
-2985083 512 1 96293
-2988104 67108868 1 53359
-2994980 2 1 149749
-2997236 40 1 4007
-2999540 8194 1 3191
-3001028 262144 1 10567
-3003151 0 2 683 4397
-3004760 33554442 1 6829
-3007508 1028 1 2903
-3007519 0 2 193 15583
-3008584 69206144 1 197
-3009799 48 1 13619
-3013796 256 1 25981
-3015463 1544 1 239
-3019556 131136 1 593
-3022615 66 1 31817
-3023087 8192 2 131 491
-3025592 33554464 1 22247
-3029384 67108864 2 107 3539
-3032516 0 2 431 1759
-3035204 16384 2 103 139
-3040772 4 2 131 829
-3040903 0 3 131 139 167
-3042299 80 2 109 113
-3044959 4160 1 3727
-3045223 640 1 4271
-3045415 66 1 32057
-3049220 2 1 152461
-3049303 0 2 421 7243
-3050119 4198400 1 797
-3052811 0 2 1487 2053
-3069608 67108864 2 257 1493
-3069659 64 1 161561
-3071960 33619970 1 1259
-3072271 128 2 223 599
-3073268 8 1 69847
-3073811 1574928 0
-3074120 67108870 1 10979
-3079139 4 2 107 4111
-3080335 262146 1 8677
-3080455 6 2 283 311
-3080983 64 2 167 971
-3089540 2 2 179 863
-3093779 48 1 13999
-3101480 67108898 1 4561
-3101924 4 2 139 797
-3102491 68 1 23327
-3104612 4 1 110879
-3105320 67109122 1 2677
-3106436 16384 1 14653
-3107815 1026 2 107 157
-3108895 2 1 621779
-3111731 1048612 1 331
-3114008 33554432 2 419 929
-3116407 4 2 347 1283
-3117463 8256 1 3491
-3117848 37748992 1 151
-3123271 256 1 107699
-3126055 258 1 21559
-3129608 75498496 1 109
-3130052 1024 1 21149
-3130568 67108868 1 55903
-3132392 67108864 2 311 1259
-3132404 8 1 71191
-3133499 2097216 1 1987
-3135320 33554434 2 103 761
-3144491 132 1 19531
-3148811 1024 1 85103
-3151063 0 2 743 4241
-3154931 16464 1 241
-3160591 131204 1 293
-3161455 8202 1 1223
-3164948 16384 1 14929
-3166711 64 1 166669
-3169927 0 2 197 16091
-3171011 1024 1 85703
-3171103 16 1 243931
-3175135 524290 1 8699
-3180104 67109376 1 12823
-3180343 288 1 6451
-3184663 0 2 223 14281
-3186308 0 2 479 1663
-3189395 10 2 103 563
-3198488 35651584 1 4817
-3198871 16 2 103 2389
-3202451 132 1 19891
-3211204 0 2 239 3359
-3211931 64 1 169049
-3214820 6 1 22963
-3216260 2 1 160813
-3217256 67633156 1 787
-3223940 2 2 331 487
-3224584 67108872 1 36643
-3227876 65536 1 13229
-3229499 148 1 1543
-3230647 4 1 461521
-3231944 67108864 1 403993
-3234247 0 2 1031 3137
-3236579 32 1 190387
-3236935 82 1 2621
-3240260 66 1 8527
-3240731 16 1 249287
-3241592 33554432 1 405199
-3242228 520 1 2377
-3244063 0 2 181 17923
-3246884 0 2 199 4079
-3249736 67108868 1 58031
-3251647 4 1 464521
-3253615 1048578 1 8237
-3256999 3136 1 113
-3257012 1048584 1 937
-3257156 65540 1 1907
-3259076 16384 1 15373
-3259279 64 1 171541
-3263252 1056 1 1297
-3266767 1028 1 12613
-3268015 2 2 307 2129
-3270244 0 1 817561
-3278407 8 2 491 607
-3278839 512 1 105769
-3281336 33832960 1 109
-3283160 33554434 2 211 389
-3283331 0 3 103 127 251
-3284776 67108872 2 163 229
-3285611 4 2 131 3583
-3286568 67108864 2 109 3769
-3289207 2097280 1 1723
-3289451 72 1 15739
-3291092 4 1 117539
-3291415 130 1 28621
-3300728 33554432 1 412591
-3307019 1050624 1 1021
-3307855 514 1 21341
-3310184 67108864 2 149 2777
-3311144 67108864 2 127 3259
-3312943 1184 1 229
-3313684 8 2 127 593
-3314756 1024 1 22397
-3317444 16 2 131 487
-3325256 67109128 1 1303
-3326744 33555456 1 11239
-3326819 0 2 1283 2593
-3329624 33619968 1 6823
-3330007 0 2 313 10639
-3330223 16 2 113 2267
-3334520 33554438 1 11909
-3335095 2 1 667019
-3335435 258 1 23003
-3338552 33554436 1 59617
-3342727 1048672 1 131
-3348920 33554690 1 2887
-3350852 66048 1 443
-3351463 6144 1 1901
-3354415 2050 1 16363
-3356099 262144 1 47269
-3357343 525320 1 113
-3357731 16 2 181 1427
-3358088 67108864 2 107 3923
-3359335 2054 1 2341
-3367355 8404994 1 131
-3367940 66 1 8863
-3368792 33558532 1 1399
-3369343 0 2 271 12433
-3370472 67108868 2 139 433
-3374119 4 1 482017
-3380168 67371016 1 541
-3384008 67108864 1 423001
-3384151 128 1 147137
-3385576 67109120 1 14593
-3394015 4194562 1 263
-3402607 16 1 261739
-3404072 71303172 1 683
-3405496 37748736 1 4783
-3406015 2 2 571 1193
-3407047 4 1 486721
-3408424 67239936 1 6359
-3409355 2050 1 16631
-3417055 66 1 35969
-3425012 0 2 191 4483
-3426632 67109000 1 1693
-3427499 0 2 239 14341
-3428744 67117064 1 829
-3431383 0 2 107 32069
-3431771 4 2 139 3527
-3438127 12 1 44651
-3441320 67108866 2 227 379
-3441560 41943042 1 887
-3444583 2105344 1 883
-3447076 512 1 27799
-3453620 2 1 172681
-3453992 67108896 2 109 233
-3456548 0 1 864137
-3462596 16384 1 16333
-3463111 64 2 113 1613
-3463691 12 1 44983
-3463955 10 1 62981
-3465655 2 2 109 6359
-3465943 48 1 15683
-3469807 8 1 315437
-3470887 4 2 109 4549
-3473095 2 1 694619
-3473156 1048832 1 379
-3475115 6 1 99289
-3476168 67108864 1 434521
-3479527 64 2 367 499
-3480248 33689600 1 151
-3483560 67633154 1 1193
-3486296 33554440 2 173 229
-3488051 4 2 181 2753
-3490783 4096 1 81181
-3492856 33554432 1 436607
-3493064 68157440 1 5527
-3500579 64 1 184241
-3500708 32 1 51481
-3500939 262160 1 3793
-3504011 2098180 1 163
-3505931 24 1 24517
-3506795 2 1 701359
-3509252 0 1 877313
-3509407 8 1 319037
-3512915 262 1 3461
-3518819 561216 0
-3522196 32 1 51797
-3523352 33554468 1 3701
-3524296 67108864 1 440537
-3525016 33556488 1 977
-3527863 64 1 185677
-3531320 33554450 1 6791
-3534680 41943042 1 911
-3535112 67108868 1 63127
-3536468 8208 1 1447
-3537956 0 1 884489
-3538024 67108868 1 63179
-3538619 644 1 709
-3541183 0 2 367 9649
-3541316 512 1 28559
-3550472 67108864 2 379 1171
-3553112 33554432 2 601 739
-3553940 18 1 13669
-3554840 33554434 2 181 491
-3555848 67111936 1 293
-3556024 33554432 2 337 1319
-3557240 33554434 2 113 787
-3558616 33554432 2 163 2729
-3560180 18 1 13693
-3565259 4096 1 82913
-3568292 20 1 9803
-3571220 2 1 178561
-3573620 2 1 178681
-3574376 67108880 1 34369
-3575108 0 1 893777
-3580423 12 1 46499
-3582251 0 2 163 21977
-3583619 16 2 181 1523
-3587503 256 1 123707
-3591848 67108880 1 34537
-3594212 0 1 898553
-3596708 0 1 899177
-3597604 0 1 899401
-3600020 2 1 180001
-3600223 8 2 137 2389
-3601259 0 2 263 13693
-3601652 4325376 1 151
-3604835 530 1 1789
-3606392 33554432 1 450799
-3609635 4098 2 103 163
-3613640 67174402 1 1481
-3616019 65576 1 317
-3616207 4 2 359 1439
-3616952 33554432 2 431 1049
-3617240 33554442 1 8221
-3618676 0 2 431 2099
-3620099 292 1 1049
-3622207 262176 1 3001
-3626699 0 2 251 14449
-3631076 0 2 823 1103
-3632723 2048 2 251 353
-3634687 25182212 0
-3635023 68 2 151 181
-3636440 33554434 1 90911
-3637076 0 2 137 6637
-3637787 0 2 1213 2999
-3637892 64 2 151 317
-3643255 14 1 9463
-3643256 33554432 1 455407
-3648779 64 2 181 1061
-3654980 6 1 26107
-3657560 33619970 1 1499
-3660548 8192 1 19471
-3662168 33554432 2 229 1999
-3664063 272 1 9719
-3664136 67141636 1 1109
-3667220 2 1 183361
-3682135 2 2 151 4877
-3683311 32768 2 163 383
-3683768 33556488 1 1021
-3684055 2050 1 17971
-3688399 24 1 25793
-3689060 2 2 139 1327
-3693823 132 1 22943
-3694148 8388608 1 9521
-3694691 28 1 3691
-3709892 262144 1 13063
-3713972 16777472 1 317
-3715364 256 1 32029
-3724355 65538 1 12211
-3734228 32768 1 15823
-3745451 576 1 6359
-3749503 32 1 220559
-3749863 32784 1 4889
-3750779 0 2 547 6857
-3759635 42 1 4021
-3760232 69206020 1 809
-3762212 0 1 940553
-3763352 33554560 2 113 181
-3766543 8 1 342413
-3769172 40 1 5039
-3772735 66 2 151 263
-3775988 0 2 241 3917
-3777727 128 1 164249
-3783223 2097216 1 2399
-3784091 0 2 1229 3079
-3788168 67108864 2 359 1319
-3790379 524288 2 137 379
-3799139 786432 1 733
-3799396 0 1 949849
-3801368 37748800 1 281
-3803528 67108864 1 475441
-3807727 12 1 49451
-3808423 0 2 251 15173
-3811880 67108866 2 233 409
-3813515 130 1 33161
-3816244 0 2 701 1361
-3820760 33554562 1 4153
-3823592 67109120 1 16481
-3824935 514 1 24677
-3825812 1048576 1 12107
-3826235 6 1 109321
-3827407 128 1 166409
-3827695 2 1 765539
-3827768 33554692 1 2357
-3828488 67108992 1 20807
-3828932 16384 1 18061
-3833716 262144 1 13499
-3836120 33554690 1 3307
-3841115 130 2 127 263
-3842312 67108864 2 103 4663
-3843035 70 1 5779
-3846980 130 1 8363
-3848887 4164 1 673
-3849607 0 2 1471 2617
-3856327 0 2 463 8329
-3856351 0 2 113 34127
-3856516 0 2 173 5573
-3858055 2 2 109 7079
-3858308 0 1 964577
-3862936 33554444 1 6271
-3865903 256 2 109 1223
-3867083 8 2 317 1109
-3867583 335936 0
-3868772 0 2 293 3301
-3869156 0 1 967289
-3869720 37748738 1 1087
-3871687 64 1 203773
-3871979 0 2 419 9241
-3876008 67633152 1 6637
-3877235 66 1 40813
-3877688 33562624 1 10313
-3880292 262160 1 1051
-3885919 128 2 107 1579
-3887588 0 2 269 3613
-3891668 8 2 241 367
-3892955 1034 1 1913
-3893524 2048 1 23741
-3894632 67108900 1 4091
-3896459 4 2 233 2389
-3900788 4096 1 22679
-3906011 524288 1 53507
-3910024 67117056 1 10399
-3916207 0 2 379 10333
-3918020 2 2 227 863
-3924872 67108868 2 109 643
-3929143 64 2 227 911
-3934052 0 1 983513
-3935588 0 2 509 1933
-3937636 64 2 197 263
-3938911 2176 1 4177
-3940739 131080 1 5347
-3941623 4 2 139 4051
-3941651 260 1 19417
-3944555 17301506 1 107
-3946024 67112960 1 11471
-3946532 0 1 986633
-3950024 67108944 1 1999
-3951668 4 1 141131
-3954964 80 1 4003
-3956167 0 2 239 16553
-3962023 16 1 304771
-3967940 2 1 198397
-3970376 67108864 1 496297
-3973096 67108864 2 197 2521
-3976388 8208 1 1627
-3977695 2 1 795539
-3985259 32 2 359 653
-3995603 4096 1 92921
-4001476 1088 1 1423
-4001912 33554432 1 500239
-4002548 40 1 5351
-4003499 0 2 383 10453
-4008583 8480 1 173
-4008968 67108864 1 501121
-4012495 2 1 802499
-4012663 32 2 193 1223
-4013288 67108864 2 239 2099
-4013459 0 2 1549 2591
-4013828 20 1 11027
-4013912 33554436 2 229 313
-4014212 2097152 2 107 113
-4025240 33554434 2 103 977
-4025287 1048836 1 251
-4027207 0 3 113 157 227
-4027331 12 2 193 271
-4028708 1024 2 163 167
-4031527 0 2 263 15329
-4038932 65536 1 16553
-4046863 256 1 139547
-4051111 512 1 130681
-4052168 67125312 1 503
-4052243 16 1 311711
-4063687 0 2 331 12277
-4072331 1024 1 110063
-4075259 0 2 1907 2137
-4077151 131600 1 151
-4080223 132 1 25343
-4083635 258 1 28163
-4086899 0 2 163 25073
-4087748 4 1 145991
-4087928 33554576 1 1709
-4091555 82 1 3313
-4093112 33556480 1 12479
-4099076 0 2 569 1801
-4107727 48 1 18587
-4109047 0 2 401 10247
-4109768 67112976 1 919
-4109983 4096 1 95581
-4110164 0 2 263 3907
-4110371 0 3 151 163 167
-4111043 8320 1 3803
-4112339 12 1 53407
-4120696 33554432 1 515087
-4121671 0 2 251 16421
-4128440 33554690 1 3559
-4133767 136 1 16339
-4135876 0 2 431 2399
-4140548 1048576 1 13103
-4142584 33554432 1 517823
-4143188 524292 1 2027
-4147543 0 2 401 10343
-4148372 131200 1 673
-4148795 6 2 113 1049
-4149299 12 1 53887
-4150052 0 2 293 3541
-4151108 16 1 79829
-4154852 16 1 79901
-4155784 67108864 2 359 1447
-4156040 67108870 1 14843
-4169123 1028 1 16097
-4170968 33562624 1 11093
-4171160 33554438 1 14897
-4172647 64 1 219613
-4173535 258 2 107 269
-4176103 512 2 107 1259
-4177624 33554696 1 1637
-4187524 72 1 5009
-4188779 4 2 179 3343
-4190935 262 1 4129
-4191128 33554432 2 139 3769
-4194203 16 1 322631
-4195807 268 1 1879
-4196647 20 2 107 431
-4197539 3072 1 2767
-4198696 67109056 1 1201
-4202143 520 1 12323
-4203011 512 1 135581
-4204504 33554432 2 113 4651
-4204571 4 2 197 3049
-4212059 128 2 367 499
-4212068 4 1 150431
-4212463 2048 2 127 809
-4214120 67108866 2 137 769
-4214651 4 1 602093
-4214843 0 2 1531 2753
-4216472 33554448 1 40543
-4216568 33554432 1 527071
-4216927 1048 1 797
-4217044 16 1 81097
-4220168 67108864 2 419 1259
-4221380 2097154 1 2543
-4222255 1282 1 787
-4234084 1048576 1 13399
-4235287 4 2 167 3623
-4237556 16777248 1 617
-4237688 33554452 1 5821
-4245016 33554944 1 17117
-4247720 67108866 2 103 1031
-4250167 64 2 467 479
-4250360 33587202 1 1801
-4252996 8 2 163 593
-4253252 2097280 1 557
-4253983 0 2 313 13591
-4255220 2 2 137 1553
-4255423 16416 1 4723
-4256219 136 1 16823
-4257848 33554436 2 139 547
-4258955 2 2 151 5641
-4260788 68 1 8009
-4262699 36 2 113 317
-4264772 0 2 661 1613
-4269668 8208 1 1747
-4271476 8 2 193 503
-4272548 4 2 331 461
-4274771 0 2 191 22381
-4278424 33554464 2 163 193
-4279876 4096 2 149 167
-4289767 16640 1 2791
-4290727 1048580 1 7759
-4293784 33587208 1 827
-4294999 32 2 467 541
-4296680 67108866 2 163 659
-4299127 4 2 439 1399
-4300004 320 1 1951
-4301956 0 1 1075489
-4305343 68 1 32371
-4306420 2 2 197 1093
-4307560 67108866 2 113 953
-4309019 24 1 30133
-4313732 0 2 157 6869
-4319540 514 1 6967
-4325723 0 2 809 5347
-4327336 67108880 1 41609
-4328819 8388616 1 4057
-4331815 2 2 631 1373
-4332260 2 2 251 863
-4332676 1048576 1 13711
-4333096 67108896 2 151 211
-4333384 67109000 1 2141
-4338295 530 1 2153
-4339211 0 2 853 5087
-4340623 4 2 347 1787
-4341332 8519680 1 167
-4342628 0 1 1085657
-4346468 4 1 155231
-4350436 32 1 63977
-4351019 524352 1 3137
-4351988 64 2 173 331
-4360855 2 2 619 1409
-4363748 0 1 1090937
-4363807 4 1 623401
-4367704 33554440 1 49633
-4370660 6 1 31219
-4375444 0 2 107 10223
-4377535 16386 1 16519
-4377544 67110016 1 643
-4378379 8256 1 4903
-4380136 67108864 2 163 3359
-4383496 67108880 2 113 373
-4384052 0 2 1033 1061
-4386223 0 2 1733 2531
-4387204 4224 1 1109
-4389764 0 1 1097441
-4391051 4 1 627293
-4392847 0 2 103 42649
-4397108 0 2 607 1811
-4399748 32768 2 103 181
-4402355 262146 1 12401
-4403012 256 1 37957
-4403896 33554500 1 4139
-4405160 67108866 1 110129
-4409171 262192 1 281
-4411547 1028 1 17033
-4417028 12 1 14341
-4419316 8200 1 2137
-4419895 2 1 883979
-4421284 4 2 269 587
-4422692 0 2 997 1109
-4431220 34 1 13033
-4437535 2 2 349 2543
-4439576 33554432 2 269 2063
-4440020 18 1 17077
-4443731 0 2 181 24551
-4443895 2 1 888779
-4444280 33554434 2 137 811
-4446011 16384 2 149 563
-4446271 0 2 131 33941
-4449011 4 2 569 1117
-4449668 16384 2 139 151
-4450715 4098 2 127 163
-4451528 67108864 1 556441
-4453135 1026 1 24071
-4455076 0 2 487 2287
-4455160 33554434 2 127 877
-4466143 8 1 406013
-4466435 258 1 30803
-4466743 0 2 599 7457
-4471139 0 2 1481 3019
-4472647 0 2 191 23417
-4474820 6 1 31963
-4475767 0 2 167 26801
-4477396 12 1 14537
-4482436 4 1 160087
-4487915 1058 1 1427
-4488980 2 1 224449
-4495403 520 1 13183
-4506376 67108868 1 80471
-4515272 67108864 1 564409
-4516067 32 2 421 631
-4516456 67108868 1 80651
-4521976 33554432 1 565247
-4522015 2 2 457 1979
-4527044 128 1 49207
-4532983 20 2 109 457
-4535699 131140 1 509
-4536587 8 2 317 1301
-4537876 4100 1 3769
-4539332 4 1 162119
-4540955 2082 1 1303
-4544695 34 2 127 421
-4546712 33554432 2 467 1217
-4553764 0 1 1138441
-4555112 67108864 2 353 1613
-4555624 67108864 2 521 1093
-4557092 0 1 1139273
-4557640 67109122 1 3929
-4569803 516 1 21059
-4572836 1048832 1 499
-4572968 77856768 0
-4575127 1048832 1 1997
-4580095 530 1 2273
-4582015 2162690 1 181
-4582663 0 2 191 23993
-4586072 33562624 1 12197
-4588772 0 1 1147193
-4590463 0 2 347 13229
-4590872 33554456 1 4013
-4592056 33558532 1 1907
-4593899 0 2 503 9133
-4595291 0 2 499 9209
-4601623 16 2 307 1153
-4602971 32 1 270763
-4606820 2 1 230341
-4611908 68 1 8669
-4614484 8388612 1 1699
-4617016 33554944 1 18617
-4619672 33555456 1 15607
-4620548 16777216 1 11437
-4621640 67112962 1 2687
-4625243 4 2 223 2963
-4632196 0 2 397 2917
-4635556 0 2 463 2503
-4637012 0 2 1051 1103
-4640795 2 1 928159
-4644724 4 1 165883
-4646383 131076 1 9907
-4652116 4 1 166147
-4653272 50331664 1 443
-4654280 67108994 1 5059
-4658819 72 1 22291
-4662635 8194 1 19841
-4669567 4 1 667081
-4675640 33556482 1 2851
-4675691 8425536 0
-4677236 65792 1 661
-4692851 128 2 211 967
-4696580 6 1 33547
-4698008 33558532 1 1951
-4700047 8200 1 9091
-4702772 32768 1 19927
-4704728 33554692 1 2897
-4707320 33554434 2 137 859
-4709432 33554452 1 6469
-4719463 2097156 1 8123
-4729352 67108992 1 25703
-4732808 67108864 1 591601
-4735448 33554432 2 193 3067
-4737976 33562624 1 12601
-4740539 0 2 367 12917
-4744615 34 1 55819
-4746371 68 2 127 281
-4747880 67109122 1 4093
-4750351 128 2 241 857
-4752680 67108866 2 131 907
-4752703 512 1 153313
-4755076 0 1 1188769
-4758376 67109380 1 2741
-4761299 128 1 207013
-4764440 33554498 1 6269
-4765268 0 2 467 2551
-4765444 512 1 38431
-4765859 1028 1 18401
-4766756 0 2 487 2447
-4767463 4194464 1 137
-4769863 4 1 681409
-4770244 0 1 1192561
-4772840 67108866 1 119321
-4774084 4 1 170503
-4775780 2 1 238789
-4778584 33824768 1 179
-4778948 0 2 613 1949
-4782548 0 2 131 9127
-4785272 33554432 1 598159
-4786580 2 1 239329
-4787720 67108870 1 17099
-4791032 33554688 2 107 193
-4792868 0 1 1198217
-4794452 16 2 137 673
-4797155 10 1 87221
-4798955 518 1 4423
-4799047 8 2 293 1489
-4800008 67109056 1 1373
-4800548 0 2 359 3343
-4802455 4102 1 3191
-4803848 67108868 2 109 787
-4806436 0 2 911 1319
-4808287 264 1 15073
-4811531 8320 1 4451
-4814072 33554432 1 601759
-4815752 67108864 1 601969
-4818995 2 1 963799
-4819835 262146 1 13577
-4821572 4 1 172199
-4826164 36 1 10139
-4827976 67109056 1 1381
-4831139 65792 1 2731
-4831859 32 1 284227
-4835240 67108866 2 109 1109
-4847716 0 2 509 2381
-4848872 67108868 1 86587
-4853267 8704 1 3331
-4857608 67108868 1 86743
-4862891 8 2 653 677
-4862939 512 2 103 1523
-4863032 33554944 1 19609
-4864744 75497472 1 6269
-4867684 133120 1 443
-4870495 1030 1 3761
-4872872 67371136 1 373
-4873268 0 2 347 3511
-4873979 8 1 443089
-4879139 0 2 677 7207
-4880887 4136 1 607
-4881368 33554432 2 173 3527
-4882292 0 2 239 5107
-4882472 67108868 1 87187
-4884131 4 1 697733
-4885015 4098 1 22721
-4887844 16 1 93997
-4891448 33554432 2 137 4463
-4895012 0 1 1223753
-4895912 67108868 1 87427
-4897763 1048656 1 251
-4899188 68 1 9209
-4899223 4 2 109 6421
-4900820 2 2 317 773
-4903960 33554434 1 122599
-4904147 64 1 258113
-4905995 2 1 981199
-4907732 0 2 787 1559
-4908068 8 2 331 337
-4910312 67108872 1 55799
-4912663 516 1 22639
-4915208 67108864 2 463 1327
-4920995 2 1 984199
-4925887 1048704 1 2711
-4926724 2056 1 2731
-4927748 4 1 175991
-4928104 67109888 1 16649
-4935395 2 1 987079
-4937263 1048576 1 62497
-4937339 520 1 14479
-4940116 0 2 151 8179
-4945220 6 1 35323
-4947395 2 1 989479
-4949023 4194336 1 3271
-4952792 33554448 1 47623
-4954183 16 2 179 2129
-4957384 67112960 1 14411
-4961432 33554500 1 4663
-4965608 67108992 1 26987
-4966259 16384 1 93703
-4968376 33554436 1 88721
-4969748 132 1 7717
-4970647 104 1 1399
-4976452 16 1 95701
-4982840 33558530 1 2897
-4983092 64 2 173 379
-4983764 0 2 131 9511
-4984643 0 2 229 21767
-4985147 0 2 227 21961
-4987423 4 1 712489
-4989823 2080 1 7159
-4992967 4 1 713281
-4997972 4 2 103 1733
-5004155 18 2 167 461
-5004724 0 2 131 9551
-5004964 0 2 191 6551
-5005355 65538 1 16411
-5006836 0 2 283 4423
-5009768 67109056 1 1433
-5011876 0 2 389 3221
-5013512 67108868 1 89527
-5018411 16384 1 94687
-5024435 50 1 4547
-5025992 67117056 1 13367
-5026276 0 2 233 5393
-5026532 4 1 179519
-5027960 33554438 1 17957
-5029144 33554464 1 36979
-5030743 0 2 281 17903
-5030852 0 1 1257713
-5033048 33816576 1 8861
-5033236 4112 1 2251
-5033896 67108868 1 89891
-5034068 16 2 131 739
-5035688 67108868 1 89923
-5036647 12 2 149 439
-5040196 4 1 180007
-5041255 32898 1 743
-5041427 0 3 157 163 197
-5041688 33556544 1 809
-5041927 8 1 458357
-5052548 128 1 54919
-5059787 1024 1 136751
-5060792 33554440 2 131 439
-5061779 0 2 659 7681
-5063476 8 1 115079
-5066740 6 1 36191
-5067007 8 1 460637
-5068852 1280 1 1181
-5071576 37748768 1 419
-5073223 0 2 227 22349
-5073247 64 2 137 1949
-5076515 66 1 53437
-5078291 32 1 298723
-5078840 33554450 1 9767
-5079895 130 2 163 271
-5083403 16 1 391031
-5083816 67109152 1 1289
-5084291 0 2 911 5581
-5088308 4194304 1 14293
-5093843 64 2 127 2111
-5097587 327688 1 107
-5097812 128 1 55411
-5100491 33032 1 271
-5102363 16420 1 809
-5106223 0 2 1823 2801
-5114164 8200 1 2473
-5115128 33554432 1 639391
-5115635 6 1 146161
-5116187 131136 1 4019
-5117699 1048576 1 64781
-5118616 33554688 1 22063
-5120648 67125264 1 929
-5121992 67108864 1 640249
-5123651 524304 1 5399
-5129368 33620096 1 457
-5130367 524296 1 6389
-5132120 33554438 1 18329
-5134760 67108866 2 137 937
-5135291 2308 1 617
-5137087 64 2 167 1619
-5139736 33554436 1 91781
-5142827 0 2 257 20011
-5143331 0 2 149 34519
-5145556 16 1 98953
-5145992 67111168 1 541
-5148899 4 1 735557
-5151608 33554444 1 8363
-5154376 67108864 1 644297
-5159956 0 2 277 4657
-5165195 38 1 8681
-5168051 36 2 137 317
-5169332 4 2 353 523
-5170744 33554432 2 353 1831
-5176564 128 1 56267
-5176619 2084 1 1061
-5177987 0 2 281 18427
-5178980 2 1 258949
-5181227 16640 1 3371
-5181923 416 1 457
-5182255 65554 1 1307
-5185528 33554432 1 648191
-5186623 3088 1 263
-5186708 65792 1 733
-5189891 4 1 741413
-5191156 0 2 463 2803
-5193895 518 1 4787
-5206040 33554438 1 18593
-5210167 128 2 359 631
-5211316 40 1 6967
-5213767 16 2 389 1031
-5215531 0 2 431 12101
-5216147 128 1 226789
-5218327 16384 1 98459
-5218516 128 2 131 433
-5219987 0 2 857 6091
-5230687 12 1 67931
-5230715 6 2 199 751
-5234795 2 1 1046959
-5236952 33554468 1 5501
-5238968 33554436 1 93553
-5245924 0 1 1311481
-5255764 0 2 421 3121
-5255891 128 1 228517
-5258915 66 2 197 281
-5261723 512 1 169733
-5264164 0 1 1316041
-5266120 67108866 2 173 761
-5267528 67108868 1 94063
-5269327 68 1 39619
-5269396 8 1 119759
-5270852 0 1 1317713
-5272564 8 1 119831
-5273224 67109384 1 1933
-5280011 1032 1 12973
-5280247 4 2 227 3323
-5282555 514 2 173 197
-5285003 0 2 991 5333
-5285860 130 1 11491
-5285863 8 1 480533
-5287063 0 2 331 15973
-5287160 33554434 2 131 1009
-5287636 0 2 239 5531
-5291716 0 2 181 7309
-5293307 32 1 311371
-5293876 4 1 189067
-5302328 33554560 1 28817
-5303531 0 2 163 32537
-5305144 33554704 1 1759
-5311364 0 1 1327841
-5312552 67108932 1 4993
-5313556 0 2 307 4327
-5317787 32 2 103 3037
-5319107 262208 1 3943
-5319512 33554440 1 60449
-5320931 76 1 3637
-5323451 4 2 109 6977
-5325343 0 2 2269 2347
-5327288 33554944 1 21481
-5329423 8 1 484493
-5331659 131616 1 151
-5333627 16 1 410279
-5336888 33572864 1 307
-5338595 34 2 181 347
-5340127 6160 1 233
-5340635 2097186 1 757
-5342647 131200 1 3467
-5344699 8192 1 113717
-5345288 67108880 2 103 499
-5345828 0 1 1336457
-5347112 67108896 1 39317
-5351555 10 1 97301
-5352004 4 1 191143
-5354116 32 1 78737
-5355880 67108866 2 257 521
-5359595 2 1 1071919
-5365207 0 2 193 27799
-5365259 1024 1 145007
-5367755 258 1 37019
-5371523 0 2 151 35573
-5372440 33554498 1 7069
-5374360 33554434 1 134359
-5374931 0 3 107 191 263
-5376967 65536 2 181 487
-5377112 33554448 2 149 347
-5377688 34734080 1 127
-5385620 2 1 269281
-5386532 16908288 1 199
-5387012 0 1 1346753
-5388148 16777216 1 13337
-5388635 262 1 5309
-5390824 67112960 1 15671
-5392504 33554512 1 2729
-5394020 2 1 269701
-5400068 0 1 1350017
-5400995 2 1 1080199
-5412488 67108864 2 107 6323
-5412755 8706 1 743
-5413955 66 1 56989
-5415611 0 2 601 9011
-5416804 0 2 127 10663
-5417339 32 2 223 1429
-5418376 67108896 1 39841
-5419423 65536 1 88843
-5419927 262272 1 3319
-5424107 16 1 417239
-5426435 6 2 227 683
-5432435 1048610 1 809
-5432740 2 1 271637
-5434120 67633154 1 1861
-5434504 67239936 1 10139
-5434667 32772 1 13159
-5434927 0 2 137 39671
-5438027 4 1 776861
-5438171 16384 1 102607
-5440292 24 1 9511
-5440696 33554560 1 29569
-5441143 8192 1 115769
-5441339 0 2 1951 2789
-5443988 8 1 123727
-5444219 6422536 0
-5446744 41943040 1 7019
-5447348 0 2 953 1429
-5451188 256 1 46993
-5452280 33554946 1 4397
-5454856 67108872 1 61987
-5455624 67110912 1 16633
-5457556 16 1 104953
-5461352 67108912 1 3089
-5463160 33619970 1 2239
-5463827 1024 1 147671
-5464328 67108864 1 683041
-5465579 4194820 1 283
-5465651 262272 1 3347
-5466340 10 1 24847
-5466760 67108882 1 10513
-5467115 34 1 64319
-5474147 1048644 1 521
-5474660 66 1 14407
-5475572 64 1 72047
-5476595 2 1 1095319
-5477828 0 1 1369457
-5480407 2097152 1 66029
-5484539 0 2 2083 2633
-5487703 4112 1 9817
-5488324 0 1 1372081
-5492503 0 2 2029 2707
-5495795 66562 1 487
-5496068 0 2 397 3461
-5503183 12292 1 389
-5506087 0 2 449 12263
-5506328 33685504 1 10273
-5507051 136 1 21767
-5511059 0 2 349 15791
-5511995 98 1 3413
-5512264 67108864 1 689033
-5515576 33554440 2 233 269
-5515640 33554450 1 10607
-5516699 256 2 181 1051
-5518087 0 2 1373 4019
-5518628 0 1 1379657
-5519944 67108864 2 239 2887
-5520424 67108884 1 7583
-5521412 16 1 106181
-5524687 68 1 41539
-5530456 35651584 1 8329
-5533684 16 1 106417
-5533927 4 2 197 4013
-5534584 33554440 2 109 577
-5539268 4 1 197831
-5542696 67141632 1 11743
-5546987 8192 2 107 1103
-5547844 0 2 449 3089
-5549123 32 2 191 1709
-5555140 2 1 277757
-5555560 67108866 1 138889
-5561768 67108992 2 167 181
-5564647 8 1 505877
-5568196 4194304 1 15641
-5573764 68 1 10477
-5574611 4 1 796373
-5577304 33554432 2 239 2917
-5580488 67109920 1 1109
-5580755 16781314 1 257
-5580899 131584 1 2687
-5583463 32 1 328439
-5583967 64 1 293893
-5584139 8 2 199 2551
-5584280 33554450 1 10739
-5585236 2097152 1 16823
-5585819 0 2 1613 3463
-5591588 1024 1 37781
-5592260 2 1 279613
-5593063 4 2 223 3583
-5598004 0 2 907 1543
-5599384 33554436 1 99989
-5601364 32 1 82373
-5606836 0 2 229 6121
-5608132 0 2 479 2927
-5610367 132 1 34847
-5616248 33554504 1 3359
-5617531 32 2 491 673
-5618056 67108864 1 702257
-5623423 16 2 491 881
-5624339 2052 1 19597
-5626868 16 2 241 449
-5629331 8192 1 119773
-5629499 32 1 331147
-5629880 41943042 1 1451
-5633795 2 1 1126759
-5633915 6 1 160969
-5635379 0 2 283 19913
-5636195 2 1 1127239
-5637155 8421378 1 197
-5637727 1056 1 8963
-5643304 67108928 2 137 271
-5644835 6 1 161281
-5647924 256 2 181 269
-5649316 768 1 1571
-5650495 2 1 1130099
-5652587 0 2 941 6007
-5654659 32 2 139 2393
-5658008 33554464 1 41603
-5662216 67108868 1 101111
-5665979 8 1 515089
-5667016 67109056 1 1621
-5669572 0 1 1417393
-5673155 546 1 2153
-5674504 67108872 1 64483
-5678056 67108992 1 30859
-5680207 16 2 179 2441
-5680712 67108864 1 710089
-5681291 12 1 73783
-5682148 32 1 83561
-5687192 33556484 1 2477
-5691755 514 1 36721
-5692804 2097168 1 1319
-5695283 136 1 22511
-5695876 0 1 1423969
-5697160 67108870 1 20347
-5697347 0 3 113 127 397
-5699603 20 1 62633
-5699656 67110912 1 17377
-5704456 67108864 2 761 937
-5705795 98 1 3533
-5707096 33554432 2 601 1187
-5715827 524368 1 317
-5716447 8 2 131 3967
-5718392 33554528 1 2213
-5719207 16 2 173 2543
-5720612 262144 1 20143
-5723348 2097152 1 17239
-5723764 2080 1 2053
-5729236 0 2 191 7499
-5729867 56 1 2357
-5731331 64 1 301649
-5735428 0 2 113 12689
-5741348 0 2 367 3911
-5742968 33554444 1 9323
-5748491 4 2 587 1399
-5750168 33564672 1 373
-5750824 71305216 1 197
-5756948 544 1 2731
-5756983 8192 1 122489
-5763668 0 2 173 8329
-5769323 4 1 824189
-5769415 2 2 461 2503
-5771611 2624 1 239
-5772856 33554688 2 149 167
-5775655 4194306 1 12979
-5782235 2 2 797 1451
-5790152 67108864 2 479 1511
-5792555 2 2 229 5059
-5793556 64 1 76231
-5797067 0 2 1933 2999
-5799563 12 2 109 691
-5800015 18 1 89231
-5800651 0 3 103 199 283
-5803931 1028 1 22409
-5804147 256 2 263 761
-5805107 12 1 75391
-5806115 70 1 8731
-5808212 0 2 571 2543
-5812807 28 1 5807
-5813348 0 1 1453337
-5813380 2 1 290669
-5822296 33554976 1 1381
-5823343 0 2 131 44453
-5824612 128 1 63311
-5826916 0 2 103 14143
-5826995 2 1 1165399
-5830148 0 2 353 4129
-5831476 36 1 12251
-5832856 33554432 2 127 5741
-5835131 32 1 343243
-5835295 2 1 1167059
-5835563 0 2 163 35801
-5840312 34603008 1 9241
-5840483 8 2 227 2339
-5842643 0 2 151 38693
-5843588 0 2 1181 1237
-5845043 0 2 2377 2459
-5846612 8192 2 137 227
-5851979 4 1 835997
-5854783 40 2 131 239
-5861476 262144 1 20639
-5862131 520 1 17191
-5862227 4 1 837461
-5865304 33554432 2 587 1249
-5865515 131074 1 17509
-5868440 33554690 1 5059
-5874004 512 2 127 373
-5882459 2097192 1 379
-5884072 67108928 1 38711
-5884744 67239936 1 10979
-5887339 0 3 127 151 307
-5887864 33554432 1 735983
-5890735 524290 1 16139
-5891416 33554432 2 151 4877
-5892340 16777218 1 2917
-5892392 67108872 1 66959
-5892440 33554434 1 147311
-5892452 1048832 1 643
-5898212 65664 1 1051
-5899268 0 2 151 9767
-5899540 8388610 1 3041
-5900651 0 2 379 15569
-5904148 0 2 223 6619
-5905396 4 1 210907
-5905835 4114 1 2113
-5907059 0 2 283 20873
-5911960 33554434 1 147799
-5914280 67108866 2 199 743
-5916803 0 2 127 46589
-5924740 2 1 296237
-5928967 520 1 17387
-5932927 28 1 5927
-5938883 0 2 2029 2927
-5939603 0 2 631 9413
-5942840 50331650 1 1471
-5943220 2 1 297161
-5945492 2052 1 5179
-5946035 2 2 167 7121
-5947864 33554448 1 57191
-5949487 0 2 1487 4001
-5955316 0 2 139 10711
-5955635 6 2 263 647
-5956984 33554440 2 139 487
-5957363 512 1 192173
-5958103 0 2 193 30871
-5962952 67108864 1 745369
-5965115 18 1 91771
-5966852 4096 2 113 307
-5968036 0 1 1492009
-5968787 4104 1 12619
-5972980 18 1 22973
-5973059 65536 1 97919
-5974564 0 1 1493641
-5976088 33554688 1 25759
-5979827 32772 1 14479
-5980420 131074 1 4463
-5981012 128 1 65011
-5987747 1024 1 161831
-5989063 393216 1 1259
-5989715 2 2 317 3779
-5990963 8 2 157 3469
-5994436 4 1 214087
-5997908 4 1 214211
-5998456 33554432 1 749807
