-3671
-6791
-6863
-7703
-7727
-8087
-8807
-10487
-11903
-13196
-13487
-14207
-14684
-17863
-19379
-19687
-21991
-23819
-24044
-27164
-27452
-28663
-29191
-30796
-30812
-30908
-32348
-32579
-35023
-35228
-35468
-36007
-37591
-38219
-38239
-41948
-41983
-42124
-42299
-42703
-43756
-44012
-44108
-44531
-45131
-45964
-46691
-47116
-47612
-47756
-48491
-48947
-53047
-53147
-53644
-53948
-55903
-55927
-55931
-56828
-56972
-57059
-57203
-58892
-59723
-60428
-61403
-62627
-62956
-62983
-63463
-63823
-64067
-65644
-66188
-69203
-69772
-70508
-70636
-70988
-71011
-71411
-71452
-71963
-73571
-74348
-75148
-75436
-75683
-76204
-76667
-76883
-77708
-77867
-78059
-78412
-78732
-78748
-79372
-79411
-80428
-81707
-82163
-85691
-87964
-88492
-88588
-89164
-90499
-92524
-95596
-96587
-97459
-98731
-102931
-103084
-103468
-104491
-105388
-108844
-109036
-109171
-110059
-112163
-112396
-112876
-114652
-115523
-116524
-116764
-117388
-117571
-118732
-118819
-119723
-120556
-120947
-121283
-123052
-123923
-124699
-133324
-133612
-134059
-134188
-134851
-137491
-138412
-140092
-140332
-143483
-144028
-147148
-150364
-151483
-151651
-152332
-152539
-152956
-155299
-155692
-156683
-157291
-160723
-161548
-167932
-169612
-169667
-170572
-170812
-174019
-174331
-176236
-177147
-178348
-179203
-179899
-180043
-181036
-181612
-182668
-187651
-192652
-197371
-198508
-199267
-199523
-201139
-202387
-203659
-204172
-208588
-209548
-211867
-212188
-213292
-215692
-217747
-218003
-219187
-222043
-222619
-223243
-223612
-223708
-227371
-228652
-229699
-229819
-232108
-232523
-233419
-236779
-239587
-239731
-241867
-247948
-251932
-253852
-254827
-254899
-255292
-259459
-266491
-267643
-267763
-272539
-273187
-274147
-275827
-276499
-277708
-287788
-290803
-298483
-299539
-310243
-313147
-315148
-316003
-317587
-318508
-320563
-321187
-334651
-336571
-343051
-345547
-347692
-349507
-350107
-350563
-354139
-356467
-359692
-360187
-363043
-370723
-380803
-385267
-385939
-387307
-393667
-393772
-395107
-396523
-398491
-398731
-402043
-405091
-408403
-409027
-412147
-413443
-413548
-418603
-424867
-424939
-426763
-427243
-428227
-430411
-430987
-431203
-440731
-450403
-454603
-460147
-464587
-465187
-471619
-484867
-498787
-500443
-504403
-510907
-524899
-533227
-541507
-542323
-548227
-552883
-558787
-559747
-560107
-563467
-565387
-565723
-568723
-569083
-578827
-585883
-586363
-591067
-593707
-595123
-595963
-605347
-609163
-619987
-635347
-650563
-652243
-656923
-662083
-668803
-708667
-722467
-753547
-761203
-772963
-784723
-804043
-828787
-838363
-884227
-887203
-918283
-1030723
