-279551
-384479
-431903
-474359
-476423
-485063
-508919
-522623
-650591
-651191
-685103
-693871
-716279
-737279
-778079
-832943
-852799
-888959
-914951
-948407
-949471
-1004687
-1024711
-1048759
-1089551
-1105823
-1220239
-1233887
-1267127
-1338647
-1388719
-1391407
-1411127
-1412911
-1423943
-1445567
-1475567
-1515623
-1552619
-1590079
-1684223
-1761847
-1768831
-1790291
-1814807
-1831807
-1840231
-1850839
-1877479
-1906727
-1918967
-1920991
-1922339
-1985623
-2086111
-2093071
-2109647
-2122139
-2134399
-2151607
-2153551
-2215999
-2270447
-2272103
-2290231
-2294291
-2297359
-2304011
-2329879
-2364491
-2368039
-2387167
-2409487
-2413111
-2525191
-2539231
-2570327
-2579167
-2581687
-2581927
-2600599
-2618579
-2686471
-2695279
-2710571
-2714983
-2755967
-2760151
-2786411
-2796587
-2826899
-2833231
-2845303
-2961659
-3010811
-3013519
-3029099
-3061811
-3063391
-3093947
-3101339
-3102179
-3161407
-3257383
-3273343
-3291179
-3340811
-3373303
-3396751
-3407771
-3410311
-3478303
-3529303
-3560339
-3594131
-3608219
-3649903
-3679087
-3679183
-3692411
-3705343
-3706303
-3734531
-3746027
-3758791
-3785531
-3795031
-3801179
-3861967
-3887047
-3887623
-3912487
-3913543
-3924443
-3927611
-3997979
-4007219
-4016003
-4016219
-4041419
-4082651
-4085771
-4132903
-4136963
-4163651
-4163743
-4212727
-4224607
-4243307
-4251419
-4298843
-4317323
-4336859
-4340363
-4360567
-4363571
-4367383
-4379099
-4383439
-4413271
-4486187
-4498859
-4520983
-4570571
-4579423
-4583963
-4611127
-4614607
-4638659
-4693903
-4704487
-4735931
-4788011
-4828139
-4833947
-4883503
-4890971
-4896127
-4927067
-4939211
-4948571
-4991171
-5012407
-5033771
-5035571
-5053927
-5057291
-5071543
-5114699
-5115823
-5142779
-5148823
-5176879
-5183459
-5192051
-5335763
-5338427
-5356451
-5384147
-5389427
-5405459
-5440307
-5463179
-5499107
-5501647
-5518859
-5539187
-5590183
-5653783
-5661779
-5673827
-5695139
-5695783
-5696123
-5741987
-5788259
-5795407
-5833739
-5849507
-5952467
-5970703
-5987339
-6040667
