-274559 0 2 463 593
-285479 512 1 9209
-295151 512 1 9521
-295559 8388616 1 277
-301031 131072 1 4493
-302519 132 1 1879
-313535 524290 1 859
-318839 8388672 1 173
-334151 0 2 389 859
-334655 2 1 66931
-359159 1056 1 571
-370319 0 2 547 677
-386711 16 2 151 197
-388439 0 2 311 1249
-391511 6307840 0
-407591 0 2 113 3607
-418679 0 2 613 683
-419879 0 2 643 653
-427871 0 2 313 1367
-434639 1056 1 691
-439031 256 1 15139
-475895 6 1 13597
-501551 32 2 163 181
-514991 0 2 107 4813
-517559 4 2 107 691
-531695 4098 1 2473
-551279 0 2 541 1019
-561095 2 2 293 383
-568655 2 1 113731
-569615 1026 1 3079
-607919 16777232 1 463
-625655 2 1 125131
-638855 6 1 18253
-644495 2097154 1 1553
-646943 8 2 103 571
-674063 80 1 2729
-681815 66 1 7177
-683063 16777216 1 6763
-703055 2 1 140611
-718415 16386 1 2711
-722255 2 1 144451
-725735 2 2 173 839
-731879 512 1 23609
-733463 0 2 103 7121
-738455 2 2 113 1307
-742055 2 1 148411
-758255 2 1 151651
-763831 256 1 26339
-779204 2097152 1 2347
-812087 2304 1 683
-813215 18 1 12511
-814895 34 1 9587
-821119 2097168 1 761
-822623 0 2 109 7547
-834095 130 1 7253
-840836 0 1 210209
-847511 2052 1 2953
-848783 16 2 109 599
-877655 2 2 257 683
-879335 262146 1 2477
-882623 36 1 7417
-890087 8 1 80917
-890504 67108864 2 157 709
-906167 1088 1 1289
-910151 8388616 1 853
-911599 16 1 70123
-915704 33554688 1 3947
-924623 132 1 5743
-925439 0 2 149 6211
-934436 0 1 233609
-935927 16384 1 17659
-938327 4194320 1 811
-954983 128 1 41521
-957271 4 1 136753
-971135 10 1 17657
-974615 2 2 421 463
-978455 2 1 195691
-980671 0 2 293 3347
-1000943 8388640 1 607
-1006255 2 1 201251
-1007255 2 1 201451
-1015103 0 2 977 1039
-1016687 65540 1 2381
-1017764 8 1 23131
-1018343 64 1 53597
-1025576 67108896 1 7541
-1043384 33554432 1 130423
-1056455 2 1 211291
-1061615 131074 1 3169
-1068455 8388610 1 2203
-1077767 8390656 1 271
-1093496 33570816 1 2579
-1103791 16 2 197 431
-1108231 0 2 199 5569
-1111103 36 1 9337
-1111847 65544 1 1657
-1125863 0 2 491 2293
-1135364 64 1 14939
-1141304 33554432 2 179 797
-1141591 32776 1 1759
-1141607 4096 2 139 191
-1144904 67108864 1 143113
-1145183 16 2 137 643
-1159343 0 2 617 1879
-1167527 8192 1 24841
-1194743 40 1 6389
-1205816 33554496 1 7933
-1206404 0 1 301601
-1212527 1024 1 32771
-1216415 2 2 211 1153
-1225615 34 1 14419
-1231711 16 1 94747
-1235663 24 1 8641
-1236919 64 1 65101
-1252463 0 2 179 6997
-1263415 2050 1 6163
-1264039 4 2 359 503
-1266647 16384 1 23899
-1267279 262160 1 1373
-1277695 8194 1 5437
-1280696 33554432 1 160087
-1284959 8388624 1 1019
-1289687 4 1 184241
-1290815 16386 1 4871
-1293416 67108864 2 107 1511
-1294295 34 1 15227
-1306591 24 1 9137
-1308047 16 2 239 421
-1312184 33554432 1 164023
-1313183 0 2 653 2011
-1314031 0 2 149 8819
-1316423 9216 1 757
-1319636 0 2 103 3203
-1321607 4 1 188801
-1323887 16384 1 24979
-1324535 8388610 1 2731
-1325447 8192 1 28201
-1331684 0 1 332921
-1333951 0 2 827 1613
-1335151 0 2 127 10513
-1337096 67108864 2 397 421
-1340756 32 1 19717
-1345279 16 1 103483
-1345496 33554432 2 109 1543
-1381895 2 2 313 883
-1383023 1024 1 37379
-1386391 0 2 223 6217
-1395896 33554432 1 174487
-1397384 67108864 1 174673
-1402040 33554434 1 35051
-1405736 67108864 2 199 883
-1407535 4194306 1 3163
-1410439 32 2 163 509
-1414159 0 2 149 9491
-1420495 2 2 127 2237
-1427144 67108864 1 178393
-1437527 20 1 15797
-1453055 2 1 290611
-1456279 2056 1 3229
-1457336 33554432 1 182167
-1457636 0 2 307 1187
-1458335 2 2 263 1109
-1463015 2 2 227 1289
-1478087 131088 1 1697
-1481615 16386 1 5591
-1488439 3145728 1 227
-1493303 4 1 213329
-1499720 67108866 1 37493
-1506655 2 1 301331
-1511444 8 1 34351
-1511864 33554432 1 188983
-1513016 33554432 1 189127
-1513279 0 2 251 6029
-1516280 33554434 1 37907
-1524383 32772 1 3691
-1526456 33554432 1 190807
-1527527 0 2 1223 1249
-1531007 0 2 941 1627
-1531999 4 1 218857
-1532456 67108864 2 223 859
-1540244 0 2 419 919
-1540583 8 1 140053
-1542295 2 2 173 1783
-1544504 33554448 1 14851
-1553359 0 2 109 14251
-1560655 2 2 457 683
-1561016 33554432 1 195127
-1561615 10 1 28393
-1563295 524290 1 4283
-1565359 1024 1 42307
-1567279 4 2 181 1237
-1579423 0 2 283 5581
-1583479 64 1 83341
-1586455 18 1 24407
-1604959 0 2 197 8147
-1619927 0 2 571 2837
-1620344 33554440 1 18413
-1625255 2 1 325051
-1628431 4 1 232633
-1636340 2 1 81817
-1639364 0 1 409841
-1640696 33685504 1 3061
-1644655 2 1 328931
-1645544 67125248 1 3881
-1647263 0 2 773 2131
-1654136 33554440 1 18797
-1655567 524288 1 22679
-1658335 6 1 47381
-1659767 8650752 1 241
-1661864 67112960 1 4831
-1666703 4259840 1 307
-1678007 2048 1 40927
-1678159 4 1 239737
-1678831 12 1 21803
-1682579 0 2 257 6547
-1684879 4 2 313 769
-1693999 32 2 251 397
-1695295 6 1 48437
-1701944 33554496 1 11197
-1702039 320 1 3089
-1702159 32 2 223 449
-1708376 33554432 2 179 1193
-1709807 1032 1 4201
-1714135 2 2 131 2617
-1715171 8192 1 36493
-1734851 0 2 277 6263
-1741211 0 2 107 16273
-1741304 33554432 2 307 709
-1741951 16512 1 1429
-1743080 67108866 1 43577
-1743944 67109120 1 7517
-1745791 0 2 137 12743
-1748996 32768 1 7411
-1750856 67108864 1 218857
-1751839 1024 2 113 419
-1752503 64 1 92237
-1754504 67108864 1 219313
-1765943 524320 1 1423
-1766743 65544 1 2633
-1768823 262148 1 3559
-1771967 2098176 1 577
-1777460 2 1 88873
-1777496 33554436 1 31741
-1786964 512 1 14411
-1788344 33554432 1 223543
-1789207 4 2 233 1097
-1804103 8388612 1 2657
-1811239 4202496 1 433
-1817455 2 1 363491
-1821464 33554432 2 223 1021
-1824383 136 1 7211
-1825855 130 1 15877
-1827992 35651584 1 2753
-1843495 2 2 503 733
-1854983 16 2 293 487
-1856504 33554448 1 17851
-1858232 33554432 2 109 2131
-1869716 128 1 20323
-1877972 1024 1 12689
-1891159 0 2 947 1997
-1892024 33554432 1 236503
-1894499 1048576 1 23981
-1894855 130 1 16477
-1902799 1024 1 51427
-1907927 36 1 16033
-1908007 0 2 563 3389
-1908644 0 2 379 1259
-1908895 2 2 293 1303
-1911695 2 2 433 883
-1916024 33554440 1 21773
-1917991 32 2 257 439
-1919599 8 2 109 1601
-1927487 8389120 1 641
-1928903 0 2 139 13877
-1932103 1049600 1 661
-1936904 67108864 2 197 1229
-1945847 8256 1 2179
-1950743 256 2 137 491
-1951727 4096 1 45389
-1953511 4 1 279073
-1956644 0 1 489161
-1957223 2097152 1 23581
-1959236 0 2 131 3739
-1962463 32 2 241 479
-1969711 64 1 103669
-1970084 0 2 107 4603
-1975687 4 1 282241
-1979816 67174400 1 4057
-1981127 2097152 1 23869
-1982495 2 2 373 1063
-1986863 1024 1 53699
-2000431 8390656 1 503
-2001464 33554688 1 8627
-2003384 33554432 1 250423
-2006171 2048 2 167 293
-2006695 1026 1 10847
-2021311 0 2 457 4423
-2024291 0 2 929 2179
-2026519 40 1 10837
-2033636 8 1 46219
-2042903 0 2 223 9161
-2050520 33554434 1 51263
-2054503 8 1 186773
-2057051 160 1 5261
-2057551 0 2 239 8609
-2057912 33554432 1 257239
-2065231 4 1 295033
-2067512 33554432 2 109 2371
-2070367 131088 1 2377
-2070680 33554434 1 51767
-2072503 0 2 617 3359
-2074019 4096 2 139 347
-2076703 32 2 151 809
-2079860 2 1 103993
-2080964 0 1 520241
-2082991 0 2 167 12473
-2083927 0 2 241 8647
-2087588 0 1 521897
-2087972 0 1 521993
-2091527 32 1 123031
-2098472 67108864 2 461 569
-2100536 33554432 1 262567
-2105743 147456 1 593
-2108324 0 1 527081
-2110148 0 2 131 4027
-2139751 0 2 211 10141
-2143063 16 2 353 467
-2149951 262144 2 107 283
-2154260 2 1 107713
-2155367 256 1 74323
-2157055 130 1 18757
-2160767 4 1 308681
-2164879 320 1 3929
-2167736 33554432 1 270967
-2169128 67108880 1 20857
-2169572 64 1 28547
-2171576 33554440 1 24677
-2175080 67108866 1 54377
-2182388 16 1 41969
-2187716 0 2 251 2179
-2188255 2 1 437651
-2188520 67108866 1 54713
-2194616 33554432 2 397 691
-2198171 256 2 229 331
-2202887 0 2 937 2351
-2209352 67108864 2 277 997
-2222936 33554432 2 113 2459
-2233351 0 2 659 3389
-2236148 64 1 29423
-2242279 16 2 137 1259
-2246084 0 1 561521
-2251639 16 2 379 457
-2261144 33555456 1 7639
-2271583 64 1 119557
-2273063 16 1 174851
-2273636 0 2 131 4339
-2273924 0 1 568481
-2281519 32 1 134207
-2282215 18 1 35111
-2287796 4 1 81707
-2289299 0 2 307 7457
-2291540 2 1 114577
-2296831 0 2 1087 2113
-2298439 24 1 16073
-2304295 6 1 65837
-2309051 16448 1 2293
-2320808 67108868 1 41443
-2321695 8388610 1 4787
-2330696 67108864 1 291337
-2331991 0 2 953 2447
-2333455 2 2 593 787
-2342455 2 1 468491
-2343655 8194 1 9973
-2344663 0 2 709 3307
-2351071 512 2 149 509
-2357291 0 2 491 4801
-2358116 0 1 589529
-2360648 67108864 1 295081
-2363819 1280 1 2203
-2367271 0 2 977 2423
-2370308 0 1 592577
-2372383 2064 1 4451
-2377567 8388608 2 127 193
-2377796 0 1 594449
-2378648 33554496 1 15649
-2381167 128 1 103529
-2387576 33554432 2 149 2003
-2389880 33554434 1 59747
-2414276 0 1 603569
-2416340 2 1 120817
-2423819 524288 1 33203
-2431019 0 2 167 14557
-2431076 0 1 607769
-2434015 4098 1 11321
-2440376 33554432 1 305047
-2453336 33554432 2 449 683
-2459479 8 1 223589
-2463908 0 2 163 3779
-2465455 2 2 197 2503
-2465732 0 1 616433
-2469031 320 1 4481
-2473687 32 1 145511
-2482964 8 1 56431
-2485115 514 1 16033
-2490884 8 1 56611
-2499320 33554434 1 62483
-2499899 0 2 113 22123
-2506111 0 2 191 13121
-2509496 33554440 1 28517
-2511032 33554432 1 313879
-2519071 1024 2 103 661
-2519924 8 1 57271
-2521544 67108864 1 315193
-2526055 6 1 72173
-2527351 0 2 233 10847
-2537720 33554434 1 63443
-2537768 67108864 2 149 2129
-2543071 0 2 563 4517
-2546216 67109376 1 10267
-2550776 33619968 1 5227
-2552456 67108864 1 319057
-2556392 67108896 1 18797
-2560984 33554432 2 157 2039
-2565176 33554432 1 320647
-2570335 32770 1 8713
-2572499 1024 2 251 277
-2573239 1056 1 4091
-2575352 33554448 1 24763
-2577140 2 1 128857
-2578292 0 2 389 1657
-2595304 67125248 1 6121
-2601631 0 2 1163 2237
-2607611 6291456 1 353
-2611844 2097152 1 7867
-2614388 4 1 93371
-2616103 4 2 503 743
-2618695 131074 1 7817
-2625407 1048576 2 167 199
-2639816 67108864 1 329977
-2640415 4098 1 12281
-2641988 64 1 34763
-2647091 1280 1 2467
-2648023 4 1 378289
-2653096 67108992 1 14419
-2671831 0 2 1279 2089
-2676659 16384 1 50503
-2677303 0 2 179 14957
-2679487 0 2 337 7951
-2684503 16384 1 50651
-2691971 0 2 617 4363
-2693528 33554944 1 10861
-2694836 0 2 397 1697
-2698835 34 1 31751
-2704280 33554434 1 67607
-2711768 33554432 2 419 809
-2712644 8 1 61651
-2715055 6 1 77573
-2717551 64 2 281 509
-2717576 67109888 1 9181
-2721367 524296 1 3389
-2722235 2 2 443 1229
-2725355 34 1 32063
-2728183 0 2 821 3323
-2742823 0 2 379 7237
-2745272 33554496 1 18061
-2745647 2048 2 167 401
-2747060 2 1 137353
-2747219 0 2 701 3919
-2748344 33554432 1 343543
-2751860 2 1 137593
-2759287 160 1 7057
-2762836 4096 1 16063
-2768372 128 1 30091
-2770232 33558528 1 8053
-2772152 33554432 2 173 2003
-2773903 8 1 252173
-2775896 33554464 1 20411
-2779495 131074 1 8297
-2780167 16 1 213859
-2780291 1024 2 163 461
-2782244 0 1 695561
-2784751 0 2 599 4649
-2788952 33554464 1 20507
-2790724 0 1 697681
-2792756 2048 1 17029
-2797976 33570816 1 6599
-2801531 64 1 147449
-2803928 33554432 2 463 757
-2807699 16777216 1 27799
-2808179 40 1 15017
-2810623 128 1 122201
-2812184 33554432 2 157 2239
-2820223 16777220 1 3989
-2827255 2 1 565451
-2830259 64 1 148961
-2830331 516 1 13043
-2841476 8 1 64579
-2843048 67108880 1 27337
-2850008 33554436 1 50893
-2851591 2048 2 157 443
-2857928 67108864 1 357241
-2860255 2 1 572051
-2861791 8388608 2 163 181
-2866676 32 1 42157
-2873480 67108866 1 71837
-2873720 33554434 1 71843
-2875988 256 1 24793
-2878184 75497472 1 3709
-2880116 16777216 1 7129
-2881331 64 2 139 1091
-2881927 0 2 1373 2099
-2882116 0 2 307 2347
-2890196 16384 1 13633
-2893448 83886080 1 3581
-2900276 8192 1 15427
-2908676 0 1 727169
-2909252 0 1 727313
-2909579 0 2 199 14621
-2912623 4 1 416089
-2914231 1049600 1 997
-2916308 128 1 31699
-2918936 33554432 2 317 1151
-2919848 67108864 2 179 2039
-2924804 0 1 731201
-2926772 512 1 23603
-2928127 0 2 479 6113
-2932292 8 1 66643
-2952463 0 2 1427 2069
-2961415 2 2 587 1009
-2962724 0 1 740681
-2968052 0 2 499 1487
-2970584 33554432 2 449 827
-2975531 16 1 228887
-2976788 0 2 211 3527
-2985092 8 1 67843
-2986015 2 2 599 997
-2986495 2 2 457 1307
-2986903 0 2 1277 2339
-2986955 2 1 597391
-2993096 67108864 1 374137
-3001508 0 2 331 2267
-3012491 524544 1 1423
-3014095 6 1 86117
-3019832 33554432 2 211 1789
-3022111 0 2 1229 2459
-3028244 32 1 44533
-3035528 67108864 1 379441
-3041431 0 2 1523 1997
-3048655 8194 1 12973
-3050792 67108928 1 20071
-3054776 33554432 2 421 907
-3054836 4194304 1 8581
-3056219 0 2 1289 2371
-3060967 20 1 33637
-3061015 16386 1 11551
-3061076 0 2 751 1019
-3063247 40 1 16381
-3069535 6 1 87701
-3071791 4096 1 71437
-3081487 0 2 449 6863
-3086648 33554432 1 385831
-3088388 0 1 772097
-3090155 2 1 618031
-3091640 33554434 1 77291
-3095060 2 1 154753
-3096488 71303168 1 4349
-3098036 0 2 193 4013
-3099559 2080 1 4447
-3103976 67239936 1 5791
-3107455 18 1 47807
-3114535 2 2 409 1523
-3115604 0 2 239 3259
-3120724 32 1 45893
-3123895 2 2 163 3833
-3127379 128 2 227 599
-3129704 67239936 1 5839
-3133807 0 2 1493 2099
-3138055 2 1 627611
-3147055 2 1 629411
-3149288 67108928 1 20719
-3152651 524352 1 2273
-3162296 33554432 1 395287
-3167791 65544 1 4721
-3171716 0 1 792929
-3172663 16 2 109 2239
-3174824 67108928 1 20887
-3177779 520 1 9319
-3187951 16 2 251 977
-3188503 32 1 187559
-3188552 67108864 1 398569
-3193016 33554688 1 13763
-3194287 0 2 1619 1973
-3196739 20 1 35129
-3197924 0 1 799481
-3207919 24 1 22433
-3211903 1048576 2 109 373
-3215060 2 1 160753
-3219896 33554432 1 402487
-3225428 128 1 35059
-3227407 4194304 1 36263
-3227699 0 2 593 5443
-3228655 4098 1 15017
-3239732 0 2 829 977
-3244567 1024 1 87691
-3244804 0 2 547 1483
-3245695 2 2 563 1153
-3248359 128 1 141233
-3249299 131072 1 48497
-3254891 8320 1 3011
-3255176 67108864 2 109 3733
-3258548 128 1 35419
-3259331 0 2 1213 2687
-3259352 33619968 1 6679
-3260939 8 2 521 569
-3261655 2 1 652331
-3270068 0 2 257 3181
-3270895 16386 1 12343
-3271759 2048 2 199 401
-3272623 0 2 151 21673
-3274472 67108896 1 24077
-3274591 262176 1 2713
-3279659 0 2 389 8431
-3282611 64 2 197 877
-3284935 2 2 313 2099
-3287623 131072 1 49069
-3289979 12 1 42727
-3291103 0 2 139 23677
-3292111 64 2 163 1063
-3293791 16640 1 2143
-3301172 4 1 117899
-3301927 4128 1 4517
-3312392 67108864 1 414049
-3314104 33554432 2 349 1187
-3315524 0 1 828881
-3315535 2 2 457 1451
-3318248 67108864 2 103 4027
-3325592 33556480 1 10139
-3329771 1048576 2 113 373
-3333656 33554432 2 109 3823
-3335455 2 1 667091
-3352355 2 1 670471
-3352744 67633152 1 5741
-3353816 33554432 2 127 3301
-3355255 2 2 577 1163
-3355687 0 2 701 4787
-3355876 0 1 838969
-3356383 264192 1 1153
-3356455 1026 1 18143
-3362312 67108864 2 157 2677
-3363604 0 2 193 4357
-3365096 67108868 1 60091
-3369559 0 2 167 20177
-3372155 2 1 674431
-3372452 0 1 843113
-3383939 16 2 149 1747
-3384404 128 1 36787
-3385160 67108866 1 84629
-3386095 2 2 283 2393
-3397748 0 2 109 7793
-3402631 3072 1 2243
-3408344 37748736 1 4787
-3416455 6 1 97613
-3419023 32 1 201119
-3423799 16777216 2 109 311
-3424379 4 1 489197
-3426223 16777216 1 33923
-3428408 33554432 1 428551
-3437455 6 1 98213
-3440792 33554688 1 14831
-3442292 4 1 122939
-3446840 33554434 1 86171
-3448303 256 1 118907
-3450895 6 1 98597
-3450968 50331648 1 4271
-3451735 6 1 98621
-3452744 67108864 2 157 2749
-3456131 4 1 493733
-3461732 0 2 307 2819
-3462136 33554688 1 14923
-3462943 8 1 314813
-3472340 2 1 173617
-3474779 12 1 45127
-3476051 0 2 227 15313
-3476263 4 1 496609
-3476723 16777472 1 1187
-3497579 32768 1 59281
-3509939 32 1 206467
-3510967 1536 1 3061
-3512216 33562624 1 9341
-3515935 2 2 563 1249
-3516611 2052 1 12253
-3517331 1024 1 95063
-3520136 67109120 1 15173
-3524084 0 2 271 3251
-3527204 4096 1 20507
-3532451 16 2 281 967
-3532664 33554688 1 15227
-3536819 24 1 24733
-3538855 2 2 127 5573
-3542315 6 1 101209
-3557623 0 2 197 18059
-3558788 0 1 889697
-3562136 37748736 1 5003
-3562855 2 1 712571
-3564583 8 1 324053
-3565207 128 1 155009
-3565715 2 2 113 6311
-3569348 0 2 227 3931
-3572335 18 1 54959
-3579559 128 2 103 1511
-3582248 67108864 2 197 2273
-3585223 0 2 367 9769
-3587047 0 2 331 10837
-3589663 12 1 46619
-3591668 0 2 419 2143
-3593915 18 1 55291
-3597247 256 2 163 761
-3599588 64 1 47363
-3608651 64 1 189929
-3614315 131074 1 10789
-3618856 67108864 2 241 1877
-3624031 2048 2 157 563
-3629816 33554432 2 619 733
-3630008 33554432 2 587 773
-3631015 2 2 179 4057
-3632455 2 2 163 4457
-3638168 33554432 2 191 2381
-3639416 33554440 1 41357
-3639731 8388608 2 157 239
-3640879 8 2 479 691
-3648223 0 2 281 12983
-3650819 8192 2 173 449
-3665339 8388864 1 1303
-3670807 1028 1 14173
-3671816 67108864 1 458977
-3674696 67108864 1 459337
-3680335 8194 1 15661
-3682255 2 2 727 1013
-3682856 67239936 1 6871
-3683215 524290 1 10091
-3685876 0 2 577 1597
-3689527 544 1 7001
-3695743 16384 2 103 677
-3697903 8 2 379 887
-3711971 768 1 4129
-3714127 0 2 941 3947
-3714299 0 2 239 15541
-3714535 10 1 67537
-3716263 256 1 128147
-3721495 2 2 277 2687
-3729476 4096 1 21683
-3730772 0 2 181 5153
-3730936 33554440 1 42397
-3739979 2112 1 4801
-3741236 0 2 619 1511
-3742115 18 1 57571
-3742712 33554432 2 587 797
-3749048 33554432 2 211 2221
-3750055 2 2 787 953
-3757940 2 1 187897
-3759284 0 2 113 8317
-3760255 2 2 227 3313
-3766715 2 2 859 877
-3773240 33554434 1 94331
-3774728 67108864 1 471841
-3778772 524288 1 12941
-3779555 18 1 58147
-3784087 262144 2 223 239
-3794455 6 1 108413
-3795539 40 1 20297
-3795607 288 1 7699
-3798260 2 1 189913
-3799028 0 2 223 4259
-3806455 2 1 761291
-3817336 35651584 1 5749
-3818167 262144 1 53777
-3823859 16 2 107 2749
-3825443 0 2 593 6451
-3831943 0 2 113 33911
-3831956 0 2 401 2389
-3832148 64 1 50423
-3838207 16384 2 139 521
-3843151 16777232 1 2927
-3844255 2 1 768851
-3845252 0 1 961313
-3847988 0 2 389 2473
-3849727 4 2 293 1877
-3850516 1024 1 26017
-3853715 2 2 257 2999
-3854699 32 2 197 1151
-3857048 33554448 1 37087
-3874088 67125248 1 9137
-3874451 4 2 229 2417
-3874927 4 1 553561
-3880903 16 2 487 613
-3881732 0 1 970433
-3884468 4 1 138731
-3887768 33554432 2 443 1097
-3889076 0 2 307 3167
-3893383 528 1 9661
-3901183 24 1 27281
-3902468 0 2 491 1987
-3903272 67109376 1 15739
-3905528 33554440 1 44381
-3907384 33554448 1 37571
-3913115 258 1 26987
-3915544 33554432 2 263 1861
-3918932 524288 1 13421
-3920023 64 2 193 1069
-3934567 20 1 43237
-3940019 1024 1 106487
-3945992 67108864 1 493249
-3947528 67108880 1 37957
-3951812 0 2 283 3491
-3953287 16 1 304099
-3957316 8 1 89939
-3959335 130 1 34429
-3963332 0 2 787 1259
-3969512 67108864 2 127 3907
-3972116 32768 1 16831
-3977012 16 1 76481
-3978932 0 2 619 1607
-3982019 65792 1 2251
-3982139 4 1 568877
-3985187 128 2 163 1063
-3986743 0 2 191 20873
-3989915 2050 1 19463
-3992695 6 1 114077
-3993316 0 1 998329
-3994244 0 1 998561
-3994979 0 2 997 4007
-3997355 2 1 799471
-4001684 0 2 907 1103
-4002788 0 1 1000697
-4002895 18 1 61583
-4003988 4096 1 23279
-4005779 0 2 1301 3079
-4008371 65664 1 2857
-4013144 33554432 2 311 1613
-4013732 0 1 1003433
-4014995 130 1 34913
-4018424 33554496 1 26437
-4019167 4096 2 151 619
-4020920 33554434 1 100523
-4026424 33554432 1 503303
-4029223 8 1 366293
-4030663 20 1 44293
-4033663 0 2 151 26713
-4035188 32 1 59341
-4043555 2 2 137 5903
-4052531 132 1 25171
-4058216 67633152 1 6949
-4067956 0 2 229 4441
-4068872 67108864 2 229 2221
-4071608 33554432 1 508951
-4073263 4194304 1 45767
-4076455 2 1 815291
-4076468 8 1 92647
-4077140 2 1 203857
-4078423 0 3 131 163 191
-4080676 32768 1 17291
-4082143 16 2 193 1627
-4088852 0 2 487 2099
-4094884 0 1 1023721
-4097768 67108928 1 26959
-4098971 1024 2 139 797
-4099835 4098 1 19069
-4105691 64 2 281 769
-4107851 1032 1 10093
-4112195 2 2 863 953
-4123903 2052 1 14369
-4125103 32768 2 139 503
-4133432 33554432 1 516679
-4137919 32 2 401 607
-4139095 2 2 167 4957
-4143080 67108866 1 103577
-4143127 0 2 331 12517
-4145140 2 1 207257
-4150255 2 1 830051
-4152248 33554432 1 519031
-4156259 0 2 727 5717
-4156808 67108864 2 229 2269
-4157624 33554432 1 519703
-4158344 67108864 1 519793
-4160023 16388 1 11213
-4162292 64 1 54767
-4170515 8388610 1 8599
-4171303 128 1 181361
-4173032 71303168 1 5861
-4174447 0 2 857 4871
-4176847 131584 1 2011
-4186360 33554434 1 104659
-4187912 67108864 1 523489
-4200692 0 2 157 6689
-4201691 16 1 323207
-4202228 0 2 859 1223
-4205480 67108866 1 105137
-4207015 2 2 149 5647
-4208104 67108864 2 229 2297
-4212356 0 1 1053089
-4218488 33554432 2 149 3539
-4232795 6 1 120937
-4241743 264 1 13297
-4250408 67108896 1 31253
-4255091 512 2 317 433
-4255832 33554436 1 75997
-4256372 0 2 103 10331
-4257395 34 1 50087
-4259647 4 1 608521
-4260251 32 2 131 1913
-4266664 67108864 2 241 2213
-4266779 40 1 22817
-4268596 0 2 197 5417
-4279255 2 1 855851
-4279331 4 1 611333
-4283624 67108864 2 367 1459
-4284484 0 1 1071121
-4293391 0 2 829 5179
-4294331 1024 2 277 419
-4297508 0 1 1074377
-4302419 1048584 1 4951
-4307339 0 2 1381 3119
-4308788 8 1 97927
-4311659 40 1 23057
-4311943 1024 1 116539
-4316120 33554434 1 107903
-4317659 0 2 179 24121
-4317679 32768 1 73181
-4325284 4096 1 25147
-4325432 33554432 1 540679
-4329607 131072 1 64621
-4331972 0 1 1082993
-4335572 64 1 57047
-4337503 32768 1 73517
-4339663 128 1 188681
-4340819 4 1 620117
-4342456 33554432 2 149 3643
-4343383 65544 1 6473
-4345303 2048 1 105983
-4354232 33554432 1 544279
-4354643 262144 1 61333
-4361480 67108866 1 109037
-4361503 32 2 173 1483
-4364579 0 2 859 5081
-4368847 36 1 36713
-4370411 544 1 8293
-4377364 32 1 64373
-4387028 1048576 1 13883
-4392212 8 1 99823
-4393735 34 1 51691
-4393855 2 2 577 1523
-4393924 0 1 1098481
-4394455 18 1 67607
-4394948 0 1 1098737
-4410596 4096 1 25643
-4410635 2 2 173 5099
-4419992 33554432 2 569 971
-4421288 67108864 2 419 1319
-4426328 33554688 1 19079
-4426712 33554432 2 127 4357
-4430884 0 1 1107721
-4431044 0 2 739 1499
-4431992 33554432 2 131 4229
-4432868 8 1 100747
-4434703 20 1 48733
-4437299 5120 1 2789
-4438355 2 1 887671
-4438955 34 1 52223
-4448003 4 2 173 3673
-4453183 65540 1 10429
-4462139 8 2 227 1787
-4464347 256 2 257 599
-4466843 64 2 233 1009
-4473320 67108866 1 111833
-4475720 67108866 1 111893
-4477735 2 2 281 3187
-4488127 260 1 22109
-4489892 8 1 102043
-4493972 4 1 160499
-4494248 67108872 1 51071
-4495595 18 1 69163
-4503635 2 2 569 1583
-4507091 32 1 265123
-4508744 67108864 1 563593
-4509496 33558528 1 13109
-4511012 8 1 102523
-4512299 8 2 311 1319
-4513448 67108864 2 241 2341
-4515251 48 1 20431
-4515971 16384 2 139 613
-4519163 8 1 410833
-4523944 67112960 1 13151
-4525880 33554434 1 113147
-4526164 0 2 467 2423
-4526215 2 2 113 8011
-4534451 0 2 449 10099
-4539439 0 2 313 14503
-4542068 0 2 359 3163
-4552724 8 1 103471
-4555615 16386 1 17191
-4559143 0 3 109 151 277
-4560155 2 1 912031
-4564355 2 1 912871
-4571080 67108866 1 114277
-4573352 67108868 1 81667
-4573496 33555456 1 15451
-4575668 4194304 1 12853
-4575908 0 1 1143977
-4578155 2 1 915631
-4579384 33554432 1 572423
-4579448 33554688 1 19739
-4582595 2 2 383 2393
-4586612 16777216 1 11353
-4590607 4 2 103 6367
-4594139 8 1 417649
-4602548 4096 1 26759
-4609876 2048 1 28109
-4613192 67108864 1 576649
-4616767 128 2 181 1109
-4617428 0 2 283 4079
-4624207 4 1 660601
-4624303 16384 1 87251
-4632995 16386 1 17483
-4636052 0 2 421 2753
-4641044 256 1 40009
-4646767 0 2 1879 2473
-4650872 33685504 1 8677
-4652948 64 1 61223
-4653179 1048576 1 58901
-4653395 2097154 1 11213
-4653487 0 2 163 28549
-4655935 2 2 109 8543
-4662803 512 1 150413
-4663720 67108866 1 116593
-4671827 2048 1 113947
-4679699 2048 2 157 727
-4687615 2 2 197 4759
-4688168 67125248 1 11057
-4691171 4096 1 109097
-4691503 32768 2 131 607
-4697191 4096 2 313 349
-4705643 0 2 947 4969
-4707076 8 1 106979
-4711903 4 1 673129
-4712963 16777216 1 46663
-4727695 6 1 135077
-4728484 0 1 1182121
-4728655 2 1 945731
-4729172 4 1 168899
-4731755 6 1 135193
-4735259 0 2 233 20323
-4737563 128 1 205981
-4741783 8192 2 233 433
-4745672 67108864 1 593209
-4747211 1028 1 18329
-4749848 33554496 1 31249
-4755803 528 1 11801
-4759652 64 1 62627
-4764107 0 2 1789 2663
-4773295 2 2 127 7517
-4773967 16777224 1 4297
-4779971 4 2 331 2063
-4782659 4 2 397 1721
-4787983 0 2 359 13337
-4793819 0 2 821 5839
-4794367 768 1 5333
-4795135 2 2 751 1277
-4795172 0 1 1198793
-4801063 512 1 154873
-4801924 0 2 643 1867
-4804139 0 2 239 20101
-4804808 67108864 1 600601
-4806727 0 2 271 17737
-4807547 0 2 1907 2521
-4810324 4096 1 27967
-4810859 512 2 311 499
-4812007 131072 1 71821
-4812728 33554432 1 601591
-4816687 512 1 155377
-4816696 33554432 1 602087
-4817983 0 2 1069 4507
-4818920 67108866 1 120473
-4821844 1048576 1 15259
-4823383 512 1 155593
-4824731 0 2 233 20707
-4825595 2 2 883 1093
-4826372 0 2 827 1459
-4827127 0 2 853 5659
-4836392 67108872 1 54959
-4837172 64 1 63647
-4837255 2 1 967451
-4851059 0 2 107 45337
-4859435 6 1 138841
-4869055 34 1 57283
-4869847 0 2 701 6947
-4872728 33554436 1 87013
-4873924 8 1 110771
-4878059 0 2 1093 4463
-4878223 4 1 696889
-4878655 2 1 975731
-4878847 32 2 193 1487
-4881419 133120 1 1777
-4889699 327680 1 1129
-4890920 67108866 1 122273
-4890932 512 1 39443
-4895528 67108872 1 55631
-4906388 2048 1 29917
-4913647 64 1 258613
-4917655 2 1 983531
-4921211 32 2 337 859
-4922116 0 1 1230529
-4924715 2050 1 24023
-4934536 67108864 2 269 2293
-4935731 16512 1 4049
-4939183 8256 1 5531
-4939735 2 2 523 1889
-4940287 8 1 449117
-4941080 33554434 1 123527
-4942424 33554560 1 26861
-4948355 2 1 989671
-4970287 16388 1 13397
-4970404 0 1 1242601
-4970939 0 2 1201 4139
-4971611 128 1 216157
-4974251 32 2 227 1289
-4976884 8 1 113111
-4979459 0 3 107 173 269
-4984355 2 1 996871
-4985459 0 2 317 15727
-4985732 0 1 1246433
-4987876 0 2 139 8971
-4989515 2 2 113 8831
-4991863 32 1 293639
-4996931 0 2 283 17657
-4999480 33554434 1 124987
-5001419 16777344 1 2153
-5007727 524288 2 181 379
-5008499 0 3 113 127 349
-5011096 33554432 2 571 1097
-5017067 65544 1 7477
-5021047 131072 1 74941
-5021335 10 1 91297
-5024840 67108866 1 125621
-5035327 8 1 457757
-5035835 6 1 143881
-5041571 32 1 296563
-5042435 32770 1 17093
-5044024 33554432 2 131 4813
-5045720 33554434 1 126143
-5046920 67108866 1 126173
-5049103 4352 1 4049
-5049784 33554432 1 631223
-5052899 0 2 1619 3121
-5054219 32 2 127 2341
-5054584 33554688 1 21787
-5054647 16 2 503 773
-5055755 2 2 103 9817
-5059876 0 1 1264969
-5061967 0 2 907 5581
-5063603 288 1 10271
-5069795 2 2 197 5147
-5074015 262146 1 14293
-5074564 8 1 115331
-5076367 0 2 883 5749
-5079332 4096 1 29531
-5080532 0 2 193 6581
-5088703 0 2 587 8669
-5090023 65536 1 83443
-5092456 67108928 1 33503
-5094851 0 2 431 11821
-5095451 0 2 1999 2549
-5095979 4 1 727997
-5099287 0 2 599 8513
-5101204 0 2 229 5569
-5101811 24 1 35677
-5104091 128 2 313 709
-5106443 32 2 139 2161
-5116859 8 1 465169
-5120516 0 1 1280129
-5121176 33554432 2 277 2311
-5123252 0 2 137 9349
-5125880 33554434 1 128147
-5139332 8 1 116803
-5141044 131072 1 19183
-5142295 2 2 137 7507
-5145179 4194320 1 4447
-5147767 512 2 211 787
-5149355 130 1 44777
-5152139 1056 1 8191
-5152804 0 1 1288201
-5156836 32768 1 21851
-5157055 2 1 1031411
-5157908 4 1 184211
-5160212 0 2 179 7207
-5161355 2097154 1 12437
-5162939 0 2 1171 4409
-5165455 130 1 44917
-5165588 2097152 1 15559
-5168552 67108864 2 431 1499
-5169731 2052 1 18013
-5172179 256 1 178351
-5172367 1048576 2 233 281
-5174867 16384 2 251 389
-5180455 6 1 148013
-5182163 1048580 1 9371
-5183767 0 2 641 8087
-5186315 16386 1 19571
-5187155 8194 1 22073
-5197876 0 2 193 6733
-5201027 32784 1 6781
-5208587 8192 1 110821
-5211323 16 1 400871
-5217032 67108864 2 421 1549
-5218132 0 2 241 5413
-5218543 8 1 474413
-5219332 0 1 1304833
-5224004 0 1 1306001
-5224063 16 2 251 1601
-5225144 33554432 1 653143
-5225363 24 1 36541
-5227183 16 1 402091
-5232011 64 2 509 541
-5233444 4096 1 30427
-5237315 262146 1 14753
-5238920 67108866 1 130973
-5241607 4 1 748801
-5243819 16777220 1 7417
-5246260 2 1 262313
-5247512 33554432 2 521 1259
-5252312 33554448 1 50503
-5253224 67112960 1 15271
-5254504 67108864 2 337 1949
-5258072 33554432 2 281 2339
-5266259 0 2 1543 3413
-5267167 1114112 1 1093
-5276468 16384 1 24889
-5277463 32 1 310439
-5288171 4 2 151 5003
-5290783 4194304 1 59447
-5296628 0 2 283 4679
-5300263 0 2 349 15187
-5303459 4 2 647 1171
-5306344 67108864 2 107 6199
-5317663 80 1 21529
-5318648 33554432 2 733 907
-5325092 64 1 70067
-5335091 0 2 103 51797
-5338328 33554432 2 683 977
-5340035 2 2 103 10369
-5343035 2 2 317 3371
-5343860 2 1 267193
-5344628 4194304 1 15013
-5345528 33685504 1 9973
-5352055 2 1 1070411
-5354555 2 2 613 1747
-5360411 4 1 765773
-5362744 33554432 1 670343
-5372095 2 2 983 1093
-5373299 16384 1 101383
-5375167 4 1 767881
-5375411 256 1 185359
-5376851 0 2 1193 4507
-5380036 0 1 1345009
-5390767 2097152 2 107 607
-5393867 0 2 263 20509
-5396287 16 2 151 2749
-5398307 1048704 1 2971
-5398835 18 1 83059
-5401460 2 1 270073
-5401811 0 2 211 25601
-5403608 33554436 1 96493
-5405023 144 1 18077
-5405195 2 2 593 1823
-5407835 2 2 229 4723
-5410163 8 1 491833
-5412659 132 1 33619
-5418755 2 2 367 2953
-5419807 64 2 109 2617
-5419880 67108866 1 135497
-5421299 16 1 417023
-5428091 64 2 109 2621
-5429048 33554432 1 678631
-5438743 0 2 1277 4259
-5439032 33554432 1 679879
-5443748 0 2 179 7603
-5447215 258 1 37567
-5451752 67108864 2 523 1303
-5452087 288 1 11059
-5452984 33554432 1 681623
-5453339 65536 1 89399
-5455172 0 1 1363793
-5457604 0 1 1364401
-5459623 16 2 461 911
-5463668 4 1 195131
-5469487 256 1 188603
-5473691 64 1 288089
-5475515 66 1 57637
-5484107 0 2 487 11261
-5489579 1024 1 148367
-5492612 0 1 1373153
-5501315 2 2 479 2297
-5502052 0 1 1375513
-5502724 0 1 1375681
-5505608 67108864 1 688201
-5515067 262144 2 173 449
-5517332 128 1 59971
-5522776 33554436 1 98621
-5523419 40 1 29537
-5525236 0 2 691 1999
-5528372 128 1 60091
-5536568 33554432 1 692071
-5537527 16777216 2 109 503
-5537939 8 2 241 2089
-5541515 6 1 158329
-5551444 0 2 401 3461
-5554571 8 2 149 3389
-5559683 0 2 367 15149
-5564363 4 2 293 2713
-5566472 67108864 1 695809
-5567252 262144 1 19603
-5570296 35651584 1 8389
-5570644 0 2 131 10631
-5572955 2 1 1114591
-5573915 524290 1 15271
-5580196 4096 1 32443
-5581684 0 2 139 10039
-5591176 67108864 2 701 997
-5597723 16777280 1 2917
-5602760 67108866 1 140069
-5604488 67108864 1 700561
-5605955 2 1 1121191
-5626859 4 2 139 5783
-5629019 65544 1 8389
-5634136 33554432 2 739 953
-5635720 67108866 1 140893
-5641259 16 1 433943
-5642051 2048 2 241 571
-5648819 8 1 513529
-5650084 8 1 128411
-5661035 2 2 877 1291
-5664371 128 1 246277
-5672603 4352 1 4549
-5672644 0 1 1418161
-5676904 67174400 1 11633
-5685736 67108868 1 101531
-5688248 33554432 2 317 2243
-5692984 33554440 1 64693
-5702708 8 1 129607
-5704355 2 1 1140871
-5705503 2113536 1 1297
-5705912 33554432 1 713239
-5709463 0 2 947 6029
-5716015 2050 1 27883
-5719063 4 2 349 2341
-5724308 32 1 84181
-5729435 2 2 599 1913
-5731979 8200 1 11087
-5734859 32784 1 7477
-5740216 33554432 1 717527
-5741524 0 2 173 8297
-5743739 32 1 337867
-5746564 0 2 883 1627
-5746619 128 1 249853
-5751227 8388608 2 211 281
-5758835 34 1 67751
-5759435 10 1 104717
-5767396 0 1 1441849
-5768363 0 2 383 15061
-5769535 2 2 607 1901
-5770052 0 1 1442513
-5772299 48 1 26119
-5773576 67108864 1 721697
-5774792 67108864 1 721849
-5788163 0 2 631 9173
-5792296 67108864 2 131 5527
-5793604 0 1 1448401
-5795647 24 1 40529
-5796467 1048576 2 239 307
-5798680 33554434 1 144967
-5799299 8 1 527209
-5802004 16 1 111577
-5802184 67108864 1 725273
-5806091 0 2 1607 3613
-5811535 34 1 68371
-5817491 512 1 187661
-5819143 8 2 193 2741
-5819656 67109888 1 19661
-5824744 67108896 1 42829
-5832616 67108992 1 31699
-5835155 2 2 337 3463
-5836259 24 1 40813
-5839096 33554432 2 173 4219
-5839892 262144 1 20563
-5842859 8 1 531169
-5844692 4 1 208739
-5847055 2 1 1169411
-5847604 4 1 208843
-5849012 16 1 112481
-5850007 0 2 1823 3209
-5851307 12 1 75991
-5855972 0 2 347 4219
-5859731 0 2 109 53759
-5860808 67108864 1 732601
-5872808 67108864 2 269 2729
-5873963 0 2 2143 2741
-5876387 8 2 719 743
-5885491 16384 2 293 379
-5898299 16777224 1 5309
-5901539 524292 1 11549
-5906963 0 2 397 14879
-5907847 32776 1 9103
-5908568 34603008 1 9349
-5912215 2 2 227 5209
-5915288 33554432 2 463 1597
-5915912 67108864 2 389 1901
-5917955 34 1 69623
-5918459 0 2 199 29741
-5919860 2 1 295993
-5920328 67108864 1 740041
-5920547 4194304 1 66523
-5920868 0 2 739 2003
-5921819 65536 2 193 503
-5924404 0 2 709 2089
-5929187 1048584 1 6823
-5933560 33554434 1 148339
-5935208 67108864 2 491 1511
-5941811 0 2 1531 3881
-5942555 2 1 1188511
-5946196 1024 1 40177
-5947615 8194 1 25309
-5962280 67108866 1 149057
-5964916 0 2 109 13681
-5967007 64 2 509 617
-5969699 0 2 751 7949
-5969771 32 2 433 811
-5972531 0 2 499 11969
-5973779 4 2 281 3037
-5978867 1024 1 161591
-5982259 0 2 1907 3137
-5983043 72 1 28627
-5983567 0 2 163 36709
-5988827 16 2 337 1367
-5993528 33554432 2 197 3803
-5998712 33554432 2 277 2707
