-262631 0 2 181 1451
-305591 24 1 2137
-331631 1024 1 8963
-334871 0 2 257 1303
-369311 128 1 16057
-375839 64 2 131 151
-398639 64 1 20981
-407711 288 1 827
-410591 81920 1 127
-414935 514 1 2677
-495767 8388672 1 269
-521303 64 1 27437
-538271 32 1 31663
-539855 2 1 107971
-542255 6 1 15493
-544751 1024 1 14723
-547631 4 1 78233
-572615 262146 1 1613
-586655 2 1 117331
-590591 0 2 229 2579
-592055 2 1 118411
-602471 1088 1 857
-603455 2 1 120691
-607271 4 1 86753
-629399 0 2 353 1783
-630359 0 2 593 1063
-630791 8388612 1 929
-644855 2 1 128971
-653591 128 2 157 181
-675815 6 1 19309
-681887 32 1 40111
-682655 2 1 136531
-685655 2 1 137131
-700727 524544 1 331
-710039 40 1 3797
-710759 4 1 101537
-713855 2 1 142771
-735911 8 2 149 449
-747031 32 1 43943
-748895 6 1 21397
-749087 128 1 32569
-757844 2048 1 4621
-759335 66 1 7993
-761615 66 1 8017
-779255 2 1 155851
-786023 4 1 112289
-792911 4 2 227 499
-797156 0 1 199289
-798983 4128 1 1093
-800639 4 1 114377
-826727 40 1 4421
-854735 6 1 24421
-867236 64 1 11411
-871319 0 2 263 3313
-872663 8 1 79333
-876215 514 1 5653
-879455 2 1 175891
-887231 0 2 277 3203
-889976 33570816 1 2099
-898943 32 1 52879
-903439 4194304 1 10151
-906884 8 1 20611
-911336 67108896 1 6701
-927215 2050 1 4523
-939527 128 1 40849
-953255 2097154 1 2297
-966887 0 2 947 1021
-970463 80 1 3929
-979711 0 2 359 2729
-991439 64 1 52181
-992327 4 1 141761
-992783 40 1 5309
-997823 64 1 52517
-1020383 20 1 11213
-1028255 2 1 205651
-1032143 4 1 147449
-1035623 32 1 60919
-1047991 4 1 149713
-1058084 2097152 1 3187
-1063199 0 2 367 2897
-1064216 33554432 2 137 971
-1065679 32 1 62687
-1088495 2 2 293 743
-1091735 8388610 1 2251
-1092031 2129920 1 223
-1102103 8192 2 131 179
-1104527 65600 1 953
-1111736 33554432 1 138967
-1113031 1572864 1 193
-1113047 16 1 85619
-1114535 16777218 1 2207
-1114879 128 1 48473
-1121336 33554432 1 140167
-1125983 2304 1 947
-1130543 2113536 1 257
-1154599 0 2 181 6379
-1174103 4 1 167729
-1176776 67108864 1 147097
-1178255 18 1 18127
-1182536 67125248 1 2789
-1194167 8388624 1 947
-1196015 2 2 251 953
-1199876 0 1 299969
-1200055 2 1 240011
-1203407 1048576 1 15233
-1226591 0 2 409 2999
-1242776 33587200 1 2633
-1246583 16 1 95891
-1253663 0 2 881 1423
-1253671 1536 1 1093
-1258916 0 2 347 907
-1281055 2 1 256211
-1287956 0 2 149 2161
-1288664 33554448 1 12391
-1310671 0 2 431 3041
-1311224 33554432 2 251 653
-1322564 0 1 330641
-1323271 524288 1 18127
-1324004 8 1 30091
-1325624 33554432 1 165703
-1326536 67108864 1 165817
-1330159 128 2 151 383
-1331239 20 1 14629
-1334015 2 2 479 557
-1348295 18 1 20743
-1355455 2 2 173 1567
-1359199 0 2 347 3917
-1367096 33554432 1 170887
-1369039 4 2 257 761
-1380023 384 1 2069
-1382855 2 2 233 1187
-1402655 130 1 12197
-1417796 4096 1 8243
-1417855 2 1 283571
-1421624 35651584 1 2141
-1446296 33554432 2 347 521
-1446968 33554432 1 180871
-1447784 67108880 1 13921
-1456244 0 2 151 2411
-1457567 0 2 227 6421
-1465544 67109120 1 6317
-1466324 2048 1 8941
-1467080 67108866 1 36677
-1468351 262144 1 20681
-1470596 0 1 367649
-1476404 2097152 1 4447
-1479023 20 1 16253
-1487495 8388610 1 3067
-1496807 8388624 1 1187
-1496936 67108868 1 26731
-1504279 36 1 12641
-1505839 262144 2 127 167
-1514120 67108866 1 37853
-1517551 4 2 431 503
-1519304 67108864 1 189913
-1519823 0 2 389 3907
-1525304 33554440 1 17333
-1529336 33554432 2 149 1283
-1529911 0 2 193 7927
-1532219 4112 1 2741
-1536143 516 1 7079
-1536623 264 1 4817
-1548536 33554440 1 17597
-1549976 33554432 2 313 619
-1558244 0 1 389561
-1562911 4 1 223273
-1564135 2097154 1 3769
-1567295 2 2 167 1877
-1571864 33554436 1 28069
-1576916 8 1 35839
-1577063 512 1 50873
-1582039 0 2 127 12457
-1582676 128 1 17203
-1585316 0 2 251 1579
-1593319 20 1 17509
-1601431 8208 1 2621
-1604671 8650752 1 233
-1605716 4 1 57347
-1612471 4 1 230353
-1617464 33554432 1 202183
-1619359 524292 1 3169
-1620215 514 1 10453
-1623503 32772 1 3931
-1624328 67108864 2 277 733
-1625204 4 1 58043
-1632863 512 1 52673
-1633999 0 2 137 11927
-1645256 67108864 1 205657
-1659199 262144 1 23369
-1664327 524292 1 3257
-1666951 24 1 11657
-1671391 0 2 419 3989
-1681463 4 1 240209
-1682936 33554432 2 211 997
-1688216 33556480 1 5147
-1697567 0 2 137 12391
-1697576 67108864 2 443 479
-1699159 12 1 22067
-1700852 32768 1 7207
-1709672 67117056 1 4547
-1711544 33554432 1 213943
-1712840 67108866 1 42821
-1714279 4 1 244897
-1716644 0 1 429161
-1718456 33554432 1 214807
-1734287 1048832 1 757
-1740751 4194304 1 19559
-1741727 16 1 133979
-1742671 4 2 241 1033
-1747499 16 2 229 587
-1749079 32 2 137 751
-1750388 32 1 25741
-1752919 262148 1 3527
-1755416 33554448 1 16879
-1760543 0 2 283 6221
-1760756 1024 1 11897
-1763855 2 1 352771
-1771255 2 1 354251
-1774487 24 1 12409
-1778207 524288 1 24359
-1802663 96 1 5581
-1809848 33554432 1 226231
-1810895 2 2 587 617
-1821991 1152 1 2141
-1824296 67108864 2 163 1399
-1833944 33554436 1 32749
-1836919 4 2 397 661
-1852280 33554434 1 46307
-1855583 16384 2 157 223
-1861064 67108864 1 232633
-1862567 4 1 266081
-1870436 64 1 24611
-1873304 33554560 1 10181
-1874996 64 1 24671
-1876039 264 1 5881
-1890151 4096 2 113 389
-1903544 33554432 2 277 859
-1904564 0 2 311 1531
-1911799 64 1 100621
-1920644 8 1 43651
-1926776 33554432 2 227 1061
-1933711 16 1 148747
-1945316 0 1 486329
-1957279 16777216 1 19379
-1958276 131072 1 7307
-1964647 8192 1 41801
-1964663 1280 1 1831
-1966571 16777216 1 19471
-1966639 0 2 733 2683
-1973444 8 1 44851
-1983224 33554432 2 157 1579
-1983464 67108868 1 35419
-1985143 131072 1 29629
-1991663 32768 1 33757
-1994551 16 1 153427
-1997815 1026 1 10799
-2007080 67108866 1 50177
-2010116 0 2 163 3083
-2012468 4194304 1 5653
-2014255 2 1 402851
-2016055 4098 1 9377
-2026607 264 1 6353
-2033311 4 1 290473
-2036239 2097152 1 24533
-2043655 34 1 24043
-2045204 4 1 73043
-2046740 2 1 102337
-2047124 0 2 107 4783
-2055476 0 2 389 1321
-2056855 2 1 411371
-2061608 67117056 1 5483
-2068111 2097152 1 24917
-2080279 0 2 311 6689
-2082260 2 1 104113
-2088995 16386 1 7883
-2091751 81920 1 647
-2093432 33554440 1 23789
-2102935 258 1 14503
-2103439 16 2 239 677
-2108696 33554496 1 13873
-2110687 128 2 163 563
-2111095 6 1 60317
-2114339 64 2 257 433
-2115032 33587200 1 4481
-2120852 32 1 31189
-2123588 0 1 530897
-2131607 17408 1 1087
-2148680 67108866 1 53717
-2152615 32770 1 7297
-2152855 2 1 430571
-2171699 32 1 127747
-2177348 4096 1 12659
-2182244 0 2 163 3347
-2186168 33554432 1 273271
-2206136 33554432 1 275767
-2206447 32 2 107 1213
-2210024 67108992 1 12011
-2212019 0 2 1171 1889
-2217871 32 2 283 461
-2220851 1024 2 193 311
-2224184 33554688 1 9587
-2226164 0 2 173 3217
-2230664 67125248 1 5261
-2240579 8 2 347 587
-2249771 64 1 118409
-2250383 512 2 229 317
-2261432 33554432 1 282679
-2261671 4096 2 149 353
-2267119 0 2 113 20063
-2268884 0 2 103 5507
-2273576 67109888 1 7681
-2301823 1048576 1 29137
-2302196 16 1 44273
-2306372 64 1 30347
-2312276 0 2 487 1187
-2316319 0 2 317 7307
-2316452 0 1 579113
-2316968 67108864 2 509 569
-2321671 8 1 211061
-2330216 67108868 1 41611
-2336120 33554434 1 58403
-2336324 0 1 584081
-2337631 0 3 113 137 151
-2338436 0 1 584609
-2343391 0 2 109 21499
-2356520 67108866 1 58913
-2361812 0 2 109 5417
-2362847 32 2 131 1061
-2398136 33554448 1 23059
-2402215 258 1 16567
-2402516 0 2 349 1721
-2413619 16 2 401 463
-2416952 33554496 1 15901
-2424068 0 1 606017
-2426516 8192 1 12907
-2429791 20 1 26701
-2432996 0 2 523 1163
-2442068 0 2 173 3529
-2453240 33554434 1 61331
-2454164 32768 1 10399
-2456696 33554440 1 27917
-2461496 33554432 1 307687
-2472223 80 1 10009
-2476087 524288 2 107 317
-2481779 32 1 145987
-2485495 130 1 21613
-2490919 64 1 131101
-2492888 33554432 2 317 983
-2502031 4 2 137 2609
-2507576 33554432 2 307 1021
-2509951 16777216 1 24851
-2518855 2 1 503771
-2539471 8 1 230861
-2545304 33555456 1 8599
-2545880 33554434 1 63647
-2548207 0 2 263 9689
-2553976 33554432 2 131 2437
-2556296 67125248 1 6029
-2558468 8 1 58147
-2559991 4 2 229 1597
-2563508 1024 1 17321
-2569460 2 1 128473
-2571919 4 2 461 797
-2577887 32784 1 3361
-2589031 0 2 673 3847
-2595655 2 1 519131
-2605076 0 2 103 6323
-2606216 67108864 1 325777
-2608855 2 2 313 1667
-2610511 2048 1 63671
-2611255 2 1 522251
-2617880 33554434 1 65447
-2622539 32 1 154267
-2625535 10 1 47737
-2626591 8 1 238781
-2627732 0 2 353 1861
-2631391 4 2 313 1201
-2632135 10 1 47857
-2634371 32 2 241 643
-2637731 1048576 2 173 193
-2655871 0 2 677 3923
-2659139 4 1 379877
-2660239 16777216 1 26339
-2660407 0 2 271 9817
-2661320 67108866 1 66533
-2665831 4 2 373 1021
-2666795 2 2 173 3083
-2679247 192 1 6131
-2690447 0 2 109 24683
-2694779 0 2 809 3331
-2694983 16777216 1 26683
-2702455 6 1 77213
-2704327 64 2 317 449
-2707736 37748736 1 3803
-2708047 0 2 307 8821
-2708339 65792 1 1531
-2715779 8 1 246889
-2718899 128 1 118213
-2729311 262160 1 2957
-2735791 64 2 109 1321
-2736799 16 1 210523
-2737115 130 1 23801
-2744651 20 1 30161
-2745799 4 2 223 1759
-2746231 32 1 161543
-2748824 33554448 1 26431
-2754703 8388612 1 4057
-2755352 33554432 2 163 2113
-2757176 33554432 2 107 3221
-2770808 33554496 1 18229
-2774036 65536 1 11369
-2776868 0 2 163 4259
-2784356 0 2 211 3299
-2786984 67108864 2 283 1231
-2787487 0 2 577 4831
-2793755 2 2 293 1907
-2798804 512 1 22571
-2801096 67108864 1 350137
-2801911 68 1 21067
-2802151 8 1 254741
-2812340 2 1 140617
-2821399 4 1 403057
-2823524 8 1 64171
-2832655 6 1 80933
-2844904 67108864 2 199 1787
-2849816 50331648 1 3527
-2850755 2 2 233 2447
-2859716 0 2 547 1307
-2877752 33554432 1 359719
-2879455 8194 1 12253
-2883031 512 1 93001
-2883236 4096 1 16763
-2888408 33554432 2 173 2087
-2905016 33554432 2 173 2099
-2908532 8 1 66103
-2912071 0 2 673 4327
-2917940 2 1 145897
-2920964 0 2 827 883
-2924132 0 1 731033
-2936516 8 1 66739
-2939336 67108864 2 461 797
-2960767 128 2 109 1181
-2961295 1026 1 16007
-2966671 256 1 102299
-2969156 0 1 742289
-2976392 67108864 1 372049
-2979055 1026 1 16103
-2984939 0 2 1433 2083
-2985188 0 2 571 1307
-2994535 2 2 761 787
-2999699 0 2 271 11069
-3004783 0 2 113 26591
-3011956 64 1 39631
-3012116 4194304 1 8461
-3015055 2 1 603011
-3016327 32 1 177431
-3021319 4 1 431617
-3024440 33554434 1 75611
-3028136 71303168 1 4253
-3032819 16384 1 57223
-3040340 2 1 152017
-3043639 0 2 229 13291
-3047579 1536 1 2657
-3052484 4096 1 17747
-3059531 16384 1 57727
-3060788 1024 1 20681
-3064279 0 2 137 22367
-3064628 4 1 109451
-3064811 32 2 139 1297
-3067451 0 2 227 13513
-3071339 32 1 180667
-3072344 33554440 1 34913
-3075784 67108864 1 384473
-3080888 33554496 1 20269
-3083144 67108864 1 385393
-3088520 67108866 1 77213
-3089671 16 2 271 877
-3092996 0 1 773249
-3093560 33554434 1 77339
-3097748 1048576 1 9803
-3107407 0 2 103 30169
-3114776 33554436 1 55621
-3116744 67108864 2 317 1229
-3117416 67117056 1 8291
-3125047 0 2 241 12967
-3129007 4 1 447001
-3138068 512 1 25307
-3146167 0 2 1291 2437
-3148183 0 2 241 13063
-3149455 2 1 629891
-3155108 8 1 71707
-3155144 67108864 1 394393
-3156536 33554432 2 229 1723
-3170815 66 1 33377
-3180055 2 2 367 1733
-3180932 0 1 795233
-3183295 1026 1 17207
-3185359 1114112 1 661
-3188171 4 2 419 1087
-3195031 36 1 26849
-3195511 520 1 9371
-3198655 2 1 639731
-3199016 71303168 1 4493
-3218935 524290 1 8819
-3219851 1056 1 5119
-3221291 256 2 113 983
-3237064 67108864 2 293 1381
-3241519 32768 1 54941
-3249823 1049088 1 1327
-3250735 262146 1 9157
-3252439 262208 1 2411
-3253831 4 2 211 2203
-3255128 33685504 1 6073
-3259451 16 1 250727
-3260360 67108866 1 81509
-3261524 4 1 116483
-3265256 67108864 2 431 947
-3272363 0 2 1637 1999
-3283859 0 2 727 4517
-3285512 67108864 2 181 2269
-3286255 6 1 93893
-3292855 2 2 197 3343
-3299480 33554434 1 82487
-3299623 1024 2 257 347
-3300511 1024 1 89203
-3302744 33558528 1 9601
-3304447 0 2 139 23773
-3309668 0 1 827417
-3311599 16384 1 62483
-3313880 33554434 1 82847
-3318679 20 1 36469
-3326695 4098 1 15473
-3327860 2 1 166393
-3331576 33619968 1 6827
-3336055 2 1 667211
-3336251 512 1 107621
-3336728 33554432 2 631 661
-3342967 0 2 163 20509
-3343160 33554434 1 83579
-3343336 67112960 1 9719
-3353876 4194304 1 9421
-3357055 18 1 51647
-3359480 33554434 1 83987
-3360035 6 1 96001
-3367448 33554436 1 60133
-3378631 160 1 8641
-3379207 80 1 13681
-3379543 1024 2 241 379
-3390308 0 1 847577
-3390871 40 1 18133
-3391735 16386 1 12799
-3394232 33555456 1 11467
-3397208 33816576 1 5981
-3399304 67108864 1 424913
-3399611 0 2 509 6679
-3417895 18 1 52583
-3426367 36 1 28793
-3430255 2 1 686051
-3444248 33554432 2 263 1637
-3446935 2 2 157 4391
-3448619 0 2 797 4327
-3451447 512 1 111337
-3454004 2048 1 21061
-3454328 33570816 1 8147
-3464239 16384 2 163 401
-3464756 0 2 607 1427
-3466855 6 1 99053
-3467720 67108866 1 86693
-3468439 16 2 479 557
-3476891 40 1 18593
-3479192 33554944 1 14029
-3495992 33554432 1 436999
-3502280 67108866 1 87557
-3506911 0 2 641 5471
-3513847 16384 2 167 397
-3514187 0 3 113 137 227
-3514811 512 1 113381
-3519611 0 2 113 31147
-3532567 8192 1 75161
-3534056 67109120 1 15233
-3535748 64 1 46523
-3537848 33554432 2 107 4133
-3541255 2 1 708251
-3544711 1024 1 95803
-3551819 2097152 1 42793
-3553208 33554432 1 444151
-3559643 131072 1 53129
-3564899 16 1 274223
-3566219 8320 1 3299
-3568568 33554432 2 307 1453
-3572612 4096 1 20771
-3573967 0 2 167 21401
-3581743 8 2 359 907
-3584564 4194304 1 10069
-3587048 67108928 1 23599
-3588703 0 2 487 7369
-3599108 0 2 883 1019
-3601352 67108864 1 450169
-3604255 34 1 42403
-3609608 67108864 1 451201
-3609656 33554432 1 451207
-3610955 2 2 337 2143
-3612655 8194 1 15373
-3618632 67108864 1 452329
-3621323 32 1 213019
-3624680 67108866 1 90617
-3630295 2 2 127 5717
-3634952 67125248 1 8573
-3641588 256 1 31393
-3646855 2 1 729371
-3654295 2 2 503 1453
-3654343 12 1 47459
-3654680 33554434 1 91367
-3657655 2 1 731531
-3661384 67108864 1 457673
-3661592 33554440 1 41609
-3661604 64 1 48179
-3661783 32 1 215399
-3662743 516 1 16879
-3665531 0 2 1283 2857
-3666356 32 1 53917
-3667592 67108864 1 458449
-3669271 0 2 137 26783
-3674023 32 1 216119
-3674792 67108872 1 41759
-3682696 67108864 1 460337
-3694255 2 1 738851
-3694280 67108866 1 92357
-3694436 64 1 48611
-3699188 16384 1 17449
-3704287 0 2 131 28277
-3706879 8 1 336989
-3721576 67108864 2 173 2689
-3726872 33554432 2 199 2341
-3727495 130 1 32413
-3736735 8194 1 15901
-3737051 0 2 229 16319
-3742163 8388608 2 173 223
-3742808 33556480 1 11411
-3743240 67108866 1 93581
-3746191 16777472 1 1279
-3747812 0 1 936953
-3750011 64 1 197369
-3759320 33554434 1 93983
-3759976 67108872 1 42727
-3762463 0 2 883 4261
-3767096 33554432 1 470887
-3770695 2 2 577 1307
-3770792 67108864 2 139 3391
-3782219 4 2 397 1361
-3784484 8 1 86011
-3784807 16 2 109 2671
-3784916 0 2 109 8681
-3789332 4096 1 22031
-3791287 0 2 719 5273
-3797143 4 2 359 1511
-3804488 67109888 1 12853
-3814568 83886080 1 4721
-3815012 2097152 1 11491
-3816196 0 2 739 1291
-3817255 18 1 58727
-3818863 2080 1 5479
-3818891 8192 2 193 421
-3819655 6 1 109133
-3823016 67108864 2 113 4229
-3825587 2048 1 93307
-3828727 4 1 546961
-3832447 65536 1 62827
-3832724 4 1 136883
-3834895 8388610 1 7907
-3837668 0 2 211 4547
-3838495 2 2 167 4597
-3852152 33554432 2 157 3067
-3853499 16 2 461 643
-3856691 0 2 151 25541
-3863123 8 2 149 2357
-3866344 67108896 1 28429
-3873272 33554448 1 37243
-3876104 67108864 2 661 733
-3884167 4 2 733 757
-3885764 0 1 971441
-3888655 2 1 777731
-3890359 16392 1 6673
-3894692 2097152 1 11731
-3895880 67108866 1 97397
-3895931 80 1 15773
-3895988 64 1 51263
-3896983 0 2 937 4159
-3901256 67108864 1 487657
-3904279 0 2 487 8017
-3911407 0 2 1427 2741
-3914516 2048 1 23869
-3919172 0 2 163 6011
-3921463 20 1 43093
-3925207 24 1 27449
-3926555 2 1 785311
-3931336 67108864 1 491417
-3934712 33554432 2 173 2843
-3940232 67125248 1 9293
-3940484 0 1 985121
-3945256 67108868 1 70451
-3946196 4096 1 22943
-3947815 2 2 193 4091
-3955736 33554432 2 643 769
-3957512 67108880 1 38053
-3958088 67108864 1 494761
-3967783 544 1 7529
-3969320 67108866 1 99233
-3977623 16 1 305971
-3980036 0 1 995009
-3980215 66 1 41897
-3986756 0 1 996689
-3987007 256 1 137483
-3987992 33558528 1 11593
-4002659 0 2 127 31517
-4004935 10 1 72817
-4005415 2 2 227 3529
-4006292 256 1 34537
-4014452 16 1 77201
-4020751 4 1 574393
-4028047 512 1 129937
-4035284 8 1 91711
-4045931 0 2 373 10847
-4047860 2 1 202393
-4048663 0 2 727 5569
-4050943 16 2 317 983
-4053076 0 2 271 3739
-4054571 1024 1 109583
-4057336 33554496 1 26693
-4058312 67108864 1 507289
-4059124 32 1 59693
-4061704 67108864 1 507713
-4063807 8 2 571 647
-4066859 544 1 7717
-4066979 4 1 580997
-4069640 67108866 1 101741
-4072388 0 1 1018097
-4073959 1024 2 103 1069
-4076263 8192 1 86729
-4089251 0 2 199 20549
-4092607 17408 1 2087
-4093547 0 2 853 4799
-4095179 8 1 372289
-4095428 0 1 1023857
-4101272 33554436 1 73237
-4103720 67108866 1 102593
-4106612 0 2 509 2017
-4108403 16 1 316031
-4108855 2 1 821771
-4109579 2228224 1 739
-4113515 6 1 117529
-4128007 16 1 317539
-4131299 0 2 307 13457
-4132232 67108880 1 39733
-4132663 8320 1 3823
-4141028 0 1 1035257
-4144255 130 1 36037
-4145651 0 2 1031 4021
-4151071 0 2 331 12541
-4155608 33685504 1 7753
-4158755 2 1 831751
-4165748 32 1 61261
-4174772 4 1 149099
-4180712 67108864 2 479 1091
-4181176 33554432 2 211 2477
-4182116 0 1 1045529
-4185731 2056 1 9281
-4186808 33554432 1 523351
-4191943 4 2 337 1777
-4195931 0 2 409 10259
-4204519 8 1 382229
-4214836 131072 1 15727
-4220291 4194304 1 47419
-4221659 16 1 324743
-4221668 8 1 95947
-4224655 2 2 127 6653
-4232527 16400 1 6143
-4233140 2 1 211657
-4233463 4194320 1 3659
-4233731 32 2 337 739
-4236548 0 1 1059137
-4236851 0 2 853 4967
-4241167 131076 1 9043
-4247044 0 2 107 9923
-4248059 4227072 1 809
-4257127 4 1 608161
-4261640 67108866 1 106541
-4267412 8192 1 22699
-4267576 33554432 1 533447
-4277144 33554432 2 239 2237
-4284563 5120 1 2693
-4285604 0 1 1071401
-4290376 67109120 1 18493
-4299515 10 1 78173
-4302436 64 1 56611
-4305496 33554448 1 41399
-4305512 67108864 2 337 1597
-4305755 131074 1 12853
-4312628 32 1 63421
-4313887 0 2 643 6709
-4314659 0 2 1523 2833
-4315624 67108864 2 587 919
-4317607 260 1 21269
-4326539 260 1 21313
-4330355 2 2 313 2767
-4342328 33554432 1 542791
-4347976 67108864 1 543497
-4349108 1048576 1 13763
-4350823 16384 2 103 797
-4352047 4 1 621721
-4354804 0 2 283 3847
-4358023 65536 1 71443
-4359823 16 2 151 2221
-4361023 8388608 1 44959
-4365604 0 1 1091401
-4372783 128 1 190121
-4385588 32768 1 18583
-4387135 130 1 38149
-4388935 2 2 157 5591
-4389188 0 1 1097297
-4392376 33554432 2 677 811
-4392419 0 2 1453 3023
-4392515 66 1 46237
-4393352 67108864 1 549169
-4396259 4 1 628037
-4397432 33554448 1 42283
-4403503 16 1 338731
-4407247 16 2 347 977
-4415912 67174400 1 9049
-4417064 67108864 2 283 1951
-4422559 532480 1 1289
-4426835 6 1 126481
-4432063 0 2 283 15661
-4434611 0 2 2081 2131
-4442651 0 2 1823 2437
-4443224 33554432 2 397 1399
-4444063 16 1 341851
-4445959 36 1 37361
-4453519 4 1 636217
-4455032 33554432 2 157 3547
-4457720 33554434 1 111443
-4458680 33554434 1 111467
-4460228 0 1 1115057
-4478132 65536 1 18353
-4480148 0 2 1021 1097
-4480712 67108864 1 560089
-4482376 67108864 1 560297
-4488703 128 1 195161
-4493771 0 2 277 16223
-4497299 32 2 137 1931
-4497419 0 2 1523 2953
-4500295 130 1 39133
-4504328 67108864 1 563041
-4514119 0 2 647 6977
-4517335 32770 1 15313
-4521572 8 1 102763
-4530488 33554432 1 566311
-4531876 0 1 1132969
-4536308 4 1 162011
-4536724 0 2 113 10037
-4539539 0 2 233 19483
-4540772 64 1 59747
-4541527 0 2 269 16883
-4550132 0 2 743 1531
-4552516 131072 1 16987
-4558628 0 2 107 10651
-4561427 131088 1 5237
-4565459 0 2 1223 3733
-4570399 160 1 11689
-4574791 1040 1 9511
-4575895 2 2 317 2887
-4576979 8 1 416089
-4582279 16 1 352483
-4585268 0 2 251 4567
-4591807 8 1 417437
-4593608 67108864 1 574201
-4594211 8388608 1 47363
-4596856 33554440 1 52237
-4608484 0 1 1152121
-4610023 524296 1 5741
-4620227 1024 2 193 647
-4622147 8388640 1 2803
-4623224 33555456 1 15619
-4623755 2 1 924751
-4624292 0 1 1156073
-4625672 67108864 1 578209
-4627135 2 2 443 2089
-4628219 5120 1 2909
-4632059 0 2 239 19381
-4633355 2 1 926671
-4634099 262144 1 65269
-4635364 0 1 1158841
-4637891 65536 1 76031
-4637912 33554688 1 19991
-4640167 36 1 38993
-4650707 32 2 317 863
-4654811 4 1 664973
-4659299 1024 1 125927
-4660091 32 1 274123
-4668127 0 2 1033 4519
-4669355 2 2 463 2017
-4670072 33554440 1 53069
-4678423 0 2 439 10657
-4682819 0 2 179 26161
-4684571 160 1 11981
-4684903 1024 2 127 997
-4690787 0 2 523 8969
-4694335 32770 1 15913
-4695323 16384 1 88591
-4698731 8192 2 257 389
-4706948 0 1 1176737
-4717811 16777220 1 6673
-4719556 0 2 107 11027
-4724696 33554432 2 563 1049
-4728851 0 2 1609 2939
-4732879 0 2 1229 3851
-4740347 0 2 1201 3947
-4740415 130 1 41221
-4742095 2 2 223 4253
-4743727 128 1 206249
-4750744 34603008 1 7517
-4763455 2 1 952691
-4765235 2 2 251 3797
-4774855 2 1 954971
-4775191 128 2 191 1087
-4778579 16 2 149 2467
-4787492 0 1 1196873
-4787743 262144 1 67433
-4788847 4 1 684121
-4794260 2 1 239713
-4795604 8 1 108991
-4802743 524296 1 5981
-4806823 4 2 127 5407
-4812443 1048576 1 60917
-4817383 0 2 313 15391
-4819183 65536 2 199 397
-4825955 2 1 965191
-4832743 32 2 271 1049
-4840280 33554434 1 121007
-4845752 33554432 1 605719
-4850915 2050 1 23663
-4860055 2 2 103 9437
-4874708 4194304 1 13693
-4875016 67109120 1 21013
-4894211 2052 1 17053
-4895060 2 1 244753
-4899251 4 2 811 863
-4899611 16777216 2 139 349
-4900207 262160 1 5309
-4912811 64 1 258569
-4914212 4096 1 28571
-4919192 33554432 2 271 2269
-4921112 33554436 1 87877
-4921940 2 1 246097
-4922195 2 2 347 2837
-4927855 2 1 985571
-4931767 3072 1 3251
-4932367 8 1 448397
-4936663 0 2 1549 3187
-4938343 4194304 1 55487
-4939327 0 2 751 6577
-4944904 67174400 1 10133
-4945508 0 2 787 1571
-4968899 80 1 20117
-4973176 33554448 1 47819
-4974179 4 2 103 6899
-4976824 33554432 1 622103
-4979048 67108864 2 131 4751
-4985012 32 1 73309
-4985192 67108864 2 163 3823
-4999495 2 2 307 3257
-5000527 4 1 714361
-5000863 4 2 463 1543
-5005543 0 2 2029 2467
-5007395 1026 1 27067
-5009704 67108868 1 89459
-5013943 16777224 1 4513
-5014088 67108864 1 626761
-5016376 33554432 2 619 1013
-5020804 0 1 1255201
-5022068 16384 1 23689
-5022755 2 1 1004551
-5023211 32 2 193 1531
-5023495 524290 1 13763
-5026331 0 2 643 7817
-5034083 0 2 263 19141
-5045528 33554432 2 547 1153
-5051767 4 2 593 1217
-5056759 256 2 127 1373
-5062327 256 2 227 769
-5062691 4224 1 5119
-5062712 33554432 1 632839
-5062804 32 1 74453
-5065331 8192 1 107773
-5069284 8 1 115211
-5072383 0 2 461 11003
-5074052 0 2 379 3347
-5077336 33554440 1 57697
-5078099 524304 1 5351
-5081963 32 2 233 1283
-5082515 2 2 599 1697
-5087435 2 2 199 5113
-5087636 0 2 107 11887
-5091727 0 2 1021 4987
-5097535 34 1 59971
-5101355 6 1 145753
-5104516 0 1 1276129
-5106856 75497472 1 6581
-5110303 8 2 601 773
-5110903 16777220 1 7229
-5121364 128 1 55667
-5126596 0 1 1281649
-5144795 34 1 60527
-5145055 2 2 587 1753
-5151128 33554496 1 33889
-5166247 0 3 113 131 349
-5167595 2 2 443 2333
-5168056 33554432 2 547 1181
-5170808 33554432 2 181 3571
-5179687 0 2 149 34763
-5183288 33554440 1 58901
-5184823 260 1 25541
-5185444 8 1 117851
-5197019 32 2 347 881
-5197112 33554432 1 649639
-5199211 0 3 163 167 191
-5201795 130 1 45233
-5212835 130 1 45329
-5212859 64 1 274361
-5213528 33554432 2 173 3767
-5215924 4 1 186283
-5221684 16 1 100417
-5236619 0 2 167 31357
-5247608 33554688 1 22619
-5248883 64 1 276257
-5255240 67108866 1 131381
-5273480 67108866 1 131837
-5274395 6 1 150697
-5275112 67108864 2 727 907
-5279768 33554448 1 50767
-5283064 33554496 1 34757
-5285891 16 2 281 1447
-5286899 0 2 389 13591
-5289272 33554432 2 557 1187
-5295847 3072 1 3491
-5300168 67174400 1 10861
-5304196 0 1 1326049
-5306708 8 1 120607
-5313304 33587200 1 11257
-5313467 4352 1 4261
-5314216 83886080 1 6577
-5319560 67108866 1 132989
-5321407 20 1 58477
-5322731 512 2 103 1667
-5324404 0 2 491 2711
-5325812 32768 1 22567
-5330455 18 1 82007
-5346563 0 2 163 32801
-5350951 2112 1 6869
-5351887 16384 2 241 419
-5352091 16777280 1 2789
-5368388 0 2 251 5347
-5372819 65536 1 88079
-5377396 2048 1 32789
-5385784 33554432 1 673223
-5390987 4 2 829 929
-5391899 5120 1 3389
-5395903 0 3 107 211 239
-5414455 2 1 1082891
-5417108 0 2 139 9743
-5417287 256 2 367 509
-5417716 0 2 233 5813
-5429047 1040 1 11287
-5429555 2 1 1085911
-5431063 8 1 493733
-5439491 64 1 286289
-5439544 33554440 1 61813
-5459699 4 2 773 1009
-5462747 64 2 241 1193
-5463368 67109120 1 23549
-5465959 8224 1 6841
-5466308 0 1 1366577
-5468339 131104 1 4801
-5471012 64 1 71987
-5472968 67108864 1 684121
-5475607 0 2 709 7723
-5476543 16384 2 191 541
-5479160 33554434 1 136979
-5479615 2 2 433 2531
-5488712 67108864 1 686089
-5494691 0 2 2251 2441
-5499572 16 1 105761
-5502923 0 2 401 13723
-5505992 67108864 1 688249
-5534287 4194312 1 5653
-5535055 16386 1 20887
-5535844 0 1 1383961
-5542979 16 1 426383
-5546243 128 1 241141
-5551595 6 1 158617
-5556371 256 1 191599
-5557183 256 1 191627
-5557624 33554432 2 293 2371
-5559844 0 1 1389961
-5563331 2304 1 4679
-5565572 0 1 1391393
-5572936 67108864 1 696617
-5579480 33554434 1 139487
-5588884 4 1 199603
-5594116 8 1 127139
-5597720 33554434 1 139943
-5601035 10 1 101837
-5612168 67108864 2 317 2213
-5615339 0 2 659 8521
-5617972 0 2 127 11059
-5620067 16448 1 5581
-5623715 66 1 59197
-5626328 33554432 2 179 3929
-5629255 2 2 677 1663
-5630815 2 2 1021 1103
-5647783 0 2 337 16759
-5649467 128 1 245629
-5651815 18 1 86951
-5656807 16 1 435139
-5661560 33554434 1 141539
-5667251 0 2 383 14797
-5670587 2064 1 10639
-5670968 33554496 1 37309
-5680811 1048576 1 71909
-5686328 33554432 1 710791
-5696552 67108864 2 409 1741
-5702507 262144 1 80317
-5708767 1024 1 154291
-5712755 131074 1 17053
-5726263 32 2 167 2017
-5734423 8224 1 7177
-5747915 2 2 103 11161
-5747960 33554434 1 143699
-5751127 128 1 250049
-5751572 0 2 467 3079
-5752456 67108864 1 719057
-5755495 8388610 1 11867
-5756884 4 1 205603
-5768407 4096 2 163 823
-5772055 2 1 1154411
-5775467 131072 1 86201
-5777647 0 2 947 6101
-5779907 4 1 825701
-5781251 4 2 109 7577
-5781604 0 1 1445401
-5783864 33554432 1 722983
-5784616 67108864 2 317 2281
-5790007 0 2 113 51239
-5791355 2 1 1158271
-5796755 2 2 193 6007
-5798435 2 2 281 4127
-5803144 67108864 1 725393
-5808392 67108864 2 109 6661
-5810743 128 1 252641
-5814916 0 1 1453729
-5819512 33554432 2 181 4019
-5830532 0 1 1457633
-5834612 4 1 208379
-5840267 8192 2 313 397
-5842447 16 1 449419
-5845019 512 2 409 461
-5846743 4 1 835249
-5846888 67109888 1 19753
-5852356 0 1 1463089
-5859347 16 1 450719
-5861291 64 1 308489
-5869448 67108880 1 56437
-5875955 2 1 1175191
-5883320 33554434 1 147083
-5884712 67108864 2 673 1093
-5888863 4194304 2 127 521
-5890328 33554432 2 607 1213
-5892539 65792 1 3331
-5894948 0 1 1473737
-5897867 128 2 149 1721
-5898152 67108880 1 56713
-5903524 8 1 134171
-5909047 32 1 347591
-5910247 4 1 844321
-5911720 67108866 1 147793
-5914567 64 1 311293
-5914855 2 2 257 4603
-5918267 0 2 1709 3463
-5923423 32776 1 9127
-5924344 33554432 2 131 5653
-5926712 33554440 1 67349
-5929499 0 2 467 12697
-5931272 67108864 1 741409
-5933003 0 2 271 21893
-5940724 0 2 857 1733
-5941204 0 2 379 3919
-5943007 4 2 109 7789
-5945459 528 1 14753
-5945983 128 1 258521
-5948792 33558528 1 17293
-5968955 34 1 70223
-5973316 0 1 1493329
-5976692 0 2 743 2011
-5990840 33554434 1 149771
-5995859 0 2 1213 4943
-5996132 0 2 131 11443
-5997812 4096 1 34871
-5999108 0 2 1051 1427
