-4031 256 0
-4319 4 0
-4511 16 0
-5495 6 0
-6095 16514 0
-6479 584 0
-7175 2054 0
-7223 512 0
-7479 1 1 277
-7671 1 0
-8567 16 0
-8591 262152 0
-8655 3 0
-8687 524324 0
-9855 524291 0
-10311 5 0
-10436 0 0
-10535 4102 0
-10775 2 1 431
-11175 3 1 149
-11319 13 0
-11336 100663312 0
-11799 193 0
-12015 4194307 0
-12023 8 0
-12164 0 0
-12231 1 1 151
-12344 201326592 0
-12596 139264 0
-12704 67108864 0
-12855 3 0
-13095 8388611 0
-13256 100663296 0
-13311 289 0
-13676 16 0
-13839 5 0
-14384 67109632 0
-14607 1 1 541
-14799 1 0
-14839 262216 0
-14911 1552 0
-14924 2068 0
-15560 100663298 0
-15980 8226 0
-16064 67108864 0
-16124 256 0
-16287 4259841 0
-16311 1 0
-16676 8 0
-16736 67108864 0
-16855 2 0
-17096 100663296 0
-17276 4 0
-17300 2 1 173
-17311 4 0
-17415 4099 0
-17575 1090 0
-18044 16 0
-18063 1 1 223
-18284 4 0
-18356 16 0
-18444 16641 0
-18495 3 1 137
-18535 10 0
-18559 131072 0
-18991 4 0
-19076 64 0
-19143 1 1 709
-19159 164 0
-19343 384 0
-19376 67108868 0
-19544 201326596 0
-19616 67108864 0
-19647 33793 0
-19671 3145729 0
-19796 16777220 0
-19808 67108864 0
-19820 2 0
-19956 1 0
-20024 201326592 0
-20175 3 1 269
-20660 2 0
-20936 100663296 0
-21055 2 0
-21152 67108864 0
-21176 201326592 0
-21804 1048705 0
-21903 5 1 149
-21956 8 0
-21980 6 0
-22448 67174528 0
-22476 1 0
-22508 32 0
-22527 1 1 2503
-22719 1 0
-22815 19 0
-22931 128 0
-23191 4 0
-23247 2053 0
-23287 524552 0
-23463 1048585 0
-23544 201326593 1 109
-23636 64 0
-23784 100663297 0
-23816 100663312 0
-23864 201326656 0
-24140 262178 0
-24327 16417 0
-24380 16514 0
-24620 2 0
-24632 201326592 0
-24887 2048 0
-24895 18 0
-24903 1 1 2767
-25064 100663312 0
-25100 2 1 251
-25135 10 0
-25215 2051 0
-25388 8 0
-25464 201326593 0
-25727 16 0
-25808 67108864 0
-25916 584 0
-26143 16 0
-26156 16 0
-26215 6 1 107
-26216 100663552 0
-26528 67108864 0
-26727 32769 0
-26828 64 0
-26967 20971521 0
-26983 8 1 223
-26996 32 0
-27344 67108864 0
-27399 1 0
-27440 67108870 0
-27511 67592 0
-27584 67108864 0
-27660 3 0
-27783 5 0
-27800 201326594 1 139
-27896 201326600 0
-28040 100663298 0
-28292 8 0
-28584 100663297 1 397
-28700 2054 0
-28712 109052928 0
-28892 512 0
-29196 1 1 811
-29516 8192 0
-29575 22 0
-29616 67108865 0
-29708 4 0
-29744 67108888 0
-29888 67108864 0
-29916 1 1 277
-30128 67108868 0
-30131 256 0
-30156 5 0
-30371 8 1 251
-30392 201326848 0
-30416 67108864 0
-30535 514 0
-30564 1 1 283
-30655 2 0
-30684 1 0
-30924 1 1 859
-31148 16 0
-31331 8388704 0
-31344 67108865 0
-31568 67108864 0
-31928 201326608 0
-31952 67108864 0
-32055 3 0
-32108 128 0
-32184 201326593 1 149
-32192 67108864 0
-32219 16777480 0
-32364 769 0
-32396 4194324 0
-32555 34 0
-32583 1 0
-32616 100663297 1 151
-32724 16777217 0
-32935 6 0
-33080 201326594 0
-33204 1 0
-33740 6 0
-33800 100663314 0
-33908 4 1 173
-33968 67108872 0
-34207 1048576 0
-34208 67108864 0
-34268 16 0
-34352 67108928 0
-34355 2 0
-34364 262152 0
-34447 1092 0
-34568 100663552 0
-34620 3 0
-34736 67108880 0
-34744 218107904 0
-34748 524324 0
-34892 65560 0
-34928 67142656 0
-34976 67108864 0
-35075 65666 0
-35108 131072 0
-35303 4096 0
-35304 100663297 0
-35408 67108864 0
-35432 100667392 0
-35480 201326594 0
-35655 3 0
-35672 201326612 0
-35876 0 0
-36144 67108865 1 251
-36164 0 0
-36504 201326609 0
-36515 131074 0
-36655 2 0
-36788 32 0
-36804 1 0
-36916 8 0
-36927 9 1 373
-36980 4098 0
-37044 5 0
-37263 1 0
-37336 201326608 0
-37472 67108864 0
-37503 1 1 463
-37568 67108864 0
-37656 201326593 1 523
-37712 67108864 0
-37924 64 0
-37956 1 0
-37996 32900 0
-38060 10 0
-38072 201326592 0
-38175 3 1 509
-38244 1 0
-38311 20 0
-38604 1 0
-38771 0 1 137
-38796 81921 0
-38832 67108865 0
-38840 201326594 0
-38967 513 0
-39055 524290 0
-39080 100663298 0
-39096 201326593 1 181
-39308 512 0
-39420 524291 0
-39447 1 1 487
-39636 1 1 367
-39756 1 0
-39783 4194305 0
-39788 260 0
-40112 67108992 0
-40232 100671488 0
-40235 18 0
-40344 201328641 0
-40447 8 0
-40524 9 0
-40568 201326600 0
-40571 256 0
-40687 65920 0
-40715 34 0
-40876 8 0
-40940 4194434 0
-41136 67108865 0
-41192 100663360 0
-41244 5 0
-41304 201326593 0
-41455 2 0
-41484 1 0
-41499 16641 0
-41588 1024 0
-41784 201326593 0
-42008 205553664 0
-42127 0 1 103
-42140 4102 0
-42156 1 1 1171
-42220 2 0
-42367 16 0
-42415 34 0
-42419 16 1 251
-42984 100663297 1 199
-43088 67108864 0
-43100 2 1 431
-43340 10 0
-43379 4 0
-43416 201457665 0
-43596 5 1 173
-43640 201326594 0
-43715 6 0
-43748 0 0
-43788 4196353 0
-43927 528 0
-43984 67108864 0
-44051 772 0
-44072 100663300 0
-44136 100663297 1 613
-44464 67108868 0
-44568 201326593 1 619
-44588 262144 0
-44644 0 0
-44664 201326593 0
-44700 3 1 149
-44727 33 0
-44824 201326608 0
-44931 33 0
-45099 1 1 5011
-45276 13 0
-45572 0 0
-45636 1 0
-45655 130 0
-46124 16 0
-46380 3 0
-46576 67373056 0
-46628 0 0
-46896 67108865 0
-47075 6 1 269
-47196 193 0
-47359 16 0
-47411 20 0
-47436 163841 0
-47503 131072 0
-47531 264 0
-47552 67108864 0
-47592 100663297 1 661
-47604 1 0
-47651 32 0
-47828 8 0
-47847 2049 0
-48020 6 0
-48055 6 0
-48060 4194307 0
-48092 8 0
-48152 201326608 0
-48212 32 0
-48223 2097156 0
-48275 2 1 1931
-48276 1 1 149
-48624 67108865 0
-48659 80 0
-48920 201326594 0
-48924 1 1 151
-49059 1048705 0
-49156 0 0
-49164 33 0
-49172 64 0
-49188 1 0
-49327 0 1 107
-49396 16384 0
-49464 201326593 1 229
-49592 201326592 0
-49619 33024 0
-49772 128 0
-49908 1 0
-49955 8388610 0
-49971 1 0
-50004 1 1 463
-50056 100663296 0
-50191 16384 0
-50200 201326594 1 251
-50252 32 0
-50407 68 0
-50436 1 1 467
-50508 65665 0
-50528 67108864 0
-50571 1 1 1873
-50764 1028 0
-50823 1 1 5647
-51020 2 0
-51064 201326608 0
-51155 18 0
-51251 16384 0
-51256 201330688 0
-51276 1 0
-51364 0 0
-51376 67108944 0
-51420 3 0
-51432 100663297 0
-51524 8 0
-51632 67108868 0
-51672 201326593 0
-51784 100663296 0
-51872 67108864 0
-51904 67108864 0
-52120 201326594 0
-52204 512 0
-52216 201392128 0
-52280 201326594 0
-52355 1026 0
-52380 8388611 0
-52428 33 0
-52460 69634 0
-52547 40 0
-52596 1 1 487
-52659 1 1 5851
-52715 18 0
-52928 67108864 0
-53028 1 1 491
-53075 10 1 193
-53140 2 0
-53215 258 0
-53244 289 0
-53383 136 0
-53388 1 1 1483
-53675 66 1 113
-53716 16 0
-53736 100663297 0
-53743 0 1 223
-53828 0 0
-54136 218234880 0
-54291 1 0
-54316 1024 0
-54392 201326608 0
-54488 201326596 1 139
-54608 67108864 0
-54924 129 0
-54939 1 0
-54976 67108864 0
-55232 67108864 0
-55356 5 0
-55416 201326593 0
-55596 2049 0
-55611 1025 1 167
-55716 1 0
-55983 1 0
-56023 8 1 463
-56052 1 1 173
-56095 18 0
-56127 16385 0
-56184 201326593 0
-56460 3 0
-56484 1 1 523
-56492 256 0
-56507 8 1 467
-56588 12292 0
-56651 4 0
-56771 24 0
-56931 5 0
-56948 128 0
-56967 33 0
-57128 100664320 0
-57264 67108865 0
-57395 18 0
-57535 1026 0
-57624 201326597 0
-57755 2 0
-57972 1 0
-58068 1 1 1613
-58104 201326593 1 269
-58428 1 1 541
-58447 0 1 211
-58572 1 1 1627
-58628 0 0
-58835 2054 0
-58927 8 1 487
-58992 67108865 0
-59168 67112960 0
-59196 1 0
-59212 0 1 113
-59312 67108872 0
-59344 67108864 0
-59356 262216 0
-59440 67108866 0
-59459 1024 0
-59480 201326594 0
-59499 9 1 601
-59607 1025 1 179
-59644 1552 0
-59647 4 0
-59688 100663297 1 829
-60008 100663312 0
-60204 257 0
-60219 1 1 6691
-60675 3 1 809
-60780 3 0
-60844 18436 0
-60964 0 0
-61156 0 0
-61224 100663297 0
-61292 12 0
-61296 67108865 0
-61368 201326593 0
-61447 4096 0
-61499 4194304 0
-61524 1 1 1709
-61567 264 0
-61595 8388610 0
-61740 7 0
-61787 2056 0
-61872 67108865 0
-61996 8 0
-62064 67108865 1 431
-62235 3 1 461
-62287 0 1 199
-62616 201326593 0
-62672 67108864 0
-62675 130 1 109
-62740 2 0
-62840 201326594 0
-63124 4096 0
-63192 201326593 0
-63496 100663296 0
-63556 0 0
-63660 3 0
-64164 1 0
-64208 67108864 0
-64368 67108865 1 149
-64388 0 0
-64436 4194304 0
-64475 2 1 2579
-64527 1 1 137
-64624 67108868 0
-64632 201326593 0
-64712 100663296 0
-64859 1048576 0
-64884 1 0
-65028 1 0
-65148 4259841 0
-65244 1 0
-65252 8 0
-65263 40 0
-65284 64 0
-65300 2 1 653
-65496 201326593 0
-65503 512 0
-65595 3 0
-65648 67108872 0
-65691 1 1 811
-66227 4 0
-66244 0 0
-66371 512 0
-66484 8 0
-66540 3 0
-66563 1028 0
-66676 1048576 0
-66811 262144 0
-66916 0 0
-66924 25 0
-66936 201326593 0
-66992 68173824 0
-67020 3 0
-67168 67108864 0
-67248 67108865 1 467
-67371 33 0
-67420 2 0
-67508 4 0
-67564 68 0
-67624 101711872 0
-67764 1 0
-67788 5 1 269
-67820 2 0
-67851 5 1 359
-68048 67108864 0
-68056 201334784 0
-68132 0 0
-68164 0 0
-68167 8 0
-68196 1 0
-68315 18 0
-68404 4 1 349
-68436 1 1 1901
-68503 65536 0
-68556 257 0
-68619 4194305 0
-68620 532482 0
-68623 0 1 163
-68664 201326593 0
-68716 2048 0
-68747 65668 0
-68836 0 0
-68972 4096 0
-68987 0 1 149
-69036 9 0
-69040 67108866 0
-69244 4 0
-69443 32776 0
-69444 1 1 643
-69459 17 1 137
-69579 1 1 859
-69584 67108864 0
-69660 4099 0
-69683 32 0
-69728 67108864 0
-69755 6 0
-69803 2097408 0
-69844 64 0
-69967 67072 0
-70024 100663296 0
-70284 1 0
-70299 524289 1 107
-70300 1090 0
-70475 2 1 2819
-71020 147458 0
-71027 8 1 587
-71028 1 1 1973
-71088 67108865 0
-71236 8 0
-71344 67108884 0
-71532 1 1 1987
-71656 100679696 0
-71860 2 0
-71892 1 1 1997
-72059 144 0
-72152 201326848 0
-72155 2 0
-72196 0 0
-72252 1 1 223
-72396 1 1 2011
-72424 100663304 0
-72432 67108865 1 503
-72492 5 0
-72531 1 1 8059
-72556 8388648 0
-72771 1 1 127
-72788 512 0
-72819 769 0
-72856 201326596 0
-72939 2049 0
-72940 6 0
-72984 201326593 0
-72995 18 0
-73059 262149 0
-73092 1 0
-73300 2 1 733
-73355 34 0
-73492 64 0
-73684 16 1 109
-73740 3 0
-73932 16842753 0
-73980 3 1 137
-74088 100663301 0
-74140 10 0
-74236 131072 0
-74296 201327616 0
-74339 1048576 0
-74356 256 0
-74387 524288 0
-74388 1 0
-74432 67108864 0
-74544 67108865 0
-74579 2080 0
-74732 36 0
-74795 6 0
-74836 16384 0
-74944 67108864 0
-74988 1 1 2083
-75171 1 0
-75275 2 1 3011
-75372 9 0
-75384 201326593 1 349
-75724 8 0
-75760 67108866 0
-75779 2097160 0
-75803 52 0
-75820 34 0
-75844 131072 0
-75876 1 0
-75964 4 0
-76063 16 0
-76084 128 0
-76087 8 0
-76131 9 1 769
-76428 9 1 193
-76448 67108864 0
-76524 5 0
-76572 1 1 709
-76619 32 0
-76636 164 0
-76744 100679680 0
-76756 512 0
-76848 67108865 0
-76868 8 0
-76955 2 0
-76968 100663297 1 1069
-77211 129 1 373
-77292 65 1 113
-77372 384 0
-77412 1 0
-77435 34 0
-77740 146 0
-77800 100663298 1 389
-77811 1025 0
-77836 65800 0
-77956 0 0
-78156 17 1 167
-78184 100663552 0
-78444 1 1 2179
-78588 33793 0
-78684 3145729 0
-78696 100663297 1 1093
-78724 0 0
-78923 16 1 467
-79180 1026 0
-79635 3 0
-79668 1 1 2213
-79812 1 1 739
-80003 12 0
-80047 72 0
-80168 100663304 0
-80232 100663297 0
-80236 16 0
-80356 0 0
-80432 67108872 0
-80455 2 0
-80568 201326593 1 373
-80579 64 0
-80623 1024 0
-80675 6 1 461
-80688 67110913 0
-80691 17 0
-80700 3 1 269
-80767 32 0
-80952 201326593 0
-81036 1 1 2251
-81091 2097152 0
-81100 2 1 811
-81155 2 0
-81219 1 0
-81456 67108865 0
-81819 1 1 9091
-81923 1114144 0
-82084 0 0
-82380 3 0
-82412 8 0
-82668 2097153 0
-82683 1 1 9187
-82955 8194 0
-83099 128 0
-83148 2065 0
-83387 65536 0
-83528 100679680 0
-83571 4194305 0
-83800 201326594 1 419
-83824 67109392 0
-83872 67108864 0
-83896 201326592 0
-84016 71335936 0
-84212 1024 0
-84220 2 0
-84272 67108992 0
-84275 2 1 3371
-84312 201326593 1 1171
-84424 100728832 0
-84484 0 0
-84528 67108865 1 587
-84852 1 1 2357
-85352 100671488 0
-85403 2048 0
-85416 100663297 0
-85420 2 0
-85459 40 0
-85688 201326592 0
-85708 4 0
-85752 201326593 1 397
-85900 2 1 859
-85924 0 0
-85955 2 0
-86008 201326608 0
-86164 16 0
-86244 1 0
-86536 100663552 0
-86568 100663297 0
-86604 5 0
-86712 201326593 0
-86740 2 0
-86859 1 1 3217
-87035 18 1 103
-87180 3 0
-87203 8389376 0
-87291 81921 0
-87412 2064 0
-87564 1 0
-87612 5 1 149
-87820 2 0
-87827 262144 0
-87899 260 0
-87976 100663300 0
-88051 0 1 191
-88072 117440512 0
-88299 1 1 9811
-88516 0 0
-88731 1 1 9859
-88752 67112961 0
-88812 1 1 2467
-88840 100663298 0
-88876 32 0
-88932 1 0
-88984 201326596 1 227
-89011 2064 0
-89016 201326593 0
-89140 2 0
-89200 67108866 1 223
-89296 67108864 0
-89451 1 1 3313
-89508 1 0
-89555 2 0
-89716 8 0
-89739 32785 0
-89987 256 1 107
-90072 201326593 1 139
-90108 1 1 2503
-90252 129 1 109
-90328 201326596 0
-90491 32 0
-90699 5 1 617
-90732 1 0
-90771 1048577 0
-90876 1 0
-91108 0 0
-91179 9 1 307
-91180 8396802 0
-91260 19 0
-91568 75530240 0
-91576 201326592 0
-91659 1 0
-91668 1 0
-91720 100663298 0
-92016 67371009 0
-92072 100663328 0
-92315 1026 0
-92328 100663297 0
-92388 1 0
-92539 256 0
-92596 4 0
-92675 10 1 337
-92764 4 0
-92988 2053 0
-93148 524552 0
-93331 131076 0
-93339 1 1 3457
-93460 2 0
-93612 257 0
-93852 1048585 0
-94084 4096 0
-94299 4129 0
-94355 2 1 113
-94371 2097153 0
-94539 1 0
-94548 1 0
-94668 133 0
-94851 1 1 1171
-94912 67108864 0
-94931 32768 0
-94956 2049 0
-94960 67108866 0
-95020 2 0
-95059 128 0
-95332 0 0
-95344 83918848 0
-95404 65696 0
-95536 67108868 0
-95787 257 1 367
-96040 100663302 0
-96051 16777217 0
-96312 201326593 0
-96556 16777216 0
-96675 3 1 1289
-96939 1 1 10771
-96940 1026 0
-96948 1 1 2693
-97059 1 0
-97156 0 1 107
-97204 64 0
-97228 0 1 109
-97291 8421408 0
-97308 16417 0
-97452 1 1 2707
-97472 67108864 0
-97892 0 0
-97924 0 0
-97932 1 0
-98052 1 0
-98091 5 1 173
-98104 201326592 0
-98128 67108864 0
-98220 3 0
-98392 201326596 1 251
-98483 12 0
-98523 4196353 0
-98680 201326594 0
-98956 24 0
-99155 6 0
-99395 2 1 103
-99548 2048 0
-99576 201326593 1 461
-99580 18 0
-99612 1 1 2767
-99700 2 1 997
-99748 8 0
-99827 20 0
-99891 9 1 1009
-99948 1 0
-99979 65544 0
-100204 10256 0
-100540 10 0
-100803 1 0
-100816 67108864 0
-100860 2051 0
-101123 264 0
-101208 201326593 0
-101291 0 1 199
-101292 129 0
-101608 100663312 0
-101836 4 0
-101859 65 0
-101964 257 0
-102099 1 0
-102387 1 0
-102496 67108864 0
-102579 513 0
-102683 4 0
-102707 8 0
-102736 67108864 0
-102755 2 0
-102803 0 1 223
-102904 201326656 0
-102908 16 0
-103188 1 0
-103355 6 0
-103539 1 0
-103792 67108880 0
-103907 256 0
-103939 8 1 859
-103984 75628544 0
-104128 67108864 0
-104288 67108864 0
-104355 3 1 773
-104368 67108872 0
-104388 1 0
-104572 16 0
-104675 1064962 0
-104860 6 1 107
-104868 1 1 971
-105027 17 0
-105064 100663424 0
-105075 3 1 467
-105203 68 1 113
-105579 1 1 11731
-105772 512 0
-105843 1 0
-105859 48 0
-105940 2 0
-105968 67109888 0
-106444 4194448 0
-106731 163841 0
-106908 32769 0
-106948 0 0
-106984 100667392 0
-106992 67108865 1 743
-107028 1 1 991
-107052 9 0
-107092 2048 0
-107131 0 1 149
-107428 0 1 107
-107503 264 0
-107704 201326592 0
-107812 0 0
-107868 20971521 0
-107932 8 1 223
-108136 100663300 0
-108196 8 0
-108219 1 0
-108280 201326594 0
-108451 4 0
-108555 3 0
-108684 1 1 3019
-108748 512 0
-109264 67108864 0
-109512 100663313 0
-109596 1 0
-109804 8388608 0
-109851 5 0
-110044 67592 0
-110052 1 1 1019
-110224 69206016 0
-110328 201326593 0
-110356 8192 0
-110388 1 0
-110412 1 1 3067
-110619 33 1 241
-110691 5 1 251
-110788 0 0
-110860 130 0
-110867 256 0
-111075 3 1 1481
-111132 5 0
-111172 0 0
-111340 66 0
-111556 0 1 167
-111664 67108868 0
-111691 65536 0
-111700 2 1 1117
-111707 32 0
-111724 16928 0
-111880 100663298 0
-111979 36 0
-111995 18 0
-112456 100663296 0
-112564 0 1 107
-112620 3 0
-112923 1 1 12547
-112971 1 0
-113028 1 0
-113056 67108864 0
-113072 67109888 0
-113179 8 0
-113307 1 1 179
-113428 4 0
-113452 0 1 113
-113492 32 0
-113555 18 0
-113584 67109376 0
-113643 65665 0
-113688 201326593 1 1579
-114060 3 0
-114267 2049 0
-114352 67108868 0
-114368 67108864 0
-114636 2049 0
-114732 1 1 3187
-114828 5 0
-115048 101187584 0
-115180 18 0
-115204 2097152 0
-115248 67108869 0
-115336 100663312 0
-115355 2 0
-115371 1 1 4273
-115408 67108864 0
-115443 16777217 1 127
-115480 201326594 0
-115624 109051904 0
-115691 64 0
-115692 513 0
-115955 6 0
-115980 3 0
-116035 130 0
-116148 1 0
-116172 5 1 461
-116208 67108865 1 269
-116211 1 0
-116267 0 1 233
-116620 38 0
-116664 201326593 0
-116691 8388609 0
-116712 100663297 1 1621
-116899 256 1 139
-116963 524 0
-117048 201326593 0
-117088 67108864 0
-117100 2 1 1171
-117275 2 1 4691
-117683 0 1 137
-117963 33 1 257
-118120 100663298 0
-118300 22 0
-118451 512 0
-118452 1 0
-118515 3 0
-118523 196864 0
-118539 1 1 13171
-118795 130 0
-118840 201326594 0
-118899 9 1 1201
-118923 5 1 809
-118955 1026 0
-118968 201326593 0
-119059 131072 0
-119088 67108865 1 827
-119152 67108872 0
-119235 3 0
-119332 0 0
-119371 4 0
-119387 0 1 277
-119483 16777236 0
-119619 1 1 13291
-119764 1048576 0
-119980 6 0
-120051 1 1 13339
-120075 3 1 1601
-120107 16 0
-120108 1 0
-120123 1 1 1483
-120139 1056 0
-120147 257 0
-120323 4 0
-120460 66 0
-120552 100663297 0
-120795 3 0
-120931 2105856 0
-120952 201326608 0
-120972 33 0
-121144 201326656 0
-121284 1 1 1123
-121395 3 0
-121420 18 0
-121755 3 0
-121804 1024 0
-122123 8388608 0
-122140 514 0
-122620 2 0
-122632 100663296 0
-122764 8192 0
-122868 1 1 3413
-123064 201326592 0
-123108 1 0
-123340 6 0
-123507 1 1 13723
-123532 4194304 0
-123579 129 1 199
-123587 2097152 0
-123700 2 1 1237
-123755 16386 0
-123955 18 0
-124140 3 0
-124216 201326592 0
-124272 67108865 1 863
-124360 100663298 0
-124624 67108864 0
-124667 32768 0
-124787 272 0
-124852 20 0
-125091 2049 1 113
-125195 524294 0
-125275 2 1 5011
-125608 100663300 0
-125675 10 1 457
-125772 8193 0
-125868 33 0
-125896 100663296 0
-126075 2051 0
-126196 4 0
-126243 2097169 0
-126339 129 0
-126412 56 0
-126484 0 1 103
-126640 67108866 0
-126772 2048 0
-127035 3 1 941
-127168 67108864 0
-127480 201326594 0
-127555 8388610 0
-127648 67108864 0
-128088 201326593 1 593
-128140 4098 0
-128220 3 0
-128356 0 0
-128459 64 0
-128555 6 0
-128560 67108866 0
-128704 67108864 0
-128748 1 0
-128908 132112 0
-128931 9 0
-129003 5 0
-129124 64 0
-129160 100663298 0
-129227 4 0
-129388 4 0
-129771 1 1 14419
-130060 6 0
-130067 36 0
-130332 1 0
-130563 4194305 1 163
-130804 16384 0
-130912 67108864 0
-130971 1 1 149
-130992 67108865 0
-131003 0 1 269
-131020 2 0
-131067 1 1 14563
-131112 100663297 1 607
-131224 201334784 0
-131331 1 0
-131675 130 1 229
-131740 6 0
-131787 1 1 1627
-132075 3 1 587
-132099 9 0
-132108 16777217 0
-132139 4100 0
-132211 8397056 0
-132323 0 1 113
-132408 201326593 1 613
-132460 1026 0
-132691 32784 0
-132780 3 0
-132852 1 0
-132948 1 1 1231
-132972 5 0
-132995 131074 0
-133128 100667393 0
-133228 64 0
-133312 67108864 0
-133395 3 0
-133427 4 1 389
-133428 1 0
-133452 9 1 337
-133548 513 0
-133804 8 0
-133816 201330688 0
-133851 1 0
-133932 1 0
-134052 1 0
-134220 3 0
-134308 0 0
-134555 34 0
-134723 0 1 199
-134860 10 0
-135012 1 0
-135340 16908290 0
-135459 257 1 173
-135496 100663296 0
-135508 64 0
-135732 1 0
-135928 201326608 0
-135939 1 1 113
-135972 1 1 1259
-136288 67108864 0
-136299 1 0
-136435 18 0
-136443 1 0
-136552 117440528 0
-136755 3 1 1013
-136828 1048576 0
-137019 1 0
-137188 0 0
-137195 130 0
-137200 67108870 0
-137292 33 0
-137427 65 0
-137563 128 0
-137747 16512 0
-137776 68157440 0
-137779 256 0
-137788 1092 0
-138132 1 1 1279
-138508 512 0
-138532 32768 0
-138675 4099 0
-138808 201326592 0
-138843 1 1 15427
-138915 7 0
-139084 264 0
-139155 3 0
-139411 0 1 109
-139427 131072 0
-139428 1 1 1291
-139444 262144 0
-139456 67108864 0
-139467 1 0
-139492 4096 0
-139659 17 0
-139912 100663296 0
-139948 32768 0
-139960 201326594 0
-140116 128 0
-140200 100663298 1 701
-140331 257 0
-140536 201326600 0
-140652 1 1 3907
-140704 67108864 0
-140739 4097 0
-140755 2 0
-140812 8196 0
-141012 1 1 3917
-141027 257 0
-141212 4096 0
-141555 3 0
-141571 131072 0
-141652 4 0
-141691 8 1 1171
-141739 16 0
-141979 128 0
-142168 201326608 0
-142384 67108872 0
-142435 65538 0
-142467 17 1 281
-142468 0 0
-142620 3 0
-143020 2 0
-143075 8421378 0
-143092 2097152 0
-143235 3 1 1061
-143308 8 0
-143547 32769 0
-143619 5 1 977
-143668 4 1 733
-143691 1 1 211
-143755 2 0
-144064 67108864 0
-144411 1025 0
-144468 1 1 4013
-144483 33 0
-144532 128 0
-144588 1 0
-144619 8224 0
-144664 201326608 1 107
-144683 12 0
-144691 0 1 257
-144736 67108864 0
-144955 16386 0
-144995 8194 0
-145012 4 0
-145156 8 0
-145171 16 1 859
-145300 2 1 1453
-145576 100663808 0
-145612 32768 0
-145708 524288 0
-145840 67108866 0
-145995 3 0
-145996 96 0
-146212 8 0
-146232 201326593 1 677
-146275 2 1 5851
-146380 18 0
-146620 2 0
-146632 100663296 0
-146659 32 0
-146731 16 0
-146851 32832 0
-146920 100663298 0
-147051 1 1 16339
-147291 257 0
-147307 64 0
-147340 16386 0
-147412 0 1 137
-147628 48 0
-147708 9 1 373
-147747 33 0
-147760 67108866 0
-147928 201328648 0
-147939 9 0
-148108 65536 0
-148152 201326593 0
-148408 201326608 0
-148699 32 0
-148780 4098 0
-149052 1 0
-149092 0 0
-149260 34 0
-149284 0 0
-149548 4 1 109
-149560 201326594 0
-149715 3 1 1109
-149892 1 0
-149928 100663297 0
-149944 201326592 0
-149979 1 0
-150012 1 1 463
-150168 201326593 0
-150171 5 0
-150352 67108864 0
-150412 512 0
-150579 25 0
-150616 201457664 0
-150648 201326593 0
-150732 1064961 0
-150795 3 1 1117
-150832 67108872 0
-150892 36 0
-151012 64 0
-151187 512 0
-151411 80 0
-151491 1 0
-151555 34 0
-152248 201326592 0
-152523 5 1 269
-152635 4194310 0
-152700 3 1 509
-152716 524288 0
-152812 136 0
-152883 1 1 16987
-152952 201326593 0
-153108 1 1 4253
-153244 20 0
-153420 3 0
-153528 201326593 0
-153571 136 0
-153580 6 0
-153627 2049 0
-153712 67108880 0
-153808 67108864 0
-153963 1 1 17107
-153976 201326656 0
-154092 1 0
-154251 257 1 197
-154403 32768 0
-154456 201330688 0
-154648 201326608 0
-154732 16777216 0
-154851 262145 0
-154891 8 0
-154907 576 0
-154923 1 1 113
-155331 9 1 523
-155728 67108864 0
-155835 3 1 3463
-155868 513 0
-155908 0 0
-156171 1 0
-156220 524290 0
-156280 201326594 0
-156340 2 0
-156424 100663296 0
-156563 4104 0
-156564 1 1 4349
-156739 8 0
-156888 201326593 1 2179
-157048 201457664 0
-157155 3 0
-157188 1 0
-157264 67108864 0
-157339 84 0
-157348 0 1 139
-157420 34 0
-157516 16384 0
-157539 33 0
-157555 2 0
-157788 1 1 487
-157792 67108864 0
-157888 67108864 0
-158027 1024 0
-158139 1 1 5857
-158328 201326593 1 733
-158392 201326608 0
-158452 4 0
-158568 100663297 0
-158603 0 1 199
-158955 3 0
-158979 1 1 197
-158988 1 0
-159132 4194305 0
-159243 5 0
-159363 1 1 17707
-159468 8388609 0
-159492 1 0
-159619 576 0
-159699 1 0
-159700 2 1 1597
-159748 0 0
-159859 2052 0
-159892 262144 0
-159928 201326592 0
-160192 67108864 0
-160203 1 0
-160428 257 0
-160851 1 0
-160932 1 0
-160947 1 1 1987
-160955 2 0
-161188 32768 0
-161227 8 0
-161260 10 0
-161272 201326656 0
-161488 67108864 0
-161632 67108864 0
-161739 1 1 17971
-161788 8 0
-161896 100696068 0
-161956 64 0
-161968 67125248 0
-162412 64 0
-162571 524320 0
-162712 201330696 0
-162748 65920 0
-162891 1 1 2011
-163075 10 1 593
-163107 5 1 863
-163144 100663296 0
-163372 1056776 0
-163696 67108880 0
-163768 201326600 0
-163828 4 0
-164172 1 0
-164200 100663298 1 821
-164243 1152 0
-164248 201326596 1 419
-164620 2 0
-164747 40 0
-164755 2097154 0
-164859 1 1 179
-165040 67108866 0
-165124 0 0
-165348 1 1 1531
-165472 67108864 0
-165507 4097 0
-165580 34 0
-165708 1 1 4603
-165748 8 0
-165808 67112960 0
-165820 2 0
-165843 1 1 18427
-165892 131072 0
-165915 3 1 1229
-165940 2 0
-165979 1048584 0
-166048 67108864 0
-166347 16842753 0
-166348 20 0
-166395 3 0
-166419 2057 0
-166576 67109120 0
-166888 100663424 0
-167003 16512 0
-167052 1 0
-167080 100663298 0
-167248 67108864 0
-167275 2 1 6691
-167428 64 0
-167448 201326593 0
-167472 67108865 1 1163
-167596 24 0
-167731 2048 0
-167980 1026 0
-167988 1 0
-168259 4116 0
-168508 0 1 103
-168568 201326656 0
-168723 1 1 2083
-168760 201326594 0
-168771 16777217 0
-168915 3 0
-168955 2 0
-169027 128 0
-169099 292 0
-169444 8 0
-169468 16 0
-169587 9 1 571
-169660 34 0
-169668 1 1 1571
-169683 1 1 163
-170035 514 0
-170059 0 1 173
-170164 64 0
-170380 6 0
-170488 218103808 0
-170811 1 1 18979
-170932 0 1 151
-171052 2052 0
-171508 16384 0
-171532 66624 0
-171688 100663304 0
-171963 9 1 193
-172008 100663297 1 2389
-172152 201326593 1 797
-172179 5 1 911
-172579 264 0
-172612 8 0
-172624 67108864 0
-172795 6 0
-172972 2097152 0
-173248 67108864 0
-173371 8 0
-173452 0 1 103
-173688 201326593 0
-173752 201327616 0
-173883 1 1 149
-173907 65 1 113
-173955 3 0
-174772 16 0
-174832 67108868 1 223
-174904 201326592 0
-174952 100663360 0
-175288 201326592 0
-175347 1 1 19483
-175624 100663552 0
-175708 528 0
-175755 3 0
-175779 1 1 19531
-175819 4 0
-175851 17 1 167
-176032 67108864 0
-176068 0 0
-176308 8 0
-176368 67633152 0
-176428 4 0
-176499 1 1 2179
-176555 2 0
-176675 1026 1 191
-176691 1 0
-176908 8192 0
-177088 67108864 0
-177112 201326608 1 131
-177195 3 0
-177331 8204 0
-177388 65536 0
-177435 3 1 3943
-177676 4096 0
-177699 1 0
-177747 1 1 179
-177868 16384 0
-178051 0 1 263
-178060 258 0
-178371 1 1 19819
-178387 8 0
-178648 201326592 1 137
-178675 6 1 1021
-178828 80 0
-178908 33 0
-178947 32769 1 337
-178971 17 1 353
-179212 8 0
-179443 8 1 1483
-179632 67108864 1 103
-179715 3 0
-179992 201326592 1 149
-180067 128 0
-180075 7 0
-180203 512 0
-180208 67108868 0
-180243 5 1 2861
-180492 4194321 0
-180588 16777217 0
-180931 288 0
-180972 9 1 457
-181072 67108864 0
-181168 67239952 0
-181371 1 0
-181432 201326592 0
-181547 262144 0
-181795 2 1 103
-182035 6 1 743
-182155 34 0
-182176 67108864 0
-182212 0 0
-182267 16448 0
-182331 1 1 2251
-182499 1 1 127
-182548 8192 0
-182620 130 0
-182739 1 0
-183852 1 1 5107
-184035 3 0
-184248 201326593 1 853
-184251 1 0
-184283 8 1 1523
-184648 100663296 0
-184803 1 1 229
-184827 1 0
-184891 65540 0
-185200 67108866 1 463
-185208 201326593 0
-185355 3 1 1373
-185388 5 0
-185667 1 1 199
-185731 20 1 157
-185739 16777217 0
-186003 2097153 0
-186075 3 1 827
-186132 1 0
-186376 100663296 0
-186508 4 0
-186531 8388609 0
-186699 1 0
-186708 1 0
-186808 201326656 0
-187083 2065 0
-187348 4 0
-187419 1 0
-187492 64 0
-187660 10 0
-188008 100925440 0
-188164 0 0
-188272 67110916 0
-188472 201326593 0
-188523 1 1 20947
-188683 40 0
-188883 513 1 677
-189003 1 1 251
-189355 2 0
-189436 16 0
-189483 5 1 1289
-189595 6 0
-189612 129 1 229
-189832 100728832 0
-190012 131072 0
-190048 67108864 0
-190083 1 0
-190099 20 0
-190203 17 0
-190248 100663297 0
-190708 4 1 139
-190948 0 0
-191020 2 0
-191388 2049 0
-191392 67108864 0
-191608 201330688 0
-191843 192 0
-192220 6 0
-192411 1 1 21379
-192532 0 1 127
-192588 9 0
-192592 67108864 0
-192892 2097156 0
-192928 67108864 0
-193171 40 0
-193216 67108864 0
-193252 0 0
-193523 524296 0
-193555 2 0
-193587 1 1 173
-193795 6 1 113
-194035 2 1 151
-194352 67108865 0
-194595 3 0
-194728 117440512 0
-194800 67108866 1 487
-194851 256 0
-194859 5 1 1031
-195171 131073 0
-195331 512 0
-195412 4 1 997
-195568 67108896 0
-195619 1056 0
-195747 262145 0
-195820 2 0
-195835 16386 0
-196120 201326594 0
-196155 3 1 1453
-196288 67108864 0
-196432 67108864 0
-196843 32 0
-197019 1 1 7297
-197308 0 1 107
-197619 65 0
-197731 128 0
-197899 16 1 1171
-197995 6 0
-198148 0 0
-198243 1 1 22027
-198312 100663297 0
-198931 0 1 331
-198979 8 0
-199032 201326593 0
-199171 1028 0
-199180 130 0
-199468 8192 0
-199763 1024 0
-199827 1 1 2467
-199852 32 0
-199867 0 1 269
-200115 3 1 4447
-200332 264 0
-200379 33 0
-200643 8193 0
-200692 0 1 131
-200748 1 0
-200764 16384 0
-201027 1 1 113
-201100 2 1 2011
-201315 3 0
-201387 1 0
-201475 2 1 8059
-201628 68 0
-201691 4 0
-201748 512 0
-202192 67108864 0
-202228 16 0
-202283 524320 0
-202347 1 1 22483
-202672 67125248 0
-202932 1 1 1879
-202939 72 0
-203035 6 0
-203067 129 1 109
-203292 1 1 5647
-203307 17 1 401
-203608 201327104 0
-203635 2 1 139
-203779 32 0
-203899 5243136 0
-203968 67108864 0
-204040 100663298 0
-204108 524289 0
-204147 1 1 7561
-204211 4 0
-204275 2 1 8171
-204355 130 0
-204387 1 1 193
-204472 201392128 0
-204592 67108928 0
-204675 3 1 2729
-204748 32 0
-204763 80 0
-205051 12 0
-205107 5 0
-205283 16 0
-205515 3 1 4567
-205891 131076 0
-205947 5 1 467
-206028 8421377 0
-206667 1 1 22963
-206755 2 0
-206952 100663297 0
-207003 1 0
-207088 67112964 0
-207147 257 0
-207568 67108864 0
-208243 262148 0
-208432 67108868 0
-208972 4194304 0
-209043 1 1 23227
-209080 201326594 0
-209140 2 0
-209428 2048 0
-209488 67108864 0
-209932 512 0
-210028 20 0
-210072 201326593 0
-210148 0 1 107
-210259 4 1 613
-210355 2 0
-210568 100663296 0
-210603 1 0
-210627 257 1 269
-210683 8 1 107
-210883 0 1 227
-211435 6 1 863
-211468 256 0
-211531 160 0
-211572 1 1 653
-211908 1 0
-211912 100663296 0
-212011 2048 0
-212403 16777217 0
-212595 3 0
-212620 2 0
-212635 4226 0
-212779 4 1 113
-212860 258 0
-212907 1 0
-213003 133 0
-213088 67108864 0
-213228 1 1 5923
-213483 1 0
-213532 136 0
-213651 2049 1 193
-213963 524289 0
-214123 20 1 181
-214171 65536 0
-214348 2048 0
-214443 1 1 23827
-214707 1 0
-214732 4 0
-214827 16777217 0
-214960 67108866 0
-214972 0 1 223
-215020 18 0
-215067 33 0
-215155 1026 0
-215499 257 0
-215611 40 0
-215683 8208 0
-215728 75497472 0
-215812 0 1 163
-215995 18 0
-216003 4194305 0
-216163 576 0
-216227 8 1 1787
-216232 100663296 1 151
-216868 0 0
-217132 64 0
-217552 67108864 0
-217563 8193 0
-217648 67174400 0
-217707 5 1 1481
-217768 100663296 1 163
-217900 2 1 2179
-217915 2050 0
-218299 0 1 419
-218307 16385 0
-218472 100663297 0
-218692 0 0
-219048 100663297 0
-219088 67108864 0
-219267 1 1 2707
-219312 67108865 1 1523
-219739 16 0
-219832 201326592 0
-219888 67108865 1 509
-220315 2 1 139
-220347 1 1 8161
-220504 201330688 0
-220555 2 0
-220891 4104 0
-220995 3 1 1637
-221379 1 1 109
-221428 0 1 197
-221452 12 0
-221512 100663296 0
-221523 2049 0
-221752 201342976 0
-221848 201326600 0
-221851 2052 0
-222139 524320 0
-222168 201326593 0
-222195 3 0
-222235 18 1 263
-222280 100663298 0
-222520 201326594 0
-223363 36 0
-223555 2 0
-223932 1 0
-224092 8 1 463
-224140 6 0
-224148 1 0
-224155 2 1 127
-224380 18 0
-224387 0 1 457
-224403 1 1 131
-224508 16385 0
-224587 40 0
-224883 1 1 8329
-225100 2 1 2251
-225388 131328 0
-225460 2 0
-226219 36 0
-226468 8 0
-226732 8 0
-226828 4 0
-226939 0 1 229
-227083 4096 0
-227235 3 0
-227248 67108868 0
-227275 2 1 9091
-227320 201326594 0
-227427 6145 0
-227428 0 0
-227488 67108864 0
-227523 1 1 149
-227587 1024 0
-227643 17 1 449
-227752 102760452 0
-227859 1 1 151
-227868 33 0
-227907 129 1 367
-227931 9 0
-227987 32 0
-228027 257 0
-228747 1 0
-228748 2113552 0
-228979 32768 0
-229012 4 0
-229300 2 1 2293
-229419 257 1 293
-229612 0 1 137
-229891 32 0
-229915 6 0
-230140 1026 0
-230248 100663328 0
-230347 8464 0
-230371 0 1 107
-230427 1 1 25603
-230491 2097152 0
-230731 0 1 179
-230932 16 0
-230968 201326592 0
-231523 32 0
-231532 4 0
-231688 100663296 0
-231928 201342976 0
-232267 4 0
-232347 2049 0
-232611 33 0
-232627 0 1 353
-232780 2 1 103
-232923 1 0
-233032 100663296 0
-233187 65 0
-233272 201326608 0
-233283 1 0
-233539 0 1 409
-233788 0 1 211
-233827 264 0
-233995 16386 0
-234307 4096 0
-234648 201326593 1 3259
-234723 1 0
-234760 100663298 0
-234955 6 1 137
-235227 4194305 0
-235387 0 1 401
-235459 4 0
-235643 65536 0
-235675 10 1 857
-235708 8 1 487
-235923 65 0
-236971 8388612 0
-237612 1 0
-238003 256 1 283
-238428 1025 1 179
-238467 257 0
-238588 4 0
-238827 1 0
-238907 2048 0
-239059 65536 0
-239131 1152 0
-239899 8 1 113
-239968 67108864 0
-240147 1 1 26683
-240355 16386 0
-240388 64 0
-240443 4 1 701
-240628 4096 0
-240715 514 0
-240723 5 1 3821
-240747 17 0
-240867 9 1 811
-241420 2 0
-242008 201326608 1 179
-242068 524288 0
-242104 201342976 0
-242203 528 0
-242347 4194308 0
-242452 4 1 1237
-242643 257 0
-242851 4 0
-243003 1 0
-243076 131072 0
-243187 4 1 709
-243331 8 1 2011
-244195 6 0
-244539 1 1 3019
-244563 9 0
-245128 100663312 0
-245235 3 0
-245275 2 1 9811
-245755 130 0
-245788 4096 0
-245968 67108864 0
-246211 36 0
-246268 264 0
-246475 2 1 9859
-246612 1 0
-246747 1 1 233
-246843 1 1 27427
-246988 4 0
-247107 2053 0
-247219 4 0
-248068 0 0
-248187 1 0
-248307 1025 0
-248392 100728832 0
-248427 1 1 3067
-248923 0 1 229
-248968 100663296 0
-249019 0 1 227
-249148 0 1 199
-249355 2 0
-249571 16777220 0
-249835 258 0
-250048 67108864 0
-250507 0 1 397
-250552 201326592 0
-250627 16 1 1483
-250699 32 0
-251080 100663298 0
-251692 20971524 0
-251728 67108864 0
-251787 33 0
-251848 100663296 0
-252043 8 1 2083
-252088 201326592 0
-253012 4096 0
-253075 16386 1 191
-253339 3072 0
-253395 3 1 1877
-253515 3 0
-253612 270400 0
-253627 8 0
-253915 4098 0
-253936 67141632 0
-254011 320 0
-254067 9 0
-254107 516 0
-254188 16392 0
-254248 100728832 0
-254368 67108864 0
-254412 1025 1 191
-254419 16777224 0
-254443 4 1 163
-254643 33 0
-254707 256 0
-255027 1 0
-255352 201359360 0
-255483 1 1 28387
-255652 0 0
-255691 128 0
-256132 0 0
-256155 3 0
-256635 3 1 1901
-256755 3 0
-256888 201326592 1 163
-257155 2 0
-257323 8 1 149
-257328 67108865 1 1787
-257419 8192 0
-257608 100663312 0
-257683 0 1 127
-257931 2049 1 233
-258052 0 0
-258083 132 1 229
-258108 1 1 137
-258147 1 1 3187
-258148 8 0
-258208 67108864 0
-258292 512 0
-258355 2 1 163
-258363 5 1 1367
-258507 1 1 28723
-258867 5 1 587
-259075 4098 1 241
-259108 0 1 211
-259363 262160 0
-259651 4 1 757
-259803 1 1 28867
-259995 3 0
-260059 512 0
-260307 513 1 311
-260347 0 1 139
-260955 3 1 1933
-261052 40 0
-261259 0 1 137
-261328 67108864 0
-261387 5 1 461
-261675 3 1 1163
-261763 192 0
-261772 4 0
-262012 512 0
-262803 33 0
-263011 4 0
-263107 1040 0
-263659 8 1 2179
-264940 18 0
-265035 3 0
-265195 6 0
-265708 0 1 181
-266155 2 0
-266260 2 0
-266907 1 0
-267387 65 0
-267715 6 0
-267723 1 2 151 197
-268315 2 1 103
-268372 16 1 397
-268467 1 1 109
-268468 2048 0
-268923 33 0
-269275 2 1 10771
-269323 1280 0
-269368 201326600 0
-269872 83886080 0
-269963 0 1 103
-269971 80 0
-270147 33 0
-270243 1 1 10009
-270627 5 1 263
-270715 258 0
-270787 8 1 103
-271123 0 1 137
-271291 262144 0
-271588 4096 0
-271720 100663298 0
-271803 4101 0
-272035 2050 0
-272187 33 1 593
-272467 16 0
-272668 8 0
-272755 6 0
-272932 8 0
-273091 20 0
-273592 201326600 0
-273595 6 0
-273652 5120 0
-274012 65536 0
-274492 0 1 163
-274891 256 0
-275020 2 0
-275155 2 1 113
-275188 4194304 0
-275667 5 0
-276115 134 0
-276123 1 0
-276283 260 0
-276868 64 0
-276915 3 0
-276952 201326608 0
-277048 201326592 0
-277132 1048576 0
-277699 0 1 137
-278035 34 0
-278488 201326596 0
-279067 256 0
-279163 0 1 107
-279235 10 0
-279315 3 1 2069
-279355 2 0
-279723 1 0
-279868 67072 0
-280459 320 0
-280675 2 2 103 109
-280707 5 0
-281068 256 0
-281203 8388624 0
-281260 2054 0
-281467 131072 0
-281755 1026 0
-282648 201326593 0
-282811 4096 0
-282883 0 1 457
-282987 8193 1 223
-283012 0 0
-283075 131090 0
-283203 33 1 617
-283291 128 1 109
-283707 257 1 1087
-284395 130 0
-284692 0 1 103
-284755 2 0
-285112 201326592 1 157
-285267 1 0
-285499 128 0
-285547 0 1 283
-285787 32 0
-287643 1 0
-287667 1 1 31963
-287848 100663304 0
-287907 65 0
-288555 3 0
-288652 65556 0
-288763 2048 0
-288955 2 0
-289612 32 0
-289683 1 1 10729
-289699 0 1 271
-290299 65536 0
-290643 65 0
-290992 67108880 0
-291148 24 0
-291355 2 0
-291811 16 0
-291867 1 1 271
-291952 67371008 0
-292048 67108864 0
-292051 512 0
-292492 2097152 0
-293275 2 1 11731
-293307 5 0
-293428 0 1 109
-293731 0 1 239
-294088 100663296 0
-294123 1 0
-294235 2097154 0
-294508 327712 0
-294592 67108864 0
-294603 1 1 283
-294763 36 0
-294988 256 0
-295227 1 1 32803
-295339 8 0
-295555 18 0
-295867 24 0
-295963 1088 0
-296203 0 1 271
-296752 67108896 0
-296755 2 0
-297243 16777217 1 109
-297291 2049 0
-297867 1 0
-298147 0 1 397
-298288 67108864 1 103
-298507 8 1 2467
-298755 3 1 2213
-298795 6 0
-298852 0 0
-299163 1 0
-299187 5 1 1583
-299323 4096 0
-299347 0 1 467
-299827 8388616 0
-299923 16 0
-300232 100663296 0
-300243 2049 0
-300267 9 1 337
-300363 5 0
-300451 0 1 103
-300483 513 1 359
-300619 8 0
-301099 0 1 277
-301107 257 0
-301347 1 1 11161
-301891 64 0
-301900 2 1 3019
-301963 262144 0
-301995 3 1 2237
-302131 0 1 431
-302712 201326593 0
-303675 3 1 4049
-303928 201326592 0
-304195 2097154 0
-304252 16 0
-304312 201326592 0
-304348 8 0
-304555 34 0
-305187 129 0
-305443 33280 0
-306307 0 1 157
-306355 6 0
-306571 0 1 281
-306835 2 1 109
-307323 1 1 34147
-307363 68 0
-307528 100663312 0
-307588 0 1 131
-307792 67108864 0
-307948 0 1 167
-308128 67108864 0
-308212 256 0
-308227 32 0
-308235 3 0
-308488 100663296 0
-308907 33 1 673
-309283 1040 0
-309643 4160 0
-309772 4096 0
-310312 101711872 0
-310435 8194 0
-310828 36 0
-311107 32768 0
-311547 257 0
-311787 16777221 0
-312139 512 0
-312379 2112 0
-312811 0 1 103
-313048 201326592 1 109
-313123 32 1 113
-313672 100663296 0
-313707 16385 0
-314155 2097154 0
-314251 4 0
-314395 2 1 227
-314667 1 1 34963
-314932 4096 0
-315232 67108864 0
-315627 17 0
-316147 2097168 0
-316467 1 1 3907
-316563 17 0
-316627 0 1 131
-316675 16386 1 239
-316963 128 0
-317067 33 0
-317907 1 1 35323
-318043 264 0
-318283 2052 0
-318355 2 0
-318451 8519684 0
-319288 201326592 1 107
-319507 0 1 283
-319627 12 1 593
-319675 66 1 673
-319915 2 1 109
-319963 4100 0
-320188 72 0
-320755 2 0
-321379 4194432 0
-321820 2 0
-321952 67108864 0
-322267 8 0
-322347 1 0
-322435 32770 0
-322492 1024 0
-323068 32 0
-323347 1048576 0
-323632 67108864 1 113
-323643 1 0
-323995 6 0
-324003 33 0
-324603 1 1 36067
-324867 1 0
-325323 1 1 12049
-325348 0 1 163
-325507 524308 0
-325675 6 1 1861
-325683 1 1 36187
-326043 33 1 2131
-326848 67108864 0
-327043 1024 0
-327547 8 1 2707
-328123 18432 0
-328395 3 0
-328612 0 0
-328827 1 0
-329011 524288 0
-329203 4 1 131
-329275 2 1 13171
-330355 2 0
-330619 64 0
-331459 0 1 461
-331468 0 1 173
-331528 100663552 0
-332275 2 1 13291
-332299 40 0
-332395 6 0
-332683 16 1 157
-333043 2048 0
-333163 0 1 431
-333435 3 0
-333475 2 1 13339
-333595 2 1 137
-334768 67174404 0
-335080 100663298 0
-335587 4 1 191
-337075 8388610 1 139
-337192 100663296 1 113
-339147 1064961 0
-339172 0 0
-339208 100663296 1 109
-339667 512 0
-339859 16 1 2011
-339987 1 0
-340075 65538 1 223
-340483 24 0
-340771 0 1 433
-341107 80 0
-341427 1 0
-341683 16777248 0
-342232 201326600 0
-342675 3 1 1523
-343555 2 0
-343987 4 1 157
-344752 67109120 0
-344923 0 1 131
-345195 3 1 2557
-345808 67108864 0
-345955 2 0
-346387 8388608 0
-346707 1 1 12841
-347092 64 0
-347488 67108864 0
-347515 6 0
-348387 17 0
-349363 260 0
-351019 17408 0
-351307 8 1 109
-351387 1 1 39043
-351835 10 0
-351883 36 0
-351955 4098 0
-352027 16 1 2083
-352587 1 0
-353083 262144 0
-353488 67108864 0
-353515 34 0
-354243 1 0
-354283 0 1 277
-354427 8192 0
-355075 6 1 2029
-355267 8 0
-355492 0 0
-355699 8388672 0
-355972 0 0
-356035 514 0
-356371 32 0
-356755 6 0
-356920 201326594 0
-357147 5 1 5669
-357267 1 0
-357603 1 1 199
-357723 1 1 13249
-357835 32770 0
-358555 2 0
-358803 8388609 1 137
-359011 1536 0
-359368 100663552 0
-359515 18 0
-359803 320 0
-360283 12 0
-360355 8388610 0
-360475 2 1 14419
-360547 524296 0
-360963 257 1 461
-361123 132 0
-361408 67108864 0
-361483 0 1 223
-361795 6 0
-361867 131080 0
-362035 65538 0
-362299 524292 0
-362563 3072 0
-362643 1 1 109
-363355 2 0
-363955 2097154 0
-364347 1 1 40483
-364387 0 1 109
-364555 2 0
-364648 100663360 0
-365083 131072 0
-365299 8 1 3019
-365707 8704 0
-365995 6 0
-366115 1026 0
-367347 1 0
-367507 4 0
-367635 3 0
-368932 0 0
-369328 67110912 0
-369387 1 1 13681
-369667 8389632 0
-370155 3 0
-371035 6 0
-371107 8 1 3067
-372355 2 0
-372387 16777217 0
-372507 1 1 227
-372595 4098 0
-372652 4 0
-372787 0 1 113
-372843 1 1 4603
-373027 320 0
-373507 32 1 127
-373683 1 0
-374107 1024 0
-375403 4 0
-375547 32 0
-375867 1 1 13921
-376555 2 1 127
-376987 8208 0
-377899 2097408 0
-377995 34 0
-378643 262144 0
-378723 1 0
-379072 67108864 0
-379987 256 0
-380307 33 0
-380323 1088 0
-380788 128 0
-381088 67108864 0
-381403 8 0
-381448 100663296 0
-382603 80 0
-383323 4751360 0
-384652 1152 0
-385435 2 1 157
-385443 1 2 113 379
-385827 17 1 761
-386488 201326592 0
-386523 131073 1 641
-387355 2 0
-387835 6 1 1583
-388035 3 1 8623
-388843 20 0
-389992 100665600 0
-390019 4 0
-390643 40 0
-390955 2 0
-391027 20 0
-391747 512 0
-391923 5 1 6221
-393043 4 0
-393352 100663296 0
-393715 6 1 1607
-394243 65664 0
-394531 1024 0
-394555 6 0
-395035 10242 0
-395347 128 0
-396355 34 0
-396763 32 0
-397587 1 0
-397603 8388608 0
-397987 2080 0
-398248 100794368 0
-398392 201326656 0
-399595 6 1 233
-399883 8 0
-399907 0 1 113
-400107 1 1 197
-400507 0 1 157
-400555 2 0
-402075 3 1 1787
-402147 1 1 44683
-403195 18 0
-404707 16777216 0
-405163 8 0
-405355 2 0
-406107 4194321 0
-406323 16777217 1 149
-406627 528 0
-406827 33 1 2659
-406867 0 1 179
-406963 1056 0
-407155 6 0
-407187 9 1 457
-407752 100663296 0
-407827 2308 0
-407955 3 0
-408307 0 1 229
-408475 2 1 16339
-409747 4112 0
-410155 2 0
-410547 1 0
-410635 34 0
-410803 16512 0
-410883 9 0
-410995 18 0
-411448 201326592 0
-411595 2 1 263
-411955 8194 0
-412195 6 0
-412363 4 0
-413323 131584 0
-413667 1 1 5107
-413803 16 1 139
-414243 1 1 46027
-415915 2 1 193
-416827 16777216 0
-416923 16 1 2467
-417123 5 1 2207
-417355 2 0
-418483 16 0
-418507 1024 0
-418747 4 1 163
-419659 256 1 499
-420627 1 1 149
-421243 262176 0
-421675 16777218 1 167
-421947 1 2 173 271
-422283 1 0
-422403 1 1 103
-422755 2 0
-424195 4098 0
-425035 18 1 503
-425683 0 1 167
-426067 16384 0
-426627 129 1 229
-426892 2112 0
-426955 34 0
-427795 131074 0
-428332 32 0
-429115 66 0
-429163 1028 0
-430012 264 0
-430027 80 0
-430203 1 0
-430315 4194306 0
-430507 12 0
-431443 2080 0
-431467 294912 0
-432307 65600 0
-432523 8388628 0
-433147 24 1 233
-433323 9 1 1459
-433435 130 0
-434443 0 1 193
-434515 12290 0
-434883 1 0
-435883 524292 0
-436132 0 1 107
-436195 130 0
-436555 6 0
-436987 0 1 379
-438163 65544 0
-438355 2 0
-439627 65536 0
-440752 67108880 1 163
-441603 1 2 139 353
-441835 8388610 0
-441928 100664320 0
-442435 6 0
-442723 0 1 293
-443755 18 0
-444115 6 0
-446307 513 0
-446392 201326592 0
-446427 1 1 49603
-446947 65568 0
-448483 1048580 0
-448987 44 0
-449275 2 1 17971
-449755 2 1 293
-449947 0 1 241
-450187 0 1 191
-451432 101187584 0
-451683 1 1 16729
-451963 0 1 137
-452428 64 0
-453835 2 1 139
-454675 18 1 1399
-455427 5 1 7229
-456115 10 0
-456292 0 0
-456307 0 1 199
-457483 16 1 2707
-457923 1 0
-458563 4 1 109
-459187 32 0
-459243 524289 1 233
-459595 34 0
-460027 256 1 547
-460219 4194304 0
-460315 4098 0
-460363 0 1 613
-460723 256 0
-460947 1 0
-461547 1 1 51283
-461923 12 1 857
-463507 264 0
-463563 8421377 0
-463675 34 1 1091
-464683 1088 0
-466075 2 2 103 181
-466123 36 0
-467251 262144 0
-467923 0 1 491
-468483 65 0
-468547 0 1 103
-469027 16 1 109
-469123 1536 0
-469683 129 1 2269
-469987 4 0
-470283 9 0
-470787 129 0
-470992 67108864 0
-471003 17 1 929
-472363 262144 0
-473083 16 1 151
-473643 1 1 52627
-473683 4 1 1381
-473848 201392128 0
-473995 8194 0
-474475 2 1 18979
-474763 69632 0
-474952 100663296 0
-475507 2097184 0
-476947 16384 0
-479395 6 0
-479763 1 1 5923
-481072 67108864 1 107
-482155 2 0
-483235 2 1 127
-483715 4194306 0
-484555 2 0
-485395 2 1 193
-487435 18 0
-488275 2 1 19531
-490147 4 1 1429
-492123 2049 0
-492451 2048 0
-493507 4 0
-493987 1049616 0
-494827 256 1 113
-495475 2 1 19819
-499387 4 0
-500427 1 1 55603
-500467 8 0
-500635 2 1 223
-501307 2048 0
-501547 0 1 211
-502627 4096 0
-502867 1024 0
-503203 0 1 607
-503427 1 0
-503683 32768 0
-504172 0 1 241
-505675 2 2 113 179
-507787 4100 1 241
-508099 0 1 103
-509683 0 1 283
-510211 16 1 3019
-510603 257 0
-512283 1 0
-512323 4 0
-516355 6 0
-518203 4 1 181
-518323 16 1 3067
-523075 65542 0
-524155 2 0
-524932 64 0
-525067 1152 0
-526003 65536 0
-526723 128 0
-526843 1280 0
-526915 34 0
-528235 258 0
-529267 8192 0
-529963 4 0
-530667 1 1 58963
-531523 12288 0
-532443 1 0
-532987 20 0
-533467 8 0
-533803 1048832 0
-533947 1024 0
-534475 2 1 21379
-534627 1 1 19801
-534667 36 0
-535203 1 1 59467
-535747 526336 0
-536347 4 1 193
-537643 64 0
-538387 1024 0
-538507 0 1 349
-538675 258 1 743
-539155 34 0
-539467 64 0
-539883 1 2 223 269
-540067 264 0
-540763 256 1 643
-540835 66 0
-542107 65536 0
-542803 8192 0
-543667 0 1 107
-545587 2052 0
-546715 18 1 647
-547003 4096 0
-547507 0 1 109
-550123 4 2 103 109
-550363 8 0
-550795 6 0
-552115 130 0
-552427 0 1 131
-552643 20 0
-553347 1 1 61483
-553987 260 0
-554203 4194320 0
-555643 8 0
-556003 4 1 1621
-556963 8 1 4603
-558163 320 0
-559507 16 1 193
-559843 16777344 0
-560155 2 0
-561507 65 0
-562843 0 1 281
-563227 36 0
-565363 8320 0
-568555 18 0
-570187 2048 0
-570747 1 0
-571803 129 0
-572427 1025 1 191
-573115 2097154 0
-573307 4 0
-573483 1 0
-575283 1 1 113
-575323 4 0
-575668 262144 0
-577075 2050 1 563
-578755 2 0
-579163 144 1 149
-579187 8388612 0
-579547 524320 0
-580003 0 1 619
-581563 32768 0
-581667 2049 0
-582283 8208 0
-582787 1088 0
-583627 40 0
-583843 8388624 0
-586243 4194308 0
-588963 1 1 137
-593035 2097154 0
-593203 16 0
-593803 2052 0
-596107 1024 0
-596563 8 1 193
-597067 524288 0
-598747 64 0
-598843 4 0
-604123 16 0
-614923 0 1 149
-615547 32768 0
-616323 1 0
-616627 264 0
-617947 8 1 5107
-618907 262272 0
-619843 524292 0
-620563 128 0
-620587 8 0
-624523 1024 0
-626563 68 1 673
-627907 4 1 271
-630547 288 0
-631603 132 0
-634987 16777216 0
-635947 278544 0
-638107 0 1 167
-640627 16 0
-643147 0 1 179
-643483 0 1 431
-646627 64 0
-647683 544 0
-648547 0 1 773
-649027 8388608 0
-650323 4194304 0
-650787 16385 0
-651763 36 0
-653755 16386 0
-654907 264 0
-655627 4 1 229
-655923 1 0
-658747 2048 0
-663667 2048 0
-664003 32 1 139
-664987 0 1 149
-667192 201326592 0
-667627 0 1 331
-670723 2097152 0
-675283 4 0
-677443 2576 0
-679627 144 0
-683587 1048608 0
-685843 64 0
-688675 18 1 163
-692203 2048 0
-693883 262400 0
-694003 0 1 109
-700123 0 1 421
-702307 0 1 191
-702403 262160 0
-702643 0 1 661
-704587 2097168 0
-707107 1280 0
-707947 2560 0
-712363 0 1 193
-714043 8 1 139
-716683 8 1 5923
-717787 67588 0
-724003 4 1 293
-725467 0 1 271
-725635 2 1 103
-728347 0 1 719
-741427 512 0
-742107 1 0
-742603 256 1 883
-742963 131088 0
-745123 64 0
-751675 2 2 107 281
-751723 36 0
-761083 2112 0
-761467 4 1 181
-768763 524288 0
-769267 1056 0
-770323 2097152 0
-770707 132 0
-775747 4 0
-777043 64 0
-777907 16 1 4603
-778747 0 1 523
-781267 4096 0
-788803 1024 0
-792955 2 0
-815347 80 0
-818203 1048576 0
-830083 2621440 0
-833107 16392 0
-835363 32 0
-837907 4 0
-840403 0 1 461
-843187 4096 0
-851323 8 1 193
-851827 64 1 107
-853003 8192 0
-856227 1 1 269
-860563 8 0
-868795 8194 0
-877123 16 1 109
-881563 0 1 271
-887803 16388 0
-889387 128 0
-893347 20 0
-929443 0 1 109
-934123 512 0
-952603 64 1 181
-955507 4 0
-956923 8 0
-962203 8 0
-965323 256 0
-971107 0 1 953
-976123 131104 0
-984523 64 0
-997243 2064 0
-1029163 32 0
-1043443 32 0
-1053427 263168 0
-1087003 128 1 167
-1119787 16777216 0
-1192867 4194320 0
-1225387 0 1 613
