-255191
-377831
-429887
-460079
-596231
-669839
-685271
-733919
-881351
-922039
-923399
-1034783
-1058671
-1078127
-1269167
-1326383
-1339607
-1389383
-1572751
-1581079
-1634911
-1635503
-1639999
-1672639
-1694207
-1715783
-1741379
-1763719
-1796911
-1809271
-1866779
-1889411
-1941343
-1992031
-2018623
-2038951
-2068471
-2070559
-2092039
-2139367
-2209931
-2231407
-2233039
-2273959
-2301623
-2303239
-2319371
-2422811
-2438671
-2518231
-2542739
-2596303
-2664439
-2672171
-2678651
-2695999
-2717359
-2729423
-2760371
-2806663
-2812619
-2817487
-2823971
-2845207
-2963911
-3044567
-3144727
-3198319
-3201371
-3207031
-3224719
-3248171
-3249971
-3256931
-3258727
-3294631
-3309367
-3328979
-3389719
-3410479
-3449939
-3542743
-3603539
-3679999
-3695407
-3766303
-3798251
-3814351
-3822103
-3861059
-3934783
-3954611
-3982931
-4047539
-4129187
-4133551
-4188367
-4218899
-4229023
-4236703
-4280383
-4341251
-4341487
-4413511
-4429259
-4442507
-4506659
-4552619
-4559887
-4593707
-4614971
-4625219
-4633543
-4668947
-4675859
-4679023
-4700939
-4707083
-4744063
-4758823
-5080403
-5115251
-5118779
-5176903
-5183863
-5190583
-5197879
-5226491
-5255507
-5291023
-5304491
-5309023
-5323259
-5339119
-5344331
-5415659
-5434087
-5436247
-5455523
-5490059
-5495291
-5634107
-5682223
-5706131
-5731283
-5836931
-5901131
-5910127
-5934563
-5941043
-5970847
-6069247
