-288791 0 2 487 593
-312791 0 2 167 1873
-326639 16384 1 6163
-331271 0 2 337 983
-334439 4 1 47777
-358391 520 1 1051
-360311 4 1 51473
-364055 34 1 4283
-377495 2 2 103 733
-387455 2 1 77491
-434255 2 1 86851
-446159 4 1 63737
-456839 1024 1 12347
-467255 2 2 113 827
-479135 1048578 1 1213
-504071 0 2 457 1103
-504215 514 1 3253
-515303 0 2 251 2053
-527879 1032 1 1297
-532223 1048576 1 6737
-537551 2052 1 1873
-539999 8388672 1 293
-542015 4098 1 2521
-576047 0 2 397 1451
-591719 32 1 34807
-623015 16386 1 2351
-626039 0 2 757 827
-635255 2 1 127051
-673511 1024 2 109 167
-676247 24 1 4729
-686255 2 1 137251
-687167 16 1 52859
-694199 8 2 223 283
-702287 32 2 109 379
-703655 2 1 140731
-716183 4194320 1 619
-739583 16 1 56891
-751544 33555456 1 2539
-755807 8208 1 1237
-759095 2 2 157 967
-765719 64 2 191 211
-770303 1024 2 109 191
-772871 40 1 4133
-781703 16 2 157 383
-784847 4 1 112121
-788279 128 1 34273
-793823 4096 1 18461
-805076 2048 1 4909
-808484 0 1 202121
-809135 2050 1 3947
-814904 33554432 1 101863
-815495 4098 1 3793
-824087 72 1 3943
-829271 0 2 439 1889
-835127 1024 1 22571
-856535 2 2 107 1601
-863567 4194816 1 313
-867047 131072 1 12941
-877127 0 2 211 4157
-878015 2050 1 4283
-881855 18 1 13567
-888167 4 2 181 701
-891263 262144 1 12553
-892111 8 1 81101
-902359 128 1 39233
-932255 2 1 186451
-940247 12 1 12211
-945047 160 1 2417
-952376 33554432 1 119047
-955463 8448 1 701
-975935 66 1 10273
-983039 0 2 241 4079
-990527 1088 1 1409
-995495 2 2 103 1933
-1004135 10 1 18257
-1015951 0 2 139 7309
-1019191 16777216 1 10091
-1035415 2 2 157 1319
-1039727 16 1 79979
-1046303 0 2 293 3571
-1056824 33554432 1 132103
-1058783 16777224 1 953
-1063343 1280 1 991
-1066351 24 1 7457
-1071199 0 2 263 4073
-1083176 67371008 1 1907
-1083623 0 2 541 2003
-1086356 16777216 1 2689
-1094071 1048584 1 1259
-1097444 0 1 274361
-1099655 2 1 219931
-1101176 33587200 1 2333
-1103156 1048576 1 3491
-1105796 0 1 276449
-1112744 67108864 2 367 379
-1127423 40 1 6029
-1136207 0 2 307 3701
-1136504 33554496 1 7477
-1136855 2 1 227371
-1142495 2097154 1 2753
-1143224 33554432 1 142903
-1156196 0 1 289049
-1166207 4 1 166601
-1171655 2 1 234331
-1174559 512 1 37889
-1175423 4202496 1 281
-1179416 33554436 1 21061
-1183784 67108868 1 21139
-1199096 33555456 1 4051
-1212143 64 2 131 487
-1218863 0 2 823 1481
-1222295 1026 1 6607
-1224404 1024 1 8273
-1229959 2048 2 131 229
-1240871 64 1 65309
-1246136 33570816 1 2939
-1251047 36 1 10513
-1253096 67108880 1 12049
-1271924 0 2 379 839
-1275896 33558528 1 3709
-1294376 67108864 2 137 1181
-1302031 8389120 1 433
-1310959 528 1 3253
-1312676 0 2 107 3067
-1326095 2 2 337 787
-1330823 16 2 167 613
-1341199 128 1 58313
-1341655 6 1 38333
-1352756 0 2 383 883
-1354904 33554432 2 257 659
-1358959 2097156 1 2339
-1361384 67108864 2 167 1019
-1363247 32 1 80191
-1370516 4 1 48947
-1372007 20 1 15077
-1377799 32 1 81047
-1378039 262160 1 1493
-1379471 1152 1 1621
-1381367 32784 1 1801
-1394455 2 1 278891
-1403960 33554434 1 35099
-1404776 71303168 1 1973
-1422047 8 1 129277
-1422799 4 2 439 463
-1422836 0 2 227 1567
-1428743 320 1 2593
-1429711 2048 1 34871
-1437295 2 2 263 1093
-1439311 0 2 631 2281
-1440776 67108864 1 180097
-1458536 67108864 2 337 541
-1470031 0 2 389 3779
-1470836 262144 1 5179
-1471247 0 2 157 9371
-1474964 0 2 491 751
-1480367 524292 1 2897
-1500164 64 1 19739
-1503167 0 2 167 9001
-1507076 0 1 376769
-1515224 33555456 1 5119
-1520183 4 1 217169
-1527631 4 1 218233
-1530296 33554432 2 197 971
-1564759 132 1 9719
-1565687 65536 1 25667
-1571720 67108866 1 39293
-1583864 33554688 1 6827
-1589455 6 1 45413
-1595551 1280 1 1487
-1598120 67108866 1 39953
-1598744 33554436 1 28549
-1603879 2048 1 39119
-1605176 33554432 2 283 709
-1605679 0 2 109 14731
-1609007 256 2 113 491
-1626167 512 1 52457
-1626836 128 1 17683
-1630847 16908288 1 241
-1656632 33554432 1 207079
-1665391 20 1 18301
-1667480 33554434 1 41687
-1672879 16 1 128683
-1675639 36 1 14081
-1679855 34 1 19763
-1684916 131072 1 6287
-1687399 4 2 193 1249
-1690999 32768 1 28661
-1695263 0 2 1051 1613
-1712744 67108872 1 19463
-1715359 8192 1 36497
-1722559 96 1 5333
-1734487 0 2 449 3863
-1745959 0 2 839 2081
-1761167 64 1 92693
-1761899 131072 1 26297
-1763096 34078720 1 3019
-1766984 67108864 1 220873
-1768847 0 2 599 2953
-1769407 4096 1 41149
-1770404 0 1 442601
-1775156 0 2 151 2939
-1783727 8 2 167 971
-1783736 33554432 1 222967
-1794584 33554440 1 20393
-1798499 0 2 131 13729
-1799543 128 1 78241
-1799959 8196 1 5471
-1803464 67108880 1 17341
-1810519 2048 1 44159
-1815224 33554432 1 226903
-1825639 0 2 761 2399
-1826216 67108868 1 32611
-1830767 524800 1 809
-1836596 128 1 19963
-1839176 67108864 1 229897
-1839464 67108872 1 20903
-1842056 67108864 1 230257
-1850276 0 1 462569
-1857704 67633152 1 3181
-1859051 0 2 181 10271
-1867928 33554496 1 12289
-1868411 2048 2 199 229
-1873055 2 2 103 3637
-1876040 67108866 1 46901
-1879519 256 1 64811
-1886167 32 1 110951
-1893439 256 2 109 599
-1895311 4104 1 4007
-1911131 0 2 173 11047
-1914199 4 1 273457
-1918759 18432 1 883
-1924351 24 1 13457
-1935464 67108864 2 113 2141
-1945688 33554432 2 107 2273
-1945784 33554688 1 8387
-1959919 16 2 107 1409
-1964239 131136 1 1543
-1966135 34 1 23131
-1969879 0 2 157 12547
-1992920 33554434 1 49823
-1994264 33554432 2 109 2287
-1994936 33554432 1 249367
-1999087 0 2 643 3109
-2008436 0 2 347 1447
-2019631 0 2 683 2957
-2019716 0 1 504929
-2019887 0 2 347 5821
-2028659 0 2 401 5059
-2035223 96 1 6301
-2036431 0 2 181 11251
-2038280 67108866 1 50957
-2048324 131072 1 7643
-2052895 18 1 31583
-2069935 6 1 59141
-2070824 67108868 1 36979
-2072024 33554560 1 11261
-2073655 2 1 414731
-2081144 33554448 1 20011
-2086436 8 1 47419
-2086783 4194304 1 23447
-2087636 0 2 557 937
-2087732 0 2 491 1063
-2088356 0 2 163 3203
-2094679 65664 1 1493
-2097343 0 2 179 11717
-2098255 2 1 419651
-2107640 33554434 1 52691
-2112535 2 2 113 3739
-2113127 4194304 1 23743
-2120312 33554432 2 107 2477
-2125496 33554432 2 389 683
-2125711 32772 1 5147
-2136776 67108864 1 267097
-2137019 32 1 125707
-2137567 0 2 281 7607
-2139151 4 1 305593
-2140423 0 2 461 4643
-2141864 67108896 1 15749
-2147204 0 1 536801
-2147339 512 2 113 613
-2150239 20 1 23629
-2150936 33554432 2 313 859
-2180120 33554434 1 54503
-2190295 2 2 103 4253
-2208767 8 1 200797
-2212388 0 1 553097
-2216612 0 2 107 5179
-2217416 67108864 1 277177
-2221496 33554432 1 277687
-2227127 4 1 318161
-2229611 65536 1 36551
-2241023 0 2 263 8521
-2241179 0 2 251 8929
-2252216 33554432 1 281527
-2253236 0 2 317 1777
-2265415 2 2 283 1601
-2266855 2 1 453371
-2275979 16384 1 42943
-2284259 0 2 271 8429
-2300036 0 1 575009
-2301439 4 1 328777
-2307128 33554432 2 173 1667
-2307656 67108880 1 22189
-2312047 0 2 601 3847
-2314279 65544 1 3449
-2315791 32 1 136223
-2322260 2 1 116113
-2326015 4194306 1 5227
-2326351 8388864 1 827
-2330911 8 2 313 677
-2341015 2097154 1 5641
-2344376 33554432 2 131 2237
-2347064 33554432 2 397 739
-2347211 147456 1 661
-2351291 4194560 1 911
-2357815 34 1 27739
-2360911 4 2 367 919
-2361908 0 2 157 3761
-2362183 32768 1 40037
-2364271 20 1 25981
-2366479 2048 1 57719
-2367655 2 1 473531
-2371279 32 1 139487
-2376151 0 2 593 4007
-2377255 4098 1 11057
-2378696 67109120 1 10253
-2379716 0 1 594929
-2380424 67108864 2 149 1997
-2383364 32768 1 10099
-2395711 512 2 109 709
-2413604 0 1 603401
-2419111 0 2 1511 1601
-2420360 67108866 1 60509
-2422735 6 1 69221
-2426291 36 1 20389
-2430356 1048576 1 7691
-2432324 0 2 107 5683
-2435480 33554434 1 60887
-2436679 4 1 348097
-2441624 33554432 2 239 1277
-2444423 8192 1 52009
-2445151 0 2 433 5647
-2446856 67108864 1 305857
-2448584 67108864 2 349 877
-2452855 2 1 490571
-2453311 524292 1 4801
-2454404 0 2 379 1619
-2454535 2 2 281 1747
-2454743 64 1 129197
-2458399 0 2 1553 1583
-2458943 294912 1 587
-2473639 4 2 313 1129
-2476436 0 2 293 2113
-2477183 0 2 307 8069
-2478131 2621440 1 409
-2483143 16 2 251 761
-2491639 8388640 1 1511
-2492552 67108864 1 311569
-2495455 2 2 137 3643
-2506436 0 1 626609
-2506904 33556480 1 7643
-2517895 2 2 433 1163
-2524951 24 1 17657
-2525815 2 2 337 1499
-2536111 32 1 149183
-2537087 4 2 293 1237
-2538548 4096 1 14759
-2538899 40 1 13577
-2539235 2 2 167 3041
-2550847 16 2 239 821
-2551784 67108864 2 307 1039
-2558359 2176 1 2713
-2560520 67108866 1 64013
-2565428 0 2 179 3583
-2574535 2 2 223 2309
-2575591 0 2 131 19661
-2576503 544 1 4889
-2578903 0 2 269 9587
-2582456 33554432 1 322807
-2597647 16 1 199819
-2598863 1179648 1 491
-2608388 0 2 179 3643
-2619823 0 2 509 5147
-2621543 0 2 379 6917
-2626724 0 1 656681
-2631224 33685504 1 4909
-2633551 8192 2 137 409
-2635039 8 2 421 569
-2639531 65536 1 43271
-2642552 33554440 1 30029
-2646536 67109888 1 8941
-2648372 64 1 34847
-2650759 32 2 241 647
-2661368 33554496 1 17509
-2664776 67108864 1 333097
-2667103 65664 1 1901
-2668259 8 2 107 2267
-2668279 4096 1 62053
-2668628 65536 1 10937
-2669864 67108864 2 107 3119
-2674436 0 1 668609
-2676503 0 2 1033 2591
-2676728 33555456 1 9043
-2682251 24 1 18757
-2686087 64 2 109 1297
-2690564 0 1 672641
-2692255 2 2 467 1153
-2693720 33554434 1 67343
-2697415 6 1 77069
-2704691 8 1 245881
-2706539 8 1 246049
-2707016 67108880 1 26029
-2707892 8 1 61543
-2714291 0 2 1123 2417
-2715320 33554434 1 67883
-2720719 2048 1 66359
-2724539 32 2 139 1153
-2726455 2 1 545291
-2729531 4 2 149 2617
-2733583 32 2 113 1423
-2734303 24 1 19121
-2742287 8388640 1 1663
-2751055 2 1 550211
-2752711 16 1 211747
-2758471 32 1 162263
-2761255 6 1 78893
-2769919 2048 1 67559
-2772007 4 1 396001
-2776087 16384 1 52379
-2776331 0 2 937 2963
-2778740 2 1 138937
-2782952 67108864 2 233 1493
-2787716 0 1 696929
-2794436 131072 1 10427
-2803423 516 1 12919
-2804612 0 2 211 3323
-2806571 32768 1 47569
-2808799 4 2 149 2693
-2808824 33554688 1 12107
-2811611 8 2 233 1097
-2815592 67108880 1 27073
-2815931 262176 1 2333
-2816543 4128 1 3853
-2816911 0 2 421 6691
-2819336 67108880 1 27109
-2820452 0 1 705113
-2821544 67108872 1 32063
-2822935 34 1 33211
-2831531 256 2 251 389
-2835247 524288 1 38839
-2841943 16 1 218611
-2843099 132 1 17659
-2843588 8 1 64627
-2850271 32 1 167663
-2851711 0 2 149 19139
-2852792 33558528 1 8293
-2856895 8194 1 12157
-2858311 0 2 1033 2767
-2859044 64 1 37619
-2864531 4096 1 66617
-2865299 544 1 5437
-2870647 16 2 461 479
-2871223 64 2 349 433
-2876228 0 1 719057
-2880731 4 2 197 2089
-2886031 6144 1 1637
-2886164 0 2 239 3019
-2890859 0 2 367 7877
-2898731 8 1 263521
-2905639 4104 1 6143
-2912983 0 2 1009 2887
-2913851 32 1 171403
-2914039 0 2 337 8647
-2922056 67108864 1 365257
-2922655 2 1 584531
-2926159 32 1 172127
-2931896 33554440 1 33317
-2942819 40 1 15737
-2943199 4 1 420457
-2944951 0 2 1559 1889
-2952559 2097152 1 35573
-2954552 33554432 1 369319
-2955295 6 1 84437
-2958631 1040 1 6151
-2960119 0 2 211 14029
-2963960 33554434 1 74099
-2964415 131074 1 8849
-2964968 67633152 1 5077
-2965103 0 2 421 7043
-2968376 33558528 1 8629
-2975192 33554440 1 33809
-2981252 64 1 39227
-2981455 2 1 596291
-2987767 32 2 181 971
-2990743 4 1 427249
-2993719 32768 1 50741
-2994655 2 1 598931
-2996599 256 2 191 541
-3005263 4194304 1 33767
-3008324 8 1 68371
-3008839 4096 2 167 419
-3011503 8 1 273773
-3013231 528 1 7477
-3014164 0 2 359 2099
-3017651 20 1 33161
-3019255 2 1 603851
-3020195 2 2 167 3617
-3022280 67108866 1 75557
-3027271 16 2 337 691
-3028024 33554432 1 378503
-3029672 67108896 1 22277
-3031880 67108866 1 75797
-3033668 8 1 68947
-3037447 4 2 397 1093
-3038708 64 1 39983
-3041219 4194304 1 34171
-3043496 67108928 1 20023
-3043976 67108880 1 29269
-3045703 8388640 1 1847
-3045799 0 2 1181 2579
-3048116 0 2 863 883
-3051031 0 2 773 3947
-3062599 0 2 157 19507
-3066199 384 1 4597
-3075871 0 2 109 28219
-3077815 18 1 47351
-3080047 2101248 1 863
-3081415 65538 1 10103
-3083407 131072 1 46021
-3085859 4 2 587 751
-3089720 33554434 1 77243
-3094424 33554432 2 613 631
-3096296 67108868 1 55291
-3096884 4 1 110603
-3104372 64 1 40847
-3107768 33554432 1 388471
-3118447 0 2 547 5701
-3118855 2 1 623771
-3119623 528 1 7741
-3122552 33554432 2 269 1451
-3126895 34 1 36787
-3127739 0 2 1327 2357
-3130103 0 2 227 13789
-3131695 6 1 89477
-3132611 0 2 1753 1787
-3140815 2 2 173 3631
-3142619 64 2 193 857
-3145063 4096 1 73141
-3148916 0 2 103 7643
-3149768 67108864 1 393721
-3150899 524320 1 2539
-3153656 33554440 1 35837
-3159779 4 1 451397
-3166639 4 1 452377
-3171299 16777248 1 1847
-3173335 10 1 57697
-3173935 514 1 20477
-3178955 18 1 48907
-3181499 544 1 6037
-3189140 2 1 159457
-3190087 2304 1 2683
-3192068 8 1 72547
-3194099 1024 2 173 499
-3194143 65536 1 52363
-3194411 8 2 149 1949
-3195755 2 1 639151
-3198164 2048 1 19501
-3202399 131072 1 47797
-3204487 24 1 22409
-3211412 4096 1 18671
-3215768 33554560 1 17477
-3217688 33554496 1 21169
-3224887 65792 1 1823
-3230552 33554448 1 31063
-3231851 4 1 461693
-3243908 64 1 42683
-3249415 18 1 49991
-3261368 33554440 1 37061
-3265736 67108864 1 408217
-3269911 512 2 313 337
-3271652 0 1 817913
-3277303 0 3 107 109 281
-3282920 67108866 1 82073
-3286927 4 1 469561
-3288131 12 1 42703
-3289592 33554432 2 283 1453
-3291055 2 1 658211
-3291779 5120 1 2069
-3297535 2 2 281 2347
-3300271 16 1 253867
-3303655 2 1 660731
-3304232 67125248 1 7793
-3305191 32 2 199 977
-3306535 524290 1 9059
-3309476 0 1 827369
-3310139 4 2 487 971
-3316183 1048592 1 3229
-3316255 130 1 28837
-3323891 160 1 8501
-3327944 67108864 1 415993
-3329828 0 1 832457
-3334091 4128 1 4561
-3336680 67108866 1 83417
-3337859 65540 1 7817
-3339704 33554432 2 157 2659
-3341252 0 1 835313
-3347623 32 1 196919
-3352619 2097664 1 1303
-3355204 4096 1 19507
-3355844 0 2 163 5147
-3359579 0 2 1429 2351
-3367351 80 1 13633
-3369535 18 1 51839
-3371147 16 2 211 1229
-3383459 288 1 6863
-3386359 384 1 5077
-3393055 2 1 678611
-3393155 2 1 678631
-3396247 0 2 491 6917
-3401284 0 2 131 6491
-3406615 131074 1 10169
-3409303 64 1 179437
-3422132 4 1 122219
-3424952 33554432 2 211 2029
-3426824 67108864 1 428353
-3427496 67633152 1 5869
-3429223 36 1 28817
-3430787 288 1 6959
-3433063 262144 1 48353
-3434984 67108868 1 61339
-3448808 67108872 1 39191
-3455768 33554432 2 251 1721
-3457268 128 1 37579
-3459128 33554432 1 432391
-3460039 8 1 314549
-3461912 33554432 2 643 673
-3462488 33554432 2 443 977
-3465704 67108872 1 39383
-3472355 2 1 694471
-3474116 0 1 868529
-3482791 16 1 267907
-3485876 131072 1 13007
-3486251 33792 1 1597
-3487556 0 2 467 1867
-3489271 0 2 647 5393
-3498776 33556480 1 10667
-3499172 32768 1 14827
-3503095 131074 1 10457
-3517135 2 2 233 3019
-3519524 0 1 879881
-3528079 512 1 113809
-3528847 4 1 504121
-3530771 0 2 653 5407
-3532903 8 2 397 809
-3535160 33554434 1 88379
-3535711 32 2 241 863
-3536315 2 2 127 5569
-3538036 0 2 419 2111
-3546740 2 1 177337
-3551224 33554688 1 15307
-3555535 8388610 1 7331
-3559796 0 2 683 1303
-3560936 67174400 1 7297
-3561463 0 2 379 9397
-3575240 67108866 1 89381
-3576056 33554440 1 40637
-3576308 65536 1 14657
-3578239 4 1 511177
-3580216 33554432 1 447527
-3584863 64 1 188677
-3588344 33554688 1 15467
-3591188 4096 1 20879
-3591223 8192 2 109 701
-3593815 65538 1 11783
-3602360 33554434 1 90059
-3603332 0 2 107 8419
-3603487 0 2 271 13297
-3610451 16 2 193 1439
-3618424 33554432 2 443 1021
-3628952 33816576 1 6389
-3629527 8 1 329957
-3631876 0 1 907969
-3633539 20 1 39929
-3650120 67108866 1 91253
-3650219 524800 1 1613
-3662215 2 2 797 919
-3664735 2 2 139 5273
-3665651 72 1 17539
-3669320 67108866 1 91733
-3670523 4096 1 85361
-3673940 2 1 183697
-3674119 16384 2 181 383
-3674263 8388608 1 37879
-3674915 2 2 107 6869
-3677192 67108864 1 459649
-3677252 0 1 919313
-3696367 0 2 1051 3517
-3708943 4 2 109 4861
-3714971 16 1 285767
-3722627 0 3 131 157 181
-3727139 16 1 286703
-3729976 33554432 1 466247
-3733508 131072 1 13931
-3733855 1026 1 20183
-3734455 2 1 746891
-3735860 2 1 186793
-3736955 2 1 747391
-3742423 0 2 593 6311
-3747895 16386 1 14143
-3749383 8 2 281 1213
-3753515 34 1 44159
-3753844 0 2 349 2689
-3756548 0 2 467 2011
-3759188 64 1 49463
-3759299 256 1 129631
-3759544 33554432 2 269 1747
-3760964 0 1 940241
-3763652 0 1 940913
-3771079 16 1 290083
-3773288 67108992 1 20507
-3773339 0 2 151 24989
-3775160 33554434 1 94379
-3777524 0 2 409 2309
-3777631 24 1 26417
-3777668 0 1 944417
-3780488 67108864 1 472561
-3781016 33554560 1 20549
-3787879 0 2 1123 3373
-3787927 24 1 26489
-3789908 0 2 859 1103
-3797684 8 1 86311
-3799135 2 2 659 1153
-3802532 0 1 950633
-3810179 4194816 1 1381
-3810415 6 1 108869
-3820739 2097168 1 3541
-3821240 33554434 1 95531
-3822152 67108864 1 477769
-3823183 20 1 42013
-3823255 8388610 1 7883
-3824984 33554688 1 16487
-3827579 4 2 353 1549
-3827732 0 2 421 2273
-3829955 2 1 765991
-3832472 33554436 1 68437
-3834179 540672 1 991
-3841444 0 2 131 7331
-3847571 20 1 42281
-3847688 67108880 1 36997
-3851891 0 2 103 37397
-3857815 18 1 59351
-3858731 131072 1 57593
-3870055 6 1 110573
-3870823 8 2 293 1201
-3871736 33554440 1 43997
-3874759 36 1 32561
-3877508 0 1 969377
-3884456 67117056 1 10331
-3889231 128 1 169097
-3899911 1024 2 109 967
-3912452 0 1 978113
-3914360 33554434 1 97859
-3921032 67109120 1 16901
-3924788 4 1 140171
-3931999 589824 1 883
-3933895 6 1 112397
-3938315 2 2 211 3733
-3938408 67108864 2 317 1553
-3939103 4 2 181 3109
-3949615 2 2 109 7247
-3952952 33570816 1 9323
-3954031 0 2 269 14699
-3955748 0 1 988937
-3962312 67108864 1 495289
-3965143 20 1 43573
-3966824 67108864 2 397 1249
-3969272 33554432 2 107 4637
-3971144 67109120 1 17117
-3971236 0 1 992809
-3977047 0 2 461 8627
-3981419 16 1 306263
-3983215 16386 1 15031
-3984196 0 1 996049
-3991903 128 1 173561
-3999779 4 1 571397
-4011971 2097152 1 48337
-4013143 0 2 971 4133
-4013435 2 2 193 4159
-4014755 2 1 802951
-4016459 0 2 107 37537
-4021460 2 1 201073
-4021928 67108896 1 29573
-4022456 33554432 1 502807
-4023556 0 2 859 1171
-4024324 0 2 563 1787
-4024520 67108866 1 100613
-4025455 6 1 115013
-4029895 2 2 557 1447
-4030303 0 2 941 4283
-4031215 2 2 727 1109
-4036787 0 2 263 15349
-4043716 0 1 1010929
-4050463 0 2 263 15401
-4051112 67108880 1 38953
-4053880 33554434 1 101347
-4054772 32 1 59629
-4056664 33562624 1 10789
-4063844 4096 1 23627
-4066211 0 2 619 6569
-4066903 524288 1 55711
-4070132 8 1 92503
-4073335 6 1 116381
-4075255 130 1 35437
-4078567 128 2 383 463
-4082516 32 1 60037
-4084063 1048608 1 3041
-4086103 36 1 34337
-4091944 67108864 2 617 829
-4092847 72 1 19583
-4096307 1024 1 110711
-4096355 2 1 819271
-4099576 33554448 1 39419
-4101823 65544 1 6113
-4103263 1024 1 110899
-4103695 524290 1 11243
-4111832 33558528 1 11953
-4112948 4 1 146891
-4119611 0 2 1579 2609
-4122644 131072 1 15383
-4123115 2 2 359 2297
-4123688 67108864 2 109 4729
-4124408 33554432 2 139 3709
-4131860 2 1 206593
-4135028 512 1 33347
-4139192 33554432 1 517399
-4143908 0 1 1035977
-4147255 6 1 118493
-4151431 128 1 180497
-4158343 2052 1 14489
-4160147 2048 1 101467
-4164676 0 1 1041169
-4172215 2 2 827 1009
-4182583 256 2 233 619
-4188247 4 2 727 823
-4197976 33554432 2 409 1283
-4199828 131072 1 15671
-4200616 67108868 1 75011
-4204931 0 2 157 26783
-4213255 130 1 36637
-4225207 516 1 19471
-4226215 6 1 120749
-4237019 64 2 269 829
-4240423 8 1 385493
-4252831 8 1 386621
-4254295 2 2 653 1303
-4258451 64 1 224129
-4258868 16384 1 20089
-4259503 262176 1 3529
-4261940 2 1 213097
-4264447 8 1 387677
-4265171 524288 1 58427
-4266635 2 2 593 1439
-4267988 256 1 36793
-4269560 33554434 1 106739
-4275943 4 1 610849
-4276280 33554434 1 106907
-4276516 0 1 1069129
-4282280 67108866 1 107057
-4282783 0 2 131 32693
-4294159 0 2 227 18917
-4294376 67108992 1 23339
-4296788 0 2 617 1741
-4302872 33554436 1 76837
-4306303 16896 1 2621
-4309571 8196 1 13099
-4309688 33554432 1 538711
-4322219 8 1 392929
-4326872 33554440 1 49169
-4329583 4194304 1 48647
-4330931 8 1 393721
-4337555 2 1 867511
-4342691 0 2 1609 2699
-4346168 33555456 1 14683
-4349483 65536 2 113 631
-4349764 0 2 107 10163
-4360712 67108864 1 545089
-4361863 8 1 396533
-4363427 256 2 379 397
-4371608 33554432 2 191 2861
-4375451 128 2 281 677
-4383128 33554432 2 173 3167
-4384808 67108864 2 389 1409
-4393652 0 2 563 1951
-4394552 33554432 1 549319
-4399211 0 2 139 31649
-4401731 0 2 131 33601
-4402516 0 2 311 3539
-4410655 2 2 677 1303
-4414019 2048 2 199 541
-4414024 67108864 1 551753
-4414855 2 2 163 5417
-4419796 32 1 64997
-4420276 4 1 157867
-4420331 2097216 1 2803
-4423811 4 2 521 1213
-4425035 2 2 401 2207
-4425371 256 1 152599
-4430119 0 2 1021 4339
-4432216 34603008 1 7013
-4433051 4 2 673 941
-4434847 2112 1 5693
-4441259 0 2 661 6719
-4442612 262144 1 15643
-4447091 8 2 109 3709
-4447591 32 2 397 659
-4452251 576 1 7559
-4452452 2097152 1 13411
-4456423 16777216 1 44123
-4456712 67108880 1 42853
-4457455 2 1 891491
-4462355 2 1 892471
-4464251 40 1 23873
-4464847 0 2 619 7213
-4465928 67108864 1 558241
-4466984 67108864 2 509 1097
-4467487 0 2 463 9649
-4470055 2 1 894011
-4471379 131080 1 6067
-4476932 64 1 58907
-4477543 131076 1 9547
-4480052 0 2 127 8819
-4480292 0 1 1120073
-4484036 0 2 619 1811
-4485944 33554432 2 683 821
-4491272 67108864 1 561409
-4492019 1048580 1 8123
-4493887 6144 1 2549
-4495880 67108866 1 112397
-4505291 1048580 1 8147
-4505387 0 2 151 29837
-4505720 33554434 1 112643
-4514024 67109120 1 19457
-4515755 2 1 903151
-4516984 33554496 1 29717
-4518008 33554440 1 51341
-4521199 0 2 181 24979
-4523956 524288 1 15493
-4526120 67108866 1 113153
-4527560 67108866 1 113189
-4528619 0 2 2039 2221
-4529080 33554434 1 113227
-4531336 67108864 1 566417
-4531427 1024 1 122471
-4532776 67108864 2 443 1279
-4533011 4 2 127 5099
-4536103 24 1 31721
-4536248 33554432 1 567031
-4540543 4 1 648649
-4541959 0 2 743 6113
-4543739 655360 1 929
-4551992 33554432 1 568999
-4553219 8200 1 8807
-4555172 0 1 1138793
-4555931 0 2 1231 3701
-4556888 33554436 1 81373
-4558520 33554434 1 113963
-4560520 67108866 1 114013
-4563011 524288 1 62507
-4565171 1040 1 9491
-4565896 67108864 1 570737
-4568132 64 1 60107
-4569487 16 2 313 1123
-4574648 33554448 1 43987
-4575812 0 1 1143953
-4579015 6 1 130829
-4580552 83886080 1 5669
-4583924 2097152 1 13807
-4587847 8 2 569 733
-4589464 33554440 1 52153
-4593656 33554432 2 283 2029
-4598167 4 2 173 3797
-4604887 4 1 657841
-4615595 2 2 193 4783
-4618244 0 1 1154561
-4621544 67108864 2 107 5399
-4622459 0 2 769 6011
-4624712 67108864 2 293 1973
-4629583 4 2 313 2113
-4631771 1024 1 125183
-4633855 2 2 157 5903
-4635367 8 1 421397
-4639268 64 1 61043
-4640555 2 1 928111
-4647092 262144 1 16363
-4648523 8 2 109 3877
-4662703 1024 1 126019
-4663255 2 1 932651
-4667819 16 1 359063
-4669928 67109120 1 20129
-4673704 67108868 1 83459
-4681892 0 2 107 10939
-4682651 2048 2 181 631
-4683607 2621440 1 773
-4684855 6 1 133853
-4685524 8192 1 24923
-4686367 4 1 669481
-4686632 67109120 1 20201
-4689604 0 1 1172401
-4689668 0 1 1172417
-4693543 0 2 281 16703
-4697071 0 3 113 197 211
-4697480 67108866 1 117437
-4704295 2 2 853 1103
-4711663 8 2 557 769
-4713391 524288 1 64567
-4720456 67108880 1 45389
-4744135 10 1 86257
-4744868 0 1 1186217
-4747619 768 1 5281
-4750235 6 1 135721
-4765835 2 2 641 1487
-4767155 2 1 953431
-4769476 0 1 1192369
-4773971 0 2 349 13679
-4779155 2 2 107 8933
-4789135 18 1 73679
-4790311 32 1 281783
-4797668 0 1 1199417
-4803943 0 2 769 6247
-4805459 128 1 208933
-4807447 1056 1 7643
-4812008 69206016 1 7247
-4813931 0 2 347 13873
-4814459 32784 1 6277
-4815223 131076 1 10267
-4818395 34 1 56687
-4823828 0 2 811 1487
-4826555 34 1 56783
-4832531 264 1 15149
-4832891 4 2 139 4967
-4837652 0 2 409 2957
-4839155 2 1 967831
-4841767 4 1 691681
-4842104 33554432 2 379 1597
-4847143 2052 1 16889
-4855807 16392 1 8329
-4858564 0 1 1214641
-4864628 65536 1 19937
-4865983 16384 1 91811
-4867687 8 1 442517
-4868263 0 2 179 27197
-4871195 6 1 139177
-4875131 0 2 149 32719
-4876276 128 1 53003
-4877192 67109888 1 16477
-4879903 68 1 36691
-4880648 67108864 1 610081
-4884395 130 1 42473
-4886939 32 2 157 1831
-4890463 0 2 293 16691
-4898344 67108872 1 55663
-4905515 66 1 51637
-4906307 260 1 24169
-4906355 2 1 981271
-4906423 256 2 367 461
-4912715 2 2 953 1031
-4921460 2 1 246073
-4923368 67109888 1 16633
-4924159 0 2 131 37589
-4924859 0 2 1879 2621
-4926248 67108864 2 229 2689
-4928843 8192 1 104869
-4931716 64 1 64891
-4946852 0 1 1236713
-4948783 4 2 761 929
-4952195 2097154 1 11933
-4955464 83886080 1 6133
-4970792 67108864 2 107 5807
-4973939 4096 2 131 883
-4974392 33554432 1 621799
-4978615 2 2 911 1093
-4986247 4 1 712321
-4989428 0 2 467 2671
-4990868 0 2 599 2083
-4991263 1024 2 277 487
-4998103 8 2 113 4021
-4999352 33558528 1 14533
-5001827 0 2 587 8521
-5004347 0 2 503 9949
-5004683 0 2 193 25931
-5007992 33554440 1 56909
-5013256 67108864 2 197 3181
-5016487 524292 1 9817
-5016755 2 1 1003351
-5031851 8 2 619 739
-5038772 0 2 691 1823
-5044811 524544 1 2383
-5050331 24 1 35317
-5052788 16 1 97169
-5056783 540672 1 1307
-5065396 4 1 180907
-5071087 4 1 724441
-5074019 0 2 521 9739
-5082943 0 2 1297 3919
-5085823 8192 2 241 449
-5087059 0 2 269 18911
-5087972 64 1 66947
-5088103 0 2 173 29411
-5088851 131072 2 151 503
-5090411 0 2 157 32423
-5099555 2 2 227 4493
-5109943 0 2 401 12743
-5115611 2048 1 124771
-5120363 512 1 165173
-5121707 0 2 131 39097
-5127572 32768 1 21727
-5128520 67108866 1 128213
-5131423 8 2 613 761
-5134883 80 1 20789
-5144863 131104 1 4517
-5149736 67108864 2 269 2393
-5149859 24 1 36013
-5153096 67108880 1 49549
-5153896 67108872 1 58567
-5156072 67108864 2 577 1117
-5157556 0 2 151 8539
-5159767 256 2 181 983
-5161043 256 1 177967
-5162648 33554432 2 269 2399
-5163304 67108864 2 541 1193
-5163320 33554434 1 129083
-5166295 2 2 647 1597
-5168651 0 2 191 27061
-5169755 2 1 1033951
-5176456 67108864 1 647057
-5177672 67108864 1 647209
-5177768 67108864 2 283 2287
-5177972 2048 1 31573
-5181967 4 2 131 5651
-5186983 128 2 109 2069
-5187467 0 2 107 48481
-5189972 16384 1 24481
-5190703 4 2 277 2677
-5191495 131074 1 15497
-5194307 4194304 1 58363
-5197739 512 2 107 1567
-5198120 67108866 1 129953
-5199155 18 1 79987
-5201623 4 1 743089
-5203859 32768 2 193 457
-5205764 0 2 107 12163
-5210939 32768 1 88321
-5214856 67108864 1 651857
-5215687 128 1 226769
-5216315 18 1 80251
-5224087 8 1 474917
-5232008 67108864 1 654001
-5236936 67109120 1 22573
-5239735 131074 1 15641
-5244452 4096 1 30491
-5248696 33570816 1 12379
-5250196 4 1 187507
-5256343 17039360 1 733
-5256899 0 2 131 40129
-5262728 67108864 1 657841
-5266811 8 1 478801
-5268947 131136 1 4139
-5270536 67108864 1 658817
-5270647 32768 2 157 569
-5273528 33554448 1 50707
-5276168 67108864 1 659521
-5288356 0 1 1322089
-5289688 33558528 1 15377
-5291743 32 1 311279
-5291747 2112 1 6793
-5292059 8192 2 109 1033
-5297048 33554496 1 34849
-5297108 1048576 1 16763
-5297579 4 2 199 3803
-5298535 10 1 96337
-5309531 64 2 113 2473
-5323028 128 1 57859
-5323876 64 1 70051
-5324767 4 2 173 4397
-5325055 2 1 1065011
-5325827 16 2 499 821
-5326907 0 2 599 8893
-5327171 2080 1 7643
-5331512 33554432 1 666439
-5338691 128 1 232117
-5339023 0 2 191 27953
-5342887 8 1 485717
-5343539 65536 2 251 349
-5344340 2 1 267217
-5358659 2048 1 130699
-5359544 33554432 1 669943
-5363315 2 2 139 7717
-5369896 67108868 1 95891
-5373563 16 2 281 1471
-5374436 0 2 163 8243
-5376131 32 1 316243
-5376788 32768 1 22783
-5377352 67108864 1 672169
-5379908 0 2 131 10267
-5387492 8 1 122443
-5388419 64 1 283601
-5389640 67108866 1 134741
-5390195 8194 1 22937
-5391076 0 1 1347769
-5392739 8 1 490249
-5398355 2 1 1079671
-5398388 2048 1 32917
-5398687 4 2 181 4261
-5401160 67108866 1 135029
-5405432 33554432 2 139 4861
-5405891 1050624 1 1669
-5415188 0 2 199 6803
-5415607 8389120 1 1801
-5416355 6 1 154753
-5416567 16 1 416659
-5420695 6 1 154877
-5424463 8 1 493133
-5425636 0 1 1356409
-5432027 32 2 173 1847
-5432531 144 1 18169
-5447147 0 2 1861 2927
-5450036 64 1 71711
-5452019 262176 1 4517
-5461892 64 1 71867
-5469583 4 1 781369
-5478436 0 2 347 3947
-5482255 2 1 1096451
-5484155 2 1 1096831
-5489524 0 2 641 2141
-5491715 8194 1 23369
-5503268 0 1 1375817
-5503880 67108866 1 137597
-5506744 33554432 2 181 3803
-5508308 16 1 105929
-5510887 16384 1 103979
-5514484 64 1 72559
-5522699 20 1 60689
-5522815 524290 1 15131
-5526103 2056 1 12253
-5527615 1026 1 29879
-5529011 0 2 107 51673
-5531339 136 1 21863
-5531860 2 1 276593
-5532611 4 2 239 3307
-5537492 256 1 47737
-5551183 65544 1 8273
-5554091 16777216 2 127 433
-5555768 33554432 1 694471
-5558003 8388616 1 5209
-5561047 1048576 1 70393
-5562724 0 1 1390681
-5574755 2 2 967 1153
-5576771 0 2 457 12203
-5576795 6 1 159337
-5576884 32 1 82013
-5583848 67108992 1 30347
-5584327 260 1 27509
-5589076 0 2 971 1439
-5591672 33554432 2 149 4691
-5592899 16 2 109 3947
-5593988 0 1 1398497
-5599352 33554440 1 63629
-5602331 4 1 800333
-5602628 0 2 691 2027
-5605451 524800 1 2477
-5606116 0 1 1401529
-5618884 0 1 1404721
-5619967 1024 2 193 787
-5620139 1048580 1 10163
-5621432 33554432 1 702679
-5622755 2 1 1124551
-5624596 0 2 577 2437
-5631947 65568 1 5431
-5638004 0 2 379 3719
-5639099 1050624 1 1741
-5643188 128 1 61339
-5644472 33554432 1 705559
-5646196 16384 1 26633
-5648948 0 2 659 2143
-5656207 131072 1 84421
-5656355 2 1 1131271
-5663288 33554432 1 707911
-5664968 67108864 2 349 2029
-5667635 2050 1 27647
-5669464 33558528 1 16481
-5675672 33554432 2 547 1297
-5675699 4160 1 6947
-5683955 4098 1 26437
-5684792 33554432 1 710599
-5692691 0 2 823 6917
-5699284 32 1 83813
-5703155 2 2 263 4337
-5705935 2 2 113 10099
-5706011 2304 1 4799
-5721272 33554432 1 715159
-5723236 32768 1 24251
-5739668 8 1 130447
-5740087 128 2 103 2423
-5747195 2 2 293 3923
-5748583 320 1 10433
-5749208 33555456 1 19423
-5752052 32 1 84589
-5754872 33554496 1 37861
-5755283 16777216 1 56983
-5756095 130 1 50053
-5756360 67108866 1 143909
-5771768 33554432 2 109 6619
-5775544 33554496 1 37997
-5783896 33554432 2 263 2749
-5786723 131072 1 86369
-5788868 0 1 1447217
-5790343 272 1 15359
-5791303 4 2 151 5479
-5798863 4 1 828409
-5804623 8 2 293 1801
-5808568 33554432 1 726071
-5810099 128 2 157 1609
-5812835 6 1 166081
-5818808 33554432 1 727351
-5821028 0 1 1455257
-5828555 2 1 1165711
-5839211 36 1 49069
-5843411 4 1 834773
-5858123 128 2 487 523
-5859512 33554432 1 732439
-5860595 18 1 90163
-5862728 67108864 1 732841
-5867192 33554432 1 733399
-5870435 2 2 233 5039
-5873891 32 2 167 2069
-5876056 33554432 2 419 1753
-5876555 2 2 277 4243
-5876623 0 2 389 15107
-5878259 0 3 107 137 401
-5879939 16 2 443 1021
-5880563 16 2 463 977
-5882483 0 2 691 8513
-5883635 66 1 61933
-5884595 2 2 173 6803
-5888171 544 1 11173
-5892724 0 2 113 13037
-5896783 64 1 310357
-5897047 262160 1 6389
-5898851 1048580 1 10667
-5899624 67108864 2 193 3821
-5901076 0 2 103 14323
-5902547 8388612 1 8693
-5904244 4096 1 34327
-5916616 67108864 2 509 1453
-5917811 1048576 2 173 433
-5917924 0 1 1479481
-5920520 67108866 1 148013
-5921455 2 1 1184291
-5924584 67109120 1 25537
-5928659 8 2 179 3011
-5933939 8 1 539449
-5935240 67108866 1 148381
-5935259 8 2 677 797
-5937668 8 1 134947
-5941615 514 1 38333
-5945108 16 1 114329
-5949880 33554434 1 148747
-5955976 67108880 1 57269
-5960051 256 1 205519
-5970964 0 2 587 2543
-5971115 8194 1 25409
-5976515 2 2 757 1579
-5980955 2 1 1196191
-5981555 2 2 983 1217
-5993027 32 2 227 1553
-5995735 66 1 63113
-6002648 33554432 2 167 4493
