-5279
-5639
-6911
-10111
-11756
-14636
-15319
-17804
-19231
-20204
-21023
-21116
-21391
-22556
-22571
-23719
-26099
-27179
-27644
-27788
-27847
-28351
-30572
-30703
-34019
-34807
-35852
-37292
-40444
-41579
-45343
-49292
-51419
-51539
-55052
-55532
-57548
-58763
-60556
-60659
-60899
-60908
-61091
-61276
-61772
-61868
-63436
-63443
-63467
-65708
-67211
-68219
-69827
-69964
-70183
-71867
-76924
-78607
-79451
-81932
-81971
-82028
-84092
-84443
-85564
-88204
-88523
-89003
-90203
-91283
-92236
-93004
-93683
-94307
-94543
-94876
-95603
-97931
-99367
-99436
-100411
-101411
-102092
-102451
-103099
-104971
-105967
-106907
-107507
-111388
-113404
-113612
-113963
-118348
-118892
-121883
-122251
-122812
-124204
-125131
-125548
-129196
-129803
-130643
-131884
-131891
-131899
-132859
-136547
-137068
-138451
-139228
-139276
-140731
-140908
-142771
-142924
-142939
-143212
-143419
-144427
-144931
-149356
-149627
-150203
-151531
-153259
-154459
-155251
-158243
-162499
-165947
-168172
-170363
-170971
-175468
-179659
-180331
-181228
-181372
-181891
-186028
-190252
-192811
-193043
-196043
-198988
-199819
-200363
-200971
-204331
-205228
-208003
-208963
-210187
-215483
-216451
-220972
-225619
-227299
-229003
-232588
-232963
-234331
-234571
-237883
-241291
-244243
-245452
-245899
-249811
-250147
-258067
-262252
-262348
-262723
-263308
-264139
-264268
-265339
-265747
-266092
-268459
-269131
-275059
-275788
-276347
-278347
-280219
-280732
-281947
-283411
-286252
-286771
-292972
-299308
-301243
-304012
-304723
-310459
-311203
-312652
-313507
-314428
-317011
-317827
-319483
-322243
-323707
-329587
-330067
-332908
-336307
-338851
-350092
-357787
-358987
-359419
-368947
-371083
-373132
-378172
-381859
-381868
-383212
-388459
-391372
-392443
-395971
-397468
-397963
-399523
-402403
-403483
-404812
-405868
-406267
-417763
-423868
-432931
-435403
-437539
-438523
-443059
-443788
-444187
-447883
-450067
-459763
-461443
-462547
-469747
-471283
-481363
-482659
-487363
-492067
-493147
-511867
-515587
-515692
-517603
-531043
-536323
-536908
-539323
-540283
-547387
-549547
-551443
-561787
-564523
-576787
-582499
-596707
-597643
-598987
-625627
-631723
-634267
-646843
-664588
-664603
-667867
-674083
-674347
-682411
-685987
-703267
-714283
-735883
-747427
-757387
-772843
-792163
-824947
-828067
-840547
-840907
-870907
-880027
-892123
-900187
-911683
-940003
-945883
-1001947
-1067707
-1074067
-1108363
-1154563
-1233523
-1261747
