-297359
-334319
-363431
-471791
-565391
-579407
-584399
-634703
-711143
-718559
-788927
-794711
-801959
-810791
-859751
-906391
-914519
-930079
-1000039
-1024103
-1030751
-1038263
-1059599
-1074071
-1106927
-1126847
-1129831
-1152023
-1196359
-1295551
-1351127
-1370063
-1427359
-1429583
-1464383
-1537607
-1564007
-1627487
-1673183
-1674319
-1678847
-1692863
-1732979
-1733183
-1737007
-1864823
-1930879
-2008879
-2020831
-2066699
-2069051
-2079919
-2095831
-2113399
-2123783
-2162959
-2181919
-2221711
-2258183
-2267071
-2307167
-2316511
-2376623
-2415631
-2499863
-2500999
-2548783
-2556011
-2631143
-2670463
-2769031
-2776303
-2778799
-2781991
-2796611
-2804239
-2910511
-2914111
-2982823
-3109259
-3113767
-3148231
-3171799
-3223687
-3387011
-3412327
-3454303
-3470743
-3561247
-3566099
-3569263
-3586571
-3749527
-3968219
-3973811
-4021903
-4037171
-4061483
-4155659
-4183687
-4207663
-4268287
-4270499
-4278847
-4279063
-4284971
-4309927
-4321211
-4337623
-4338491
-4349167
-4363663
-4407103
-4462811
-4502699
-4557103
-4591519
-4593607
-4620463
-4636447
-4677847
-4702807
-4733647
-4754623
-4770827
-4816087
-4830127
-4834331
-4866343
-4868651
-4888951
-4896439
-4973047
-5014979
-5032067
-5042483
-5060983
-5134979
-5165527
-5191139
-5262611
-5273819
-5333771
-5347619
-5419307
-5424019
-5435363
-5445199
-5450219
-5461567
-5531531
-5536907
-5542783
-5566087
-5626499
-5664611
-5724727
-5726459
-5751607
-5785859
-5842979
-5922979
-5974543
-6018703
