-277079 8 1 25189
-294839 16384 1 5563
-304919 16777216 1 3019
-346799 0 2 241 1439
-372599 0 2 409 911
-372959 1048576 1 4721
-383711 0 2 353 1087
-395279 0 2 277 1427
-398831 0 2 109 3659
-403031 512 1 13001
-407111 1024 1 11003
-437135 2 1 87427
-464639 4 1 66377
-529319 4 1 75617
-547079 16 1 42083
-563807 0 2 173 3259
-569735 2 1 113947
-578159 0 2 241 2399
-605831 0 2 571 1061
-620087 16 1 47699
-633503 16 1 48731
-635615 2 1 127123
-664031 64 1 34949
-673967 4 1 96281
-681431 65536 1 11171
-707639 4194304 1 7951
-708431 8192 1 15073
-715007 0 2 199 3593
-715631 4 1 102233
-717335 2 1 143467
-749159 0 2 181 4139
-752999 16 1 57923
-754079 32768 1 12781
-755207 1024 1 20411
-755591 0 2 211 3581
-756239 8 1 68749
-757871 1024 1 20483
-766799 8 1 69709
-767576 33554432 1 95947
-784223 8 1 71293
-790031 8 1 71821
-810767 131072 1 12101
-825767 2097152 1 9949
-827636 0 1 206909
-837719 2097152 1 10093
-853544 67108864 1 106693
-853844 0 1 213461
-868823 65536 1 14243
-884759 0 2 727 1217
-887111 32 1 52183
-889415 2 1 177883
-894359 1048576 1 11321
-930383 1048576 1 11777
-940535 2 1 188107
-945911 2048 1 23071
-963416 33554432 1 120427
-971447 512 1 31337
-984287 2048 1 24007
-992911 32768 1 16829
-994943 8192 1 21169
-1004423 4 1 143489
-1009103 32 1 59359
-1037423 2048 1 25303
-1038439 0 2 673 1543
-1050287 4 1 150041
-1068863 0 2 257 4159
-1073071 0 2 1021 1051
-1081076 0 1 270269
-1083631 32 1 63743
-1098263 4096 1 25541
-1107284 0 1 276821
-1110047 0 2 601 1847
-1131551 256 1 39019
-1138607 0 2 137 8311
-1139311 524288 1 15607
-1142839 16384 1 21563
-1154135 2 1 230827
-1170536 67108864 1 146317
-1173919 8192 1 24977
-1179031 4 1 168433
-1183535 2 1 236707
-1186103 4194304 1 13327
-1212056 33554432 1 151507
-1216247 64 1 64013
-1252847 0 2 151 8297
-1258591 16384 1 23747
-1261271 8 1 114661
-1276471 4 1 182353
-1280735 2 1 256147
-1303127 4 1 186161
-1306823 4 1 186689
-1311935 2 1 262387
-1335284 0 1 333821
-1342759 8 1 122069
-1361303 512 1 43913
-1375943 1048576 1 17417
-1386143 8 1 126013
-1391935 2 1 278387
-1398679 0 2 547 2557
-1416287 32 1 83311
-1438711 0 2 613 2347
-1470104 33554432 1 183763
-1475303 2048 1 35983
-1483223 4 1 211889
-1488296 67108864 1 186037
-1488535 2 1 297707
-1489076 0 1 372269
-1506767 1048576 1 19073
-1526671 128 1 66377
-1532687 16 1 117899
-1533656 33554432 1 191707
-1567256 33554432 1 195907
-1568936 67108864 1 196117
-1574783 4 1 224969
-1576231 0 2 193 8167
-1603351 512 1 51721
-1618583 2097152 1 19501
-1619924 0 1 404981
-1646431 0 2 227 7253
-1647023 4 1 235289
-1652276 0 1 413069
-1654616 33554432 1 206827
-1656404 0 1 414101
-1679063 0 2 163 10301
-1683079 4194304 1 18911
-1688303 2097152 1 20341
-1689971 128 1 73477
-1707383 0 2 1249 1367
-1707751 0 2 163 10477
-1723783 32 1 101399
-1725047 0 2 751 2297
-1725272 33554432 1 215659
-1738367 64 1 91493
-1749199 8192 1 37217
-1749983 0 2 313 5591
-1771316 0 1 442829
-1772551 8 1 161141
-1794932 0 1 448733
-1826324 0 1 456581
-1827439 64 1 96181
-1830824 67108864 1 228853
-1832959 0 2 1231 1489
-1835503 0 2 487 3769
-1835791 128 1 79817
-1838036 0 1 459509
-1847087 8 1 167917
-1863419 0 2 839 2221
-1876127 8 1 170557
-1901791 256 1 65579
-1902511 16 1 146347
-1933951 0 2 463 4177
-1942823 0 2 449 4327
-1950415 2 1 390083
-1967311 65536 1 32251
-1976792 33554432 1 247099
-1986031 0 2 1019 1949
-1986731 0 2 1373 1447
-1991839 32 1 117167
-2014039 512 1 64969
-2020244 0 1 505061
-2031896 33554432 1 253987
-2047399 0 2 131 15629
-2058535 2 1 411707
-2062471 65536 1 33811
-2066335 2 1 413267
-2076919 16 1 159763
-2112023 32768 1 35797
-2119015 2 1 423803
-2119927 0 2 1453 1459
-2138891 0 2 773 2767
-2146967 512 1 69257
-2147935 2 1 429587
-2148271 0 2 103 20857
-2162516 0 1 540629
-2187127 0 2 1361 1607
-2195636 0 1 548909
-2198071 0 2 691 3181
-2209364 0 1 552341
-2212111 8 1 201101
-2216719 0 2 107 20717
-2217031 0 2 1231 1801
-2246263 0 2 359 6257
-2249407 0 2 191 11777
-2264503 65536 1 37123
-2265847 524288 1 31039
-2268727 32768 1 38453
-2270168 33554432 1 283771
-2278015 2 1 455603
-2280199 1024 1 61627
-2283647 128 1 99289
-2286391 0 2 157 14563
-2297335 2 1 459467
-2306708 0 1 576677
-2309579 0 2 439 5261
-2311016 67108864 1 288877
-2319971 256 1 79999
-2321663 0 2 601 3863
-2329007 0 2 337 6911
-2333047 2097152 1 28109
-2333684 0 1 583421
-2341615 2 1 468323
-2358872 33554432 1 294859
-2370799 0 2 107 22157
-2373631 16 1 182587
-2376679 16384 1 44843
-2383471 0 2 617 3863
-2387864 33554432 1 298483
-2403199 0 2 157 15307
-2403944 67108864 1 300493
-2406356 0 1 601589
-2413571 0 2 1031 2341
-2416639 0 2 109 22171
-2425351 0 2 599 4049
-2427487 2048 1 59207
-2445031 131072 1 36493
-2453599 0 2 151 16249
-2470519 0 2 113 21863
-2474099 65536 1 40559
-2503739 4 1 357677
-2505391 4 1 357913
-2509076 0 1 627269
-2515591 16 1 193507
-2533844 0 1 633461
-2540219 8 1 230929
-2545448 67108864 1 318181
-2546612 0 1 636653
-2579099 0 2 757 3407
-2628463 128 1 114281
-2640007 4194304 1 29663
-2641211 0 2 157 16823
-2657311 0 2 109 24379
-2660191 0 2 1231 2161
-2671807 1024 1 72211
-2672743 0 2 233 11471
-2677544 67108864 1 334693
-2691779 0 2 461 5839
-2697143 0 2 449 6007
-2699819 0 2 811 3329
-2710247 4096 1 63029
-2715943 0 2 157 17299
-2722543 0 2 1571 1733
-2734063 0 2 283 9661
-2753891 4 1 393413
-2755135 2 1 551027
-2757439 0 2 419 6581
-2757583 0 2 317 8699
-2759551 16384 1 52067
-2762891 32 1 162523
-2767903 0 2 163 16981
-2768599 1024 1 74827
-2769176 33554432 1 346147
-2778179 0 2 421 6599
-2780264 67108864 1 347533
-2781848 33554432 1 347731
-2782687 524288 1 38119
-2787368 67108864 1 348421
-2790548 0 1 697637
-2796511 0 2 1249 2239
-2811247 2048 1 68567
-2811799 0 2 463 6073
-2816411 16 1 216647
-2825171 0 2 109 25919
-2837435 2 1 567487
-2847272 67108864 1 355909
-2847659 0 2 727 3917
-2849531 0 2 227 12553
-2853415 2 1 570683
-2864311 0 2 1277 2243
-2868079 0 2 661 4339
-2868659 4096 1 66713
-2870339 4194304 1 32251
-2881448 67108864 1 360181
-2903444 0 1 725861
-2906311 0 2 523 5557
-2919284 0 1 729821
-2933167 128 1 127529
-2937899 0 2 107 27457
-2942479 32 1 173087
-2947567 4 1 421081
-2949131 0 2 173 17047
-2954335 2 1 590867
-2957771 16384 1 55807
-2963288 33554432 1 370411
-2965544 67108864 1 370693
-2983207 262144 1 42017
-2994452 0 1 748613
-3004564 0 1 751141
-3004739 0 2 643 4673
-3014671 8 1 274061
-3043715 2 1 608743
-3046952 67108864 1 380869
-3048583 0 2 181 16843
-3059432 67108864 1 382429
-3070331 8 1 279121
-3070811 131072 1 45833
-3078271 4 1 439753
-3089579 524288 1 42323
-3097831 8 1 281621
-3099284 0 1 774821
-3105059 256 1 107071
-3112244 0 1 778061
-3119339 0 2 761 4099
-3130471 0 2 587 5333
-3131624 67108864 1 391453
-3145496 33554432 1 393187
-3159316 0 1 789829
-3179623 0 2 487 6529
-3186584 33554432 1 398323
-3196327 0 2 1151 2777
-3198583 0 2 149 21467
-3202859 8 1 291169
-3208591 0 2 569 5639
-3213332 0 1 803333
-3243539 16 1 249503
-3294271 524288 1 45127
-3295859 4 1 470837
-3297131 0 2 277 11903
-3302647 512 1 106537
-3309032 67108864 1 413629
-3314479 4 1 473497
-3314771 2097152 1 39937
-3319183 4 1 474169
-3319384 33554432 1 414923
-3319979 16 1 255383
-3322964 0 1 830741
-3325471 0 2 167 19913
-3326644 0 1 831661
-3327343 0 2 1163 2861
-3333812 0 1 833453
-3336152 33554432 1 417019
-3341047 262144 1 47057
-3358211 1048576 1 42509
-3395411 0 2 631 5381
-3408631 256 1 117539
-3413912 33554432 1 426739
-3422215 2 1 684443
-3427091 0 2 131 26161
-3436619 0 2 1373 2503
-3450164 0 1 862541
-3460811 0 2 307 11273
-3470504 67108864 1 433813
-3478015 2 1 695603
-3478207 0 2 103 33769
-3480872 67108864 1 435109
-3481496 33554432 1 435187
-3497459 4 1 499637
-3500335 2 1 700067
-3507251 8 1 318841
-3509167 64 1 184693
-3510439 0 2 467 7517
-3531224 33554432 1 441403
-3540439 4 1 505777
-3545816 33554432 1 443227
-3566143 4 1 509449
-3583519 1048576 1 45361
-3588308 0 1 897077
-3590047 128 1 156089
-3592931 512 1 115901
-3595352 33554432 1 449419
-3599311 0 2 1367 2633
-3621908 0 1 905477
-3625684 0 1 906421
-3633535 2 1 726707
-3634388 0 1 908597
-3639943 0 2 991 3673
-3646543 0 2 383 9521
-3648872 67108864 1 456109
-3650407 0 2 157 23251
-3659603 0 2 607 6029
-3670759 32 1 215927
-3679927 0 2 997 3691
-3691423 0 2 139 26557
-3692171 4 1 527453
-3692387 0 2 367 10061
-3692891 0 2 107 34513
-3706811 0 2 613 6047
-3710888 67108864 1 463861
-3713023 0 2 1499 2477
-3732247 0 2 1283 2909
-3732692 0 1 933173
-3735976 67108864 1 466997
-3736183 8 1 339653
-3742484 0 1 935621
-3743704 33554432 1 467963
-3761099 0 2 521 7219
-3771059 32 1 221827
-3771415 2 1 754283
-3774535 2 1 754907
-3782771 0 2 107 35353
-3787639 0 2 137 27647
-3795188 0 1 948797
-3809263 0 2 1171 3253
-3813487 0 2 193 19759
-3819947 0 2 1697 2251
-3822803 1024 1 103319
-3823019 0 2 677 5647
-3825368 33554432 1 478171
-3839119 0 2 103 37273
-3844471 0 2 853 4507
-3846932 0 1 961733
-3848503 256 1 132707
-3854339 0 2 1579 2441
-3871859 0 2 1049 3691
-3872987 0 2 1069 3623
-3874303 0 2 1709 2267
-3878167 0 2 653 5939
-3893215 2 1 778643
-3894611 4 1 556373
-3898739 16 1 299903
-3910772 0 1 977693
-3910831 0 2 251 15581
-3916687 2097152 1 47189
-3924823 4 1 560689
-3931864 33554432 1 491483
-3933419 4 1 561917
-3934808 33554432 1 491851
-3938164 0 1 984541
-3938863 131072 1 58789
-3941915 2 1 788383
-3944939 0 2 157 25127
-3955508 0 1 988877
-3958567 0 2 499 7933
-3961396 0 1 990349
-3964568 33554432 1 495571
-3984899 0 2 433 9203
-3990631 32 1 234743
-3991508 0 1 997877
-3992852 0 1 998213
-4005899 16384 1 75583
-4014419 32768 1 68041
-4021268 0 1 1005317
-4024783 4 1 574969
-4029251 0 2 673 5987
-4030883 262144 1 56773
-4039988 0 1 1009997
-4047223 32768 1 68597
-4048532 0 1 1012133
-4050391 0 2 457 8863
-4053731 8 1 368521
-4058408 67108864 1 507301
-4075112 67108864 1 509389
-4083851 131072 1 60953
-4097219 4 1 585317
-4098487 0 2 1531 2677
-4100047 4 1 585721
-4102087 8 1 372917
-4124312 33554432 1 515539
-4124888 33554432 1 515611
-4141499 8192 1 88117
-4150087 0 2 631 6577
-4154264 33554432 1 519283
-4157767 0 2 263 15809
-4165736 67108864 1 520717
-4168163 64 1 219377
-4168183 2048 1 101663
-4172911 0 2 1553 2687
-4179467 32 1 245851
-4199119 32 1 247007
-4213667 0 2 1021 4127
-4216424 67108864 1 527053
-4233251 8 1 384841
-4234807 0 2 137 30911
-4236419 8 1 385129
-4237807 4 1 605401
-4244291 0 2 787 5393
-4245608 67108864 1 530701
-4251188 0 1 1062797
-4256552 67108864 1 532069
-4259732 0 1 1064933
-4262627 262144 1 60037
-4281236 0 1 1070309
-4284583 131072 1 63949
-4287512 33554432 1 535939
-4292264 67108864 1 536533
-4296059 0 2 461 9319
-4316863 0 2 1453 2971
-4319732 0 1 1079933
-4320692 0 1 1080173
-4331623 0 2 1213 3571
-4333303 16 1 333331
-4339019 128 1 188653
-4343167 32768 1 73613
-4346627 2097152 1 52369
-4347463 1024 1 117499
-4371736 33554432 1 546467
-4379459 4 1 625637
-4395224 33554432 1 549403
-4407092 0 1 1101773
-4407443 0 2 359 12277
-4422356 0 1 1105589
-4427348 0 1 1106837
-4431092 0 1 1107773
-4433411 128 1 192757
-4440967 512 1 143257
-4443779 0 2 151 29429
-4444183 0 2 839 5297
-4445003 128 1 193261
-4470367 8 1 406397
-4474735 2 1 894947
-4477927 0 2 1669 2683
-4489448 67108864 1 561181
-4499983 0 2 283 15901
-4506367 128 1 195929
-4510663 1048576 1 57097
-4514767 0 2 211 21397
-4516091 64 1 237689
-4517647 0 2 107 42221
-4532504 33554432 1 566563
-4538531 1024 1 122663
-4557535 2 1 911507
-4562383 4 1 651769
-4564567 4 1 652081
-4565524 0 1 1141381
-4567331 4096 1 106217
-4569007 0 2 107 42701
-4569847 128 1 198689
-4584872 67108864 1 573109
-4585615 2 1 917123
-4586311 32 1 269783
-4591259 0 2 281 16339
-4594063 32 1 270239
-4595771 0 2 181 25391
-4597447 128 1 199889
-4599823 0 2 107 42989
-4608967 8 1 418997
-4615892 0 1 1153973
-4622503 512 1 149113
-4628027 0 2 523 8849
-4630996 0 1 1157749
-4633163 32 1 272539
-4636423 8 1 421493
-4636916 0 1 1159229
-4648643 1024 1 125639
-4649263 0 2 1667 2789
-4655939 0 2 113 41203
-4685171 0 2 1171 4001
-4686548 0 1 1171637
-4692731 32 1 276043
-4696423 0 2 179 26237
-4706132 0 1 1176533
-4708019 0 2 751 6269
-4711139 8192 1 100237
-4714804 0 1 1178701
-4722904 33554432 1 590363
-4727383 0 2 739 6397
-4731992 33554432 1 591499
-4734179 0 2 127 37277
-4742104 33554432 1 592763
-4743343 8 1 431213
-4748468 0 1 1187117
-4771352 33554432 1 596419
-4773343 2048 1 116423
-4775348 0 1 1193837
-4776727 65536 1 78307
-4795352 33554432 1 599419
-4795444 0 1 1198861
-4800131 4 1 685733
-4803707 32 1 282571
-4804327 8 1 436757
-4804859 1048576 1 60821
-4811143 0 2 1637 2939
-4815092 0 1 1203773
-4823503 1048576 1 61057
-4824587 0 2 179 26953
-4825451 0 2 577 8363
-4830872 33554432 1 603859
-4832948 0 1 1208237
-4844824 33554432 1 605603
-4844863 0 2 157 30859
-4846388 0 1 1211597
-4848131 0 2 1787 2713
-4854583 8192 1 103289
-4858024 67108864 1 607253
-4864232 67108864 1 608029
-4871528 67108864 1 608941
-4880935 2 1 976187
-4883407 0 2 757 6451
-4898072 33554432 1 612259
-4905343 8192 1 104369
-4909876 0 1 1227469
-4914727 0 2 131 37517
-4928579 256 1 169951
-4936472 33554432 1 617059
-4957763 0 2 179 27697
-4960619 0 2 1867 2657
-4978619 0 2 307 16217
-4995731 16 1 384287
-4999019 0 2 277 18047
-5005183 0 2 313 15991
-5013899 8 1 455809
-5016107 0 2 1451 3457
-5021815 2 1 1004363
-5050868 0 1 1262717
-5051863 262144 1 71153
-5055779 2097152 1 60913
-5056232 67108864 1 632029
-5063315 2 1 1012663
-5069027 512 1 163517
-5081171 2048 1 123931
-5081723 0 2 113 44971
-5082635 2 1 1016527
-5089684 0 1 1272421
-5090612 0 1 1272653
-5103463 0 2 1063 4801
-5108315 2 1 1021663
-5112731 16 1 393287
-5116084 0 1 1279021
-5135384 33554432 1 641923
-5137835 2 1 1027567
-5144756 0 1 1286189
-5151467 32768 1 87313
-5156143 0 2 1129 4567
-5172247 0 2 607 8521
-5186243 0 2 149 34807
-5192435 2 1 1038487
-5198335 2 1 1039667
-5209327 32 1 306431
-5213791 8 1 473981
-5217371 0 2 137 38083
-5227735 2 1 1045547
-5232971 4096 1 121697
-5233663 0 2 1259 4157
-5233903 128 1 227561
-5239331 128 1 227797
-5257543 0 2 1361 3863
-5274103 0 2 1723 3061
-5286299 0 2 1063 4973
-5301731 0 2 431 12301
-5320936 67108864 1 665117
-5334083 0 2 677 7879
-5336339 0 2 383 13933
-5342228 0 1 1335557
-5352943 32 1 314879
-5353163 524288 1 73331
-5355124 0 1 1338781
-5364563 2048 1 130843
-5368231 8 1 488021
-5370611 0 2 193 27827
-5404183 1024 1 146059
-5408147 0 2 1789 3023
-5410523 512 1 174533
-5422772 0 1 1355693
-5423411 4 1 774773
-5425979 16 1 417383
-5426171 32768 1 91969
-5437352 67108864 1 679669
-5442487 0 2 827 6581
-5445127 256 1 187763
-5449832 67108864 1 681229
-5459288 33554432 1 682411
-5464519 0 2 137 39887
-5464859 0 2 727 7517
-5469131 64 1 287849
-5494523 0 2 1117 4919
-5497591 8 1 499781
-5501627 0 2 389 14143
-5501651 65536 1 90191
-5501656 33554432 1 687707
-5505539 16 1 423503
-5506615 2 1 1101323
-5511092 0 1 1377773
-5521303 0 2 439 12577
-5532851 0 2 103 53717
-5548615 2 1 1109723
-5549699 0 2 1873 2963
-5558104 33554432 1 694763
-5584564 0 1 1396141
-5587303 0 2 499 11197
-5587619 0 2 127 43997
-5598247 256 1 193043
-5604851 4 1 800693
-5617087 4 1 802441
-5621972 0 1 1405493
-5624915 2 1 1124983
-5637635 2 1 1127527
-5639047 0 2 269 20963
-5641403 32768 1 95617
-5648243 256 1 194767
-5648387 0 2 1129 5003
-5657891 0 2 1933 2927
-5671691 0 2 193 29387
-5680307 0 2 233 24379
-5690407 128 1 247409
-5718184 67108864 1 714773
-5718607 0 2 503 11369
-5723167 0 2 179 31973
-5728451 1024 1 154823
-5728979 256 1 197551
-5729363 4096 1 133241
-5737903 0 2 431 13313
-5739443 128 1 249541
-5742488 33554432 1 717811
-5749684 0 1 1437421
-5770783 65536 1 94603
-5781343 32 1 340079
-5782135 2 1 1156427
-5783192 33554432 1 722899
-5783863 524288 1 79231
-5787967 0 2 163 35509
-5789332 0 1 1447333
-5799131 16 1 446087
-5800931 4194304 1 65179
-5815499 0 2 2131 2729
-5822708 0 1 1455677
-5829515 2 1 1165903
-5835304 67108864 1 729413
-5851811 4 1 835973
-5855603 16 1 450431
-5857688 33554432 1 732211
-5859319 128 1 254753
-5862343 16777216 1 58043
-5876603 0 2 1733 3391
-5877016 33554432 1 734627
-5887235 2 1 1177447
-5899864 33554432 1 737483
-5904856 33554432 1 738107
-5912699 16 1 454823
-5927912 67108864 1 740989
-5928491 0 2 269 22039
-5928583 0 2 479 12377
-5937371 8 1 539761
-5949083 4 1 849869
-5967847 0 2 1471 4057
-5968015 2 1 1193603
-5970539 0 2 1103 5413
-5973103 32 1 351359
-5974207 0 2 127 47041
-5977903 4096 1 139021
-5995979 8 1 545089
-6009007 32 1 353471
