-291191
-309671
-333959
-365039
-437519
-540599
-543551
-609047
-644519
-672983
-688031
-713807
-865343
-944543
-1019927
-1032959
-1062263
-1067687
-1069591
-1096967
-1145327
-1166807
-1254647
-1282943
-1430903
-1440623
-1491031
-1510039
-1540823
-1559447
-1605631
-1636823
-1670567
-1684591
-1774463
-1800047
-1881127
-1889311
-1972571
-1979543
-2036579
-2036791
-2039287
-2112079
-2113343
-2170159
-2190607
-2199151
-2237783
-2261599
-2357791
-2512207
-2558219
-2613343
-2684663
-2687183
-2688799
-2695447
-2732311
-2768903
-2801047
-2804051
-2818451
-2822819
-2931919
-2995807
-3073087
-3135943
-3155939
-3157811
-3182219
-3189059
-3219199
-3235691
-3247399
-3247759
-3271571
-3273899
-3281791
-3291371
-3322351
-3335263
-3337379
-3358591
-3376567
-3398719
-3401383
-3429583
-3578383
-3601571
-3624727
-3628663
-3673279
-3686339
-3692551
-3715423
-3774943
-3784447
-3816539
-3951251
-4029631
-4068487
-4128323
-4166863
-4207691
-4239731
-4303043
-4336019
-4348907
-4377871
-4392343
-4394287
-4408619
-4421407
-4428559
-4612807
-4685407
-4739363
-4771687
-4850647
-4890631
-4892099
-4922531
-4928219
-4934123
-4943143
-4973623
-5019919
-5038931
-5150143
-5164619
-5165939
-5234219
-5262823
-5311139
-5349247
-5388611
-5423839
-5433347
-5465503
-5473087
-5554163
-5578931
-5639939
-5650691
-5793847
-5812259
-5822623
-5829779
-5886007
-5942047
-5958607
-5967851
-6015203
