-395111
-403391
-408071
-439631
-440471
-684407
-718271
-739799
-814127
-854327
-864359
-868151
-902807
-932567
-934639
-995591
-1033079
-1059263
-1072367
-1079927
-1199087
-1243367
-1247327
-1270111
-1311263
-1320799
-1397119
-1452751
-1461511
-1524319
-1654039
-1725527
-1756943
-1843091
-1936063
-1973687
-2024767
-2051327
-2058223
-2060543
-2089231
-2127647
-2196287
-2277767
-2291959
-2339651
-2381303
-2413639
-2429143
-2454631
-2522671
-2541151
-2558287
-2564719
-2624023
-2711099
-2726839
-2747791
-2782999
-2797999
-2919251
-2923279
-2989139
-2998859
-3084611
-3136207
-3174511
-3241859
-3242623
-3287051
-3315031
-3394351
-3419167
-3422047
-3487063
-3495179
-3512099
-3519823
-3537491
-3560527
-3573727
-3575983
-3631811
-3633803
-3650051
-3699011
-3766471
-3778447
-3789971
-3819367
-3852419
-3900943
-3935651
-3941363
-3975031
-3981491
-3989171
-4026371
-4094767
-4152823
-4177423
-4178767
-4181431
-4240447
-4265939
-4332011
-4389131
-4419731
-4448167
-4497439
-4546903
-4576259
-4660951
-4686463
-4732303
-4749179
-4749299
-4797539
-4799719
-4857683
-4866847
-4896103
-4911463
-4924979
-4988407
-4996399
-5001923
-5042383
-5107691
-5171531
-5175059
-5182207
-5199703
-5223367
-5270219
-5271463
-5285939
-5310707
-5326903
-5391583
-5460491
-5494183
-5590019
-5590931
-5599567
-5632283
-5686091
-5701931
-5729167
-5745059
-5779663
-5820487
-5837963
-5847419
-5894143
-5949539
-5957771
-5972767
-5998907
-6036367
