-361919
-478679
-494759
-594311
-662951
-700319
-704279
-711839
-737183
-739439
-771623
-781007
-833711
-904919
-982871
-1007599
-1093007
-1106447
-1113199
-1163423
-1183159
-1185511
-1188263
-1244447
-1374887
-1418119
-1444463
-1533407
-1600727
-1624159
-1773887
-1864399
-1867927
-1905391
-1927823
-1934791
-1940599
-1960279
-2041639
-2044111
-2115511
-2172847
-2175023
-2187287
-2216479
-2250439
-2259503
-2313799
-2430251
-2505779
-2542591
-2569423
-2589679
-2635447
-2661419
-2663051
-2684219
-2704591
-2738327
-2742199
-2819143
-2853391
-2897051
-2912431
-2948167
-2970659
-3025999
-3049331
-3069271
-3084391
-3087419
-3189007
-3232279
-3241807
-3308939
-3324751
-3328879
-3367447
-3367783
-3427903
-3480419
-3524119
-3583739
-3590219
-3608791
-3655447
-3677699
-3682643
-3695339
-3737939
-3772687
-3888967
-3958183
-3959651
-4039543
-4088047
-4098607
-4148143
-4163051
-4226359
-4238551
-4290823
-4298383
-4342927
-4357807
-4367863
-4534927
-4562003
-4573931
-4622699
-4659443
-4670651
-4729663
-4743247
-4791247
-4791491
-4826119
-4875223
-4884827
-4945231
-4974131
-4997339
-5088179
-5101043
-5122783
-5125811
-5130947
-5159743
-5171843
-5253967
-5277847
-5314019
-5318891
-5357147
-5363219
-5368019
-5386543
-5395331
-5418247
-5427223
-5439463
-5456411
-5473207
-5642459
-5711627
-5767423
-5873239
-5884139
-5903263
-5925151
-6023939
