-6311
-7607
-9767
-13711
-20959
-22247
-25244
-28619
-29531
-30428
-34499
-36299
-37379
-38699
-39068
-39799
-40499
-42751
-48779
-49739
-51827
-54323
-54844
-57587
-57943
-59119
-59887
-62143
-62819
-63127
-65699
-69467
-74771
-77899
-82787
-83836
-87107
-88988
-92507
-93083
-95987
-96419
-96443
-98407
-104723
-108011
-115099
-123931
-127691
-130651
-132331
-138571
-139891
-144323
-146603
-157523
-159196
-159707
-159739
-161387
-164387
-165587
-165931
-167611
-167627
-169283
-170003
-171004
-172307
-176419
-177427
-178187
-179243
-182747
-185371
-196291
-196459
-202291
-205307
-206923
-210827
-213139
-219619
-221747
-222979
-224603
-226819
-231772
-232171
-234043
-236476
-238099
-239548
-248179
-248323
-248572
-248971
-249211
-251843
-252443
-252508
-256939
-260539
-261619
-262027
-266587
-268291
-282683
-288907
-290011
-294211
-299371
-303547
-305971
-306707
-314707
-322459
-335347
-337219
-348259
-348547
-348883
-350803
-350851
-351763
-357571
-361363
-361843
-367819
-368491
-382507
-385291
-393628
-399787
-400051
-403387
-408763
-409723
-423307
-430723
-436291
-442747
-444307
-446227
-449347
-451747
-452923
-459883
-462499
-463483
-472963
-480019
-490267
-496747
-498163
-499027
-499507
-503707
-506083
-512467
-523603
-525739
-527563
-530443
-537307
-539107
-541363
-552259
-561667
-564643
-579643
-579763
-585547
-586147
-589243
-609043
-621259
-623947
-637627
-644443
-650227
-696403
-698083
-705643
-709507
-727747
-744283
-745243
-751363
-791347
-805267
-845203
-890803
-891643
-933067
-1017307
-1019467
-1038643
-1046203
-1053067
-1088707
-1144243
-1172803
-1269907
-1335667
-1429387
