-322871
-348431
-460991
-590279
-623759
-631847
-663191
-671999
-694271
-704807
-730559
-734663
-741071
-742991
-831191
-832367
-867023
-884087
-958487
-965191
-967751
-995431
-1058567
-1159271
-1185439
-1247063
-1273823
-1274671
-1283063
-1329623
-1346951
-1367087
-1445671
-1513591
-1555247
-1587527
-1626263
-1633231
-1637183
-1649959
-1665143
-1707647
-1721903
-1752131
-1761919
-1819999
-1834159
-1854623
-1870259
-1892551
-1902287
-1932263
-1947983
-1981471
-1986631
-1990039
-2061271
-2095591
-2139539
-2153959
-2246767
-2298391
-2315567
-2327207
-2333839
-2352899
-2379151
-2410351
-2444287
-2496007
-2560087
-2561431
-2574731
-2651503
-2673511
-2885219
-2954531
-3019663
-3067063
-3075971
-3080167
-3119023
-3125099
-3188791
-3222151
-3265399
-3281171
-3285679
-3330179
-3360103
-3369131
-3376687
-3393463
-3398051
-3422383
-3498343
-3501703
-3600463
-3641819
-3719431
-3753371
-3768899
-3828007
-3875387
-3907811
-3924779
-3924847
-3925739
-3929671
-3962747
-3985039
-4064171
-4074487
-4077823
-4115263
-4135303
-4177447
-4202579
-4245611
-4290179
-4359679
-4376863
-4377343
-4459519
-4470731
-4493459
-4494731
-4507859
-4605539
-4607167
-4626247
-4659131
-4702783
-4748771
-4772939
-4773823
-4860463
-4861063
-4897567
-4930543
-4966903
-4976171
-4980419
-4980947
-5043251
-5062859
-5138167
-5140087
-5162459
-5167619
-5186219
-5196371
-5201863
-5248811
-5264891
-5278571
-5316823
-5334899
-5407063
-5468263
-5490607
-5492287
-5514367
-5576939
-5586463
-5595179
-5669099
-5680739
-5706419
-5708939
-5713787
-5731207
-5801051
-5817803
-5821687
-5838419
-5853059
-5875087
-5882407
-5893231
-5927503
-6009011
