-290351
-361679
-370439
-385199
-419711
-490031
-577151
-592367
-676703
-709607
-714887
-932207
-935359
-1075727
-1094711
-1141967
-1144103
-1191559
-1213943
-1240007
-1268447
-1291471
-1354007
-1358927
-1374271
-1378679
-1415783
-1474247
-1485023
-1641623
-1659407
-1694239
-1756691
-1768127
-1874263
-1993759
-2008343
-2077399
-2197463
-2263687
-2279687
-2291911
-2300839
-2359783
-2361607
-2408171
-2429239
-2445847
-2497571
-2552239
-2601847
-2606927
-2621119
-2673871
-2700179
-2738287
-2771719
-2773471
-2806619
-2889023
-2906663
-2969479
-2970031
-2978219
-2990719
-3005599
-3016019
-3032767
-3036367
-3071567
-3093823
-3146431
-3178783
-3288367
-3416047
-3422143
-3523691
-3529703
-3555103
-3590291
-3592619
-3598423
-3611291
-3730499
-4069139
-4089871
-4102687
-4141091
-4143011
-4170731
-4177931
-4214003
-4250291
-4277887
-4285159
-4285331
-4311127
-4326583
-4335103
-4402063
-4423403
-4446103
-4452491
-4497583
-4527823
-4607311
-4641631
-4648351
-4664311
-4677919
-4715863
-4720259
-4732543
-4746011
-4785607
-4791223
-4822687
-4902823
-5020087
-5026739
-5076899
-5081647
-5082059
-5098979
-5119327
-5136611
-5184607
-5203379
-5227331
-5237263
-5324843
-5410259
-5430059
-5451683
-5453219
-5496779
-5608091
-5608327
-5687771
-5692403
-5707523
-5755663
-5767379
-5801291
-5808367
-5811727
-5846047
-5889703
-5896951
-5900863
-5925823
-5968019
-5977619
-6005891
