-349151 8 1 31741
-359735 2 1 71947
-380159 16 1 29243
-404759 4096 1 9413
-455759 8192 1 9697
-484319 8 1 44029
-507407 8388608 1 5231
-510215 2 1 102043
-585719 0 2 149 3931
-671399 0 2 383 1753
-679727 1024 1 18371
-689183 8 1 62653
-719087 0 2 557 1291
-719543 8 1 65413
-755519 0 2 439 1721
-763343 4 1 109049
-810551 4 1 115793
-812615 2 1 162523
-817703 64 1 43037
-827783 8 1 75253
-845639 0 2 347 2437
-910319 0 2 131 6949
-926039 0 2 131 7069
-1000471 256 1 34499
-1026164 0 1 256541
-1030004 0 1 257501
-1032863 16 1 79451
-1038056 67108864 1 129757
-1040735 2 1 208147
-1046063 128 1 45481
-1102351 131072 1 16453
-1108871 8192 1 23593
-1116527 512 1 36017
-1119407 32768 1 18973
-1130231 0 2 239 4729
-1190351 0 2 577 2063
-1227935 2 1 245587
-1230191 0 2 463 2657
-1282103 0 2 173 7411
-1318343 16 1 101411
-1321703 0 2 151 8753
-1392263 64 1 73277
-1404751 0 2 491 2861
-1410631 32768 1 23909
-1415447 8 1 128677
-1421671 0 2 167 8513
-1439336 67108864 1 179917
-1459639 0 2 139 10501
-1490264 33554432 1 186283
-1497167 4 1 213881
-1516727 0 2 137 11071
-1576616 67108864 1 197077
-1590623 64 1 83717
-1594676 0 1 398669
-1596431 65536 1 26171
-1650335 2 1 330067
-1673567 4 1 239081
-1691663 4096 1 39341
-1719679 16 1 132283
-1736087 64 1 91373
-1748564 0 1 437141
-1772911 4 1 253273
-1801471 4 1 257353
-1829543 2048 1 44623
-1845224 67108864 1 230653
-1860535 2 1 372107
-1866344 67108864 1 233293
-1908271 0 2 281 6791
-1920151 0 2 199 9649
-1949551 0 2 181 10771
-1958719 4 1 279817
-1959143 0 2 193 10151
-1969735 2 1 393947
-1988903 4 1 284129
-2007271 4 1 286753
-2039087 512 1 65777
-2050471 4194304 1 23039
-2070296 33554432 1 258787
-2079559 32 1 122327
-2107823 0 2 373 5651
-2121103 64 1 111637
-2142631 16384 1 40427
-2154991 1024 1 58243
-2155343 0 2 131 16453
-2163799 8 1 196709
-2216311 0 2 163 13597
-2216327 0 2 401 5527
-2221223 0 2 919 2417
-2247151 0 2 103 21817
-2250536 67108864 1 281317
-2254487 0 2 239 9433
-2275412 0 1 568853
-2280535 2 1 456107
-2310679 4 1 330097
-2323015 2 1 464603
-2521783 8 1 229253
-2525839 0 2 457 5527
-2526823 16 1 194371
-2529031 0 2 191 13241
-2531624 67108864 1 316453
-2542247 0 2 823 3089
-2551015 2 1 510203
-2569019 2048 1 62659
-2599471 4 1 371353
-2606791 8 1 236981
-2610247 128 1 113489
-2623739 0 2 109 24071
-2625419 0 2 197 13327
-2654324 0 1 663581
-2681531 512 1 86501
-2710424 33554432 1 338803
-2721463 0 2 173 15731
-2754271 16 1 211867
-2767256 33554432 1 345907
-2769491 0 2 151 18341
-2775319 262144 1 39089
-2777791 2048 1 67751
-2786132 0 1 696533
-2801671 0 2 479 5849
-2823199 0 2 227 12437
-2825492 0 1 706373
-2842904 33554432 1 355363
-2844008 67108864 1 355501
-2878111 0 2 419 6869
-2882623 64 1 151717
-2901439 0 2 701 4139
-2912339 64 1 153281
-2981215 2 1 596243
-3013807 4194304 1 33863
-3019379 8 1 274489
-3031064 33554432 1 378883
-3031316 0 1 757829
-3042631 0 2 823 3697
-3068743 1024 1 82939
-3072391 4 1 438913
-3091807 32 1 181871
-3095171 0 2 283 10937
-3127423 16 1 240571
-3173096 67108864 1 396637
-3179531 256 1 109639
-3201428 0 1 800357
-3245663 0 2 191 16993
-3273487 4 1 467641
-3278287 0 2 271 12097
-3297176 33554432 1 412147
-3297967 256 1 113723
-3302804 0 1 825701
-3312415 2 1 662483
-3321236 0 1 830309
-3338023 16 1 256771
-3349087 4 1 478441
-3383384 33554432 1 422923
-3401204 0 1 850301
-3421736 67108864 1 427717
-3461959 0 2 733 4723
-3475015 2 1 695003
-3485699 4 1 497957
-3510484 0 1 877621
-3517831 64 1 185149
-3531092 0 1 882773
-3539479 256 1 122051
-3545944 33554432 1 443243
-3564007 2048 1 86927
-3584339 8 1 325849
-3592211 4 1 513173
-3595903 16777216 1 35603
-3598063 4 1 514009
-3598783 0 2 151 23833
-3619351 32 1 212903
-3619783 4096 1 84181
-3620359 0 2 257 14087
-3622139 32 1 213067
-3635444 0 1 908861
-3648871 0 2 1621 2251
-3665719 512 1 118249
-3673739 0 2 199 18461
-3676471 32 1 216263
-3681011 0 2 257 14323
-3686719 524288 1 50503
-3696899 262144 1 52069
-3700567 16 1 284659
-3704911 4 1 529273
-3728431 4 1 532633
-3749287 0 2 149 25163
-3754327 0 2 167 22481
-3754879 0 2 1061 3539
-3791384 33554432 1 473923
-3804967 0 2 863 4409
-3823687 4 1 546241
-3862423 256 1 133187
-3866939 32 1 227467
-3878531 4194304 1 43579
-3880232 67108864 1 485029
-3883988 0 1 970997
-3941527 0 2 773 5099
-3945707 0 2 937 4211
-3948248 33554432 1 493531
-3954644 0 1 988661
-3956531 0 2 1609 2459
-3965096 67108864 1 495637
-3965215 2 1 793043
-3972632 33554432 1 496579
-3992792 33554432 1 499099
-3996611 0 2 967 4133
-3998699 4096 1 92993
-4055815 2 1 811163
-4067156 0 1 1016789
-4069447 0 2 677 6011
-4073651 0 2 193 21107
-4100839 0 2 1567 2617
-4125535 2 1 825107
-4132691 0 2 1213 3407
-4142407 32 1 243671
-4155764 0 1 1038941
-4181743 32768 1 70877
-4184948 0 1 1046237
-4185752 33554432 1 523219
-4189687 0 2 463 9049
-4202263 16 1 323251
-4203092 0 1 1050773
-4231163 0 2 1321 3203
-4261615 2 1 852323
-4272104 67108864 1 534013
-4280099 4194304 1 48091
-4280935 2 1 856187
-4290731 0 2 167 25693
-4298911 0 2 103 41737
-4313987 0 2 421 10247
-4327016 67108864 1 540877
-4333268 0 1 1083317
-4337204 0 1 1084301
-4345652 0 1 1086413
-4346071 0 2 761 5711
-4354447 0 2 1301 3347
-4368635 2 1 873727
-4369783 8 1 397253
-4401079 32 1 258887
-4402136 33554432 1 550267
-4410223 64 1 232117
-4431464 67108864 1 553933
-4436191 0 2 109 40699
-4449779 0 2 211 21089
-4459636 0 1 1114909
-4471207 16 1 343939
-4471604 0 1 1117901
-4473343 4 1 639049
-4483615 2 1 896723
-4486423 0 2 359 12497
-4495687 4 1 642241
-4497851 64 1 236729
-4511023 8 1 410093
-4511768 33554432 1 563971
-4528088 33554432 1 566011
-4544315 2 1 908863
-4549783 4 1 649969
-4566164 0 1 1141541
-4567979 16 1 351383
-4627615 2 1 925523
-4664815 2 1 932963
-4681207 0 2 173 27059
-4683124 0 1 1170781
-4694296 33554432 1 586787
-4707419 32 1 276907
-4723508 0 1 1180877
-4727291 4096 1 109937
-4745219 524288 1 65003
-4745492 0 1 1186373
-4747643 0 2 167 28429
-4750996 0 1 1187749
-4751764 0 1 1187941
-4754983 4096 1 110581
-4757171 8388608 1 49043
-4759156 0 1 1189789
-4773347 0 2 281 16987
-4775579 0 2 1193 4003
-4780148 0 1 1195037
-4786687 4194304 1 53783
-4790815 2 1 958163
-4803515 2 1 960703
-4807259 16384 1 90703
-4814324 0 1 1203581
-4834859 0 2 919 5261
-4845059 256 1 167071
-4847287 0 2 173 28019
-4854415 2 1 970883
-4859828 0 1 1214957
-4890947 0 2 761 6427
-4919047 4 1 702721
-4921087 0 2 283 17389
-4930292 0 1 1232573
-4934527 16 1 379579
-4942019 32 1 290707
-4948235 2 1 989647
-4950727 128 1 215249
-4974419 0 2 2053 2423
-5007151 512 1 161521
-5019247 0 2 251 19997
-5027348 0 1 1256837
-5075771 1024 1 137183
-5107316 0 1 1276829
-5111411 0 2 1229 4159
-5114459 4 1 730637
-5115347 16777216 1 50647
-5119739 262144 1 72109
-5133332 0 1 1283333
-5133608 67108864 1 641701
-5133967 0 2 107 47981
-5138935 2 1 1027787
-5156948 0 1 1289237
-5171291 32768 1 87649
-5199848 67108864 1 649981
-5211319 0 2 997 5227
-5221687 0 2 881 5927
-5278183 0 2 157 33619
-5313899 0 2 2161 2459
-5321219 0 2 181 29399
-5340491 16 1 410807
-5345743 16 1 411211
-5359691 64 1 282089
-5370535 2 1 1074107
-5399528 67108864 1 674941
-5424436 0 1 1356109
-5430703 0 2 191 28433
-5448803 0 2 103 52901
-5449379 16 1 419183
-5455211 0 2 331 16481
-5462579 0 2 211 25889
-5470859 0 2 223 24533
-5472724 0 1 1368181
-5477492 0 1 1369373
-5505823 0 2 167 32969
-5511199 0 2 953 5783
-5525972 0 1 1381493
-5530643 0 2 541 10223
-5568788 0 1 1392197
-5591191 512 1 180361
-5605396 0 1 1401349
-5650235 2 1 1130047
-5650772 0 1 1412693
-5652179 16 1 434783
-5652851 0 2 887 6373
-5666863 0 2 773 7331
-5670872 33554432 1 708859
-5676347 0 2 1423 3989
-5709491 256 1 196879
-5716663 64 1 300877
-5756771 0 2 1129 5099
-5785571 8 1 525961
-5786407 8 1 526037
-5794216 67108864 1 724277
-5806063 0 2 593 9791
-5826703 0 2 887 6569
-5831263 0 2 367 15889
-5836276 0 1 1459069
-5846696 67108864 1 730837
-5856404 0 1 1464101
-5864047 4 1 837721
-5867167 0 2 823 7129
-5879732 0 1 1469933
-5887979 0 2 349 16871
-5888104 67108864 1 736013
-5928724 0 1 1482181
-5942527 0 2 359 16553
-5957983 512 1 192193
-5964611 524288 1 81707
-5970515 2 1 1194103
-5984167 4 1 854881
-6005044 0 1 1501261
