-304079 544 1 577
-323399 64 1 17021
-338399 128 1 14713
-344711 65536 1 5651
-365351 133188 0
-404999 8196 1 1231
-409031 262148 1 823
-436751 4100 1 1451
-437759 132 1 2719
-465695 2 1 93139
-473639 128 1 20593
-489839 324 1 127
-499847 0 2 191 2617
-510431 0 2 467 1093
-528071 32 1 31063
-536711 4 1 76673
-537935 2 2 271 397
-555191 20 1 6101
-586079 16 1 45083
-591671 2048 1 14431
-594935 266 1 373
-616895 2 1 123379
-617999 0 2 409 1511
-619799 64 1 32621
-624719 0 2 457 1367
-628703 4096 1 14621
-630071 48 1 2851
-639623 8704 1 439
-640055 4114 1 229
-657239 8 2 149 401
-658679 524292 1 1289
-662255 10 1 12041
-670439 12 1 8707
-691271 1060 1 157
-693191 33280 1 379
-710303 520 1 2083
-712079 32 1 41887
-712535 514 1 4597
-726119 0 2 587 1237
-745199 84 1 431
-766199 132 1 4759
-771311 512 2 139 179
-777455 8388614 1 229
-811103 526336 1 271
-814295 2 1 162859
-826511 262148 1 1663
-838127 0 2 487 1721
-882983 1048576 1 11177
-885143 516 1 4079
-903031 256 1 31139
-906743 256 1 31267
-915383 4 1 130769
-919007 1048576 1 11633
-927143 68 1 6971
-940103 0 2 193 4871
-942095 14 1 2447
-955871 68 1 7187
-958847 8320 1 887
-961655 2050 1 4691
-969527 2096 1 107
-972095 1048706 1 107
-996056 33554496 1 6553
-1005263 4 1 143609
-1011095 2 1 202219
-1022516 40 1 1367
-1022615 10 1 18593
-1025063 272 1 2719
-1025636 4329472 0
-1032836 4 1 36887
-1035284 131072 1 3863
-1036279 64 1 54541
-1045847 520 1 3067
-1050095 2 1 210019
-1053047 0 2 113 9319
-1057759 2048 1 25799
-1061576 67108864 1 132697
-1062095 2 1 212419
-1062983 0 2 137 7759
-1064687 16 1 81899
-1076207 8 2 227 431
-1085864 67125264 1 197
-1092983 128 1 47521
-1093343 0 2 127 8609
-1093351 132 1 6791
-1093583 64 1 57557
-1096039 4 1 156577
-1099703 8 2 257 389
-1101479 0 2 677 1627
-1108519 32 2 197 331
-1110164 136 1 1097
-1112216 33554436 1 19861
-1112327 32800 1 1109
-1118276 0 2 263 1063
-1122311 64 1 59069
-1132351 8 2 311 331
-1134335 258 1 7823
-1143695 2054 1 797
-1148264 67174416 1 181
-1148519 512 1 37049
-1149479 9216 1 661
-1151479 4 2 271 607
-1161023 1024 1 31379
-1174967 1048576 2 107 139
-1177879 32 2 193 359
-1178111 8 1 107101
-1182527 8912896 1 167
-1190276 768 1 331
-1198463 68 1 9011
-1200047 524320 1 967
-1202831 644 1 241
-1209416 67109136 1 401
-1212104 67108864 2 103 1471
-1216391 8 1 110581
-1220807 131140 1 137
-1226840 33554434 1 30671
-1233407 4 1 176201
-1234895 2 1 246979
-1240424 67117056 1 3299
-1243976 67108864 2 131 1187
-1255124 16 1 24137
-1259183 0 2 673 1871
-1262180 2 2 223 283
-1264471 144 1 4229
-1264703 8 1 114973
-1267079 8 2 127 907
-1276487 512 1 41177
-1277384 67108864 1 159673
-1289924 0 2 389 829
-1291247 4096 1 30029
-1294004 8192 1 6883
-1294127 0 2 227 5701
-1295855 10 1 23561
-1296695 2 1 259339
-1301735 2 2 139 1873
-1321343 16384 2 107 233
-1329319 0 2 157 8467
-1335176 67264512 0
-1339727 640 1 1879
-1346791 32 2 227 349
-1352324 0 2 149 2269
-1357135 18 1 20879
-1364567 1048704 1 751
-1378535 32770 1 4673
-1378711 0 2 1063 1297
-1383767 12 1 17971
-1386647 128 1 60289
-1389860 2 1 69493
-1393591 0 2 311 4481
-1399711 192 1 3203
-1401224 67108872 1 15923
-1405015 1048578 1 3557
-1408847 8 2 211 607
-1409807 4 1 201401
-1411463 0 2 281 5023
-1411943 16 2 313 347
-1412423 0 2 277 5099
-1412516 65540 1 827
-1416271 128 2 139 443
-1417064 67108872 1 16103
-1417535 16777222 1 401
-1429076 8 1 32479
-1432639 16 2 193 571
-1435279 64 1 75541
-1440164 262152 1 461
-1443704 33554432 1 180463
-1444415 6 1 41269
-1444895 2 1 288979
-1445204 16416 1 401
-1445576 67108872 1 16427
-1454479 16400 1 2111
-1454687 16 2 149 751
-1458935 2 2 431 677
-1459604 1049088 1 149
-1461383 12 1 18979
-1466663 8 2 151 883
-1472183 32 1 86599
-1473944 33554496 1 9697
-1478495 2 1 295699
-1481864 67108864 1 185233
-1487735 131074 1 4441
-1490719 2048 2 103 353
-1494536 67108864 2 127 1471
-1497287 1048584 1 1723
-1513039 8 2 263 523
-1526479 64 1 80341
-1535447 64 2 211 383
-1538719 1044 1 457
-1541816 33554944 1 6217
-1548215 4162 1 379
-1549727 0 2 683 2269
-1551047 73728 1 541
-1551319 12 1 20147
-1559060 2 2 137 569
-1562735 130 2 107 127
-1576376 33685536 1 173
-1576535 130 1 13709
-1587047 12 1 20611
-1587236 4 1 56687
-1587887 68 1 11939
-1590980 2 1 79549
-1602356 4194308 1 643
-1603415 10 1 29153
-1622327 36 1 13633
-1627304 67108868 1 29059
-1631119 4100 1 5419
-1635511 1024 1 44203
-1636004 16384 1 7717
-1647044 32772 1 997
-1648607 0 2 1277 1291
-1648676 0 2 349 1181
-1651727 76 1 1129
-1674356 64 1 22031
-1674743 4 2 419 571
-1681759 32 1 98927
-1681784 33554448 2 103 157
-1683380 524290 1 1153
-1690655 2 2 179 1889
-1693592 33554944 1 6829
-1696111 64 1 89269
-1697695 2 1 339539
-1713416 67108864 1 214177
-1717727 8 1 156157
-1718303 64 1 90437
-1719319 32900 1 181
-1726999 16777216 1 17099
-1728167 4 2 271 911
-1730807 272 1 4591
-1732655 17309698 0
-1741591 0 2 173 10067
-1744004 1048576 1 5519
-1744039 8 2 331 479
-1749380 130 1 3803
-1773079 12 1 23027
-1778180 131074 1 1327
-1778903 8196 1 5407
-1784084 0 2 577 773
-1786340 2 1 89317
-1795940 2 1 89797
-1802359 80 1 7297
-1810676 4 1 64667
-1813415 8388610 1 3739
-1830095 2 1 366019
-1835384 33554432 1 229423
-1838420 2 1 91921
-1848440 33554442 1 4201
-1853576 67108864 2 223 1039
-1853816 33558560 1 317
-1869439 56 1 769
-1874551 4 2 281 953
-1875871 0 2 719 2609
-1879784 69206080 1 149
-1884596 4 1 67307
-1888583 526336 1 631
-1892215 4114 1 677
-1897007 4 2 457 593
-1897076 512 1 15299
-1898095 10242 1 197
-1902116 0 1 475529
-1907543 72 1 9127
-1909304 50331680 1 139
-1915487 4 1 273641
-1916135 2066 1 719
-1919071 12 1 24923
-1921367 2097156 1 3307
-1921736 67117120 1 269
-1926727 262152 1 2467
-1930136 33685520 1 277
-1933111 256 2 191 349
-1937096 67108868 1 34591
-1942664 67108864 2 139 1747
-1947887 0 2 227 8581
-1947896 33554432 1 243487
-1948015 16386 1 7351
-1949479 4 1 278497
-1949983 8196 1 5927
-1951220 2 1 97561
-1953407 524288 1 26759
-1953704 67108864 2 103 2371
-1956559 2097160 1 2143
-1958456 33571328 1 149
-1967903 164 1 719
-1970276 12 1 6397
-1971335 20482 1 173
-1975016 67109120 1 8513
-1976264 68206592 0
-1977535 6 1 56501
-1981463 65544 1 2953
-1991219 64 1 104801
-1993592 33554432 1 249199
-1998895 16450 1 397
-2002916 0 1 500729
-2004143 16777216 1 19843
-2007368 67108872 1 22811
-2008772 256 1 17317
-2011304 67109024 1 643
-2016535 8194 1 8581
-2020135 18 1 31079
-2020772 16 1 38861
-2020916 64 1 26591
-2021911 0 2 571 3541
-2026855 2 2 109 3719
-2035544 33554436 2 163 223
-2038399 8 1 185309
-2039431 0 2 193 10567
-2042615 258 1 14087
-2045624 33554436 1 36529
-2047304 67108868 1 36559
-2048719 0 2 503 4073
-2049464 33554432 2 241 1063
-2053112 33554432 1 256639
-2053316 768 1 571
-2066455 262146 1 5821
-2081783 8 1 189253
-2084564 512 1 16811
-2087335 2 2 229 1823
-2088296 71303172 1 419
-2093191 4194560 1 811
-2093551 8388608 2 113 191
-2096551 4096 1 48757
-2098415 10 1 38153
-2104280 33554946 1 1697
-2108744 67109384 1 773
-2109023 516 1 9719
-2111444 0 2 137 3853
-2113316 0 1 528329
-2114815 2 2 229 1847
-2116292 0 2 317 1669
-2116616 67108864 1 264577
-2118344 67108864 1 264793
-2118728 67125312 1 263
-2124356 16 1 40853
-2129239 1028 1 8221
-2135480 33554434 2 197 271
-2135935 2 2 631 677
-2137735 386 1 641
-2141828 16 1 41189
-2149256 67126272 1 137
-2150564 16 1 41357
-2150935 514 1 13877
-2155124 2080 1 773
-2160356 1032 1 1327
-2164931 0 2 107 20233
-2175679 2097160 1 2383
-2182004 16777224 1 491
-2182231 0 2 601 3631
-2189135 18 1 33679
-2189480 67108866 2 127 431
-2192959 0 2 137 16007
-2193503 16 1 168731
-2200040 67108866 1 55001
-2200820 34 1 6473
-2201240 33554434 2 113 487
-2202356 2064 1 1033
-2205743 512 1 71153
-2208776 67108896 2 109 149
-2215343 80 1 8969
-2216695 131090 1 509
-2229092 0 1 557273
-2234423 16777216 1 22123
-2234456 33554436 1 39901
-2235895 2 1 447179
-2243156 4194304 1 6301
-2248760 33554466 1 3307
-2249239 192 1 5147
-2258420 2 1 112921
-2258840 33554434 2 149 379
-2259751 16 1 173827
-2261060 2 2 131 863
-2261239 0 2 401 5639
-2261543 512 1 72953
-2262836 32 2 107 311
-2265167 1064960 1 541
-2265559 0 2 509 4451
-2269448 67109376 1 9151
-2271319 1184 1 157
-2271895 2 1 454379
-2274055 4102 1 1511
-2278004 512 1 18371
-2279384 33816576 1 4013
-2282552 33556480 1 6959
-2283295 4194310 1 733
-2292031 4 1 327433
-2292680 67108882 1 4409
-2299855 4162 1 563
-2301047 4 1 328721
-2303684 0 1 575921
-2307383 144 1 7717
-2311172 0 2 223 2591
-2314091 1072 1 283
-2317471 4194320 1 2003
-2321015 258 1 16007
-2321444 0 1 580361
-2322655 194 1 1063
-2323304 67118080 1 167
-2323316 0 2 181 3209
-2325847 64 2 163 751
-2333191 4 2 149 2237
-2333215 514 1 15053
-2334727 0 2 431 5417
-2335940 2 1 116797
-2336984 33554576 1 977
-2341940 66 1 6163
-2348180 2 2 137 857
-2348696 33554436 1 41941
-2350820 2 1 117541
-2352164 1152 1 691
-2354564 0 1 588641
-2356255 10 1 42841
-2357528 33619968 1 4831
-2367716 16 1 45533
-2367896 33554592 1 757
-2371859 32772 1 5743
-2372671 131076 1 5059
-2372756 0 2 421 1409
-2374676 0 2 139 4271
-2377399 32 2 109 1283
-2379620 4098 1 2767
-2383496 67108864 2 251 1187
-2384959 0 2 389 6131
-2386904 33587216 1 389
-2393924 80 1 2423
-2396120 33555458 1 1619
-2396863 4100 1 7963
-2397320 67633154 1 821
-2406271 4 2 379 907
-2413015 524298 1 601
-2414084 0 1 603521
-2415439 4368 1 149
-2416999 16 1 185923
-2424260 8194 1 2579
-2429191 640 1 3407
-2429576 69206016 1 3659
-2432564 2097184 1 431
-2433899 16 1 187223
-2439647 8388612 1 3593
-2442799 524288 2 109 307
-2445299 131072 1 36497
-2450239 264 1 7681
-2451559 790536 0
-2461639 0 2 1033 2383
-2461844 12 1 7993
-2466260 2 2 317 389
-2468276 1572864 1 107
-2470007 0 2 421 5867
-2473064 67108872 2 157 179
-2473735 2058 1 1097
-2477383 256 1 85427
-2478644 4 1 88523
-2485160 67108866 1 62129
-2495048 67108864 1 311881
-2496439 8 2 127 1787
-2496535 162 1 1277
-2497087 128 2 151 719
-2497640 67108898 1 3673
-2501384 67108864 1 312673
-2503303 4194312 1 2557
-2505179 0 2 811 3089
-2513359 0 2 359 7001
-2513588 12 1 8161
-2519732 0 2 661 953
-2529416 67108864 1 316177
-2535419 0 2 499 5081
-2541668 16448 1 631
-2541799 144 1 8501
-2545544 67108928 1 16747
-2546983 262400 1 1237
-2550079 8324 1 337
-2568452 0 1 642113
-2569256 67108928 1 16903
-2573192 67108864 2 263 1223
-2573396 524292 1 1259
-2579240 67108898 1 3793
-2581111 16 2 367 541
-2582695 2 1 516539
-2584436 40960 1 233
-2593591 28 1 2591
-2599399 131080 1 3527
-2602964 20 1 7151
-2604751 256 1 89819
-2614724 4 1 93383
-2619764 4 1 93563
-2623064 33554496 1 17257
-2637179 0 2 443 5953
-2638376 67109008 1 1103
-2639540 2 2 271 487
-2642408 67108864 2 557 593
-2644664 33556488 1 733
-2645671 4 2 151 2503
-2651099 40 1 14177
-2651935 26 1 3709
-2652971 4096 2 103 599
-2653487 4224 1 2683
-2655464 67108868 1 47419
-2660431 256 2 199 461
-2661527 8 2 131 1847
-2662868 2064 1 1249
-2668856 33554432 2 449 743
-2669651 0 2 461 5791
-2672791 40 1 14293
-2674580 2 2 173 773
-2676131 65600 1 2309
-2678996 32 1 39397
-2679527 0 2 431 6217
-2681599 262144 2 179 211
-2683880 67108866 2 229 293
-2703463 4 2 467 827
-2703991 2048 1 65951
-2705912 41943048 1 317
-2709731 22784 0
-2711204 0 2 149 4549
-2711396 0 2 367 1847
-2711455 2 2 239 2269
-2714180 6 1 19387
-2714939 0 2 691 3929
-2716388 8388608 1 7001
-2722111 8388676 1 211
-2725268 20 1 7487
-2726468 0 2 479 1423
-2727731 128 2 233 509
-2728327 4 1 389761
-2738696 67108864 1 342337
-2749736 67108872 1 31247
-2750276 16384 1 12973
-2750660 10 1 12503
-2759240 67108874 1 6271
-2759576 33554464 2 103 197
-2760356 0 1 690089
-2765048 33554456 1 2417
-2767567 136 1 10939
-2767844 1048640 1 461
-2768744 67633160 1 431
-2774372 256 1 23917
-2779208 67108864 1 347401
-2781380 6 1 19867
-2786948 0 1 696737
-2787295 8388614 1 821
-2788868 0 1 697217
-2790212 0 1 697553
-2790728 67109248 1 523
-2797519 0 2 1171 2389
-2801071 20 1 30781
-2803159 2097152 1 33773
-2807183 0 2 367 7649
-2808151 0 2 1319 2129
-2808871 16 2 433 499
-2813156 0 2 647 1087
-2814884 0 1 703721
-2815159 4202496 1 673
-2816359 20 1 30949
-2816696 33554464 2 139 149
-2823944 67108864 2 107 3299
-2824039 2048 1 68879
-2824471 16 2 167 1301
-2829895 2 1 565979
-2830856 67108868 1 50551
-2833544 67108868 1 50599
-2836495 1052674 1 167
-2836580 2 1 141829
-2837924 128 2 109 283
-2839268 0 1 709817
-2839331 8 2 359 719
-2839364 8200 1 1373
-2853284 4 2 181 563
-2854159 16777228 1 367
-2854244 0 2 149 4789
-2861060 2 1 143053
-2863735 38 1 4813
-2863832 35651648 1 227
-2871428 4 1 102551
-2873771 65536 1 47111
-2882756 2097216 1 457
-2885503 0 2 157 18379
-2891876 80 1 2927
-2892356 0 1 723089
-2900939 64 1 152681
-2903108 16 1 55829
-2903119 262656 1 1319
-2905160 67141634 1 1231
-2905859 8 1 264169
-2906840 33554434 1 72671
-2913716 16 2 137 409
-2914691 16 2 139 1613
-2914951 144 1 9749
-2914952 67108864 2 199 1831
-2919992 33554432 2 383 953
-2926495 26 1 4093
-2927060 34 1 8609
-2929976 33554436 1 52321
-2931271 16388 1 7901
-2934491 516 1 13523
-2936431 1088 1 4177
-2943704 33562624 1 7829
-2943896 33554432 2 151 2437
-2947615 10 1 53593
-2948455 2 2 491 1201
-2949391 8192 1 62753
-2950964 0 2 313 2357
-2954119 4 2 503 839
-2955140 2 2 139 1063
-2957336 41944064 1 103
-2960216 33554436 1 52861
-2962471 32 1 174263
-2963219 1060 1 673
-2968495 2097282 1 311
-2968964 0 1 742241
-2970680 33554562 1 3229
-2970980 2 1 148549
-2973823 64 2 281 557
-2975455 6 2 151 563
-2976932 4 1 106319
-2977279 132096 1 1201
-2977880 33554434 2 109 683
-2978996 65792 1 421
-2982847 8388740 1 191
-2986255 65538 1 9791
-2990324 2097152 1 9007
-2991751 131076 1 6379
-2997007 16 1 230539
-2998724 0 2 127 5903
-2999864 33554436 1 53569
-3002219 8200 1 5807
-3002311 16 2 157 1471
-3003272 69206016 1 4523
-3006703 4 1 429529
-3008360 67108866 1 75209
-3009524 68 1 5657
-3017531 136 1 11927
-3017972 256 1 26017
-3019112 67108864 2 107 3527
-3019859 4194304 1 33931
-3026168 33558592 1 463
-3026407 0 2 1621 1867
-3028711 67588 1 173
-3031495 2 1 606299
-3032456 67108868 1 54151
-3033124 0 2 613 1237
-3033464 33554500 1 2851
-3034135 18 1 46679
-3034447 16 1 233419
-3040856 33554452 1 4177
-3042872 33685508 1 811
-3043124 4 2 251 433
-3045991 4112 1 5449
-3056312 33554436 1 54577
-3062216 67108864 1 382777
-3062516 288 1 1553
-3063704 33554436 1 54709
-3065071 4194304 1 34439
-3067172 0 1 766793
-3073039 32 2 163 1109
-3073327 0 2 467 6581
-3080551 128 2 151 887
-3089863 772 1 491
-3092459 8256 1 3463
-3095743 4 2 467 947
-3098695 2 1 619739
-3100859 5120 1 1949
-3103304 67108864 1 387913
-3106088 67108864 2 157 2473
-3107167 4 1 443881
-3113732 0 2 311 2503
-3115327 128 1 135449
-3121135 1026 1 16871
-3127220 2 1 156361
-3129620 18 1 12037
-3131071 32768 1 53069
-3134360 33554434 2 127 617
-3138884 4 1 112103
-3143204 0 1 785801
-3149060 66 1 8287
-3151220 2 1 157561
-3151748 65536 1 12917
-3151832 33817088 1 179
-3151940 10 1 14327
-3153491 36872 1 113
-3154772 16512 1 647
-3161263 4 1 451609
-3161672 67108992 1 17183
-3162655 2 2 281 2251
-3164360 67108866 2 239 331
-3165659 4 2 137 3301
-3166399 1048576 2 149 269
-3167096 33554432 1 395887
-3167579 0 2 163 19433
-3167960 33554690 1 2731
-3173051 4 1 453293
-3174155 34 2 107 349
-3174679 512 1 102409
-3177716 0 2 631 1259
-3185071 1024 1 86083
-3190052 0 2 613 1301
-3202159 0 2 149 21491
-3204607 1028 1 12373
-3205352 67141632 1 6791
-3211855 66 1 33809
-3212915 34 1 37799
-3215780 2 1 160789
-3222404 1024 1 21773
-3225079 88 1 1187
-3226328 33554468 1 3389
-3227108 0 2 167 4831
-3230468 1048576 1 10223
-3231055 2 2 139 4649
-3231236 0 1 807809
-3242287 384 1 4861
-3243103 4096 2 199 379
-3246596 0 1 811649
-3247495 2 1 649499
-3249031 393216 1 683
-3249512 67108868 1 58027
-3251959 0 2 409 7951
-3251972 0 2 577 1409
-3255368 67108864 2 107 3803
-3255895 2 1 651179
-3256760 33554450 1 6263
-3262136 33554560 1 17729
-3263288 33554500 1 3067
-3264659 65536 2 109 491
-3266056 67108864 2 631 647
-3266228 4 2 157 743
-3267716 0 1 816929
-3279608 33554432 1 409951
-3281540 8194 1 3491
-3286591 12 1 42683
-3292724 0 2 367 2243
-3297620 2 1 164881
-3299396 128 1 35863
-3300020 2 1 165001
-3306247 68 1 24859
-3308863 32 2 151 1289
-3312251 64 1 174329
-3313652 512 1 26723
-3316820 18 1 12757
-3317924 32800 1 827
-3321016 33554560 1 18049
-3322724 0 2 311 2671
-3328232 67108864 2 541 769
-3329240 33554434 1 83231
-3331327 64 1 175333
-3331604 262144 1 11731
-3331879 0 2 359 9281
-3335684 8200 1 1613
-3338219 4352 1 2677
-3343399 16384 2 199 317
-3348260 2 1 167413
-3349979 0 2 631 5309
-3350264 33554432 1 418783
-3351236 4 1 119687
-3355652 0 1 838913
-3356888 33554464 1 24683
-3359876 16 1 64613
-3361412 0 1 840353
-3362708 1024 1 22721
-3365012 8196 1 2557
-3367691 1056768 1 907
-3370292 0 2 359 2347
-3370399 0 2 1523 2213
-3370499 8 2 131 2339
-3376135 6 1 96461
-3378271 16 1 259867
-3378728 67110912 1 10301
-3379928 33554432 2 647 653
-3383579 0 2 223 15173
-3385567 32 1 199151
-3385619 0 2 1201 2819
-3391688 67108864 1 423961
-3394772 65536 1 13913
-3395171 16 1 261167
-3401624 33554432 2 449 947
-3407336 83886080 1 4217
-3407903 0 2 197 17299
-3411079 4 2 419 1163
-3411620 4098 1 3967
-3412379 2097152 1 41113
-3412568 33554432 2 163 2617
-3413636 0 2 173 4933
-3413935 6 2 103 947
-3415940 10 1 15527
-3419876 36864 1 337
-3419983 4 2 127 3847
-3420731 0 2 1223 2797
-3422695 131106 1 601
-3428552 67108864 1 428569
-3432299 2097168 1 3181
-3435092 0 2 223 3851
-3437071 2056 1 7621
-3437540 2 1 171877
-3439592 67108880 1 33073
-3449288 67113984 1 271
-3453044 4 1 123323
-3454196 1048608 1 643
-3455071 0 2 557 6203
-3455215 262146 1 9733
-3455828 32 1 50821
-3457460 34 1 10169
-3459007 96 1 10709
-3459140 66 1 9103
-3462392 33554432 1 432799
-3462584 33562624 1 9209
-3465896 67141636 1 1049
-3466520 34603010 1 1097
-3467815 530 1 1721
-3475844 512 1 28031
-3477476 0 1 869369
-3479048 67108864 1 434881
-3480404 16384 1 16417
-3484615 130 2 157 193
-3485959 0 2 1249 2791
-3491215 22 1 7673
-3493691 16777216 1 34591
-3493880 33554450 1 6719
-3494168 33562624 1 9293
-3497684 1024 1 23633
-3499396 0 2 823 1063
-3503051 532480 1 1021
-3504007 16 1 269539
-3505495 8198 1 2131
-3505652 64 2 193 239
-3507295 4106 1 1483
-3508183 4 2 151 3319
-3510895 2 1 702179
-3513391 40964 1 181
-3515699 264 2 103 107
-3517499 0 2 379 9281
-3519659 24 2 151 163
-3520772 1024 1 23789
-3521240 33562626 1 1873
-3522728 67108872 1 40031
-3527887 8 2 137 2341
-3530743 0 2 163 21661
-3535495 2 1 707099
-3539335 8194 1 15061
-3541303 524288 2 139 349
-3548072 67109000 1 1753
-3548408 33554432 1 443551
-3548552 67108868 1 63367
-3549655 514 1 22901
-3552248 33554436 2 229 277
-3552511 128 2 257 601
-3553064 69206016 1 5351
-3553256 67108868 2 107 593
-3556264 68157472 1 331
-3561656 33554436 1 63601
-3564068 0 1 891017
-3568388 0 1 892097
-3573224 67108864 2 317 1409
-3574820 8194 1 3803
-3575156 16 2 197 349
-3575288 33554432 1 446911
-3576251 1048836 1 223
-3579655 2 2 379 1889
-3581720 33554434 2 151 593
-3586520 33554438 1 12809
-3590791 96 1 11117
-3591716 8388608 1 9257
-3593983 2117696 0
-3594440 67108994 1 3907
-3594488 33554432 1 449311
-3594679 8 2 139 2351
-3597583 8 2 251 1303
-3600703 0 2 457 7879
-3601015 10 2 233 281
-3601811 64 2 163 1163
-3607379 0 2 769 4691
-3609895 2 1 721979
-3610015 2 2 739 977
-3610436 0 2 607 1487
-3611143 0 2 107 33749
-3611167 260 1 17789
-3615247 0 2 1009 3583
-3618248 67117056 1 9623
-3619447 16 2 433 643
-3620807 1048576 1 45833
-3622820 2 1 181141
-3631172 0 1 907793
-3632095 2 1 726419
-3633223 40 1 19429
-3634328 33554464 1 26723
-3635960 33554466 1 5347
-3637495 2 1 727499
-3639751 32 2 251 853
-3642548 20 1 10007
-3643748 0 2 293 3109
-3644612 0 2 193 4721
-3647972 0 2 839 1087
-3650215 130 1 31741
-3650531 1024 1 98663
-3650888 67108928 1 24019
-3651655 16777222 1 1033
-3653876 0 2 193 4733
-3655211 4 2 113 4621
-3656143 0 2 467 7829
-3656216 33818624 1 157
-3657236 4104 1 1933
-3657727 2097152 2 127 347
-3658952 67108872 1 41579
-3658964 1048576 1 11579
-3659636 2621440 1 151
-3662863 0 2 1319 2777
-3673543 131072 1 54829
-3675284 1088 1 1307
-3677047 8 2 223 1499
-3678248 67108932 1 3457
-3682904 33554432 2 613 751
-3687751 128 2 223 719
-3688040 67108866 2 137 673
-3688868 0 1 922217
-3689383 16384 2 151 461
-3690799 4 2 103 5119
-3692360 67108870 1 13187
-3693415 10 1 67153
-3695171 32 1 217363
-3698915 10 2 109 617
-3713047 40976 1 103
-3715940 2 1 185797
-3719672 33558536 1 983
-3723368 67109128 1 1459
-3727832 33619968 1 7639
-3731396 8421376 1 163
-3733336 41943072 1 283
-3733567 128 2 271 599
-3735035 514 1 24097
-3737503 12 1 48539
-3739015 6 2 317 337
-3745028 4 2 131 1021
-3747572 0 2 233 4021
-3748964 0 1 937241
-3749636 520 1 2749
-3754855 65554 1 947
-3757951 1048576 1 47569
-3759380 34 1 11057
-3760868 128 1 40879
-3762535 6 2 193 557
-3771368 67108864 2 197 2393
-3773335 16642 1 491
-3774296 33557504 1 311
-3784820 18 1 14557
-3785060 2 1 189253
-3785336 33554432 1 473167
-3795727 16 1 291979
-3797051 3072 1 2503
-3797192 67108868 1 67807
-3799544 33554500 1 3571
-3800468 4 1 135731
-3800504 33554432 2 271 1753
-3801560 33554438 1 13577
-3802135 2082 1 1091
-3804824 33554432 2 179 2657
-3804980 2 1 190249
-3805111 64 2 271 739
-3805864 67108864 2 281 1693
-3808811 16781312 1 877
-3811811 2048 2 239 389
-3816007 560 1 557
-3819080 67108866 2 307 311
-3821012 16 2 197 373
-3822244 16777216 1 9461
-3823112 67108864 2 223 2143
-3826619 64 1 201401
-3828295 2 1 765659
-3828980 2 1 191449
-3830408 67108864 1 478801
-3831035 50 1 3467
-3832211 1048576 2 179 271
-3833335 10 1 69697
-3833819 8 2 167 2087
-3834980 2 1 191749
-3841988 0 1 960497
-3845444 0 2 173 5557
-3845768 67108864 2 647 743
-3847112 67111936 1 317
-3855655 262146 1 10861
-3861631 128 2 379 443
-3862979 2048 1 94219
-3865979 16912 1 181
-3868351 0 2 317 12203
-3872120 33554438 1 13829
-3875464 67371008 1 6823
-3877064 67109056 1 1109
-3878503 512 1 125113
-3882104 33554432 1 485263
-3883955 16777218 1 7691
-3884648 67108864 2 277 1753
-3885299 1048616 1 263
-3886232 33554692 1 2393
-3886856 67112960 1 11299
-3891860 6 1 27799
-3893767 0 2 419 9293
-3895748 0 2 229 4253
-3896648 67108868 2 149 467
-3899192 33587208 1 751
-3899528 67125280 1 541
-3901844 0 2 487 2003
-3903668 8388608 1 10061
-3908431 0 2 313 12487
-3911695 2 1 782339
-3912799 8 2 227 1567
-3914552 34078720 1 6703
-3914935 4098 2 131 139
-3916292 512 1 31583
-3917816 33558532 1 1627
-3917960 67110914 1 2389
-3920852 16 1 75401
-3921092 4 2 131 1069
-3922664 67108928 2 131 197
-3925412 0 2 503 1951
-3925687 8388608 1 40471
-3926360 33554434 2 103 953
-3927895 2 1 785579
-3929108 32 1 57781
-3941252 4 1 140759
-3942799 4100 1 13099
-3946111 16 1 303547
-3950891 4 2 223 2531
-3955019 16384 1 74623
-3956168 67108864 1 494521
-3956623 2568 1 283
-3957368 33554432 1 494671
-3966371 16777216 2 173 227
-3973268 16 2 109 701
-3977287 2048 1 97007
-3978296 33554500 1 3739
-3978367 0 2 107 37181
-3981560 33554442 1 9049
-3982040 33554434 1 99551
-3983887 8519680 1 613
-3987011 4 1 569573
-3987487 132 1 24767
-3988183 32 1 234599
-3991924 16779264 1 241
-3994376 67108864 2 223 2239
-3995384 33554432 1 499423
-3996295 2 1 799259
-3996299 0 2 181 22079
-3998891 16 2 139 2213
-3999812 0 1 999953
-4000036 0 2 293 3413
-4009352 67108864 2 151 3319
-4011491 131080 1 5443
-4012964 0 1 1003241
-4018340 2 2 331 607
-4020484 16 1 77317
-4021303 65560 1 461
-4026728 67125248 1 9497
-4028167 56 1 1657
-4028719 0 2 853 4723
-4031048 67108868 1 71983
-4033303 128 1 175361
-4033544 67108864 2 571 883
-4034051 4 1 576293
-4038020 6 1 28843
-4040815 34 2 137 347
-4048628 0 2 149 6793
-4054088 67108864 2 331 1531
-4056008 67108872 1 46091
-4059635 66 2 151 283
-4061828 0 2 541 1877
-4063087 4 2 263 2207
-4066820 2 1 203341
-4067480 33619970 1 1667
-4069211 1048640 1 2711
-4070072 33554464 1 29927
-4071332 1024 1 27509
-4073099 0 2 419 9721
-4074872 33554432 1 509359
-4078015 130 1 35461
-4082695 2 1 816539
-4083316 256 1 35201
-4088359 8 1 371669
-4091699 0 2 421 9719
-4093796 4 2 293 499
-4094888 69206020 1 881
-4096328 67108864 2 151 3391
-4098920 67108870 1 14639
-4101535 2 2 883 929
-4103771 4 2 107 5479
-4105544 67182592 1 179
-4108280 33554442 1 9337
-4109095 2 1 821819
-4109215 10 1 74713
-4113319 4 1 587617
-4114019 16404 1 853
-4115912 67109120 2 113 157
-4117508 5120 1 647
-4117988 65540 1 2411
-4119428 131136 1 809
-4120495 2 1 824099
-4121828 256 1 35533
-4122392 33555520 1 733
-4123807 0 2 271 15217
-4125539 8 1 375049
-4126499 1168 1 373
-4127071 16 2 167 1901
-4132760 33554434 1 103319
-4133492 1032 1 2539
-4142047 148 1 1979
-4145540 6 1 29611
-4147259 0 2 1699 2441
-4150136 33554432 1 518767
-4152008 67108868 1 74143
-4157912 33555464 1 1277
-4159624 67108868 1 74279
-4160312 33554448 2 109 367
-4161491 0 2 311 13381
-4164971 64 2 223 983
-4165508 0 2 383 2719
-4165739 0 2 229 18191
-4166771 4 1 595253
-4166888 67108872 1 47351
-4167079 4 2 269 2213
-4170724 0 1 1042681
-4171735 66 1 43913
-4172120 33555458 1 2819
-4172180 2 1 208609
-4174019 262144 1 58789
-4177951 65536 1 68491
-4178503 4 1 596929
-4183331 1024 1 113063
-4183796 0 2 307 3407
-4187071 4 2 587 1019
-4190360 33554434 1 104759
-4194751 264200 1 131
-4197032 67108868 2 149 503
-4202852 0 1 1050713
-4203668 4 1 150131
-4203755 1538 1 733
-4205411 2052 1 14653
-4208024 33619968 1 8623
-4208228 0 2 157 6701
-4209752 34603008 1 6661
-4210543 32 2 233 1063
-4211503 2097152 1 50741
-4211912 67108864 2 131 4019
-4212632 33554432 2 109 4831
-4215080 67108866 2 167 631
-4217219 2048 1 102859
-4218248 67108864 1 527281
-4221919 16 1 324763
-4223864 33554432 1 527983
-4224755 162 1 2161
-4228280 33554438 1 15101
-4233439 4 2 709 853
-4237091 4096 2 211 467
-4240327 52 1 2741
-4248179 16 2 229 1427
-4249892 256 1 36637
-4253044 1052672 1 313
-4253732 4100 1 3533
-4254212 0 1 1063553
-4254371 1032 1 10453
-4254899 8 1 386809
-4257251 16842752 1 691
-4259339 4 2 619 983
-4260404 32 1 62653
-4262612 64 1 56087
-4263635 8421378 1 149
-4264615 264194 1 293
-4266223 16 1 328171
-4266251 520 1 12511
-4268804 262144 1 15031
-4269124 0 2 277 3853
-4271444 0 2 977 1093
-4272583 4 2 467 1307
-4272779 132 1 26539
-4274215 10 1 77713
-4277240 33554442 1 9721
-4278295 6 2 251 487
-4278308 0 1 1069577
-4283480 33554434 2 173 619
-4283636 32772 1 2593
-4287560 67109890 1 2897
-4289699 524288 1 58763
-4292180 2 2 317 677
-4293611 16777220 1 6073
-4294052 4 1 153359
-4297156 0 1 1074289
-4299572 16416 1 1193
-4299656 67113216 1 431
-4300019 0 2 137 31387
-4303423 524288 2 167 353
-4304468 36 1 9043
-4305151 8388608 1 44383
-4306091 16384 2 113 719
-4306724 0 2 557 1933
-4308967 16 2 461 719
-4311764 128 1 46867
-4314836 16384 1 20353
-4316315 2 2 257 3359
-4318783 8196 1 13127
-4324327 4 1 617761
-4324639 6152 1 223
-4327979 160 1 11069
-4329140 2 2 233 929
-4331684 131076 1 2309
-4333931 4 2 103 6011
-4333955 514 1 27961
-4334228 4096 2 113 223
-4335124 8388608 1 11173
-4335991 4198408 1 103
-4335992 33554432 1 541999
-4336340 2 2 157 1381
-4337099 16 1 333623
-4338920 67239938 1 1619
-4342712 33619976 1 809
-4343051 0 2 331 13121
-4344559 64 2 251 911
-4344968 67108864 2 467 1163
-4347299 136 1 17183
-4350299 0 3 107 109 373
-4354735 14 1 11311
-4357124 0 2 853 1277
-4358935 6 1 124541
-4359271 4 2 401 1553
-4360328 67108868 1 77863
-4362260 6 1 31159
-4363928 33555584 1 641
-4364555 2097170 1 809
-4369460 2 2 197 1109
-4371764 0 2 397 2753
-4371899 516 1 20147
-4376623 0 2 479 9137
-4378015 2 2 103 8501
-4379672 33554440 2 157 317
-4381019 32 1 257707
-4381816 33554432 1 547727
-4382612 16 2 271 311
-4386203 0 2 479 9157
-4389284 0 1 1097321
-4390532 0 1 1097633
-4390571 16777472 1 1499
-4393595 2 1 878719
-4395512 33554440 2 199 251
-4396580 2 1 219829
-4399231 262144 1 61961
-4399379 32 1 258787
-4400536 33554436 2 179 439
-4405268 4 2 131 1201
-4406708 192 1 2521
-4411735 2 2 313 2819
-4412024 33554432 1 551503
-4413127 0 2 1987 2221
-4413188 16 1 84869
-4413731 32772 1 10687
-4415887 4 1 630841
-4417892 32 1 64969
-4418099 4 1 631157
-4424095 274 1 2347
-4424824 33554432 1 553103
-4428011 12292 1 313
-4429688 34607104 1 163
-4433095 2 1 886619
-4434899 4 2 227 2791
-4440827 1179648 1 839
-4449128 67108864 2 421 1321
-4450472 67108880 1 42793
-4455608 33554432 2 241 2311
-4463348 0 2 233 4789
-4463432 67108864 2 131 4259
-4464740 6 1 31891
-4464884 32768 1 18919
-4468595 2 1 893719
-4472531 4 1 638933
-4473755 26 1 6257
-4474904 33556484 1 1949
-4476703 8204 1 1237
-4478603 0 2 1811 2473
-4482008 33554688 1 19319
-4483508 262144 1 15787
-4483796 0 2 103 10883
-4487023 0 2 1009 4447
-4488415 2 2 521 1723
-4489859 8 1 408169
-4492303 832 1 263
-4493167 4 1 641881
-4493464 33554560 1 24421
-4501748 0 2 563 1999
-4503655 18 2 193 359
-4506395 2 1 901279
-4508527 0 2 1847 2441
-4509199 32 1 265247
-4514099 0 2 1979 2281
-4516211 132 1 28051
-4517192 69206016 1 6803
-4518548 256 1 38953
-4519112 67108944 1 2287
-4520408 33554432 2 547 1033
-4520852 4 1 161459
-4521272 33554436 1 80737
-4523095 2 1 904619
-4529476 2097156 1 1949
-4532180 2 1 226609
-4533380 2 1 226669
-4534687 524288 1 62119
-4537640 67108898 1 6673
-4538915 131106 1 797
-4539848 67110912 1 13841
-4541348 32772 1 2749
-4545272 34082816 1 181
-4546472 67108932 1 4273
-4547464 67108864 1 568433
-4548827 2048 1 110947
-4549063 0 2 479 9497
-4549615 4102 1 3023
-4551295 6 2 109 1193
-4552568 33554432 1 569071
-4552712 67108992 2 109 227
-4553108 4 1 162611
-4556479 0 2 1543 2953
-4556699 2052 1 15877
-4561207 260 1 22469
-4563428 0 2 431 2647
-4563727 516 1 21031
-4564340 10 1 20747
-4564760 33554434 2 139 821
-4567156 136 1 4513
-4567784 67108880 2 167 263
-4571119 4 2 379 1723
-4572008 67108932 1 4297
-4576019 4 2 139 4703
-4577171 0 2 797 5743
-4578659 0 2 103 44453
-4579304 67117120 1 641
-4580243 8388736 1 2053
-4583167 0 2 113 40559
-4584703 4096 1 106621
-4585112 33556484 1 1997
-4586887 131072 2 223 307
-4587535 546 1 1741
-4595503 8 1 417773
-4598792 67108872 1 52259
-4609892 65540 1 2699
-4611899 256 2 109 1459
-4612735 2 2 863 1069
-4615499 68 1 34703
-4622527 1048596 1 643
-4622839 144 1 15461
-4623299 32896 1 3407
-4631528 67108872 1 52631
-4633447 32788 1 863
-4633592 33554432 1 579199
-4635380 16386 1 4373
-4636715 2 2 601 1543
-4640939 0 2 787 5897
-4643540 10 1 21107
-4643656 67112960 1 13499
-4644212 0 2 131 8863
-4644967 65536 1 76147
-4646119 256 2 151 1061
-4650179 2304 1 3911
-4650212 68 1 8741
-4650655 2 2 911 1021
-4651460 10 1 21143
-4660111 64 1 245269
-4662008 33554576 1 1949
-4662655 2 2 941 991
-4662932 131072 2 127 137
-4662991 0 2 283 16477
-4663940 130 1 10139
-4664228 0 1 1166057
-4672280 33554466 1 6871
-4673896 69206016 1 7039
-4674980 130 1 10163
-4678004 8192 2 149 167
-4679195 2 1 935839
-4688383 68 1 35251
-4690340 66 1 12343
-4692392 67108928 1 30871
-4692415 22 1 10313
-4696088 33554432 2 131 4481
-4696772 0 1 1174193
-4697288 67110912 1 14321
-4697912 33554432 2 151 3889
-4699624 67117312 1 431
-4701512 67108928 1 30931
-4707064 33554432 1 588383
-4711028 4 2 311 541
-4714015 546 1 1789
-4716247 512 2 167 911
-4717735 522 1 2767
-4718164 8 2 157 683
-4720036 0 1 1180009
-4723567 131072 1 70501
-4724132 4 1 168719
-4725704 67108864 1 590713
-4728271 128 2 167 1231
-4733780 1026 1 6397
-4735892 1048580 1 2141
-4737668 528 1 2939
-4741096 67371040 1 491
-4746136 33554432 2 383 1549
-4747460 2 1 237373
-4747567 8 1 431597
-4754356 32 2 139 503
-4755779 132 2 109 271
-4757348 4128 1 1627
-4760132 16 1 91541
-4763579 0 2 443 10753
-4765739 8 1 433249
-4767560 67108870 1 17027
-4768423 8390664 1 109
-4768591 131072 2 103 691
-4774276 16 1 91813
-4774328 33554704 1 1583
-4780744 67108864 1 597593
-4785176 33554440 1 54377
-4787167 12 1 62171
-4787336 67108896 1 35201
-4788136 67113472 1 449
-4789379 260 1 23593
-4789663 16384 1 90371
-4792955 16777218 1 9491
-4793047 4 2 613 1117
-4794179 16 1 368783
-4795688 67110912 1 14621
-4797316 0 1 1199329
-4798388 4 2 409 419
-4801220 131074 1 3583
-4801571 0 2 1063 4517
-4802404 0 2 151 7951
-4804760 33554434 2 113 1063
-4810015 16390 1 2593
-4810628 4194304 1 13513
-4813576 67108864 1 601697
-4821140 2 2 193 1249
-4823531 131072 1 71993
-4826935 262146 1 13597
-4829252 0 1 1207313
-4833491 48 1 21871
-4837940 262146 1 3407
-4840835 34 1 56951
-4841476 0 1 1210369
-4842872 33554496 2 151 211
-4851779 16896 1 2953
-4852040 83886082 1 1201
-4857080 33554946 1 3917
-4859780 2 1 242989
-4859887 0 2 383 12689
-4860008 67108864 2 163 3727
-4863128 33689600 1 211
-4864520 67109378 1 3923
-4864952 33554432 2 367 1657
-4865972 128 2 227 233
-4871108 8 2 149 743
-4873448 67113472 1 457
-4876024 33554432 1 609503
-4880132 0 2 223 5471
-4882303 0 3 103 107 443
-4883411 16 1 375647
-4883492 512 1 39383
-4883716 256 1 42101
-4886020 2 1 244301
-4888499 12 1 63487
-4889192 67108876 1 7937
-4891135 2 2 239 4093
-4891208 67108932 1 4597
-4891892 64 2 191 337
-4892612 2048 1 29833
-4897928 67108868 2 149 587
-4899124 32768 1 20759
-4900520 83886082 1 1213
-4902452 2048 2 167 179
-4902776 33554432 1 612847
-4902932 0 2 271 4523
-4915543 262144 1 69233
-4916647 32768 2 167 499
-4918595 1034 1 2417
-4918628 24 1 8599
-4920872 67108872 2 199 281
-4922168 41943040 1 6343
-4922407 4 2 139 5059
-4924955 6 2 223 631
-4925624 33554440 2 223 251
-4929080 33554450 1 9479
-4930324 1028 1 4759
-4931503 0 2 1259 3917
-4932740 2 1 246637
-4935151 48 2 137 163
-4936052 40 1 6599
-4936148 260 1 6079
-4937476 0 2 709 1741
-4937912 33554436 1 88177
-4938980 4098 1 5743
-4940584 67109000 1 2441
-4945039 8 1 449549
-4948667 4194304 1 55603
-4950751 16 2 229 1663
-4953611 16 1 381047
-4956392 67239940 1 1321
-4958660 6 1 35419
-4960744 69206528 1 241
-4962515 66 1 52237
-4963543 16 2 173 2207
-4966660 2 2 103 2411
-4971428 12 1 16141
-4972504 33555456 2 107 157
-4976455 10 1 90481
-4976840 67108874 1 11311
-4979315 10 1 90533
-4982143 0 2 709 7027
-4984808 67108896 1 36653
-4994840 33554434 2 193 647
-4995784 67109056 1 1429
-5001752 33554436 1 89317
-5002040 33554562 1 5437
-5004131 8 1 454921
-5009224 67108872 1 56923
-5009540 66 1 13183
-5010488 33554436 2 131 683
-5012984 33554432 1 626623
-5013080 33554562 1 5449
-5016779 524352 1 3617
-5018084 16777216 1 12421
-5020663 0 2 1129 4447
-5021896 67108872 2 149 383
-5022899 1049092 1 293
-5026355 66 2 157 337
-5031055 2 2 131 7681
-5032183 16 2 269 1439
-5032615 16390 1 2713
-5034488 33554432 1 629311
-5046980 2 2 127 1987
-5050088 67371040 1 523
-5051224 33816576 1 8893
-5051540 18 1 19429
-5057455 274 1 2683
-5058184 67108864 1 632273
-5061380 130 1 11003
-5061668 0 2 389 3253
-5061707 4 1 723101
-5063656 67108880 2 181 269
-5065855 1026 2 139 197
-5066116 8388616 1 1187
-5066420 2 1 253321
-5066795 8389122 1 337
-5072840 67109378 1 4091
-5076068 0 1 1269017
-5079092 0 2 467 2719
-5079368 67108868 1 90703
-5086783 16 1 391291
-5087459 4176 1 479
-5088728 33554432 2 137 4643
-5091812 520 1 3733
-5092927 4 1 727561
-5095543 4096 2 163 727
-5097032 67108864 1 637129
-5100068 32 2 179 419
-5100395 2 1 1020079
-5101876 2064 1 2393
-5102120 67108866 2 229 557
-5102383 536 1 1151
-5102983 264192 1 1753
-5104148 36 1 10723
-5104388 8256 1 1429
-5104568 33554436 1 91153
-5105863 4100 1 16963
-5113235 32770 1 17333
-5114291 4116 1 1307
-5115032 33554448 2 137 359
-5118632 67174432 1 617
-5118923 64 2 419 643
-5120815 6 1 146309
-5123768 33554512 1 2593
-5125508 0 2 607 2111
-5126051 4 1 732293
-5127731 4 1 732533
-5131940 10 1 23327
-5134327 8200 1 9931
-5134447 1048576 2 103 631
-5134543 128 1 223241
-5135140 2 1 256757
-5135263 68 1 38611
-5137412 4 1 183479
-5138455 70 1 7727
-5138771 4194568 1 181
-5139752 67108864 2 601 1069
-5139844 33024 1 751
-5140663 8 1 467333
-5143496 67108864 1 642937
-5143960 33554434 1 128599
-5145319 0 2 463 11113
-5145847 260 1 25349
-5146471 131080 1 6983
-5153704 67108864 2 113 5701
-5154107 4 2 541 1361
-5154895 524546 1 487
-5155864 33554564 1 4003
-5157943 4 2 271 2719
-5161331 68 2 151 257
-5162603 128 1 224461
-5164903 16576 1 223
-5167460 2 1 258373
-5168360 67108866 1 129209
-5168891 1048596 1 719
-5171732 0 2 823 1571
-5172260 2 1 258613
-5173652 520 1 3793
-5175007 4096 1 120349
-5176303 72 1 24767
-5176952 37748744 1 661
-5179064 33554440 2 229 257
-5181332 1040 1 2693
-5181827 4 2 103 7187
-5183983 4210692 1 157
-5184196 0 2 103 12583
-5185691 4 2 727 1019
-5190920 67108870 1 18539
-5192324 0 2 109 11909
-5195863 32 1 305639
-5199560 67112962 1 3023
-5200324 262144 1 18311
-5201287 65556 1 937
-5205332 40 1 6959
-5205395 16402 1 1511
-5209688 33570824 1 1117
-5210095 4106 1 2203
-5210815 2 2 199 5237
-5212984 33554436 1 93089
-5215187 33792 1 2389
-5215832 33554432 2 313 2083
-5217583 4 1 745369
-5220655 138 1 4127
-5221988 0 2 241 5417
-5223415 16514 1 857
-5229179 0 2 257 20347
-5229752 33685512 1 887
-5230868 0 2 277 4721
-5232968 67239952 1 751
-5234435 2 2 743 1409
-5234527 16777216 1 51827
-5234579 4 2 359 2083
-5240120 33554434 2 269 487
-5241380 2 1 262069
-5242564 0 2 197 6653
-5244968 68161536 1 193
-5250247 256 2 197 919
-5252915 290 1 2131
-5254495 2 1 1050899
-5254868 64 1 69143
-5257567 4100 1 17467
-5259299 131072 1 78497
-5260388 4 1 187871
-5262152 67108868 1 93967
-5267380 2 1 263369
-5270132 1028 1 5087
-5271848 67108864 2 227 2903
-5272184 33554432 1 659023
-5273243 32768 2 139 643
-5277092 0 1 1319273
-5277608 67633156 1 1291
-5278063 132 1 32783
-5279416 33562688 1 739
-5279695 2 1 1055939
-5279815 66 2 149 373
-5279935 131074 1 15761
-5280616 67109000 1 2609
-5281352 67108992 1 28703
-5284807 32808 1 479
-5285960 67108866 2 103 1283
-5286487 0 2 557 9491
-5287876 8200 1 2557
-5288143 4 1 755449
-5289295 42 1 5657
-5289304 33554432 2 113 5851
-5291387 0 2 431 12277
-5292308 4 1 189011
-5295496 67108864 2 283 2339
-5295604 32832 1 1181
-5296423 8 2 113 4261
-5296952 33554432 2 311 2129
-5300315 2 2 379 2797
-5302423 4 2 401 1889
-5303407 0 2 137 38711
-5305636 68 1 9973
-5311663 4 2 419 1811
-5312420 2 1 265621
-5322247 4 1 760321
-5327915 4098 1 24781
-5331851 4 2 239 3187
-5332232 67108864 1 666529
-5333047 65536 1 87427
-5335087 0 2 1489 3583
-5337620 1026 1 7213
-5337992 67108872 1 60659
-5338628 0 2 157 8501
-5339047 4 1 762721
-5339240 67108866 1 133481
-5340031 33024 1 3121
-5340164 0 2 173 7717
-5343635 10 1 97157
-5343967 32 1 314351
-5346872 33554432 2 193 3463
-5350472 67108864 2 263 2543
-5353160 67109890 1 3617
-5358452 8 2 193 631
-5359880 67117058 1 2851
-5361512 67109392 1 1663
-5362276 32 1 78857
-5365355 2 2 1021 1051
-5366095 6 2 139 1103
-5366767 131076 1 11443
-5367227 0 3 103 107 487
-5367736 33554440 2 181 337
-5370491 4 2 283 2711
-5370664 67108880 2 113 457
-5374327 4 1 767761
-5375108 8192 1 28591
-5376728 33554436 1 96013
-5377460 10 1 24443
-5377639 0 2 2251 2389
-5377855 70 1 8087
-5378047 0 2 1123 4789
-5381732 0 2 397 3389
-5384099 4 2 191 4027
-5384767 4194336 1 3559
-5385611 140 1 3041
-5395115 10 2 233 421
-5399315 2 2 109 9907
-5399527 4 2 491 1571
-5401979 8 2 397 1237
-5402852 20 1 14843
-5404280 33554438 1 19301
-5406559 0 2 1489 3631
-5408936 67108880 1 52009
-5409544 67109124 1 3331
-5411432 67174416 1 853
-5413811 65552 1 6827
-5415556 0 2 109 12421
-5417828 4112 1 2423
-5419447 524328 1 397
-5421812 8 2 149 827
-5425780 2 1 271289
-5425864 67108864 2 443 1531
-5426852 0 1 1356713
-5428340 131074 1 4051
-5432623 2180 1 823
-5437691 4 1 776813
-5439140 6 1 38851
-5448035 2 2 197 5531
-5451304 67109120 1 23497
-5455352 33619972 1 1597
-5460872 67110912 1 16649
-5462888 83886080 1 6761
-5463140 2 1 273157
-5467172 0 1 1366793
-5468411 144 1 18289
-5473576 67109120 1 23593
-5474132 0 2 1087 1259
-5477555 528386 1 349
-5481539 4 1 783077
-5484212 128 1 59611
-5485444 1048576 1 17359
-5485576 67108864 1 685697
-5485783 0 3 107 167 307
-5490367 2097408 1 2281
-5496127 20 1 60397
-5498459 1024 2 173 859
-5499227 20544 1 127
-5500235 1042 1 2287
-5501699 4 2 281 2797
-5503643 0 2 1451 3793
-5508515 4098 1 25621
-5508548 0 1 1377137
-5510983 0 2 1933 2851
-5511247 292 1 1597
-5512088 33554816 1 1033
-5513828 256 1 47533
-5514995 2 1 1102999
-5515816 67125248 1 13009
-5521619 0 2 191 28909
-5525176 33554432 2 599 1153
-5530148 16 1 106349
-5530451 0 2 353 15667
-5530735 262 1 5449
-5533172 262144 1 19483
-5534651 128 2 331 727
-5536835 8194 1 23561
-5537672 67108868 1 98887
-5538484 4 1 197803
-5540612 12 1 17989
-5544227 48 1 25087
-5545715 6 1 158449
-5546660 6 1 39619
-5546863 131076 1 11827
-5547752 67108868 2 157 631
-5548580 2 1 277429
-5548739 131076 1 11831
-5550131 0 2 139 39929
-5550452 128 1 60331
-5551172 1048584 1 1597
-5557576 67108928 1 36563
-5558291 0 2 191 29101
-5559380 2 2 233 1193
-5559463 20 2 199 307
-5562104 33554432 1 695263
-5565103 4256 1 331
-5565635 2 2 163 6829
-5567176 67108864 2 283 2459
-5567720 67108866 2 109 1277
-5570887 4 2 823 967
-5572183 0 2 1301 4283
-5573732 0 2 733 1901
-5574487 16544 1 269
-5575028 32768 1 23623
-5575735 10 1 101377
-5576503 40960 1 2011
-5578148 8192 1 29671
-5579204 16384 1 26317
-5580068 16 1 107309
-5580607 32 1 328271
-5580943 0 2 269 20747
-5581523 262144 2 127 619
-5583703 0 2 479 11657
-5586680 33554442 1 12697
-5593087 64 2 431 683
-5596324 1024 1 37813
-5597215 18 1 86111
-5598008 33554512 1 2833
-5600648 67108864 1 700081
-5601656 33554496 2 137 269
-5603060 2050 1 6833
-5605096 83886084 1 991
-5611327 64 1 295333
-5611448 33554560 1 30497
-5611903 32776 1 8647
-5617220 6 1 40123
-5619779 8 1 510889
-5621828 0 2 389 3613
-5623576 33554436 2 137 733
-5625572 32 1 82729
-5630287 16 1 433099
-5631620 2 1 281581
-5638024 69206020 1 1213
-5639891 256 1 194479
-5640452 2048 2 163 211
-5640583 48 1 25523
-5642404 0 2 1063 1327
-5642867 4464704 0
-5642888 67108864 2 331 2131
-5644187 32 1 332011
-5644879 65792 1 3191
-5646436 0 1 1411609
-5647112 83886336 1 241
-5647303 32768 1 95717
-5649512 67112968 1 1493
-5650019 128 1 245653
-5651764 0 2 821 1721
-5653444 0 1 1413361
-5657704 67108880 1 54401
-5663540 2 2 199 1423
-5664248 33554432 1 708031
-5665928 67108864 2 199 3559
-5668184 33554432 2 821 863
-5668691 516 2 151 173
-5669192 67141632 1 12011
-5670788 16512 1 1163
-5671624 67108868 1 101279
-5674340 6 1 40531
-5679620 130 1 12347
-5682020 4098 1 6607
-5682155 2 2 631 1801
-5682788 0 1 1420697
-5698568 67108864 1 712321
-5699108 65536 1 23357
-5704615 6 1 162989
-5706779 16 1 438983
-5711291 128 1 248317
-5713144 33554432 1 714143
-5714143 128 1 248441
-5715092 0 2 137 10429
-5719268 0 1 1429817
-5721463 8 2 163 3191
-5724943 262148 1 11519
-5729288 67108864 1 716161
-5730851 8196 1 17419
-5732195 6 2 199 823
-5732948 2064 1 2689
-5734520 33554442 1 13033
-5743063 1048576 2 139 523
-5743156 0 2 601 2389
-5743379 1048576 1 72701
-5743924 0 2 401 3581
-5745415 18 2 157 563
-5746019 0 2 379 15161
-5749063 0 2 643 8941
-5749636 0 1 1437409
-5759048 67108864 2 139 5179
-5761636 8256 1 1613
-5763332 0 2 431 3343
-5763608 33685504 1 10753
-5763860 1026 1 7789
-5774339 544 1 10957
-5780503 64 2 307 991
-5785619 4 2 547 1511
-5789960 67108874 1 13159
-5798527 4 1 828361
-5801411 32780 1 1277
-5802607 2048 2 307 461
-5804171 8192 1 123493
-5805655 258 1 40039
-5806712 34144256 1 163
-5814008 33554432 1 726751
-5816404 131080 1 1973
-5819435 2 2 251 4637
-5821208 33554592 1 1861
-5822228 32 1 85621
-5827576 33556480 2 109 163
-5832196 0 1 1458049
-5836691 4100 1 19391
-5841059 32772 1 14143
-5841752 34078724 1 1429
-5841995 2 1 1168399
-5849287 0 2 151 38737
-5849348 0 1 1462337
-5849416 67109184 1 1327
-5849540 2 1 292477
-5849972 32 1 86029
-5851748 4 1 208991
-5858099 1104 1 641
-5858312 67108864 2 179 4091
-5859491 524296 1 7297
-5859847 68 1 44059
-5860696 33554432 2 317 2311
-5862395 14 1 15227
-5862740 18 1 22549
-5867176 67108900 1 6163
-5867527 8192 2 127 983
-5869880 33554434 2 257 571
-5870795 32774 1 2843
-5873527 72 2 157 179
-5877707 72 1 28123
-5878807 2105352 1 137
-5879263 1072 1 719
-5881759 16 1 452443
-5883860 130 1 12791
-5884868 1048584 1 1693
-5886068 128 2 137 467
-5888531 8 2 107 5003
-5889188 0 1 1472297
-5891080 67108882 1 11329
-5892980 2 1 294649
-5894915 4194322 1 1019
-5895515 4130 1 1613
-5896232 67108928 1 38791
-5898271 0 2 191 30881
-5899160 33554434 2 139 1061
-5900168 67110400 1 643
-5901092 8519680 1 227
-5902595 2 1 1180519
-5903396 0 2 359 4111
-5910995 4162 1 1447
-5913343 512 1 190753
-5913971 4 2 167 5059
-5921167 4 1 845881
-5925131 64 2 109 2861
-5927764 32 2 179 487
-5928487 0 2 127 46681
-5929448 67108868 1 105883
-5930863 0 2 337 17599
-5932663 1048584 1 6827
-5933624 33554496 2 103 379
-5933720 33554450 1 11411
-5934152 67108868 1 105967
-5941423 1024 1 160579
-5942372 128 1 64591
-5946655 26 1 8317
-5947892 160 1 3803
-5948743 8320 1 5503
-5949179 4608 1 4463
-5954171 2097280 1 3119
-5960195 2 1 1192039
-5961295 2 1 1192259
-5971028 4 2 107 1993
-5971139 16384 1 112663
-5973731 512 2 131 1471
-5973736 67649536 1 193
-5976847 0 2 593 10079
-5977640 67108866 1 149441
-5978404 1048576 1 18919
-5978596 16 1 114973
-5980835 6 1 170881
-5980936 67108880 2 131 439
-5981171 4612 1 641
-5981267 8192 1 127261
-5982184 75497488 1 593
-5985496 33554472 1 4001
-5986331 4112 1 10709
-5991092 0 2 557 2689
-5991560 67117058 1 3187
-5992739 0 2 1019 5881
-6000136 67108864 2 151 4967
