-283799
-387551
-425879
-474119
-476111
-522959
-527399
-601439
-677927
-733391
-801551
-836159
-847607
-855359
-864407
-935903
-964679
-970391
-1076399
-1102279
-1157111
-1163207
-1176599
-1244279
-1284551
-1299919
-1311143
-1372999
-1417967
-1451719
-1525343
-1568207
-1705943
-1753519
-1795639
-1798759
-1827767
-1846711
-1876951
-1935631
-1968251
-2048671
-2076271
-2087531
-2160383
-2239847
-2265751
-2274511
-2277647
-2317691
-2322487
-2391539
-2404687
-2572607
-2683567
-2763127
-2804311
-2818999
-2867911
-2871991
-2983543
-2988407
-2992183
-2994127
-3004943
-3015863
-3052519
-3164699
-3173479
-3260263
-3315439
-3341579
-3405463
-3512051
-3519127
-3529259
-3531779
-3539579
-3559019
-3575647
-3604543
-3609583
-3622979
-3625759
-3661303
-3774439
-3853111
-3888463
-3932099
-3964523
-3967619
-3971651
-3975511
-3985087
-4099331
-4101103
-4117979
-4161151
-4169651
-4177687
-4185971
-4192351
-4194419
-4255523
-4259863
-4330783
-4334767
-4400983
-4635131
-4683491
-4748171
-4819499
-4840399
-4878683
-4894979
-4940503
-4941127
-4969231
-4993931
-5085299
-5086379
-5162291
-5172463
-5183051
-5204887
-5261051
-5274299
-5364851
-5379947
-5486983
-5534891
-5568587
-5578619
-5591459
-5652539
-5703727
-5707571
-5755307
-5772059
-5782807
-5810023
-5821183
-5916419
-5944331
-6091307
