-305399 256 1 10531
-324959 0 2 107 3037
-340511 1024 1 9203
-344399 8 2 131 239
-359999 0 2 599 601
-364679 32772 1 883
-380831 4194312 1 389
-388079 8320 1 359
-393071 4 2 233 241
-405191 1048704 1 223
-441671 0 2 443 997
-441815 266 1 277
-447551 16 2 173 199
-447695 162 1 229
-453911 2048 1 11071
-476615 322 1 173
-477071 100 1 211
-483359 4194304 1 5431
-502295 2 1 100459
-517655 66 1 5449
-518279 4128 1 709
-533615 2114 1 137
-535415 34 1 6299
-542135 10 1 9857
-548639 20 1 6029
-553751 8 1 50341
-557879 4 1 79697
-566951 1036 1 199
-579647 0 2 137 4231
-581111 32 1 34183
-581159 1024 2 113 139
-586199 0 2 631 929
-622919 8 1 56629
-623639 524288 1 8543
-636095 2 1 127219
-636215 1090 1 181
-642119 4096 2 109 137
-649415 8388626 1 103
-650495 2 1 130099
-657479 512 2 127 167
-657935 2 2 181 727
-659207 32768 1 11173
-672815 26 1 941
-690335 16777218 1 1367
-691367 0 2 521 1327
-700535 8202 1 271
-705767 0 2 239 2953
-706391 4 1 100913
-707519 0 2 109 6491
-712703 2048 1 17383
-714215 2097154 1 1721
-728255 10 1 13241
-729767 128 1 31729
-731135 4211202 0
-747719 4 2 223 479
-758951 2048 2 107 173
-759407 552 1 131
-760055 262146 1 2141
-760391 16384 1 14347
-768791 2080 1 1103
-774599 4 2 239 463
-778031 64 1 40949
-783383 0 2 109 7187
-783935 2097154 1 1889
-786599 4104 1 1663
-788951 1024 1 21323
-791639 32 1 46567
-792695 65666 1 113
-798695 2 1 159739
-812495 2 1 162499
-823367 524288 1 11279
-823559 8 1 74869
-828311 8 2 257 293
-828623 524288 1 11351
-829991 32 1 48823
-833543 128 1 36241
-843647 4 2 191 631
-857831 208 1 151
-861695 32898 1 127
-870935 18 1 13399
-872615 2 2 199 877
-875615 82 1 709
-892199 12 1 11587
-894095 2 1 178819
-894959 4112 1 1601
-895559 516 1 4127
-901703 8 1 81973
-908431 128 2 127 311
-921335 2 2 103 1789
-923615 14 1 2399
-931655 2 2 389 479
-933767 0 2 277 3371
-933863 262148 1 1879
-937967 1049088 1 383
-945944 41959552 0
-953015 524294 1 373
-953159 0 2 563 1693
-962495 2 1 192499
-969944 33554432 2 263 461
-978116 0 1 244529
-980063 4 1 140009
-983567 16 1 75659
-991055 1048594 1 193
-1004087 4 2 191 751
-1004159 16 1 77243
-1026623 16 2 157 503
-1036591 0 2 199 5209
-1045703 8256 1 1171
-1063679 0 2 191 5569
-1068287 8 1 97117
-1070447 1028 1 4133
-1082135 290 1 439
-1085615 258 1 7487
-1086536 67108872 1 12347
-1087583 4 2 251 619
-1097999 4 2 227 691
-1100791 0 2 109 10099
-1108151 8 1 100741
-1113944 33554448 1 10711
-1125764 0 2 229 1229
-1127855 2 2 191 1181
-1128455 2 2 269 839
-1140079 8192 2 127 191
-1144319 136 1 4523
-1151183 8 2 229 457
-1163839 524288 2 107 149
-1165064 67108864 1 145633
-1169636 2097168 1 271
-1178551 72 1 5639
-1184447 1057032 0
-1194143 16384 1 22531
-1194503 0 2 137 8719
-1200344 33570880 1 149
-1210436 0 1 302609
-1212536 37748752 1 131
-1215095 6 2 149 233
-1221335 258 1 8423
-1231471 2098176 1 401
-1231583 524288 1 16871
-1239416 33554432 1 154927
-1242647 4 2 167 1063
-1243895 2 1 248779
-1245887 192 1 2851
-1246231 516 1 5743
-1257167 32 1 73951
-1269023 4 2 199 911
-1271864 41943048 1 149
-1272815 2 2 277 919
-1278056 67108880 1 12289
-1278503 2048 1 31183
-1279064 50331648 1 1583
-1285655 6 2 109 337
-1291016 67108864 1 161377
-1297159 0 2 607 2137
-1313156 16 1 25253
-1313519 0 2 293 4483
-1320079 0 2 643 2053
-1320863 1280 1 1231
-1324111 256 1 45659
-1324196 33280 1 181
-1325423 16777224 1 1193
-1326527 32 1 78031
-1330664 67117056 1 3539
-1334303 262144 1 18793
-1335191 24 1 9337
-1336760 33554562 1 1453
-1344056 33554436 1 24001
-1347799 525312 1 499
-1349135 8194 1 5741
-1355780 2 1 67789
-1356407 16 2 103 1013
-1366871 8 2 313 397
-1372967 2048 1 33487
-1374584 33554432 1 171823
-1375556 20 1 3779
-1375703 32772 1 3331
-1376663 0 2 643 2141
-1377143 0 2 439 3137
-1382911 0 2 139 9949
-1391144 67125280 1 193
-1399831 131104 1 1229
-1414244 16 1 27197
-1415684 0 1 353921
-1418807 16 1 109139
-1421684 1048584 1 409
-1422863 16 1 109451
-1430516 32 2 109 193
-1432196 1024 1 9677
-1435796 512 1 11579
-1438916 0 2 479 751
-1440383 4 2 149 1381
-1444351 0 2 179 8069
-1445311 68 1 10867
-1450967 4194340 1 137
-1453016 33554688 1 6263
-1456463 0 2 359 4057
-1464440 33554946 1 1181
-1468039 0 2 383 3833
-1468376 33554452 1 2017
-1468519 2097168 1 1361
-1470584 33554432 1 183823
-1471823 1024 1 39779
-1471951 16 1 113227
-1473416 69206020 1 317
-1474136 33554432 2 103 1789
-1490423 4232 1 137
-1493119 0 2 373 4003
-1502756 512 1 12119
-1504951 4 1 214993
-1510223 32792 1 179
-1512263 256 1 52147
-1514191 4 2 199 1087
-1514303 4 1 216329
-1516196 40 1 2027
-1524167 524288 1 20879
-1524536 33554448 2 107 137
-1526135 16402 1 443
-1526360 33554442 1 3469
-1527647 8 2 113 1229
-1528607 4160 1 1871
-1529204 524288 1 5237
-1539047 0 2 827 1861
-1539320 33554690 1 1327
-1540103 384 1 2309
-1554824 67108864 1 194353
-1555279 40 1 8317
-1556071 8 1 141461
-1557143 4 2 181 1229
-1566887 4 1 223841
-1575679 36 1 13241
-1578527 0 2 349 4523
-1579487 52 1 1021
-1580399 128 1 68713
-1583911 4 2 353 641
-1586959 4194312 1 1621
-1587023 128 1 69001
-1589396 0 2 197 2017
-1590056 67108880 1 15289
-1594159 260 1 7853
-1595876 0 1 398969
-1598359 4 1 228337
-1601960 67109122 1 1381
-1603247 1024 1 43331
-1607447 8320 1 1487
-1607615 258 1 11087
-1612535 65570 1 311
-1615583 0 2 1223 1321
-1619336 67110912 1 4937
-1620079 0 2 151 10729
-1620719 64 2 197 433
-1623095 2 1 324619
-1625576 67108864 2 317 641
-1631335 2 2 431 757
-1636676 131584 1 197
-1638263 8 1 148933
-1643183 0 2 397 4139
-1643576 33554504 1 983
-1645127 8 2 347 431
-1646495 2 1 329299
-1650679 393216 1 347
-1655156 4096 1 9623
-1656584 67108864 1 207073
-1659236 0 1 414809
-1659863 32 2 251 389
-1661684 262144 1 5851
-1663255 10 1 30241
-1664663 28 1 1663
-1665319 0 2 587 2837
-1667624 75497476 1 307
-1668056 33558544 1 373
-1668260 10 1 7583
-1674020 2 1 83701
-1674079 8 1 152189
-1677896 67109000 1 829
-1686767 0 2 347 4861
-1687639 2097152 1 20333
-1688359 64 1 88861
-1689695 134 1 2099
-1693124 0 1 423281
-1696703 2304 1 1427
-1696735 2 2 439 773
-1704935 2 2 277 1231
-1708727 64 2 139 647
-1709336 33558528 1 4969
-1712423 0 2 313 5471
-1712695 16514 1 281
-1717460 1048578 1 1087
-1728151 128 2 227 331
-1729111 0 2 199 8689
-1731044 4 2 211 293
-1743935 10242 1 181
-1745071 0 2 179 9749
-1748615 10 1 31793
-1751455 8450 1 257
-1755679 0 2 223 7873
-1756279 1028 1 6781
-1758383 8 1 159853
-1762340 2 1 88117
-1767623 8216 1 263
-1771640 33554450 1 3407
-1771976 67108864 1 221497
-1773263 8448 1 1301
-1775015 32778 1 547
-1781071 0 2 977 1823
-1784804 4 1 63743
-1785287 66564 1 113
-1785935 34 1 21011
-1791236 0 2 431 1039
-1794143 272 1 4759
-1802888 67108864 2 179 1259
-1803839 2097152 2 103 211
-1805396 0 2 523 863
-1808564 0 2 347 1303
-1816703 4 2 109 2381
-1821215 10 1 33113
-1827319 1296 1 131
-1829816 33554432 2 127 1801
-1836104 67108864 2 283 811
-1850804 0 2 337 1373
-1851983 132 1 11503
-1854104 33554436 2 113 293
-1855304 67109128 1 727
-1857383 72 1 8887
-1858424 33554432 1 232303
-1862063 4 1 266009
-1864136 67112960 1 5419
-1864568 33554432 1 233071
-1866167 0 2 227 8221
-1873039 68 1 14083
-1887215 10 1 34313
-1888820 2 1 94441
-1892447 0 2 173 10939
-1893151 16 2 107 1361
-1893764 0 1 473441
-1895204 0 2 229 2069
-1902164 40 1 2543
-1905823 65536 2 157 199
-1906196 0 2 229 2081
-1908296 67141648 1 311
-1911871 2096 1 211
-1916663 68 1 14411
-1917380 2 1 95869
-1919335 10 1 34897
-1919480 33562626 1 1021
-1924376 33556480 1 5867
-1925687 256 1 66403
-1932596 0 2 397 1217
-1937303 2097184 1 1373
-1941092 0 2 373 1301
-1942279 0 2 191 10169
-1943156 0 2 599 811
-1943495 2 1 388699
-1945967 16777216 1 19267
-1947631 4 1 278233
-1956440 33587202 1 829
-1964276 0 2 311 1579
-1971416 35651584 1 2969
-1973783 4 2 457 617
-1975159 0 2 941 2099
-1978639 16 1 152203
-1978823 524 1 829
-1978856 67108872 2 113 199
-1985359 0 2 313 6343
-1989140 2 2 271 367
-1993255 10 1 36241
-1993519 8 2 127 1427
-1994719 0 2 601 3319
-1994855 3074 1 263
-1995524 0 1 498881
-1996616 67125280 1 277
-1997551 32 1 117503
-1997672 67239936 1 3727
-2001647 0 2 127 15761
-2001704 67125248 1 4721
-2010056 67108864 1 251257
-2012744 67112960 1 5851
-2013151 8452 1 211
-2016131 16 1 155087
-2017951 176 1 397
-2019415 322 1 733
-2025896 67633152 1 3469
-2027384 33554432 1 253423
-2027684 0 2 449 1129
-2028383 16777284 1 151
-2029796 128 1 22063
-2029940 10 1 9227
-2033444 4 1 72623
-2036216 33554452 1 2797
-2037895 2 1 407579
-2044676 0 1 511169
-2047951 256 1 70619
-2050703 128 2 163 547
-2054911 33024 1 1201
-2062136 33556480 1 6287
-2064407 64 2 179 607
-2066456 33554436 1 36901
-2066911 44 1 1579
-2067176 67108864 2 233 1109
-2067464 67108868 1 36919
-2070047 4 2 113 2617
-2075576 33554432 2 401 647
-2077687 0 2 331 6277
-2078984 85983744 0
-2080328 67108864 2 443 587
-2083028 65536 1 8537
-2084239 8388608 1 21487
-2087876 4 1 74567
-2095304 67112960 1 6091
-2101103 17039360 1 293
-2101364 0 2 613 857
-2102324 4 1 75083
-2105480 67108882 1 4049
-2112344 33554512 1 1069
-2116820 16386 1 1997
-2117384 67108896 1 15569
-2127655 2 2 181 2351
-2129531 2097152 1 25657
-2131711 0 2 179 11909
-2132456 67112960 1 6199
-2134111 4 2 109 2797
-2142020 2 1 107101
-2149495 2 1 429899
-2150276 0 1 537569
-2151656 67108912 1 1217
-2151919 12 1 27947
-2153924 0 1 538481
-2154559 8 1 195869
-2156180 18 1 8293
-2169944 33554436 1 38749
-2175271 32900 1 229
-2175560 67108866 2 137 397
-2179663 2097152 1 26261
-2181263 4 1 311609
-2182820 2 1 109141
-2185304 33554504 1 1307
-2186191 4 1 312313
-2186939 16384 1 41263
-2194943 0 2 787 2789
-2198119 12 1 28547
-2198839 0 2 1327 1657
-2208356 0 1 552089
-2210239 0 2 139 15901
-2215831 32 1 130343
-2217455 16777218 1 4391
-2223215 524290 1 6091
-2224628 4 1 79451
-2224999 4 1 317857
-2225924 768 1 619
-2232247 1024 1 60331
-2232655 2050 1 10891
-2233727 525312 1 827
-2234084 0 1 558521
-2238103 4 1 319729
-2238344 69206016 1 3371
-2242148 0 2 487 1151
-2243087 12 1 29131
-2245231 0 2 263 8537
-2250260 32770 1 1907
-2251255 4194306 1 5059
-2256919 4 1 322417
-2257591 4 1 322513
-2263727 0 2 197 11491
-2268056 50331652 1 401
-2268799 16 2 199 877
-2270743 0 2 1087 2089
-2273935 2 2 127 3581
-2275463 4195328 1 691
-2279599 132 1 14159
-2280056 33554432 1 285007
-2281111 292 1 661
-2282335 42 1 2441
-2287256 33624064 1 109
-2288671 12 1 29723
-2292056 33554448 1 22039
-2292248 33554436 1 40933
-2292824 33554592 1 733
-2297455 2 2 199 2309
-2304980 2 1 115249
-2305367 4194304 1 25903
-2305496 41943040 1 2971
-2306564 16 1 44357
-2307716 32 1 33937
-2308760 33554434 1 57719
-2309624 33686016 1 139
-2310319 8 2 139 1511
-2313860 2 1 115693
-2315924 16 1 44537
-2316740 2 1 115837
-2321096 67108864 1 290137
-2322799 512 1 74929
-2324984 33554432 1 290623
-2329928 67108864 2 227 1283
-2330852 1024 1 15749
-2332580 2 2 223 523
-2334295 2 1 466859
-2342564 4 1 83663
-2347471 4 2 491 683
-2348567 48 1 10627
-2352559 520 1 6899
-2360228 16 1 45389
-2360479 8 1 214589
-2360756 32 2 149 233
-2360996 136 1 2333
-2361656 33562632 1 571
-2364439 12 1 30707
-2379416 33554448 2 137 167
-2381095 2 1 476219
-2383640 33554438 1 8513
-2388743 4 2 127 2687
-2389976 33555072 1 419
-2404103 16777232 1 1831
-2404255 524294 1 941
-2405695 8450 1 353
-2410916 0 1 602729
-2412920 33554434 2 179 337
-2416532 0 2 191 3163
-2416856 33554480 1 1367
-2416904 67108868 1 43159
-2421559 4 1 345937
-2421583 2048 1 59063
-2424488 67108872 1 27551
-2425316 512 1 19559
-2426984 67108932 1 2281
-2428184 33556488 1 673
-2444503 16777216 1 24203
-2445704 67108864 2 311 983
-2449544 67108864 1 306193
-2455999 20 2 137 197
-2456903 0 2 643 3821
-2458532 0 1 614633
-2460116 4096 1 14303
-2461499 263168 1 937
-2464879 1050624 1 761
-2467639 256 1 85091
-2468024 33554512 1 1249
-2468168 67108864 1 308521
-2468216 33554432 1 308527
-2472407 4 1 353201
-2472440 33554434 2 113 547
-2472980 16386 1 2333
-2475044 24 1 4327
-2491784 67108864 1 311473
-2491979 4132 1 487
-2492036 0 1 623009
-2492516 16 1 47933
-2493799 12 2 139 233
-2493860 2 1 124693
-2493871 36864 1 983
-2495311 52 1 1613
-2496247 16400 1 3623
-2496731 0 2 853 2927
-2498671 68 1 18787
-2499895 2 1 499979
-2503304 67108864 2 211 1483
-2510408 67108864 2 113 2777
-2513411 0 2 941 2671
-2514584 33554432 2 523 601
-2515652 0 1 628913
-2517779 4104 1 5323
-2520164 0 2 157 4013
-2522311 8 2 107 2143
-2526143 0 2 137 18439
-2526179 0 2 269 9391
-2530520 33556482 1 1543
-2532703 0 2 593 4271
-2533604 0 1 633401
-2534543 131144 1 181
-2536135 6 1 72461
-2542615 1050626 1 157
-2543396 0 1 635849
-2546084 8448 1 467
-2547919 524360 1 167
-2550055 2 2 109 4679
-2553023 136 1 10091
-2556751 0 2 1543 1657
-2557015 2 2 179 2857
-2557316 0 1 639329
-2566136 33554432 1 320767
-2573455 66 2 103 263
-2574260 18 1 9901
-2575544 41943040 1 3319
-2576431 4120 1 419
-2578663 0 2 1471 1753
-2580655 14 1 6703
-2582431 9437184 1 337
-2583812 12 1 8389
-2585636 0 2 373 1733
-2592164 0 1 648041
-2593615 770 1 577
-2594264 33554432 2 479 677
-2596703 8192 1 55249
-2602471 0 2 239 10889
-2604935 8390658 1 131
-2612263 131072 2 127 307
-2612303 262144 1 36793
-2612359 0 2 1433 1823
-2613295 2 1 522659
-2616740 6 1 18691
-2620399 512 2 137 617
-2635471 32832 1 2351
-2639839 1024 1 71347
-2642120 67108882 1 5081
-2642948 12 1 8581
-2642996 0 2 223 2963
-2643919 128 2 139 827
-2645023 128 1 115001
-2649059 36 2 113 197
-2650376 67109376 1 10687
-2650808 33554432 2 103 3217
-2650879 12 2 173 199
-2651480 33554450 1 5099
-2655716 4 1 94847
-2658919 32 2 229 683
-2659268 0 2 293 2269
-2659556 0 2 541 1229
-2664596 136 1 2633
-2665304 33554432 2 431 773
-2665855 1048610 1 397
-2668616 69206016 1 4019
-2675459 0 2 491 5449
-2676680 67174402 1 1097
-2677016 33554560 1 14549
-2679176 67108864 1 334897
-2681924 4 1 95783
-2682836 16 1 51593
-2683160 33554434 1 67079
-2686247 0 2 461 5827
-2686760 67108866 1 67169
-2689064 67109380 1 1549
-2690216 67108896 2 131 151
-2694799 512 1 86929
-2697095 8322 1 499
-2697343 8 2 379 647
-2706007 0 2 263 10289
-2706271 32768 1 45869
-2706836 8 1 61519
-2710580 2 2 313 433
-2713639 8192 1 57737
-2714719 4356 1 311
-2716616 67108868 2 139 349
-2716619 2048 2 173 383
-2717455 8388626 1 431
-2725076 0 2 107 6367
-2727812 2048 1 16633
-2727991 4 1 389713
-2729924 1064960 1 163
-2730407 0 2 383 7129
-2730731 262144 1 38461
-2733247 8 1 248477
-2734111 1064960 1 653
-2734376 67125248 1 6449
-2735063 32768 2 151 307
-2735396 256 1 23581
-2735695 2 1 547139
-2737364 32772 1 1657
-2738671 16 2 293 719
-2741431 12 1 35603
-2741663 1024 1 74099
-2741816 33554444 1 4451
-2743064 33556480 1 8363
-2743316 2097152 1 8263
-2743688 67108864 2 193 1777
-2743979 4 2 113 3469
-2747335 163842 1 139
-2748319 4 2 167 2351
-2751607 256 2 239 397
-2756420 2 2 283 487
-2761304 33554452 1 3793
-2761556 4 1 98627
-2764303 0 2 373 7411
-2765687 0 2 167 16561
-2769560 33554434 1 69239
-2772116 0 2 113 6133
-2774959 8 2 347 727
-2776196 8192 1 14767
-2778452 8192 1 14779
-2780228 8 2 179 353
-2781140 2 2 241 577
-2782148 0 2 223 3119
-2783240 67108898 1 4093
-2788280 33554442 1 6337
-2790371 262144 1 39301
-2792411 57408 0
-2793151 4128 1 3821
-2794664 67108896 1 20549
-2794760 67108866 2 109 641
-2794904 33554692 1 1721
-2802260 2 2 167 839
-2803688 75497472 1 3613
-2807195 2 1 561439
-2812280 33554434 2 167 421
-2815855 4102 1 1871
-2818127 16 1 216779
-2821316 12288 1 349
-2822276 2048 1 17209
-2838371 32 2 103 1621
-2839448 33554688 1 12239
-2840984 33554432 2 379 937
-2841656 33554432 2 593 599
-2842087 384 1 4261
-2844152 33554432 1 355519
-2844659 2097152 1 34273
-2846648 33554436 1 50833
-2847956 0 2 137 5197
-2853332 0 2 359 1987
-2855336 67371016 1 457
-2855960 33554434 1 71399
-2857796 128 1 31063
-2859659 4194440 1 127
-2860820 2 2 313 457
-2864456 67108868 1 51151
-2865464 33554436 1 51169
-2867839 272 1 7607
-2869256 67117072 1 587
-2870072 37748992 1 139
-2872424 67240064 1 233
-2872519 1048592 1 2797
-2882084 128 1 31327
-2895560 67108866 2 191 379
-2899351 20 2 151 211
-2903480 33554690 1 2503
-2905748 0 2 739 983
-2906312 67109376 1 11719
-2910679 8389632 1 811
-2910824 67141636 1 881
-2910920 67174402 1 1193
-2917796 4 1 104207
-2918215 2 2 409 1427
-2919896 33554564 1 2267
-2922491 24 2 107 191
-2926855 66 1 30809
-2928932 0 1 732233
-2931439 4100 1 9739
-2932135 514 1 18917
-2935015 65538 1 9623
-2937236 256 1 25321
-2938859 12 1 38167
-2938964 4100 1 2441
-2941064 67109124 1 1811
-2944952 33554432 2 137 2687
-2945432 33554436 2 149 353
-2948743 68 1 22171
-2950015 4098 1 13721
-2951455 50 1 2671
-2951479 576 1 5011
-2951819 131088 1 3389
-2951876 0 1 737969
-2957207 3147784 0
-2957939 64 2 151 1031
-2960695 2 1 592139
-2961668 135168 1 257
-2963252 0 2 727 1019
-2964680 67108866 2 137 541
-2965115 2 2 347 1709
-2973607 2068 1 797
-2973919 16 2 103 2221
-2979011 1048580 1 5387
-2979371 64 2 233 673
-2979620 6 1 21283
-2980255 2 2 719 829
-2980808 67108864 2 239 1559
-2986331 262144 1 42061
-2986520 33554434 2 197 379
-2986760 67108870 1 10667
-2987447 128 2 193 673
-2990276 128 1 32503
-2991512 33554496 1 19681
-2991992 33554432 1 373999
-2997560 33554434 2 137 547
-3000740 32770 1 2543
-3003464 67112960 1 8731
-3004903 40 1 16069
-3005240 33554438 1 10733
-3005720 33554434 2 163 461
-3012296 67108868 1 53791
-3012980 2 1 150649
-3013736 67109000 1 1489
-3013831 0 2 181 16651
-3016571 0 2 787 3833
-3019855 2050 1 14731
-3023215 18 1 46511
-3024488 67110912 1 9221
-3033044 4 2 149 727
-3033967 0 2 1657 1831
-3040855 66 1 32009
-3042164 4224 1 769
-3043460 6 1 21739
-3043736 50331648 1 3767
-3043844 0 1 760961
-3049543 4 1 435649
-3050948 0 1 762737
-3052196 65540 1 1787
-3057967 8 2 103 2699
-3063860 2 2 307 499
-3065047 16777216 1 30347
-3065480 67108874 1 6967
-3066727 0 2 107 28661
-3069319 8 1 279029
-3071684 12 1 9973
-3072919 0 2 1471 2089
-3075199 0 2 1543 1993
-3075491 128 1 133717
-3076831 0 2 179 17189
-3078440 67108866 1 76961
-3079976 67109056 1 881
-3082484 64 1 40559
-3082712 33554528 1 1193
-3084980 524290 1 2113
-3085999 68 1 23203
-3087380 2 1 154369
-3088184 33554504 1 1847
-3091567 0 3 109 113 251
-3095972 40 1 4139
-3096392 67108944 1 1567
-3097759 4 1 442537
-3098840 33554434 1 77471
-3101816 33554432 1 387727
-3103256 33570832 1 563
-3103448 33554432 2 109 3559
-3106760 83886082 1 769
-3109976 33554432 2 127 3061
-3111995 2 1 622399
-3117512 67108992 1 16943
-3117863 4 2 157 2837
-3120068 4 1 111431
-3122191 2048 2 271 281
-3123463 4 2 137 3257
-3124855 8388642 1 379
-3128648 67108864 2 263 1487
-3129151 4194304 1 35159
-3129751 262176 1 2593
-3132491 0 2 229 13679
-3135428 8388608 1 8081
-3136615 66 2 137 241
-3138035 2 2 569 1103
-3139940 66 1 8263
-3141391 8 2 347 823
-3141992 67108932 1 2953
-3141995 2 1 628399
-3145208 33554440 2 103 347
-3146420 2 1 157321
-3150728 67108868 1 56263
-3151379 12 1 40927
-3153319 4112 1 5641
-3154916 1024 1 21317
-3155960 33554434 2 257 307
-3156440 33554438 1 11273
-3157567 516 1 14551
-3157748 4104 1 1669
-3158024 67118080 1 227
-3163076 4 1 112967
-3163855 2 2 251 2521
-3164132 256 1 27277
-3165176 33554692 1 1949
-3165371 2097160 1 3467
-3166628 0 1 791657
-3167555 2 2 541 1171
-3169831 4100 1 10531
-3183140 2 1 159157
-3183535 2 2 193 3299
-3184231 0 2 179 17789
-3185876 0 2 271 2939
-3188599 64 2 257 653
-3194456 33554432 2 419 953
-3195419 0 2 241 13259
-3196039 12 1 41507
-3197215 6 2 167 547
-3200263 8 2 107 2719
-3201140 130 1 6959
-3202715 2082 1 919
-3202879 2048 2 191 409
-3203252 16 2 229 269
-3204751 16520 1 239
-3209912 33562624 1 8537
-3220196 68 1 6053
-3227411 8 2 181 1621
-3231416 34603008 1 5113
-3233191 16 1 248707
-3234055 10 2 127 463
-3235544 33570832 1 587
-3235604 0 2 179 4519
-3241567 4 2 571 811
-3241951 96 1 10037
-3244520 67109122 1 2797
-3245459 4 2 541 857
-3246199 4104 1 6863
-3246967 524352 1 2341
-3248239 8388608 1 33487
-3255860 2 2 173 941
-3257492 4 2 317 367
-3259508 4 1 116411
-3259940 2 1 162997
-3260671 0 2 103 31657
-3262811 0 2 379 8609
-3265379 131216 1 163
-3269192 67108864 2 167 2447
-3269599 0 2 107 30557
-3275239 72 1 15671
-3279380 18 1 12613
-3280783 16777224 1 2953
-3281240 33554434 1 82031
-3285860 66 1 8647
-3286232 33560576 1 233
-3286280 67109122 1 2833
-3286619 69636 1 179
-3290815 10 1 59833
-3294344 67633152 1 5641
-3295364 0 1 823841
-3297272 37748744 1 421
-3298148 65540 1 1931
-3300755 163842 1 167
-3302324 17408 1 421
-3302984 67109248 1 619
-3304328 67108928 1 21739
-3310376 83886112 1 241
-3311167 1024 1 89491
-3312452 24 1 5791
-3318611 266240 1 1087
-3320072 83886084 1 587
-3323215 6 1 94949
-3324299 296 1 613
-3337688 33554432 2 421 991
-3338884 0 1 834721
-3338911 0 2 823 4057
-3339971 512 1 107741
-3340259 4194320 1 2887
-3340532 16 2 227 283
-3344456 67108928 1 22003
-3347144 67108992 1 18191
-3347191 0 2 103 32497
-3349331 2048 2 151 541
-3349796 0 2 677 1237
-3352712 67109384 1 1229
-3354392 33554432 2 229 1831
-3356695 2 1 671339
-3356771 8 2 401 761
-3357032 67108868 2 151 397
-3357319 68 1 25243
-3358388 8 2 127 601
-3359687 512 1 108377
-3359911 256 1 115859
-3360679 548 1 911
-3364495 8194 2 103 139
-3365095 2 1 673019
-3368191 2048 2 113 727
-3368276 4096 1 19583
-3370232 33554432 1 421279
-3373268 0 2 353 2389
-3377143 65548 1 719
-3377960 67108866 1 84449
-3382183 260 1 16661
-3382855 70 1 5087
-3387727 4 2 107 4523
-3388184 33636352 1 131
-3388340 2 2 191 887
-3404216 33554464 1 25031
-3405272 33554448 2 137 239
-3410456 33554436 1 60901
-3413624 44056576 0
-3414463 16 1 262651
-3415124 131072 1 12743
-3417656 33816584 1 547
-3417871 131072 2 139 367
-3418135 65542 1 1601
-3419096 33555456 1 11551
-3421124 65540 1 2003
-3421508 0 1 855377
-3425540 32770 1 2903
-3427316 0 2 877 977
-3429764 16 1 65957
-3429860 6 1 24499
-3430472 67108864 1 428809
-3433111 8 1 312101
-3438655 10 2 103 607
-3444056 33554444 1 5591
-3445591 0 2 881 3911
-3446708 4352 1 691
-3448040 67108866 1 86201
-3452503 32768 2 163 359
-3452911 12 1 44843
-3453655 2 2 311 2221
-3454111 32 1 203183
-3459380 2 1 172969
-3460436 2097156 1 1489
-3462692 0 2 733 1181
-3464696 33554432 1 433087
-3465320 67110914 1 2113
-3466760 67108874 1 7879
-3467215 66 1 36497
-3467695 14 1 9007
-3468404 2097664 1 337
-3468995 2 1 693799
-3469688 33554560 2 109 173
-3471284 0 2 227 3823
-3478232 33554432 2 197 2207
-3483487 524324 1 401
-3484471 0 2 757 4603
-3484543 64 1 183397
-3488407 2179088 0
-3489320 69206018 1 1051
-3489560 33554562 1 3793
-3491431 1024 2 197 479
-3496423 4 2 307 1627
-3497695 2 1 699539
-3497828 0 1 874457
-3502111 8192 2 269 277
-3510247 272 1 9311
-3510596 0 2 821 1069
-3511208 67145728 1 173
-3514004 16 1 67577
-3514520 33556482 1 2143
-3514580 34 1 10337
-3519716 0 2 103 8543
-3519851 4224 1 3559
-3526015 130 1 30661
-3528703 0 2 277 12739
-3529736 67108868 1 63031
-3531199 4 1 504457
-3531272 67109632 1 491
-3533647 131088 1 4057
-3536312 33555472 1 919
-3536756 1152 1 1039
-3537967 0 2 139 25453
-3538183 65544 1 5273
-3539219 0 2 163 21713
-3539396 68 1 6653
-3540260 2 1 177013
-3541736 67108872 2 167 241
-3552548 0 2 199 4463
-3553688 33587200 1 7529
-3559139 16777216 2 131 269
-3560072 67108896 1 26177
-3560456 67108864 2 599 743
-3561560 33554434 2 269 331
-3565448 67108864 2 103 4327
-3568436 8388640 1 541
-3569240 33554434 1 89231
-3570488 33554432 2 263 1697
-3572324 4 1 127583
-3573731 2097156 1 6151
-3577207 0 2 137 26111
-3577316 0 1 894329
-3580196 0 1 895049
-3585512 67112964 1 1489
-3586135 6 1 102461
-3587311 1048596 1 499
-3587335 1026 1 19391
-3588167 8 2 137 2381
-3588824 33554432 2 239 1877
-3589364 0 2 331 2711
-3591731 24 1 25117
-3593144 33620992 1 199
-3601303 0 2 199 18097
-3601499 8 1 327409
-3608891 24 1 25237
-3609752 33554432 2 107 4217
-3616015 18 1 55631
-3616040 67108866 1 90401
-3616499 0 2 293 12343
-3617096 67108868 1 64591
-3617144 33570880 1 449
-3618751 4224 1 3659
-3621464 33554444 1 5879
-3621620 2 1 181081
-3622232 33570816 1 8543
-3624296 67108880 1 34849
-3628519 131584 1 1747
-3628735 42 1 3881
-3634735 18 2 199 281
-3635311 128 2 179 883
-3636116 136 1 3593
-3636995 2 1 727399
-3638047 4 2 139 3739
-3638215 70 1 5471
-3642895 2 1 728579
-3643624 67108864 2 419 1087
-3644239 8224 1 4561
-3645179 8192 1 77557
-3649615 2114 1 937
-3653384 67108868 1 65239
-3657535 518 1 3371
-3662468 256 1 31573
-3664388 20 1 10067
-3668983 128 1 159521
-3669539 0 2 983 3733
-3672344 33554448 1 35311
-3675080 68157442 1 1163
-3678644 0 2 181 5081
-3682259 4 1 526037
-3684308 32 1 54181
-3685640 67108870 1 13163
-3687515 18 1 56731
-3689576 67108872 1 41927
-3691460 2 2 379 487
-3694115 514 1 23833
-3696344 33554464 1 27179
-3698216 83886208 1 199
-3698887 294912 1 883
-3700279 4104 1 7823
-3701771 0 2 191 19381
-3702011 262272 1 2267
-3703832 33554440 1 42089
-3704239 524300 1 659
-3714991 4 1 530713
-3715927 262144 2 199 263
-3716095 17410 1 379
-3717103 16777296 1 149
-3718903 32 2 283 773
-3720740 2 1 186037
-3722840 33554442 1 8461
-3722983 4136 1 463
-3724772 0 1 931193
-3725972 8192 1 19819
-3731239 4160 1 4567
-3731623 4 1 533089
-3732271 530688 0
-3733028 16 1 71789
-3734360 33554438 1 13337
-3736135 18 2 229 251
-3737864 67108880 2 127 283
-3737956 0 1 934489
-3738943 16 1 287611
-3742340 6 1 26731
-3742567 32 1 220151
-3744968 67108864 1 468121
-3749588 131104 1 823
-3751211 8192 1 79813
-3754451 128 2 239 683
-3755935 258 1 25903
-3756847 32 2 383 577
-3759151 8 2 563 607
-3761288 67108864 1 470161
-3768932 1048576 1 11927
-3770312 67108884 1 5179
-3770647 2048 1 91967
-3771103 32900 1 397
-3771895 2 1 754379
-3772520 67109890 1 2549
-3773876 32768 1 15991
-3774740 1026 1 5101
-3777908 512 1 30467
-3778568 67108928 1 24859
-3778628 4 1 134951
-3780440 33554690 1 3259
-3783016 67108864 2 487 971
-3783236 0 1 945809
-3784303 0 2 647 5849
-3785156 128 1 41143
-3785771 8 1 344161
-3789559 0 2 1657 2287
-3789796 0 1 947449
-3790136 33570820 1 1277
-3790711 544 1 7193
-3791144 67108868 1 67699
-3797959 8 2 379 911
-3798968 33554432 2 577 823
-3800036 0 1 950009
-3805220 2 1 190261
-3805447 0 2 599 6353
-3806276 2048 1 23209
-3808019 256 1 131311
-3808712 67108864 1 476089
-3813179 0 2 373 10223
-3813380 2 1 190669
-3813439 139268 1 173
-3814856 67108864 2 281 1697
-3814984 67109376 1 15383
-3816260 6 1 27259
-3818024 67109124 1 2351
-3818552 33554560 1 20753
-3818564 0 1 954641
-3819236 0 2 191 4999
-3820052 2048 1 23293
-3823448 34078720 1 6547
-3825967 0 2 1787 2141
-3828644 0 1 957161
-3830120 67108870 1 13679
-3832424 67108864 2 103 4651
-3833348 33792 1 439
-3833780 2 1 191689
-3836599 16 1 295123
-3842939 589824 1 863
-3844216 33554432 1 480527
-3847063 1048648 1 233
-3848171 16416 1 4271
-3850328 33554432 2 211 2281
-3852836 16 1 74093
-3854819 512 1 124349
-3857239 2048 1 94079
-3859352 33554436 1 68917
-3860647 516 1 17791
-3861055 10 1 70201
-3862772 0 2 229 4217
-3864308 260 1 4759
-3866372 524288 1 13241
-3867179 256 1 133351
-3871460 2 1 193573
-3871892 4096 1 22511
-3871940 2 1 193597
-3872171 0 2 113 34267
-3873535 34 2 199 229
-3874568 75497472 1 4993
-3876136 67108904 1 2591
-3877220 2 1 193861
-3877832 67108868 1 69247
-3877976 33555008 1 823
-3879044 16 1 74597
-3881791 0 2 643 6037
-3882632 67109904 1 1009
-3882823 2099204 1 163
-3883471 0 2 113 34367
-3886532 528 1 2411
-3888535 6 2 241 461
-3892639 512 2 199 631
-3895640 33554438 1 13913
-3897256 67239944 1 661
-3900127 12 1 50651
-3900295 8198 1 2371
-3902171 20 2 137 313
-3905060 2 1 195253
-3906511 4 2 229 2437
-3908648 67108864 2 311 1571
-3910052 0 1 977513
-3910255 34 2 179 257
-3911288 33554816 1 733
-3913471 512 1 126241
-3915140 66 1 10303
-3916087 8196 1 11903
-3917335 4194306 1 8803
-3918131 49156 1 179
-3921419 8388608 1 40427
-3923647 20 1 43117
-3923891 0 2 109 35999
-3930248 67108868 1 70183
-3932360 67109890 1 2657
-3933032 67109376 1 15859
-3934628 0 2 199 4943
-3939236 4 2 269 523
-3942659 4 2 439 1283
-3943499 4 1 563357
-3945271 32776 1 6079
-3945524 8 1 89671
-3951320 33554434 2 173 571
-3951956 4194336 1 653
-3952388 4104 1 2089
-3952820 2 1 197641
-3953384 67110944 1 709
-3954968 33558528 1 11497
-3955351 0 2 223 17737
-3956888 33554448 1 38047
-3957428 0 2 317 3121
-3957491 576 1 6719
-3958052 4 1 141359
-3958328 33554952 1 1451
-3960971 4 2 719 787
-3963080 67108874 1 9007
-3963656 67108864 1 495457
-3966680 33554434 2 131 757
-3967135 65538 1 13007
-3967688 75497472 1 5113
-3967739 20480 1 1741
-3970484 4 1 141803
-3971219 16779268 1 137
-3972611 32 1 233683
-3973831 64 2 199 1051
-3974648 34603072 1 331
-3975224 33554440 2 199 227
-3980408 33554432 1 497551
-3981439 268 1 1783
-3981716 64 1 52391
-3983204 0 1 995801
-3983335 2 2 293 2719
-3984271 1024 2 257 419
-3987391 0 2 797 5003
-3987607 16 1 306739
-3987851 4 2 103 5531
-3989239 4096 2 113 821
-3992984 33554560 1 21701
-3993188 1024 1 26981
-3995480 33587202 1 1693
-4002103 68 1 30091
-4003495 642 1 1123
-4005620 1026 1 5413
-4008536 33562628 1 1523
-4012868 0 2 149 6733
-4018520 33554442 1 9133
-4020488 67108864 2 599 839
-4021039 8 2 173 2113
-4023320 33554438 1 14369
-4024820 16386 1 3797
-4025095 2 1 805019
-4026692 6144 1 571
-4031167 262148 1 8111
-4031291 1048584 1 4639
-4035463 0 2 599 6737
-4036351 8 1 366941
-4041416 67108864 2 383 1319
-4044020 2 1 202201
-4047055 2 2 409 1979
-4047851 0 2 353 11467
-4050728 67108872 2 191 241
-4051496 75497600 1 227
-4051615 17039362 1 113
-4052312 33554440 1 46049
-4053332 17825792 1 127
-4054232 33554452 1 5569
-4056535 6 1 115901
-4060808 75497472 1 5233
-4062776 33554432 2 167 3041
-4063303 1024 1 109819
-4063352 33554432 1 507919
-4063607 0 2 809 5023
-4065224 67633152 1 6961
-4066340 2 1 203317
-4067876 16777216 1 10069
-4069412 0 1 1017353
-4070435 8194 1 17321
-4070504 71303168 1 5717
-4071731 2097152 1 49057
-4073336 33620000 1 491
-4080424 67108864 2 317 1609
-4081940 2097154 1 2459
-4082771 44 1 3119
-4089812 256 1 35257
-4091192 33558532 1 1699
-4094071 0 2 163 25117
-4094660 2 1 204733
-4095320 33558530 1 2381
-4099220 8388610 1 2113
-4099592 67108932 1 3853
-4100804 512 1 33071
-4101512 67112960 1 11923
-4104356 0 2 181 5669
-4106071 64 2 197 1097
-4106648 33554452 1 5641
-4109651 20 1 45161
-4110548 16 2 137 577
-4111807 36 2 109 317
-4112215 16777250 1 479
-4113539 32768 2 113 617
-4116007 4 2 617 953
-4116308 4 1 147011
-4117855 262 1 4057
-4118420 34 1 12113
-4118771 128 2 131 1367
-4119620 2 1 205981
-4119659 0 2 1279 3221
-4121455 18 2 163 389
-4124072 67108864 2 191 2699
-4124291 128 1 179317
-4126255 518 1 3803
-4127719 32 1 242807
-4127828 4096 2 103 233
-4129499 2097160 1 4523
-4134895 2 1 826979
-4135928 33554432 1 516991
-4136660 10 1 18803
-4138595 2 1 827719
-4138712 35651712 1 271
-4139384 50339840 1 109
-4140020 2 2 317 653
-4140971 0 2 317 13063
-4141496 34603008 1 6553
-4142171 72 1 19819
-4142504 67108864 2 251 2063
-4144820 2 1 207241
-4146020 2 1 207301
-4146607 0 2 1867 2221
-4146692 524296 1 1291
-4147268 65664 1 739
-4147988 16 1 79769
-4149103 4 2 457 1297
-4153811 0 2 397 10463
-4155944 71303184 1 449
-4157656 33554528 1 1609
-4159556 64 2 229 239
-4159832 34078752 1 419
-4160696 33555008 1 883
-4163012 4 2 157 947
-4163263 526352 1 107
-4163455 514 1 26861
-4163720 67108874 1 9463
-4164212 524304 1 1097
-4164419 4 1 594917
-4164788 512 1 33587
-4165028 68 1 7829
-4166699 0 2 1553 2683
-4170872 33554432 1 521359
-4170884 1179648 1 197
-4172983 0 2 587 7109
-4174936 50331648 1 5167
-4176392 67108872 1 47459
-4177715 514 1 26953
-4177927 4194448 1 157
-4178696 67108864 1 522337
-4178804 36 1 8779
-4180040 67109378 1 3371
-4184360 67633154 1 1433
-4187171 32768 1 70969
-4190527 8 1 380957
-4191380 2 1 209569
-4191908 4 1 149711
-4194872 34078728 1 653
-4195571 2560 1 3301
-4195844 32896 1 773
-4196339 4 1 599477
-4196699 16400 1 6091
-4198135 2 2 109 7703
-4204808 67133440 1 211
-4211476 0 2 887 1187
-4216580 4098 1 4903
-4217960 67108866 1 105449
-4218247 72 1 20183
-4219331 8192 2 107 839
-4222139 149760 0
-4228015 10 1 76873
-4228088 33554432 1 528511
-4228184 33554496 1 27817
-4233371 8388672 1 2297
-4235335 146 1 2833
-4235695 2 1 847139
-4238771 262144 2 227 263
-4238948 4 1 151391
-4239604 4194304 1 11909
-4241795 2 1 848359
-4242980 6 1 30307
-4243183 36 2 181 197
-4247291 262144 2 163 367
-4249316 0 2 613 1733
-4250552 33556480 1 12959
-4252447 1216 1 263
-4253071 0 2 109 39019
-4253095 14 1 11047
-4255015 34 2 113 443
-4255988 8 2 197 491
-4257727 2048 2 113 919
-4259555 514 1 27481
-4262024 67108880 2 107 383
-4263752 67108928 1 28051
-4266419 2048 1 104059
-4270472 67108864 1 533809
-4271576 33555456 1 14431
-4275860 2 2 439 487
-4276111 4 2 641 953
-4278371 4096 1 99497
-4278535 2 2 149 5743
-4281524 16 2 137 601
-4282019 4 2 103 5939
-4283044 0 1 1070761
-4285207 2097184 1 3037
-4285220 2 2 167 1283
-4286099 2048 2 107 977
-4289924 0 2 479 2239
-4290968 33554440 1 48761
-4291832 33554432 1 536479
-4294807 8 1 390437
-4295204 128 1 46687
-4296056 33554432 1 537007
-4296659 0 2 433 9923
-4297015 2 2 211 4073
-4298948 0 2 149 7213
-4299367 128 2 107 1747
-4302655 6 2 269 457
-4303211 8389640 1 109
-4306820 6 1 30763
-4308587 0 2 197 21871
-4309448 67108888 1 3767
-4311967 8 2 113 3469
-4314127 256 1 148763
-4314299 8 1 392209
-4316095 6 2 127 971
-4316468 16 1 83009
-4319288 33636352 1 167
-4319348 4194312 1 1103
-4323563 128 2 317 593
-4325479 0 2 1709 2531
-4330564 4 2 211 733
-4332004 128 1 47087
-4334455 2 2 151 5741
-4336039 131072 1 64717
-4338727 0 2 1423 3049
-4339684 0 2 389 2789
-4339940 10 1 19727
-4341176 33554436 1 77521
-4341731 0 2 281 15451
-4343240 67108874 1 9871
-4343816 67141632 1 9203
-4345028 0 1 1086257
-4345172 16 1 83561
-4347332 264 1 3407
-4348952 33556480 1 13259
-4349012 0 2 149 7297
-4350535 6 1 124301
-4350740 4098 1 5059
-4352383 4 1 621769
-4352996 16384 1 20533
-4353371 136 1 17207
-4355012 0 1 1088753
-4355684 256 1 37549
-4358884 0 2 997 1093
-4360255 2 2 601 1451
-4360580 6 1 31147
-4360619 32 2 179 1433
-4364132 0 1 1091033
-4365779 8 2 137 2897
-4366567 1049088 1 1783
-4368308 4 1 156011
-4373108 512 1 35267
-4374436 1032 1 2687
-4375571 0 2 887 4933
-4379215 578 1 1487
-4380728 33685512 1 743
-4381355 1034 1 2153
-4384724 2105344 1 281
-4386680 33554466 1 6451
-4388296 67117064 1 1061
-4389847 8204 1 1213
-4390495 2 1 878099
-4391459 128 2 431 443
-4393571 20 1 48281
-4395668 128 1 47779
-4397767 8 2 401 997
-4408447 0 2 199 22153
-4409863 0 2 257 17159
-4410068 16 1 84809
-4411015 6 2 193 653
-4414135 42 1 4721
-4414340 6 1 31531
-4414868 0 2 433 2549
-4419031 32 1 259943
-4426063 524288 1 60631
-4427524 0 1 1106881
-4430360 33554442 1 10069
-4430459 8 1 402769
-4432804 0 1 1108201
-4433780 18 1 17053
-4433891 4194316 1 647
-4434056 67108872 1 50387
-4439359 0 2 881 5039
-4440392 67108872 1 50459
-4440607 8192 2 107 883
-4445060 32770 1 3767
-4447876 65536 1 18229
-4449611 0 2 997 4463
-4451048 67174404 1 1303
-4451383 512 1 143593
-4452415 10 1 80953
-4454276 0 1 1113569
-4455332 4 1 159119
-4458788 0 1 1114697
-4461055 546 1 1693
-4461956 32 1 65617
-4466531 128 1 194197
-4468811 262144 2 113 557
-4469407 0 2 1733 2579
-4469935 8322 1 827
-4472771 64 2 151 1559
-4473620 2 1 223681
-4477156 98304 1 311
-4477796 0 1 1119449
-4477831 8192 1 95273
-4478408 67108872 1 50891
-4481720 33554498 1 5897
-4485368 33554624 1 1283
-4485752 33554432 1 560719
-4490468 1024 1 30341
-4491391 8388672 1 2437
-4494644 12 1 14593
-4494943 0 2 1783 2521
-4496024 33554480 1 2543
-4496339 128 1 195493
-4500131 64 2 239 991
-4501447 32 1 264791
-4502792 67108868 1 80407
-4503316 1048576 1 14251
-4507447 4 2 379 1699
-4508104 67108864 2 103 5471
-4512632 33571072 1 367
-4513688 33554432 2 107 5273
-4515188 0 2 239 4723
-4517480 67108874 1 10267
-4518127 0 2 149 30323
-4520372 0 2 443 2551
-4520792 33554944 1 18229
-4522904 33562752 1 523
-4524967 0 2 1117 4051
-4526552 33554688 2 109 179
-4528739 16777216 1 44839
-4529143 16777216 1 44843
-4529171 0 2 307 14753
-4530487 16 2 107 3257
-4531615 10 1 82393
-4533032 67174404 1 1327
-4535828 8 1 103087
-4538215 10 2 109 757
-4544219 32 1 267307
-4548731 8 1 413521
-4548899 1310720 1 811
-4552091 8320 1 4211
-4554308 4194312 1 1163
-4554968 33554440 2 191 271
-4555663 73732 1 227
-4556915 266 1 2857
-4557544 67108864 2 103 5531
-4561499 0 2 631 7229
-4561544 67109008 1 1907
-4566932 0 2 307 3719
-4572424 67108864 2 131 4363
-4575007 0 2 421 10867
-4578116 0 1 1144529
-4578299 16392 1 7853
-4584692 524292 1 2243
-4585940 2 2 467 491
-4586771 68 1 34487
-4587416 37748768 1 379
-4587736 33818624 1 197
-4588388 4 1 163871
-4589140 2 2 269 853
-4589939 0 2 1373 3343
-4595588 1048576 1 14543
-4596136 67108992 1 24979
-4596271 8256 1 5147
-4597087 4104 1 9719
-4597460 6 1 32839
-4598195 1048582 1 1663
-4600484 4100 1 3821
-4600724 0 2 337 3413
-4604792 50333696 1 139
-4608616 67108864 2 757 761
-4609748 24 1 8059
-4611727 0 2 829 5563
-4612331 0 2 1109 4159
-4613576 67108872 2 103 509
-4614383 4194304 2 139 373
-4616455 32770 1 15649
-4617011 4 2 617 1069
-4617179 4 1 659597
-4619432 67108928 1 30391
-4620680 67371010 1 1627
-4628996 1024 1 31277
-4632251 16 1 356327
-4632299 516 1 21347
-4633448 67117056 1 12323
-4636379 8 2 521 809
-4637492 0 2 419 2767
-4640036 0 1 1160009
-4640195 6 2 233 569
-4642804 0 2 157 7393
-4644007 0 2 449 10343
-4645091 16778248 1 113
-4645211 65536 2 271 281
-4645955 32770 1 15749
-4646963 64 2 131 1867
-4650788 256 1 40093
-4653304 33554432 1 581663
-4654739 8396800 1 1021
-4657615 16777346 1 401
-4659823 132 2 103 281
-4660564 0 2 193 6037
-4661192 67108864 1 582649
-4664887 16777216 1 46187
-4665860 2 1 233293
-4666232 33554432 1 583279
-4671428 1048576 1 14783
-4672931 0 2 1129 4139
-4673672 67110912 1 14249
-4673719 1179648 1 883
-4673911 16392 1 8017
-4676455 16390 1 2521
-4680824 33595392 1 211
-4681903 128 2 251 811
-4682456 33554688 1 20183
-4683428 0 1 1170857
-4684088 33554560 1 25457
-4684139 0 2 107 43777
-4684255 8706 1 643
-4687015 66 2 103 479
-4691479 16 2 563 641
-4694936 33554432 2 127 4621
-4695703 128 1 204161
-4696820 524290 1 3217
-4697195 2 1 939439
-4698584 33554440 2 107 499
-4701367 552 1 811
-4702856 67174528 1 419
-4703444 2097664 1 457
-4706651 4224 1 4759
-4707752 67108868 1 84067
-4709263 16 2 103 3517
-4709383 67588 1 269
-4712024 33555456 1 15919
-4715912 67108864 2 283 2083
-4717235 2 2 257 3671
-4725635 2 2 541 1747
-4726351 4 2 523 1291
-4730459 0 2 2063 2293
-4732388 128 1 51439
-4733896 67108864 2 719 823
-4734680 33556482 1 2887
-4736143 8192 1 100769
-4736840 68157442 1 1499
-4737512 67108880 1 45553
-4737967 16 1 364459
-4740196 8388672 1 643
-4740824 33554472 1 3169
-4743860 10 1 21563
-4744244 0 2 389 3049
-4745060 66 1 12487
-4745956 0 1 1186489
-4747172 0 2 701 1693
-4753015 2 2 641 1483
-4754660 2 1 237733
-4755524 512 1 38351
-4756328 67110944 1 853
-4757767 4 1 679681
-4757863 16392 1 8161
-4760747 128 2 449 461
-4760935 1048610 1 709
-4762456 33554432 2 499 1193
-4762916 0 2 389 3061
-4763047 1408 1 193
-4763240 67108866 2 193 617
-4764260 2 1 238213
-4766915 2 2 137 6959
-4769191 4 2 487 1399
-4769240 33554438 1 17033
-4771892 768 1 1327
-4774628 1024 1 32261
-4775195 2 1 955039
-4777652 136 1 4721
-4777844 16896 1 727
-4779860 130 1 10391
-4785539 8 2 439 991
-4785631 0 2 139 34429
-4785823 36 2 131 307
-4786735 2 2 109 8783
-4791332 20 1 13163
-4792340 6 1 34231
-4792996 16 1 92173
-4794632 67108864 2 739 811
-4796099 12 2 199 313
-4801208 33558560 1 821
-4803035 524290 1 13159
-4806179 4 2 151 4547
-4806392 33554496 2 103 307
-4808312 33554432 1 601039
-4812847 8208 1 7877
-4817099 131076 1 10271
-4818104 54657024 0
-4820180 34 1 14177
-4820651 8 1 438241
-4822259 16 2 347 1069
-4822292 0 2 167 7219
-4822835 2 2 499 1933
-4823524 0 2 359 3359
-4826143 4 2 599 1151
-4826168 33554432 2 103 5857
-4832852 128 2 131 401
-4835720 67125250 1 2281
-4836920 33554442 1 10993
-4838312 67108928 2 139 229
-4839140 2 2 131 1847
-4839319 64 2 487 523
-4842779 1081344 1 1039
-4843735 4114 1 1733
-4846580 2 1 242329
-4852255 2 2 271 3581
-4853492 8388612 1 1787
-4854103 0 2 353 13751
-4854248 67108900 1 5099
-4854419 0 2 761 6379
-4855543 12 1 63059
-4857140 130 1 10559
-4857844 2112 1 1559
-4858484 12288 1 601
-4860068 0 1 1215017
-4862920 67174402 1 1993
-4863092 2064 1 2281
-4865240 33554434 1 121631
-4866616 33554560 1 26449
-4866851 32776 1 7499
-4867715 2 2 937 1039
-4868504 33556480 1 14843
-4868527 8404992 1 947
-4868708 16 1 93629
-4868915 8388610 1 10039
-4872131 81928 1 137
-4872740 66 1 12823
-4872932 6144 1 691
-4874660 6 1 34819
-4876063 0 2 113 43151
-4878436 4096 2 113 251
-4879615 2066 1 1831
-4879691 0 2 251 19441
-4884676 4194304 1 13721
-4886167 8216 1 727
-4886527 65536 1 80107
-4888424 67108864 2 167 3659
-4891855 2 2 449 2179
-4894292 16 1 94121
-4897156 40 1 6547
-4898468 0 2 277 4421
-4899844 139264 1 389
-4901476 1048576 1 15511
-4902212 4 1 175079
-4902980 2 1 245149
-4904767 4 1 700681
-4905092 0 2 311 3943
-4906571 0 2 1721 2851
-4908059 16 1 377543
-4909355 10 1 89261
-4910296 33685504 1 9161
-4910552 33554464 1 36107
-4910840 33554442 1 11161
-4911364 0 1 1227841
-4913503 4 2 127 5527
-4914491 4194304 1 55219
-4917572 524296 1 1531
-4918820 2 1 245941
-4920244 4 1 175723
-4920895 32774 1 2383
-4925012 256 1 42457
-4931588 524288 1 16889
-4931956 0 2 659 1871
-4932916 0 2 787 1567
-4933135 2 2 769 1283
-4933508 0 1 1233377
-4934948 0 2 311 3967
-4939940 130 1 10739
-4940324 256 1 42589
-4941631 0 2 103 47977
-4942760 67109122 1 4261
-4942927 8 2 197 2281
-4947736 33554432 2 317 1951
-4949108 524320 1 997
-4951604 4194308 1 1987
-4953563 0 2 337 14699
-4955204 0 1 1238801
-4956244 10240 1 643
-4956296 67108864 1 619537
-4957940 18 1 19069
-4959316 16384 2 149 157
-4961435 65538 1 16267
-4961767 640 1 6959
-4961983 80 1 20089
-4962212 0 1 1240553
-4963268 0 1 1240817
-4963412 1048576 2 113 139
-4964840 67108866 1 124121
-4969832 67108868 1 88747
-4970552 33570880 1 617
-4971668 131088 1 1427
-4972091 64 2 167 1567
-4973431 0 2 439 11329
-4974308 0 1 1243577
-4974607 8 2 137 3301
-4975160 33619970 1 2039
-4975624 67109376 1 20063
-4976647 16912 1 233
-4978804 270336 1 373
-4981748 65568 1 1201
-4982335 2 2 271 3677
-4983076 4 1 177967
-4984063 131076 1 10627
-4984091 4 2 113 6301
-4987183 4096 1 115981
-4987687 8192 1 106121
-4989899 0 2 263 18973
-4990211 0 2 127 39293
-4991252 4 1 178259
-4993256 71303168 1 7013
-4993979 131136 1 3923
-4994455 24578 1 401
-4994935 10 2 197 461
-4995439 4224 1 5051
-4997480 83886082 1 1237
-4998916 16 2 251 383
-4998968 33816592 1 677
-5002376 67371008 1 8807
-5003972 128 2 109 499
-5005619 33792 1 2293
-5009407 112 1 1193
-5009672 67112960 1 14563
-5013844 40 1 6703
-5016968 67117064 1 1213
-5017396 0 2 757 1657
-5020235 8388618 1 941
-5021528 33554464 1 36923
-5025092 0 2 919 1367
-5025416 67108872 1 57107
-5029783 8 1 457253
-5035979 16 2 103 3761
-5038868 32 1 74101
-5041907 16 1 387839
-5043851 49152 1 1613
-5044115 4354 1 809
-5044855 2 2 431 2341
-5045411 4 1 720773
-5045671 128 1 219377
-5045912 33555456 1 17047
-5046632 67108864 2 293 2153
-5049055 10 1 91801
-5051215 18 1 77711
-5052068 131076 1 2693
-5052415 2 2 443 2281
-5053940 32770 1 4283
-5055656 83886080 1 6257
-5059688 67109120 2 113 193
-5060023 192 1 11579
-5060312 33849344 1 151
-5068039 0 2 1013 5003
-5070632 67108868 1 90547
-5073860 10 1 23063
-5074663 8 1 461333
-5081944 33554436 1 90749
-5083595 42 1 5437
-5084311 128 2 443 499
-5085188 0 2 673 1889
-5085604 0 1 1271401
-5085608 67108872 1 57791
-5085908 2097152 1 15319
-5088535 2 2 839 1213
-5088548 1048576 1 16103
-5089652 4096 2 127 233
-5092760 33554498 1 6701
-5095832 33554436 1 90997
-5098331 4 1 728333
-5101615 8226 1 1277
-5101988 0 2 151 8447
-5102023 32 1 300119
-5103368 67108864 2 127 5023
-5105095 2 1 1021019
-5107115 18 1 78571
-5107451 16640 1 3323
-5108948 80 1 5171
-5109031 0 2 167 30593
-5110232 33554560 1 27773
-5114852 0 1 1278713
-5114935 6 1 146141
-5115463 0 2 523 9781
-5117047 16 2 167 2357
-5118271 0 2 709 7219
-5119331 4 1 731333
-5120339 8388612 1 7541
-5122148 0 1 1280537
-5125955 4194306 1 11519
-5129047 32780 1 1129
-5129767 32 1 301751
-5130799 0 2 1901 2699
-5131784 67108868 1 91639
-5132372 4 1 183299
-5136487 0 2 1579 3253
-5137015 18 1 79031
-5137255 2 2 719 1429
-5137352 67108872 1 58379
-5141647 131140 1 577
-5142248 67108992 1 27947
-5142436 16 1 98893
-5142559 576 1 8731
-5143207 32768 2 179 487
-5143211 0 2 151 34061
-5144051 8 1 467641
-5146040 33554434 2 127 1013
-5151487 520 1 15107
-5154020 8194 1 5483
-5159288 33554432 1 644911
-5160884 0 2 439 2939
-5163572 1024 2 139 251
-5165780 2 2 173 1493
-5170807 0 2 907 5701
-5172655 66 1 54449
-5173448 67108868 1 92383
-5177960 67108866 1 129449
-5178008 33554696 1 2029
-5178055 1048578 1 13109
-5178452 0 2 541 2393
-5179448 33556480 1 15791
-5180420 6 1 37003
-5181160 67108866 1 129529
-5184356 0 1 1296089
-5184680 67108866 2 227 571
-5185268 8 2 191 617
-5186455 514 1 33461
-5187752 67141888 1 379
-5189747 1048576 2 179 367
-5190943 0 2 659 7877
-5191688 67108864 1 648961
-5192804 0 2 229 5669
-5194804 2097152 1 15647
-5194903 4 2 137 5417
-5201983 32 1 305999
-5202539 0 2 691 7529
-5203832 33554432 1 650479
-5204623 0 2 1597 3259
-5204771 56 1 2141
-5205032 67110916 1 2267
-5205343 4194328 1 409
-5205976 33554432 2 337 1931
-5209595 2 1 1041919
-5210228 32 2 193 397
-5210468 0 1 1302617
-5210852 512 1 42023
-5213939 384 1 7817
-5214872 33556496 1 1223
-5216215 524802 1 461
-5216743 4 1 745249
-5221480 67108874 1 11867
-5226728 67109136 1 1733
-5230084 32 1 76913
-5230148 12 1 16981
-5232392 67109896 1 1607
-5234312 69206016 1 7883
-5234891 4194304 2 131 449
-5235967 8 1 475997
-5237524 131072 1 19543
-5238655 2 2 521 2011
-5241560 33587202 1 2221
-5244404 8 1 119191
-5245160 67108866 1 131129
-5247703 128 2 151 1511
-5247860 2 2 131 2003
-5247895 1090 1 1493
-5249780 2 1 262489
-5251832 33554432 1 656479
-5255588 16 2 211 479
-5257508 0 1 1314377
-5259203 128 2 251 911
-5259272 83886208 1 283
-5259659 0 2 439 11981
-5261095 6 2 191 787
-5261828 24 1 9199
-5263931 4192 1 379
-5268491 64 2 149 1861
-5269499 8192 2 191 587
-5271608 33816576 1 9281
-5272303 0 2 919 5737
-5273695 4194310 1 1693
-5275927 8388608 2 109 499
-5276651 0 2 607 8693
-5278135 2050 1 25747
-5278532 4 1 188519
-5279944 67633152 1 9041
-5282180 130 1 11483
-5282228 68 1 9929
-5284591 16 1 406507
-5284808 67108864 1 660601
-5286203 16 1 406631
-5288099 64 1 278321
-5291828 32800 1 1319
-5292248 33554448 2 151 337
-5295971 0 2 113 46867
-5297080 33554434 2 151 877
-5301779 68 1 39863
-5301851 0 2 467 11353
-5303768 33554432 2 113 5867
-5304943 4 2 359 2111
-5305688 33816576 1 9341
-5306660 2 1 265333
-5308148 32 2 251 311
-5310872 33554436 1 94837
-5311412 96 1 4111
-5312312 33555456 2 131 137
-5312407 0 2 1039 5113
-5312584 67108864 2 571 1163
-5315528 67108864 1 664441
-5317892 0 2 109 12197
-5319032 33554432 1 664879
-5320280 33554438 1 19001
-5321503 8 1 483773
-5321540 6 1 38011
-5323495 2 1 1064699
-5324387 0 2 421 12647
-5326835 131074 1 15901
-5329447 0 2 1979 2693
-5330648 33554432 2 613 1087
-5334548 524288 1 18269
-5336815 74 1 5107
-5337059 20 2 223 263
-5338619 1048 1 1009
-5340007 64 1 281053
-5345960 67108866 1 133649
-5346248 67108864 2 563 1187
-5346895 2 1 1069379
-5352136 67108864 2 131 5107
-5353220 2 1 267661
-5356504 33554432 2 139 4817
-5359235 70 1 8059
-5361992 67108864 1 670249
-5363476 4096 1 31183
-5367304 67108864 2 263 2551
-5368807 262144 1 75617
-5370932 4 2 433 443
-5371091 584 1 829
-5371688 67108868 1 95923
-5379704 33554440 2 113 541
-5384407 526340 1 257
-5385316 0 2 389 3461
-5386811 8192 1 114613
-5387108 524352 1 971
-5388995 2 1 1077799
-5389220 2 1 269461
-5389508 0 1 1347377
-5390819 4194340 1 509
-5391299 0 2 197 27367
-5392567 0 2 1103 4889
-5397124 0 1 1349281
-5401139 0 2 367 14717
-5401880 33554442 1 12277
-5402891 16 1 415607
-5403560 67108866 1 135089
-5404135 10 1 98257
-5404868 4 1 193031
-5405143 4096 2 337 373
-5411960 33554498 1 7121
-5412740 2 2 127 2131
-5413160 67108866 1 135329
-5416979 0 3 163 167 199
-5418179 144 1 18121
-5418296 33570832 1 983
-5418488 33554432 1 677311
-5419016 67108864 2 439 1543
-5419448 33554432 2 103 6577
-5420804 0 2 463 2927
-5421608 67109120 1 23369
-5422532 0 2 109 12437
-5424535 1049090 1 443
-5431640 33554434 2 251 541
-5434451 8 1 494041
-5434571 131328 1 2797
-5435215 524290 1 14891
-5437087 0 2 1039 5233
-5439755 2 2 541 2011
-5440232 67108932 1 5113
-5444123 128 1 236701
-5444939 0 2 1621 3359
-5444983 0 2 2087 2609
-5448068 0 1 1362017
-5450335 2058 1 2417
-5451992 33554452 1 7489
-5456072 67108864 1 682009
-5456723 1024 2 139 1061
-5459492 0 2 367 3719
-5461471 32 2 311 1033
-5462584 33554432 2 239 2857
-5463064 33558528 1 15881
-5465240 33554442 1 12421
-5468056 33554440 1 62137
-5468648 67109376 1 22051
-5468815 42 1 5849
-5468996 16 1 105173
-5471047 262144 2 251 307
-5472247 72 1 26183
-5476244 288 1 2777
-5476328 67108888 1 4787
-5476388 0 1 1369097
-5477380 8194 1 5827
-5477480 67109890 1 3701
-5477672 67108896 1 40277
-5478895 2 1 1095779
-5479076 2048 1 33409
-5479283 262144 2 229 337
-5482495 2 1 1096499
-5483108 128 2 107 557
-5483464 67108868 1 97919
-5483503 32 1 322559
-5483896 50331656 1 617
-5486840 33554434 2 229 599
-5487460 10 1 24943
-5493860 2 1 274693
-5496392 67108872 1 62459
-5499131 8 2 163 3067
-5499940 8194 1 5851
-5500931 0 2 149 36919
-5501828 0 1 1375457
-5502932 65600 1 1187
-5503687 4 1 786241
-5505247 4104 2 103 113
-5505476 768 1 1531
-5505511 8 1 500501
-5507768 33587204 1 1667
-5510579 4096 1 128153
-5511188 0 2 241 5717
-5511583 524 1 2309
-5514727 256 2 397 479
-5515156 2048 1 33629
-5516263 2099200 1 1621
-5519195 138 1 4363
-5519480 33558530 1 3209
-5520659 1088 1 7853
-5521115 4194370 1 653
-5521739 0 2 1811 3049
-5525896 75497472 1 7121
-5526536 67108864 1 690817
-5527879 4194372 1 467
-5528195 2 1 1105639
-5535064 33554464 1 40699
-5535419 0 2 281 19699
-5538008 33554436 1 98893
-5541572 0 1 1385393
-5543320 33554434 2 139 997
-5543335 6 2 251 631
-5546219 4 1 792317
-5549768 67108868 1 99103
-5549795 2101250 1 311
-5549939 32 1 326467
-5550107 16768 1 157
-5551543 0 2 349 15907
-5552344 33554436 1 99149
-5557955 1042 1 2311
-5561743 8 1 505613
-5562664 67109120 1 23977
-5568223 0 2 191 29153
-5568436 0 2 193 7213
-5569043 0 2 173 32191
-5571140 2 1 278557
-5572015 1026 1 30119
-5572739 1048704 1 3067
-5573215 16386 1 21031
-5573288 67108868 1 99523
-5574991 262144 2 233 337
-5577320 67108870 1 19919
-5578904 33554688 2 139 173
-5581811 0 2 1951 2861
-5582743 0 2 431 12953
-5583779 128 1 242773
-5584931 262152 1 7151
-5586367 0 2 2003 2789
-5586932 16 1 107441
-5587783 73728 1 1949
-5589316 0 1 1397329
-5591915 6 1 159769
-5594408 67108864 2 569 1229
-5594648 33554432 2 641 1091
-5595572 131072 1 20879
-5597767 1028 1 21613
-5598436 0 1 1399609
-5598788 131088 1 1607
-5599592 67240448 1 337
-5601131 8192 1 119173
-5601668 0 1 1400417
-5602292 0 2 887 1579
-5603387 8224 1 7013
-5604308 256 1 48313
-5605087 32 1 329711
-5606408 67108864 1 700801
-5608183 4 2 733 1093
-5612824 34078724 1 1373
-5613199 0 2 1049 5351
-5613992 67633152 1 9613
-5614115 18 1 86371
-5614328 33554432 1 701791
-5615795 8322 1 1039
-5617508 32784 1 1831
-5619155 66 1 59149
-5619272 67125504 1 457
-5619895 2 1 1123979
-5621588 4 1 200771
-5626331 1024 1 152063
-5627956 0 2 919 1531
-5628007 12 1 73091
-5631655 258 1 38839
-5632015 34 2 173 383
-5632756 0 2 947 1487
-5635172 16448 1 1399
-5635652 8 2 349 367
-5639819 0 2 211 26729
-5642792 67108864 2 223 3163
-5643703 524368 1 313
-5643908 0 1 1410977
-5644760 33554442 1 12829
-5649640 67108866 1 141241
-5650663 128 1 245681
-5653091 262144 1 79621
-5653928 67108900 1 5939
-5654792 67108888 1 4943
-5657171 16 2 277 1571
-5658535 34 1 66571
-5660468 8 2 103 1249
-5662564 32 1 83273
-5665255 1026 2 113 271
-5666579 192 1 12967
-5667943 0 2 1193 4751
-5668052 16 1 109001
-5668580 130 1 12323
-5669432 33554464 1 41687
-5671571 6144 1 3217
-5672023 260 1 27941
-5672884 2097156 1 2441
-5673583 0 2 467 12149
-5676535 66 1 59753
-5676692 260 1 6991
-5677384 67108864 1 709673
-5679812 34816 1 587
-5683736 33620032 1 613
-5685967 4 1 812281
-5686340 10 1 25847
-5687219 256 1 196111
-5687380 2 1 284369
-5688932 0 2 173 8221
-5689268 1040 1 2957
-5689715 2 2 283 4021
-5690884 0 1 1422721
-5691364 4 2 181 1123
-5691371 8196 1 17299
-5691556 16 1 109453
-5692084 4227072 1 271
-5693531 0 3 103 167 331
-5695880 67108866 2 131 1087
-5697059 0 3 131 157 277
-5698499 64 2 107 2803
-5699263 4096 1 132541
-5705656 33554568 1 2819
-5705672 67108868 2 139 733
-5708531 192 1 13063
-5710564 320 1 2591
-5710772 0 2 379 3767
-5712968 67108864 2 127 5623
-5714648 33816576 1 10061
-5715059 8452 1 599
-5716292 4194304 1 16057
-5718223 16388 1 15413
-5719331 524288 1 78347
-5720180 2 1 286009
-5721380 6 1 40867
-5725687 8 2 229 2273
-5728324 4 1 204583
-5730436 0 2 137 10457
-5736008 67108864 1 717001
-5738579 12 1 74527
-5739428 0 1 1434857
-5741012 524288 1 19661
-5741651 128 2 191 1307
-5743571 0 2 1493 3847
-5743903 8 2 113 4621
-5754196 4 1 205507
-5758979 0 2 953 6043
-5760248 41943056 1 571
-5764931 2097152 1 69457
-5767663 32776 1 8887
-5774527 8 1 524957
-5775512 33554464 1 42467
-5778916 24 1 10103
-5780215 6 2 239 691
-5782760 67108866 1 144569
-5783528 75497728 1 257
-5783780 2 1 289189
-5784724 520 1 4241
-5786887 65600 1 4993
-5788264 67239936 1 10799
-5790463 1049604 1 283
-5790664 67109000 1 2861
-5791816 67108864 1 723977
-5792468 8200 1 2801
-5792948 68 1 10889
-5796083 64 2 107 2851
-5796635 18 2 257 347
-5797979 131080 1 7867
-5801219 0 2 107 54217
-5804264 67109888 1 19609
-5807416 33554944 1 23417
-5807732 2052 1 5059
-5809892 136 1 5741
-5810084 32772 1 3517
-5810219 64 2 313 977
-5811755 8388738 1 521
-5817343 4 2 307 2707
-5820659 16 1 447743
-5822084 65536 2 107 223
-5827019 1032 2 103 139
-5828372 520 1 4273
-5828459 84 1 3371
-5829491 0 2 103 56597
-5832424 67108880 1 56081
-5832740 32770 1 4943
-5835179 4 1 833597
-5835364 0 1 1458841
-5836715 524290 1 15991
-5837527 1024 1 157771
-5838308 4 1 208511
-5838635 2097162 1 1279
-5838664 67109392 1 1811
-5844920 33562626 1 3109
-5846948 1048576 1 18503
-5847092 16779264 1 353
-5847428 128 1 63559
-5850548 8 1 132967
-5850692 768 1 1627
-5851060 34 1 17209
-5852287 260 2 127 227
-5853064 67108932 1 5501
-5854327 16384 1 110459
-5856452 4 1 209159
-5856727 2048 2 211 677
-5858504 67109376 1 23623
-5859007 12 1 76091
-5859332 0 2 181 8093
-5860255 8392706 1 281
-5862367 4 2 137 6113
-5863460 2 1 293173
-5864584 67108872 1 66643
-5866388 8 1 133327
-5867771 52 1 3793
-5868967 80 1 23761
-5869115 65542 1 2749
-5869807 128 1 255209
-5870852 16 1 112901
-5875739 16384 1 110863
-5876708 0 2 181 8117
-5877443 152 1 1787
-5877631 608 1 587
-5878019 262148 1 11827
-5878936 33619972 1 1721
-5882644 16777216 1 14561
-5885699 0 3 131 179 251
-5885956 256 1 50741
-5889272 33554432 1 736159
-5889880 33554434 2 229 643
-5890052 4 1 210359
-5890532 64 2 179 433
-5890931 64 1 310049
-5895779 0 2 523 11273
-5897816 34078720 1 10099
-5900167 148 1 2819
-5904248 33587204 1 1787
-5906164 8 2 269 499
-5911087 52 1 3821
-5913607 4 2 443 1907
-5914712 33554432 2 227 3257
-5915224 33570820 1 1993
-5916932 4 1 211319
-5917087 8 2 479 1123
-5918408 67141632 1 12539
-5919256 33554436 1 105701
-5921143 4224 1 5987
-5922295 2 1 1184459
-5923763 64 2 139 2243
-5928223 548 1 1607
-5929015 2 2 151 7853
-5929183 16 1 456091
-5930360 33555458 1 4007
-5935063 16777216 1 58763
-5935268 0 2 109 13613
-5938036 16 1 114193
-5941028 0 2 743 1999
-5941547 64 2 179 1747
-5943103 8704 1 4079
-5943295 524354 1 857
-5945716 36 1 12491
-5946788 1152 1 1747
-5948660 2 2 283 1051
-5949860 6 1 42499
-5950504 67141636 1 1801
-5953063 0 2 1619 3677
-5953207 272 1 15791
-5954072 34603008 1 9421
-5955251 0 2 401 14851
-5957051 64 2 157 1997
-5957623 4 2 103 8263
-5959352 33554436 1 106417
-5961011 4 1 851573
-5963012 32776 1 2297
-5964007 4 2 163 5227
-5964548 1024 2 191 211
-5965352 67108864 2 109 6841
-5965619 264 1 18701
-5967064 33555520 1 1061
-5969192 67108928 2 173 227
-5974283 4 2 239 3571
-5975732 4 2 457 467
-5975960 33554434 1 149399
-5976548 0 1 1494137
-5977064 67371040 1 619
-5977811 4 2 103 8291
-5979572 0 2 173 8641
-5980379 1638432 0
-5980595 2 1 1196119
-5981143 68 1 44971
-5984171 1048576 2 211 359
-5984623 128 1 260201
-5986568 67108868 1 106903
-5987012 0 1 1496753
-5989864 67108928 2 157 251
-5991512 33554432 2 109 6871
-5992523 4096 1 139361
-5994155 131330 1 617
-5998087 16777216 1 59387
-5999003 262208 1 4447
-5999060 66 1 15787
-5999339 1048576 1 75941
-5999480 33554434 2 127 1181
