-475271
-492719
-531911
-699767
-725303
-731807
-735359
-756191
-792263
-986927
-1003943
-1018583
-1048127
-1142783
-1168799
-1218559
-1331207
-1411607
-1437263
-1463303
-1472927
-1487191
-1601447
-1618471
-1619071
-1665271
-1757071
-1769431
-1812271
-1826183
-1834999
-1892927
-1894583
-1910903
-1948703
-1962503
-2090119
-2108807
-2140847
-2144671
-2195359
-2376611
-2378359
-2413451
-2440499
-2458063
-2492719
-2494951
-2501479
-2530831
-2548111
-2561959
-2566567
-2623223
-2638327
-2712223
-2713943
-2735983
-2772391
-2777407
-2815759
-2838271
-2849207
-2858819
-2925799
-2939567
-2950399
-2964491
-2970343
-2995831
-2998063
-3010039
-3016399
-3055687
-3087103
-3087199
-3095263
-3292691
-3306631
-3313327
-3332431
-3365839
-3400471
-3408799
-3444899
-3461383
-3467647
-3560411
-3578359
-3603527
-3750247
-3757451
-3769807
-3802999
-3810151
-3836431
-3877571
-3908771
-3954131
-3967231
-4000159
-4035271
-4044463
-4078159
-4082531
-4100171
-4110439
-4152371
-4163767
-4204063
-4207807
-4233079
-4252063
-4262459
-4270139
-4326991
-4365899
-4366183
-4380059
-4397047
-4429211
-4461727
-4463023
-4474783
-4632011
-4661911
-4673939
-4683131
-4737347
-4774571
-4843687
-4848299
-4860991
-4881731
-4920703
-4965007
-4980127
-4981351
-4984207
-5051143
-5055247
-5079227
-5130683
-5135671
-5175031
-5211587
-5212087
-5234743
-5235943
-5284523
-5288167
-5452327
-5470327
-5478559
-5510051
-5595059
-5603503
-5662663
-5675287
-5682371
-5707183
-5707451
-5778847
-5823659
-5841007
-5900383
-5954147
-5963527
-5975171
-5981579
-6019691
