-5351
-10151
-12799
-13004
-14303
-15116
-15391
-16487
-16703
-16831
-17911
-18503
-20551
-21404
-22604
-24524
-25964
-28859
-29791
-29819
-31039
-36812
-39419
-39847
-40604
-41708
-44207
-44839
-47527
-49388
-50263
-50359
-51131
-51196
-51343
-51692
-52172
-52876
-53939
-54059
-54419
-54583
-55663
-57212
-58427
-58508
-58567
-58924
-61564
-63692
-65147
-65948
-66812
-67324
-71339
-71483
-71527
-71644
-71948
-72367
-74012
-75212
-76876
-79087
-80603
-81131
-82204
-82444
-85087
-86243
-86263
-87179
-93251
-95003
-97283
-98764
-99571
-99916
-101051
-105563
-107971
-108379
-111227
-112204
-113051
-119164
-119243
-120563
-121787
-124156
-128332
-129452
-130859
-131267
-132947
-136531
-137507
-138923
-139067
-139459
-139787
-141811
-141964
-142787
-147139
-147211
-147451
-148411
-148531
-155404
-158668
-158867
-159388
-159532
-161267
-164908
-165083
-166156
-167779
-169228
-170284
-170539
-171707
-172643
-175403
-175948
-176507
-176828
-177347
-177979
-178819
-179356
-179404
-185243
-186587
-187468
-190051
-190108
-192979
-194092
-195532
-201052
-201436
-204019
-204067
-204563
-204931
-205372
-207148
-208108
-210619
-211339
-212419
-212507
-213091
-216859
-217163
-218131
-218332
-219091
-220579
-222652
-223948
-224131
-225868
-226307
-227308
-234259
-234268
-237163
-238291
-244939
-247372
-248587
-248779
-250267
-254668
-254963
-257371
-257611
-257731
-259771
-260587
-267532
-267907
-270163
-271468
-278563
-279187
-281683
-282508
-285772
-286108
-289228
-289283
-289468
-293483
-293932
-300187
-301228
-304492
-306412
-306883
-313267
-316348
-323251
-324067
-324451
-324763
-324811
-325132
-326188
-326539
-329123
-333187
-333787
-337891
-340348
-341347
-343531
-343891
-345052
-345451
-349963
-355651
-356428
-358051
-358252
-358723
-362347
-364291
-365107
-367651
-367867
-369868
-373987
-376003
-376891
-380251
-382747
-384067
-388483
-390763
-396427
-398539
-400339
-407347
-410188
-414451
-417283
-418828
-419308
-420163
-423427
-429427
-431659
-435763
-442243
-445699
-449107
-449227
-456763
-466723
-469228
-473203
-484027
-487603
-499948
-506347
-507523
-509203
-510403
-511963
-515227
-517267
-517507
-521707
-523219
-524707
-526051
-533548
-537331
-538147
-549739
-553963
-558643
-559123
-571867
-573883
-577147
-580627
-593587
-594283
-607363
-607627
-611011
-613507
-617131
-623683
-625267
-627643
-658963
-663763
-668347
-671323
-679123
-683323
-707683
-709963
-724627
-727267
-733387
-735043
-735067
-740227
-743923
-763627
-767827
-768643
-769003
-769987
-798403
-820747
-823243
-848443
-865363
-869563
-870643
-870787
-882907
-887947
-891907
-892987
-914467
-925843
-932563
-941467
-948187
-951283
-951787
-960667
-974803
-999667
-1006987
-1014787
-1027027
-1046347
-1068307
-1122643
-1169683
-1236643
-1250923
-1414627
-1475203
