-366239
-377471
-468191
-482711
-517991
-591863
-603191
-796391
-856943
-889951
-933407
-937639
-981311
-1088903
-1123279
-1126999
-1132463
-1173743
-1181471
-1217191
-1218383
-1262927
-1369943
-1459583
-1476647
-1503959
-1518743
-1555711
-1595431
-1656079
-1675831
-1768583
-1778303
-1794679
-1833679
-1861331
-1929647
-1937071
-2104423
-2121271
-2172871
-2217503
-2270771
-2287111
-2347727
-2367251
-2372959
-2427751
-2448167
-2460511
-2493991
-2597359
-2614303
-2679491
-2753599
-2978071
-3022687
-3026839
-3083359
-3087767
-3088607
-3096319
-3112303
-3116623
-3127687
-3160303
-3163967
-3237659
-3260143
-3319583
-3341839
-3397663
-3410819
-3483247
-3488311
-3490463
-3492031
-3513079
-3547571
-3551599
-3665239
-3718207
-3735583
-3745487
-3745499
-3750511
-3780607
-3805223
-3853183
-3898351
-3916183
-3923527
-3928247
-4026079
-4094743
-4126783
-4128967
-4148863
-4155007
-4157623
-4158103
-4174691
-4220791
-4232651
-4249327
-4327159
-4410611
-4455779
-4524823
-4593943
-4602131
-4608943
-4614031
-4639543
-4655503
-4668803
-4680539
-4702403
-4718579
-4757507
-4821919
-4822591
-5020019
-5047087
-5065063
-5068859
-5094487
-5101451
-5141219
-5153483
-5202343
-5306099
-5310967
-5335307
-5426527
-5426963
-5473423
-5529179
-5549051
-5561719
-5609243
-5618147
-5637367
-5650303
-5660623
-5672267
-5683619
-5801891
-5812063
-5835103
-5836903
-5918623
-5963459
