-302279
-332471
-476831
-516359
-534311
-597671
-657047
-741479
-750311
-854159
-855311
-923591
-946823
-971279
-993887
-1037567
-1061831
-1130191
-1199999
-1233319
-1318991
-1443679
-1463719
-1501639
-1571783
-1657247
-1708103
-1751599
-1799423
-1894127
-1920679
-1939351
-1951591
-1953767
-1965503
-2030719
-2063807
-2120887
-2136383
-2213839
-2263519
-2279239
-2301151
-2315407
-2331767
-2335639
-2371639
-2399647
-2405339
-2427287
-2428999
-2464463
-2470471
-2477071
-2544391
-2609263
-2622559
-2678119
-2726959
-2731739
-2815903
-2864599
-2876119
-2961743
-2968447
-3027419
-3043111
-3047819
-3072607
-3129263
-3157139
-3163591
-3202183
-3261131
-3268207
-3298019
-3328783
-3390271
-3403159
-3443239
-3527071
-3531383
-3652783
-3690851
-3698311
-3703927
-3710171
-3747727
-3767123
-3780367
-3889859
-4059131
-4157239
-4297019
-4305703
-4329383
-4332299
-4487671
-4616291
-4626031
-4649291
-4673983
-4721527
-4746823
-4757983
-4849379
-4871459
-4909859
-4921139
-4923007
-4935103
-4974943
-4988099
-5003263
-5069863
-5224903
-5260183
-5278927
-5287543
-5288623
-5379247
-5400823
-5406851
-5478299
-5491979
-5552263
-5573767
-5592127
-5636047
-5661419
-5687863
-5701019
-5820371
-5883107
-5897767
-5959259
