-379679
-416159
-483071
-670511
-694511
-697271
-721631
-798911
-836183
-839831
-847919
-916679
-941879
-1049471
-1125167
-1174879
-1192831
-1230263
-1321391
-1453223
-1468759
-1556719
-1559183
-1565183
-1569983
-1620319
-1625719
-1629031
-1668031
-1715911
-1736687
-1758391
-1803031
-1812439
-1817303
-1826887
-2150651
-2222219
-2229991
-2293591
-2344967
-2355047
-2467103
-2542759
-2812211
-2831167
-2912479
-2914183
-2947207
-2992711
-3000047
-3004159
-3006439
-3046139
-3076783
-3084583
-3085591
-3091727
-3108751
-3115927
-3128891
-3144751
-3148039
-3154303
-3175967
-3177851
-3207527
-3215071
-3267463
-3306799
-3339131
-3406591
-3419959
-3425431
-3439091
-3471487
-3502183
-3545383
-3561023
-3584359
-3594727
-3608863
-3677579
-3716071
-3873299
-3873659
-3915127
-3920071
-3935411
-3938167
-3991571
-4072927
-4080103
-4089011
-4130143
-4202167
-4238719
-4241291
-4290943
-4300279
-4348571
-4399931
-4421771
-4456183
-4477727
-4499839
-4518463
-4528543
-4535383
-4560223
-4567399
-4579447
-4607531
-4629007
-4650007
-4672667
-4687499
-4699951
-4703291
-4706579
-4739099
-4740223
-4745071
-4758343
-4805291
-4837379
-4862699
-4895503
-4919527
-4923943
-5019803
-5039219
-5040467
-5073967
-5088871
-5102219
-5142227
-5172899
-5179351
-5265539
-5283847
-5325703
-5337947
-5398499
-5445371
-5473739
-5540099
-5616707
-5627983
-5655107
-5673179
-5702819
-5739607
-5762287
-5841779
-5906959
-5930719
-5948627
-5950643
-5985059
-6004811
