-437111
-437279
-449879
-494639
-565919
-691991
-716063
-749351
-877343
-894239
-962783
-962807
-1079831
-1114271
-1119527
-1141103
-1200799
-1222471
-1230743
-1354127
-1455023
-1472423
-1542511
-1544663
-1566031
-1589183
-1608671
-1699879
-1709663
-1747007
-1782199
-1823191
-1861831
-1885703
-1898447
-1953983
-1973567
-2015359
-2117903
-2137943
-2185999
-2193271
-2227607
-2253247
-2327911
-2409679
-2499943
-2502767
-2521039
-2538079
-2589199
-2604731
-2631103
-2794931
-2837287
-2881471
-2909671
-2918891
-2926111
-2928007
-2950807
-2980583
-3008743
-3136423
-3151399
-3219179
-3337111
-3393703
-3424159
-3465731
-3492439
-3541019
-3567367
-3616999
-3671219
-3715739
-3747131
-3758383
-3765299
-3811331
-3819583
-3829927
-4029847
-4040459
-4155343
-4215103
-4273543
-4295791
-4404583
-4438691
-4524731
-4524803
-4655887
-4682411
-4695659
-4736891
-4789471
-4929919
-4988527
-5016799
-5020063
-5038903
-5069891
-5082491
-5108767
-5134039
-5259011
-5273407
-5276767
-5289491
-5309891
-5402003
-5415343
-5437907
-5586487
-5692591
-5725807
-5754779
-5872687
-5926567
-5936143
-5936171
-6002603
