-426719 128 1 18553
-436631 16 1 33587
-463271 0 2 283 1637
-466391 0 2 271 1721
-542879 16384 1 10243
-552719 0 2 449 1231
-572159 4 1 81737
-588215 2 1 117643
-679103 8192 1 14449
-719135 2 1 143827
-743783 512 1 23993
-749135 2 1 149827
-752807 8 1 68437
-774287 512 1 24977
-777503 0 2 563 1381
-884711 0 2 241 3671
-898559 0 2 757 1187
-921071 0 2 937 983
-923207 16384 1 17419
-942263 4 1 134609
-946535 2 1 189307
-967271 64 1 50909
-975815 2 1 195163
-1004711 32768 1 17029
-1015631 32 1 59743
-1020647 0 2 379 2693
-1024487 0 2 431 2377
-1037615 2 1 207523
-1073663 128 1 46681
-1094447 0 2 157 6971
-1158104 33554432 1 144763
-1175111 4 1 167873
-1205063 512 1 38873
-1215383 16 1 93491
-1239743 0 2 389 3187
-1271959 16 1 97843
-1325336 33554432 1 165667
-1338644 0 1 334661
-1366487 524288 1 18719
-1380143 0 2 193 7151
-1388759 16384 1 26203
-1413119 0 2 593 2383
-1513247 0 2 109 13883
-1539287 0 2 227 6781
-1553576 67108864 1 194197
-1556087 16 1 119699
-1556735 2 1 311347
-1573736 67108864 1 196717
-1626644 0 1 406661
-1632536 33554432 1 204067
-1677991 4 1 239713
-1680199 0 2 1201 1399
-1682927 2048 1 41047
-1688807 0 2 307 5501
-1698644 0 1 424661
-1716919 0 2 373 4603
-1744415 2 1 348883
-1760239 16 1 135403
-1773335 2 1 354667
-1802984 67108864 1 225373
-1813703 1024 1 49019
-1829239 0 2 467 3917
-1870196 0 1 467549
-1882676 0 1 470669
-1899751 4 1 271393
-1963351 16 1 151027
-1967528 67108864 1 245941
-1986151 0 2 467 4253
-2023016 67108864 1 252877
-2035007 16 1 156539
-2041463 262144 1 28753
-2063431 0 2 199 10369
-2105839 4096 1 48973
-2126719 4 1 303817
-2139631 16 1 164587
-2154356 0 1 538589
-2173823 16777216 1 21523
-2228311 512 1 71881
-2229751 0 2 131 17021
-2241319 524288 1 30703
-2249684 0 1 562421
-2252312 33554432 1 281539
-2273396 0 1 568349
-2279551 0 2 149 15299
-2306996 0 1 576749
-2330183 0 2 857 2719
-2342696 67108864 1 292837
-2370751 0 2 103 23017
-2371496 67108864 1 296437
-2380724 0 1 595181
-2398463 128 1 104281
-2400287 0 2 269 8923
-2402815 2 1 480563
-2418536 67108864 1 302317
-2433559 0 2 379 6421
-2447087 4096 1 56909
-2481919 8 1 225629
-2512519 512 1 81049
-2552599 4 1 364657
-2577815 2 1 515563
-2580584 67108864 1 322573
-2596135 2 1 519227
-2598143 524288 1 35591
-2635847 131072 1 39341
-2638484 0 1 659621
-2655919 4 1 379417
-2660564 0 1 665141
-2667007 4 1 381001
-2678315 2 1 535663
-2684756 0 1 671189
-2713831 2048 1 66191
-2722039 0 2 367 7417
-2726983 4 1 389569
-2735783 0 2 103 26561
-2737471 8 1 248861
-2766851 0 2 131 21121
-2777384 67108864 1 347173
-2781263 0 2 1637 1699
-2805032 67108864 1 350629
-2829919 16777216 1 28019
-2845039 32768 1 48221
-2859419 0 2 967 2957
-2867924 0 1 716981
-2884436 0 1 721109
-2897479 16 1 222883
-2907299 0 2 337 8627
-2910415 2 1 582083
-2915771 0 2 137 21283
-2917247 131072 1 43541
-2920856 33554432 1 365107
-2934851 0 2 683 4297
-2939503 4 1 419929
-2947892 0 1 736973
-2961299 8 1 269209
-2984276 0 1 746069
-3010399 4 1 430057
-3044431 16 1 234187
-3050815 2 1 610163
-3055135 2 1 611027
-3102967 4 1 443281
-3115351 0 2 157 19843
-3116312 33554432 1 389539
-3128263 65536 1 51283
-3132079 0 2 131 23909
-3152852 0 1 788213
-3178856 67108864 1 397357
-3203171 65536 1 52511
-3213919 0 2 439 7321
-3215287 0 2 367 8761
-3219799 8 1 292709
-3225752 33554432 1 403219
-3257087 0 2 751 4337
-3270271 65536 1 53611
-3273236 0 1 818309
-3284551 2048 1 80111
-3306463 0 2 1321 2503
-3368311 262144 1 47441
-3369919 4 1 481417
-3376367 0 2 317 10651
-3419099 0 2 563 6073
-3443828 0 1 860957
-3451471 1024 1 93283
-3459527 0 2 557 6211
-3504367 8192 1 74561
-3505204 0 1 876301
-3505451 32 1 206203
-3520135 2 1 704027
-3523412 0 1 880853
-3542191 2097152 1 42677
-3545551 0 2 461 7691
-3562811 4 1 508973
-3567751 8 1 324341
-3573611 0 2 1327 2693
-3597032 67108864 1 449629
-3634931 32768 1 61609
-3662696 67108864 1 457837
-3663476 0 1 915869
-3670292 0 1 917573
-3697748 0 1 924437
-3698287 16384 1 69779
-3721496 33554432 1 465187
-3721691 32 1 218923
-3739543 0 2 107 34949
-3754367 65536 1 61547
-3756035 2 1 751207
-3777271 262144 1 53201
-3817019 0 2 199 19181
-3824948 0 1 956237
-3836579 0 2 307 12497
-3857944 33554432 1 482243
-3865811 0 2 157 24623
-3876503 0 2 107 36229
-3896839 0 2 457 8527
-3898691 0 2 131 29761
-3904303 16 1 300331
-3904571 8 1 354961
-3907639 0 2 277 14107
-3939487 0 2 229 17203
-3982447 4 1 568921
-3985739 128 1 173293
-3996116 0 1 999029
-4012811 8 1 364801
-4030259 2048 1 98299
-4040551 0 2 449 8999
-4089716 0 1 1022429
-4100648 67108864 1 512581
-4113227 0 2 751 5477
-4114423 0 2 109 37747
-4118651 0 2 839 4909
-4122968 33554432 1 515371
-4152251 1024 1 112223
-4182056 67108864 1 522757
-4204927 4096 1 97789
-4207499 0 2 691 6089
-4210999 16 1 323923
-4234772 0 1 1058693
-4235843 0 2 743 5701
-4241579 64 1 223241
-4249384 67108864 1 531173
-4267207 4 1 609601
-4272487 2048 1 104207
-4280143 4 1 611449
-4280792 33554432 1 535099
-4286479 0 2 353 12143
-4297331 0 2 1009 4259
-4299032 33554432 1 537379
-4317367 0 2 131 32957
-4325215 2 1 865043
-4333639 0 2 881 4919
-4334771 4 1 619253
-4339736 33554432 1 542467
-4346191 0 2 229 18979
-4350488 33554432 1 543811
-4358647 32 1 256391
-4374164 0 1 1093541
-4385503 0 2 1607 2729
-4387412 0 1 1096853
-4389544 67108864 1 548693
-4398803 0 2 521 8443
-4401967 131072 1 65701
-4424983 0 2 103 42961
-4444135 2 1 888827
-4497371 0 2 311 14461
-4514815 2 1 902963
-4551707 0 2 1487 3061
-4555988 0 1 1138997
-4588183 0 2 311 14753
-4614011 1024 1 124703
-4634647 0 2 2039 2273
-4639231 0 2 137 33863
-4647011 0 2 911 5101
-4647971 8192 1 98893
-4653011 8 1 423001
-4665007 16384 1 88019
-4671251 16 1 359327
-4672571 0 2 373 12527
-4673743 0 2 347 13469
-4680731 8 1 425521
-4718819 4 1 674117
-4729448 67108864 1 591181
-4768235 2 1 953647
-4779731 8 1 434521
-4782199 2048 1 116639
-4784407 0 2 761 6287
-4790315 2 1 958063
-4802324 0 1 1200581
-4803847 2048 1 117167
-4808647 4096 1 111829
-4816115 2 1 963223
-4816879 0 2 1033 4663
-4823771 0 2 719 6709
-4826167 0 2 887 5441
-4829815 2 1 965963
-4833251 0 2 311 15541
-4848692 0 1 1212173
-4868339 4 1 695477
-4894423 128 1 212801
-4901524 0 1 1225381
-4902164 0 1 1225541
-4907156 0 1 1226789
-4926823 8 1 447893
-4932583 262144 1 69473
-4942187 0 2 241 20507
-4948399 0 2 1861 2659
-4959272 67108864 1 619909
-4972451 8 1 452041
-4995707 32768 1 84673
-5057768 67108864 1 632221
-5057935 2 1 1011587
-5063291 64 1 266489
-5066171 8 1 460561
-5067635 2 1 1013527
-5070367 0 2 1601 3167
-5073971 4 1 724853
-5075887 0 2 431 11777
-5098039 0 2 109 46771
-5102167 4 1 728881
-5123288 33554432 1 640411
-5130223 4 1 732889
-5143091 64 1 270689
-5238823 0 2 479 10937
-5255171 0 2 719 7309
-5258527 0 2 229 22963
-5288468 0 1 1322117
-5296543 4 1 756649
-5301332 0 1 1325333
-5308259 8 1 482569
-5351912 67108864 1 668989
-5364151 16 1 412627
-5367007 0 2 653 8219
-5370392 33554432 1 671299
-5396167 4 1 770881
-5422331 0 2 607 8933
-5443096 33554432 1 680387
-5458327 4 1 779761
-5473015 2 1 1094603
-5475416 33554432 1 684427
-5477503 0 2 131 41813
-5478247 0 2 1931 2837
-5502539 4 1 786077
-5506979 64 1 289841
-5510483 8 1 500953
-5514899 16 1 424223
-5523124 0 1 1380781
-5532299 16384 1 104383
-5573012 0 1 1393253
-5579411 512 1 179981
-5596571 0 2 641 8731
-5601812 0 1 1400453
-5605115 2 1 1121023
-5616203 8388608 1 57899
-5618047 0 2 167 33641
-5632423 32 1 331319
-5642411 64 1 296969
-5643299 0 2 2207 2557
-5649971 0 2 191 29581
-5653087 8 1 513917
-5666503 64 1 298237
-5676491 2048 1 138451
-5683112 67108864 1 710389
-5690708 0 1 1422677
-5734139 0 2 1489 3851
-5736308 0 1 1434077
-5756767 0 2 241 23887
-5757443 16384 1 108631
-5766104 33554432 1 720763
-5767139 4 1 823877
-5782676 0 1 1445669
-5802487 512 1 187177
-5810767 0 2 131 44357
-5819887 0 2 857 6791
-5829367 0 2 449 12983
-5861503 1024 1 158419
-5875139 256 1 202591
-5936935 2 1 1187387
-5969287 64 1 314173
-5975411 16 1 459647
-5977423 0 2 661 9043
-5980523 0 2 281 21283
-5982068 0 1 1495517
-5987051 4 1 855293
-5996987 0 2 863 6949
-6003343 2048 1 146423
