-376031 1024 1 10163
-399839 8 2 163 223
-443519 1024 1 11987
-450959 2080 1 647
-478511 2056 1 1061
-483791 65548 1 103
-500855 2 2 109 919
-501071 2097152 1 6037
-510695 2 1 102139
-522935 131078 1 223
-524279 4 1 74897
-527831 0 2 107 4933
-556295 8390146 0
-564479 512 2 131 139
-569495 2 1 113899
-600935 514 1 3877
-606551 131080 1 823
-610799 4 1 87257
-617519 68 1 4643
-625391 524304 1 659
-647495 2 1 129499
-658415 1026 1 3559
-664223 4 1 94889
-674855 262146 1 1901
-687479 16 1 52883
-711551 128 1 30937
-714311 144 1 2389
-721559 2048 1 17599
-721607 256 2 149 167
-724679 4160 1 887
-725207 4 2 211 491
-726215 6 1 20749
-730847 48 1 3307
-735047 0 2 757 971
-738599 160 1 1889
-751295 8322 1 139
-771719 4194704 0
-778895 146 1 521
-779567 557056 1 181
-830159 8 2 163 463
-846071 0 2 263 3217
-852983 0 2 257 3319
-864479 12 2 103 109
-882383 256 1 30427
-884807 12 1 11491
-889823 2056 1 1973
-891527 25165844 0
-901511 528 1 2237
-902399 0 2 379 2381
-918287 0 2 149 6163
-921263 1028 1 3557
-958223 4 1 136889
-982919 4 1 140417
-984815 18 2 109 139
-993263 65600 1 857
-1000631 0 2 479 2089
-1005767 132 1 6247
-1016804 96 1 787
-1031615 32786 1 269
-1038407 6720 0
-1046839 512 1 33769
-1055495 16390 1 569
-1057463 8 2 251 383
-1061207 17825860 0
-1066727 0 2 277 3851
-1067624 67108864 2 113 1181
-1069844 32 1 15733
-1074596 0 2 233 1153
-1076479 0 2 151 7129
-1078295 2 1 215659
-1079903 72 1 5167
-1090079 0 2 239 4561
-1091255 10 1 19841
-1093967 292 1 317
-1096271 8 1 99661
-1104407 256 1 38083
-1105016 33554696 1 433
-1106855 1538 1 193
-1108295 2 1 221659
-1118615 2 2 409 547
-1119695 2 1 223939
-1128104 67108992 1 6131
-1130591 12 1 14683
-1141124 0 1 285281
-1145543 516 1 5279
-1149263 512 2 131 283
-1149311 0 2 271 4241
-1156199 4194312 1 1181
-1173224 67109136 1 389
-1174607 4 1 167801
-1181087 2048 1 28807
-1181663 260 1 5821
-1202591 16 1 92507
-1203695 2 1 240739
-1209695 2 1 241939
-1217855 1282 1 227
-1228244 131072 1 4583
-1243703 32 2 149 491
-1246967 32 1 73351
-1256423 4 2 239 751
-1261103 0 2 229 5507
-1277663 0 2 719 1777
-1279055 2 2 491 521
-1288964 1048576 1 4079
-1293671 0 2 1063 1217
-1298996 132096 1 131
-1300351 144 1 4349
-1304423 131072 1 19469
-1305023 0 2 227 5749
-1306895 2 1 261379
-1310183 68 1 9851
-1326104 33556496 1 311
-1326743 8 2 103 1171
-1328327 28 1 1327
-1331924 8 1 30271
-1333316 0 2 257 1297
-1344871 8 2 103 1187
-1345256 67108872 1 15287
-1350167 1044 1 401
-1360247 4 2 317 613
-1363556 0 1 340889
-1364207 16777232 1 1039
-1384223 0 2 577 2399
-1392404 16 1 26777
-1394119 32 1 82007
-1398536 67141632 1 2963
-1399844 64 2 113 163
-1402376 67108864 2 307 571
-1402967 512 2 167 271
-1403671 65536 1 23011
-1404767 4116 1 359
-1408463 4 1 201209
-1409876 80 1 1427
-1439624 67108864 1 179953
-1448095 10 2 113 233
-1451255 2097170 1 269
-1452344 33587232 1 181
-1452455 66 1 15289
-1455623 2064 1 2731
-1468484 0 1 367121
-1475543 0 2 499 2957
-1476824 33554464 1 10859
-1478455 10 1 26881
-1480436 512 1 11939
-1485143 4197384 0
-1500983 8 1 136453
-1505015 2 2 181 1663
-1505671 0 2 197 7643
-1510351 2097664 1 587
-1517396 256 2 103 127
-1519495 524418 1 181
-1529159 0 2 389 3931
-1538696 67125312 1 191
-1539944 67108868 2 107 257
-1541255 2 2 199 1549
-1542584 33556480 1 4703
-1543736 33554464 1 11351
-1553431 8 1 141221
-1558184 67174912 1 103
-1567879 0 2 691 2269
-1567940 10 1 7127
-1573844 128 1 17107
-1579304 67112960 1 4591
-1585736 67108864 2 379 523
-1588760 33554434 1 39719
-1588831 16777216 1 15731
-1593476 0 1 398369
-1601615 514 1 10333
-1607783 0 2 1171 1373
-1608056 33554432 1 201007
-1609471 448 1 127
-1614527 0 2 673 2399
-1616936 67108864 2 359 563
-1623391 268 1 727
-1626527 4 2 317 733
-1634276 4 1 58367
-1649687 16 2 113 1123
-1650799 0 2 691 2389
-1659055 2 2 449 739
-1661239 0 2 547 3037
-1669304 33554452 1 2293
-1670504 67110920 1 463
-1675879 8192 2 181 197
-1683455 514 1 10861
-1688615 2 2 457 739
-1688935 2 2 151 2237
-1692631 512 1 54601
-1694756 4 1 60527
-1695767 160 1 4337
-1702199 8192 1 36217
-1703119 8 2 107 1447
-1707167 12 1 22171
-1710863 44 1 1307
-1714999 131096 1 179
-1724756 8 1 39199
-1726399 33024 1 1009
-1729999 0 2 739 2341
-1730756 0 2 127 3407
-1737944 33554480 1 983
-1739540 10 1 7907
-1742804 131076 1 929
-1743695 2 1 348739
-1749464 33554432 2 379 577
-1764344 33554432 1 220543
-1766215 42 1 1889
-1772095 18 2 137 199
-1772276 8200 1 857
-1773095 2 1 354619
-1784087 128 1 77569
-1788887 0 2 977 1831
-1789703 4096 1 41621
-1790431 256 2 107 577
-1792639 0 2 593 3023
-1795064 33685536 1 197
-1801879 65536 2 109 271
-1802696 67108868 1 32191
-1805615 134 1 2243
-1817240 33554434 2 181 251
-1819111 18874884 0
-1821623 128 1 79201
-1822831 512 2 127 463
-1823495 2 1 364699
-1826599 32 2 139 773
-1830356 40 1 2447
-1831879 4 1 261697
-1837487 0 2 911 2017
-1841636 0 1 460409
-1841687 2097152 1 22189
-1841924 4 2 157 419
-1846015 2 2 191 1933
-1858244 0 1 464561
-1859807 0 2 131 14197
-1862959 4 1 266137
-1865156 0 2 239 1951
-1867159 4 2 359 743
-1875383 0 2 179 10477
-1876463 0 2 827 2269
-1877204 4 1 67043
-1882196 4608 1 353
-1882520 33554498 1 2477
-1900951 4211216 0
-1903343 2064 1 3571
-1903796 32 1 27997
-1905560 33554434 1 47639
-1918927 0 2 541 3547
-1919816 67108864 1 239977
-1922623 1048576 1 24337
-1927367 1040 1 4007
-1942244 0 2 113 4297
-1942367 516 1 8951
-1942724 4 1 69383
-1945615 6 1 55589
-1946479 0 2 277 7027
-1946984 75497488 1 193
-1952180 2 1 97609
-1955204 32 1 28753
-1960580 2 2 167 587
-1964324 0 1 491081
-1969304 33554432 2 199 1237
-1972895 2 1 394579
-1976744 67108876 1 3209
-1980356 4 2 107 661
-1984232 75497472 1 2557
-1984724 524292 1 971
-1988303 32 1 116959
-1991624 67108864 2 241 1033
-1998391 2097152 1 24077
-2006311 0 2 277 7243
-2008964 0 2 359 1399
-2009215 18 1 30911
-2010695 2 1 402139
-2010980 2 1 100549
-2015735 32770 1 6833
-2019247 16896 1 1229
-2020964 136 1 1997
-2022895 262 1 1993
-2026951 131072 1 30253
-2027071 256 1 69899
-2028295 2 1 405659
-2030671 263168 1 773
-2031620 2 1 101581
-2031919 2048 1 49559
-2032223 4096 2 167 283
-2032820 2 1 101641
-2033335 1282 1 379
-2040776 67108864 1 255097
-2043620 2 1 102181
-2043895 134 1 2539
-2048495 8322 1 379
-2049524 0 2 313 1637
-2049956 0 2 677 757
-2067263 136 1 8171
-2072132 0 2 127 4079
-2072756 4 1 74027
-2074535 4098 1 9649
-2076104 67108864 2 139 1867
-2084135 16777218 1 4127
-2084804 0 1 521201
-2085991 64 1 109789
-2086735 6 1 59621
-2087816 67108864 2 499 523
-2097263 16388 1 5653
-2100527 1048 1 397
-2110184 67109888 1 7129
-2110436 0 2 149 3541
-2113880 33558530 1 1229
-2115176 67108868 2 107 353
-2122943 8224 1 2657
-2128127 0 2 653 3259
-2142164 1048576 1 6779
-2142344 67108864 2 281 953
-2142767 8 2 131 1487
-2144807 4 2 347 883
-2145944 33554976 1 509
-2146295 2 1 429259
-2151476 1024 1 14537
-2156579 4096 1 50153
-2159636 32768 1 9151
-2162984 67108864 2 167 1619
-2174839 0 2 1193 1823
-2177336 33587204 1 659
-2179231 0 2 1171 1861
-2185463 4 1 312209
-2186303 2375684 0
-2187464 67108864 1 273433
-2195684 16384 1 10357
-2201720 33554498 1 2897
-2203583 0 2 1109 1987
-2209127 128 2 139 691
-2215364 0 2 233 2377
-2216264 67108864 2 449 617
-2218471 256 2 227 337
-2219791 4 2 233 1361
-2225720 33554438 1 7949
-2225768 67174400 1 4561
-2229416 67110916 1 971
-2234935 2 2 443 1009
-2236979 32 2 181 727
-2240996 0 1 560249
-2248103 1048600 1 199
-2249444 0 1 562361
-2259716 1048576 1 7151
-2260616 67108864 1 282577
-2271047 32 2 103 1297
-2272052 524800 1 251
-2277847 56 1 937
-2280511 0 2 1181 1931
-2282696 67117072 1 467
-2289572 524288 1 7841
-2295631 559120 0
-2296196 4 1 82007
-2297183 4 2 107 3067
-2297816 33554432 2 349 823
-2299255 6 2 179 367
-2306756 0 1 576689
-2308111 4112 1 4129
-2312840 67239938 1 863
-2315935 2 2 113 4099
-2319176 67108864 1 289897
-2319236 0 1 579809
-2319320 33554562 1 2521
-2320687 32 1 136511
-2323496 67108868 1 41491
-2324552 67108864 2 223 1303
-2332367 2048 2 163 349
-2334404 1024 1 15773
-2334836 65540 1 1367
-2335463 16 1 179651
-2337284 256 1 20149
-2350519 0 2 503 4673
-2364863 256 1 81547
-2365604 8192 1 12583
-2366503 16384 1 44651
-2368916 40 1 3167
-2372180 34 1 6977
-2373287 16388 1 6397
-2374471 524296 1 2957
-2376932 0 2 127 4679
-2378551 260 1 11717
-2378767 1024 2 239 269
-2381720 33554442 1 5413
-2382263 4456720 0
-2386628 576 1 1013
-2393239 0 2 131 18269
-2394920 67108874 1 5443
-2399924 288 1 1217
-2406887 1028 1 9293
-2411839 0 2 277 8707
-2413999 4 1 344857
-2418031 524 1 1013
-2419940 2 1 120997
-2432132 0 1 608033
-2432696 33554436 1 43441
-2434039 524288 1 33343
-2434136 33554560 1 13229
-2436440 33554466 1 3583
-2441791 8200 1 4723
-2445140 2 2 179 683
-2448836 16 1 47093
-2452280 50331650 1 607
-2455007 16777216 2 109 223
-2459156 262148 1 1237
-2465311 0 2 491 5021
-2467279 128 1 107273
-2468671 1048576 1 31249
-2470664 67108868 1 44119
-2472655 2 2 149 3319
-2473259 128 2 191 563
-2474479 2097156 1 4259
-2481608 67108992 1 13487
-2487007 0 2 307 8101
-2492948 65568 1 601
-2493524 8 1 56671
-2495684 128 1 27127
-2503879 16420 1 397
-2509759 4 2 179 2003
-2511860 18 1 9661
-2522504 67108864 1 315313
-2522852 0 1 630713
-2529560 33554442 1 5749
-2530568 67108864 1 316321
-2531815 26 1 3541
-2532452 528 1 1571
-2532659 65536 1 41519
-2534719 8 2 131 1759
-2538116 4 1 90647
-2540276 32 1 37357
-2546783 0 2 389 6547
-2547799 0 2 491 5189
-2548964 72 1 3049
-2552228 4 1 91151
-2552767 131076 1 5443
-2555215 82 1 2069
-2558191 0 2 353 7247
-2558216 71303168 1 3593
-2559179 3076 1 241
-2559224 33554496 2 113 149
-2559371 128 2 223 499
-2572495 2 1 514499
-2573819 0 2 137 18787
-2575076 4 1 91967
-2582047 2097168 1 2393
-2582312 67141632 1 5471
-2588936 69206020 1 557
-2590495 2 1 518099
-2592260 10 1 11783
-2592767 128 2 139 811
-2594215 18 2 107 373
-2594456 33571072 1 211
-2595271 36 2 113 193
-2598356 65664 1 463
-2603215 262146 1 7333
-2619631 16516 1 307
-2620655 2 2 131 4001
-2622452 524292 1 1283
-2624935 4354 1 421
-2632583 64 2 127 1091
-2645240 33554450 1 5087
-2649380 2 1 132469
-2649620 34 1 7793
-2651767 2101248 1 743
-2652440 33554438 1 9473
-2664079 8 2 127 1907
-2664104 67108960 1 1031
-2664631 2080 1 3823
-2665039 560 1 389
-2665591 1024 1 72043
-2670143 4 2 179 2131
-2670511 16384 1 50387
-2674676 10240 1 347
-2674712 33816608 1 277
-2676884 4 1 95603
-2681480 67112962 1 1559
-2685743 524288 1 36791
-2686580 18 1 10333
-2691416 33554452 1 3697
-2704040 67108866 1 67601
-2706751 0 2 127 21313
-2707927 2048 1 66047
-2708312 33558528 1 7873
-2713028 8192 1 14431
-2714936 33554436 1 48481
-2715415 65794 1 307
-2720219 8704 1 1867
-2721848 33554432 2 313 1087
-2725448 67108872 1 30971
-2725951 0 2 241 11311
-2728591 67584 1 1091
-2729263 0 2 439 6217
-2733464 50331680 1 199
-2741624 33554528 1 1061
-2748584 67109376 1 11083
-2760116 512 1 22259
-2761447 16 1 212419
-2766404 0 2 181 3821
-2767735 2 2 389 1423
-2771576 33554432 1 346447
-2773091 32 2 157 1039
-2776388 0 2 157 4421
-2776735 18 1 42719
-2779784 67108868 1 49639
-2780132 524288 1 9521
-2785076 36 1 5851
-2795191 2097188 1 283
-2797135 10 1 50857
-2804791 8 2 107 2383
-2807048 67108864 1 350881
-2811140 2 1 140557
-2811560 67108866 1 70289
-2813348 1048832 1 307
-2814248 67108896 1 20693
-2814679 68 1 21163
-2817224 67174528 1 251
-2820980 34 1 8297
-2833508 192 1 1621
-2834887 8 1 257717
-2836567 192 1 6491
-2839607 64 2 103 1451
-2841764 0 1 710441
-2858335 2 2 113 5059
-2859151 8192 2 127 479
-2859535 6 1 81701
-2860615 32770 1 9697
-2868487 4160 1 3511
-2870180 2 1 143509
-2871055 10 1 52201
-2874047 8 2 227 1151
-2875015 26 1 4021
-2876420 2 1 143821
-2876695 66 2 107 283
-2878931 8 1 261721
-2881220 2 1 144061
-2882984 67108944 1 1459
-2885576 67108864 2 107 3371
-2885720 33554498 1 3797
-2887940 10 1 13127
-2892319 128 1 125753
-2892919 3072 1 1907
-2894756 0 2 641 1129
-2896964 4 2 157 659
-2897791 16777232 1 2207
-2898980 6 1 20707
-2899172 1088 1 1031
-2900564 1179648 1 137
-2902856 67108872 1 32987
-2904943 32 2 107 1597
-2905844 32 2 151 283
-2907971 8 2 167 1583
-2908495 2 1 581699
-2911951 4 1 415993
-2912264 67109376 1 11743
-2913620 2 1 145681
-2916511 528 1 7237
-2917892 0 1 729473
-2922895 34 2 137 251
-2926712 33554432 1 365839
-2928031 0 2 409 7159
-2928131 32 1 172243
-2930276 256 1 25261
-2935604 32772 1 1777
-2936771 4096 2 163 419
-2937151 4 2 131 3203
-2937199 264192 1 1009
-2948468 0 2 139 5303
-2956327 8 1 268757
-2966792 67108864 2 223 1663
-2968351 64 1 156229
-2970055 10 1 54001
-2975239 0 2 163 18253
-2975791 16404 1 617
-2981579 32 2 127 1381
-2983544 33554432 1 372943
-2984756 128 1 32443
-2986004 8196 1 2269
-2986196 1024 1 20177
-2989064 67110928 1 701
-2991127 8320 1 2767
-2992328 67108864 1 374041
-2998687 16640 1 1951
-2999336 67112960 1 8719
-3000991 4194308 1 4817
-3004664 33554448 2 167 173
-3010111 16 1 231547
-3014599 4 2 127 3391
-3019844 8192 1 16063
-3022244 0 1 755561
-3023480 33554434 2 131 577
-3023624 67108864 2 151 2503
-3026180 2097154 1 1823
-3030596 1024 1 20477
-3035720 67109122 1 2617
-3035924 525312 1 281
-3036932 0 2 487 1559
-3037880 33554434 2 173 439
-3041891 0 2 311 9781
-3052831 0 2 1321 2311
-3053479 24 2 131 163
-3055844 8 2 199 349
-3059579 4096 1 71153
-3059599 0 2 509 6011
-3061399 8 2 211 1319
-3061880 33556482 1 1867
-3063956 524292 1 1499
-3067016 69206528 1 149
-3069992 67109376 1 12379
-3076484 0 2 593 1297
-3082040 33554450 1 5927
-3083204 0 1 770801
-3089411 16 2 107 2221
-3089768 67108872 1 35111
-3092948 128 1 33619
-3093299 8 2 179 1571
-3095480 33554498 1 4073
-3098984 67108868 1 55339
-3108644 12 1 10093
-3110852 0 2 733 1061
-3113348 4 1 111191
-3114920 67112962 1 1811
-3115160 33562626 1 1657
-3118040 33554434 1 77951
-3118616 33554592 1 997
-3122468 196608 1 191
-3124639 262148 1 6287
-3127508 0 2 379 2063
-3127784 67108872 1 35543
-3128072 67108864 1 391009
-3129895 2 1 625979
-3130136 33554496 1 20593
-3130484 132 1 4861
-3135635 2 2 107 5861
-3136495 8388866 1 223
-3138932 1024 2 127 167
-3140771 0 3 107 149 197
-3140984 33554444 1 5099
-3150692 8192 1 16759
-3151364 1024 2 107 199
-3156680 67125250 1 1489
-3159176 67108864 1 394897
-3160664 33554448 1 30391
-3163304 67108864 2 199 1987
-3164695 2 1 632939
-3166376 67108864 2 157 2521
-3167527 8 2 151 1907
-3172280 33816578 1 1117
-3172951 16384 2 131 457
-3177032 67158016 1 127
-3177871 0 2 211 15061
-3182447 0 2 1091 2917
-3182651 0 2 1129 2819
-3182744 33554432 2 461 863
-3182804 64 1 41879
-3184327 128 1 138449
-3184879 32896 1 2347
-3185768 67108928 1 20959
-3186895 2 1 637379
-3187495 2 1 637499
-3188335 2 2 127 5021
-3191891 2048 2 127 613
-3195059 68 1 24023
-3197240 33685506 1 1193
-3205460 2097154 1 1931
-3207127 12 1 41651
-3207656 67117120 1 449
-3207848 67108868 1 57283
-3208952 33554432 1 401119
-3210308 98304 1 223
-3212036 0 2 857 937
-3212120 33554434 2 131 613
-3213895 2 1 642779
-3214519 12 2 109 383
-3216895 138 1 2543
-3219256 33554464 1 23671
-3224095 6 2 251 367
-3226916 12 1 10477
-3228851 0 2 263 12277
-3233431 2097152 2 163 239
-3238499 525320 1 109
-3241351 0 2 107 30293
-3243055 2 2 491 1321
-3244964 0 1 811241
-3248660 2 2 127 1279
-3259087 48 1 14747
-3259640 33554498 1 4289
-3259844 4 1 116423
-3260312 33554440 1 37049
-3260983 524808 1 131
-3263876 12 1 10597
-3264920 33554946 1 2633
-3265544 68157440 1 5167
-3268484 128 1 35527
-3274232 33554512 1 1657
-3278408 67108868 1 58543
-3281096 67108884 1 4507
-3283736 33554432 2 139 2953
-3285044 132 1 5101
-3286655 2 2 139 4729
-3291236 16 2 167 379
-3291844 393216 1 173
-3292663 8 1 299333
-3293935 66 1 34673
-3294536 67108868 1 58831
-3297991 0 2 151 21841
-3302312 67108880 2 113 281
-3303032 33554464 2 149 163
-3303544 33554432 1 412943
-3304580 2 1 165229
-3306680 33554450 1 6359
-3307016 67108864 2 479 863
-3308072 67109376 1 13339
-3310259 0 2 107 30937
-3314743 0 2 199 16657
-3315991 8196 1 10079
-3316715 130 2 151 191
-3324871 8 1 302261
-3326660 8194 1 3539
-3328135 16450 1 661
-3330023 0 2 139 23957
-3331880 67109378 1 2687
-3345511 131216 1 167
-3346399 65572 1 461
-3346424 33554432 1 418303
-3348488 67108888 1 2927
-3353048 33619968 1 6871
-3353791 1156 1 563
-3354127 68 1 25219
-3363179 8192 2 163 439
-3366392 33554432 1 420799
-3366632 67108864 2 179 2351
-3366851 0 2 283 11897
-3372740 6 1 24091
-3374168 37748740 1 677
-3374276 65536 1 13829
-3379211 8 1 307201
-3381131 16 2 179 1453
-3381896 67108868 2 131 461
-3384895 2 1 676979
-3385615 2 2 293 2311
-3390164 0 2 199 4259
-3391495 2 1 678299
-3391640 33554438 1 12113
-3400580 2 1 170029
-3409735 1030 1 2633
-3413239 4194304 1 38351
-3413527 8388624 1 2707
-3415135 2 2 193 3539
-3417295 6 2 163 599
-3418136 33554432 2 191 2237
-3421135 262274 1 419
-3431944 67108864 2 271 1583
-3435055 4114 1 1229
-3435559 139264 1 1091
-3436663 64 2 191 947
-3437816 33554432 1 429727
-3440888 33619976 1 641
-3444692 0 2 113 7621
-3449924 0 1 862481
-3450031 131120 1 233
-3455287 8 1 314117
-3455672 33554440 2 107 367
-3456980 2 1 172849
-3459236 264 1 2711
-3459716 16 1 66533
-3463471 8 2 179 1759
-3464383 16 1 266491
-3466979 256 1 119551
-3470324 24 1 6067
-3471416 33554704 1 1151
-3474008 33554432 2 227 1913
-3479167 0 2 461 7547
-3479407 32800 1 3469
-3481304 33554432 2 113 3851
-3483511 128 2 311 487
-3487855 6 2 227 439
-3488047 0 2 1699 2053
-3489991 0 2 541 6451
-3490619 8 2 223 1423
-3492419 262148 1 7027
-3494420 2 1 174721
-3494935 258 1 24103
-3496424 67117088 1 547
-3499447 4 2 163 3067
-3502451 0 2 1471 2381
-3503167 4096 2 257 317
-3503240 67108882 1 6737
-3503863 1032 1 8609
-3506648 33556480 1 10691
-3509695 6 2 149 673
-3510932 16384 1 16561
-3512219 256 2 281 431
-3512744 67109024 1 1123
-3519176 67108864 2 401 1097
-3519464 67112976 1 787
-3521864 67108864 2 193 2281
-3524023 16384 1 66491
-3525764 8 2 227 353
-3525956 4 1 125927
-3526327 36 1 29633
-3528296 67111424 1 347
-3532388 66048 1 467
-3532580 2 1 176629
-3536564 0 2 107 8263
-3537092 16 2 251 271
-3542660 10 1 16103
-3543419 8 2 131 2459
-3544232 67112960 1 10303
-3544331 4 1 506333
-3548648 75497504 1 269
-3552367 20 2 103 379
-3564011 136 1 14087
-3566756 262208 1 661
-3567415 131202 1 463
-3567812 256 1 30757
-3570343 4 1 510049
-3570655 10 1 64921
-3572564 8704 1 613
-3574276 1048576 1 11311
-3576635 526338 1 239
-3581291 68 1 26927
-3593411 131072 1 53633
-3602239 4096 1 83773
-3605972 96 1 2791
-3611912 67371008 1 6359
-3615716 528 1 2243
-3616964 16 1 69557
-3618607 64 2 227 839
-3618980 2 1 180949
-3623684 0 2 113 8017
-3628543 0 3 113 163 197
-3633620 8388610 1 1873
-3634015 14 1 9439
-3635492 4 2 157 827
-3636932 16 1 69941
-3638216 67108864 1 454777
-3640351 24 1 25457
-3640868 12 1 11821
-3644143 704 1 269
-3644719 16 2 139 2017
-3644819 0 2 233 15643
-3648836 2112 1 1171
-3650468 128 1 39679
-3653204 0 2 103 8867
-3654536 67108928 1 24043
-3658756 256 1 31541
-3658859 32 2 137 1571
-3660632 35652608 1 149
-3663572 16392 1 1571
-3663611 516 1 16883
-3664619 4 2 151 3467
-3666644 524544 1 433
-3671047 16777280 1 1913
-3672404 393216 1 193
-3672583 1024 1 99259
-3673015 2 2 157 4679
-3673124 20 1 10091
-3676040 67109122 1 3169
-3678679 256 1 126851
-3678980 2 1 183949
-3679135 2050 2 131 137
-3683291 2097152 2 199 223
-3689287 68 1 27739
-3689359 8192 1 78497
-3691903 65792 1 2087
-3692776 68157440 1 5843
-3694232 33554432 2 163 2833
-3694916 131104 1 811
-3699704 33555712 1 431
-3700519 0 2 1229 3011
-3705611 4116 1 947
-3706628 0 1 926657
-3707288 33558544 1 829
-3710531 262152 1 4751
-3712868 32 1 54601
-3714980 2 1 185749
-3715076 0 1 928769
-3715832 33554432 1 464479
-3715855 26 1 5197
-3720056 33554432 1 465007
-3721711 4 1 531673
-3722804 0 2 577 1613
-3723764 8 1 84631
-3724276 2048 1 22709
-3726680 33554434 2 151 617
-3727640 33554438 1 13313
-3728660 18 1 14341
-3728840 67633154 1 1277
-3729560 33554434 1 93239
-3731651 12 1 48463
-3734696 67108900 1 3923
-3738248 67112960 1 10867
-3741704 67108864 1 467713
-3745412 136 1 3701
-3749095 38 1 6301
-3749252 16 1 72101
-3749816 33554692 1 2309
-3752215 66 2 127 311
-3752324 0 2 863 1087
-3761252 524296 1 1171
-3763844 4 2 229 587
-3764047 1028 1 14533
-3771535 34 1 44371
-3772591 0 2 271 13921
-3776551 2048 1 92111
-3783368 67108864 1 472921
-3785815 42 1 4049
-3786488 33554432 1 473311
-3787567 4 2 199 2719
-3794948 0 2 449 2113
-3799423 294912 1 907
-3802564 1024 1 25693
-3803579 144 1 12721
-3804584 67108868 1 67939
-3807844 0 2 149 6389
-3811124 16384 1 17977
-3813752 33554432 1 476719
-3813848 33554720 1 967
-3815887 0 2 829 4603
-3818468 8256 1 1069
-3819271 65824 1 127
-3821768 67108864 1 477721
-3822692 1152 1 1123
-3827576 33686528 1 193
-3831103 352 1 409
-3834527 0 2 251 15277
-3837295 14 1 9967
-3837560 33554434 2 197 487
-3838211 16 1 295247
-3850399 32772 1 9323
-3854024 67108864 1 481753
-3854168 33554944 1 15541
-3858371 8232 1 439
-3859691 8 1 350881
-3863912 67125264 1 701
-3871451 0 2 1427 2713
-3872036 65540 1 2267
-3873572 0 2 911 1063
-3874760 67108866 2 157 617
-3880376 33554560 1 21089
-3881288 67108864 1 485161
-3883688 67108992 1 21107
-3888319 0 2 683 5693
-3888664 33554448 2 139 269
-3888968 67117056 1 10343
-3889880 33554946 1 3137
-3893576 67108864 1 486697
-3901355 2050 1 19031
-3901471 4 2 349 1597
-3901499 65540 1 9137
-3905239 1168 1 353
-3906703 131072 1 58309
-3910868 16 1 75209
-3915535 32786 1 1021
-3919615 16390 1 2113
-3923144 67108864 1 490393
-3924548 0 1 981137
-3925423 0 2 443 8861
-3926051 8192 2 103 811
-3928639 2097176 1 331
-3932479 4096 1 91453
-3936356 1024 1 26597
-3936971 64 2 109 1901
-3937207 1024 1 106411
-3938095 1030 1 3041
-3938651 0 2 127 31013
-3943112 67117056 1 10487
-3943496 69206016 1 5939
-3948079 0 2 157 25147
-3953263 128 1 171881
-3955711 0 2 677 5843
-3956743 1028 1 15277
-3959912 67108904 1 2647
-3960788 32784 1 1291
-3964715 2 2 131 6053
-3967864 33554432 1 495983
-3972484 0 1 993121
-3981995 1048610 1 593
-3982327 0 2 1327 3001
-3984011 2048 1 97171
-3984055 2 2 751 1061
-3989012 524352 1 719
-3989459 0 2 347 11497
-3989647 0 2 1697 2351
-3993236 2064 1 1873
-3995579 4 2 257 2221
-3997255 2 2 479 1669
-3997640 67108866 2 139 719
-4000328 67108864 1 500041
-4003144 67108864 1 500393
-4003172 0 1 1000793
-4003687 4128 1 5477
-4011299 65600 1 3461
-4017295 130 2 181 193
-4018868 36 1 8443
-4021615 18 1 61871
-4021711 192 1 9203
-4023079 64 1 211741
-4023752 67239936 1 7507
-4026836 262152 1 1289
-4027652 0 2 229 4397
-4027748 0 1 1006937
-4028180 18 1 15493
-4028356 0 1 1007089
-4029176 33554432 1 503647
-4035620 2 1 201781
-4035847 64 2 311 683
-4037219 131072 1 60257
-4041380 6 1 28867
-4043239 128 2 367 479
-4043684 0 2 401 2521
-4044367 0 2 491 8237
-4044967 4160 1 4951
-4045880 33556482 1 2467
-4046312 67109120 2 107 163
-4048340 2050 1 4937
-4048868 0 1 1012217
-4054436 0 1 1013609
-4054484 4194308 1 1627
-4054756 1024 1 27397
-4055048 69206528 1 197
-4058648 33554472 1 2713
-4060820 2 2 277 733
-4062767 2097664 1 1579
-4065079 1024 2 181 607
-4068583 16777216 1 40283
-4070531 32 2 149 1607
-4078244 16384 1 19237
-4078519 8192 2 107 811
-4078735 2 2 113 7219
-4080131 136 1 16127
-4081316 0 1 1020329
-4081615 546 1 1549
-4082132 128 1 44371
-4082335 2 2 163 5009
-4082660 2 1 204133
-4083323 4096 1 94961
-4083847 512 2 103 1279
-4084451 4 1 583493
-4087268 16908288 1 151
-4087811 276 1 1549
-4087979 4 1 583997
-4088455 6 2 199 587
-4093399 2048 1 99839
-4093448 67108992 1 22247
-4095131 33280 1 2239
-4096532 8 1 93103
-4104212 132 1 6373
-4107079 0 2 277 14827
-4107919 2101248 1 1151
-4109503 256 1 141707
-4114196 512 1 33179
-4114916 16 1 79133
-4116068 8 2 139 673
-4120783 32 1 242399
-4123711 0 2 479 8609
-4134920 67108866 2 167 619
-4135604 8 2 193 487
-4143176 67108864 2 571 907
-4143631 262176 1 3433
-4144856 33558528 1 12049
-4148531 0 2 103 40277
-4156283 0 2 479 8677
-4162015 26 1 5821
-4163983 131136 1 3271
-4165412 0 2 389 2677
-4168423 4 2 641 929
-4174568 69206016 1 6287
-4175288 33554512 1 2113
-4175972 192 1 2389
-4176404 0 2 691 1511
-4177999 4 1 596857
-4189955 14 1 10883
-4190651 6144 1 2377
-4193219 0 2 229 18311
-4193599 0 2 599 7001
-4194536 67108864 2 347 1511
-4196455 262146 1 11821
-4197583 16 1 322891
-4199579 262144 1 59149
-4200343 8228 1 751
-4201112 33554432 2 241 2179
-4201160 67108866 2 127 827
-4204772 24 1 7351
-4205240 33554450 1 8087
-4206655 2 2 241 3491
-4207735 134 1 5227
-4212659 32776 1 6491
-4215140 2 2 419 503
-4215320 33554466 1 6199
-4215439 131104 1 3701
-4221743 64 1 222197
-4223240 67108870 1 15083
-4224404 0 2 109 9689
-4225508 4 2 229 659
-4226099 8192 1 89917
-4232599 4 2 107 5651
-4240859 4 1 605837
-4246772 0 2 193 5501
-4247012 12 1 13789
-4247215 6 1 121349
-4248980 34 1 12497
-4250071 4 1 607153
-4254872 33619968 1 8719
-4261592 33554432 2 191 2789
-4264139 1032 1 10477
-4266056 67108864 1 533257
-4268840 67108866 1 106721
-4272967 96 1 13229
-4277935 258 2 163 181
-4277939 0 2 149 28711
-4278344 67108932 1 4021
-4278632 67108864 2 113 4733
-4282111 256 2 149 991
-4283911 192 1 9803
-4285495 2 1 857099
-4287295 2 1 857459
-4287428 0 1 1071857
-4288052 0 2 199 5387
-4288351 0 2 521 8231
-4289191 2097664 1 1667
-4289459 65600 1 3701
-4290692 4 2 293 523
-4292359 0 2 1217 3527
-4293371 49152 1 1373
-4293415 6 2 241 509
-4295704 34603012 1 971
-4298168 33554436 1 76753
-4299092 68 1 8081
-4302823 8388612 1 6337
-4304132 4 1 153719
-4304839 1036 1 1511
-4306255 66 1 45329
-4309931 0 2 1297 3323
-4315735 262146 1 12157
-4316612 0 1 1079153
-4318259 8 1 392569
-4319480 33554442 1 9817
-4320212 16 2 251 331
-4320491 4 2 227 2719
-4325480 67108898 1 6361
-4326488 33558528 1 12577
-4327892 4194304 1 12157
-4329223 0 2 1049 4127
-4329620 2 1 216481
-4329860 2 1 216493
-4330519 0 2 1069 4051
-4334360 33554434 1 108359
-4334552 33570816 1 10223
-4340180 18 1 16693
-4340339 1048576 1 54941
-4340888 33554432 2 281 1931
-4341247 1024 1 117331
-4341512 67108868 1 77527
-4345864 67108864 1 543233
-4349099 0 2 541 8039
-4350248 67108868 2 131 593
-4353727 131076 1 9283
-4364168 67108864 1 545521
-4370891 4 2 167 3739
-4374347 4224 1 4423
-4375864 41943040 1 5639
-4378231 56 1 1801
-4384567 8 2 199 2003
-4384628 128 1 47659
-4386740 2 2 137 1601
-4391288 33554440 2 139 359
-4392659 256 1 151471
-4393892 0 2 113 9721
-4394887 4 1 627841
-4395080 67108930 1 5783
-4395443 4194576 1 131
-4397219 1048576 1 55661
-4399844 0 1 1099961
-4399855 1058 1 1399
-4399880 67109122 1 3793
-4405924 32 1 64793
-4409732 32 1 64849
-4410788 65536 1 18077
-4412360 67117058 1 2347
-4414211 17408 1 2251
-4416872 67117088 1 691
-4417112 33554436 1 78877
-4419044 4 1 157823
-4426331 20 2 127 383
-4427588 8200 1 2141
-4431635 274 1 2351
-4432571 24 2 139 223
-4433720 33554434 2 199 557
-4434727 8 2 359 1123
-4436819 0 2 1459 3041
-4438015 258 2 127 241
-4441928 67109376 1 17911
-4446836 64 1 58511
-4447255 2 2 179 4969
-4449847 256 1 153443
-4450831 12 1 57803
-4451167 132 1 27647
-4452587 0 3 103 139 311
-4453112 33554432 1 556639
-4454360 33554498 1 5861
-4454648 33554440 2 223 227
-4456664 33570944 1 457
-4457924 512 1 35951
-4458199 288 1 9043
-4460459 32960 1 173
-4461415 2054 1 3109
-4465688 33619968 1 9151
-4466552 33554432 1 558319
-4468255 10 2 137 593
-4474235 2 2 113 7919
-4475588 16 1 86069
-4481743 4 1 640249
-4491823 4100 1 14923
-4492664 33554504 1 2687
-4498280 67108866 2 107 1051
-4499764 32 1 66173
-4501736 68157472 1 419
-4502132 131072 2 107 157
-4502276 0 1 1125569
-4504004 0 2 181 6221
-4504676 1032 1 2767
-4506260 10 1 20483
-4514699 20484 1 283
-4519331 4194592 1 103
-4520455 2050 1 22051
-4524463 0 2 787 5749
-4528499 0 2 467 9697
-4528532 18432 1 521
-4528996 0 1 1132249
-4530127 4 1 647161
-4534276 1024 1 30637
-4539476 32 2 241 277
-4543364 4 1 162263
-4544132 0 2 401 2833
-4544228 528 1 2819
-4544996 256 1 39181
-4548659 0 2 283 16073
-4558255 146 1 3049
-4559243 16 1 350711
-4559780 2 1 227989
-4562792 67633168 1 601
-4564388 0 1 1141097
-4571768 33554432 1 571471
-4572164 1024 1 30893
-4574120 67108866 2 173 661
-4578131 0 2 809 5659
-4579663 8 1 416333
-4581368 34603016 1 659
-4582472 67108864 2 191 2999
-4583047 100 1 2027
-4587524 0 1 1146881
-4591096 33554432 1 573887
-4596367 0 2 1427 3221
-4599224 33554436 1 82129
-4600280 33554498 1 6053
-4605124 0 2 157 7333
-4605535 10 1 83737
-4605799 8 1 418709
-4608932 0 1 1152233
-4609135 16777218 1 9127
-4609399 4325376 1 773
-4611155 16777346 1 397
-4613239 32 1 271367
-4615739 2048 2 103 1093
-4616180 34 1 13577
-4616195 2 1 923239
-4626788 32 1 68041
-4626932 4196352 1 317
-4627495 2 1 925499
-4627931 12 1 60103
-4628356 4194304 1 13001
-4628695 133122 1 337
-4631732 2097156 1 1993
-4632212 16 2 229 389
-4632659 1024 1 125207
-4633928 67108912 1 2621
-4639739 784 1 397
-4642232 33554500 1 4363
-4643315 1090 1 1321
-4643455 2050 1 22651
-4643695 70 1 6983
-4643767 2097152 1 55949
-4648567 524300 1 827
-4648931 4 1 664133
-4650008 33570824 1 997
-4650680 33554434 2 233 499
-4653844 528 1 2887
-4658708 0 2 883 1319
-4666756 16384 1 22013
-4670648 33620000 1 563
-4674968 33554432 2 313 1867
-4675928 33554432 2 373 1567
-4680440 33554466 1 6883
-4682699 4 2 557 1201
-4683076 128 2 109 467
-4683299 0 2 461 10159
-4686248 67239940 1 1249
-4690735 134 1 5827
-4692260 2 1 234613
-4695752 67108864 2 607 967
-4696067 0 2 557 8431
-4697492 4608 1 881
-4706815 8194 1 20029
-4709528 33554432 2 479 1229
-4711652 40 1 6299
-4712792 33554564 1 3659
-4714883 512 1 152093
-4718167 65536 1 77347
-4718372 0 2 439 2687
-4719223 1059328 0
-4723811 512 1 152381
-4725035 6 2 127 1063
-4725752 33554432 1 590719
-4729063 2048 1 115343
-4729739 4 2 709 953
-4733099 4 2 277 2441
-4736339 262208 1 3511
-4742168 33554432 2 613 967
-4743812 0 1 1185953
-4745780 18 1 18253
-4750615 1026 1 25679
-4751704 33554464 1 34939
-4753940 2 2 251 947
-4754095 2 1 950819
-4754408 67109440 1 1009
-4756472 33554436 2 157 541
-4760315 4102 1 3163
-4764611 192 1 10903
-4765940 514 1 7687
-4766276 0 2 509 2341
-4766531 12 2 103 601
-4767908 4227072 1 227
-4771235 134 1 5927
-4774931 4 2 499 1367
-4779727 0 2 659 7253
-4781432 33554432 1 597679
-4785943 4096 1 111301
-4786331 4194312 1 4889
-4788223 8 2 211 2063
-4792472 37765120 1 127
-4793339 4160 1 5867
-4797784 33554432 2 271 2213
-4805695 2 1 961139
-4805732 0 2 373 3221
-4809223 1088 1 6841
-4812484 0 1 1203121
-4816255 65538 1 15791
-4817939 4 1 688277
-4820935 6 2 181 761
-4822015 524298 1 1201
-4822328 33554436 1 86113
-4825508 0 1 1206377
-4826888 67108872 1 54851
-4835588 0 2 911 1327
-4838420 2 1 241921
-4840328 67108864 2 167 3623
-4843015 32770 1 16417
-4843268 0 1 1210817
-4843811 4 1 691973
-4851572 262152 1 1553
-4852216 33554432 1 606527
-4856119 4608 1 3643
-4861087 12 1 63131
-4864447 4 2 787 883
-4866251 16 2 139 2693
-4871699 132 1 30259
-4872680 67174402 1 1997
-4874815 65546 1 1453
-4877720 33554434 2 197 619
-4878184 67108896 1 35869
-4879096 33554432 1 609887
-4882927 1060 1 1109
-4886503 2048 1 119183
-4891955 1538 1 853
-4892360 67108874 1 11119
-4892408 33554432 1 611551
-4896463 8388632 1 353
-4898756 0 2 421 2909
-4900580 2 1 245029
-4903115 518 1 4519
-4904036 0 2 103 11903
-4907195 2 1 981439
-4909567 33808 1 173
-4909783 4096 2 227 503
-4912036 0 1 1228009
-4912787 520 1 14407
-4920199 1114112 1 1021
-4921880 33554690 1 4243
-4922660 2 1 246133
-4926904 33554432 2 193 3191
-4927460 66 1 12967
-4929380 2 1 246469
-4931527 16777216 2 157 311
-4935055 32770 1 16729
-4937492 68 1 9281
-4939835 2 2 193 5119
-4942232 33554432 2 383 1613
-4945499 16 1 380423
-4947103 4 1 706729
-4950491 20 1 54401
-4956731 16 1 381287
-4961528 33554456 1 4337
-4967384 35651584 1 7481
-4976132 4100 1 4133
-4977128 67108880 1 47857
-4983332 0 1 1245833
-4986856 67108868 1 89051
-4991579 0 2 769 6491
-4993807 20 1 54877
-4996063 0 2 1721 2903
-4996184 33555456 1 16879
-4997291 16 1 384407
-5002327 2097160 1 5479
-5003768 33554444 1 8123
-5005931 4100 1 16631
-5006291 64 1 263489
-5006408 67108872 1 56891
-5006627 0 2 229 21863
-5006996 512 2 149 271
-5007080 67108882 1 9629
-5012324 0 2 1013 1237
-5012612 1032 1 3079
-5016895 1048594 1 977
-5019076 0 2 173 7253
-5022155 514 1 32401
-5025812 40 1 6719
-5025823 72 2 139 173
-5025844 512 1 40531
-5025943 16 1 386611
-5029304 33554436 1 89809
-5029687 16 2 421 919
-5031064 33554432 2 709 887
-5034103 2048 2 199 617
-5035096 33554696 1 1973
-5040055 258 1 34759
-5040319 0 2 1277 3947
-5043779 2064 1 9463
-5044484 0 1 1261121
-5050040 33554434 2 191 661
-5053172 0 2 853 1481
-5054407 0 2 1997 2531
-5056036 0 1 1264009
-5059115 16418 1 1123
-5063236 0 2 127 9967
-5069939 4 1 724277
-5070692 40 1 6779
-5072315 2050 2 109 227
-5075012 0 1 1268753
-5075195 2 1 1015039
-5075236 0 2 257 4937
-5082020 2 2 103 2467
-5082703 8454144 1 859
-5083544 33554464 1 37379
-5087819 8 1 462529
-5089207 10304 1 139
-5089211 0 2 269 18919
-5089364 4 1 181763
-5091428 0 1 1272857
-5091823 524328 1 373
-5097007 128 2 167 1327
-5097752 33570824 1 1093
-5099195 2 1 1019839
-5105288 67108864 1 638161
-5106068 8 1 116047
-5108164 0 1 1277041
-5108455 10 2 293 317
-5114660 2 1 255733
-5115295 8404994 1 199
-5115304 67108864 2 269 2377
-5116472 33556544 1 821
-5117396 263168 1 487
-5117527 131104 1 4493
-5119460 2 1 255973
-5121256 67108868 2 109 839
-5123336 67108864 2 587 1091
-5128091 4194304 2 157 367
-5129219 0 2 547 9377
-5130788 16 1 98669
-5136008 67108864 2 401 1601
-5139364 0 1 1284841
-5140615 130 1 44701
-5141252 266240 1 421
-5146739 131152 1 311
-5150435 2 2 641 1607
-5153411 0 2 109 47279
-5153503 8512 1 199
-5155460 66 1 13567
-5164532 16416 1 1433
-5164571 8389632 1 1439
-5171695 2 1 1034339
-5172155 2 2 709 1459
-5175544 33554440 2 103 571
-5177528 33554432 2 311 2081
-5183396 0 1 1295849
-5183492 0 1 1295873
-5184392 67108864 2 241 2689
-5188388 0 2 997 1301
-5189219 4 2 859 863
-5191832 33619968 1 10639
-5194232 33554432 1 649279
-5197451 4 2 197 3769
-5199895 2 1 1039979
-5200984 33554496 1 34217
-5201060 66 1 13687
-5201819 8396804 1 163
-5202731 32 2 463 661
-5209220 2 1 260461
-5211755 278530 1 277
-5221112 33619984 1 823
-5222747 0 2 113 46219
-5226196 0 2 337 3877
-5226632 67108864 2 103 6343
-5236115 66 1 55117
-5242015 2 2 179 5857
-5242739 0 2 641 8179
-5243048 67109888 1 17713
-5244664 33554432 1 655583
-5246564 768 1 1459
-5247320 33554450 1 10091
-5247607 0 2 113 46439
-5249252 10485760 1 163
-5249651 131112 1 419
-5250011 16 2 431 937
-5254955 34 2 211 293
-5258287 32 1 309311
-5258552 33587216 1 857
-5259332 16 1 101141
-5260568 33570880 1 653
-5263160 33554438 1 18797
-5263976 67108864 2 619 1063
-5266264 33554560 1 28621
-5268851 4 2 113 6661
-5275172 4 2 293 643
-5276228 0 1 1319057
-5277992 67244032 1 229
-5281207 2097152 1 63629
-5282584 33554432 2 151 4373
-5284835 524290 1 14479
-5289668 1024 2 103 347
-5291119 8192 1 112577
-5294219 1028 1 20441
-5305816 33554432 2 509 1303
-5307155 16390 1 2861
-5310452 4194308 1 2131
-5310779 0 2 563 9433
-5311087 2162688 1 1049
-5323892 4 2 107 1777
-5324312 33554948 1 3067
-5334664 67108864 2 163 4091
-5335379 644 1 1069
-5336623 16416 1 5923
-5340308 512 1 43067
-5341448 67108868 1 95383
-5341460 4098 1 6211
-5342120 67108870 1 19079
-5343319 0 2 2267 2357
-5343731 64 1 281249
-5346539 520 1 15679
-5347979 52 1 3457
-5350036 288 1 2713
-5350663 0 2 113 47351
-5355607 36864 1 2111
-5356015 6 2 137 1117
-5360455 2 2 211 5081
-5360863 65664 1 3821
-5364548 4 2 283 677
-5374259 8 2 127 3847
-5378168 33554432 1 672271
-5381048 33554432 2 241 2791
-5381291 2048 1 131251
-5383640 33554434 1 134591
-5387768 41959424 1 131
-5389448 67112960 1 15667
-5395160 33554690 1 4651
-5396699 12 2 109 643
-5397128 67108872 1 61331
-5397320 67141634 1 2287
-5397851 32768 2 191 479
-5399960 33554434 1 134999
-5403844 0 1 1350961
-5407460 2 2 167 1619
-5408939 64 1 284681
-5409223 0 2 311 17393
-5410628 0 1 1352657
-5416063 128 2 181 1301
-5416447 0 3 107 223 227
-5416543 8 1 492413
-5417555 26 1 7577
-5424452 8 2 113 1091
-5427812 16 1 104381
-5428628 0 2 251 5407
-5432023 16384 2 113 907
-5432420 6 1 38803
-5432792 33558560 1 929
-5433487 33856 1 131
-5437384 67109248 1 1019
-5437624 34078720 1 9311
-5438335 6 1 155381
-5438771 16 2 439 953
-5441048 33558528 1 15817
-5445572 136 1 5381
-5448299 0 2 1907 2857
-5450167 73728 1 1901
-5453483 4 1 779069
-5453768 67109376 1 21991
-5454068 139264 1 433
-5460463 0 2 811 6733
-5462795 18 2 229 367
-5463587 65536 1 89567
-5463604 128 1 59387
-5469847 0 2 337 16231
-5470091 8 1 497281
-5471695 2 1 1094339
-5472484 0 1 1368121
-5474695 2 1 1094939
-5478872 33554436 2 227 431
-5480312 33554432 1 685039
-5483555 14 1 14243
-5488739 96 1 16993
-5490964 0 2 151 9091
-5491508 8 2 137 911
-5493851 520 1 16111
-5496199 0 2 139 39541
-5497207 32896 1 4051
-5497759 128 2 151 1583
-5499668 128 1 59779
-5504132 0 1 1376033
-5508680 67108898 1 8101
-5509639 64 2 409 709
-5510228 64 1 72503
-5510771 36 1 46309
-5512211 0 2 251 21961
-5514248 67108864 2 479 1439
-5516036 0 2 541 2549
-5516312 33554432 2 313 2203
-5516996 1024 1 37277
-5517055 262146 1 15541
-5518091 384 1 8273
-5519771 1024 1 149183
-5521903 65536 1 90523
-5524952 33554432 2 503 1373
-5525863 260 2 163 167
-5527687 8 1 502517
-5532535 130 1 48109
-5532872 67108864 2 163 4243
-5535995 2 1 1107199
-5536543 65632 1 281
-5538932 4 2 337 587
-5539711 128 2 107 2251
-5542211 512 1 178781
-5542331 262144 2 251 311
-5542628 20 1 15227
-5543699 33284 1 433
-5547032 33554464 1 40787
-5551139 524808 1 223
-5551211 192 1 12703
-5551940 2 1 277597
-5553064 67108872 1 63103
-5553895 2 1 1110779
-5557988 0 2 433 3209
-5558983 32 1 326999
-5562371 0 2 1279 4349
-5562824 67112960 2 103 157
-5564120 33554434 2 113 1231
-5565380 2 1 278269
-5567767 131072 1 83101
-5573896 67108864 1 696737
-5574440 67108866 1 139361
-5581028 0 2 839 1663
-5583055 98 1 3457
-5583812 16 2 167 643
-5584340 514 1 9007
-5584955 66 1 58789
-5585672 67108864 2 383 1823
-5592068 0 1 1398017
-5592980 2 1 279649
-5594863 8388608 1 57679
-5597048 33554432 1 699631
-5598068 4 1 199931
-5603095 1538 1 977
-5604131 66576 1 191
-5605172 544 1 2659
-5605663 262148 1 11279
-5606852 0 1 1401713
-5608436 131104 1 1231
-5611159 8388608 1 57847
-5615224 33554432 1 701903
-5617204 524288 1 19237
-5617876 8 1 127679
-5620088 33554432 1 702511
-5620207 512 1 181297
-5621287 4 1 803041
-5621747 32 2 347 953
-5623028 512 2 137 331
-5623684 136 1 5557
-5627555 65538 1 18451
-5630216 67110016 1 827
-5630360 33554434 1 140759
-5632420 2 1 281621
-5636888 33619968 1 11551
-5637544 67108872 1 64063
-5641640 67108866 1 141041
-5642315 1030 1 4357
-5646968 33554432 1 705871
-5647748 0 1 1411937
-5650355 2 2 1019 1109
-5656259 524292 1 11069
-5660983 81952 1 103
-5662388 0 2 239 5923
-5663432 67108864 1 707929
-5663455 6 2 103 1571
-5663492 0 2 709 1997
-5666743 8192 1 120569
-5668388 8200 1 2741
-5669287 16 2 131 3329
-5669795 2 1 1133959
-5673899 524 1 2377
-5682395 18434 1 523
-5683211 0 2 2081 2731
-5684047 262144 2 223 359
-5684356 16384 1 26813
-5684623 4 2 457 1777
-5693219 2099204 1 239
-5693435 65546 1 1697
-5693768 67117120 1 797
-5698820 2 2 107 2663
-5705224 67108868 1 101879
-5707355 1048578 1 14449
-5708143 2052 1 19889
-5708435 2 2 509 2243
-5713448 67108880 2 137 401
-5715224 37748864 1 349
-5718731 1048576 2 191 379
-5723096 33563136 1 491
-5723555 2 2 739 1549
-5725931 0 2 397 14423
-5726356 131200 1 929
-5728820 8388610 1 2953
-5730127 16 2 211 2089
-5731903 0 2 563 10181
-5732468 36 1 12043
-5733332 8 1 130303
-5735051 2097156 1 9871
-5745668 0 1 1436417
-5746280 75497474 1 1481
-5750407 592 1 751
-5751991 4 2 367 2239
-5754212 0 2 773 1861
-5755384 50331680 1 419
-5756680 67371010 1 2027
-5759819 16 1 443063
-5764232 67108864 2 307 2347
-5766251 0 2 311 18541
-5767112 67109008 1 2411
-5769611 4096 1 134177
-5772980 2 1 288649
-5777828 4 1 206351
-5784692 8388640 1 877
-5785124 0 1 1446281
-5789623 16777284 1 431
-5791204 49152 1 463
-5791220 34 1 17033
-5795588 262144 1 20407
-5797495 138 1 4583
-5801764 8388672 1 787
-5805080 33554434 2 103 1409
-5811971 8 2 283 1867
-5817127 0 2 113 51479
-5819023 8324 1 769
-5836859 260 1 28753
-5838548 96 1 4519
-5839691 8388632 1 421
-5839859 64 1 307361
-5842996 0 2 167 8747
-5844676 0 1 1461169
-5847704 33620096 1 521
-5848115 22 1 12853
-5851988 0 2 677 2161
-5854472 67110928 1 1373
-5856020 2 1 292801
-5857859 4 2 167 5011
-5862308 0 1 1465577
-5863892 32768 1 24847
-5868152 33554432 1 733519
-5874059 16777280 1 3061
-5877784 33554472 1 3929
-5879236 2056 1 3259
-5879503 4 2 113 7433
-5882699 0 2 2281 2579
-5889367 196616 1 131
-5892131 4 2 331 2543
-5892788 8 2 199 673
-5893927 16 1 453379
-5894792 67108864 2 271 2719
-5897288 67108864 2 571 1291
-5897723 16 1 453671
-5897863 0 2 1777 3319
-5898692 524288 1 20201
-5903720 67109890 1 3989
-5905832 67117056 2 113 139
-5907011 8 1 537001
-5907080 67141634 1 2503
-5907188 4 2 113 1867
-5907755 38 1 9929
-5909284 0 1 1477321
-5909771 4 1 844253
-5913316 16384 1 27893
-5920564 2064 1 2777
-5920811 524336 1 367
-5921012 0 2 151 9803
-5921252 0 1 1480313
-5927339 296 1 1093
-5927768 33554444 1 9623
-5934343 32 1 349079
-5934964 4 2 127 1669
-5936132 1088 1 2111
-5937203 0 2 149 39847
-5941448 67108864 1 742681
-5942696 68157440 1 9403
-5944084 65568 1 1433
-5963099 0 2 787 7577
-5967655 514 1 38501
-5970340 130 1 12979
-5971259 4 2 113 7549
-5973092 0 1 1493273
-5973107 4 2 151 5651
-5977220 2 1 298861
-5978792 67108864 2 181 4129
-5979844 16 1 114997
-5985491 32768 1 101449
-5990948 128 1 65119
-5991428 0 1 1497857
-5993531 64 1 315449
-5994020 2 1 299701
