-383759
-402359
-670919
-740591
-765287
-783599
-817463
-873359
-882071
-928463
-943079
-970583
-1001639
-1036799
-1059743
-1067711
-1130807
-1179863
-1205471
-1283719
-1342343
-1351439
-1358039
-1395047
-1576007
-1597943
-1626983
-1664807
-1755023
-1872623
-1899511
-1973927
-1990831
-1996487
-2019751
-2074823
-2107811
-2121023
-2213327
-2218519
-2267383
-2275831
-2310559
-2353159
-2377967
-2480447
-2658391
-2661391
-2699171
-2711119
-2720447
-2776471
-2808031
-2896639
-2953807
-3039847
-3040091
-3102439
-3120703
-3208727
-3278207
-3285103
-3298111
-3526711
-3585271
-3586399
-3609799
-3646231
-3664447
-3708371
-3736543
-3812911
-3891871
-3929479
-3956171
-4043719
-4077323
-4092059
-4101371
-4133047
-4171499
-4228879
-4239847
-4274911
-4332583
-4371247
-4443079
-4470443
-4568891
-4637771
-4642999
-4677923
-4698779
-4738807
-4743847
-4745243
-4844911
-4887703
-4903571
-4967023
-5023159
-5023259
-5031583
-5081291
-5137207
-5139223
-5171359
-5232823
-5252743
-5253607
-5275499
-5277059
-5304487
-5363503
-5367779
-5379607
-5400127
-5404187
-5415563
-5444771
-5507219
-5514247
-5559707
-5564527
-5572471
-5584567
-5690099
-5738263
-5777747
-5823943
-5882287
-5887807
-5917567
-5948263
-5958367
-5973131
-5979007
-6036731
