-332111 32784 1 433
-354191 4096 1 8237
-385439 256 1 13291
-419639 8 1 38149
-423335 4106 1 179
-438311 32992 0
-444311 4 1 63473
-456335 10 1 8297
-479591 4 2 131 523
-511031 2105344 1 131
-531839 12 1 6907
-551183 1048576 1 6977
-569015 2 2 317 359
-574055 1282 1 107
-611855 1048578 1 1549
-643631 32768 1 10909
-660695 4102 1 439
-663095 2 1 132619
-683735 131090 1 157
-694847 0 2 227 3061
-696023 40960 1 251
-724247 128 1 31489
-744383 65536 1 12203
-757055 82 1 613
-760487 65556 1 137
-765215 10 1 13913
-771071 32772 1 1867
-782135 66 1 8233
-798167 288 1 1619
-810143 0 2 433 1871
-819455 22 1 1801
-821495 2 1 164299
-823055 162 1 421
-831455 2 2 179 929
-842687 0 2 137 6151
-844703 32768 2 103 139
-848015 6 1 24229
-848735 2 2 199 853
-856415 6 1 24469
-880295 274 1 467
-881543 2101328 0
-889223 0 2 509 1747
-889847 132 1 5527
-898247 4 1 128321
-902447 8212 1 211
-905567 2064 1 1699
-910223 256 1 31387
-922484 1152 1 271
-932543 0 2 719 1297
-952055 8388626 1 151
-970055 2 2 131 1481
-998615 8651010 0
-1000535 1048610 1 149
-1008791 4 2 211 683
-1029287 262212 1 109
-1036079 8 2 131 719
-1040663 16 1 80051
-1042367 524288 2 109 131
-1084031 65552 1 1367
-1100015 16390 1 593
-1100159 640 1 1543
-1109015 2 2 137 1619
-1134887 16 1 87299
-1144535 16390 1 617
-1149239 524308 1 173
-1150271 262176 1 953
-1150391 136 1 4547
-1157191 4 1 165313
-1167095 2 1 233419
-1169135 266 1 733
-1170455 26 1 1637
-1188215 38 1 1997
-1203751 128 2 199 263
-1207463 4194304 1 13567
-1213703 0 2 557 2179
-1220063 16 1 93851
-1234519 12582936 0
-1235087 524292 1 2417
-1247384 33556480 1 3803
-1249463 65536 1 20483
-1252583 0 2 103 12161
-1254719 160 1 3209
-1255895 2 1 251179
-1256039 2098176 1 409
-1259599 4104 1 2663
-1263215 66 1 13297
-1274063 4 1 182009
-1280839 131076 1 2731
-1285007 0 2 863 1489
-1287311 0 2 211 6101
-1297247 8196 1 3943
-1306184 67108872 1 14843
-1309751 0 2 127 10313
-1311215 2 2 191 1373
-1313144 33554436 2 131 179
-1318159 0 2 631 2089
-1322191 16793680 0
-1326919 262152 1 1699
-1327895 2 1 265579
-1336007 262656 1 607
-1337039 8 2 197 617
-1347215 524290 1 3691
-1358063 68 1 10211
-1366295 6 2 103 379
-1371455 32770 1 4649
-1371464 67108864 2 251 683
-1372664 33554432 1 171583
-1379479 32768 2 103 227
-1384823 131080 1 1879
-1388071 0 2 461 3011
-1396367 68 1 10499
-1408244 128 1 15307
-1422527 128 2 127 487
-1423583 8196 1 4327
-1425167 0 2 139 10253
-1429844 528 1 887
-1435255 2 2 151 1901
-1450111 16 2 331 337
-1452260 2 1 72613
-1464215 8388610 1 3019
-1465055 1048578 1 3709
-1465655 4130 1 401
-1474724 0 2 127 2903
-1494440 67108866 1 37361
-1502311 1088 1 2137
-1504343 0 2 487 3089
-1509140 65538 1 1237
-1517815 82 1 1229
-1519556 0 1 379889
-1523303 0 2 137 11119
-1528487 8224 1 1913
-1531583 0 2 1087 1409
-1534399 128 1 66713
-1536383 8396800 1 337
-1548344 33558532 1 643
-1552424 67110912 1 4733
-1555535 32770 1 5273
-1557647 20 1 17117
-1592036 1536 1 347
-1592456 67239936 1 2971
-1597535 2 2 283 1129
-1606916 512 1 12959
-1622783 66560 1 719
-1625335 2 2 173 1879
-1639895 2 1 327979
-1640551 552 1 283
-1649615 4194314 1 337
-1652807 16 1 127139
-1656263 4 1 236609
-1656455 65538 1 5431
-1656503 0 2 607 2729
-1658216 67108868 1 29611
-1670984 67125252 1 563
-1671695 262178 1 277
-1687544 33554432 1 210943
-1691780 2 1 84589
-1696487 1040 1 3527
-1704143 4 2 137 1777
-1708196 4 1 61007
-1709816 33554432 1 213727
-1711016 67109024 1 547
-1713527 0 2 181 9467
-1722455 262 1 1697
-1754207 1044 1 521
-1755455 18 2 113 239
-1759351 2107400 0
-1765247 8 2 383 419
-1777016 33554432 1 222127
-1777895 1048582 1 643
-1779751 0 2 397 4483
-1787684 0 1 446921
-1796756 16 2 109 317
-1799720 67108882 1 3461
-1807583 32768 1 30637
-1811087 8388608 1 18671
-1811479 131136 1 1423
-1828535 8706 1 251
-1833239 1024 1 49547
-1833391 4100 1 6091
-1840004 65536 1 7541
-1845935 22 1 4057
-1851215 290 1 751
-1857847 0 2 173 10739
-1861223 20 2 113 181
-1865876 64 1 24551
-1868735 65546 1 557
-1875320 33554434 2 173 271
-1876676 0 1 469169
-1877396 0 2 173 2713
-1879016 67108864 2 349 673
-1884884 256 1 16249
-1893716 8 2 193 223
-1895624 67108864 2 211 1123
-1895876 0 2 149 3181
-1896919 256 2 149 439
-1899224 33558528 1 5521
-1902536 67108864 2 163 1459
-1907636 532480 1 139
-1910311 144 1 6389
-1911236 0 1 477809
-1935956 136 1 1913
-1937924 4160 1 593
-1939463 64 1 102077
-1939976 67108928 1 12763
-1958095 2 1 391619
-1959983 4160 1 2399
-1962404 0 2 127 3863
-1963736 33556480 1 5987
-1967087 32 2 251 461
-1967207 4104 1 4159
-1967576 33554448 1 18919
-1968647 64 1 103613
-1973015 266 1 1237
-1976996 4 1 70607
-1979444 16384 1 9337
-1983815 34 1 23339
-1986404 65540 1 1163
-1990471 4 2 127 2239
-1994660 2 1 99733
-2004980 34 1 5897
-2011796 64 2 103 257
-2016767 131584 1 971
-2018695 6 2 137 421
-2020184 33685504 1 3769
-2022356 4 1 72227
-2023784 67371012 1 509
-2025176 33554464 1 14891
-2025236 18432 1 233
-2028151 16416 1 2251
-2028836 0 2 151 3359
-2037656 33554688 1 8783
-2040584 67108884 1 2803
-2043415 16394 1 701
-2046260 16777218 1 1013
-2048191 2097152 1 24677
-2049896 83922944 0
-2057671 12 1 26723
-2057695 386 1 617
-2061956 80 1 2087
-2074495 2 1 414899
-2074904 33816592 1 281
-2076151 32780 1 457
-2081087 4325376 1 349
-2081207 8192 1 44281
-2081816 33556488 1 577
-2085656 33570816 1 4919
-2087684 262144 1 7351
-2091080 67174402 1 857
-2091764 0 2 281 1861
-2110807 0 2 373 5659
-2112776 68157440 1 3343
-2113304 33556512 1 379
-2116964 0 1 529241
-2128616 67108868 1 38011
-2141599 128 1 93113
-2143316 2052 1 1867
-2144804 147456 1 151
-2145559 16 2 151 1093
-2146943 64 1 112997
-2152999 4194336 1 1423
-2157223 524544 1 1019
-2161784 33554432 1 270223
-2166116 0 1 541529
-2167076 8192 1 11527
-2168767 0 2 1301 1667
-2170879 0 2 257 8447
-2175703 16384 1 41051
-2177096 67108928 1 14323
-2177647 64 1 114613
-2188735 1026 1 11831
-2199560 67108874 1 4999
-2200895 2 1 440179
-2202824 67141648 1 359
-2203844 0 1 550961
-2204839 20 1 24229
-2208199 68 1 16603
-2211380 2 1 110569
-2213576 67108928 1 14563
-2216840 67108866 2 157 353
-2216996 576 1 941
-2222423 4 1 317489
-2226020 2 1 111301
-2231671 1067024 0
-2237624 33554560 1 12161
-2239951 4 1 319993
-2244536 33554436 2 149 269
-2246312 69206048 1 199
-2247860 262146 1 1583
-2248004 72 1 2689
-2253704 67108928 1 14827
-2254808 33554688 1 9719
-2258239 2048 1 55079
-2265080 33554466 1 3331
-2266040 33554438 1 8093
-2272760 33554438 1 8117
-2275784 67108868 1 40639
-2278616 33556480 1 6947
-2279240 67108930 1 2999
-2279684 8 2 197 263
-2281364 0 2 643 887
-2282071 65608 1 179
-2283407 4 2 103 3167
-2293951 136 1 9067
-2298079 4 2 233 1409
-2300360 67108866 2 131 439
-2302711 33280 1 1259
-2303012 0 1 575753
-2306840 50331650 1 571
-2309144 33554464 1 16979
-2314724 0 2 109 5309
-2315479 128 1 100673
-2317304 33554472 1 1549
-2317544 68157504 1 193
-2318359 0 2 439 5281
-2331044 0 1 582761
-2336996 0 1 584249
-2337320 67371010 1 823
-2338184 67108864 2 331 883
-2343332 128 1 25471
-2343439 4 1 334777
-2344580 6 1 16747
-2344831 2048 1 57191
-2351935 2 2 173 2719
-2352440 33554562 1 2557
-2355223 144 1 7877
-2356879 132 1 14639
-2359823 42112 0
-2361524 8 2 191 281
-2363959 548880 0
-2367620 130 1 5147
-2374916 0 2 677 877
-2378180 6 1 16987
-2391320 33554434 2 191 313
-2393087 8388608 1 24671
-2398244 0 1 599561
-2399624 67108928 1 15787
-2401544 67108864 1 300193
-2407303 0 2 199 12097
-2411156 8 1 54799
-2420171 8240 1 233
-2421647 128 2 211 499
-2421871 32 2 109 1307
-2429384 67141632 1 5147
-2429924 4 1 86783
-2435924 0 2 461 1321
-2442455 2 2 179 2729
-2445983 0 2 139 17597
-2448559 40960 1 883
-2449007 8 2 251 887
-2450183 4160 1 2999
-2456959 32 2 113 1279
-2458703 528 1 6101
-2467159 32 2 103 1409
-2468171 2097152 2 131 227
-2477687 262144 1 34897
-2478263 139264 1 787
-2482244 0 1 620561
-2482591 2048 2 151 401
-2502623 64 2 107 1231
-2511044 0 2 127 4943
-2511055 2 2 349 1439
-2511236 20 1 6899
-2513431 0 2 109 23059
-2523704 33554432 2 167 1889
-2525911 544 1 4793
-2529908 128 2 107 257
-2535860 2 2 103 1231
-2536712 67108864 1 317089
-2539255 66 1 26729
-2540095 2 1 508019
-2547080 67109890 1 1721
-2547464 67108864 2 359 887
-2548399 16388 1 6869
-2558063 32768 2 191 227
-2560159 4 2 487 751
-2561732 1088 1 911
-2563247 0 2 149 17203
-2563831 0 2 223 11497
-2566868 1048576 1 8123
-2570024 67113472 1 241
-2570984 67141648 1 419
-2573156 8192 1 13687
-2579396 0 2 727 887
-2587879 264196 1 127
-2589415 8388674 1 281
-2589956 0 1 647489
-2596964 0 2 389 1669
-2598020 2 1 129901
-2606120 67108874 1 5923
-2606852 512 1 21023
-2608136 75497472 1 3361
-2611351 128 1 113537
-2618612 8388640 1 397
-2620495 2 1 524099
-2621191 1024 1 70843
-2623796 2097156 1 1129
-2629399 0 2 859 3061
-2629496 33554432 1 328687
-2630372 128 1 28591
-2634295 2 1 526859
-2634824 67111168 1 277
-2647076 0 1 661769
-2654516 32 2 103 379
-2658344 67108880 1 25561
-2659160 33554438 1 9497
-2659304 67109376 1 10723
-2661956 16777224 1 599
-2664991 4 1 380713
-2674091 516 1 12323
-2677304 33554436 1 47809
-2680639 16 1 206203
-2687071 32 2 263 601
-2697751 4 1 385393
-2702579 131144 1 193
-2703655 2 2 151 3581
-2705240 33554434 1 67631
-2706439 1024 2 193 379
-2709716 0 2 317 2137
-2712895 2 1 542579
-2714024 67126272 1 173
-2714276 128 2 163 181
-2716615 10 1 49393
-2721391 16384 1 51347
-2722436 0 2 821 829
-2729911 32 1 160583
-2731039 0 2 281 9719
-2738911 4 1 391273
-2742884 5120 1 431
-2744612 8208 1 1123
-2765876 262144 1 9739
-2767448 33636352 1 107
-2769656 33554432 1 346207
-2769871 16 1 213067
-2772919 512 1 89449
-2773508 512 1 22367
-2773796 0 2 193 3593
-2777528 33554480 1 1571
-2783480 33554438 1 9941
-2784740 6 1 19891
-2785544 67108864 2 191 1823
-2789336 33554696 1 1093
-2794184 67108864 2 103 3391
-2804335 2 2 467 1201
-2805023 16 1 215771
-2809880 33554434 2 199 353
-2817716 40 1 3767
-2821639 0 2 613 4603
-2826248 67108864 2 401 881
-2827940 2 1 141397
-2831816 67633168 1 373
-2832751 0 2 157 18043
-2834087 4128 1 3877
-2834903 1056 1 4507
-2835656 67108864 2 127 2791
-2837348 0 1 709337
-2838319 8 2 163 1583
-2847823 8388648 1 157
-2848331 0 2 257 11083
-2849396 520 1 2089
-2853887 10240 1 1481
-2867108 0 2 103 6959
-2875591 512 1 92761
-2879348 8390656 1 181
-2882324 0 2 467 1543
-2890136 34603040 1 269
-2896279 0 2 131 22109
-2902664 67108864 2 179 2027
-2903732 80 1 2939
-2904116 0 2 683 1063
-2907659 0 2 823 3533
-2908447 0 2 109 26683
-2920615 2 2 263 2221
-2926615 2 2 281 2083
-2926711 0 2 227 12893
-2932196 0 2 661 1109
-2938399 32 2 127 1361
-2942359 68 1 22123
-2945444 0 1 736361
-2946647 8 1 267877
-2949167 65552 1 3719
-2950916 0 1 737729
-2952056 33554432 1 369007
-2961799 26880 0
-2966120 67109122 1 2557
-2967320 33554946 1 2393
-2967716 0 1 741929
-2973751 4104 1 6287
-2974340 2 2 127 1171
-2980471 16 1 229267
-2982023 8 2 419 647
-2987684 4 1 106703
-2988871 8256 1 3347
-2994932 64 2 157 251
-3000020 2 1 150001
-3010040 33554442 1 6841
-3016904 67108872 1 34283
-3017903 68 1 22691
-3023732 0 2 277 2729
-3027704 33554432 1 378463
-3029903 0 2 1553 1951
-3033236 64 2 107 373
-3038383 16908288 1 449
-3038671 0 2 619 4909
-3039044 0 2 223 3407
-3039055 258 1 20959
-3042559 16 1 234043
-3043076 0 1 760769
-3044579 192 1 6967
-3050036 8 2 103 673
-3052231 52 1 1973
-3063476 16 1 58913
-3068276 18432 1 353
-3072740 10 1 13967
-3075140 2 1 153757
-3078680 33554442 1 6997
-3081656 33555712 1 359
-3086291 16 2 199 1193
-3087535 524298 1 769
-3088088 33566720 1 191
-3092612 0 1 773153
-3095815 514 1 19973
-3098948 0 2 367 2111
-3101411 0 2 337 9203
-3105151 1092 1 631
-3106964 1028 1 2999
-3113780 2 1 155689
-3113960 67108866 1 77849
-3114212 0 1 778553
-3115592 67108864 2 191 2039
-3122815 34 1 36739
-3125540 10 1 14207
-3128084 1048640 1 521
-3131383 32 1 184199
-3131864 33554560 1 17021
-3143819 4 1 449117
-3145859 1048576 1 39821
-3147176 67633184 1 317
-3148052 524288 1 10781
-3149167 4 2 281 1601
-3149624 33554464 1 23159
-3151604 16777472 1 269
-3151615 514 1 20333
-3153031 68 2 151 157
-3157735 2097158 1 1087
-3163736 33554944 1 12757
-3169460 6 1 22639
-3170783 12 1 41179
-3170840 33554466 1 4663
-3175331 2228224 1 571
-3175615 2 2 757 839
-3177764 8192 1 16903
-3179311 16384 2 223 269
-3187687 262240 1 139
-3191384 33554436 1 56989
-3192104 67108864 2 311 1283
-3202495 2 1 640499
-3202783 32 2 293 643
-3203459 524292 1 6269
-3207176 67108868 1 57271
-3211988 80 1 3251
-3212335 6 1 91781
-3214136 33554432 2 383 1049
-3221191 0 2 787 4093
-3221767 262144 1 45377
-3224671 0 2 347 9293
-3225895 2 1 645179
-3228260 6 1 23059
-3229039 136 1 12763
-3229859 4608 1 2423
-3236927 512 1 104417
-3237704 67108864 1 404713
-3238607 192 1 7411
-3240179 4096 1 75353
-3241355 8210 1 1061
-3242936 33556480 1 9887
-3251335 290 1 1319
-3252920 33554442 1 7393
-3258692 0 2 157 5189
-3262040 33554434 1 81551
-3270655 514 1 21101
-3274388 16 1 62969
-3284531 262144 1 46261
-3290084 4 1 117503
-3294851 2113540 1 107
-3295379 64 2 251 691
-3300535 6 2 181 521
-3305384 67108864 2 263 1571
-3309871 16777216 1 32771
-3320744 67108932 1 3121
-3331976 67108864 1 416497
-3334519 64 2 223 787
-3336308 0 2 131 6367
-3339524 256 1 28789
-3341095 162 1 1709
-3345608 67108868 1 59743
-3347479 0 2 179 18701
-3347636 4096 1 19463
-3347720 67108866 2 127 659
-3348079 260 1 16493
-3349124 0 2 157 5333
-3350695 2 1 670139
-3352495 4610 1 503
-3353972 0 2 463 1811
-3355135 6 2 257 373
-3356360 67108870 1 11987
-3363755 4194306 1 7559
-3366344 67108928 1 22147
-3369716 4 2 151 797
-3372020 2 1 168601
-3373327 1568 1 173
-3373783 4 2 349 1381
-3374360 33554442 1 7669
-3376184 33554436 1 60289
-3389252 0 2 401 2113
-3391508 8388608 1 8741
-3401695 10 2 127 487
-3402295 50 1 3079
-3413143 0 2 149 22907
-3418687 2097152 1 41189
-3419095 2 1 683819
-3420248 33554448 1 32887
-3420404 16 1 65777
-3421255 2 2 389 1759
-3424135 26 1 4789
-3425359 4 1 489337
-3426535 8198 1 2083
-3428171 0 2 1429 2399
-3432751 4 1 490393
-3434071 0 2 463 7417
-3443012 0 1 860753
-3447415 4259842 1 127
-3447512 33555520 1 613
-3450223 8196 1 10487
-3455623 0 2 233 14831
-3455959 4194576 1 103
-3466184 67108864 2 283 1531
-3466340 2 2 263 659
-3470551 262148 1 6983
-3470959 0 2 1181 2939
-3472015 2 2 593 1171
-3472471 2097312 1 107
-3473204 4 2 163 761
-3476552 67633152 1 5953
-3482408 67371008 1 6131
-3485236 4224 1 881
-3497239 0 2 991 3529
-3497876 0 2 733 1193
-3498008 33554432 2 331 1321
-3498680 33562626 1 1861
-3499508 0 2 197 4441
-3500324 128 1 38047
-3507956 256 1 30241
-3510031 16388 1 9461
-3512612 0 1 878153
-3516116 0 2 547 1607
-3517844 40 1 4703
-3521579 0 2 461 7639
-3525703 0 2 1061 3323
-3526856 67108928 1 23203
-3528008 67117064 1 853
-3530599 64 1 185821
-3541688 33554944 1 14281
-3542579 32 1 208387
-3547880 67108870 1 12671
-3548555 32898 1 523
-3551636 16392 1 1523
-3557864 71303232 1 263
-3559640 33554438 1 12713
-3566983 4 1 509569
-3567655 22 1 7841
-3571255 2 2 229 3119
-3572651 0 2 709 5039
-3575407 4104 1 7559
-3576655 66 1 37649
-3581192 67108992 1 19463
-3591044 0 2 137 6553
-3591991 2097168 1 3329
-3592615 82 1 2909
-3593743 0 2 1663 2161
-3599503 512 1 116113
-3607640 33554434 1 90191
-3608095 2 1 721619
-3609295 2 1 721859
-3611767 64 1 190093
-3611819 0 2 113 31963
-3623044 0 1 905761
-3628520 67108870 1 12959
-3628567 256 2 211 593
-3629396 0 2 281 3229
-3629815 6 2 137 757
-3631495 518 1 3347
-3632744 69206016 1 5471
-3636967 128 1 158129
-3637508 4 2 163 797
-3641215 2 2 769 947
-3642260 2 2 269 677
-3649556 0 2 107 8527
-3650023 16 1 280771
-3650815 6 1 104309
-3658931 0 2 1193 3067
-3663299 4096 1 85193
-3667508 16 1 70529
-3668696 33554432 2 151 3037
-3673471 16778240 1 983
-3681080 33554450 1 7079
-3681799 8 2 433 773
-3682484 144 1 3079
-3685183 64 1 193957
-3691567 104 1 1039
-3692372 0 2 761 1213
-3694388 12288 1 457
-3694760 67108866 1 92369
-3695887 16 2 107 2657
-3696008 67125376 1 379
-3696056 33554452 1 5077
-3696631 0 2 151 24481
-3701384 67108864 1 462673
-3701579 8196 1 11251
-3702488 33554688 1 15959
-3706615 74 1 3547
-3712856 33554436 1 66301
-3716504 33554440 2 157 269
-3716527 2048 1 90647
-3716840 67108866 1 92921
-3718111 128 2 139 1163
-3721115 2 2 311 2393
-3724388 0 1 931097
-3727364 2097152 2 103 109
-3727988 8 2 193 439
-3729863 4096 2 127 683
-3734599 8 2 467 727
-3734792 67108928 1 24571
-3743219 512 1 120749
-3744164 0 2 733 1277
-3745928 67108864 1 468241
-3751816 67108928 1 24683
-3756611 512 1 121181
-3758167 8196 1 11423
-3759860 18 1 14461
-3767699 144 1 12601
-3769855 258 1 25999
-3770420 16386 1 3557
-3774260 6 1 26959
-3774872 33571072 1 307
-3775211 520 1 11071
-3777059 65560 1 433
-3778115 524298 1 941
-3778739 192 1 8647
-3778820 2 1 188941
-3780724 0 2 739 1279
-3785444 16 1 72797
-3790399 0 2 167 22697
-3792680 67125250 1 1789
-3793951 4 1 541993
-3795608 33555456 1 12823
-3796916 32 1 55837
-3800167 2052 1 13241
-3801416 67108864 2 643 739
-3801463 192 1 8699
-3802811 2097152 1 45817
-3803656 67108864 1 475457
-3805076 40 1 5087
-3808691 512 1 122861
-3813368 33555472 1 991
-3821828 0 1 955457
-3822344 67108928 1 25147
-3828212 128 1 41611
-3831995 2 1 766399
-3840616 67108880 1 36929
-3847835 2 2 439 1753
-3848959 3145728 1 587
-3853999 0 2 991 3889
-3863459 0 2 229 16871
-3867320 33554434 2 109 887
-3867332 32772 1 2341
-3871832 33554432 2 113 4283
-3878195 2 1 775639
-3879535 10 1 70537
-3882751 0 2 241 16111
-3883931 65536 1 63671
-3889928 67108868 1 69463
-3892052 0 2 953 1021
-3893935 65570 1 751
-3894308 131080 1 1321
-3895876 0 2 383 2543
-3897476 8 2 283 313
-3900692 4194304 1 10957
-3904423 0 2 773 5051
-3915812 256 1 33757
-3917687 4608 1 2939
-3923924 1024 1 26513
-3930548 2097152 1 11839
-3930895 2 1 786179
-3937796 0 2 953 1033
-3940136 67239936 1 7351
-3941156 0 2 277 3557
-3945415 8194 2 103 163
-3945656 33554456 1 3449
-3952772 32 1 58129
-3953647 4194816 1 1433
-3958327 64 1 208333
-3958340 8194 1 4211
-3959431 32772 1 9587
-3963416 35659776 1 127
-3967855 2 2 211 3761
-3969080 33685506 1 1481
-3974216 67108992 1 21599
-3975944 67108868 1 70999
-3977540 6 1 28411
-3978376 67108864 1 497297
-3981415 4194434 1 389
-3983531 1664 1 151
-3989336 37748752 1 431
-3994712 33556544 1 641
-4002995 2 1 800599
-4003327 32768 1 67853
-4004852 16777344 1 431
-4005572 512 1 32303
-4008823 20 1 44053
-4010084 131088 1 1151
-4012724 1088 1 1427
-4013047 64 1 211213
-4013695 2054 1 2797
-4014895 2 1 802979
-4022219 512 1 129749
-4024979 16452 1 571
-4031492 0 1 1007873
-4036207 2097156 1 6947
-4036568 33554688 2 127 137
-4038391 4 2 359 1607
-4044548 0 1 1011137
-4045807 40960 1 1459
-4045835 2097154 1 9749
-4048255 258 1 27919
-4049576 67109888 1 13681
-4054564 0 1 1013641
-4060735 6 2 181 641
-4061156 136 1 4013
-4061167 8 1 369197
-4062356 65536 1 16649
-4063835 2 2 373 2179
-4066328 33554436 1 72613
-4067455 6 2 251 463
-4068347 512 2 263 499
-4071007 16777248 1 2371
-4071976 68157472 1 379
-4074103 8 1 370373
-4081855 2 2 149 5479
-4082312 67108912 1 2309
-4085599 4 1 583657
-4087144 68157696 1 223
-4091540 2 2 149 1373
-4092260 2 1 204613
-4097348 0 1 1024337
-4103444 2048 2 131 191
-4105495 2 1 821099
-4108772 16384 1 19381
-4109432 33554432 1 513679
-4110296 50331648 1 5087
-4115479 32 2 233 1039
-4117796 3145728 1 157
-4118024 67112960 1 11971
-4121768 71303172 1 827
-4125611 1060 1 937
-4126619 4 2 181 3257
-4128920 33554434 2 109 947
-4131463 1049092 1 241
-4133143 4 2 173 3413
-4133240 33554434 2 191 541
-4133599 32768 1 70061
-4136839 4 2 557 1061
-4137464 33554432 1 517183
-4138447 64 2 139 1567
-4143140 66 1 10903
-4150591 32768 2 103 683
-4150835 82 1 3361
-4151156 0 2 109 9521
-4155380 2 1 207769
-4158104 33554432 2 683 761
-4164260 2 1 208213
-4165139 16777352 1 163
-4167464 67108868 1 74419
-4172888 33620000 1 503
-4173236 4160 1 1277
-4174471 68 1 31387
-4175492 0 1 1043873
-4179272 67108864 1 522409
-4182548 16384 2 109 181
-4182680 33554466 1 6151
-4184312 33554472 1 2797
-4190264 33558544 1 937
-4192292 16 1 80621
-4198423 512 1 135433
-4198520 33558530 1 2441
-4208911 36 2 113 313
-4209524 264 1 3299
-4218895 2 1 843779
-4219379 512 2 131 1039
-4220116 0 2 103 10243
-4222040 33587202 1 1789
-4225460 2050 1 5153
-4231451 4 2 149 4057
-4232056 33554432 1 529007
-4233059 1024 1 114407
-4233908 4194308 1 1699
-4236515 2 2 547 1549
-4238936 33554448 1 40759
-4242895 2 1 848579
-4245316 0 2 773 1373
-4247791 16384 1 80147
-4248440 33554438 1 15173
-4249940 130 1 9239
-4250312 67108872 1 48299
-4256239 48 1 19259
-4258211 32 2 463 541
-4258331 268 1 1907
-4261988 266240 1 349
-4265240 33554438 1 15233
-4266632 68161536 1 157
-4277407 2048 1 104327
-4279640 41943042 1 1103
-4281655 262150 1 1723
-4291892 136 1 4241
-4294399 704 1 317
-4297880 33554434 2 139 773
-4298504 67141636 1 1301
-4299272 67108864 2 151 3559
-4299415 66 2 167 271
-4303124 4 2 313 491
-4303816 67108872 1 48907
-4309039 4 1 615577
-4310119 16392 1 7393
-4313972 144 1 3607
-4314008 40370176 0
-4324520 67633154 1 1481
-4328311 16 1 332947
-4328623 656 1 467
-4329535 6 1 123701
-4329895 2 1 865979
-4333172 0 2 313 3461
-4333691 96 1 13417
-4339327 0 2 149 29123
-4342063 8 1 394733
-4346815 42 1 4649
-4350007 0 2 1759 2473
-4351688 67108872 1 49451
-4352939 263168 1 1657
-4355156 65552 1 1373
-4369255 42 1 4673
-4371092 2056 1 2423
-4371476 1024 1 29537
-4373480 67109378 1 3527
-4375955 258 2 103 293
-4377908 32 1 64381
-4378340 2 2 179 1223
-4381207 1024 1 118411
-4382771 0 2 331 13241
-4384303 8388620 1 587
-4387940 130 1 9539
-4391876 256 1 37861
-4394084 36864 1 433
-4395419 16777220 1 6217
-4406935 18 2 151 449
-4409335 16390 1 2377
-4409579 32 1 259387
-4409972 260 1 5431
-4411159 262144 1 62129
-4421540 2 1 221077
-4423748 4 1 157991
-4424507 17039360 1 617
-4425620 2 1 221281
-4427815 524294 1 1733
-4429220 2 1 221461
-4433252 0 1 1108313
-4442911 8 1 403901
-4447615 66 1 46817
-4449035 65794 1 503
-4449439 64 1 234181
-4458584 33558544 1 997
-4459259 4 2 139 4583
-4460408 33554432 1 557551
-4460815 2 2 449 1987
-4461092 0 1 1115273
-4462183 8 2 233 1741
-4462543 512 1 143953
-4468280 33554466 1 6571
-4470851 524 1 1873
-4472051 128 2 127 1531
-4472503 262148 1 8999
-4473079 16 1 344083
-4473176 33554976 1 1061
-4474903 384 1 6709
-4479752 67141632 1 9491
-4483595 2 1 896719
-4484180 2 1 224209
-4487540 32770 1 3803
-4488895 2 1 897779
-4489172 2560 1 883
-4492207 1024 2 317 383
-4493695 290 1 1823
-4495304 67109000 1 2221
-4496383 0 2 113 39791
-4498052 16 1 86501
-4501663 131072 1 67189
-4505732 12 1 14629
-4506491 8 2 229 1789
-4507172 128 1 48991
-4507508 0 2 929 1213
-4509539 4640 1 199
-4510916 32 1 66337
-4514084 0 1 1128521
-4516303 136 1 17851
-4516811 16 2 337 1031
-4519640 33554434 2 103 1097
-4520312 33554432 1 565039
-4522663 32 2 223 1193
-4522879 0 2 401 11279
-4523912 67108864 1 565489
-4535480 33816578 1 1597
-4536607 1024 1 122611
-4541156 0 2 601 1889
-4544455 4226 1 919
-4545380 6 1 32467
-4545860 10 1 20663
-4548296 67109056 1 1301
-4550660 2 1 227533
-4559588 8 2 173 599
-4561160 83886082 1 1129
-4567876 0 1 1141969
-4572452 0 1 1143113
-4578371 4 1 654053
-4578755 2 2 409 2239
-4579796 272 1 3037
-4580660 6 1 32719
-4582811 4096 2 197 541
-4586552 33689600 1 199
-4586840 33554434 1 114671
-4587055 10 1 83401
-4595252 66560 1 509
-4596452 4 2 139 1181
-4598407 8 2 379 1103
-4599367 32 1 270551
-4599764 16400 1 1669
-4600903 0 2 449 10247
-4602731 68 1 34607
-4606091 4 2 131 5023
-4607252 2064 1 2161
-4607551 8208 1 7541
-4614164 512 2 127 293
-4617779 192 1 10567
-4618712 33685508 1 1231
-4619335 6 2 191 691
-4620991 32 2 229 1187
-4623887 0 2 137 33751
-4629943 512 2 233 641
-4634180 2 1 231709
-4634239 4096 1 107773
-4636424 67108880 2 109 409
-4640084 0 2 347 3343
-4645615 18 1 71471
-4648855 2 2 139 6689
-4651784 67108864 1 581473
-4655432 67108864 2 179 3251
-4655771 0 2 1531 3041
-4655944 68173824 1 139
-4656295 6 2 173 769
-4659731 192 1 10663
-4668680 67108930 1 6143
-4670468 8 2 179 593
-4676104 67141632 1 9907
-4679096 33554432 2 487 1201
-4680011 4 2 103 6491
-4681928 67633152 1 8017
-4682840 33554434 1 117071
-4683380 18 1 18013
-4685839 36864 1 1847
-4692376 33554448 1 45119
-4695539 512 2 167 907
-4696664 33554436 1 83869
-4696783 20 1 51613
-4697576 67108912 1 2657
-4703095 2 1 940619
-4704136 67117056 1 12511
-4708115 16777218 1 9323
-4708280 33554946 1 3797
-4711208 67108864 2 211 2791
-4712072 67108864 2 167 3527
-4712408 35659776 1 151
-4722692 16 1 90821
-4726855 262 1 4657
-4727651 0 2 1427 3313
-4730420 34 1 13913
-4733540 6 1 33811
-4737560 33554466 1 6967
-4737971 4 2 683 991
-4738628 0 2 647 1831
-4741624 35652608 1 193
-4743976 67108864 2 733 809
-4744088 33554464 1 34883
-4746248 67117072 1 971
-4749604 2048 1 28961
-4750340 6 1 33931
-4751023 0 2 137 34679
-4757939 65536 1 77999
-4761364 0 2 443 2687
-4764851 20 1 52361
-4764872 67108868 1 85087
-4767428 512 1 38447
-4769167 16 1 366859
-4770824 67108928 1 31387
-4774472 83886144 1 311
-4775252 0 2 577 2069
-4778095 6 2 211 647
-4780619 128 2 347 599
-4783076 0 2 151 7919
-4783352 33554436 2 229 373
-4784555 2 2 109 8779
-4787876 0 2 137 8737
-4787959 8 2 281 1549
-4788539 516 1 22067
-4790408 67108868 2 131 653
-4792139 8 1 435649
-4793143 0 2 1373 3491
-4797103 0 2 821 5843
-4799527 0 2 179 26813
-4800980 2 1 240049
-4801832 67108932 1 4513
-4808887 0 2 233 20639
-4814420 18 1 18517
-4816567 4 2 239 2879
-4816811 512 1 155381
-4818011 8 1 438001
-4818484 2056 1 2671
-4820708 65664 1 859
-4822388 8192 2 113 227
-4827367 0 2 1087 4441
-4827620 6 1 34483
-4828628 4 2 331 521
-4829192 67108928 1 31771
-4831796 0 2 647 1867
-4842851 66064 1 197
-4843412 2052 1 4219
-4844456 67108896 2 179 199
-4845320 67109122 1 4177
-4849087 262144 2 163 419
-4858520 33554562 1 5281
-4863860 2 2 157 1549
-4873016 33554464 1 35831
-4877455 10 1 88681
-4877528 33554496 1 32089
-4883171 64 2 157 1637
-4886455 6 2 149 937
-4888595 2 1 977719
-4891160 33554434 1 122279
-4893007 4 1 699001
-4893976 33554432 2 461 1327
-4898263 0 2 127 38569
-4903832 33555456 1 16567
-4904623 4096 2 167 683
-4912399 32768 2 139 599
-4915220 16386 1 4637
-4916216 33554432 1 614527
-4917668 4 1 175631
-4918423 32 1 289319
-4919156 8 1 111799
-4920164 2112 1 1579
-4920920 33558530 1 2861
-4926824 75497476 1 907
-4928599 16 1 379123
-4929779 32 1 289987
-4930084 0 2 223 5527
-4940567 524288 1 67679
-4941032 67371008 1 8699
-4942903 524324 1 569
-4947320 33554438 1 17669
-4949171 4096 2 179 643
-4953784 33556488 1 1373
-4956248 33554472 1 3313
-4961527 64 2 223 1171
-4961720 33554434 2 163 761
-4969220 2 1 248461
-4970036 65536 1 20369
-4971044 16 1 95597
-4979335 2 2 677 1471
-4980184 33554472 1 3329
-4981327 16 1 383179
-4982164 8 2 199 569
-4983572 8 2 191 593
-4994023 0 2 151 33073
-4997288 67637248 1 199
-4997935 1048578 1 12653
-5003939 9437184 1 653
-5005172 589824 1 281
-5005940 2 2 229 1093
-5006660 2 2 167 1499
-5008580 2 2 223 1123
-5011684 0 1 1252921
-5014303 292 1 1453
-5022920 67108870 1 17939
-5027288 33554436 2 107 839
-5029087 131076 1 10723
-5032255 524322 1 811
-5036948 32772 1 3049
-5039044 524288 1 17257
-5039695 2 1 1007939
-5044808 67108864 2 673 937
-5047940 2 2 383 659
-5048356 16384 1 23813
-5048648 67108872 2 103 557
-5048840 67108866 2 113 1117
-5049415 4194310 1 1621
-5052727 16777280 1 2633
-5055131 1114112 1 1049
-5058248 67108912 1 2861
-5069480 67108882 1 9749
-5070247 20 1 55717
-5073944 33816576 1 8933
-5074255 2 2 241 4211
-5075651 16388 1 13681
-5075828 0 2 499 2543
-5077903 0 2 571 8893
-5081815 16777474 1 347
-5084167 65544 1 7577
-5087167 1024 1 137491
-5094020 2 2 487 523
-5099816 67108864 2 443 1439
-5100295 2 1 1020059
-5104211 4 1 729173
-5109011 0 2 349 14639
-5110868 4 2 167 1093
-5114036 0 2 127 10067
-5117915 10 1 93053
-5125652 4 1 183059
-5127316 256 1 44201
-5127512 33562640 1 1049
-5139032 33554720 1 1303
-5141764 0 1 1285441
-5143172 0 1 1285793
-5145659 512 2 127 1307
-5148251 128 1 223837
-5148968 67108872 1 58511
-5151016 67108880 1 49529
-5151391 524324 1 593
-5152676 0 1 1288169
-5152868 4 1 184031
-5166916 3145728 1 197
-5175944 67108864 1 646993
-5180867 8388608 1 53411
-5182567 144 1 17333
-5184740 10 1 23567
-5185115 18 2 241 331
-5186132 132 1 8053
-5189099 128 1 225613
-5192792 33554440 1 59009
-5194331 2048 1 126691
-5196920 33554434 2 173 751
-5198099 0 2 1489 3491
-5198215 10 1 94513
-5200264 67108864 2 103 6311
-5203684 0 1 1300921
-5203979 8 1 473089
-5204219 0 2 137 37987
-5204647 132 1 32327
-5209640 67108866 1 130241
-5215684 8192 1 27743
-5217736 67108864 1 652217
-5221640 67109378 1 4211
-5222863 128 1 227081
-5223295 14 1 13567
-5224859 0 2 227 23017
-5235295 18 2 239 337
-5236280 33554438 1 18701
-5239739 16384 2 109 907
-5241511 584 1 809
-5248568 33554448 2 109 463
-5249956 4096 2 131 233
-5251943 0 2 1381 3803
-5258536 67108992 1 28579
-5259607 0 2 953 5519
-5263172 0 2 167 7879
-5263480 33554434 2 181 727
-5274367 4 2 211 3571
-5274920 67108870 1 18839
-5275832 33570944 1 541
-5277943 8 1 479813
-5281303 4096 2 263 467
-5282651 1048584 1 6079
-5291048 67108868 1 94483
-5295092 40 1 7079
-5299567 20 1 58237
-5301655 2 2 659 1609
-5302447 131328 1 2729
-5305015 2 2 103 10301
-5305811 33028 1 443
-5307572 640 1 1861
-5308619 64 2 271 1031
-5309768 67108864 2 107 6203
-5311615 2 2 569 1867
-5312287 128 1 230969
-5313059 512 2 367 467
-5316212 8 1 120823
-5321411 0 2 673 7907
-5324132 136 1 5261
-5324819 4096 1 123833
-5327239 96 1 16493
-5328703 33792 1 2441
-5331179 4 1 761597
-5335016 71335936 1 127
-5335384 33554432 2 337 1979
-5336840 83886082 1 1321
-5348195 2 1 1069639
-5349127 1092 1 1087
-5349223 8 1 486293
-5356687 4 1 765241
-5357912 33554436 2 241 397
-5362292 16777232 1 1021
-5363192 33554432 1 670399
-5367515 2050 1 26183
-5368855 2097186 1 761
-5374139 1024 2 337 431
-5374567 2088 1 701
-5375243 0 2 193 27851
-5376644 20 1 14771
-5378852 0 2 383 3511
-5379076 16384 1 25373
-5379343 4096 1 125101
-5379752 67108900 1 5651
-5384132 8208 1 2203
-5386567 4096 1 125269
-5389663 17305632 0
-5390168 50331652 1 953
-5395396 0 1 1348849
-5409736 67108864 1 676217
-5411816 68157440 1 8563
-5415731 2560 1 4261
-5418728 67108868 1 96763
-5419636 320 1 2459
-5423215 4194310 1 1741
-5424856 33685760 1 349
-5425748 0 2 137 9901
-5430424 37748992 1 263
-5433848 33554500 1 5107
-5433967 12 1 70571
-5433995 6 2 107 1451
-5435396 0 2 151 8999
-5436367 0 2 1783 3049
-5437663 12 1 70619
-5440532 12288 1 673
-5447588 34816 1 563
-5448611 262212 1 577
-5451560 67108898 1 8017
-5454463 68 1 41011
-5454980 4098 1 6343
-5457364 520 1 4001
-5460452 0 2 1069 1277
-5463419 16 1 420263
-5464388 2097152 2 109 151
-5466251 4 2 743 1051
-5469035 26 1 7649
-5470340 2 1 273517
-5471876 0 2 149 9181
-5472980 34 1 16097
-5473640 67108866 1 136841
-5474824 67108864 2 191 3583
-5478967 16 1 421459
-5480084 0 2 109 12569
-5481659 2176 1 5813
-5484655 10 1 99721
-5485928 67108868 2 163 601
-5492935 6 1 156941
-5494855 2 2 229 4799
-5498312 67108864 1 687289
-5498836 4 1 196387
-5505620 34 1 16193
-5507695 8322 1 1019
-5510743 1028 1 21277
-5512628 8 1 125287
-5521448 67108864 2 211 3271
-5526847 0 2 1699 3253
-5530471 0 2 373 14827
-5532659 131080 1 7507
-5537060 2 2 251 1103
-5538872 33554464 2 139 293
-5544884 64 1 72959
-5545816 33554432 2 281 2467
-5548015 10 2 149 677
-5548235 14 1 14411
-5552503 584 1 857
-5554148 0 2 463 2999
-5563988 2097152 1 16759
-5564296 67108864 2 223 3119
-5567191 4 2 617 1289
-5574031 2097152 1 67157
-5578756 0 2 263 5303
-5580007 3146880 0
-5582339 4 2 137 5821
-5582468 128 1 60679
-5583992 33554432 1 697999
-5585240 33554498 1 7349
-5589179 0 2 211 26489
-5591012 4 1 199679
-5597839 16 1 430603
-5598607 4 1 799801
-5602207 1104 1 613
-5605880 33554438 1 20021
-5606791 2048 1 136751
-5606939 528 1 13913
-5607919 0 2 1171 4789
-5608328 83886088 1 631
-5614052 256 1 48397
-5614139 448 1 443
-5615215 2 2 389 2887
-5616655 10 1 102121
-5622127 4 2 131 6131
-5623592 67109008 1 2351
-5623595 2 1 1124719
-5623640 33554442 1 12781
-5625583 0 2 461 12203
-5627387 128 1 244669
-5633416 67108864 1 704177
-5636324 256 1 48589
-5636815 4210690 1 239
-5639551 512 2 109 1669
-5643395 642 1 1583
-5644580 2 1 282229
-5645171 4 1 806453
-5646680 33554450 1 10859
-5646724 64 2 191 389
-5646776 33554560 1 30689
-5647423 0 2 557 10139
-5651656 67117056 1 15031
-5659379 264 2 113 157
-5661140 1048578 1 3583
-5661155 2 2 499 2269
-5663252 4 2 257 787
-5665876 64 1 74551
-5666363 4194304 1 63667
-5670248 67108896 2 173 241
-5672276 0 2 227 6247
-5673131 0 2 499 11369
-5676452 0 2 229 6197
-5682703 33296 1 239
-5684959 4 1 812137
-5692619 0 2 1087 5237
-5693815 8194 1 24229
-5695595 1058 1 1811
-5705720 33685506 1 2129
-5706068 0 2 347 4111
-5706487 4096 1 132709
-5706916 65600 1 1231
-5713835 2 2 337 3391
-5725783 68 1 43051
-5726911 0 2 809 7079
-5727320 33554434 2 131 1093
-5729480 67108866 2 227 631
-5729492 4096 1 33311
-5729743 0 2 107 53549
-5732099 0 2 229 25031
-5737924 64 2 103 733
-5738612 8 1 130423
-5739604 144 1 4799
-5740927 256 1 197963
-5748004 0 2 599 2399
-5748295 38 1 9661
-5752447 0 2 103 55849
-5752628 2052 1 5011
-5754884 0 1 1438721
-5755412 16 1 110681
-5756891 4 2 277 2969
-5758135 2 2 1031 1117
-5758580 34 1 16937
-5764328 67108864 2 317 2273
-5764868 0 1 1441217
-5767636 260 1 7103
-5767832 33554436 2 127 811
-5769727 0 2 149 38723
-5771795 2 1 1154359
-5772728 33562640 1 1181
-5777560 33554434 1 144439
-5778703 4 2 463 1783
-5782532 4 1 206519
-5783939 4 2 907 911
-5784632 33570820 1 1949
-5784968 67108932 1 5437
-5785423 65572 1 797
-5787428 32768 2 137 179
-5798891 516 1 26723
-5804116 1024 1 39217
-5804408 33554688 2 127 197
-5809396 65792 1 821
-5811923 5136 1 281
-5812040 67108882 1 11177
-5813915 34 1 68399
-5814440 67108866 1 145361
-5820436 524800 1 643
-5824772 0 2 607 2399
-5827667 0 2 911 6397
-5827735 2 2 787 1481
-5829188 0 2 277 5261
-5831480 33554498 1 7673
-5831935 34 1 68611
-5832676 0 1 1458169
-5838376 67108864 2 269 2713
-5845688 33570848 1 811
-5845940 2 2 239 1223
-5848324 8388608 1 15073
-5853439 0 2 937 6247
-5857364 128 1 63667
-5858084 0 2 149 9829
-5860456 67108868 1 104651
-5861432 33554432 2 383 1913
-5862007 512 2 263 719
-5867912 67108864 1 733489
-5868116 0 2 103 14243
-5873944 33554432 2 673 1091
-5879108 0 1 1469777
-5881988 4 1 210071
-5885240 33554562 1 6397
-5886184 67375104 1 241
-5886683 66056 1 283
-5892607 4 1 841801
-5896303 16516 1 691
-5898395 2162690 1 233
-5904020 2 1 295201
-5904548 16 2 271 419
-5906420 18 1 22717
-5906627 0 2 359 16453
-5907976 67108896 1 43441
-5912051 524288 2 109 743
-5916008 71303172 1 1187
-5919236 0 1 1479809
-5923652 4 1 211559
-5926504 67108864 2 727 1019
-5927704 33554432 2 599 1237
-5931080 67109122 1 5113
-5938303 4 2 863 983
-5941019 4 2 283 2999
-5944067 32 2 317 1103
-5945636 0 1 1486409
-5953460 66 1 15667
-5958415 34 1 70099
-5960647 12 2 199 389
-5961419 1081344 1 1279
-5962979 72 2 103 277
-5966891 4 2 317 2689
-5969579 12 1 77527
-5976152 33554452 1 8209
-5977447 132 2 137 271
-5987780 2 1 299389
-5990939 131072 1 89417
-5993780 18 1 23053
