-382751
-443759
-449951
-496919
-511559
-568751
-602951
-700367
-700919
-721223
-724583
-747743
-749927
-840239
-871727
-874271
-890543
-965927
-1042703
-1052567
-1057223
-1067159
-1069727
-1074919
-1075703
-1126823
-1142599
-1155071
-1173239
-1182767
-1219343
-1248631
-1250479
-1303919
-1321679
-1344407
-1420607
-1461287
-1474591
-1481663
-1488167
-1496567
-1556927
-1561463
-1576039
-1589663
-1600367
-1647407
-1738487
-1784231
-1801727
-1867343
-1891223
-1896199
-1936943
-1982567
-1990223
-1990379
-1995391
-2050823
-2052047
-2071879
-2074951
-2096063
-2110351
-2133799
-2138671
-2189791
-2222663
-2229391
-2277343
-2341343
-2343031
-2346343
-2416607
-2465327
-2525771
-2535007
-2554007
-2577439
-2683259
-2690719
-2699327
-2713967
-2717423
-2747551
-2833111
-2833471
-2837239
-2851111
-2867327
-2871439
-2893279
-2923091
-2991143
-3007423
-3013331
-3014911
-3031927
-3077819
-3135983
-3142231
-3143719
-3155783
-3160379
-3216583
-3241423
-3251191
-3251407
-3302939
-3326431
-3339607
-3351851
-3359527
-3374047
-3395071
-3407431
-3431699
-3441167
-3441371
-3465559
-3478327
-3491119
-3518143
-3520739
-3527411
-3547639
-3553351
-3568399
-3578651
-3613811
-3639851
-3640591
-3647431
-3657271
-3696799
-3709019
-3729179
-3776167
-3781543
-3797023
-3843223
-3847159
-3847927
-3892519
-3946739
-3994619
-4004579
-4010527
-4054711
-4054759
-4128367
-4140847
-4162087
-4193459
-4222739
-4239247
-4265887
-4287923
-4293007
-4324471
-4341607
-4353851
-4379239
-4443487
-4455967
-4469719
-4479179
-4487579
-4505287
-4506251
-4515299
-4611511
-4643579
-4679119
-4724047
-4765063
-4777183
-4782251
-4802339
-4819091
-4860871
-4867691
-4899031
-4911371
-4945711
-4947251
-4949579
-4968731
-4983463
-5010539
-5028299
-5035951
-5055943
-5115343
-5126291
-5128303
-5137499
-5150407
-5169947
-5201291
-5228959
-5274151
-5277179
-5280703
-5284087
-5312171
-5321339
-5366623
-5366743
-5371979
-5395279
-5575399
-5581711
-5595319
-5598343
-5601923
-5602931
-5621983
-5656423
-5701739
-5718899
-5719859
-5739803
-5745539
-5752499
-5757943
-5806739
-5839571
-5872379
-5884379
-5926447
-5939743
-5966143
-5977687
-5983447
-5993627
-6004567
