-494591
-497351
-617039
-643199
-648191
-657431
-659639
-674759
-836807
-896447
-900671
-982343
-1073279
-1117607
-1304783
-1332631
-1402231
-1411703
-1447223
-1459951
-1474271
-1474439
-1565807
-1572271
-1582079
-1674623
-1734167
-1993039
-1995991
-2021291
-2092847
-2109799
-2134019
-2196031
-2333927
-2350847
-2491343
-2493983
-2498423
-2510447
-2521111
-2637199
-2775247
-2860807
-2913319
-2928463
-3019711
-3086311
-3131087
-3147679
-3239647
-3265183
-3318919
-3368531
-3371119
-3371339
-3371671
-3424903
-3462779
-3476651
-3522823
-3588103
-3679967
-3751519
-3778087
-3797527
-3818719
-3832183
-3873491
-3897823
-3912607
-3927751
-3947051
-3953143
-3964951
-4069567
-4116919
-4165451
-4187819
-4188299
-4189807
-4231039
-4231211
-4272343
-4284251
-4330351
-4455223
-4495063
-4516139
-4532599
-4577383
-4578823
-4590679
-4640171
-4641467
-4691699
-4702499
-4710967
-4766459
-4824223
-4860299
-4880287
-4893851
-5046511
-5240819
-5245523
-5339263
-5394971
-5411167
-5442319
-5485111
-5553059
-5560327
-5662619
-5698183
-5721971
-5795291
-5796223
-5819987
-5847203
-5847463
-5884807
-5888411
-5892371
-5911091
-5918863
-5974211
-5979823
-6029603
