-389399
-468719
-486839
-497999
-528791
-547559
-566231
-669791
-695879
-814031
-847151
-973367
-994319
-1018223
-1022519
-1048703
-1057607
-1109327
-1110839
-1135007
-1152751
-1163831
-1203919
-1225111
-1238759
-1292831
-1325903
-1351079
-1541119
-1571239
-1621639
-1694551
-1698679
-1747271
-1782511
-1851511
-1864711
-1917407
-2162191
-2176327
-2252567
-2337871
-2344159
-2351903
-2382299
-2461231
-2496031
-2582863
-2611039
-2619007
-2623111
-2633263
-2658871
-2699183
-2702551
-2714791
-2832631
-2840939
-2941571
-2990551
-3078623
-3086423
-3089311
-3157783
-3169847
-3228527
-3235543
-3276131
-3355063
-3375539
-3483223
-3518623
-3669007
-3688691
-3702823
-3719531
-3791647
-3804943
-3809699
-3820111
-3826259
-3826931
-3967687
-4031119
-4070051
-4085507
-4090451
-4172099
-4304903
-4325791
-4413247
-4447903
-4475047
-4489591
-4498331
-4591619
-4611487
-4617967
-4622671
-4625651
-4714979
-4739047
-4755371
-4824011
-4844383
-4857371
-4907191
-4997891
-4999591
-5007059
-5030719
-5038927
-5047571
-5050687
-5081819
-5091199
-5120503
-5138383
-5205463
-5267459
-5315099
-5343727
-5356979
-5449259
-5562971
-5571131
-5574367
-5597407
-5682419
-5830259
-5902447
-5916247
-5937851
-5947663
-5948291
-5982127
-6002387
