-353279 0 2 149 2371
-402671 1024 1 10883
-410399 8 1 37309
-416471 8 1 37861
-440999 16 1 33923
-499271 0 2 239 2089
-550991 4 1 78713
-570239 128 1 24793
-641591 0 2 587 1093
-655703 0 2 191 3433
-665519 1024 1 17987
-666551 0 2 373 1787
-668399 2097152 1 8053
-672071 0 2 311 2161
-692735 2 1 138547
-709439 0 2 397 1787
-788807 4194304 1 8863
-800039 0 2 107 7477
-848831 0 2 107 7933
-869063 16 1 66851
-940847 256 1 32443
-942215 2 1 188443
-959639 256 1 33091
-1008599 0 2 457 2207
-1009535 2 1 201907
-1040831 8 1 94621
-1046039 1048576 1 13241
-1051111 0 2 151 6961
-1073759 0 2 109 9851
-1081343 0 2 283 3821
-1119815 2 1 223963
-1142807 0 2 271 4217
-1165007 524288 1 15959
-1232783 0 2 929 1327
-1240727 8388608 1 12791
-1252199 16 1 96323
-1267759 0 2 881 1439
-1269335 2 1 253867
-1273256 67108864 1 159157
-1297943 0 2 421 3083
-1302164 0 1 325541
-1302359 0 2 829 1571
-1358551 16777216 1 13451
-1382087 4 1 197441
-1386439 0 2 239 5801
-1406996 0 1 351749
-1420471 16 1 109267
-1443284 0 1 360821
-1446199 262144 1 20369
-1456007 4 1 208001
-1492727 0 2 1049 1423
-1512871 128 1 65777
-1552724 0 1 388181
-1571335 2 1 314267
-1592303 256 1 54907
-1599764 0 1 399941
-1601816 33554432 1 200227
-1640911 8192 1 34913
-1678351 16384 1 31667
-1690664 67108864 1 211333
-1707031 0 2 383 4457
-1720415 2 1 344083
-1734919 1048576 1 21961
-1777135 2 1 355427
-1778311 0 2 1093 1627
-1786879 0 2 281 6359
-1816244 0 1 454061
-1818164 0 1 454541
-1834615 2 1 366923
-1835615 2 1 367123
-1845287 2048 1 45007
-1858607 128 1 80809
-1859191 4096 1 43237
-1865879 0 2 191 9769
-1876103 32 1 110359
-1893335 2 1 378667
-1908884 0 1 477221
-1932884 0 1 483221
-1949119 256 1 67211
-1950551 512 1 62921
-1952903 0 2 163 11981
-1962167 524288 1 26879
-1962439 1048576 1 24841
-1963615 2 1 392723
-1969211 0 2 241 8171
-1994071 0 2 599 3329
-2009135 2 1 401827
-2017844 0 1 504461
-2031631 4 1 290233
-2034392 33554432 1 254299
-2065279 32 1 121487
-2067983 1048576 1 26177
-2087327 8 1 189757
-2094164 0 1 523541
-2101231 8 1 191021
-2132696 33554432 1 266587
-2142356 0 1 535589
-2157383 512 1 69593
-2162903 64 1 113837
-2169623 0 2 1277 1699
-2181047 8 1 198277
-2199559 128 1 95633
-2223151 4 1 317593
-2244079 0 2 607 3697
-2252791 65536 1 36931
-2296472 33554432 1 287059
-2311367 0 2 347 6661
-2317247 0 2 1451 1597
-2333204 0 1 583301
-2341364 0 1 585341
-2349416 67108864 1 293677
-2405864 67108864 1 300733
-2417071 0 2 139 17389
-2489335 2 1 497867
-2489588 0 1 622397
-2492456 67108864 1 311557
-2501144 33554432 1 312643
-2502056 67108864 1 312757
-2509352 67108864 1 313669
-2513816 33554432 1 314227
-2518616 33554432 1 314827
-2521543 0 2 103 24481
-2540935 2 1 508187
-2548463 0 2 173 14731
-2548999 0 2 229 11131
-2561459 0 2 149 17191
-2562799 0 2 521 4919
-2567384 33554432 1 320923
-2577847 0 2 283 9109
-2581399 32 1 151847
-2588791 0 2 199 13009
-2604776 67108864 1 325597
-2628047 32 1 154591
-2628767 0 2 1319 1993
-2647703 0 2 113 23431
-2650223 256 1 91387
-2668735 2 1 533747
-2672459 0 2 137 19507
-2678479 0 2 1427 1877
-2678687 8 1 243517
-2685799 0 2 157 17107
-2698111 16 1 207547
-2712143 4 1 387449
-2712404 0 1 678101
-2715764 0 1 678941
-2720479 0 2 283 9613
-2766644 0 1 691661
-2772799 0 2 317 8747
-2774804 0 1 693701
-2778415 2 1 555683
-2779496 67108864 1 347437
-2782184 67108864 1 347773
-2795551 8 1 254141
-2823335 2 1 564667
-2833304 33554432 1 354163
-2835608 33554432 1 354451
-2835871 16384 1 53507
-2869471 8 1 260861
-2874343 32 1 169079
-2875615 2 1 575123
-2879527 4 1 411361
-2883871 0 2 1447 1993
-2935976 67108864 1 366997
-2941844 0 1 735461
-2959223 1024 1 79979
-2980607 4 1 425801
-2997716 0 1 749429
-3006779 262144 1 42349
-3023863 0 2 317 9539
-3024971 64 1 159209
-3041735 2 1 608347
-3057512 67108864 1 382189
-3063559 16384 1 57803
-3070388 0 1 767597
-3085556 0 1 771389
-3094087 16384 1 58379
-3114823 0 2 103 30241
-3116756 0 1 779189
-3130879 0 2 349 8971
-3135647 0 2 191 16417
-3142471 0 2 233 13487
-3150871 512 1 101641
-3165731 0 2 263 12037
-3171764 0 1 792941
-3173972 0 1 793493
-3181784 33554432 1 397723
-3182339 0 2 421 7559
-3184127 0 2 461 6907
-3186728 67108864 1 398341
-3187183 0 2 857 3719
-3190615 2 1 638123
-3196159 524288 1 43783
-3213727 8 1 292157
-3219224 33554432 1 402403
-3234356 0 1 808589
-3240271 2048 1 79031
-3259831 0 2 1621 2011
-3263935 2 1 652787
-3276991 0 2 907 3613
-3279899 4 1 468557
-3285151 0 2 109 30139
-3293912 33554432 1 411739
-3312152 33554432 1 414019
-3325208 33554432 1 415651
-3328436 0 1 832109
-3330703 1024 1 90019
-3351151 0 2 139 24109
-3356504 33554432 1 419563
-3371315 2 1 674263
-3388247 16777216 1 33547
-3390943 0 2 373 9091
-3408647 8 1 309877
-3418691 0 2 1049 3259
-3422312 67108864 1 427789
-3425684 0 1 856421
-3431815 2 1 686363
-3441583 262144 1 48473
-3458411 8 1 314401
-3476219 0 2 113 30763
-3477524 0 1 869381
-3483007 8 1 316637
-3507572 0 1 876893
-3508436 0 1 877109
-3512263 8192 1 74729
-3535039 0 2 1303 2713
-3538351 64 1 186229
-3548503 4 1 506929
-3557287 32768 1 60293
-3565663 0 2 431 8273
-3593839 0 2 109 32971
-3595567 128 1 156329
-3595711 4 1 513673
-3610472 67108864 1 451309
-3618344 67108864 1 452293
-3622943 0 2 151 23993
-3647348 0 1 911837
-3654703 16 1 281131
-3655979 0 2 269 13591
-3656891 4 1 522413
-3668047 0 2 313 11719
-3675751 0 2 421 8731
-3680171 8 1 334561
-3716047 32 1 218591
-3730712 33554432 1 466339
-3740423 32768 1 63397
-3769204 0 1 942301
-3778979 0 2 1499 2521
-3786487 0 2 1597 2371
-3790015 2 1 758003
-3805303 0 2 877 4339
-3807124 0 1 951781
-3818699 2048 1 93139
-3818708 0 1 954677
-3821912 33554432 1 477739
-3824743 16 1 294211
-3831967 0 2 163 23509
-3833171 32768 1 64969
-3838399 64 1 202021
-3838568 67108864 1 479821
-3842479 2048 1 93719
-3856859 1048576 1 48821
-3898327 65536 1 63907
-3900727 0 2 521 7487
-3902516 0 1 975629
-3906415 2 1 781283
-3916471 16 1 301267
-3922471 4 1 560353
-3928135 2 1 785627
-3943924 0 1 985981
-3967735 2 1 793547
-3980647 8 1 361877
-3995143 131072 1 59629
-4004948 0 1 1001237
-4010915 2 1 802183
-4045859 0 2 193 20963
-4056731 4 1 579533
-4070023 8388608 1 41959
-4090639 4 1 584377
-4108235 2 1 821647
-4108591 1024 1 111043
-4112411 0 2 337 12203
-4113391 0 2 151 27241
-4117976 33554432 1 514747
-4130383 256 1 142427
-4135784 67108864 1 516973
-4143515 2 1 828703
-4148623 0 2 197 21059
-4155439 256 1 143291
-4157935 2 1 831587
-4167463 0 2 463 9001
-4180259 0 2 109 38351
-4209487 0 2 107 39341
-4236884 0 1 1059221
-4238863 0 2 191 22193
-4245491 1024 1 114743
-4247839 0 2 109 38971
-4259699 1024 1 115127
-4282735 2 1 856547
-4285928 67108864 1 535741
-4289588 0 1 1072397
-4291187 16777216 1 42487
-4292531 0 2 113 37987
-4303451 512 1 138821
-4304459 0 2 1123 3833
-4311131 8 1 391921
-4345019 4 1 620717
-4361647 8192 1 92801
-4361915 2 1 872383
-4378135 2 1 875627
-4378196 0 1 1094549
-4403863 0 2 443 9941
-4418132 0 1 1104533
-4421291 4 1 631613
-4430708 0 1 1107677
-4433588 0 1 1108397
-4443611 0 2 269 16519
-4444628 0 1 1111157
-4450735 2 1 890147
-4456019 16777216 1 44119
-4458152 67108864 1 557269
-4459688 67108864 1 557461
-4464872 67108864 1 558109
-4465735 2 1 893147
-4473899 0 2 1879 2381
-4477063 0 2 1481 3023
-4482991 0 2 883 5077
-4504811 0 2 1013 4447
-4523864 33554432 1 565483
-4526671 0 2 659 6869
-4529291 16 1 348407
-4558063 1048576 1 57697
-4570327 8192 1 97241
-4577108 0 1 1144277
-4598023 0 2 103 44641
-4611032 33554432 1 576379
-4611415 2 1 922283
-4632731 0 2 139 33329
-4634071 16 1 356467
-4634891 128 1 201517
-4640311 16 1 356947
-4652335 2 1 930467
-4661239 8 1 423749
-4664503 0 2 1979 2357
-4670719 8192 1 99377
-4685651 524288 1 64187
-4693259 0 2 163 28793
-4697204 0 1 1174301
-4699687 0 2 643 7309
-4703119 0 2 677 6947
-4708279 0 2 137 34367
-4718104 33554432 1 589763
-4730324 0 1 1182581
-4730887 4 1 675841
-4742791 0 2 293 16187
-4743371 0 2 509 9319
-4744715 2 1 948943
-4746631 0 2 1811 2621
-4760948 0 1 1190237
-4765639 0 2 389 12251
-4772407 262144 1 67217
-4779007 8192 1 101681
-4809496 33554432 1 601187
-4828571 8 1 438961
-4831384 33554432 1 603923
-4831691 512 1 155861
-4856756 0 1 1214189
-4861352 67108864 1 607669
-4865819 4 1 695117
-4870279 32 1 286487
-4874024 67108864 1 609253
-4886612 0 1 1221653
-4906516 0 1 1226629
-4919924 0 1 1229981
-4936759 0 2 2063 2393
-4959727 65536 1 81307
-4972879 0 2 1613 3083
-4990808 33554432 1 623851
-5000596 0 1 1250149
-5006552 33554432 1 625819
-5020436 0 1 1255109
-5035259 0 2 853 5903
-5036459 256 1 173671
-5039791 0 2 421 11971
-5040344 33554432 1 630043
-5042579 16384 1 95143
-5048023 524288 1 69151
-5048651 131072 1 75353
-5053091 0 2 2153 2347
-5070452 0 1 1267613
-5074984 67108864 1 634373
-5076011 0 2 857 5923
-5076824 33554432 1 634603
-5079583 32 1 298799
-5079659 16 1 390743
-5098264 33554432 1 637283
-5098712 33554432 1 637339
-5110687 0 2 977 5231
-5112343 0 2 1231 4153
-5120699 0 2 107 47857
-5124632 33554432 1 640579
-5141716 0 1 1285429
-5146984 67108864 1 643373
-5186072 33554432 1 648259
-5235631 256 1 180539
-5236568 33554432 1 654571
-5238196 0 1 1309549
-5248279 4096 1 122053
-5281259 64 1 277961
-5284712 67108864 1 660589
-5286676 0 1 1321669
-5296379 8 1 481489
-5316319 0 2 307 17317
-5317351 16 1 409027
-5325583 512 1 171793
-5369048 33554432 1 671131
-5374979 0 2 449 11971
-5391079 64 1 283741
-5401064 67108864 1 675133
-5409251 0 2 103 52517
-5435699 32 1 319747
-5435828 0 1 1358957
-5445731 0 2 353 15427
-5461592 33554432 1 682699
-5489492 0 1 1372373
-5496664 33554432 1 687083
-5508223 4 1 786889
-5508463 256 1 189947
-5518811 0 2 149 37039
-5521423 0 2 593 9311
-5538343 0 2 127 43609
-5548567 0 2 1741 3187
-5556415 2 1 1111283
-5558935 2 1 1111787
-5571703 0 2 2179 2557
-5613703 0 2 1063 5281
-5626691 4 1 803813
-5629423 2048 1 137303
-5630335 2 1 1126067
-5633267 0 2 2081 2707
-5644451 0 2 673 8387
-5657315 2 1 1131463
-5676248 33554432 1 709531
-5677567 4 1 811081
-5692451 0 2 503 11317
-5703823 32 1 335519
-5709812 0 1 1427453
-5716423 262144 1 80513
-5728084 0 1 1432021
-5729531 0 2 839 6829
-5740499 0 2 103 55733
-5753432 33554432 1 719179
-5762551 0 2 241 23911
-5784419 32768 1 98041
-5796376 33554432 1 724547
-5805971 0 2 673 8627
-5808347 2048 1 141667
-5810339 0 2 139 41801
-5828852 0 1 1457213
-5855143 4 1 836449
-5862151 0 2 277 21163
-5871848 67108864 1 733981
-5886511 0 2 139 42349
-5889812 0 1 1472453
-5890859 16 1 453143
-5900623 131072 1 88069
-5921108 0 1 1480277
-5962135 2 1 1192427
-5967059 4 1 852437
-5969003 1048576 1 75557
-5969671 8388608 1 61543
-5970004 0 1 1492501
-5970968 33554432 1 746371
-6000967 4 1 857281
