-452759
-457511
-499391
-511991
-625631
-630719
-635039
-653879
-662111
-690839
-726071
-736679
-750599
-794999
-798383
-809231
-899711
-924359
-1005911
-1028663
-1097543
-1102583
-1106423
-1110719
-1112519
-1139471
-1152071
-1209671
-1289567
-1313999
-1320911
-1369103
-1393967
-1396247
-1409207
-1410599
-1449271
-1538807
-1602863
-1636759
-1647887
-1664959
-1665647
-1666519
-1686871
-1733999
-1739447
-1769399
-1771607
-1780127
-2027111
-2085511
-2100743
-2115319
-2137879
-2141063
-2181719
-2184863
-2238079
-2449639
-2451023
-2475887
-2494091
-2502047
-2534171
-2582219
-2609671
-2668999
-2710823
-2723719
-2742503
-2757611
-2782139
-2804023
-2894407
-2922583
-2944967
-2949103
-2954599
-3016543
-3025571
-3056671
-3066971
-3103691
-3112399
-3155359
-3182359
-3247847
-3248699
-3268831
-3278071
-3279251
-3351319
-3402319
-3491447
-3508399
-3516199
-3531271
-3571759
-3611071
-3619571
-3622379
-3625351
-3626171
-3653959
-3706487
-3719579
-3788459
-3795419
-3817279
-3824939
-3828343
-3836983
-3845579
-3921059
-3935291
-3957103
-3987271
-4013671
-4017731
-4029367
-4085623
-4089271
-4095823
-4107487
-4135519
-4151699
-4203583
-4213019
-4229623
-4249571
-4279567
-4280531
-4307383
-4342687
-4370339
-4371151
-4398319
-4419131
-4440011
-4450739
-4514051
-4520171
-4520743
-4535239
-4543519
-4553891
-4565663
-4639379
-4668799
-4676051
-4688143
-4697527
-4705471
-4717571
-4727771
-4756159
-4793863
-4820287
-4831807
-4854607
-4855063
-4871819
-4920511
-4926247
-4938247
-4948807
-4969807
-5018647
-5046011
-5072143
-5081743
-5089499
-5090551
-5095663
-5158303
-5162719
-5193847
-5212811
-5298367
-5331731
-5340103
-5348531
-5357767
-5403247
-5419499
-5466059
-5520799
-5522291
-5530519
-5538223
-5540023
-5576047
-5670487
-5684747
-5711071
-5728763
-5735771
-5752787
-5757491
-5769583
-5780623
-5786527
-5849651
-5865179
-5884427
-5890543
-5922179
-5923571
-5931847
-5941139
-5951459
-6003659
