-482279 4 1 68897
-498671 4096 1 11597
-515711 4 1 73673
-531119 0 2 139 3821
-538991 0 2 223 2417
-582839 262144 1 8209
-613919 0 2 223 2753
-658151 16 1 50627
-732839 32768 1 12421
-735815 2 1 147163
-759527 0 2 617 1231
-782039 0 2 317 2467
-790247 0 2 643 1229
-817559 4096 1 19013
-862871 0 2 821 1051
-874535 2 1 174907
-881039 262144 1 12409
-928535 2 1 185707
-955583 0 2 401 2383
-957911 4096 1 22277
-992239 32 1 58367
-1013927 256 1 34963
-1017815 2 1 203563
-1047911 0 2 839 1249
-1087999 8 1 98909
-1108367 16 1 85259
-1111343 4194304 1 12487
-1157719 65536 1 18979
-1200503 16384 1 22651
-1213736 67108864 1 151717
-1234247 4 1 176321
-1244951 0 2 239 5209
-1274516 0 1 318629
-1283687 32 1 75511
-1305215 2 1 261043
-1317527 16384 1 24859
-1333943 16 1 102611
-1397615 2 1 279523
-1431767 0 2 107 13381
-1462007 131072 1 21821
-1470647 0 2 601 2447
-1478671 0 2 919 1609
-1507703 0 2 223 6761
-1526311 32 1 89783
-1595807 32 1 93871
-1604119 8 1 145829
-1611503 0 2 127 12689
-1654607 16384 1 31219
-1677919 128 1 72953
-1682216 67108864 1 210277
-1694671 8 1 154061
-1836143 4096 1 42701
-1858487 65536 1 30467
-1886831 524288 1 25847
-1888591 1024 1 51043
-1894184 67108864 1 236773
-1922303 0 2 659 2917
-1986799 0 2 167 11897
-1999124 0 1 499781
-2003783 128 1 87121
-2006327 4194304 1 22543
-2030552 33554432 1 253819
-2051551 1048576 1 25969
-2056039 128 1 89393
-2101879 16 1 161683
-2104616 67108864 1 263077
-2134367 32 1 125551
-2134759 8 1 194069
-2161304 33554432 1 270163
-2197135 2 1 439427
-2209567 64 1 116293
-2214815 2 1 442963
-2232788 0 1 558197
-2242759 32 1 131927
-2258303 8192 1 48049
-2271527 16384 1 42859
-2278591 4 1 325513
-2279359 8192 1 48497
-2290583 64 1 120557
-2296847 4 1 328121
-2299231 8 1 209021
-2301079 8 1 209189
-2304871 64 1 121309
-2331023 32 1 137119
-2352919 32 1 138407
-2369891 0 2 199 11909
-2400404 0 1 600101
-2438504 67108864 1 304813
-2438551 0 2 311 7841
-2498264 33554432 1 312283
-2521999 0 2 443 5693
-2542063 0 2 647 3929
-2550836 0 1 637709
-2555327 0 2 103 24809
-2585423 8192 1 55009
-2588959 64 1 136261
-2617127 0 2 103 25409
-2646439 512 1 85369
-2666359 0 2 557 4787
-2672372 0 1 668093
-2729432 33554432 1 341179
-2758388 0 1 689597
-2759407 4 1 394201
-2791399 16 1 214723
-2792839 4 1 398977
-2851544 33554432 1 356443
-2880287 0 2 839 3433
-2887615 2 1 577523
-2892007 0 2 433 6679
-2898679 4 1 414097
-2900431 0 2 197 14723
-2909891 128 1 126517
-2920127 4 1 417161
-2937752 33554432 1 367219
-2957671 0 2 1693 1747
-2970607 0 2 317 9371
-2977735 2 1 595547
-2985799 0 2 113 26423
-2998487 128 1 130369
-2998964 0 1 749741
-3021679 1024 1 81667
-3044935 2 1 608987
-3047207 512 1 98297
-3049231 0 2 1307 2333
-3072404 0 1 768101
-3086516 0 1 771629
-3091759 8 1 281069
-3110708 0 1 777677
-3115811 32 1 183283
-3133223 0 2 757 4139
-3141332 0 1 785333
-3180539 0 2 541 5879
-3191767 32 1 187751
-3219391 4 1 459913
-3234152 67108864 1 404269
-3244999 0 2 431 7529
-3291251 32 1 193603
-3328015 2 1 665603
-3333716 0 1 833429
-3363871 4 1 480553
-3364831 128 1 146297
-3365108 0 1 841277
-3402535 2 1 680507
-3413528 33554432 1 426691
-3454879 0 2 179 19301
-3464408 33554432 1 433051
-3471131 0 2 631 5501
-3477899 128 1 151213
-3506959 0 2 1579 2221
-3511159 0 2 307 11437
-3519284 0 1 879821
-3584959 4 1 512137
-3589844 0 1 897461
-3625064 67108864 1 453133
-3629699 128 1 157813
-3641684 0 1 910421
-3643615 2 1 728723
-3661463 16 1 281651
-3679796 0 1 919949
-3681512 67108864 1 460189
-3691931 0 2 1009 3659
-3694211 0 2 907 4073
-3742607 8 1 340237
-3763112 67108864 1 470389
-3763951 0 2 1601 2351
-3793399 0 2 439 8641
-3794335 2 1 758867
-3800215 2 1 760043
-3819611 32 1 224683
-3859379 4096 1 89753
-3859543 0 2 1801 2143
-3877127 0 2 139 27893
-3882247 8192 1 82601
-3888415 2 1 777683
-3896408 33554432 1 487051
-3909679 1024 1 105667
-3924799 1048576 1 49681
-3931903 0 2 881 4463
-3949139 0 2 1523 2593
-3970091 0 2 167 23773
-3974312 67108864 1 496789
-3988456 67108864 1 498557
-4000331 0 2 683 5857
-4001431 4 1 571633
-4001911 32768 1 67829
-4003892 0 1 1000973
-4040936 67108864 1 505117
-4041428 0 1 1010357
-4088948 0 1 1022237
-4095631 8388608 1 42223
-4112291 1024 1 111143
-4176296 67108864 1 522037
-4191851 512 1 135221
-4223287 2048 1 103007
-4224692 0 1 1056173
-4251391 0 2 887 4793
-4261352 67108864 1 532669
-4262312 67108864 1 532789
-4269515 2 1 853903
-4341716 0 1 1085429
-4346527 0 2 457 9511
-4354351 0 2 257 16943
-4367464 67108864 1 545933
-4418071 4 1 631153
-4418644 0 1 1104661
-4429015 2 1 885803
-4431319 524288 1 60703
-4439767 2048 1 108287
-4464127 0 2 211 21157
-4467035 2 1 893407
-4491343 0 2 1181 3803
-4494296 33554432 1 561787
-4506967 0 2 431 10457
-4513231 0 2 251 17981
-4518727 16384 1 85259
-4525879 4096 1 105253
-4551031 0 2 107 42533
-4557971 8 1 414361
-4582831 8 1 416621
-4589012 0 1 1147253
-4598291 4096 1 106937
-4608131 8 1 418921
-4613383 0 2 523 8821
-4617103 8388608 1 47599
-4642856 67108864 1 580357
-4658219 0 2 271 17189
-4670167 262144 1 65777
-4678663 8 1 425333
-4697651 4 1 671093
-4702399 16 1 361723
-4783211 0 2 883 5417
-4785304 33554432 1 598163
-4787071 0 2 919 5209
-4796219 0 2 1033 4643
-4796888 33554432 1 599611
-4805044 0 1 1201261
-4806491 0 2 1511 3181
-4822772 0 1 1205693
-4824079 16 1 371083
-4831543 4194304 1 54287
-4861784 33554432 1 607723
-4866131 32 1 286243
-4873159 1024 1 131707
-4908515 2 1 981703
-4917583 8 1 447053
-4925204 0 1 1231301
-4928411 512 1 158981
-4946644 0 1 1236661
-4962007 0 2 109 45523
-4979699 0 2 227 21937
-4997791 65536 1 81931
-5007188 0 1 1251797
-5010487 2048 1 122207
-5016343 32 1 295079
-5021767 0 2 1423 3529
-5023351 256 1 173219
-5061976 33554432 1 632747
-5066863 64 1 266677
-5073251 0 2 449 11299
-5089844 0 1 1272461
-5101115 2 1 1020223
-5101499 16 1 392423
-5103247 32 1 300191
-5134927 4 1 733561
-5138836 0 1 1284709
-5142068 0 1 1285517
-5143016 67108864 1 642877
-5162503 0 2 337 15319
-5172727 4 1 738961
-5195767 0 2 1871 2777
-5216551 0 2 131 39821
-5220827 0 2 1123 4649
-5229371 4 1 747053
-5244692 0 1 1311173
-5250059 32 1 308827
-5251412 0 1 1312853
-5260303 16384 1 99251
-5287111 64 1 278269
-5306291 0 2 151 35141
-5307751 0 2 541 9811
-5315623 0 2 373 14251
-5322535 2 1 1064507
-5333171 128 1 231877
-5343847 0 2 1217 4391
-5361347 0 2 193 27779
-5367127 0 2 317 16931
-5415847 0 2 547 9901
-5428135 2 1 1085627
-5436539 0 2 163 33353
-5445511 0 2 1103 4937
-5468468 0 1 1367117
-5468719 0 2 199 27481
-5468987 0 2 179 30553
-5469367 0 2 1367 4001
-5483743 0 2 1847 2969
-5506712 33554432 1 688339
-5519411 0 2 1153 4787
-5538539 0 2 211 26249
-5544563 0 2 349 15887
-5547284 0 1 1386821
-5552483 0 2 1801 3083
-5559371 262144 1 78301
-5584148 0 1 1396037
-5592947 0 2 193 28979
-5597876 0 1 1399469
-5607491 0 2 2273 2467
-5650091 512 1 182261
-5652635 2 1 1130527
-5664728 33554432 1 708091
-5679803 64 1 298937
-5723215 2 1 1144643
-5739899 8 1 521809
-5784203 65536 1 94823
-5800211 0 2 479 12109
-5816168 67108864 1 727021
-5832535 2 1 1166507
-5834344 67108864 1 729293
-5839423 0 2 1163 5021
-5849384 67108864 1 731173
-5859971 16 1 450767
-5860447 0 2 443 13229
-5884532 0 1 1471133
-5934248 67108864 1 741781
-5947811 0 2 283 21017
-5954839 8 1 541349
-5959735 2 1 1191947
-5984119 32 1 352007
-6003103 0 2 709 8467
