29324955817104494428262750111448237604864000000 -29819647137090351149008458524578038153216000 110445545838908522835240897815313253400576 -61730872908963155919200755375478407168 94616751165070601826458616641617920 -16345007864801304935601323114496 83874438971484759484465152 61826412428722834096128 1260260647888391936 -2245275680 1 
4354343480605654589236790521134287751531724800000 -4876026900602775635528601722157344163994009600 14802435031103246954814424979242313809133568 -8719292359843072538154716850966541369344 10780689258482395617327563945573089280 -1603359455548631638083351814864896 2417976456072213537497808896 4699697942258542792769536 86005120171262372864 -76611908352 0 
320102583763660511792306297186385462264531517440000 -379629695108883943164902382789701115826887720960 965657870601481785682952750374638938293796864 -585578118940313852979615040013379458564096 604291415310677060154492756867606904832 -75972751776896094487855340798869504 75487206652404067375291695104 176991849215222304301154304 2902935477957431125760 -1182703414992 0 
15520116392580957520509903396928610333323922767872000 -18947389359465002834247595799559442708779621154816 40947783340755446589190023470743836258786607104 -25149509436799654227989804996796209401167872 22196001402093847260619911567001203507200 -2304410774306773035295165614318944256 7714454227945985940235535777792 4412735210263151726990991360 64554882815414309426176 -11007338284272 0 
557898327355397605048426877756541325335730791540326400 -686303541606411442252675086595380911577019952660480 1271220569453413470885608391469858174840168513536 -781526685086191959796414177130903441074290688 600477879147311540435898141845077591326720 -49857050809000931260803397413252366336 436973000486115514480022404775936 82109251394684516760163680256 1063201931936417503192480 -68489192206648 0 
15848847322185550202638205312962811024282100586071982080 -19327807634377491178469923123102173772173483192614912 30846952447438556853851900097859557627936985055232 -18818725161969702075980964301200773484919128064 12753658804862149614813077854366981431492608 -807096401597893965626314369127887798272 14734337460760545070787637958705152 1218072819689956179590167829504 13824449060542622802992192 -291372394197586 0 
370410062956944849458310595353184666469391301494328786944 -442252380016402347058833900759181505013517113249234944 609852330245140121060813715437423228833846137978880 -366840042477111240468917232194653924097980891136 221426588746992510100712859472891944922513408 -9847318864094185990764298331217876516864 345061425571653655234816510259421184 15009774737236102344036765676672 147747668777768267576035348 -770504594045558 0 
7321544416563037043608107269548346480050563465110731358208 -8478019911059502237854482905965563333688539736839290880 10109075108095395866217076212196151491287510828449792 -5967893508349454780441941519932337479423296012288 3232183337707813968910328769055350500800069632 -85536635947028992663817569754276001054720 6111612363838902821148437550924552192 157767567068945966158708461805440 1334346474755273862377968016 -388184999776572 0 
124879857383853968316279885074920896387375090795920033316864 -139280887764712157741722849424286501236241888360362147840 143481863816913333190477458113862528566056143596552192 -82861790331852343815735162891367822169227420237824 40512447509033186700041672990561571832310398976 -370847239358390931905208325127497819242496 86056352207335889847639925664427262976 1438339818400857112024136476569888 10391309971230416557366252586 8005213729955640 0 
1866333827464381593193199454305134903606501699735993809108992 -1995503664729762573880954287049356138705004221351411580928 1772011910932483401350982505555986208588160171671289856 -998924451070330801402542429688055286696153972736000 443431994694556610032012242081840726433810284544 3317312586004331980531385076100543802589184 993953884441025586758558795390312364288 11480866128683772956108966042958880 70860510151983861404645618646 50084530466759148 0 
24734351957995214394779524644728026739599189838949002250289152 -25283567924110002055309208382708377505012060568956031729664 19287107326546375935462803946417116497794971848618803200 -10598065484488405159977007185251214552882567613513728 4299563376932029611874495261965944892501951561728 100232897475335304137010689267597292291452928 9608635242283883857853667743179025938880 80506446132767236853764998416121852 428265619089568236151851101785 191437229149490733 0 
293503304182924351304860428673459494990635122669389327422717952 -286562917528182142252324211962026962842765813139902444863488 186964905802031460552959007360984764415545822704270573568 -100030008108238429447088960146192850222645298370314240 37405564286174825261888921163855755621226282409984 1421047010712868242988892850509308170791248896 78720847538136309130795658555763490341216 494822304095217489039847518525997726 2316392915204343310629773292487 556918835977798231 0 
3143109997452765119941612107255125733711644410391135645891297280 -2933325373014379556000045520276230185727860892748045747224576 1628719932734465998002108156984579139124702577547721834496 -847237773869694342691080542234878756306337082885873664 295469086438928141317508258146150469076372233851392 15038614996853825337028540010636445602351720352 549929708826336729161957254096592336741654 2641133110696267646055123504090585954 11301955940596947492025593054067 1318626303046918314 0 
30577269000861345199988403884774687860201906611845945576474542080 -27339930606515964273293996057811760299608505361735409412866048 12853672185272004433315915332627130425979989429433364643840 -6483629078970184559462997044396072203481625025055834112 2142696105203875089491808790476614087375973516851200 131078197955911123895302043526343650055998722880 3273818879835164018520957018047609667486648 11978027690206418845867173032522372091 50073257830911170870626948202799 2618961785012962001 0 
271731325754733046365819055820456805266241747322844293718719070208 -233649331091427641693804507763110823005768704960812569352732672 92606976166366917243012121145828337886694605381473746026496 -45061314507682850337857189574914213287427535863025430528 14408804496755579601308547294752685360149694918833664 977876389201340551381827501068906355179284991696 16442278478996251293950834600593191934126780 43764275538241473500064799377292109460 202571823025503794118537463153792 4432762513579715963 0 
2216322849823357166954170992379818201803238307033941582544107470848 -1841896068678491451763753101330188149523253386636453110391767040 613930154737381932293992953177821921068926221641126791610368 -285411744952854350432231478488860218785602766328127799296 90598453271669589954878170950038192757629054445643264 6359879019810599938214924479272941097613422638688 67728620765277513115936430542718684643863376 107829385378774638110813134161901536934 751822468162183410279052738071124 6447441727830784143 0 
16658513484754065624372245211584450112969816621593109300564876853248 -13462312855226216429325882214599849882899518264565576222803755008 3777490432608931515434177966190327050914043058182836676067328 -1650280949102276470666758148613826867107948773524971901440 535771400184297310766285809194751733519322018428492384 36371244583614095918568659311384248638484729563528 211689033314209514522688718948492975693373591 -18557453682971722195128301815816829954 2570133253404144755067124686297537 8087621772354357321 0 
115788045807674399291328251676029619269110924336016009394813136797696 -91620945502213759571516593033573402418527325945960849225138831360 21786236236186802255993136957414139726848251540200983915954176 -8707762607217782691788704022075838472790035071681945029120 2988573406219248455968993189859882201267934465274052672 183239127581039030958239561576168956555688786426162 362055766647041468385017988404124719978762122 -2213328550804556038981217149162735787108 8120642490705461799317152841283043 8747740260299564163 0 
746490458588720672960046329313912681073234027243110976052487761428480 -582671571757065328832429803751466491269118431965767621762610626560 119106524872039646249681088750329964519454005727695747355561984 -41805485745983240179833680769639914420637458672798997813504 15724618247203751906932364550254686723667108969214716612 809134380626459816320226517100319497285821570225624 -881716197867520839164548873928682361502749794 -16547056495493478439094348007158289439860 23784716823174744089305318173497938 8127916231526877574 0 
4475588036062123547142202564739036557318107143405060766783414038691840 -3472383006085581872125136131104594617120240552115111100761307348992 624702224600243388130482781308219150902252828935716375564038144 -181397751037326423848994637959540825870573285581769991657920 77866906222905468792603480569108009042988084704087049376 3082411779706051081009822730385215156849657571357032 -10794308051388537054724753567609806223786927618 -85528947190470846422094391146131994606424 64740370937519373409097135466296788 6436600641421714949 0 
25010330545211772165568748735820694080228875981034254985295847944617984 -19432979888183181341062241295299310329584969151279121743489536032768 3178355485807754096625720991715680657006678795118209747285505536 -702214407848967310872302039120224844638040175953091774033376 361593934830416816177783099339132794670651210879816181394 9736160429363847312363277821939261810499216541741314 -51806204845333258655200563250930476730427256016 -358397784196666293633180158344128784675665 164119782967908972771926472918338007 4286257422871043163 0 
130519011092763269721361669948143737224782163118837021036797975706206208 -102290881703115743570176762696152976601472945447350212427618676899840 15807271001520475489511235161053321683446688169437942357607415808 -2363467975769323363225694982099248329846210084879894490774032 1568197847296995077427875244508798261925228522107537866470 22630084407660982601881798548370478990688140649570502 -146324112622189408415480517470893787555170736375 -1277137883888010213361675206327768838731884 388199875311281229568777390150642558 2346392488873470865 0 
637134895613707584856790923620130270464986683962757847013406436209459200 -506967841794082032169657721750401379187290502230789517519537404977152 77020506094298576472670141248136040239647809452299480716212915520 -6516058867358701750151779164157854049621398495931944813663364 6325884849740035190041854906086624352571908143260492194761 17170868725856506304235761986319565786943682735765104 -75690182591002146466725172174704623400270557617 -3935401453036245681069443249160870087665522 858094651339680369578927903422411910 1013126753179769732 0 
2913380738596811036354498126751230195203118273078963175092901292715409408 -2367300717369540630022167634374262405411252781863659568328894738247680 366403571513519526943337566015539111747782942386115133386520511968 -12055115140115832500943218711209347198800894791856295850952454 23643799195819593531290064899174486125953882761993524970121 -186938182392284184750963081881063052676835636869821077 1916326271407185034329747414819755301244971081193 -10498463372372672745028893725335059662685911 1774866954963358484167244685990649393 314380981314507556 0 
12493092582239766172227225987047751059469527713407287943845143180393680896 -10418437335285855555994266531855148770110223229902741815443019880070784 1689448872182136263110361128535699635941394422820886230390028808465 4801196893266398324229756144072991981651630765247686821475586 81584993501770142374580009727149714371467254350730404668227 -1413250133698493940088683287582907223697371705119394112 13895836867422519985645965544886072099347283117976 -23921996522854686203584843751862598051055382 3438836169179693185986984783419140560 49005553811488400 0 
50285864090841451876828929005152433912526853014926585319391056516889042944 -43218762591061524506292366787911075800860867009258961311344858536598400 7485870877021795728558616436634924541041838628417012715206324831000 176867847259574932190350618327304180882233100805837185877647269 258952128324914971616934086952590088990158138028108161993736 -6612730322357894833224158531074722681422893731452698768 63144329454074655654500470949604476783364630415231 -44749269076137848207066491742379122139512169 6246595730684447239845049212532260989 -11595257048365244 0 
190116760240043062972223275289598463559555911193067687200438930512841336832 -168978751138520635207290628575149296440168754717508407783308433556504416 31627927091689338631322899723008055655660887340182385195893053733520 1028670212990053009999047818211378248399192087958483059169925472 753068874368217791566268649178037719094722271987558711627887 -24531621997064002051824808528448162722705831802641151580 219371806069610856909597765817797580678086969156819 -60848898610659567718147584182174914471448357 10645010653534199823622514756279909224 -10744638730612998 0 
675437921914760248860768348507595419294079880985706378484564953586496124928 -622578726766789345236262369923154367872733058552713366370810995844829952 126650585181370857868545107620614783677525082398204206797044062385340 4187455960324341818768332559745835005175080796503963618755830560 1997447765350626801880061976386169528376241409550330910273181 -76690199571974546720182876966886087408696489582170126570 602997564950028084660431890024242150772686132509655 -26097768685030147763475446452665933368997019 17026395609839878672884707795239971930 -3738040806860407 0 
2255400151469588818179280052757461177851167694409399644372941549210453520128 -2160839654900263455367949708202478847470662746088594928151168843504169624 478670618510769749993520790727264696107130651540134704248903119242564 13560750058168179944462455617671314718786815007791771208065414136 4805879626248340881230428371221915691881684098807924864543186 -205329531829325510373152371950289180345787072923958670336 1256456996935183832391587866955694020434693531322414 167846194739578846436398766310941904109848041 25568133181317691413786501648584435749 -760155210612898 0 
7077773550561083973434926498154959425630919258390674177346006965749439154176 -7062045047667416420918047330460291641145484323158035963168924896945072296 1703028986445535941461757122277247522335264889150557435864394560420852 35227034115150189760740801285282323141905936884651877076833011500 10422952905188711364757014314980010467473272615586389128275535 -466593121019073875533774358087755632441348560592188822636 1548920805139582975992932626572991087345239530394055 699703430072400500976097478526728382366884350 36051758390376310648368577993727705940 -87155188794919 0 
20865412127941057086482654191772573021841682128163851085765405446292605271296 -21720529435831998726972945242167800780856483530104223966799644460676438666 5695436249969627480639936898495907606415645337354796724219254500808162 67239161293913263174788787770114363246148367741312852785157559364 20257711941528297487247138661364483174610422660688765231002756 -859916718391314430472226165064712988157695517146179448059 -1417473639622362773548387806370392280666237375458073 1746626859921325035329564947042548323002055237 47729221398287517860245781137714294585 -3637496413148 0 
57738878322178394344932896882022323206066256354677354272226701289687700397312 -62821924785246623329904055275994203575062666129929741164745298233561717404 17892013945313049060154589759068935859724828171586819778209297270642038 50902233661161842751219403269419364747830139825310734800481389529 35295785747734521377414427339099196160881821008371245463050336 -1085681098879871657618741724121667252422834700008098828603 -15476568171680035190707838465935966166462384272727303 3265022825732877749108744076327414744735456807 59317294406952783775295993566906698443 249897221656 0 
149782408236246152660692456473876444155164922792103738601376673182237443737456 -170687966120929388244766266437881173089257024641244974337522902871864792796 52789747886807128732754994313834034305912396475676816445874472249994706 -285448064798578384203968462457861826145838490772729940165273514026 56593009232781243325647070362418742605716121031586832146460948 40124741215104141165697840820208383390091917918328190543 -54482795029252057047531464998100224202754199117170266 4652066914605114691347022819355480874161043202 69176087601013780208240742557546738873 23761034948 0 
363545813922259240750271565246771388376315478193934132429119089539122914240736 -435032324730643087995385964560130927227238605923726254109262961310393350039 146308091202602704860692822351137436849347629064347642653612820036132186 -1812199201794694799536797677820277209692336734501082864525283258282 92158728116910706118081653670329084823154109776198044305239688 5665417933368354525652415161733329328889821240484670497664 -128063989080228954199896822618813269775000848246577310 4578386673796026949726829335107522831622379092 75661843461131817337831806138147452486 -112555379 0 
823221561401866159198773820594924863902564664958722954277899328412859394425384 -1037969092981378176026876103893479895505311799256650673712005868575361575877 381040609359149120747934967633060908033578650182720745542923319627421858 -6724010047791984580490069713046635186422573962167545013929592787199 182202933962212263168478041092638907331534174617463659399303668 22328778128068313008608209138650010316402454930276481371270 -200072721519872955461061513469933702263134293329898944 1621238277548352589844757113381689519193311864 77560759567698087928559969079793284740 -17934010 0 
1731759885095590422793675100415671325242150047843651603047786459231216218504088 -2311602229773647981233351175091589628759934619021081908647453042635405904593 932973927913558350150587239376208920830256107112413610967003203454961752 -19386205483376722550402821353582624064311399544331640870893300127474 459218211219824745908838973120598781716648340938496928005226296 60709025220107411703407624304051820439692717628019648192753 -95781357155212471712174584087413075205250296489523962 -3674456513385557541092874017346033387407145801 74452192001606111871697350476167472085 -170587 0 
3362540033502788694215184495671045787849513941537661734102556023248660533978481 -4784092780922467278191021271412594062704556997913847906795961286745983786095 2148918383486871432848079554207069321263439492863634434701711878633046777 -45864006614796742112702094179278257131465158421097443799495220977275 1245129001752711905996295037060282437525540628838655312944164091 132911156785581133102023645470811318650482962895749706135620 616788308614767738385762662268773911290137307091492550 -5697228240525275878667181633330495670338527657 66855262509135828504266334747253178347 0 0 
5964594437713564611109315287921198575933687842605241403852286230555915276808492 -9138525832890637257662106463348042907416377921601774339570936193125509629702 4659457425772216656481560395307722897808533412490736767413340378529394673 -87634289494065686769519432641284425120307107903023813856571516658090 3123519056455867131428308414762531881600278743218697896370166397 240837031181664363053450232122177300410618628552685429846797 2608450957159683496541540683165033173266888892696431955 7652348843834878125962987442709694507457342511 56090921503470729286658113154286558013 0 0 
9494863076949830202325692014820127989978654584417292116392819728455330074294278 -15930885738805328580294924609103086960182695373690132398348770142527982345621 9519572023937919938354275407174247248368681870407110094634522621272434765 -119080346807933626317578712743907065028940614350961706968247438455556 6779410452514188808794794915033327772768020058169154557220891821 347534833666560867161147808791820459406492646663887889684930 6247675074093717599697416900655869962443537343072145476 49589958308845104577902035136437512460511284565 43908167458566470762688970835789216006 0 0 
13095534257896921530804716645701349904313733674216156760668396467408548410759544 -24831945208059581974406733842393080417036014809637948970310555783769464611074 18349134877444619068709591025283930646851330784354280481764911164718847821 -29898650661324704572640058000176966652947154672287050446748544919744 12192215639854910651115996865533667719752469640986715673017517879 323917593935118966983692683605007639083037323727969909272266 10042272076335369788786132883773770597835108110074300222 118061067545181906031238159289831545102328112713 32018988112955925869984916215879876445 0 0 
14333747999192115589156281667915876181110322113695888434370374510012685256922577 -33150473083023324944102450238684650733010824327809611260318513865571894983091 33428208143568675327524345473695109756351312575766645999928225400762339847 493074658967899684775216596697138431665003254130945738470699286405717 16663755235025151289374488015799948768831265404672888650277578119 -125786502620620715756713574339930650190427479335810533793980 8086262466415151775854853534429135490627498893341150407 172086696080845681853565603071439745246767688727 21712288622832493246141167299808225087 0 0 
8478943483184211000582668902601195650261416987659217580017637443995831255946672 -33604995296859708049875055826624901454935824460030390624010283003602837237255 57706776211595763703905052808411911065693267816526750066812015617350709526 2161615484079915748913712274119282815321544675952047162660075562610313 11558740213989651205554564071060694211797643354429414523759846184 -1522625455177804167107663720838117036210771508990828483261857 -11682644132726318670296414829422077310755543936811561852 118996769926677106803616676042757770521599570109 13663831119380214423111974706502515449 0 0 
-11491030825356230265716061897086468314731614358047161657916480302303277074626914 -11910780207004308479275853863741540074864674525362703674397724393527172398066 94726323487772739720365633823984539067791935086145314006009771842881332450 6325660811049820609699507140289181916465180812382045175340843410317530 -20900800912735704876077647180501895419596770908317781630327163304 -4549784183207423488193448822515612612825714284037876265717618 -63645956586478977616943167755466663561169727096307428275 -158480373059482034798393614139184322671809881944 7962367215078273065581854034489672560 0 0 
-53063874455413135853956640636828298202272844965395854174214254000753183576423956 54187931546899241454421613860522032979083922371232931328250660269312364781611 148476115389626213430627544822736665501461444952200257757512857304742921470 15088069456802394786107990961183708661361220439692446545041494928621224 -106595834294123853895456833822493399266025511206362330992834309439 -9668468647346326095039413852068412895626616461622080467056301 -148467416453666843687671442994780025067979395508792921753 -716703005708456273185286137001030871972565588037 4285902195880382057847728547806365599 0 0 
-119496280887948316889424445011065104157603567978789170261838441865829428568573992 191532680321804128635799558929984240817820294839367512912977510919909261747170 223043286601699834301899835850252192957011960455719201253673947026653637144 30864548117416296437157520034203765316542361405456584433917732911767531 -266681607662293312478829921194842944903341962676023256783229837257 -16164445065847395302112411496938789493001596602874977775723776 -222806804072716962741238309194725441690998173216172720933 -1431358290076547951963380722265594423145785558991 2125129122784149842911561247526283952 0 0 
-202264703363061035777053341924067364328067505078816267178944152109647625206938860 420222296321233403054995539172325252342989385361381874055658492240480274191440 321208250316311765710278365580556615262840723620972263085801740072114846167 54570299401893659943953305511897451114874621992623780692946476568179277 -484867817531873337560139091092247722392430542318969980606543952879 -20531575219778538248819323664236828604521757003153632417729910 -169469320192605948864603679747573071786590975303434779036 -1926803697936727646069020756011362101975916388128 967741921995415713447024083581606632 0 0 
-273129359409937902756985811400927351482801491235655759989412854574738378577765890 732054287430817897568079404377300337129246762044638694962897666803879360822156 439469163773870004628658536378389411613937587499034704790866454208369609751 81229060692578052016096207774148868212095387706802933602432799274532296 -655001552702090217990152954082158787248503390665811795608461077660 -14667542473959067728871546917961684585649198293984042484554954 190427340611493342026981241235426914365932184803448628857 -1663645147563306231824694369691908242636655184024 403382704929291612749782642888269300 0 0 
-281541548786895076804793955246654598399766847562334630223055042040954624056982280 1061196894925827387601860991463524284768260217125879996817580340225755785660980 554338033423203856710368124836180125009811780108626616505756670278847839890 91803582467435760297231107296795643222698216906355346368463637144265584 -532476217985486890671858335024981179039760201595729058375107150826 14579314271535842097193752091683061316811220860099598713442165 985114758949830336047087059835970792512277784795239726208 -230957396447598505915391428415847526617962444958 153342190259719356048993422308157180 0 0 
-165152071626408229521360690387563227713734830409521808329779594299011077507997307 1258027576904635123588926846604497611758504640298227643354066516674200240143276 592432417616462245252300676442623331235979839609042806805452076416241953620 41194501094165700988288277333437802018155465175546883091388055002134063 250100468496245541565274432192465023231148026726609727964754852797 81773347332558940453610612311882671100237037177027302961624202 2055337685783117702074848127715947158832692511317685664986 2264196986522916299859662163222740122114505301847 52945720197841932808619888808042437 0 0 
121277953323668025914964961994661196134572775968894216791872008299131007804335744 1086698040177863503589316598035561879379270875183723159962991968570527650057338 378544865364768867438473943593718646975571456388484306307357873559932648374 -154285788058669521815699399122667281841428926989241976585908625687952338 2013141256608730105690033470704804658892194082854539723410809279179 192136203665439176543203538487451906279088653020991474129155747 2686904130627079737439126358242558590036153686889871778756 4971203378216032716838969779928788657652874260805 16530219626084245185929613491060242 0 0 
562779318568624686671532122264970701186019058983415383986764169538178378611883806 271290604674148880635010397569436527571583865816219690307677598008047805282969 -432296895351153088962004679753796308501315615783953588599723138838725445058 -620189135705925086875535069885331020673796364933397946736830216146412833 4643302868446911387578510243137671905744248165529709194099016086927 322832016247819137675461618734246137056421554447166993597388039 1581348483592251234513167530831588645927391703777588241208 6501813028751792655709323030332364079020244760056 4643552505661332631810375301504449 0 0 
1046357470225962903995354971786877795838948750536864233222470690688310110687367500 -1394546990837385758569570240967466870363954870941733983825022558313761230778012 -2404416822619391226625221565753439030353105955676395058933132433857293966754 -1499053929838330689985626008539072325797457975730677860090017848030264752 7073268836692383324655209501915288578547130952478408444511319310243 401364718018284383345186534533319634518415429822900910786682570 -2574590870940454458111206766783016120647287651174701702067 5609348675383506064791583960870618738322282147090 1167220745242356493123533598615548 0 0 
1360996241069701786395666152747899369810412599361975136743553122279485900448492271 -3890059405329979793601511663129573092505376119739745548979841111522458469769571 -6273512841393766022949295574222685962898251639375175444740380073721272228799 -2870335291704448300090468361852070392298423843049421153620017295974768007 7000784822645326976520602232188080510500826338409550672492806016315 295304122159636350566245129737715865352194860442796653179079007 -9790429999889017827725487468284356679596317208263066896215 2022123182439586847469083516999618587562368493623 260925735035575120499835942006166 0 0 
1265556383245517892662313332044500664103246804337517827436910911544584784853165432 -6823536331489666810666504798900525824308242024438395893228137956100516390957116 -12676973854864474891083763972978829299812010611146991867157387858571131573214 -4589597083483663007134447743733152965126435673397406211238828210352650050 1539281995486958506659540781570312194709839653596435869267990742190 -163683856312190929350619823538299442994515194186214375467240953 -17191698439226936669118954971807891398457748629109705004441 -3119889895041269692639464998584450425389850584724 51516779885655204990991319100095 0 0 
625329059575620773640080178003391495145444967974351430708000658031756903279944284 -9402608669077314538127625118028627600981474419778684862743073892529334998941581 -21534546785575740003128865471403232902725295490228014462214783914440811484087 -6045923834688568567852683689028838080830539466185806390647350277454292876 -10485564309315019286504740079160103240490432168170191190353393796615 -1097468441406153980116032120565440191280100981439347457896747694 -18497285505643787379484554674557777169851341042119692850759 -7636128091480330722916187034865545732763758730966 8914082924581992086663231366637 0 0 
-435181233580052313887441945389397641052733398843401272637586075013103332792125808 -10613102560908176828682820209384905310681688407887431233557362565335109400828024 -31050819105638780636846457953789302416411064944938965458237194641614468593954 -5897137879684305629301507573264201056046093554932660606802128766998099956 -24641732114171188855405423996925324483962069214067196484163465841547 -2433245720313377591960402212555007732582774480235350985672879773 -6191103287834599785408693069248341547969064579540728476691 -9396494558191203983894587802892655736063528430202 1339991436142510681139113056995 0 0 
-1466345705219393550330129152726462833900281746954847587917504347687605994096657678 -9616709468070352170830348455800399569219594472024446670408612950189809934495666 -36568037243018100374019489543969726605732845286080596119013350937607391709468 -1940158086325770357663834784366183656825198936388714988205743959297806500 -27306809860592292148903659647205297348535580949009470766360317326224 -3724510518258373161512795270476527802965542828458962749126118434 23033224336992531737533496602022322545553489139001392084304 -7514241308790315615143533604588103336883230038037 173301982559494962244903641949 0 0 
-1821177704806185188653947743469452965980906481170675734538779428032076915147875072 -6220062879090871917203919136843749286974626175569881564114572898060378453007024 -29901985814147018575312192374643922192907398002976487125194925743150220414988 8619168114729460180497952290521447501628906708362608686357921670396573040 3219269194720862003127979194418783906637914869534185375835632553877 -4042784071706365621481903425335542260099660772389272416660690256 61606043359538743710123327290131861599251772253808114206332 -2878085523070125483344165944910603050456174611675 19087244912264142239110956024 0 0 
-1003843310076662533086604967919036646557888998125863141643621500845775060861245268 -1108186953980774864846480672093083023470342304869819051062873521197220268510511 -201451558955256343125894696563416502563777063881099009212120685397468702768 28185744915943219735528544315485776845323933280781171065639774760889901881 85242022396545326822428544347924189003699485237923254723355763262801 -2106527266283712700405888931270514763089130801205578784440648063 88164939708311634540928701894382706930219685426050977483399 2339696206241041493610848305484756442690253166730 1774559473341296740664809094 0 0 
887802670860421638828370946697603824930282620760580201155580341106466938837494808 4493812087648242198326433380426805330951290837987618143601594573149868440878326 62524702374479316911002545227358179792054213764481462578028891148962041674463 56891198701270239935718497704628066487408146109013022578731006618197172711 209066445743360965926312803742453213459316610862837111955368375786377 3182673864371881124277761496131356999181515850944660810813940760 73922386936961508494723510164933851275051205953465097355795 5886935882769550718206487815121048524655362407105 139020906433375312400408178 0 0 
2901942116598306717521417650475380168694418086896430068519954531698911094729810228 9837687085607543383101934509193343231891376343843616332964138098702867096919673 160670220321600918555350487916010773156094825706601291886716419554447851126383 89990934721008946527945005886876462494290685395014166582127702404688641176 305928421474754349640840425907888405926699022036464834100986648814949 11764395520753182113082501209536912206273697717692655558115981271 -279261345335484024040695261865086853579222323123988762581 6581192609774259792075749866861819990370707080467 9345153770106605646796053 0 0 
3452268518144384726641398727965739568176927874760945977691056211103644970286051832 15958368065081555381653590899600505654557374119219442067307702292873501804906582 280122050471281301623888965117015762619638570217400845225934139386248438281800 115371588656738737888083849223147858224189961397522106578635804868520199034 231814177948845264029930680749073352673179303898411573971931112501851 21295852727913192093041293228865538026179464087782792009692174609 -123094474891023064785988259781504977884029078299193457218725 4732746409324957907337936519329584950032238513165 567109270369036149179673 0 0 
1115293056983115629393458461306371775061959122123428302916303347389041294320207780 26327682833559794454095922819200321367115793248270908826104448913417671668808928 382596635018486833609766679080399856366991636624706013920742986771847212395398 112734399469675854265935577774870038416701030679995891803102823572899099400 -200522218403028719847632806709111607361189957917838057688712846547957 26598929399538085065989727864560085969718232131185920922815421196 -242407269594299340334691565753876170139899762521764558960580 1702523643549488330009364630625317438484435241054 32449148471598876087108 0 0 
-4280142594850058423195610193253452820732286468080496316061477635858322279089597072 45718288487804547820634374584387247717025284989377117149747514888023489248619580 404905159297724173512628969951167452861626942086293587825090878813063890601215 56451463366553693863164375674851721693267559835994226243018576611702292823 -1112859566662521021555050402519225727033658642255959410638081932420979 20649365190824338600485183211369232580979335742114844717477463559 -279768985764780660263369588042838016342219424570728691688097 -992970978242275146814183887458866780332626238644 1574140726075575281403 0 0 
-10918839634185385360195099144286842941836521918005391900457544142954513418125226298 76721351512665971313043661347893267826294343067340898025975128408547838734361469 271371709582479811099450360479811365936290648808044424030506177526799938130623 -76314780482963482182642241669801200690778815369044373986416792636816690365 -2382529876551049307566096833918599204859747623114581599950745732436412 -2239245337481807399942943814992108871995190142457871188647352788 -171379704208566863304885469176651596593940911472283337557124 -2430936379795370715312234957063724758328024530829 36138625905834169779 0 0 
-15314298870409331711014696186661323294199743650324844817652427251473530041155036256 114800486530869645514094311247885685428641560207410734227315214296080527248691313 -77288344677101780769688774178952783547831466083626899345383877903495009888436 -292303618029294809740411897371559156515005875494717736670732823947554045122 -3464208023682812910624782473029840492004028000363911363229262941095752 -41528101130967122659387191027884995521643016407875231464291260187 82326969186205914829542180616005557375477592598155304488894 -2518145910189234721009768003344574939535388533489 -2477131259155313511 0 0 
-13910201178595490400776786556813693809189909529437473211852299410972408219824171940 144520291192060751796704678970346318535271241769004688351959806101504283402724214 -642444666578953360202769420202927634287397375577003961386535368209844881619515 -566605681199639535807452106914807359274598506221965891242708690244886771797 -3351932469699906320492904449578198099782635872263747186711595225889794 -86058420439444770160277299258720541551233364035157645661979058841 390756772833744482109764197400668607846411974684119266126493 -1744015369782507709274034792928982141667557767765 -259426162599709542 0 0 
-5372130685368319424278095710686386454483179028759200324189655457503169257094105472 140532372868008465760426869667587423772700175290018746005118444556086569082301623 -1327073698987490061423617703844678898078600020781474140862043199668304917442280 -831069915038912319447167812453793480065502999669854716201003336235135688024 -841197194680920703337574722239382318743740290996235512668130216475651 -113640835461576598669619554480232243983837330904628270958663288107 598165039881526663537730943801259439573287293965497067186376 -743590196065664207862373383920969481624855071914 -6279979249493635 0 0 
7762687337364460620793129697372753361792240342083102308175614437959176633183690935 75845072118132722246775421860650145217484894669377360463891009431695160958980507 -1918462304931931286949564210682036039537031069546163637866767244440752518755213 -974916470003768442130253404136373953586222210749548927843908998022097627560 4832671511988750040613453085169759655082407397011035635523541238224444 -97661412404698650097687211029362281843778922452203048421779020601 559459723705141687970852327542136131049485003590694783501058 35164994847852547895105771724370671884941061213 180862286249484 0 0 
19453575738389708496660243855316521025159793233015950181179988614423391028673129484 -63537722380196760775660948450636479656802101367851416384305018454349790471611268 -2117302151656436550346898727287518440488191845129984195833794478930730026124385 -864790330711215272590305490271807718487060684480616120512838736049987177844 13109959803092715056400282134922241641961406723518613875469931420707732 -20700280186468010389575869697398383872796872678679386662015667838 230726638181880525435957086058188705296150155178471763739953 435696983326189523788555138610126931976947555275 1608058051586 0 0 
22975778532582852528375584432137327990340875176791837362874190066816272155382737686 -263209281746869114386127732752633938106893760824171563637056374164648474534330314 -1625106973165403085057635103902999366707084656634624930200111187485175858923283 -386226392815797748008911902350433617723931790899039553799151560850578816300 21374956737781626143948358201152687198866031997619634363653981655739038 109729538173223478824231209590130249994026418119439984381573205286 -281223811067437209106549877645833070618952663975949787679305 518017191942396329417807825664783490767426569011 7027933442 0 0 
15044555262016219681634726079669483253611677516915916439596091871726541907044340728 -473123965804377759275384517578060113173610502859612469599501093572133388967664750 -277901589127276835042369427057116598142640567381453143362011737831055845431242 500506229635413328312721243982504234196343633299805132673014151500457536968 24961088647377708653580282969506438271515849351365015591173654254898262 252366301524390701246246351106029394441434404971629632506685264680 -750773554826344677930544518925649616942101282784125479837296 424975799854599996163750520913764055085712689600 131565 0 0 
-1169425194050754527505108232129734094838897961855099085704815257920630931928925999 -616590890857688700789071226857671037374792833796709008962523499706558561679028628 1815643094734847389731241068973489424467680512244960007503519523640549230074590 1707210630558145739195779284655580464201845126771575887039705946214768492266 18394713753875242720489125594052924572833915434434804992081826991531441 339359886105400455693920779220943905831742245334314422080107890677 -941120065039956133093839350024890652775117290797060059122314 282117134359730052167543262465809473089349394013 0 0 0 
-16479846795590620902090823644234149644707120006865014788822684907892105323475536432 -617195182920002264011555117596190916119734440924737162792487335721738746093657185 4195404813746846726530677875249571590821538390268676311716810254653711534603296 2990766229370165629267134034764172497197242100908383752621947917433134795485 -2077844782554464933299608874247149551360790601821552984748101856554446 302336685962569530985920676624174853654629581025584791306119098535 -732151170533292229434784019312940895611267595230455462433547 159564800162118889589513618707695375785294865357 0 0 0 
-20185961531434644167391891030887232329286908921842355163059161343816132433125180226 -435393389914068667473567323000335991664519718034288087587905326669915639335345694 6092870861741062292416067106926196033863916916038413380692877158138715303173224 3974369931370330602344460001340127314740223153741271897620769047574266040557 -35387159468730218505833939040921219724621442193873279214277304299468102 109583257890638762359024795041383765187443985977028507781198784164 -194094479113378364586322800033882739115055450437091311091159 78625412999235660582703992444403065531926797555 0 0 0 
-6622949269472901236356601871799707097381267330568302403863346900748272567660078740 -97951353454071672437936714326992626809596212749743684040675523286141233491098049 6625209124843470271958042204434241623749788666610712071211606160320208611133007 4227221897943068326381781429394030578210562010651301723677123602168530599594 -73398087020407029092074951377107949183663079884960111182710238235506859 -203339288268644931467090565188524225500933518264594717685803793186 439831393542019613045255226226083033709041797659380244128395 34097335743184431624632364880757985551602622283 0 0 0 
20107541473180072175527796639877641294932378907913465209171110135393401713309974644 297990638050334139778244607303353802438162838135268134264810440925398570540227655 5109006342540180859553231607713810246991473345089247482272739379695930520574736 3392555575880454664298358629568774259021149249762695163622908021584481190741 -101211528657484889652970103415805467910571826794954297329084992495316286 -529496453995947275653949684511315482817058853911087370409216603117 889508954189466017677723685087589739451005319964781552832513 13058256536415828741658863609554190913874477271 0 0 0 
46706420325787324992284973580090137928643629970373545970640446299375462710990771428 615492138303509515051378146700012858971791592997468270892700946866097544432923084 1396110977229330284293026975661955016348385842892159745769374845742721094235997 1331474542467290684535074240769260102823340924912737255241660244920928263713 -101084797268341015336562715059379268885925996810759229978548871330162485 -723588673618010130921618801617515992462591061143828041311037272770 967773699025091565072231316550991903625390615719633929626863 4408310704785454260504583146324816762612758267 0 0 0 
57185478056496015382889695719559692080672079209309623657866823851208744773334253366 735413550904342729908663622269858004471079227113060373543128996021570837624554785 -3906547949723587199271824480365131114073033317555987577682798848473874141539582 -1765456118930464207052875865627203722809678662649867490889411981984331266590 -59560839140613547848160485235447757911601790045724867567689587632249148 -664174589817030240419701365097445567827797166690513520371352989318 666530463436734720575702944206967515463246723915488924269960 1301898318078454853304008676702300301829369220 0 0 0 
42154940715357975621588757342913453194330016201502478218317982510269482374147384888 616588614137289989285302370529409701665962436939513311105944747907812419448767776 -9458672571988856193373363937513315846152582028317308660824898597715055775674684 -5347280107415689217193707342506600934267864763636181739303921120719663304626 24468913782513710432231835851649406328655893903519336236906357430076410 -318646592142856442299218446479972653272067888105049068120704913323 146112845677058109144501140371028894090823340260258533107690 330732364769176456064772012596094047737577376 0 0 0 
5408941434250075762133048167585887628594897701247413183773032503624217016057184609 327263900967339756909772944715572721473195585350571146729570580139705704680477530 -13501533295434082659753652687593581843390787821617508260910734784701004060938392 -8582473143874973254331849280515665205698739954723480572606474389453140144001 134392525026972428734246524458874736907781223206577739773081809279711790 222900206159697320693537485834900010587925100702987883799672459883 -357725237088270073560428350572846750799256535253215088160007 69639218194406361366074503766662837707070608 0 0 0 
-36704568910986923625473873314701484617261675496673184811896452489596546721668928160 25866204746868909600462192535603954883938495504892942054875053362593052863698248 -14403415378901853681921156439802976032649093636489942460018132832940541537593356 -10546163121306602207586425261179105882164855806099604851860141390831871825959 236738340011375785790863928893596327971492658296169635146744209567383560 768294588496612799988854422969731819117501731924869689644880216027 -651316967551970546025730477772264578388862119691375700401580 10990154966125584652699307296282389776190937 0 0 0 
-63579993098761917639628523888282546207000027076734907190250745037447434073351238058 -107406834779147567463901876192028913190322621994174387235963406651512856553986736 -11262840779739443986080630193276555179883598173813142214557963694100113718963502 -10473118862961608202218174697242064790076718274634163644699696715594227590271 289883199961435867510570514179914274348081759696264262700182131630704536 1096448588384120705177079160681403513843835880209129908160570954502 -662009946035412160090302945970967913036383830168492591876661 769499589722053003394313510090277860755586 0 0 0 
-61945773434756761256821804899695846671425503588542784143529081796453501789993472932 39979417392051213080111863345319489295681830608602569968715890662968627843040620 -4342673912115715763362259445483307916165633624212429373021478813340690359891425 -8005489317899195475817766648167160484777673005831842475598338660933756745420 258919156695222082874964627723459697775307716211392864450617711535107423 1053221192761363025473315621707570800768094098102757358480951869882 -446109365389031644987939260433323360061565612754065050982038 -256179605822576767881947717557103702977370 0 0 0 
-33914827077675068440111866468900366040299463110422060223060407154385439585938775385 445905876774734428160909544037188541191379967465417645297910032600443958287936534 4856621958215338440823125419265903149861225945381815344671535421171912211782206 -3355786048081685177739308185216910557052275409442277479258710418817458576943 131637349710262982077073075243368991452056482520298876005166736838641998 625225520109991818980784325555770773991749668902125208960175794559 -136286858783375861033290680218615931102606556202415165621719 -136744515695474069815064229273541863950863 0 0 0 
3629197858623460922945494122873057863229543294872385980283887590706764718637153960 946285121125134588964132734568603552899663359464780639241246796928323768143599230 13955439396408698281356313125053782449788214270327713747427957934770792590978312 2676511755817194158578208739861628577473243070905945199427825332897082643442 -71138761541297727743981482795063422125674601458637016713790491697504686 -45638881478236389067131685143044693879289458102168302272486354556 132665173697638052169382769376568666010753736967637124147699 -40057104376854674271564879201927160576321 0 0 0 
28357595464947337469414114703893757094356951067104092060088421555296311521646365044 1297630701172747051795140878406842938870878011698038995346667696008615059089679043 20392960387648264739643966154345977175884800085991992511647152324367423903427469 8855777801934108806773643614259523450091988591814669884838863986681274533097 -296533689287251382101329989911964945665991212714845294614578005710347342 -716672479771994135821395340813422219420629297100866154719483718538 279478557999274117020048018242319386547716345870692981289395 -8974966761652089286063224558538304673544 0 0 0 
25236162710336267981777026919360692970487391744888438831870659147641799811082567568 1284518847241898541915356320388694931065100533263579122529323862715077429939452960 22233725141930225911748333712011643212069736728021965581038734126311472470339135 13798390304485249057534608600505602455381599647391823057231912736422719640146 -473629446471694703919885835991539166978300760802608608489859593441605882 -1144103210267341042284652468895523978251558700146301904886736400056 293019392641676182651668736531424558813840292839136817425376 -1659620233981410237109137624428059401465 0 0 0 
-4827300167881175321179253667621300879391718245779578219165308420786725928057701642 822005931705670407295150615432637521548308641287025521076913123599417874263529397 18798353687671479092710443979601603427309282711027089657248375924374726538200261 16323045668793972155538141936854533315543163686775804531456158172518875176849 -536829764162404594205387893845928105605059497453746603542550357000743850 -1182351043357714615565785684526207445136667188820183385093323256720 214112727154022883094156521917119780071459791180693804558244 -260362831511887689703827000476204279150 0 0 0 
-45533144300387405217964740186651922588393448340546277954260338993313107342439215616 2588177317963908256416748887318746044216914075943975034870958336909717023123696 10891317509699136035437541858788236496995807602530854512196211962420255093172296 15764518783384916132267460647278315340401446912823716010472194246909594720523 -450385859499613656846361938997670767027644511869435241832599434138553063 -838212010210099462022297771078806156231815674442887645597756946681 101919088076460157512903989011604669709219413386922870714130 -35036666815938771132353235085934876864 0 0 0 
-74512137438878030634316413172689112873618643464097957348193880161917601209255046444 -937070457765482298671644452794822144451907452084538526614394725814701522697339426 545685984787220585951311427301342414121470317220214491866284177960596695393629 12158948189592865301145470083593361620068589482190688178878400085038766168585 -224436199786350147804699639936522714072286919444397443925108433196770863 -258283301293125178714199469862396708732778684585364685322732799744 4865927386784284429247485746866923288413014039764553172425 -4058288733856129231845574570156987531 0 0 0 
-75805784428034627874982401345464762896792926752936972602022040191203120449984377016 -1715193250386045573541445991087239703264926929042783750715422949397006450939393122 -9618334197483375259843597365138307692832076384399043781979107230464663113370115 6244724328977697620940005799169556092389096197248858741922031691585199004029 84502907883731433059171479566390143226268987220448078406792351932453202 339956440938819454350003754282961803010594698549025503618848737158 -53107234592253111621609450039864755518830186086750849950492 -404348383201527981895452149327001740 0 0 0 
-48240504143615546548168346566261235662722475379756505711095933340583197758095635012 -2122761840662026976207014319344990795273637296237016399637861453797736921939898981 -17188963442248749542922872373503403989199098389025558881977397370182488655820259 -722731103090869616267739302263814470769705942286354653223534705200929601940 389863529958350900149444842679092136378802639197979632249717672846940338 758441135125282260295593034287292977648023884958901670685653735982 -71185084971468451942844027044404670549582189587732360675311 -34549595921453057130034006904115011 0 0 0 
-5190203906701270299352830235524108650661749062908724671090799166475461992175311992 -2104446909686890611444107422346280167373017827666932668845663988285578866074941688 -20638467841128965898523849670711958887960639328459319034891791396978177858940864 -7288910655436416691346407305185105881013531556967623032857933224237957912456 602788972449548590938569418799420489519255471527993610888605002624651210 889584092482157311972825109579691972689562966334802892784489241818 -61978758251573418990782514418384222107782000248100469910781 -2521365982954568419396555111859860 0 0 0 
33524497700907365528473092606429506431075336939349679202584048540132329650249954284 -1766180960838221132765077017727823177946060082454864890633697940951131827977677403 -19666909015026379502970335748900421070559130130450258613739320137533622635912172 -12159325850902539901440022780026257558072060615818676401529477617172532824851 661302951502494933551929374201611461944375682364510800136517844860317910 741360660377404084402120959903059463736908652398255760903949719222 -41035105339163753550780246231020983188472631878601060772556 -156580595722004161585068565748494 0 0 0 
52435318849128065895230312374850403021664218890099715183315809510557327205728146384 -1309891797387859939053410018516962122078600320644280636510229213803505556155122604 -15136228562462324291035738692239563089963885656962848071149658779149075425480024 -14499065046929118103148689910418999591111319311017157107719039830384482283923 550226464739908540993321945030895611311609178347570491205360382984298883 413673071426069044987859404651934260881334475162960782856467591664 -20103711435085787240128611440430445132084064293194909509018 -8252211387264533035604518795256 0 0 0 
47739002505028399124423305780852501684136767257978869142020905727693019995480191226 -930977679254914473963968594607953598943009789295324790073930653360978116183764776 -8665127864249539793340869909390529907821294385024570897153827092273447375864975 -14094229657801957427451022669755936078612469300512450699284997626925859255146 304835058843629565206672316575468978452278670982160308873083517530108901 44506599680516001994479793794950421407218608466768393499939943831 -5036300886789051692970148653205848418870596734971549517777 -366012527442087242510419161367 0 0 0 
27580588017309867431240552505107995020693230350550948199756873266526322991918955360 -729623050922992150979779196491125727136626595359045732464614434672459279524405254 -2060399476670813757491347565994111077579724790147363159394654813936541016636572 -11341732608852696583846253649425592179258750739763582364994607240699772522667 -2429474374458197563838460504995632886506782318326488746955017499584762 -246562671741088207293544491699132815769175174267726261148485743804 3141678269172235865544338963235051657324120301829306142017 -12975196457029935015584726801 0 0 0 
6102719756841185433618928083808206739647493102051548452278319586070872150461296140 -676450348767144062973048095035350343984390757717509556551176478287137847971324157 3210842585045869708876131301626159898255777292895306788390802195641478359839271 -7086186213529760686285315655103227611917143334665903171835431225316145696415 -286587550543048296733173272125069590225622778269806091211386039861173874 -394834124981906476135091524814259406688817856119154890735980280779 6010093690953697181443369446321014906290573692140588831040 -275065225864809356596009826 0 0 0 
-4643098957793392084709141302802017692133270391480655223229736106349068386952174696 -643552902545674059518484530729586292987454484341590932657773554074786688932768680 6350519542429882265523184942095887318632138121306735087079566262669326252699151 -2364729151362446815215905346441069781220620488322397806251033233488067534607 -476764392884447826150675651224246552453868332321582959564642951186029278 -397808252894743843459699501478795050019667707748420637580569166156 5821357621076795979895131265360579298220632162008902985044 5695619503336504644919311 0 0 0 
-313048862824840262399590494074352383107653930706196749140736438038998478306155358 -479904365160382414701169829901722256358944663134609497680964771609234180930496929 7296350821984527262878440853900913944392707289805443037716639044022689964834520 1860012387877354626344052820681465665431139314036536628421078192954486527130 -535650384835601093490704748889383005554432772691108008832742519062293931 -298344438248446153690992338767990552171286071454525083448941289401 4410910041054203458629317261584725202308679253743111333478 828015528333840652529242 0 0 0 
15070767256450385615082772665453317853708972178786731844764011378142629131914825216 -91475382721263787370268383840081443342505691485946969246619962269151158467161722 6559827581678721511412405176958697333752520501450884032734285242471043800746326 4905908591226970132672220632117943075881115851604712294230347595639613223702 -466134013251009632166337476837802574779539305763923073536103723661604278 -156862822869463603421981400485072974459319540830531826532879225586 2871840742828670179626805313757464527257543138503539236056 30468147376852470993180 0 0 0 
32799098339089249435459423891036319978935586356862845766103814339233948499170833152 511348008394851347014273273530379424194593478001125438624690010169022377210946408 4936076177511089637614785997870520007868440660116686737910915439612011962134323 6471668195417098206285427919009411988761946838721862746638578348429253319724 -304657727169519054347394818710776058685461423967784976318661676661496608 -26202187564750836510159021226582554445659221052427801401132887186 1667081040358690965486105947146745657243070121085953086695 136341157958317083971 0 0 0 
44703545080910636912243092700481599331316234300900066494525531951984988723560836448 1216981474362228670146270311137755075595142201483541769221371912397361831843153840 3204855682410428029678549631891850300775401720519135660539917272879597652694691 6624359707906779173506701227161234792768712483133165599021412550362186479536 -105474094840228993825652951281475665854410588907485179295407191779787066 62557595796337263406647332255319225681041209115231963199373502516 878912286747306235381136383330052891286594172973132140437 -14011091376877612672 0 0 0 
46934554729688658581189038058340377274504099082639855355110447550800412010343145184 1859374106071262311435806289713153312904410197344328459794561927344973002345882369 1916278523389384329921954993538854925499408646658206269451824041379438934279028 5700060928383254497876979877846538722763317082098307234032554233589319538157 77626368266686547948478165450730362875164193587940839970972512391218923 101957780650821188665173318324921296212192220204818051038947480449 425305923324349774333163412225435729840532700498329854379 55565728399404138 0 0 0 
40730010533943525454031576561046757836598884140177471407423190319580551283216117824 2283045319752676082443293565284051438478504036957731589441263593686472610646033972 1304175050991389030535018190893130630425086338930780342635935316088044275072466 4162650854122423546619427301248573472190541055176076977851482809310319520689 205899200995438176738153641378727551131700560413821360038096334435062986 101485025855348027455567150301857994487305337346101291140674577137 190120376268762775901900153043643440183164607085545092718 -37488121797012 0 0 0 
30541955929155400607191410629080438854688717545712778608896825469693439259721835088 2397267735637379248103033039090176969102263034560846543433047100405640301525211099 1318009444679790814224917741943955313230781720072542230819918179766241252512108 2467430759133414669938172946101830122273090803001695815079141008967226586284 262784545949136185770840056622058414416933438503150346045000478899542640 77931367567567674725879109463624998310365754227308834073680532169 78833051094955913459756989522895982551638567346929303407 3133964936 0 0 0 
21141257925985999493183625277313431795900782803797282351751460416230571673718272384 2199669846214823810998755017609127049883951584271214783624126381492265030411615940 1729155303018450699221298997405361569935902004779144581344689790707129981660016 963682266322523585615024733512181489960102629424776200802578221204479930937 253081379165009142003963342703482910039616631921015770024196244599523665 47305669034325213571972810849295875544127345333011419921630119463 30399996804270681947407703083039294643400971495319567933 -9308 0 0 0 
15397868839492608851737366488860177625426434320386097416667602379516150543940730952 1765545940535168895950369954191812948919159408206706322655658601720776932715452262 2256626499817073477841444459638491141060426848566233243934099419774285621539316 -149340511198202878803917060742152490798111751815519239547884936365860112565 196318283787196718006763588906323296870063993404505245902538864171376077 20425007131401946354505657164099176492172161682586594134103659990 10919807410236934625333028325691218302187376538869077935 0 0 0 0 
13613188254509606007296827168456532525097024822721541779139709956085120282555137280 1213379498659171274952464508484007654691304209879904900694115901561486933026849662 2667816734193879551743398305555345274768624575760678972005395276637432990777196 -817247528216578870152788693451697274732567216793372985324025863756114826726 117781454485733432433478184758800155355670997909195190229771723482182098 2092673438423503166354276798355039318167386558264466488026082910 3656797914720000125164749549440125723633768295225919957 0 0 0 0 
14249396435378530529737998848170877118796674396565682847231474350606708740075614864 663827001754374048471414505258157766088240969008773070150079860146422396174181585 2831644745768637844961796626386559882737050103680536383940994073962961865530975 -1092714782407656923791486012276870222649376846821677467324294911218374899113 40472312559310980468519819110176834931163342332823134214104610785477129 -7468616130427185727582818669174231698069821329256888244603126347 1141958830339886744143221176201183125165382053300520213 0 0 0 0 
15261612744159749293585224247801947513552952867614052250091622401582271331762502016 207661902460946487952830286284570731968336403113785442021283022194983786987672476 2723830772902664222555707841925613990385879633400077257176753340590490436938201 -1085383521502755348479316364127044462995910837452964785650887104195117657960 -19944199364157683608866375423369707832899720063287066985978888935678545 -10450758365155231980369233719449186070468488413746778783778004998 332490000861774950961030668400564080400558786147364308 0 0 0 0 
15202850567958044449425498597357958146188690557673460650100528148510408987839000000 -109120555549261184103762005733516443294442700826432161892275365986365999511254691 2399128272647877688406158173113106021476422270440086819826492196620210401033040 -916462018121039704822964099885071692162172504614475812242298148396245374555 -56667142577992560508806466594871486984827996321984991223268876732177335 -9623539286539049717658755131382964844839774682794711667467084776 90203844425585067458231063278587465833152757487028145 0 0 0 0 
13662657054814458735927128141846207747308404813157277391483395438297066359610833824 -283188507693068720398897024730450633705019817437763015202710300171360036054976064 1950490667950180437019392993115681861765900200882574033268491141222014850009528 -687864435368195351313123250826252860646113690887835280245369380012746701678 -70459853554115686104187462133607279156591467592761956391558714846500072 -7258511638842484141163198373364198382925283355206002446529310217 22780901166441010873608611309083578834903023870668954 0 0 0 0 
11074623811608041120176346476552290993245270693148736146023698962057637122232100816 -340677770588003007515336688777424124941989878562223457164695299152142900954836794 1472032376460118143642601479357531740349985551757291170638020349589884039302257 -468192964255609043350099944337256943362498304483443159416604485158829382349 -66833575394219294468718716711645759506508843637020998856592137134472737 -4767735430600070102963515678115568187704732846419973710164239062 5348690617181734783190051984101478420045820843898279 0 0 0 0 
8215831275033944184171738326004834083164380276207955943109581842855699894419739632 -320611851022575516580470966212508435212204950344964141359646938438666622128863666 1035228399224788186431971206885226176570153887098813808336814725972780069584243 -292418811669912144847847014061429497806103986281474269591029112921767632388 -53021474109358395209827895773973937475503730656714529314469599076847192 -2793116819482355430460855626261520254080229382881195856330688306 1165571926020414235388771341255381489415443588522940 0 0 0 0 
5745258425333730819601084355035394342782453137473308811597092906771263747760539522 -261056862565773862006768735628389764746064978699143010326721147799537437791871483 680143960111223571663761479607181348566853028881637181242682249034140713463179 -169652468940886513665300699624897844399126835937009050526568621668407707756 -35642781696782504007429851634425022850552759894835943412784019552492587 -1472025025868493402560682664188747610803479571040310729916786546 235277646049149002716283310281056042705764760463514 0 0 0 0 
3975104586297738780195910587780570577502998133408355548634066464415588154862219864 -190984656871080715961688891447787880481611167817687441774201489907341543913384080 418235165294394620288528894795722401884259082598471676064284199688725634765070 -93525488502590811791624747694975305878517470766993150584949479882683930959 -19422830831090320813593179859895244274046999571370445937565980328156086 -697119799715900330087671702761831311589180424573779519795545138 43888538795233328780425522313600225125695526295885 0 0 0 0 
2883192196608722028834625348471053672507245183044709637406867199415047206818073260 -127852196199863683993295568694817389173310758091546158541023718941081480644971315 241211462801566738958073406363494628569398443761740298217525615795960060698272 -51360212801712344245039156549393709484920691299956531441458821410638188775 -6892842917959315388402830271899225589941648287477071621710141715492409 -293249806970892397000657401081320773782483200057267004187731791 7545051476850421894547392396347215978906823374660 0 0 0 0 
2260485106886650156534335754040519273846282360882728007881764419107391502068857680 -79130657909151833515584184265742906610601028886893983124585514370749015780238624 130978174215787956082236574777688710660811570748807502813577627415723489082928 -30346704116555632163405176941045982081572824661380114416731048339508393697 1251648174628345030126878513483481566442871283008398684734231475060603 -106298462634191609636245173728918319664350861839691007821882728 1191634621202411269353170870983378268637316531835 0 0 0 0 
1871362075855985108013463735153640853741861176336729932842964090625065685678855066 -45581907670953019914810323279514366138667363619593521503349258862383586187236384 67528071641429229888639344612483690629786792090522032770237569376027581325981 -20589626353978416607112942288923295852763683554615921565737183072249241646 5504736542295715287016238675908457423338954284419059102169934309128832 -30557492802672297600970767084233890454443112431935442657856530 172274169446080691789271255982545716161153551658 0 0 0 0 
1552079756445538284374559904539532596951460049350082182074778212049217093278568640 -24560869724871534357962217872231914443392410581332631627771998164776349049354364 33647747911818531973782916598566565962472032228416680859435169449511832479110 -15810682697139948547755962542961569427166346972985103238447595787083727743 6907506197984458400156415858581847638887692560071477408734185181847629 -4802619637354389924663540095088129282930499352997374173914132 22703405048894129179664955919530883329803116163 0 0 0 0 
1233928090735308621821617143073971833811081675597879807336081556199809749013461660 -12438918149156604445318777176566111529898655989237958046469408915657581223741207 16734842614358435834206093812407060575678338965121423671939676351937898074233 -12746245866131822199094698793860435160987279209355354947925535630363820585 6570240213691966317749748689328936906039829943289444822988704971831284 1640665853431325297135635718987947525159594184012008724289758 2714514502007791813910578230662118096409800535 0 0 0 0 
916975886908390461790096035412973858677590118729540573111943148689268290556681272 -5955177160407435521768487253617765127861922005533303750961180661977021180822474 8687388260329996785186144088427218807674884174409869744135960572058249324143 -10106407106622478351440663643029888614181419152982364025455303696790810983 5403014921363160593790780287734083409845313798946417893280745276022814 2050615157074591375987815617528980177171040961220604566902531 292859164337539960583965289345855946026158176 0 0 0 0 
629489961276300760601034854347751193328594656398749702656808148846889602953006716 -2716633732906693534901032678646728235809788210422215624351298199170581750434117 4879039106376187763455403102129879652534301963382517757737661815054015542503 -7623888271473137472783822701928277190781976720518781629368770386711618298 4022332715639539687359370261209225204138571453723157097658150145596844 1254917789246177879152648457253775631584229889559024720444373 28331825850889729239342400154475322242667280 0 0 0 0 
397113882679994005450260203633334403830043321408033922011319898546925845495299448 -1194861330203711169312903746631466269249703821427055456059584748252814606096442 2958911909089952129957517789553078739224308601999617436153651382498988183132 -5405785223517040018066909653938113912917374768283327836343597567683093024 2770644282910942976758058800512899308626339725280312661886950936288854 594113497712580405573103643517113570727687917861970279769282 2440108322961596051067595688304587485534630 0 0 0 0 
229603127105576696280857484065136133991845004738343458843105233553984752141147332 -515788378991402442012224610230386073744021711720287336130218582970020777563734 1865598103236362833758686504736664013672368395561924822752513445893183968155 -3593290597795778701006410156676373148848000365456662423342879982946858251 1787393038467093042748516875546215517279828231233738668167382409396528 237474622121742115277913262966790103824528344845763683598471 185541262965255592208573782226520234196346 0 0 0 0 
121429318990276432138341358690428889702810460245792029177539877124457119406168880 -224292496787907808391108093596584363107499286326852129058989881953056674076828 1170151257465045782692002446400504889507725300637136960494943869385010343395 -2240892191817634476774570640960698900509403401837035556582380728725872000 1088027214473491918147070244395680870316557972812142130551813186571533 82184014326849758949238864498488358776249521863536922249545 12335537059648085749470837686216117620625 0 0 0 0 
58645979218665188908039068645799996699100992855676314793914803086842829648231814 -101734936107987932911007551512816493419415959424743847794879907915524796603451 708083277357017160303347332317789608462971598186151307394849737618078342546 -1313327249272314456273707816914824109001580125215417996330208947666082819 628010897381136086489238925584221425063874101344180128719085175397840 24617420244454838866620731507175376318481426497919679331635 708991118478698624689423496923001745906 0 0 0 0 
25861104598113966965384107298194676442561423051551436788928276532490971367785440 -49916314749439680198192476842337363530199148698899372556288543833251369026003 406750593481662348479984581177835289176234972012238527420036789348798326878 -724482128033136356324496415065134215370124741071690006258479463108710516 344871009203629768817011788815147440351729782935837272279156109445466 6232515058465754660388233945290570946574567436183437836261 34762070361158588035664887683508258487 0 0 0 0 
10467512489301698461709047594419570577338450118058924395964812842298565845479036 -27008345437853302797868696744974886738998655073087890722389015470177785371688 220296012890393425962238763119890337659353579147106363775298069894062793462 -376578718656535169763218300435370735622476548269390360116772853920084574 180603890933636557160053941403151202646339358477157554830205753991403 1239720507958323642816160849814093881404001495988849800860 1431260043647821063763908231457390189 0 0 0 0 
3969492580836877731290088683648380368877717527547464809366487627487785595646976 -15889036488703543318952475885613028274264917902666628735439615538807669068657 112285908360764493719277196800707049272046759624403022506288278395155119228 -184527999273816450075770651123954911484739927732450621625728098087264277 90343844818058985399568904844955320046602500403827641073427387210674 143230169146345338559136225257026346361039636839947435062 48569312457899428618410812223343787 0 0 0 0 
1486477773839823046977880738145856997558412121535162796127025071609371465347959 -9764359279254658613371320014479457219205510640862229301999281216664306195911 53905463952996475764698214389509028555586998819644515073525799925677142661 -85224037458220917833012912771586809274147507517777302882621612955850697 43219140385181413529592052388300010184391381634856861812368632639554 -19943974610915032938996124422454328946245640325931115435 1328473930492990726068864587973406 0 0 0 0 
600117634373838725759099411473786526399246055633989314929432746718594849021516 -6001375761311570386965245273697883198941534820969129392061739145784698835216 24433248486289492812502118061045980113555913946718069686307942441232841995 -37064485496453945698205594310349802986230414709451578869801665528826170 19788052628760726463781920606396902184983789620989716147068747259504 -18667134776997165052044352911460501919123643105875646602 28517395892004995278160088414422 0 0 0 0 
277470259947779394420971799219173901653893820123860608366357278788427728018134 -3569304860801890368561099503146803058271587554484179990082904454222536877010 10495729651992940472958252594091898249507730476364668048017742265239871616 -15153255659347520158794961326455282057361670170421902316626875637974712 8675533229412179489059466647124587826050311785262802021079018019016 -6940770258813183041753322718415507832932808523349574972 465330921389613848805079647437 0 0 0 0 
140738847818436354895209426828906127725224788260859865342913240769035399731512 -2010912496516819315559354515435251858243683783385180105031875498736111241534 4295311759504558655374866186892192765624142931843199362211858293232466284 -5808437743095580862885065743152802007996553047395869787975381124439368 3643088725902407414437304297838463292232458319046104048375221949514 -1831327440731738640520438115983762408268327733319322018 5555003053974215548351432436 0 0 0 0 
71056112561194656224430219561676731059731844651148389229636331578545846778417 -1058883333828163278004445683764514008903700660612121204656125290652965820126 1685989394005156213281749415617666404838108525847907421873039177024682565 -2079616596333723469068727912203792010324888155848882715197875759684556 1465385815419658192602773746764662359954183450289414400424911005530 -362356219018374569256917837157880769824209265030821153 46330921034778219656763316 0 0 0 0 
33240319542983459386376068554058573537089816705633720612986867046164696418000 -516147866680310626981679577959620360997243308371159166313650755570512366481 639797460399376249466561179373346082594509289695491086325974687467102454 -691889221262022608735654052680833195993574327822518958480043182451249 564542332563430593676712260635998262017226311491623127671078971273 -48397735290433506260790369037134740696960515069561198 255215475305162480876141 0 0 0 0 
13898036192385873756478805623059344326637550692382238875254401926586871628510 -230786385963258745448196570861912864898655744706786644040587521042554671652 236616785692099047794828647267292932147471626750686212033350326208144139 -212441149854914826326493236462365859838588283736279092877543632406622 208252537755108507665844304131137162620886154259116285243322665071 -1423835784067356270804951664035989314844336753614433 864977046607867959631 0 0 0 0 
5112697650469393547720288154320652750111025565591121969293867996451792621228 -93528718940377134868187672619050380986169111633743227565426695344794934121 85806938484773890889761923926191634104161562666409116431286251377387757 -59680311697846850085174148204331536082993800465274284269548216615407 73529053187330101009972075325958154535113057885261323943505202807 1398960322807531122091800467520757157063445680606252 1640495247214193133 0 0 0 0 
1655548045431515065349641279427438007176666200533255499036068608389270034292 -33661787151440026341126343390594162218626221865805848033302822199381141569 30572548374275063818510716547499702744054916364834678881409102451555766 -15198978969447110474223124960237412560283770769033330277287196071697 24835343496963820165219609601085444547325264238605056704836987038 472476751245994959313146885582983172934293973128289 1515221570440333 0 0 0 0 
490224722395513437011312182581813545628972523384035407036772035379257754404 -10308684736836903678761927205020547822455208493472064075767666335994570232 10666260951128341594591908344022333263280493300048055593490849578545909 -3499514622611639271039349984196172043224836760365544110348023325444 8019279822027423453022232930444135108218147143540444551685548158 88281595153903518777455163830437989894354688990443 540184967227 0 0 0 0 
151499512929449814709142840771568628684212455620302957629170419808324633110 -2378301348099144978179877339000820286037278152423552433422170961869313837 3614989971022917769799975986387659294792282867206721492523461574132421 -752604571648477202100331384033157840786918660271299413716974131678 2473491326117113392226323619713737688728177273108757573434523513 9278011535334436386744669206690887484981731985001 45896495 0 0 0 0 
59398911366238918083857122643648563840377819086298586795035145133452678200 -181764020622456425722224636354912380282671436146392879337566033932841864 1178125410078589952200699297054226352604303755925000111072383482342538 -174683336767837676515327969100417262313685908384706793959965172212 728106375942262133412135050110640831144109322332431386367358636 -120326471533735119944260916755074100997698499080 179 0 0 0 0 
29033804401789970231306323177656978821087961062580607626938346547390301441 208810796468033747249909917274868593896341966792875384305941079216701548 365727595736172611564472744964383999331260800774666827190978472793721 -55830857555260227755347490085248594119734619060039804638922498117 204329202409326643745396873389349079770381035095290982467848894 -257266392577887606294906023967187936869149597539 0 0 0 0 0 
14420772773277707170586046186362595787280197633810431696848538864866541984 167416836662789482664686909780779158626508304326227686976523791064853900 107533109193905252656591976197227742570984506019218791758662264958310 -24055299231402115302435565068259402606776010212489392302221785408 54600738312469817188625102901842535482359682003235488725966205 -50896069914160152278124673242555921795510107978 0 0 0 0 0 
6408723656557664693061059625077811624078299990007927629607371094397490070 85139288942658003024245096548144400745032566175025548875679678748833616 30001881316899539535100287538441329737653654965119375070169257064635 -10896801915746589546524115668209387339711790074898906872986156453 13874468271033539417028397939799367077890231500890152414045985 -4356933815877118876531670099498487438354630753 0 0 0 0 0 
2445459889527188930831553424970146866079334127405618139280251107400990876 35199650615070800254176033294891345404394436051235438362304447152962076 8060273231669411517819229570946670542651916054952647722902155435251 -4549397551023590922802457525731791202538120374109620240754283084 3347592474207383536691872149521408653664419937722957257349941 218880960273069027113040713922780924552418836 0 0 0 0 0 
792885835047421205401093574836759713829906620350201863223641796542536423 12617171024601429225622606892404899416220490065519832062785077128130784 2154085949467739287667446488481913042565979484291736292654278247902 -1700507771120945438977086777589940421236104109580504179838384990 765634439928901591380007082580248907233289125503255591982106 112213385335890089650350182399270888912239185 0 0 0 0 0 
219291286888892610872422371889483341963247111075893715499971697789760552 4012740413610686914984111279255728446392774158140641960159704782632750 598937474658353848034127228047069099278918598114571775281683083024 -569880256159708049296004159877445311812245536533233688299594319 165682172336449851873800940477546326055118634567216897636828 12518973096007279596298366942829950739969447 0 0 0 0 0 
54052545774537444857104558364319469212093043284027133197176354300525908 1139238226327340702347306721573675525327533478109207371813395171901069 178442568421799990647023824960642667393994040969148702489466681326 -172346222859576705567326166274069146717222138726880627426596652 33853095407513854451479681701055726136750460886921788233179 -88189460440155772417986444155045947959074 0 0 0 0 0 
14010213747367549821989591789352855282578628657313354888346527841709264 286945855832474186004090131693454765017204107145617944633887242723944 56133888420025267047799958138954737440209159630718204714789380659 -47300746216406422694361500617911913713240445002859610171143385 6516162793106406154152811253281565838891886871932835343773 -184749154573258242704038623909545605946062 0 0 0 0 0 
4909651962169435779927928478181097998408035969597938375209127892231862 62698076647113218189798908111423309769466712991806360869488363542269 17778513818082874746108805998906536803814549933871267109984398533 -11824506891600610636037069235539551367639943355014864797779185 1178546048187090215409334643709788614535360907579793967136 -17253054034737276854880311417854740997838 0 0 0 0 0 
2203830771178197744549394535965783471452917947619787084882136264308160 11200078704324205691639583163600691652611391114148175462236683901220 5408611435227574103185505533696015459450844348984736735359155774 -2697543121011321894828519481575768449574934537690686343007003 199721647276858990412554102190926101349657901835308186943 722574523112542870748290945257487251330 0 0 0 0 0 
982290170734910325263286337527168644062371925579883471571150597892212 1329337171911823376428815753892459593291914288303812152828147691704 1532249964906305586405856651462894249379164936877430135220543150 -561819824452879959740156383240674908622484674542203231928703 31611521747011953177564321872452383473474433186418576957 242110186143322713164623960675422615610 0 0 0 0 0 
385587060500149872791598133494457578664376259449068065225987941161992 -44956256872623807695041260978471069433663599513559349138764694722 397265067717042135490559281705621330975500057817488089524634953 -106735061366881532608413645067425309697151434248913579599963 4656486141535522299707373321402472143455260786573320208 6952045686434141173755311052985448407 0 0 0 0 0 
130161933481670777023601982790945536554797779535716839965755148343028 -87395507534419539554312888711201734689392282862433293706010478911 93319996052334746521232809368885426154220059584381011678934289 -18462179402734851403740233623652456791457639646490279306158 635801786251458181681363581215577000103080319812721245 -1953404644894465124656783473104864805 0 0 0 0 0 
37854126452882722843964051447262569260680641980224309759524093674728 -32740637090815505644074814215972349100631234080059287962212561468 19716149381535031898068571731032644052462561635038694134315424 -2899374259708410223841631985459698080732522836633428480892 80106573569674864919957100992480700276731286177966830 -126526992111700730006012449852451032 0 0 0 0 0 
9529623551028922607406648476886430363461796030284052280413938802812 -8664784457141473970193027307831226291495359220514990316405580621 3718797297889065257004801498874277843751496550697200468108853 -411867513509308418289256283097397335490791720872686836428 9265411439413635347549765909266492033107512337895093 12873661059657208124151593843593269 0 0 0 0 0 
2081836649056203308721039229975175800988554182387845151000621735632 -1849786041872778266910980231019622398108020415892428751684475192 620435771265625280971557057939504503668643512691328448499664 -52673145085161136530224718580782088894611008265004577139 978055620438081950724938778077754889561127402517447 1063211879336961350617181251364512 0 0 0 0 0 
394373652092294613911353559427561889095417418877680729968999082626 -330524966790232581296688787532524194454073025583749705687825662 90414740211252950971467404262465307530688223769242134629288 -6027592249472678795825852641157558578374394996444891660 93592141247477537715397595680168999521851501232820 -88679241202749677025742152184569 0 0 0 0 0 
64520772728108317336692996519083643220762319929021332641039796288 -49963270577248070375578192594571858158330185436496338332414217 11307113267963670325583362074506789691813683710456806134144 -612006819341035060593343834435233634392443435280388527 8055829475315373162652099984457169127020055302774 -5538974335019930039414384476998 0 0 0 0 0 
9047957953562239840651889478180252249892437698187848827777081220 -6396639777499815780427148915477679198509458171395152872407428 1183094144665571717057638512428127361401790175522219734048 -54425776665195834811586366573440738601202250341563405 618068032171791522512869342539634095652135964311 632877923393048885071252017973 0 0 0 0 0 
1075208297411290770379735284606574633240885236844594716395405232 -692041175555608552827577210539301464583297599589877156898917 99820341934650574345079553222114888906425668691645783621 -4144662227529316668198725379883077644033156481349592 41820442264924641956539246158417542652185402161 7978447173745897597466168261 0 0 0 0 0 
106547758913928810037612508695153682027027112089697625360464063 -62959671529504422110795300825599553736926777850100402901084 6455387160262880424753714858459161960938420932017361999 -258203701977076855122379103141880770485860435884718 2464217633186763874769151095797910332143875348 -3350953692108342582707030682 0 0 0 0 0 
8617211439916877616156109700886485363860421649211927751360476 -4728518373917898684302696742559706812202542337596595075276 311085796639388968392105290566090715117040493349810887 -11693721011942569217962596673675860285997433175184 124547939257218870007503203903201659339839097 140552238029378086037894361 0 0 0 0 0 
553907823852059899074298537537611608626573045604421096356670 -271848666572899418908736289416771373872757804346424306759 15330589781949254701676435436970469814672504899623087 -207777217262202968395794675755607020303708939162 5301685415981520746448090457462813074548215 4489606061670058509442959 0 0 0 0 0 
27607715742242242655190410094239283777644415701444910190008 -8539462697619183515091170626803707803590477628505226994 1582900197330982520615434860666809146444398730965006 22642548262515677845012240949422842662373451714 185868449114544481630064107359981668958279 -806611405506183802838786 0 0 0 0 0 
1074351953699527934676416264392008951749321302132913395733 305647389200186645807957796413326878055592943763028164 177416715812393836437910661377623315973587276501062 2722104708759327321558714091704858055924358160 5221066268380918077768004389690215598218 48477732791306646584577 0 0 0 0 0 
35877954464465355707711437477736432955377916038722008048 56705629348076980037703274398188259822029891494739549 11997991323528243764830669029737132996896864918634 158193994164332322552634226620328792412596900 113574181769269888982429655490790906561 -1868281785694556606524 0 0 0 0 0 
1081488287813402727419182582841826672379458767349999846 3263777712112039767298136734264785644670159959262185 393070491129287722833370117518839821745603207067 5329933600619041569574661290263766798778401 1834271356680158386074454080743146829 52268039774968922089 0 0 0 0 0 
19686705712835651538175268824059778997911176403483868 85116811514351592519111976818498923886870385293363 5457308911739098910580114864432210178414170502 76822491770715755899678960669638230609138 20885257820935824601106808138203964 -1111703748364609604 0 0 0 0 0 
575644766093536558070020472916307378825542654797208 -274736190678099108646149751583953171452063550790 296191989065119047340566182339951691778025062 -979494786018734071535908949779439946862 157435092490720480007379712341214 18319762933639253 0 0 0 0 0 
3844290990808898419186660900084704169751970870276 -19631542303828065508994762355841181946352095714 3441256549766921017583731104267030666908659 -36743603150841979772952555453820244534 727720863714852605296196907724 -234942838843260 0 0 0 0 0 
124615561346328227522365458139973299724559572054 -69575543876633378864291383513429658772453673 25399155158045429490959769470181989980983 197688701690329761035522608512830731 1871841363862015842888521484 2329962095759 0 0 0 0 0 
48577265623703694773685158387594015036991192 -172412725511056500664914359720308932050568 39272058154035044043833223295258179191 -186784960532884243513558225792476 2343059114096180005061457 -17558359347 0 0 0 0 0 
6345387376980742208423592743686537231137 33118917921365050194450911554078547185 5105841986500322092814399453898559 30040300334985492377408220690 1155047066497990523933 97335546 0 0 0 0 0 
276648388561690131508978291804347104 -191488341457906098361247925014790 27287024106627151842325289936 -472653907045258108042031 149706194112427666 -374647 0 0 0 0 0 
1273718145937687120284822 127850506645233555936377 383287444289169832416 109255439180165184 1752308849427 895 0 0 0 0 0 
1954777325676 -246124101794 2026021981 -4547966 3719 -1 0 0 0 0 0 
1 0 0 0 0 0 0 0 0 0 0 
6026153653900166954385547109857348279367368001641288802033304596965676996296439241631672184893931465605121 37224449