61 0 0 0 0 0 
1980189157558 -247805227235 2033616326 -4556891 3722 -1 
21427044621126067566115 2130062497321620245500 6272912470369489815 1723619332803320 24615403688 0 
77285255019503278555568769210700 -52237052988621229694740787168 7015937919557828664797308 -102411301526514766476 16139709382188 0 
42200067298994069700043676042059261 189238782319832416204381769281164 23091929430123286610475957961 82033599692448393944224 554329442172121 0 
7606019272376588075110091450437049242 -24005360808219785878700189082670691 3780288334588500290294568905816 -7131138256237354506495342 3234991115349884 0 
438873643016497126785486699512352203619 -113172753149557240828655277304785740 66990751129066290129556799103459 143935038532465417242648104 5022862511726499 0 
-2413698384395998683601921171161408331176 -1181813995763138374874102907686875388 164811741736656166605599062878112 -1022097603641120304934123702 2551852843952428 0 
8009209429634382872369848769689720487655 3505803949858217952355648777470724356 33599348310757352744545091649343 3287200426241030607166239352 463315041502359 0 
-16754599224542454827411805889977421257302 7132535397143446887366567284950764375 -218031099514021529248368707475866 -5627513595696627071322663081 30255148647644 0 
25114286265294333549858931727904782064745 -22205107799082533965283440613035267888 706046031019038886619593133950686 5703911735036597100352348544 658491945181 0 
-25786121881540193813275044564438863503268 21091643200682428787503832093909608052 -1556728271738898845072162355059548 -3676208393848870464003719406 3906675948 0 
17455582501171202214856544777336751581211 -10760973955628469626809676140631354560 2398749329797345150965591488568490 1580825680615732019602330696 3894728 0 
-5402232973003757829580359684185710270674 4267402773885339734892948747556774876 -2698586970497394264097631246786382 -468150362528291656057818108 122 0 
-1843401885770526367949202934396473738051 -2545855204150588917492257336843269272 2296041692298559667272641256192125 97338779221896285590223016 0 0 
2429133725176041418707698848574761382240 2012323496031925167197384734841748492 -1517556366859491028087568404074608 -14339457693837533175487326 0 0 
-749815397423465642480111092360005463996 -1253961474105485985959053411225877368 795409176282085298991422669981073 1496252346062230241283584 0 0 
-129756863975827573939137079382172365416 522896505136222183520774878460856133 -335946431919451352823930641297702 -109488505960116696826041 0 0 
170615570098374578121878104894823567268 -111740328834447604368381413630226596 115759587685057726626441224889036 5499835586644704268312 0 0 
-46163662936906123078094165408917133088 -21088339136826547936389844927629892 -32849613275670334338468238044064 -182877151401454999942 0 0 
-4037216509061726199899123374848083532 29627498352255399516038552289464140 7729765021575090431915705549916 3797070149277984584 0 0 
6332871172734089601101375914379755736 -13449016714771962057666369390319049 -1515187681193929349064255165782 -44807628580176942 0 0 
-1711154759148794156844641954038903708 3510733214785701300129325965445676 248046929457063950067405213813 256507091015584 0 0 
-12085827410469631309564171918213696 -390077018570834665890070250708832 -33931815139439518527062832368 -534260340396 0 0 
147686792691979765310252468231798954 -98334047920004315406901267739988 3873043612904106997365115545 224545880 0 0 
-46668630498316156788022589573517652 59912045591905032961998328245422 -367546331102525655977830302 -4331 0 0 
4189849913601362657269333693459334 -14952697314272922461516323289988 28827047913573221443697650 0 0 0 
1812149192922615365742262304393208 1952646343826226468058394972448 -1852364420165609339981788 0 0 0 
-815675450377738960632199877664618 6497948505612780292870811996 96341448917365152002406 0 0 0 
139044193388885282093113405145244 -62370072776160151208241240089 -3988668373176209237546 0 0 0 
4039342409459514115195562025954 14204489084013167315997358300 128455052421112099963 0 0 0 
-8605985010061512483263820315888 -1564624603646053795677174052 -3112261703366694368 0 0 0 
2376620390769906282484737282714 18073667962189789557910924 53775718240778919 0 0 0 
-309739568365731607886438594436 24970869419697544117154533 -597231331781224 0 0 0 
-8669008682534371812881782098 -4650915035544006860535448 3238384806781 0 0 0 
13624528826992690891571922168 418477595011325666968812 -6641302532 0 0 0 
-3208787866376478834424254706 -8731749805400511484152 387719355 0 0 0 
370433790670952365347943628 -3085640620396649801444 41846 0 0 0 
4060246779129989233065074 501909985082746890560 0 0 0 0 
-10820214599605646021039296 -41524541522797209388 0 0 0 0 
2293322081980984988438612 1873895686742699792 0 0 0 0 
-239445992831870250586984 -1150309728069225 0 0 0 0 
-59735000155441898172 -6903248420468364 0 0 0 0 
4819617557192160003552 584759814560932 0 0 0 0 
-925139156720143283052 -28056092231420 0 0 0 0 
87731184680965096664 851692719469 0 0 0 0 
-720691837468711276 -14756521956 0 0 0 0 
-1198895908928192800 61685152 0 0 0 0 
210633142646549769 2531500 0 0 0 0 
-18458254867294434 -35075 0 0 0 0 
354341755857831 0 0 0 0 0 
149368362695452 0 0 0 0 0 
-25044504262955 0 0 0 0 0 
2106591320218 0 0 0 0 0 
-75282568365 0 0 0 0 0 
-5665005096 0 0 0 0 0 
1162158519 0 0 0 0 0 
-103558358 0 0 0 0 0 
6086641 0 0 0 0 0 
-250100 0 0 0 0 0 
7015 0 0 0 0 0 
-122 0 0 0 0 0 
1 0 0 0 0 0 
0 0