509
X^0:  510 
X^1:  
X^2:  508 
X^3:  
X^4:  506 
X^5:  509 
X^6:  504 
X^7:  
X^8:  502 
X^9:  
X^10:  500 
X^11:  
X^12:  498 
X^13:  501 509 
X^14:  496 
X^15:  
X^16:  494 
X^17:  
X^18:  492 
X^19:  
X^20:  490 
X^21:  493 509 
X^22:  488 
X^23:  
X^24:  486 
X^25:  
X^26:  484 
X^27:  
X^28:  482 
X^29:  485 493 501 
X^30:  480 
X^31:  507 
X^32:  478 
X^33:  
X^34:  476 
X^35:  503 
X^36:  474 506 
X^37:  477 509 
X^38:  472 504 
X^39:  499 507 
X^40:  470 502 
X^41:  
X^42:  468 500 508 
X^43:  495 503 
X^44:  466 506 
X^45:  469 477 501 509 
X^46:  464 
X^47:  491 
X^48:  462 
X^49:  505 
X^50:  460 
X^51:  487 503 
X^52:  458 490 506 
X^53:  461 477 493 
X^54:  456 488 504 
X^55:  483 491 499 
X^56:  454 486 
X^57:  497 
X^58:  452 484 492 
X^59:  479 487 503 
X^60:  450 490 498 506 
X^61:  453 461 469 485 493 
X^62:  448 496 
X^63:  499 
X^64:  446 494 
X^65:  505 
X^66:  444 492 500 
X^67:  495 
X^68:  442 490 498 
X^69:  445 501 
X^70:  440 488 
X^71:  491 499 
X^72:  438 486 502 
X^73:  497 505 
X^74:  436 484 492 500 
X^75:  487 495 
X^76:  434 482 490 
X^77:  437 445 509 
X^78:  432 480 
X^79:  483 491 499 
X^80:  430 478 
X^81:  489 
X^82:  428 476 484 500 508 
X^83:  479 487 495 503 
X^84:  426 474 482 490 498 506 
X^85:  429 445 485 509 
X^86:  424 472 488 
X^87:  475 499 507 
X^88:  422 470 502 
X^89:  481 489 497 505 
X^90:  420 468 476 508 
X^91:  471 495 
X^92:  418 466 474 498 
X^93:  421 429 437 493 509 
X^94:  416 464 
X^95:  443 467 491 499 
X^96:  414 462 494 
X^97:  473 489 
X^98:  412 460 468 492 500 508 
X^99:  439 463 
X^100:  410 442 458 466 506 
X^101:  413 445 469 493 501 509 
X^102:  408 440 456 504 
X^103:  435 443 459 467 507 
X^104:  406 438 454 470 
X^105:  465 473 481 497 505 
X^106:  404 436 444 452 460 468 
X^107:  431 439 455 463 479 
X^108:  402 442 450 458 482 506 
X^109:  405 413 437 445 477 485 493 
X^110:  400 448 480 496 
X^111:  427 451 459 467 475 491 499 
X^112:  398 446 
X^113:  441 457 473 489 497 
X^114:  396 444 452 468 476 492 500 508 
X^115:  423 439 447 455 463 471 479 487 495 
X^116:  394 426 450 458 466 482 498 506 
X^117:  397 413 429 453 485 
X^118:  392 424 456 472 
X^119:  419 427 435 443 467 483 491 507 
X^120:  390 422 438 486 
X^121:  433 449 457 473 489 
X^122:  388 420 428 436 444 468 484 500 
X^123:  415 423 471 479 495 503 
X^124:  386 426 466 474 490 498 
X^125:  389 397 405 421 429 461 469 477 485 501 
X^126:  384 480 504 
X^127:  475 491 
X^128:  382 478 494 502 
X^129:  489 497 505 
X^130:  380 476 492 
X^131:  471 487 495 
X^132:  378 498 
X^133:  381 
X^134:  376 496 504 
X^135:  467 475 483 491 499 507 
X^136:  374 486 494 502 
X^137:  481 497 
X^138:  372 476 484 492 508 
X^139:  463 471 479 495 503 
X^140:  370 466 474 498 
X^141:  373 381 493 501 
X^142:  368 464 488 496 
X^143:  459 475 491 499 507 
X^144:  366 462 478 486 
X^145:  481 
X^146:  364 460 476 
X^147:  455 479 487 495 503 
X^148:  362 474 482 490 506 
X^149:  365 381 477 485 
X^150:  360 472 480 504 
X^151:  451 459 475 483 491 499 507 
X^152:  358 470 478 486 502 
X^153:  489 497 505 
X^154:  356 460 468 476 508 
X^155:  447 455 463 471 479 487 
X^156:  354 450 458 466 474 482 490 
X^157:  357 365 373 469 485 501 509 
X^158:  352 448 464 472 480 496 
X^159:  379 443 459 467 475 483 491 507 
X^160:  350 446 470 478 502 
X^161:  457 465 489 505 
X^162:  348 444 468 476 484 500 508 
X^163:  375 439 455 471 479 487 495 
X^164:  346 378 458 482 490 498 506 
X^165:  349 381 469 477 493 509 
X^166:  344 376 456 464 472 488 
X^167:  371 379 435 443 451 467 475 483 491 507 
X^168:  342 374 462 494 
X^169:  449 473 489 497 505 
X^170:  340 372 380 444 468 476 500 508 
X^171:  367 375 431 439 447 455 463 471 495 503 
X^172:  338 378 434 442 450 458 490 498 506 
X^173:  341 349 373 381 461 501 
X^174:  336 432 448 456 488 496 
X^175:  363 427 443 451 459 467 475 491 
X^176:  334 430 454 462 
X^177:  377 449 457 489 
X^178:  332 428 452 460 476 492 508 
X^179:  359 375 423 455 463 471 495 503 
X^180:  330 362 378 482 490 506 
X^181:  333 349 365 445 461 485 493 501 509 
X^182:  328 360 376 448 456 472 480 496 504 
X^183:  355 363 371 419 427 459 467 491 
X^184:  326 358 446 454 470 486 502 
X^185:  369 449 465 473 497 505 
X^186:  324 356 364 428 468 508 
X^187:  351 359 375 415 423 431 455 471 479 503 
X^188:  322 362 370 378 418 426 458 466 474 490 
X^189:  325 333 341 357 365 437 469 509 
X^190:  320 368 416 440 464 496 504 
X^191:  371 411 427 459 475 499 507 
X^192:  318 366 414 430 438 478 486 502 
X^193:  377 425 433 441 457 473 481 489 
X^194:  316 364 372 412 428 484 508 
X^195:  367 407 423 431 463 471 487 495 503 
X^196:  314 362 370 434 458 466 474 482 498 
X^197:  317 373 461 469 477 493 501 509 
X^198:  312 360 432 440 456 472 480 488 504 
X^199:  363 371 403 411 419 427 435 443 459 467 483 491 507 
X^200:  310 358 374 422 430 438 454 486 494 
X^201:  369 377 417 433 449 473 481 
X^202:  308 356 364 372 412 420 428 444 452 460 476 508 
X^203:  359 367 399 407 415 431 439 447 455 463 471 479 487 495 
X^204:  306 354 362 402 410 434 458 466 490 498 
X^205:  309 317 381 429 437 453 493 501 
X^206:  304 352 400 424 432 488 496 
X^207:  355 363 371 395 411 427 435 451 459 467 475 483 491 
X^208:  302 350 398 414 422 446 470 
X^209:  361 417 441 481 497 
X^210:  300 348 356 372 380 396 412 444 452 460 508 
X^211:  351 359 367 375 391 415 423 431 439 455 463 
X^212:  298 346 354 362 370 378 410 418 426 442 474 490 
X^213:  301 317 357 381 413 421 445 453 477 485 501 509 
X^214:  296 344 360 408 416 440 464 480 488 504 
X^215:  347 371 379 387 395 411 419 427 435 443 451 459 491 507 
X^216:  294 342 374 406 414 422 438 454 470 478 494 502 
X^217:  353 361 369 377 425 441 449 457 489 
X^218:  292 340 348 380 396 404 412 444 452 476 484 500 
X^219:  343 367 383 391 399 407 415 423 431 447 463 471 487 495 503 
X^220:  290 338 346 370 386 394 402 410 418 426 434 458 466 482 498 506 
X^221:  293 301 309 365 381 405 421 453 469 477 485 
X^222:  288 336 384 400 408 416 448 464 472 
X^223:  315 339 363 371 379 395 403 411 419 443 459 467 491 507 
X^224:  286 334 366 382 406 414 438 454 462 470 478 
X^225:  345 361 393 401 449 457 465 473 489 505 
X^226:  284 332 340 364 372 404 412 420 436 452 460 468 484 508 
X^227:  311 335 375 391 407 415 423 455 495 
X^228:  282 314 330 338 378 394 418 450 458 466 482 506 
X^229:  285 317 341 365 373 381 405 413 437 485 501 509 
X^230:  280 312 328 376 392 400 408 440 448 472 504 
X^231:  307 315 331 339 371 387 403 411 419 451 467 475 491 499 
X^232:  278 310 326 342 398 422 430 462 470 502 
X^233:  337 345 353 369 377 385 409 417 425 433 449 465 505 
X^234:  276 308 316 324 332 340 380 404 412 420 428 436 444 452 468 
X^235:  303 311 327 335 351 367 375 383 391 399 407 415 423 431 439 471 487 503 
X^236:  274 314 322 330 354 370 386 394 434 450 458 466 482 498 
X^237:  277 285 309 317 349 357 365 397 421 437 453 461 469 493 501 509 
X^238:  272 320 352 384 392 424 448 456 464 472 480 496 
X^239:  299 323 331 339 347 371 379 387 395 403 419 427 435 467 483 491 507 
X^240:  270 318 366 390 398 414 430 438 502 
X^241:  313 329 345 361 369 385 393 409 425 441 457 465 473 497 505 
X^242:  268 316 324 340 348 372 380 388 396 420 428 444 468 492 508 
X^243:  295 311 319 327 335 343 351 367 391 399 407 455 463 471 479 495 
X^244:  266 298 322 330 338 354 370 378 418 426 442 450 466 474 482 490 506 
X^245:  269 285 301 325 357 381 397 413 429 437 469 485 
X^246:  264 296 328 344 384 392 408 416 448 496 
X^247:  291 299 307 315 339 379 395 403 427 435 451 467 475 483 
X^248:  262 294 310 358 382 390 406 446 470 494 
X^249:  305 321 329 345 361 385 409 417 425 441 449 457 473 497 
X^250:  260 292 300 308 316 340 356 364 372 404 420 428 444 452 468 476 500 
X^251:  287 295 343 359 375 391 399 407 415 423 439 447 455 495 
X^252:  258 298 338 346 354 370 394 410 418 426 458 474 482 490 
X^253:  261 269 277 293 301 333 341 349 357 413 421 437 445 493 501 509 
X^254:  256 432 448 480 488 504 
X^255:  435 475 507 
X^256:  254 430 446 502 
X^257:  441 473 481 489 497 505 
X^258:  252 428 436 444 484 500 
X^259:  431 471 487 503 
X^260:  250 426 434 442 474 482 498 
X^261:  253 437 445 461 469 477 485 501 
X^262:  248 424 440 472 488 496 504 
X^263:  427 435 467 475 483 491 499 507 
X^264:  246 422 478 494 
X^265:  433 441 465 481 497 
X^266:  244 420 428 476 484 500 508 
X^267:  423 431 463 471 479 495 
X^268:  242 418 426 434 466 474 482 490 498 506 
X^269:  245 253 437 453 461 477 501 509 
X^270:  240 416 432 464 472 480 496 504 
X^271:  419 427 435 475 483 
X^272:  238 414 430 502 
X^273:  425 457 465 489 497 505 
X^274:  236 412 420 428 436 444 468 500 508 
X^275:  415 423 431 439 503 
X^276:  234 410 418 434 442 466 474 482 490 498 506 
X^277:  237 253 421 429 445 453 493 509 
X^278:  232 408 488 504 
X^279:  411 435 443 475 483 499 507 
X^280:  230 406 422 438 454 462 486 494 502 
X^281:  417 425 433 441 449 481 489 497 
X^282:  228 404 412 420 444 452 468 484 
X^283:  407 431 471 479 487 495 
X^284:  226 402 410 418 434 450 482 490 498 
X^285:  229 237 245 421 453 461 469 477 493 
X^286:  224 400 416 448 456 472 480 504 
X^287:  251 403 427 435 475 483 499 507 
X^288:  222 398 414 430 470 478 486 502 
X^289:  409 425 441 449 465 489 497 
X^290:  220 396 404 412 428 436 444 452 468 476 492 500 
X^291:  247 399 471 479 487 495 
X^292:  218 250 394 402 410 442 450 458 466 474 506 
X^293:  221 253 405 413 445 453 485 493 
X^294:  216 248 392 408 440 464 480 496 
X^295:  243 251 395 403 443 459 467 483 491 
X^296:  214 246 390 438 446 462 494 
X^297:  401 409 417 441 473 497 505 
X^298:  212 244 252 388 396 436 452 468 484 508 
X^299:  239 247 391 399 415 447 455 463 471 479 495 
X^300:  210 250 386 394 402 418 434 442 466 482 
X^301:  213 221 245 253 405 437 461 477 485 509 
X^302:  208 384 400 416 440 464 472 480 504 
X^303:  235 387 395 403 411 435 443 467 475 483 499 
X^304:  206 382 398 446 462 486 494 502 
X^305:  249 393 409 457 465 481 497 505 
X^306:  204 380 388 396 404 412 428 452 460 468 492 500 508 
X^307:  231 247 383 391 399 407 415 431 447 463 503 
X^308:  202 234 250 378 386 402 418 426 442 466 474 482 
X^309:  205 221 237 389 397 429 461 493 
X^310:  200 232 248 376 408 424 440 464 472 488 496 
X^311:  227 235 243 379 403 443 459 475 483 491 499 507 
X^312:  198 230 374 390 422 430 438 462 470 478 486 502 
X^313:  241 385 393 409 417 425 449 457 465 473 481 497 
X^314:  196 228 236 372 380 388 404 420 428 436 444 460 468 476 484 492 
X^315:  223 231 247 375 407 423 431 439 463 471 479 503 
X^316:  194 234 242 250 370 378 386 402 410 418 442 450 506 
X^317:  197 205 213 229 237 389 405 421 453 461 493 501 509 
X^318:  192 240 368 384 424 432 448 464 480 488 504 
X^319:  243 371 427 435 451 467 483 499 507 
X^320:  190 238 366 382 414 462 486 494 502 
X^321:  249 377 409 417 441 497 505 
X^322:  188 236 244 364 372 380 412 420 452 468 484 508 
X^323:  239 367 447 455 463 503 
X^324:  186 234 242 362 370 378 410 418 426 434 442 450 466 474 482 490 506 
X^325:  189 245 373 381 397 405 413 421 461 477 485 493 
X^326:  184 232 360 376 408 440 456 472 504 
X^327:  235 243 363 371 427 451 467 475 483 491 499 507 
X^328:  182 230 246 358 414 438 470 478 502 
X^329:  241 249 369 377 401 433 441 449 457 505 
X^330:  180 228 236 244 356 364 420 436 452 468 484 492 
X^331:  231 239 359 367 423 439 447 455 463 479 495 
X^332:  178 226 234 354 362 370 442 458 466 482 490 498 506 
X^333:  181 189 253 373 389 397 413 429 477 485 
X^334:  176 224 352 368 408 424 440 448 464 472 480 496 504 
X^335:  227 235 243 355 363 371 395 427 435 459 475 491 507 
X^336:  174 222 350 366 398 422 438 470 494 502 
X^337:  233 361 393 401 417 433 473 481 489 505 
X^338:  172 220 228 244 252 348 356 364 372 380 396 404 420 436 444 460 468 484 492 500 508 
X^339:  223 231 239 247 351 359 367 375 391 423 431 447 455 463 471 487 495 503 
X^340:  170 218 226 234 242 250 346 354 370 378 402 410 418 434 442 450 458 466 474 506 
X^341:  173 189 229 253 357 365 381 389 413 429 453 469 501 
X^342:  168 216 232 344 416 424 440 456 472 480 488 496 504 
X^343:  219 243 251 347 371 379 387 395 411 419 427 443 475 483 507 
X^344:  166 214 246 342 358 374 390 398 414 422 430 438 462 486 
X^345:  225 233 241 249 353 361 369 377 385 425 433 441 449 457 473 497 
X^346:  164 212 220 252 340 348 356 380 388 396 404 436 460 468 476 484 492 500 508 
X^347:  215 239 343 367 383 391 399 407 415 439 463 471 487 503 
X^348:  162 210 218 242 338 346 354 370 394 434 442 450 482 490 498 
X^349:  165 173 181 237 253 357 389 397 413 421 445 461 469 477 485 493 501 
X^350:  160 208 336 352 392 432 440 456 480 488 
X^351:  187 211 235 243 339 363 371 379 395 411 419 443 459 507 
X^352:  158 206 238 334 350 366 382 398 422 430 454 470 478 502 
X^353:  217 233 345 361 377 385 393 409 425 433 449 457 465 481 489 497 505 
X^354:  156 204 212 236 244 252 332 340 348 364 372 388 396 404 428 436 500 508 
X^355:  183 207 335 375 391 399 407 415 423 439 447 471 479 487 
X^356:  154 186 202 210 250 330 338 346 378 386 394 434 442 490 506 
X^357:  157 189 213 237 245 253 341 349 381 389 413 421 437 453 477 501 509 
X^358:  152 184 200 248 328 344 376 416 424 432 440 464 
X^359:  179 187 203 211 251 331 339 371 387 411 419 427 443 451 467 483 491 499 507 
X^360:  150 182 198 214 326 374 382 390 422 446 478 
X^361:  209 217 225 241 249 337 345 353 377 385 401 409 441 449 465 489 505 
X^362:  148 180 188 196 204 212 324 332 372 380 396 412 420 428 436 460 476 500 
X^363:  175 183 199 207 223 327 335 351 367 375 391 415 439 447 455 471 479 495 503 
X^364:  146 186 194 202 226 250 322 330 338 354 402 418 426 450 482 490 506 
X^365:  149 157 181 189 221 229 237 341 373 453 461 477 485 493 509 
X^366:  144 192 224 240 320 336 352 368 376 392 400 408 424 432 472 504 
X^367:  171 195 203 211 219 235 243 323 331 339 347 363 371 395 427 435 443 499 507 
X^368:  142 190 318 334 366 390 414 422 446 454 462 470 478 494 
X^369:  185 201 217 233 241 329 345 385 393 401 417 425 433 465 489 497 
X^370:  140 188 196 212 220 236 244 252 316 324 332 340 348 380 388 404 420 428 444 460 492 500 508 
X^371:  167 183 191 199 207 215 223 231 239 319 327 335 343 351 359 367 391 407 415 455 463 471 487 495 
X^372:  138 170 194 202 210 226 242 250 314 322 338 354 362 386 402 418 426 434 442 458 466 482 506 
X^373:  141 157 173 197 229 325 333 365 381 389 421 429 461 469 477 509 
X^374:  136 168 200 216 312 344 360 384 392 400 408 416 424 440 448 456 464 
X^375:  163 171 179 187 211 227 235 251 315 339 355 363 387 403 483 
X^376:  134 166 182 230 310 326 358 366 382 398 406 414 430 446 454 462 470 478 
X^377:  177 193 201 217 233 321 329 345 353 361 385 417 449 465 481 505 
X^378:  132 164 172 180 188 212 228 244 308 316 324 340 356 388 396 404 420 428 436 452 492 
X^379:  159 167 215 223 239 247 311 343 351 383 391 399 407 415 423 431 463 471 479 487 495 503 
X^380:  130 170 210 218 234 242 306 314 322 338 346 362 370 386 394 426 442 458 482 498 
X^381:  133 141 149 165 173 205 213 221 229 245 325 341 357 373 389 405 413 437 469 477 501 509 
X^382:  128 224 248 304 320 352 360 376 384 400 416 432 480 488 496 
X^383:  219 235 307 347 379 395 427 435 443 451 459 483 491 499 507 
X^384:  126 222 238 246 302 318 374 382 422 430 446 470 486 494 
X^385:  233 241 249 313 345 353 361 369 377 393 409 417 425 433 457 465 489 497 
X^386:  124 220 236 300 308 316 356 372 380 412 420 428 452 484 492 508 
X^387:  215 231 239 303 343 359 375 399 423 439 447 471 487 503 
X^388:  122 242 298 306 314 346 354 370 378 394 402 410 418 426 442 450 458 490 
X^389:  125 309 317 333 341 349 357 373 381 397 405 413 445 453 461 477 485 501 
X^390:  120 240 248 296 312 344 360 368 392 408 416 432 440 456 464 480 504 
X^391:  211 219 227 235 243 251 299 307 339 347 355 363 371 379 395 411 419 443 475 483 
X^392:  118 230 238 246 294 350 366 374 390 438 454 486 
X^393:  225 241 305 313 337 353 369 385 409 417 441 473 489 497 
X^394:  116 220 228 236 252 292 300 348 356 380 388 396 420 428 444 452 460 468 476 484 492 500 508 
X^395:  207 215 223 239 247 295 303 335 343 351 367 383 391 431 463 487 
X^396:  114 210 218 242 290 298 306 338 346 354 362 378 394 410 418 434 442 450 458 474 482 490 498 
X^397:  117 125 237 245 309 325 333 349 389 421 429 445 453 469 
X^398:  112 208 232 240 288 304 336 344 352 376 400 416 432 448 464 496 
X^399:  203 219 235 243 251 291 299 307 347 355 379 387 403 427 435 443 459 467 
X^400:  110 206 222 230 286 302 366 374 382 398 406 422 454 462 486 
X^401:  225 297 329 337 361 369 409 433 441 449 465 489 497 
X^402:  108 204 220 284 292 300 308 316 340 364 372 388 420 444 460 476 484 508 
X^403:  199 223 231 239 247 287 295 303 311 375 399 407 431 439 447 463 479 487 503 
X^404:  106 218 226 234 250 282 290 306 314 338 346 354 370 378 426 450 
X^405:  109 125 221 229 293 301 317 325 381 389 413 429 469 485 493 509 
X^406:  104 216 224 248 280 376 400 408 440 448 456 464 472 488 
X^407:  195 203 219 227 235 243 251 283 307 315 347 355 371 379 403 427 435 443 451 459 467 491 
X^408:  102 214 222 230 246 278 294 310 326 334 366 374 390 406 430 438 454 462 470 478 486 494 
X^409:  233 241 249 289 297 305 313 321 353 361 385 393 401 449 
X^410:  100 204 212 220 252 276 284 292 316 324 340 388 396 412 428 452 460 476 492 
X^411:  191 199 207 215 223 231 279 303 343 351 359 391 423 431 455 463 471 479 487 503 
X^412:  98 194 202 210 218 226 234 274 282 290 306 322 362 386 410 434 442 450 466 474 482 490 506 
X^413:  101 109 117 213 229 245 253 293 325 333 341 349 357 381 389 405 421 429 437 461 469 485 493 501 
X^414:  96 192 208 216 224 240 272 288 320 328 344 368 376 416 432 440 456 
X^415:  123 187 203 211 219 227 235 251 275 299 307 347 355 363 371 379 419 435 451 459 467 475 491 
X^416:  94 190 214 222 246 270 286 302 342 358 374 382 390 398 414 430 438 470 478 494 
X^417:  201 209 233 249 281 297 313 321 337 369 377 385 393 433 441 449 465 481 
X^418:  92 188 212 220 228 244 252 268 276 284 300 308 316 324 340 364 372 388 396 436 452 460 500 
X^419:  119 183 199 215 223 231 239 271 343 351 359 391 415 439 463 479 487 495 
X^420:  90 122 202 226 234 242 250 266 274 282 314 322 330 338 362 370 378 386 394 402 426 442 458 482 498 506 
X^421:  93 125 213 221 237 253 277 285 317 325 349 357 373 397 413 429 437 445 477 
X^422:  88 120 200 208 216 232 264 280 312 336 344 352 360 368 384 400 456 480 
X^423:  115 123 179 187 195 211 219 227 235 251 267 275 315 331 339 355 379 387 411 427 459 467 475 507 
X^424:  86 118 206 238 262 310 318 334 342 358 366 374 470 494 
X^425:  193 217 233 241 249 273 281 289 313 345 353 369 385 433 449 457 465 473 489 497 505 
X^426:  84 116 124 188 212 220 244 252 260 268 308 324 364 372 380 388 404 420 428 436 444 452 468 476 484 492 500 
X^427:  111 119 175 183 191 199 207 215 239 247 263 271 287 319 327 335 343 359 367 383 399 407 423 431 447 463 479 495 
X^428:  82 122 178 186 194 202 234 242 250 258 266 274 290 306 314 354 362 370 378 386 394 410 426 434 450 458 490 498 
X^429:  85 93 117 125 205 245 277 309 333 341 373 397 405 413 421 445 469 477 485 501 
X^430:  80 176 192 200 232 240 256 272 288 312 344 352 376 384 408 416 448 464 480 504 
X^431:  107 171 187 195 203 211 219 235 259 267 275 283 307 315 339 379 395 403 411 427 451 459 475 483 491 
X^432:  78 174 198 206 254 270 318 350 358 366 382 390 398 414 438 454 462 494 
X^433:  121 193 201 233 265 281 329 337 345 353 369 385 401 417 425 449 457 465 473 497 505 
X^434:  76 172 196 204 220 236 260 268 276 284 300 324 340 348 356 372 396 412 428 436 444 468 476 484 492 500 508 
X^435:  103 119 167 199 207 215 239 247 255 263 271 279 287 303 319 335 367 383 399 407 415 439 463 471 479 
X^436:  74 106 122 226 234 258 274 290 298 314 330 338 346 354 362 378 418 426 434 458 466 
X^437:  77 93 109 189 205 229 237 245 253 261 269 301 357 381 413 421 461 477 485 501 
X^438:  72 104 120 192 200 216 224 240 280 296 312 328 336 344 392 408 416 432 440 448 456 464 472 480 488 496 
X^439:  99 107 115 163 171 203 211 235 251 275 315 331 347 355 363 387 403 419 435 443 451 459 483 499 
X^440:  70 102 190 198 214 230 262 294 302 310 326 334 342 350 358 374 390 406 414 438 446 454 462 494 502 
X^441:  113 193 209 217 241 249 257 265 281 289 297 321 329 345 361 393 401 417 473 489 505 
X^442:  68 100 108 172 212 244 260 276 292 300 308 316 324 332 340 348 356 372 380 388 396 412 420 452 460 468 508 
X^443:  95 103 119 159 167 175 199 215 223 279 295 303 311 343 351 359 367 383 391 399 407 439 447 455 463 479 503 
X^444:  66 106 114 122 162 170 202 210 218 234 242 250 258 274 282 290 314 338 370 394 402 426 434 450 474 506 
X^445:  69 77 85 101 109 181 213 253 261 277 293 349 389 397 421 429 445 453 469 477 485 493 501 509 
X^446:  64 112 160 184 208 248 256 296 304 360 368 376 384 440 456 464 472 
X^447:  115 155 171 203 219 251 299 307 323 331 339 355 363 387 403 427 443 451 467 475 483 491 499 
X^448:  62 110 158 174 182 222 230 238 246 254 286 318 334 374 398 406 430 438 486 494 502 
X^449:  121 169 177 185 201 217 225 233 249 281 289 313 329 345 353 361 377 401 409 417 425 433 489 505 
X^450:  60 108 116 156 172 228 236 244 284 292 316 324 340 348 364 388 396 404 412 428 444 452 468 476 508 
X^451:  111 151 167 175 207 215 231 247 319 327 359 383 407 415 431 439 447 455 471 487 
X^452:  58 106 114 178 202 210 218 226 234 250 282 290 298 306 322 330 378 386 394 410 418 426 442 450 458 466 490 498 
X^453:  61 117 205 213 221 237 269 277 285 293 317 341 357 365 389 397 445 461 469 477 485 509 
X^454:  56 104 176 184 200 216 224 280 352 368 376 392 400 408 432 440 
X^455:  107 115 147 155 163 171 179 187 203 211 227 243 251 299 323 331 339 363 371 411 443 451 483 499 
X^456:  54 102 118 166 174 182 198 238 286 326 342 350 374 390 406 414 422 438 446 462 502 
X^457:  113 121 161 177 193 217 225 241 249 273 305 313 329 345 353 385 425 433 465 473 497 
X^458:  52 100 108 116 156 164 172 188 196 204 220 228 236 252 292 332 340 372 380 388 396 420 428 436 452 460 508 
X^459:  103 111 143 151 159 175 183 191 199 207 215 223 295 311 335 351 383 399 407 415 423 431 439 479 487 495 
X^460:  50 98 106 146 154 178 202 210 226 306 314 338 346 362 370 394 402 410 418 442 458 474 482 490 
X^461:  53 61 125 173 181 197 237 261 269 285 301 309 317 325 349 365 373 389 413 437 453 461 477 485 501 509 
X^462:  48 96 144 168 176 224 232 280 296 304 312 320 344 368 376 400 408 432 440 456 464 
X^463:  99 107 115 139 155 171 179 195 203 211 219 243 267 299 307 315 323 331 339 347 371 379 395 403 411 419 427 435 443 475 483 499 
X^464:  46 94 142 158 166 190 214 222 238 270 294 302 310 318 334 358 374 390 398 406 430 438 446 462 470 478 
X^465:  105 161 185 225 233 241 265 273 289 305 313 353 361 369 377 385 401 417 425 433 457 465 
X^466:  44 92 100 116 124 140 156 188 196 204 220 228 236 244 268 276 292 300 308 324 332 340 372 412 436 452 468 
X^467:  95 103 111 119 135 159 167 175 183 199 207 223 231 239 247 263 295 303 319 327 359 399 407 415 423 447 487 495 503 
X^468:  42 90 98 106 114 122 154 162 170 186 226 234 242 250 274 282 290 298 306 314 322 330 338 346 394 426 434 442 450 466 482 
X^469:  45 61 101 125 157 165 189 197 221 237 245 261 285 341 349 373 381 397 405 413 429 445 453 469 485 493 501 509 
X^470:  40 88 104 152 160 184 208 216 224 232 248 288 312 328 336 352 368 376 384 408 416 424 464 480 488 
X^471:  91 115 123 131 139 155 163 171 179 187 195 203 219 235 243 259 267 283 291 299 315 339 347 355 363 371 379 387 411 435 451 475 483 507 
X^472:  38 86 118 150 158 166 182 198 222 230 238 262 270 286 302 310 326 334 342 366 406 438 446 478 
X^473:  97 105 113 121 169 185 193 201 225 241 249 257 297 313 337 345 393 425 433 441 457 
X^474:  36 84 92 124 140 148 156 188 196 212 244 252 260 268 276 292 308 324 340 396 412 444 460 476 508 
X^475:  87 111 127 135 143 151 159 167 175 191 207 231 247 255 263 271 279 287 303 311 327 335 343 391 415 423 431 447 463 471 479 495 
X^476:  34 82 90 114 130 138 146 154 162 170 178 202 218 250 266 290 314 346 362 394 402 410 426 434 450 474 498 
X^477:  37 45 53 109 125 149 165 197 213 221 261 269 285 301 325 333 349 357 365 373 381 389 421 429 437 445 453 461 477 485 493 501 509 
X^478:  32 80 128 144 152 160 192 216 224 264 288 312 328 352 360 368 376 408 416 464 472 488 504 
X^479:  59 83 107 115 123 139 147 155 163 187 203 243 267 283 291 299 315 331 355 363 379 403 411 419 427 435 443 459 475 483 499 
X^480:  30 78 110 126 150 158 182 198 214 238 254 270 286 294 302 318 334 342 350 382 390 422 430 438 470 494 502 
X^481:  89 105 137 145 193 201 209 257 265 281 305 313 337 353 377 417 481 
X^482:  28 76 84 108 116 148 156 164 180 196 220 228 236 244 252 260 268 276 284 300 308 324 332 348 364 372 380 396 412 420 460 468 484 
X^483:  55 79 119 135 151 159 167 199 207 239 247 263 271 279 287 295 303 311 319 327 343 359 375 383 391 431 439 447 455 463 471 479 487 
X^484:  26 58 74 82 122 138 162 194 218 226 258 266 282 298 314 322 330 338 346 386 394 402 426 434 482 498 
X^485:  29 61 85 109 117 125 149 157 181 213 221 229 245 261 293 301 325 333 349 365 389 405 413 429 437 445 453 461 469 477 485 493 501 509 
X^486:  24 56 72 120 136 144 152 184 192 200 280 288 304 312 320 344 384 392 400 408 448 488 
X^487:  51 59 75 83 115 131 147 155 163 195 203 219 235 259 283 291 339 347 355 371 379 387 395 403 411 419 451 459 467 483 491 499 
X^488:  22 54 70 86 142 166 174 198 206 214 254 262 278 310 318 342 350 382 406 438 470 478 486 494 
X^489:  81 89 97 113 121 129 153 161 169 177 193 217 225 257 273 281 289 337 353 361 369 385 393 401 425 441 449 489 497 
X^490:  20 52 60 68 76 84 124 148 156 164 172 180 188 204 212 244 252 268 276 284 324 332 348 356 364 388 396 412 428 452 460 492 500 508 
X^491:  47 55 71 79 95 111 119 127 135 143 151 159 167 175 183 199 207 215 223 231 239 263 295 311 327 335 359 383 407 415 431 447 487 495 
X^492:  18 58 66 74 98 114 130 138 178 242 290 306 314 330 338 346 370 378 386 394 410 426 434 490 498 
X^493:  21 29 53 61 93 101 109 141 165 181 197 205 237 253 277 285 293 309 317 325 349 365 405 413 445 469 477 485 493 
X^494:  16 64 96 128 136 168 200 216 248 264 280 296 304 320 336 368 384 408 416 424 432 440 448 480 488 
X^495:  43 67 75 83 91 115 123 131 139 147 163 171 179 195 203 219 227 243 251 267 283 291 299 331 339 363 371 379 419 427 459 467 475 491 507 
X^496:  14 62 110 134 142 158 174 182 190 206 238 246 262 270 294 310 334 342 382 398 438 502 
X^497:  57 73 89 105 113 129 137 153 169 185 209 241 249 257 265 273 281 289 297 305 313 321 345 353 369 385 393 401 425 433 457 489 505 
X^498:  12 60 68 84 92 116 124 132 140 164 172 196 204 220 236 260 268 276 284 332 348 380 396 420 428 452 476 484 492 500 508 
X^499:  39 55 63 71 79 87 95 111 135 143 151 191 231 263 279 287 303 311 319 327 359 367 383 439 447 455 463 479 487 503 
X^500:  10 42 66 74 82 98 114 122 162 170 218 250 258 266 274 290 306 338 346 354 362 370 394 418 426 434 490 498 506 
X^501:  13 29 45 69 101 125 141 157 173 181 197 205 213 229 237 253 261 269 317 341 349 357 381 389 413 429 437 445 461 469 477 485 501 509 
X^502:  8 40 72 88 128 136 152 160 184 192 216 232 240 256 272 280 288 304 312 320 328 336 352 440 448 456 480 496 
X^503:  35 43 51 59 83 123 139 147 171 179 187 195 219 235 259 275 307 315 323 339 347 363 379 387 403 411 443 467 499 507 
X^504:  6 38 54 102 126 134 150 182 190 198 214 230 254 262 270 278 286 302 318 326 334 342 366 390 430 478 
X^505:  49 65 73 89 105 129 153 161 169 185 225 233 241 257 273 297 305 321 329 337 353 361 377 425 433 441 449 497 
X^506:  4 36 44 52 60 84 100 108 116 148 164 172 180 220 228 244 268 276 292 316 324 332 340 356 364 372 412 420 444 500 
X^507:  31 39 87 103 119 135 143 151 159 167 191 199 215 223 239 255 263 279 287 311 319 327 335 343 351 359 367 383 423 471 495 503 
X^508:  2 42 82 90 98 114 138 154 162 170 178 186 194 202 210 226 242 266 274 298 306 322 338 346 354 370 386 394 402 434 442 450 458 474 490 498 
X^509:  5 13 21 37 45 77 85 93 101 157 165 181 189 197 213 229 237 253 269 277 301 317 357 365 373 381 405 445 453 461 469 477 485 501 509 
X^510:  0 
checksum: 2115396