569
X^0:  570 
X^1:  
X^2:  568 
X^3:  
X^4:  
X^5:  
X^6:  
X^7:  
X^8:  562 
X^9:  
X^10:  560 
X^11:  
X^12:  
X^13:  
X^14:  
X^15:  
X^16:  554 
X^17:  569 
X^18:  552 568 
X^19:  
X^20:  
X^21:  
X^22:  
X^23:  
X^24:  546 562 
X^25:  561 569 
X^26:  544 568 
X^27:  567 
X^28:  566 
X^29:  
X^30:  564 
X^31:  563 
X^32:  538 562 
X^33:  
X^34:  536 560 
X^35:  559 
X^36:  558 
X^37:  
X^38:  556 
X^39:  555 
X^40:  530 554 
X^41:  
X^42:  528 552 
X^43:  551 
X^44:  550 
X^45:  
X^46:  548 
X^47:  547 
X^48:  522 546 
X^49:  537 
X^50:  520 536 544 
X^51:  543 
X^52:  542 
X^53:  
X^54:  540 
X^55:  539 
X^56:  514 530 538 
X^57:  529 537 569 
X^58:  512 
X^59:  
X^60:  
X^61:  
X^62:  
X^63:  
X^64:  
X^65:  
X^66:  
X^67:  
X^68:  
X^69:  
X^70:  
X^71:  
X^72:  
X^73:  
X^74:  568 
X^75:  567 
X^76:  566 
X^77:  565 
X^78:  564 
X^79:  563 
X^80:  562 
X^81:  569 
X^82:  560 568 
X^83:  559 567 
X^84:  558 
X^85:  557 
X^86:  556 
X^87:  555 563 
X^88:  554 562 
X^89:  561 
X^90:  
X^91:  
X^92:  
X^93:  565 
X^94:  
X^95:  
X^96:  
X^97:  561 
X^98:  
X^99:  567 
X^100:  
X^101:  557 
X^102:  
X^103:  563 
X^104:  
X^105:  569 
X^106:  536 
X^107:  535 
X^108:  534 566 
X^109:  533 549 565 
X^110:  532 
X^111:  531 563 
X^112:  530 562 
X^113:  537 545 561 
X^114:  528 536 
X^115:  527 535 551 
X^116:  526 558 
X^117:  525 541 565 
X^118:  524 
X^119:  523 531 547 555 
X^120:  522 530 554 562 
X^121:  529 553 561 569 
X^122:  552 568 
X^123:  551 559 
X^124:  550 
X^125:  549 
X^126:  548 564 
X^127:  547 555 563 
X^128:  546 562 
X^129:  553 569 
X^130:  544 552 560 568 
X^131:  543 559 
X^132:  542 558 566 
X^133:  541 
X^134:  540 564 
X^135:  539 
X^136:  538 546 554 
X^137:  545 553 569 
X^138:  504 536 552 
X^139:  503 535 543 
X^140:  502 534 558 
X^141:  501 533 565 
X^142:  500 532 548 556 
X^143:  499 531 539 547 563 
X^144:  498 530 546 
X^145:  505 537 
X^146:  496 504 528 536 544 560 
X^147:  495 503 527 543 567 
X^148:  494 526 542 550 558 
X^149:  493 525 565 
X^150:  492 524 548 556 
X^151:  491 499 523 555 
X^152:  490 498 522 530 538 546 554 562 
X^153:  497 529 545 553 561 569 
X^154:  520 536 568 
X^155:  519 527 567 
X^156:  518 
X^157:  501 517 
X^158:  516 532 564 
X^159:  515 523 531 
X^160:  514 530 
X^161:  497 521 537 
X^162:  512 520 528 536 
X^163:  503 511 527 
X^164:  510 526 534 558 
X^165:  493 509 557 
X^166:  508 532 
X^167:  499 507 555 
X^168:  506 514 522 554 562 
X^169:  505 513 521 537 553 561 569 
X^170:  472 504 520 536 552 560 568 
X^171:  471 503 511 535 551 559 
X^172:  470 526 534 
X^173:  469 485 565 
X^174:  468 500 516 524 532 548 564 
X^175:  467 507 515 555 
X^176:  466 514 530 554 562 
X^177:  473 481 497 505 537 545 553 
X^178:  464 472 496 504 512 536 552 
X^179:  463 471 487 495 511 527 551 559 
X^180:  462 510 518 542 558 566 
X^181:  461 477 493 501 525 533 541 565 
X^182:  460 492 516 556 564 
X^183:  459 467 483 531 539 547 
X^184:  458 466 506 514 538 554 
X^185:  465 489 505 513 521 537 553 569 
X^186:  552 568 
X^187:  551 559 
X^188:  550 558 566 
X^189:  533 549 565 
X^190:  548 556 564 
X^191:  547 555 563 
X^192:  546 554 562 
X^193:  529 545 553 
X^194:  560 
X^195:  535 551 559 567 
X^196:  
X^197:  525 549 557 
X^198:  
X^199:  531 547 
X^200:  546 
X^201:  553 
X^202:  440 536 544 552 568 
X^203:  439 535 559 
X^204:  438 542 
X^205:  437 517 549 
X^206:  436 532 540 548 556 
X^207:  435 555 
X^208:  434 554 
X^209:  441 513 537 545 553 569 
X^210:  432 440 536 552 
X^211:  431 439 519 559 
X^212:  430 526 550 566 
X^213:  429 509 541 557 
X^214:  428 540 548 
X^215:  427 435 515 523 547 555 563 
X^216:  426 434 522 530 562 
X^217:  433 529 537 
X^218:  544 552 568 
X^219:  551 559 567 
X^220:  526 534 566 
X^221:  437 501 533 549 565 
X^222:  524 
X^223:  555 563 
X^224:  522 538 
X^225:  433 497 513 529 553 561 
X^226:  512 520 
X^227:  439 503 511 519 535 559 
X^228:  510 526 534 558 566 
X^229:  429 493 509 517 525 541 557 565 
X^230:  508 532 564 
X^231:  435 499 507 515 539 547 555 563 
X^232:  506 522 530 538 546 554 562 
X^233:  441 513 521 529 545 569 
X^234:  408 512 528 536 544 
X^235:  407 511 527 551 567 
X^236:  406 438 502 510 526 534 558 566 
X^237:  405 421 437 485 501 517 557 
X^238:  404 508 532 548 556 564 
X^239:  403 435 499 507 515 523 547 555 
X^240:  402 434 498 514 530 538 546 
X^241:  409 417 433 481 537 
X^242:  400 408 496 512 528 536 544 552 560 568 
X^243:  399 407 423 487 495 511 527 535 543 551 559 
X^244:  398 430 510 526 558 566 
X^245:  397 413 437 477 493 509 525 557 565 
X^246:  396 492 508 524 532 540 548 
X^247:  395 403 419 427 483 515 523 539 555 
X^248:  394 402 426 434 506 546 562 
X^249:  401 425 433 441 553 
X^250:  424 440 488 504 528 536 544 560 
X^251:  423 431 487 495 527 543 551 567 
X^252:  422 486 494 502 542 566 
X^253:  421 469 485 501 557 
X^254:  420 436 484 492 500 540 
X^255:  419 427 435 483 491 499 523 539 547 563 
X^256:  418 434 482 490 498 522 530 538 
X^257:  425 441 465 481 489 545 553 
X^258:  416 424 432 440 496 520 528 536 544 568 
X^259:  415 431 471 487 495 503 519 535 551 
X^260:  414 430 438 542 566 
X^261:  413 461 485 493 533 541 549 565 
X^262:  412 436 532 540 564 
X^263:  411 467 483 515 531 547 
X^264:  410 418 426 482 514 522 538 546 
X^265:  417 425 441 489 537 561 
X^266:  376 408 424 472 480 488 512 520 536 560 
X^267:  375 407 415 471 495 503 511 527 535 543 551 567 
X^268:  374 406 430 478 502 534 550 
X^269:  373 405 437 453 485 501 533 541 557 
X^270:  372 404 420 428 468 476 484 492 500 532 556 
X^271:  371 403 411 419 435 491 499 507 523 531 539 563 
X^272:  370 402 418 490 498 506 514 530 538 
X^273:  377 409 449 473 481 489 529 537 553 569 
X^274:  368 376 400 408 416 432 472 488 496 512 536 552 560 
X^275:  367 375 399 415 439 455 519 543 567 
X^276:  366 398 414 422 430 462 486 494 502 518 534 566 
X^277:  365 397 437 445 477 517 533 549 
X^278:  364 396 420 428 476 484 492 532 556 
X^279:  363 371 395 427 451 459 483 499 515 
X^280:  362 370 394 402 410 418 426 434 458 466 490 498 506 514 546 
X^281:  369 401 417 425 433 441 465 473 497 521 545 553 561 
X^282:  392 408 440 480 488 496 512 528 536 544 568 
X^283:  391 399 439 487 503 511 519 551 559 
X^284:  390 462 470 502 510 550 558 566 
X^285:  373 389 437 469 485 525 549 
X^286:  388 404 436 460 508 532 
X^287:  387 395 403 499 507 515 
X^288:  386 402 458 474 490 498 506 530 546 554 562 
X^289:  369 393 409 433 449 465 489 513 521 561 569 
X^290:  384 392 400 408 448 456 488 496 504 512 528 536 560 
X^291:  375 383 399 439 447 455 471 487 495 519 527 543 551 567 
X^292:  382 398 406 430 446 462 470 494 502 510 526 534 542 
X^293:  365 381 445 453 461 477 509 517 533 549 
X^294:  380 404 444 468 508 524 532 564 
X^295:  371 379 427 435 443 451 475 491 499 515 523 555 563 
X^296:  378 386 394 426 434 442 458 466 474 498 506 514 522 538 546 554 562 
X^297:  377 385 393 409 425 433 441 449 457 465 481 505 521 529 545 569 
X^298:  344 376 392 408 424 432 440 448 464 488 504 520 528 544 560 568 
X^299:  343 375 383 407 423 431 447 463 471 479 487 495 511 
X^300:  342 398 406 438 446 462 494 502 534 558 566 
X^301:  341 357 421 453 469 485 493 509 525 533 565 
X^302:  340 372 388 396 404 420 436 444 484 492 516 524 540 548 556 
X^303:  339 379 387 427 435 443 451 459 467 475 483 507 515 531 539 555 563 
X^304:  338 386 402 426 450 506 514 530 546 554 
X^305:  345 353 369 377 409 425 481 505 521 545 553 569 
X^306:  336 344 368 376 384 408 424 432 448 472 488 496 512 520 528 536 544 552 
X^307:  335 343 359 367 383 399 447 471 479 487 495 527 535 551 559 567 
X^308:  334 382 390 414 430 438 446 486 510 526 542 558 566 
X^309:  333 349 365 373 397 405 429 437 445 477 485 493 501 517 533 541 549 
X^310:  332 364 388 436 444 468 476 484 500 508 524 532 540 548 
X^311:  331 339 355 403 411 451 475 507 531 539 547 
X^312:  330 338 378 386 410 426 442 458 474 490 506 514 522 546 554 562 
X^313:  337 361 377 385 393 409 425 441 465 489 497 513 521 529 537 545 553 561 569 
X^314:  488 504 512 520 536 544 552 568 
X^315:  487 495 519 535 559 
X^316:  486 518 534 550 558 
X^317:  485 517 549 557 565 
X^318:  484 500 516 532 548 556 564 
X^319:  483 491 499 515 531 547 555 
X^320:  482 498 514 530 538 562 
X^321:  489 505 521 529 
X^322:  480 488 496 504 512 520 528 536 544 568 
X^323:  479 495 511 519 527 535 
X^324:  478 494 502 510 526 534 542 558 
X^325:  477 509 533 557 565 
X^326:  476 500 508 524 532 548 564 
X^327:  475 507 515 523 531 555 563 
X^328:  474 482 490 506 514 522 530 538 554 
X^329:  481 489 505 513 521 537 545 561 569 
X^330:  312 472 488 504 520 528 560 568 
X^331:  311 471 479 503 519 535 559 
X^332:  310 470 494 502 518 542 550 566 
X^333:  309 469 517 533 541 565 
X^334:  308 468 484 492 500 516 532 540 564 
X^335:  307 467 475 483 515 531 555 
X^336:  306 466 482 498 514 522 538 554 
X^337:  313 473 505 529 561 
X^338:  304 312 464 472 480 504 512 520 536 560 568 
X^339:  303 311 463 479 495 511 527 543 559 
X^340:  302 462 478 486 510 518 534 558 
X^341:  301 461 493 501 509 517 525 549 565 
X^342:  300 460 484 508 516 532 540 564 
X^343:  299 307 459 499 507 563 
X^344:  298 306 458 466 474 482 506 514 522 546 554 
X^345:  305 465 481 489 521 529 537 545 569 
X^346:  456 472 488 512 520 528 552 560 568 
X^347:  455 463 487 551 559 567 
X^348:  454 486 502 550 566 
X^349:  309 453 485 525 533 541 549 557 565 
X^350:  452 468 484 516 540 556 
X^351:  451 459 467 483 499 531 555 
X^352:  450 466 482 498 506 514 522 538 546 554 
X^353:  305 457 473 489 497 513 521 529 
X^354:  448 456 464 472 480 488 496 504 512 520 568 
X^355:  311 447 463 479 487 495 503 519 535 559 
X^356:  446 462 470 478 502 518 526 534 542 558 566 
X^357:  301 445 477 493 501 517 525 533 541 565 
X^358:  444 468 476 492 500 524 532 540 564 
X^359:  307 443 475 483 499 507 515 547 563 
X^360:  442 450 458 474 482 522 546 
X^361:  313 449 457 473 481 497 513 553 
X^362:  280 440 456 512 520 544 552 560 568 
X^363:  279 439 447 495 519 543 559 567 
X^364:  278 310 438 462 486 534 550 558 566 
X^365:  277 293 309 437 469 485 509 533 541 557 
X^366:  276 436 452 460 500 516 524 532 548 556 
X^367:  275 307 435 443 451 467 483 491 499 515 531 539 547 563 
X^368:  274 306 434 450 482 498 514 522 530 538 554 
X^369:  281 289 305 441 481 489 529 537 545 553 561 
X^370:  272 280 432 440 448 464 480 496 504 520 536 552 560 568 
X^371:  271 279 295 431 447 471 479 487 495 503 511 519 527 543 559 567 
X^372:  270 302 430 446 454 462 486 494 502 518 526 566 
X^373:  269 285 309 429 469 485 517 525 533 541 549 557 565 
X^374:  268 428 452 460 476 484 500 508 540 
X^375:  267 275 291 299 427 459 483 499 515 523 531 539 
X^376:  266 274 298 306 426 434 442 450 458 466 482 498 522 554 
X^377:  273 297 305 313 433 449 457 465 513 521 537 561 
X^378:  296 312 424 440 456 472 480 520 528 552 568 
X^379:  295 303 423 431 455 471 487 519 567 
X^380:  294 422 454 470 502 510 518 550 
X^381:  293 421 453 469 493 533 541 549 565 
X^382:  292 308 420 436 452 468 508 524 532 540 548 
X^383:  291 299 307 419 427 435 451 467 499 515 531 555 
X^384:  290 306 418 434 442 450 466 474 482 490 522 538 546 554 562 
X^385:  297 313 425 441 457 481 489 505 537 545 
X^386:  288 296 304 312 416 424 432 448 456 464 472 480 496 520 544 
X^387:  287 303 415 431 447 455 463 487 495 503 511 519 535 543 
X^388:  286 302 310 414 430 438 446 462 470 478 494 534 542 550 558 
X^389:  285 413 445 461 469 485 501 525 533 541 549 557 
X^390:  284 308 412 436 444 460 468 484 500 508 540 548 556 
X^391:  283 411 443 451 459 483 491 499 507 531 539 555 
X^392:  282 290 298 410 418 426 434 442 450 458 466 474 482 490 498 506 538 546 562 
X^393:  289 297 313 417 425 441 449 457 473 481 505 537 
X^394:  248 280 296 408 424 432 440 456 464 472 480 488 496 504 520 544 552 
X^395:  247 279 287 407 415 439 455 503 511 527 551 559 
X^396:  246 278 302 406 430 438 454 486 494 510 526 550 558 
X^397:  245 277 309 405 469 477 485 501 517 525 541 549 557 
X^398:  244 276 292 300 404 420 428 436 452 484 500 524 540 
X^399:  243 275 283 291 307 403 411 419 451 467 499 507 531 539 547 563 
X^400:  242 274 290 402 418 426 434 450 458 474 514 538 546 562 
X^401:  249 281 409 449 465 473 481 497 537 545 561 569 
X^402:  240 248 272 280 288 304 400 408 416 424 448 456 496 504 512 528 
X^403:  239 247 271 287 311 399 415 431 447 455 463 479 495 511 535 
X^404:  238 270 286 294 302 398 414 422 446 454 462 470 486 494 510 518 558 566 
X^405:  237 269 309 397 429 437 453 461 477 485 493 501 509 525 541 549 
X^406:  236 268 292 300 396 420 444 452 468 484 492 516 524 548 
X^407:  235 243 267 299 395 435 443 451 459 483 499 531 539 555 563 
X^408:  234 242 266 274 282 290 298 306 394 402 410 434 442 450 466 506 514 546 562 
X^409:  241 273 289 297 305 313 401 417 425 433 441 457 473 497 505 513 545 
X^410:  264 280 312 392 408 416 424 440 448 456 464 480 504 520 560 568 
X^411:  263 271 311 391 399 423 439 503 511 527 535 543 551 567 
X^412:  262 390 422 462 470 478 486 502 534 550 566 
X^413:  245 261 389 421 437 461 477 485 493 501 509 533 541 549 557 565 
X^414:  260 276 308 388 404 420 436 452 460 484 508 516 524 548 
X^415:  259 267 275 387 395 403 419 467 499 507 515 539 547 
X^416:  258 274 386 402 410 418 442 450 498 506 522 530 538 554 562 
X^417:  241 265 281 393 409 425 457 473 497 513 529 537 545 553 
X^418:  256 264 272 280 384 392 400 416 424 440 472 480 496 504 520 528 552 568 
X^419:  247 255 271 383 399 415 423 447 495 503 519 527 535 551 
X^420:  254 270 278 302 382 398 406 414 430 438 446 454 494 510 526 534 542 566 
X^421:  237 253 301 381 413 437 445 469 477 517 525 533 557 
X^422:  252 276 380 404 412 436 444 460 476 492 500 532 540 548 
X^423:  243 251 299 379 411 419 427 475 483 499 507 515 523 531 539 547 
X^424:  250 258 266 298 306 378 386 394 402 410 418 426 442 474 482 498 506 562 
X^425:  249 257 265 281 297 305 313 385 393 409 417 433 489 497 505 521 529 537 545 561 569 
X^426:  216 248 264 280 296 304 312 376 392 400 424 456 464 472 488 496 504 512 536 544 
X^427:  215 247 255 279 295 303 375 383 423 431 447 455 463 495 511 527 551 559 
X^428:  214 270 278 374 398 438 446 478 494 502 510 518 534 542 
X^429:  213 229 309 373 405 437 445 453 477 493 509 517 525 565 
X^430:  212 244 260 268 276 292 308 372 388 396 420 436 444 452 468 484 492 508 516 532 548 556 564 
X^431:  211 251 259 299 371 379 387 403 427 443 459 467 483 515 531 539 547 555 563 
X^432:  210 258 274 298 306 370 386 394 458 466 482 490 506 514 522 562 
X^433:  217 225 241 249 281 289 297 377 409 425 457 465 497 529 537 553 569 
X^434:  208 216 240 248 256 280 296 368 376 384 392 400 408 440 448 472 480 496 512 520 528 536 568 
X^435:  207 215 231 239 255 271 295 303 367 383 407 439 455 511 519 535 543 559 
X^436:  206 254 262 286 302 310 366 382 390 398 414 422 430 438 446 454 462 470 510 518 526 566 
X^437:  205 221 237 245 269 277 285 309 365 405 413 421 429 445 453 461 469 477 493 501 509 525 541 557 565 
X^438:  204 236 260 300 308 364 388 396 420 428 436 460 476 484 500 540 564 
X^439:  203 211 227 275 283 291 363 395 411 435 467 475 483 491 499 515 531 539 547 555 563 
X^440:  202 210 250 258 282 298 362 370 378 394 410 418 434 442 450 458 490 498 514 522 538 554 562 
X^441:  209 233 249 257 265 281 297 313 369 385 393 409 457 473 489 497 513 521 553 561 569 
X^442:  296 312 360 376 384 392 408 416 424 440 464 472 480 496 504 528 536 544 552 560 
X^443:  295 303 359 367 391 407 431 463 479 487 503 519 527 551 
X^444:  294 302 310 358 390 406 422 430 478 486 494 510 518 526 542 550 566 
X^445:  277 293 309 357 389 421 429 437 485 493 525 533 
X^446:  292 300 308 356 372 388 404 420 428 436 476 492 500 508 516 540 548 556 564 
X^447:  291 299 307 355 363 371 387 403 419 427 459 475 499 515 523 539 563 
X^448:  290 298 306 354 370 386 402 410 434 458 466 474 482 522 546 554 562 
X^449:  273 289 297 361 377 393 401 505 521 529 545 553 569 
X^450:  304 352 360 368 376 384 392 400 408 416 440 456 464 472 480 496 504 520 552 568 
X^451:  279 295 303 311 351 367 383 391 399 407 455 471 487 495 503 511 535 543 551 567 
X^452:  350 366 374 382 398 406 414 430 486 510 526 534 
X^453:  269 293 301 349 381 405 429 437 469 477 549 565 
X^454:  348 372 380 396 404 420 436 468 476 484 500 508 556 564 
X^455:  275 291 347 379 387 395 403 427 435 451 467 475 483 491 499 507 523 531 
X^456:  290 346 354 362 378 386 394 402 410 426 450 458 514 530 538 546 554 
X^457:  297 353 361 377 385 393 409 417 433 441 473 489 505 513 521 529 537 561 569 
X^458:  184 280 288 296 312 344 360 376 392 400 432 440 448 456 488 496 504 512 520 528 544 552 
X^459:  183 279 303 343 351 375 391 407 431 447 463 495 511 543 551 567 
X^460:  182 286 342 366 374 390 414 422 438 470 478 486 494 518 526 534 542 550 
X^461:  181 261 293 341 389 405 413 437 469 477 501 509 525 533 
X^462:  180 276 284 292 300 340 356 364 372 388 404 412 436 476 484 500 508 540 548 
X^463:  179 299 339 347 355 387 403 427 443 459 467 491 499 507 515 539 
X^464:  178 298 338 354 370 386 394 410 426 442 450 466 474 506 514 530 538 546 554 
X^465:  185 257 281 289 297 313 345 377 401 433 473 489 505 513 521 545 
X^466:  176 184 280 296 336 344 352 376 384 392 408 432 448 464 480 512 544 552 568 
X^467:  175 183 263 303 335 351 367 383 399 415 431 439 455 463 487 495 503 511 519 543 551 559 567 
X^468:  174 270 294 310 334 350 358 382 390 406 430 454 486 502 510 518 526 558 566 
X^469:  173 253 285 301 333 365 373 381 389 397 421 437 453 461 509 533 541 549 557 
X^470:  172 284 292 332 356 380 388 404 412 436 460 476 492 508 540 556 564 
X^471:  171 179 259 267 291 299 307 331 371 379 451 483 491 507 515 531 
X^472:  170 178 266 274 306 330 338 346 354 378 386 394 418 426 434 442 450 482 490 514 522 562 
X^473:  177 273 281 337 353 361 393 401 409 417 441 457 465 489 497 521 545 561 
X^474:  288 296 312 328 344 360 384 392 400 424 448 464 480 496 504 512 528 536 568 
X^475:  295 303 311 327 335 359 423 439 447 455 495 503 511 543 551 
X^476:  270 278 310 326 358 374 422 438 446 454 462 470 502 518 534 
X^477:  181 245 277 293 309 325 357 397 405 413 421 429 437 453 461 485 493 517 533 541 549 557 565 
X^478:  268 324 340 356 388 412 428 444 460 492 500 516 532 548 556 
X^479:  299 307 323 331 339 355 371 403 443 483 515 531 563 
X^480:  266 282 322 338 354 370 378 386 394 410 418 434 442 450 466 474 514 522 530 538 554 
X^481:  177 241 257 273 297 305 329 345 361 369 385 393 401 513 529 545 553 
X^482:  256 264 320 328 336 344 352 360 368 376 384 392 424 432 448 472 488 496 520 560 
X^483:  183 247 255 263 279 303 319 335 351 359 367 375 391 407 423 431 439 455 471 479 503 519 527 567 
X^484:  254 270 278 302 310 318 334 342 350 374 390 398 406 414 430 438 454 462 486 526 534 542 558 566 
X^485:  173 237 253 261 269 285 301 309 317 349 365 373 389 397 405 413 445 477 493 509 517 541 549 565 
X^486:  252 276 308 316 340 348 364 372 396 404 412 444 452 460 468 484 492 500 532 548 
X^487:  179 243 251 259 283 291 299 307 315 347 355 371 379 387 443 451 467 507 531 539 547 
X^488:  250 266 274 282 290 298 306 314 322 330 346 354 394 426 458 482 490 514 522 530 538 562 
X^489:  185 257 265 273 289 313 321 329 345 353 369 385 425 441 457 465 473 513 529 545 561 569 
X^490:  152 256 272 280 288 312 328 384 392 432 440 472 488 496 512 520 544 552 
X^491:  151 255 271 295 319 367 391 439 455 463 471 503 511 519 527 543 551 567 
X^492:  150 182 246 254 270 278 302 334 358 406 422 430 446 470 478 486 502 534 550 
X^493:  149 165 181 229 245 261 301 309 341 357 381 405 413 429 437 445 477 485 501 533 557 565 
X^494:  148 252 276 292 300 324 332 372 388 396 404 420 428 444 460 508 532 540 548 556 
X^495:  147 179 243 251 259 267 291 299 307 315 323 339 355 363 371 387 403 419 427 451 459 467 475 507 515 523 531 547 
X^496:  146 178 242 258 274 282 290 306 322 354 370 386 394 402 418 426 434 442 450 458 474 482 490 506 514 522 530 546 562 
X^497:  153 161 177 225 281 313 353 361 401 409 417 425 433 441 473 537 545 561 
X^498:  144 152 240 256 272 280 288 296 320 336 352 368 376 392 416 424 440 512 528 536 560 568 
X^499:  143 151 167 231 239 255 271 279 287 295 319 343 351 359 367 375 383 391 399 407 415 423 439 447 455 463 511 543 551 
X^500:  142 174 254 270 310 318 326 334 358 366 374 390 398 422 438 446 454 462 478 486 534 558 566 
X^501:  141 157 181 221 237 253 269 309 341 357 389 397 405 413 437 461 493 541 557 
X^502:  140 236 252 268 276 284 292 300 324 332 348 356 372 380 412 428 468 476 492 508 516 532 548 
X^503:  139 147 163 171 227 259 267 283 331 355 371 387 395 411 419 443 451 467 475 483 491 515 523 531 539 547 555 
X^504:  138 146 170 178 250 290 298 314 322 330 338 354 370 394 402 410 418 426 442 450 458 474 506 514 530 538 546 
X^505:  145 169 177 185 297 305 321 329 337 385 393 409 425 449 457 465 521 553 569 
X^506:  168 184 232 248 272 280 288 296 304 312 328 344 352 392 408 416 424 432 464 496 504 512 520 536 544 
X^507:  167 175 231 239 271 287 303 311 327 343 359 391 399 415 423 455 463 471 487 495 511 543 551 559 
X^508:  166 230 238 246 286 294 310 326 342 374 382 390 414 430 446 454 462 470 494 502 526 534 542 
X^509:  165 213 229 245 293 301 325 341 365 405 413 429 437 461 469 485 525 541 557 565 
X^510:  164 180 228 236 244 284 292 308 324 340 380 396 404 420 428 436 444 452 468 524 532 556 
X^511:  163 171 179 227 235 243 267 283 299 323 339 371 387 395 403 411 427 435 451 459 467 475 491 499 507 523 531 539 555 
X^512:  58 162 178 226 234 242 266 274 282 290 306 314 322 338 346 354 362 402 426 434 458 466 474 490 498 506 530 546 554 562 
X^513:  169 185 209 225 233 289 313 329 353 361 377 409 417 441 457 465 481 489 529 553 
X^514:  56 160 168 176 184 240 264 272 280 296 304 312 320 328 336 344 352 368 400 408 432 440 456 464 472 480 488 496 504 528 552 560 568 
X^515:  159 175 215 231 239 247 263 279 287 295 303 319 327 335 359 367 375 383 415 423 431 439 447 463 471 479 495 503 519 551 
X^516:  158 174 182 302 318 334 342 350 366 406 414 430 446 478 502 518 526 534 542 550 
X^517:  157 205 229 237 277 293 309 317 333 341 357 373 397 421 429 477 485 533 541 549 565 
X^518:  156 180 276 316 332 340 356 372 380 404 428 436 444 460 468 476 516 532 540 548 556 564 
X^519:  155 211 227 259 275 283 291 315 323 331 355 363 371 379 387 419 435 443 467 483 491 515 531 539 
X^520:  50 154 162 170 226 258 266 298 306 314 322 330 338 346 354 362 370 378 386 394 410 418 434 450 458 482 490 506 538 
X^521:  161 169 185 233 281 289 297 305 313 321 329 345 353 377 425 441 449 457 465 473 505 529 545 553 569 
X^522:  48 120 152 168 216 224 232 256 264 296 312 328 336 344 352 360 368 376 384 416 432 440 448 472 480 488 496 528 536 552 560 568 
X^523:  119 151 159 215 239 247 255 271 295 327 375 423 447 455 495 503 511 567 
X^524:  118 150 174 222 246 294 302 310 326 358 366 382 398 406 414 510 534 550 558 
X^525:  117 149 181 197 229 245 285 301 341 349 357 373 389 397 405 421 429 437 445 461 509 533 541 557 
X^526:  116 148 164 172 212 220 228 236 244 292 308 324 356 372 396 420 436 444 452 460 468 484 508 516 540 
X^527:  115 147 155 163 179 235 243 251 267 291 307 323 339 371 395 411 419 427 443 483 491 547 
X^528:  42 114 146 162 234 242 250 258 282 290 298 306 322 330 346 378 402 418 434 442 458 474 498 514 522 530 538 554 
X^529:  57 121 153 193 217 225 233 273 297 313 321 337 345 353 369 417 425 433 449 457 481 489 513 521 553 561 
X^530:  40 56 112 120 144 152 160 176 216 232 240 256 272 288 304 320 328 368 416 456 464 480 488 496 504 512 528 544 552 568 
X^531:  111 119 143 159 183 199 263 271 303 311 319 327 335 351 367 375 383 391 399 407 423 431 439 455 471 479 487 495 503 511 519 535 551 
X^532:  110 142 158 166 174 206 230 238 246 262 270 278 286 294 310 318 326 334 342 358 366 382 422 430 478 486 494 502 510 518 534 542 550 
X^533:  109 141 181 189 221 261 269 277 293 301 309 325 333 349 357 365 373 381 389 413 421 445 461 469 477 493 517 525 541 565 
X^534:  108 140 164 172 220 228 236 268 276 292 300 316 324 340 356 364 388 412 420 428 452 460 476 484 492 500 508 516 524 532 540 556 
X^535:  107 115 139 171 195 203 227 243 259 267 307 315 323 331 355 387 403 411 419 435 451 531 539 547 563 
X^536:  34 50 106 114 138 146 154 162 170 178 202 210 234 242 250 258 266 274 282 290 306 314 322 338 370 426 434 442 474 498 506 522 554 
X^537:  49 57 113 145 161 169 177 185 209 217 241 265 273 313 329 345 369 377 385 393 401 417 425 433 457 497 545 
X^538:  32 56 136 152 184 224 232 240 256 264 272 296 320 328 336 352 368 384 392 400 416 440 456 464 480 488 504 520 528 552 568 
X^539:  55 135 143 183 231 247 255 271 303 311 367 375 391 399 407 415 423 431 439 447 463 487 503 511 519 535 551 567 
X^540:  54 134 206 214 246 254 262 302 310 334 342 350 358 374 382 390 398 422 438 446 462 470 494 518 526 534 542 550 
X^541:  117 133 181 213 229 261 269 309 333 349 357 365 373 381 389 397 405 413 437 469 477 485 501 509 517 525 533 557 
X^542:  52 132 148 180 204 252 260 292 308 324 332 356 388 420 428 444 460 484 508 516 532 540 
X^543:  51 131 139 147 243 251 267 275 291 339 363 371 387 411 435 451 459 467 475 491 499 507 
X^544:  26 50 130 146 202 218 234 242 250 258 282 298 306 314 322 362 386 394 426 442 458 466 490 506 530 546 562 
X^545:  113 137 153 177 193 209 233 257 281 297 305 313 329 345 369 385 401 409 417 425 449 465 473 481 489 497 521 537 553 569 
X^546:  24 48 128 136 144 152 192 200 232 240 248 264 280 288 296 304 312 344 352 360 384 392 400 408 448 456 464 496 504 512 544 560 
X^547:  47 119 127 143 183 191 199 215 231 239 255 263 311 319 359 367 399 415 423 431 439 487 495 503 527 535 551 559 567 
X^548:  46 126 142 150 174 190 206 214 238 246 302 310 318 326 366 382 390 406 414 422 430 446 462 478 486 494 502 518 550 558 
X^549:  109 125 189 197 205 221 261 277 285 293 309 317 341 349 373 381 389 397 405 413 453 469 477 485 517 565 
X^550:  44 124 148 188 212 268 284 316 332 348 364 380 388 396 412 444 460 492 516 524 532 540 548 556 
X^551:  43 115 123 171 179 187 195 219 235 243 251 259 267 283 291 307 347 395 411 419 427 443 451 459 467 475 491 499 507 515 531 539 547 563 
X^552:  18 42 122 130 138 170 178 186 202 210 218 242 274 306 314 346 362 370 378 394 418 442 450 458 466 490 514 522 530 538 554 
X^553:  121 129 137 153 169 177 185 193 201 209 225 249 257 273 281 305 313 361 369 417 433 441 449 481 505 513 521 529 545 553 
X^554:  16 40 88 120 136 152 168 176 184 192 208 232 288 296 304 312 328 336 344 352 368 376 384 416 440 448 456 464 480 512 528 536 552 568 
X^555:  39 87 119 127 151 167 175 191 207 215 223 231 239 247 295 303 319 327 335 351 383 391 407 431 439 503 511 
X^556:  38 86 142 150 182 190 206 238 270 278 302 318 350 366 390 430 446 454 470 478 494 510 518 534 550 
X^557:  85 101 165 197 213 229 237 245 253 269 317 325 349 365 373 389 397 413 421 437 469 477 493 501 509 525 541 
X^558:  36 84 116 132 140 148 164 180 188 228 236 244 284 300 308 316 324 340 356 364 388 396 404 468 484 500 524 548 
X^559:  35 83 123 131 171 179 187 195 203 211 219 227 243 283 307 315 331 339 347 355 363 371 395 427 435 467 507 547 
X^560:  10 34 82 130 146 170 194 242 250 266 274 290 298 330 338 346 362 370 410 442 482 498 514 522 546 
X^561:  25 89 97 113 121 153 169 225 265 281 289 313 329 337 369 377 401 425 441 457 473 489 497 529 569 
X^562:  8 24 32 80 88 112 120 128 152 168 176 192 216 232 248 288 296 312 320 384 392 400 408 416 424 432 440 448 472 488 496 512 544 568 
X^563:  31 79 87 103 111 127 143 191 215 223 231 255 271 295 303 327 343 359 367 399 407 431 439 447 479 535 551 
X^564:  30 78 126 134 158 174 182 190 230 238 262 294 318 326 334 342 358 430 438 446 454 470 518 566 
X^565:  77 93 109 117 141 149 173 181 189 221 229 245 261 301 317 325 333 341 349 357 373 381 413 429 437 453 477 485 493 509 517 533 549 
X^566:  28 76 108 132 180 188 212 220 228 236 244 252 260 276 284 300 308 332 348 356 364 372 404 412 420 436 444 468 484 500 564 
X^567:  27 75 83 99 147 155 195 219 235 251 267 275 291 307 347 363 371 379 411 451 459 467 483 491 523 539 547 
X^568:  2 18 26 74 82 122 130 154 170 186 202 218 242 258 282 298 314 322 330 338 346 354 362 370 378 410 418 434 450 466 474 498 514 522 530 538 554 562 
X^569:  17 25 57 81 105 121 129 137 153 169 185 209 233 273 289 297 305 313 329 345 401 425 433 441 449 457 489 505 521 545 561 569 
X^570:  0 
checksum: 2440909