557
X^0:  558 
X^1:  
X^2:  556 
X^3:  
X^4:  554 
X^5:  557 
X^6:  552 
X^7:  
X^8:  550 
X^9:  
X^10:  548 
X^11:  
X^12:  546 
X^13:  549 557 
X^14:  544 
X^15:  
X^16:  
X^17:  
X^18:  
X^19:  
X^20:  
X^21:  
X^22:  
X^23:  
X^24:  
X^25:  
X^26:  
X^27:  
X^28:  
X^29:  557 
X^30:  
X^31:  
X^32:  526 
X^33:  
X^34:  524 556 
X^35:  
X^36:  522 554 
X^37:  525 557 
X^38:  520 
X^39:  
X^40:  518 
X^41:  
X^42:  516 548 
X^43:  
X^44:  514 546 
X^45:  517 525 541 549 557 
X^46:  512 
X^47:  
X^48:  
X^49:  553 
X^50:  556 
X^51:  
X^52:  
X^53:  557 
X^54:  
X^55:  555 
X^56:  
X^57:  545 
X^58:  556 
X^59:  551 
X^60:  546 
X^61:  549 
X^62:  552 
X^63:  555 
X^64:  550 
X^65:  537 553 
X^66:  540 548 556 
X^67:  551 
X^68:  546 
X^69:  541 549 
X^70:  544 552 
X^71:  539 547 555 
X^72:  542 
X^73:  529 545 
X^74:  556 
X^75:  535 543 551 
X^76:  530 538 546 554 
X^77:  533 557 
X^78:  544 
X^79:  
X^80:  542 
X^81:  521 
X^82:  524 
X^83:  
X^84:  
X^85:  525 
X^86:  536 
X^87:  523 555 
X^88:  534 
X^89:  513 545 
X^90:  524 548 556 
X^91:  519 
X^92:  514 554 
X^93:  517 549 
X^94:  520 528 552 
X^95:  523 
X^96:  518 526 
X^97:  505 521 537 553 
X^98:  508 516 524 
X^99:  519 551 
X^100:  514 538 546 554 
X^101:  509 517 541 549 557 
X^102:  512 544 
X^103:  507 515 523 
X^104:  510 518 550 
X^105:  497 513 553 
X^106:  524 556 
X^107:  503 511 519 535 543 551 
X^108:  498 506 514 522 
X^109:  501 525 541 
X^110:  536 
X^111:  539 547 555 
X^112:  534 542 550 
X^113:  489 537 553 
X^114:  492 532 
X^115:  535 543 551 
X^116:  530 538 546 
X^117:  493 541 549 557 
X^118:  528 552 
X^119:  491 531 539 
X^120:  526 542 
X^121:  481 529 
X^122:  492 524 532 548 556 
X^123:  487 527 535 551 
X^124:  482 522 554 
X^125:  485 525 533 557 
X^126:  488 520 528 536 544 552 
X^127:  491 523 531 555 
X^128:  486 518 542 
X^129:  473 489 521 537 545 
X^130:  476 484 492 516 532 540 548 
X^131:  487 519 527 551 
X^132:  482 514 522 538 546 554 
X^133:  477 485 525 533 541 
X^134:  480 488 512 520 528 552 
X^135:  475 483 491 515 523 531 547 555 
X^136:  478 510 518 534 542 
X^137:  465 481 513 
X^138:  492 508 516 524 548 556 
X^139:  471 479 487 511 519 527 535 543 
X^140:  466 474 482 490 506 522 530 538 554 
X^141:  469 493 509 517 541 549 557 
X^142:  480 504 536 544 552 
X^143:  507 515 523 539 555 
X^144:  478 502 510 518 534 542 
X^145:  457 505 537 
X^146:  460 500 524 532 540 
X^147:  503 511 519 535 
X^148:  498 506 514 530 546 554 
X^149:  461 509 517 533 541 557 
X^150:  472 496 520 528 544 552 
X^151:  459 491 499 507 523 531 547 555 
X^152:  470 494 510 526 534 550 
X^153:  449 481 497 513 529 545 
X^154:  460 484 500 516 524 548 
X^155:  455 495 503 527 
X^156:  450 514 530 546 
X^157:  453 485 493 501 517 525 533 541 
X^158:  456 464 496 504 512 520 
X^159:  459 491 499 523 547 
X^160:  454 462 486 510 534 
X^161:  441 457 473 513 537 545 553 
X^162:  444 452 460 484 500 516 532 540 548 556 
X^163:  455 495 519 535 551 
X^164:  450 474 506 514 522 538 546 
X^165:  445 453 477 485 501 525 549 557 
X^166:  448 488 496 520 536 544 552 
X^167:  443 451 459 483 491 499 507 515 
X^168:  446 454 478 502 510 526 534 
X^169:  433 449 481 489 497 529 553 
X^170:  460 476 484 508 516 524 548 
X^171:  439 447 455 471 495 511 519 527 551 
X^172:  434 442 450 458 474 490 506 522 
X^173:  437 461 485 501 509 525 541 549 
X^174:  512 536 
X^175:  531 555 
X^176:  510 534 542 550 
X^177:  425 521 545 
X^178:  428 540 556 
X^179:  527 543 
X^180:  522 530 546 554 
X^181:  429 525 533 549 
X^182:  504 544 
X^183:  427 523 531 539 
X^184:  502 534 542 550 
X^185:  417 529 537 545 553 
X^186:  428 524 532 
X^187:  423 527 
X^188:  418 522 530 
X^189:  421 533 557 
X^190:  424 496 520 528 
X^191:  427 515 523 547 
X^192:  422 494 526 534 550 
X^193:  409 425 529 537 545 
X^194:  412 420 428 516 524 
X^195:  423 511 527 543 
X^196:  418 514 538 554 
X^197:  413 421 525 549 
X^198:  416 424 488 520 552 
X^199:  411 419 427 531 555 
X^200:  414 486 510 518 550 
X^201:  401 417 497 529 
X^202:  428 500 508 524 532 540 
X^203:  407 415 423 503 511 551 
X^204:  402 410 418 426 506 514 522 530 538 546 
X^205:  405 429 501 517 533 549 557 
X^206:  416 480 512 528 544 
X^207:  499 507 515 531 547 555 
X^208:  414 478 510 526 534 542 550 
X^209:  393 489 505 513 529 537 553 
X^210:  396 500 508 
X^211:  495 503 519 527 535 543 
X^212:  490 506 522 538 
X^213:  397 493 501 509 533 549 557 
X^214:  408 472 496 504 512 528 552 
X^215:  395 427 491 523 531 539 555 
X^216:  406 470 494 542 550 
X^217:  385 417 505 529 537 553 
X^218:  396 420 428 516 532 540 548 556 
X^219:  391 503 519 535 
X^220:  386 426 498 514 522 538 546 
X^221:  389 421 493 517 557 
X^222:  392 400 424 464 496 504 520 528 536 544 
X^223:  395 483 499 515 523 531 555 
X^224:  390 398 462 486 502 518 526 542 
X^225:  377 393 409 425 489 497 513 521 
X^226:  380 388 396 492 500 508 516 540 
X^227:  391 423 479 487 511 519 527 551 
X^228:  386 410 418 426 490 514 538 546 554 
X^229:  381 389 413 421 429 501 509 525 533 557 
X^230:  384 416 456 480 488 496 504 528 536 552 
X^231:  379 387 395 483 491 507 515 547 
X^232:  382 390 422 454 486 510 518 534 542 550 
X^233:  369 385 425 465 481 497 505 513 529 537 545 
X^234:  396 428 468 484 500 516 524 
X^235:  375 383 391 407 415 423 471 487 495 503 511 527 535 543 551 
X^236:  370 378 386 394 482 506 514 522 538 554 
X^237:  373 397 413 469 477 501 509 533 557 
X^238:  408 448 472 512 536 544 552 
X^239:  411 419 427 467 491 
X^240:  406 414 422 446 470 478 486 510 542 550 
X^241:  361 409 425 457 481 489 537 
X^242:  364 404 476 532 540 548 556 
X^243:  407 415 423 463 479 551 
X^244:  402 410 418 458 466 482 490 530 546 
X^245:  365 413 421 429 461 469 485 493 541 
X^246:  400 424 440 480 504 552 
X^247:  363 403 411 459 467 475 491 523 547 
X^248:  398 414 438 470 478 486 502 526 542 
X^249:  353 401 465 473 489 513 529 553 
X^250:  364 396 404 420 428 460 468 492 516 524 540 548 
X^251:  359 399 407 423 463 487 551 
X^252:  354 394 426 458 466 482 522 530 
X^253:  357 397 405 429 469 485 493 517 525 533 541 549 557 
X^254:  360 392 400 408 416 424 432 456 464 488 496 528 552 
X^255:  363 395 403 427 451 459 483 491 539 
X^256:  358 390 414 430 462 470 494 526 534 
X^257:  345 361 393 409 417 465 481 489 505 537 545 
X^258:  348 356 364 388 404 412 420 452 460 476 484 492 516 548 
X^259:  359 391 399 423 447 463 479 487 519 
X^260:  354 386 394 410 418 426 450 474 482 490 506 
X^261:  349 357 397 405 413 461 477 509 517 
X^262:  352 360 384 392 400 456 480 488 512 544 552 
X^263:  347 355 363 387 395 403 419 427 467 475 483 523 539 547 555 
X^264:  350 382 390 406 414 422 446 454 478 510 518 534 
X^265:  337 353 385 433 481 513 521 529 545 553 
X^266:  364 380 388 396 420 428 436 444 460 468 476 492 516 524 532 548 556 
X^267:  343 351 359 383 391 399 407 415 439 447 471 479 503 511 527 535 
X^268:  338 346 354 362 378 394 402 410 426 442 450 458 490 530 546 
X^269:  341 365 381 389 413 421 429 437 453 485 517 533 541 557 
X^270:  352 376 408 424 448 464 480 512 552 
X^271:  379 387 395 411 427 435 443 451 467 483 491 507 515 531 539 
X^272:  350 374 382 390 406 446 462 470 478 486 502 518 534 542 
X^273:  329 377 409 425 441 449 457 465 473 489 
X^274:  332 372 396 404 412 436 444 460 508 524 540 548 
X^275:  375 383 391 407 431 439 455 463 471 479 503 511 519 527 535 543 
X^276:  370 378 386 402 418 442 458 474 506 514 522 538 546 554 
X^277:  333 381 389 405 413 437 445 461 469 485 493 517 533 549 557 
X^278:  344 368 392 400 408 416 424 432 440 448 464 488 496 512 528 536 552 
X^279:  331 363 371 379 395 403 419 467 475 491 499 507 523 531 539 
X^280:  342 366 382 398 422 430 478 486 510 550 
X^281:  321 353 369 385 401 417 441 449 465 473 489 513 537 545 553 
X^282:  332 356 372 388 396 420 452 460 468 476 484 500 516 524 532 540 548 556 
X^283:  327 367 375 399 439 471 495 503 511 527 
X^284:  322 386 402 418 434 458 474 482 490 498 506 522 530 
X^285:  325 357 365 373 389 397 405 413 429 493 509 533 541 
X^286:  328 336 368 376 384 392 400 432 440 464 472 480 512 520 544 
X^287:  331 363 371 395 435 451 467 499 523 531 539 555 
X^288:  326 334 358 382 398 406 422 438 462 478 486 494 510 518 534 542 
X^289:  313 329 345 385 409 417 433 441 449 505 521 537 
X^290:  316 324 332 356 372 388 404 412 420 436 460 476 508 516 540 
X^291:  327 367 391 407 415 447 463 495 503 551 
X^292:  322 346 378 386 394 410 418 426 474 482 490 498 522 530 546 554 
X^293:  317 325 349 357 373 397 421 429 437 453 461 469 493 501 533 541 
X^294:  320 360 368 408 432 440 448 456 464 472 480 520 536 544 
X^295:  315 323 331 355 363 371 379 387 419 427 459 507 515 531 539 
X^296:  318 326 350 374 382 390 398 406 422 454 470 478 494 518 534 542 550 
X^297:  305 321 353 361 369 417 425 441 465 473 481 505 521 529 545 553 
X^298:  332 348 356 380 388 396 404 436 452 476 524 540 548 
X^299:  311 319 327 343 367 383 391 399 407 431 455 463 471 487 495 503 511 535 543 551 
X^300:  306 314 322 330 346 362 378 394 418 434 490 506 514 538 554 
X^301:  309 333 357 373 381 397 405 421 445 461 469 493 517 525 533 541 557 
X^302:  472 504 512 536 544 
X^303:  475 483 491 507 523 547 555 
X^304:  470 478 486 502 
X^305:  297 473 505 521 529 
X^306:  300 468 492 500 508 548 
X^307:  471 479 487 503 519 527 551 
X^308:  466 474 482 498 538 554 
X^309:  301 477 485 501 525 533 541 549 
X^310:  464 488 496 504 520 528 544 
X^311:  299 467 475 491 499 507 515 523 531 539 547 555 
X^312:  462 478 494 518 526 550 
X^313:  289 465 481 497 513 521 529 
X^314:  300 460 468 484 492 508 524 532 548 
X^315:  295 463 471 495 503 511 551 
X^316:  290 458 482 498 506 546 
X^317:  293 461 469 485 493 509 517 525 541 557 
X^318:  296 456 464 472 480 488 496 520 528 536 
X^319:  299 459 467 491 507 531 539 555 
X^320:  294 454 478 494 526 
X^321:  281 297 457 481 505 513 521 529 537 
X^322:  284 292 300 452 468 484 548 
X^323:  295 455 463 487 503 511 519 527 535 543 
X^324:  290 450 458 474 482 490 522 530 546 554 
X^325:  285 293 461 469 509 517 
X^326:  288 296 448 456 464 504 512 520 536 552 
X^327:  283 291 299 451 459 467 475 483 491 499 531 539 547 555 
X^328:  286 446 454 470 478 486 502 510 526 534 550 
X^329:  273 289 449 465 505 521 545 
X^330:  300 444 452 460 476 484 492 500 524 540 548 
X^331:  279 287 295 447 455 463 479 495 519 527 535 543 
X^332:  274 282 290 298 442 458 474 490 506 514 
X^333:  277 301 445 453 469 477 485 493 525 541 
X^334:  288 440 488 512 528 536 544 552 
X^335:  443 451 459 515 523 
X^336:  286 438 446 454 526 542 
X^337:  265 441 457 497 505 
X^338:  268 436 508 532 540 548 556 
X^339:  439 447 455 487 495 503 527 535 551 
X^340:  434 442 450 482 498 506 538 
X^341:  269 445 453 461 477 493 517 549 
X^342:  280 432 456 480 520 528 536 
X^343:  267 299 435 443 475 499 507 523 531 
X^344:  278 430 446 494 502 510 550 
X^345:  257 289 433 489 497 505 545 553 
X^346:  268 292 300 428 436 452 460 476 484 492 508 516 524 532 
X^347:  263 431 439 455 471 479 487 495 503 535 551 
X^348:  258 298 426 458 474 482 498 506 514 522 530 538 546 554 
X^349:  261 293 429 437 461 469 485 509 549 557 
X^350:  264 272 296 424 432 440 448 456 496 504 520 544 
X^351:  267 427 435 459 475 483 491 507 523 531 539 
X^352:  262 270 422 446 470 486 502 518 526 534 
X^353:  249 265 281 297 425 441 449 489 497 505 513 521 529 553 
X^354:  252 260 268 420 436 444 452 468 476 500 524 540 
X^355:  263 295 423 431 455 479 487 511 527 
X^356:  258 282 290 298 418 426 442 450 458 474 490 506 530 538 546 554 
X^357:  253 261 285 293 301 429 437 445 461 477 501 517 533 
X^358:  256 288 416 424 432 456 480 496 504 528 552 
X^359:  251 259 267 419 427 435 451 467 475 483 491 499 515 
X^360:  254 262 294 414 422 438 446 462 494 510 
X^361:  241 257 297 417 473 481 497 505 521 529 545 
X^362:  268 300 412 420 428 452 460 484 492 500 508 516 540 548 
X^363:  247 255 263 279 287 295 415 423 431 439 447 455 479 487 503 511 527 543 551 
X^364:  242 250 258 266 410 426 434 442 458 474 490 522 530 554 
X^365:  245 269 285 413 421 445 461 469 493 501 509 525 541 549 
X^366:  280 408 440 448 472 488 496 504 512 520 536 544 
X^367:  283 291 299 411 419 427 443 459 467 475 523 531 547 
X^368:  278 286 294 406 414 422 438 446 478 486 494 518 550 
X^369:  233 281 297 409 441 465 473 481 489 497 505 513 529 545 553 
X^370:  236 276 404 428 436 444 468 476 500 516 524 532 556 
X^371:  279 287 295 407 415 423 439 455 471 487 503 519 527 543 
X^372:  274 282 290 402 410 418 434 458 482 490 498 506 522 546 554 
X^373:  237 285 293 301 413 421 437 485 493 501 509 517 533 541 557 
X^374:  272 296 400 424 432 456 472 480 504 512 520 544 552 
X^375:  235 275 283 403 411 427 435 443 451 467 475 491 499 507 515 523 539 547 555 
X^376:  270 286 398 414 430 438 454 478 486 494 502 534 
X^377:  225 273 401 417 433 449 457 465 473 481 489 497 505 513 521 529 553 
X^378:  236 268 276 292 300 396 404 420 428 444 460 468 476 484 500 532 548 556 
X^379:  231 271 279 295 399 407 431 439 447 471 479 503 511 527 543 
X^380:  226 266 298 394 418 434 442 466 474 490 514 530 538 546 
X^381:  229 269 277 301 397 405 421 429 445 453 477 493 501 525 533 549 557 
X^382:  232 264 272 280 288 296 392 400 408 416 424 456 472 488 528 552 
X^383:  235 267 275 299 395 403 427 443 451 483 491 507 523 531 547 555 
X^384:  230 262 286 390 414 430 454 462 494 502 518 542 550 
X^385:  217 233 265 281 289 393 417 441 449 481 497 505 513 521 529 537 545 553 
X^386:  220 228 236 260 276 284 292 388 404 420 428 460 476 508 516 524 532 548 
X^387:  231 263 271 295 391 399 423 439 463 487 503 511 519 543 
X^388:  226 258 266 282 290 298 386 394 410 418 474 490 498 514 538 546 554 
X^389:  221 229 269 277 285 397 405 429 445 453 469 485 501 525 541 557 
X^390:  224 232 256 264 272 296 384 392 400 440 480 496 512 520 528 544 552 
X^391:  219 227 235 259 267 275 291 299 387 395 403 411 419 427 435 451 459 499 507 515 523 531 539 
X^392:  222 254 262 278 286 382 390 406 414 422 438 446 454 470 478 494 502 526 
X^393:  209 225 257 385 401 433 441 449 457 481 489 505 521 529 537 
X^394:  236 252 260 268 292 300 380 388 396 412 428 452 476 492 500 524 532 540 556 
X^395:  215 223 231 255 263 271 279 287 383 391 399 415 431 439 463 471 479 495 535 
X^396:  210 218 226 234 250 266 274 282 298 378 394 410 418 426 442 458 474 482 498 514 530 546 554 
X^397:  213 237 253 261 285 293 301 381 389 405 413 437 445 461 493 533 557 
X^398:  224 248 280 288 296 376 424 440 448 456 464 480 528 544 
X^399:  251 259 267 283 299 379 387 395 435 451 459 467 483 491 523 555 
X^400:  222 246 254 262 278 286 374 382 390 414 438 446 462 470 486 510 518 526 534 550 
X^401:  201 249 281 377 393 425 433 441 449 481 489 497 553 
X^402:  204 244 268 276 284 372 452 476 484 492 524 
X^403:  247 255 263 279 375 383 391 423 439 447 455 471 479 527 535 551 
X^404:  242 250 258 274 290 298 370 378 386 418 426 442 466 474 498 522 530 
X^405:  205 253 261 277 285 301 381 389 397 413 437 485 501 509 525 
X^406:  216 240 264 272 288 296 368 392 408 416 456 480 512 536 544 
X^407:  203 235 243 251 267 275 291 299 371 379 411 427 451 459 467 475 491 523 539 547 
X^408:  214 238 254 270 278 294 366 382 406 430 446 454 462 470 494 502 518 526 550 
X^409:  193 225 241 257 273 289 369 425 449 497 521 
X^410:  204 228 244 260 268 292 364 372 388 396 412 420 436 468 476 484 500 508 516 532 540 
X^411:  199 239 247 271 367 375 391 407 415 423 439 447 455 479 487 495 503 511 543 551 
X^412:  194 258 274 290 362 394 410 418 426 458 466 482 490 498 538 546 
X^413:  197 229 237 245 261 269 277 285 365 373 397 405 421 429 437 445 461 501 509 517 533 549 557 
X^414:  200 208 240 248 256 264 360 368 376 384 392 400 424 464 512 520 536 552 
X^415:  203 235 243 267 291 363 371 395 411 451 459 483 539 
X^416:  198 206 230 254 278 358 382 406 422 430 438 462 478 494 534 550 
X^417:  185 201 217 257 281 289 297 361 377 385 425 457 473 513 537 545 
X^418:  188 196 204 228 244 260 276 284 292 300 356 372 380 388 396 404 412 420 444 452 476 484 532 548 
X^419:  199 239 263 279 295 359 367 391 423 431 439 455 479 495 503 511 535 
X^420:  194 218 250 258 266 282 290 354 362 378 386 410 418 434 442 450 458 466 490 506 522 538 546 
X^421:  189 197 221 229 245 269 293 301 365 373 381 413 437 469 477 517 
X^422:  192 232 240 264 280 288 296 352 360 368 392 416 424 440 456 472 488 496 504 536 552 
X^423:  187 195 203 227 235 243 251 259 355 363 371 387 403 411 419 427 435 443 467 499 507 515 523 531 539 547 555 
X^424:  190 198 222 246 254 270 278 350 358 374 382 398 414 422 454 462 494 502 518 534 550 
X^425:  177 193 225 233 241 273 297 353 401 409 417 473 497 505 529 553 
X^426:  204 220 228 252 260 268 292 348 356 364 396 404 412 428 436 452 476 484 500 516 524 532 548 
X^427:  183 191 199 215 239 255 263 271 295 351 359 367 375 383 391 407 423 431 439 447 455 471 479 487 495 503 511 519 551 
X^428:  178 186 194 202 218 234 250 266 346 362 370 378 386 394 426 466 490 506 554 
X^429:  181 205 229 245 253 269 285 293 349 357 381 389 413 445 485 509 517 525 549 
X^430:  256 280 344 376 384 408 416 488 528 536 544 552 
X^431:  275 299 347 355 363 379 395 419 427 467 475 491 507 515 523 531 539 547 555 
X^432:  254 278 286 294 342 350 358 374 510 518 534 542 
X^433:  169 265 289 345 377 393 401 473 481 513 521 545 553 
X^434:  172 284 300 340 364 372 380 420 476 492 524 548 
X^435:  271 287 343 351 359 375 391 399 423 463 479 487 503 519 535 543 551 
X^436:  266 274 290 298 338 346 354 370 410 426 474 482 514 530 546 
X^437:  173 269 277 293 349 357 373 397 405 413 421 493 501 509 517 533 
X^438:  248 288 336 360 368 376 392 400 416 472 480 520 528 544 
X^439:  171 267 275 283 339 347 363 371 379 387 395 403 411 419 427 459 499 507 523 539 
X^440:  246 278 286 294 334 350 366 390 398 422 470 486 502 510 518 534 542 550 
X^441:  161 273 281 289 297 337 353 369 385 393 401 465 513 521 529 537 545 553 
X^442:  172 268 276 332 340 356 364 380 396 404 420 468 516 524 
X^443:  167 271 335 343 367 375 383 423 455 463 479 487 495 503 519 543 
X^444:  162 266 274 330 354 370 378 418 466 482 522 
X^445:  165 277 301 333 341 357 365 381 389 397 413 429 461 477 485 501 509 517 541 
X^446:  168 240 264 272 328 336 344 352 360 368 392 400 408 488 504 512 520 528 
X^447:  171 259 267 291 331 339 363 379 403 411 427 451 459 467 475 515 531 539 555 
X^448:  166 238 270 278 294 326 350 366 398 470 486 510 542 550 
X^449:  153 169 273 281 289 329 353 377 385 393 401 409 457 465 473 489 497 505 513 521 529 
X^450:  156 164 172 260 268 324 340 356 420 468 484 492 500 516 524 540 548 
X^451:  167 255 271 287 327 335 359 375 383 391 399 407 415 447 479 487 495 511 519 543 551 
X^452:  162 258 282 298 322 330 346 354 362 394 402 418 426 482 490 506 514 530 538 
X^453:  157 165 269 293 333 341 381 389 461 485 493 501 509 517 525 533 541 549 557 
X^454:  160 168 232 264 296 320 328 336 376 384 392 408 424 456 472 480 496 504 512 536 552 
X^455:  155 163 171 275 299 323 331 339 347 355 363 371 403 411 419 427 443 459 467 475 491 499 539 547 
X^456:  158 230 254 262 294 318 326 342 350 358 374 382 398 406 422 454 462 478 502 510 
X^457:  145 161 241 273 321 337 377 393 417 449 465 505 513 553 
X^458:  172 244 252 268 276 284 316 324 332 348 356 364 372 396 412 420 460 476 492 500 508 516 524 532 540 556 
X^459:  151 159 167 247 255 295 319 327 335 351 367 391 399 407 415 439 447 455 463 487 495 503 511 519 543 551 
X^460:  146 154 162 170 250 258 266 274 282 290 314 330 346 362 378 386 458 498 506 522 530 546 554 
X^461:  149 173 245 261 277 293 301 317 325 341 349 357 365 397 413 445 453 485 493 501 509 549 
X^462:  160 224 256 272 288 312 360 384 400 408 416 424 456 472 480 504 536 552 
X^463:  243 251 259 275 291 299 315 323 331 387 395 435 443 459 467 491 507 515 539 
X^464:  158 222 254 270 278 286 294 310 318 326 398 414 470 478 486 494 542 550 
X^465:  137 233 249 257 273 281 297 313 329 369 377 441 449 457 489 513 529 
X^466:  140 244 252 308 380 404 412 420 428 444 468 500 508 524 
X^467:  239 247 263 271 279 287 311 319 327 359 367 375 399 407 423 431 447 455 463 471 495 543 
X^468:  234 250 266 282 306 314 322 354 370 378 410 442 450 466 474 482 498 514 530 554 
X^469:  141 237 245 253 277 293 301 317 325 333 349 365 389 421 477 493 509 533 541 
X^470:  152 216 240 248 256 272 296 304 328 352 392 400 408 440 448 464 488 496 512 520 528 552 
X^471:  139 171 235 267 275 283 299 307 315 347 371 379 395 403 427 467 475 515 539 555 
X^472:  150 214 238 286 294 302 318 366 374 382 422 438 454 462 478 494 542 
X^473:  129 161 249 273 281 297 305 361 369 377 417 425 433 449 481 513 521 545 553 
X^474:  140 164 172 260 276 284 292 308 324 332 348 356 364 380 388 396 404 436 468 484 492 500 508 516 532 556 
X^475:  135 247 263 279 303 311 327 343 351 359 367 375 407 431 447 455 471 487 495 519 527 535 543 551 
X^476:  130 170 242 258 266 282 290 298 330 346 354 370 378 386 394 402 410 418 426 434 458 482 490 498 506 522 530 
X^477:  133 165 237 261 309 333 341 357 381 421 445 469 485 509 517 525 549 
X^478:  136 144 168 208 240 248 264 272 280 288 296 304 312 320 328 368 376 392 416 456 464 472 512 544 
X^479:  139 227 243 259 267 275 307 331 347 355 363 379 395 403 411 419 427 435 443 451 499 515 547 555 
X^480:  134 142 206 230 246 262 270 286 294 318 342 358 374 390 398 406 438 454 462 486 518 
X^481:  121 137 153 169 233 241 257 265 297 313 321 361 369 377 385 393 401 433 473 489 497 513 529 537 545 
X^482:  124 132 140 236 244 252 260 284 292 308 316 324 340 348 372 396 412 436 444 452 468 476 484 500 508 524 540 548 
X^483:  135 167 223 231 255 263 271 303 327 351 359 383 399 415 487 495 503 511 535 543 551 
X^484:  130 154 162 170 234 258 282 314 322 330 346 362 378 402 410 418 426 450 474 482 506 514 522 530 546 
X^485:  125 133 157 165 173 245 253 269 277 309 317 333 349 373 389 405 429 445 453 461 477 
X^486:  128 160 200 224 232 240 248 272 280 288 304 328 352 368 376 400 440 448 464 480 496 504 512 544 552 
X^487:  123 131 139 227 235 251 259 299 307 323 339 347 355 363 371 387 411 427 435 443 451 459 475 483 507 515 531 555 
X^488:  126 134 166 198 230 254 262 278 310 318 334 366 382 422 430 446 470 494 502 534 550 
X^489:  113 129 169 209 225 241 249 257 273 281 345 353 369 377 393 401 449 465 481 505 513 529 
X^490:  140 172 212 228 244 260 268 284 292 300 324 332 356 364 372 380 388 412 420 428 452 476 500 508 516 532 548 556 
X^491:  119 127 135 151 159 167 215 231 239 247 255 271 279 303 311 319 327 351 359 375 383 399 407 431 455 463 503 527 551 
X^492:  114 122 130 138 226 250 258 266 306 314 330 346 362 394 402 434 450 458 474 506 522 530 
X^493:  117 141 157 213 221 245 253 277 285 293 301 317 333 341 365 373 381 397 437 453 461 469 493 501 517 525 533 549 557 
X^494:  152 192 216 256 288 296 312 320 344 360 368 376 384 392 408 416 424 464 472 488 496 504 512 520 
X^495:  155 163 171 211 235 283 291 299 315 331 339 347 395 411 419 427 443 451 459 467 475 483 515 523 539 
X^496:  150 158 166 190 214 222 230 254 278 310 318 350 358 366 390 422 454 470 486 494 510 526 
X^497:  105 153 169 201 225 233 313 337 345 353 361 369 377 385 401 409 425 449 481 497 521 537 545 553 
X^498:  108 148 220 284 292 308 316 340 348 372 388 396 404 412 460 468 476 500 508 516 532 548 556 
X^499:  151 159 167 207 223 279 287 311 327 343 359 375 391 423 439 455 479 511 543 
X^500:  146 154 162 202 210 226 234 282 306 330 354 362 370 378 394 410 426 450 458 466 474 482 490 498 530 546 
X^501:  109 157 165 173 205 213 229 237 293 309 357 365 373 381 389 405 413 437 445 453 461 493 501 533 541 549 557 
X^502:  144 168 184 224 248 272 304 328 344 352 376 384 392 408 424 440 456 488 520 544 552 
X^503:  107 147 155 203 211 219 235 267 275 283 291 299 307 315 323 339 347 363 371 379 387 411 419 427 435 443 459 483 491 507 515 531 547 
X^504:  142 158 182 214 222 230 246 302 310 326 350 358 366 374 422 446 454 462 486 494 550 
X^505:  97 145 209 217 233 257 289 297 305 321 329 337 345 353 361 369 377 385 393 425 449 457 489 505 513 537 545 
X^506:  108 140 148 164 172 204 212 236 260 276 284 300 316 332 340 348 356 372 420 428 452 460 476 484 492 516 524 548 
X^507:  103 143 151 167 207 231 271 279 295 303 311 319 343 351 375 383 391 423 431 439 463 487 503 527 543 551 
X^508:  98 138 170 202 210 226 274 290 306 314 338 346 362 386 410 458 466 474 482 490 498 514 530 538 
X^509:  101 141 149 173 213 229 237 261 285 317 325 349 365 373 405 413 429 437 445 453 461 469 477 509 525 533 541 549 557 
X^510:  104 136 144 152 160 168 176 200 208 232 240 264 280 288 328 344 360 400 432 440 448 456 496 512 
X^511:  107 139 147 171 195 203 227 235 267 275 283 299 315 323 355 363 379 387 411 419 427 451 459 483 499 547 
X^512:  46 102 134 158 174 206 214 238 262 270 278 286 302 326 334 366 374 390 406 414 446 454 470 478 486 494 510 518 534 
X^513:  89 105 137 153 161 209 225 233 249 265 281 313 321 353 369 377 385 417 433 441 449 457 465 473 481 489 505 513 521 529 537 545 553 
X^514:  44 92 100 108 132 148 156 164 196 204 220 228 236 276 300 332 348 380 388 396 436 452 468 484 508 524 532 556 
X^515:  103 135 143 167 191 207 223 231 271 295 311 335 359 375 391 423 431 447 463 471 479 487 495 503 519 527 535 551 
X^516:  42 98 130 138 154 162 170 194 218 226 234 250 258 266 282 290 346 362 370 386 410 426 442 450 458 474 490 498 506 522 546 
X^517:  45 93 101 141 149 157 205 221 253 261 269 277 301 317 325 341 357 373 413 421 429 437 445 453 477 493 525 533 541 557 
X^518:  40 96 104 128 136 144 200 224 232 264 272 288 296 312 352 368 384 400 408 424 432 440 480 512 520 528 
X^519:  91 99 107 131 139 147 163 171 211 219 227 259 275 307 323 331 371 387 427 435 443 451 459 475 515 531 547 
X^520:  38 94 126 134 150 158 166 190 198 222 286 294 310 318 326 342 350 366 374 390 414 438 446 470 494 502 518 542 
X^521:  81 97 129 177 225 265 289 297 305 313 321 329 353 361 377 385 393 409 433 441 449 473 497 513 521 537 553 
X^522:  36 108 124 132 140 164 172 180 188 204 212 220 236 252 276 284 292 324 348 364 372 404 420 444 460 476 484 492 516 524 532 548 556 
X^523:  87 95 103 127 135 143 151 159 183 191 215 223 247 263 279 287 303 311 335 343 351 367 375 383 391 399 407 423 431 439 495 527 551 
X^524:  34 82 90 98 106 122 138 146 154 170 186 194 202 234 250 266 274 282 298 314 330 346 354 370 386 394 402 426 434 442 450 458 466 482 506 514 522 
X^525:  37 45 85 109 125 133 157 165 173 181 197 229 253 301 309 317 333 365 381 389 405 429 453 477 493 509 517 525 533 541 557 
X^526:  32 96 120 152 168 192 208 224 248 256 312 320 328 336 352 392 400 408 496 528 544 
X^527:  123 131 139 155 171 179 187 195 211 227 235 267 275 283 307 323 331 339 355 363 371 379 403 475 491 507 515 523 531 539 547 555 
X^528:  94 118 126 134 150 190 206 214 222 230 254 278 310 318 334 342 358 382 390 398 430 438 446 470 518 526 534 
X^529:  73 121 153 169 185 193 201 209 217 233 249 265 297 305 313 321 353 361 369 377 385 393 425 441 449 465 481 489 513 529 537 545 553 
X^530:  76 116 140 148 156 180 188 204 244 252 268 284 292 324 348 356 364 380 396 404 436 452 460 468 476 484 492 500 508 540 548 
X^531:  119 127 135 151 175 183 199 207 215 223 271 279 287 295 311 319 327 343 351 367 383 391 423 431 447 487 503 519 527 535 543 
X^532:  114 122 130 146 162 186 202 218 242 266 282 314 338 346 370 378 386 394 410 418 426 458 474 490 498 514 522 554 
X^533:  77 125 133 149 157 181 189 205 213 229 237 253 269 277 285 293 301 309 357 373 381 397 413 437 453 469 493 501 509 517 525 533 549 557 
X^534:  88 112 136 144 152 160 168 176 184 192 208 232 256 264 272 288 296 328 352 376 400 416 424 432 440 488 512 528 552 
X^535:  75 107 115 123 139 147 163 211 219 235 267 275 299 323 331 339 347 395 403 419 435 475 483 515 531 547 
X^536:  86 110 126 142 166 174 222 230 238 278 294 302 318 326 334 342 366 406 414 422 430 454 462 542 
X^537:  65 97 113 129 145 161 185 193 209 217 233 241 257 281 289 321 385 393 417 441 481 497 505 513 521 529 
X^538:  76 100 116 132 140 164 196 204 212 220 228 236 276 300 308 340 348 356 380 388 412 420 452 508 540 556 
X^539:  71 111 119 143 183 215 255 263 271 279 287 295 311 319 327 351 375 391 407 415 423 431 439 447 455 463 471 495 527 551 
X^540:  66 130 146 162 178 202 218 226 242 250 274 282 290 298 330 338 354 362 394 410 450 458 482 530 538 546 
X^541:  45 69 101 109 117 133 141 149 157 173 245 253 269 285 293 301 309 317 333 365 373 389 445 453 469 501 509 517 525 
X^542:  72 80 112 120 128 136 144 176 184 208 216 224 232 240 248 272 288 296 336 384 432 440 448 464 472 520 536 
X^543:  75 107 115 139 179 195 211 235 275 299 323 331 363 371 379 387 411 435 443 451 459 467 475 483 499 507 531 555 
X^544:  14 70 78 102 126 142 150 166 182 206 222 238 262 286 294 302 310 334 350 366 374 390 398 406 430 438 478 486 502 526 550 
X^545:  57 73 89 129 153 161 177 185 193 233 257 265 281 297 329 345 361 369 385 417 433 441 473 481 497 505 513 529 
X^546:  12 44 60 68 76 100 116 132 148 156 164 180 204 220 228 244 268 276 292 316 324 348 356 372 380 388 396 412 420 436 460 484 500 516 540 
X^547:  71 111 135 151 159 191 207 231 247 263 303 311 327 367 375 383 407 423 431 455 479 503 511 519 527 535 551 
X^548:  10 42 66 90 122 130 138 154 162 170 218 242 250 258 266 274 282 298 306 314 322 330 338 362 378 386 418 426 434 450 482 490 498 506 522 530 
X^549:  13 45 61 69 93 101 117 141 165 173 181 197 205 213 253 277 309 341 349 365 381 413 429 453 461 477 493 501 509 533 549 557 
X^550:  8 64 104 112 152 176 184 192 200 208 216 232 240 280 296 312 328 344 368 384 400 408 416 424 440 448 464 488 504 544 
X^551:  59 67 75 99 107 115 123 131 163 171 203 227 235 243 251 291 299 307 315 339 347 363 403 411 427 435 451 459 475 483 491 507 515 523 539 547 555 
X^552:  6 62 70 94 118 126 134 142 150 166 198 214 230 238 246 254 262 270 278 326 334 358 374 382 390 414 422 430 454 462 470 486 502 534 
X^553:  49 65 97 105 113 161 169 185 209 217 249 265 281 297 345 353 369 377 385 401 425 433 441 457 473 497 513 521 529 
X^554:  4 36 76 92 100 124 132 140 148 180 196 228 236 276 292 300 308 324 348 356 364 372 388 396 428 460 468 532 
X^555:  55 63 71 87 111 127 135 143 151 175 199 207 215 223 263 287 303 311 319 327 375 383 399 423 431 447 471 479 487 527 543 551 
X^556:  2 34 50 58 66 74 90 106 122 138 162 178 218 242 266 282 338 370 378 394 458 474 490 498 514 522 538 
X^557:  5 13 29 37 45 53 77 101 117 125 141 149 165 189 205 213 221 229 237 253 269 277 301 317 349 373 381 389 397 413 453 493 501 509 517 525 533 549 557 
X^558:  0 
checksum: 2552623