503
X^0:  504 
X^1:  
X^2:  
X^3:  
X^4:  
X^5:  
X^6:  502 
X^7:  503 
X^8:  496 
X^9:  
X^10:  
X^11:  
X^12:  500 
X^13:  
X^14:  502 
X^15:  503 
X^16:  488 
X^17:  
X^18:  498 
X^19:  499 
X^20:  492 500 
X^21:  
X^22:  486 494 
X^23:  487 495 503 
X^24:  480 496 
X^25:  
X^26:  
X^27:  
X^28:  500 
X^29:  
X^30:  494 
X^31:  495 
X^32:  472 488 
X^33:  
X^34:  498 
X^35:  499 
X^36:  
X^37:  
X^38:  470 494 
X^39:  471 495 
X^40:  464 480 496 
X^41:  
X^42:  490 498 
X^43:  491 499 
X^44:  468 492 
X^45:  
X^46:  470 478 486 494 
X^47:  471 479 487 503 
X^48:  456 472 496 
X^49:  
X^50:  466 482 490 
X^51:  467 483 491 499 
X^52:  460 468 476 
X^53:  501 
X^54:  454 462 486 502 
X^55:  455 463 471 487 495 
X^56:  448 480 496 
X^57:  
X^58:  
X^59:  
X^60:  484 
X^61:  501 
X^62:  486 494 502 
X^63:  487 495 503 
X^64:  440 472 488 
X^65:  
X^66:  482 
X^67:  483 499 
X^68:  476 484 492 
X^69:  493 501 
X^70:  438 470 478 
X^71:  439 471 479 487 503 
X^72:  432 464 
X^73:  497 
X^74:  490 498 
X^75:  491 
X^76:  436 492 
X^77:  485 501 
X^78:  438 502 
X^79:  439 
X^80:  424 456 488 
X^81:  489 
X^82:  434 482 490 498 
X^83:  435 
X^84:  428 436 492 
X^85:  477 485 501 
X^86:  422 430 454 486 502 
X^87:  423 431 439 455 495 
X^88:  416 432 448 
X^89:  497 
X^90:  474 482 490 498 
X^91:  475 483 
X^92:  436 452 476 500 
X^93:  469 485 493 
X^94:  430 454 478 502 
X^95:  431 455 487 
X^96:  408 424 440 472 480 488 
X^97:  
X^98:  434 450 466 474 482 490 
X^99:  435 451 475 491 499 
X^100:  444 452 484 492 500 
X^101:  461 469 477 485 501 
X^102:  406 430 438 446 494 
X^103:  407 431 439 447 455 471 479 487 
X^104:  400 416 448 480 488 496 
X^105:  465 497 
X^106:  426 434 458 466 474 482 490 498 
X^107:  427 435 459 483 
X^108:  404 428 452 460 484 
X^109:  453 477 493 
X^110:  406 414 422 430 446 470 486 494 
X^111:  407 415 423 439 447 
X^112:  392 408 424 432 440 456 
X^113:  457 473 489 
X^114:  402 418 426 458 474 490 498 
X^115:  403 419 427 435 451 467 483 499 
X^116:  396 404 412 460 468 476 484 
X^117:  437 445 453 461 469 485 
X^118:  390 398 438 446 454 470 478 486 
X^119:  391 399 407 431 447 463 471 487 503 
X^120:  384 448 464 480 496 
X^121:  497 
X^122:  498 
X^123:  499 
X^124:  468 484 500 
X^125:  501 
X^126:  462 486 494 
X^127:  463 487 495 503 
X^128:  376 440 456 472 488 496 
X^129:  489 497 
X^130:  466 482 490 498 
X^131:  467 483 491 
X^132:  476 484 500 
X^133:  501 
X^134:  374 438 462 470 478 
X^135:  375 439 463 471 479 487 495 
X^136:  368 432 448 496 
X^137:  481 497 
X^138:  458 466 482 490 498 
X^139:  459 467 483 491 499 
X^140:  372 436 460 484 500 
X^141:  
X^142:  374 438 446 454 462 494 
X^143:  375 439 447 455 471 487 
X^144:  360 424 440 456 464 480 496 
X^145:  473 481 
X^146:  370 434 450 458 474 
X^147:  371 435 451 459 467 475 483 
X^148:  364 372 428 436 444 476 484 492 500 
X^149:  469 477 485 493 501 
X^150:  358 366 422 430 470 478 486 502 
X^151:  359 367 375 423 431 439 463 487 503 
X^152:  352 368 416 464 488 
X^153:  465 481 489 
X^154:  466 474 
X^155:  467 475 
X^156:  372 468 476 484 500 
X^157:  
X^158:  366 462 478 494 502 
X^159:  367 463 471 487 
X^160:  344 360 408 456 464 472 480 
X^161:  457 465 473 489 497 
X^162:  370 458 482 
X^163:  371 459 499 
X^164:  468 476 500 
X^165:  461 485 493 
X^166:  342 366 406 486 
X^167:  343 367 407 463 471 479 495 503 
X^168:  336 352 368 400 448 464 472 488 
X^169:  449 465 473 489 497 
X^170:  362 370 450 466 482 498 
X^171:  363 371 451 483 491 
X^172:  340 364 404 460 484 
X^173:  453 485 493 
X^174:  342 350 358 366 406 446 462 478 486 494 502 
X^175:  343 351 359 375 407 447 455 471 487 503 
X^176:  328 344 368 392 440 448 456 464 480 488 
X^177:  441 449 473 
X^178:  338 354 362 402 442 474 482 498 
X^179:  339 355 363 371 403 443 459 467 475 
X^180:  332 340 348 396 404 444 452 460 492 500 
X^181:  373 477 
X^182:  326 334 358 374 390 398 462 478 486 502 
X^183:  327 335 343 359 367 391 399 407 447 455 479 487 495 503 
X^184:  320 352 368 384 400 432 448 464 488 496 
X^185:  433 481 
X^186:  434 442 450 458 482 498 
X^187:  435 443 451 467 483 491 
X^188:  356 404 436 444 468 476 484 500 
X^189:  373 453 461 469 
X^190:  358 366 374 398 430 446 462 470 478 494 
X^191:  359 367 375 399 431 439 455 463 471 487 
X^192:  312 344 360 376 392 424 432 448 464 480 496 
X^193:  425 433 457 465 
X^194:  354 402 426 442 450 490 
X^195:  355 371 403 427 443 467 483 491 
X^196:  348 356 364 436 452 484 
X^197:  365 373 429 445 453 469 485 
X^198:  310 342 350 374 398 438 462 470 478 494 
X^199:  311 343 351 359 399 431 447 455 463 503 
X^200:  304 336 368 384 400 416 456 464 480 496 
X^201:  369 417 449 465 473 497 
X^202:  362 370 394 402 418 442 474 482 498 
X^203:  363 395 403 419 435 459 475 483 499 
X^204:  308 364 372 396 428 460 500 
X^205:  357 373 421 445 461 469 477 501 
X^206:  310 382 390 398 414 430 446 454 470 478 
X^207:  311 375 383 391 407 415 423 439 447 455 471 479 
X^208:  296 328 376 400 408 416 432 440 448 456 464 472 488 496 
X^209:  361 409 417 425 449 457 481 497 
X^210:  306 354 362 386 394 410 426 434 466 474 482 490 
X^211:  307 371 387 395 403 411 443 451 475 483 491 
X^212:  300 308 372 380 412 420 428 436 444 468 476 484 
X^213:  349 357 373 405 445 453 461 469 485 501 
X^214:  294 302 326 366 374 390 406 422 430 446 454 462 502 
X^215:  295 303 311 327 359 375 391 399 415 439 447 463 487 495 
X^216:  288 304 320 352 384 424 432 464 480 488 
X^217:  369 401 417 425 433 457 473 481 489 
X^218:  346 354 362 370 402 410 434 458 466 482 
X^219:  347 355 403 411 435 459 467 483 491 499 
X^220:  308 324 348 372 388 404 412 420 436 444 468 484 
X^221:  341 357 365 405 437 461 477 485 493 
X^222:  302 326 350 374 390 406 414 438 446 454 462 478 486 494 
X^223:  303 327 359 391 423 431 439 463 479 503 
X^224:  280 296 312 352 360 376 400 408 416 424 432 448 456 488 
X^225:  393 401 409 441 465 473 
X^226:  306 322 338 346 354 362 386 394 418 426 442 458 466 474 490 498 
X^227:  307 323 347 363 371 387 395 403 427 435 443 451 459 467 475 483 491 
X^228:  316 324 356 364 372 380 388 396 404 412 428 444 452 468 476 484 500 
X^229:  333 341 349 357 373 405 421 429 453 469 477 485 493 501 
X^230:  278 302 310 318 342 366 374 382 422 438 470 478 486 494 
X^231:  279 303 311 319 327 351 359 375 383 391 399 415 439 447 495 503 
X^232:  272 288 320 336 352 360 384 400 408 416 424 440 472 480 496 
X^233:  337 369 385 409 417 425 473 489 497 
X^234:  298 306 330 338 346 354 362 370 386 394 426 434 450 466 482 498 
X^235:  299 307 331 355 387 395 435 443 451 467 475 483 491 
X^236:  276 300 324 332 340 356 428 436 468 500 
X^237:  325 349 365 405 421 429 477 
X^238:  278 286 294 302 318 358 366 382 398 406 422 446 454 470 478 494 
X^239:  279 287 295 311 319 343 383 391 407 415 495 
X^240:  264 280 296 304 312 360 376 384 400 408 432 440 448 464 488 
X^241:  329 345 361 377 385 393 417 425 457 465 489 497 
X^242:  274 290 298 330 338 346 362 370 378 386 394 402 418 434 442 458 466 482 490 
X^243:  275 291 299 307 323 355 371 379 395 403 427 435 459 467 475 483 491 
X^244:  268 276 284 348 356 380 388 420 436 444 468 484 
X^245:  309 317 325 333 341 357 381 389 405 437 461 469 477 501 
X^246:  262 270 310 318 334 342 350 390 398 406 414 422 430 454 462 470 478 494 502 
X^247:  263 271 279 303 319 327 375 383 391 399 439 463 471 487 495 
X^248:  256 384 416 432 448 464 496 
X^249:  481 497 
X^250:  482 490 
X^251:  483 491 499 
X^252:  420 468 484 500 
X^253:  437 469 485 493 501 
X^254:  422 430 438 462 470 
X^255:  423 431 439 463 471 479 487 495 
X^256:  248 376 408 424 440 456 488 496 
X^257:  473 497 
X^258:  418 466 474 482 490 
X^259:  419 435 475 483 499 
X^260:  412 420 428 476 492 
X^261:  429 437 461 469 485 501 
X^262:  246 374 406 414 438 478 486 502 
X^263:  247 375 407 415 423 503 
X^264:  240 368 400 432 448 464 480 
X^265:  433 481 497 
X^266:  426 434 458 466 474 498 
X^267:  427 459 483 499 
X^268:  244 372 428 436 460 468 484 
X^269:  421 437 453 469 485 501 
X^270:  246 374 446 462 486 494 502 
X^271:  247 375 439 447 471 503 
X^272:  232 360 392 440 464 472 480 488 
X^273:  425 473 481 497 
X^274:  242 370 418 426 450 458 482 
X^275:  243 371 435 467 483 491 499 
X^276:  236 244 364 372 436 444 460 476 484 492 500 
X^277:  413 421 437 445 453 461 469 485 493 
X^278:  230 238 358 366 390 430 438 446 454 470 478 494 
X^279:  231 239 247 359 367 375 391 423 439 447 455 463 471 479 503 
X^280:  224 240 352 368 384 416 448 488 
X^281:  433 449 465 489 
X^282:  410 418 426 434 450 458 474 498 
X^283:  411 419 451 499 
X^284:  244 372 388 412 436 468 492 
X^285:  405 421 429 437 485 493 
X^286:  238 366 390 414 462 470 486 494 502 
X^287:  239 367 391 423 439 447 455 463 471 487 495 
X^288:  216 232 344 360 376 416 424 440 464 488 
X^289:  441 457 465 481 489 
X^290:  242 370 386 402 410 418 426 442 466 
X^291:  243 371 387 411 427 443 459 467 475 483 499 
X^292:  380 388 420 428 436 452 468 476 484 
X^293:  397 405 413 421 429 445 453 461 469 485 
X^294:  214 238 342 366 374 382 406 438 446 454 478 486 494 502 
X^295:  215 239 343 367 375 383 391 415 423 431 439 455 463 471 479 487 503 
X^296:  208 224 240 336 352 384 400 416 424 448 464 472 480 488 
X^297:  401 433 473 481 
X^298:  234 242 362 370 394 402 410 418 426 434 442 450 458 474 482 490 
X^299:  235 243 363 371 395 419 435 443 459 
X^300:  212 236 340 364 388 396 404 420 436 452 460 476 484 492 500 
X^301:  389 413 421 429 445 477 
X^302:  214 222 230 238 342 350 358 366 382 430 438 454 462 470 
X^303:  215 223 231 247 343 351 359 375 383 407 423 439 447 455 463 479 503 
X^304:  200 216 240 328 344 360 368 376 424 440 448 456 496 
X^305:  393 409 425 441 449 457 465 481 489 497 
X^306:  210 226 234 338 354 362 394 402 410 426 434 450 458 482 498 
X^307:  211 227 235 243 339 355 363 371 387 427 435 443 483 499 
X^308:  204 212 220 332 340 348 412 420 428 444 468 492 
X^309:  245 373 381 389 397 405 413 445 453 477 485 493 501 
X^310:  198 206 230 246 326 334 374 382 398 406 430 446 462 478 486 
X^311:  199 207 215 231 239 327 335 343 367 383 391 415 431 439 447 455 463 479 487 
X^312:  192 224 240 320 480 496 
X^313:  417 489 497 
X^314:  418 426 434 442 450 466 482 
X^315:  419 427 443 459 483 491 499 
X^316:  228 420 444 452 468 484 500 
X^317:  245 405 421 429 453 469 493 501 
X^318:  230 238 246 406 430 438 446 454 462 470 
X^319:  231 239 247 407 415 423 463 503 
X^320:  184 216 232 312 440 448 456 472 496 
X^321:  409 425 465 473 481 489 
X^322:  226 410 418 442 450 482 490 498 
X^323:  227 243 403 411 419 427 491 
X^324:  220 228 236 412 428 436 444 452 484 492 
X^325:  237 245 397 405 421 445 453 469 485 493 
X^326:  182 214 222 310 398 414 422 430 438 446 478 486 494 502 
X^327:  183 215 223 231 247 311 399 471 495 503 
X^328:  176 208 304 432 448 456 480 488 496 
X^329:  241 465 489 
X^330:  234 242 410 418 482 490 498 
X^331:  235 403 435 443 467 475 483 
X^332:  180 236 308 404 420 428 468 476 492 500 
X^333:  229 245 389 405 421 453 461 469 477 485 501 
X^334:  182 246 310 390 414 446 454 462 494 
X^335:  183 311 391 415 431 447 455 463 471 495 
X^336:  168 200 232 296 432 456 480 
X^337:  233 433 449 457 465 473 489 
X^338:  178 226 234 242 306 410 418 434 442 466 482 490 498 
X^339:  179 307 387 395 411 435 451 467 475 483 499 
X^340:  172 180 236 300 308 396 436 444 468 476 484 492 
X^341:  221 229 245 381 389 397 413 429 437 461 485 493 
X^342:  166 174 198 230 246 294 302 382 438 454 462 478 494 
X^343:  167 175 183 199 239 295 303 311 383 407 415 423 431 447 479 487 
X^344:  160 176 192 288 304 416 432 472 
X^345:  241 385 417 465 473 497 
X^346:  218 226 234 242 386 394 402 426 450 458 466 482 490 498 
X^347:  219 227 387 403 411 419 451 467 475 483 491 
X^348:  180 196 220 244 308 388 412 428 460 468 492 500 
X^349:  213 229 237 373 429 453 469 485 501 
X^350:  174 198 222 246 302 374 390 398 406 414 422 438 462 494 
X^351:  175 199 231 303 375 383 399 447 471 487 495 
X^352:  152 168 184 216 224 232 280 296 416 456 464 472 480 496 
X^353:  377 409 417 441 449 457 497 
X^354:  178 194 210 218 226 234 306 378 386 394 402 418 426 450 458 474 482 490 
X^355:  179 195 219 235 243 307 371 379 387 403 419 467 475 483 491 
X^356:  188 196 228 236 244 380 396 412 420 428 436 444 460 476 492 500 
X^357:  205 213 221 229 245 365 373 381 389 405 413 477 493 
X^358:  150 174 182 190 238 278 302 366 390 398 406 414 462 478 486 494 
X^359:  151 175 183 191 199 215 223 231 279 303 367 383 399 423 431 439 447 455 471 487 495 503 
X^360:  144 160 192 224 232 240 272 288 304 400 448 456 496 
X^361:  209 241 385 401 417 425 441 449 457 473 
X^362:  170 178 202 210 218 226 234 242 298 306 378 402 418 442 474 482 
X^363:  171 179 203 227 299 307 371 379 387 403 419 443 451 459 491 499 
X^364:  148 172 196 204 228 276 300 372 388 396 412 420 452 460 492 500 
X^365:  197 221 237 357 381 389 405 413 429 445 453 469 477 493 501 
X^366:  150 158 166 174 190 214 230 238 278 286 294 302 358 374 382 414 438 454 462 470 486 494 
X^367:  151 159 167 183 191 279 287 295 311 359 375 391 423 455 503 
X^368:  136 152 168 176 184 200 264 280 304 400 408 416 448 456 464 
X^369:  201 217 233 393 401 409 433 441 457 465 481 
X^370:  146 162 170 202 218 234 242 274 290 298 378 394 402 426 442 466 
X^371:  147 163 171 179 195 211 227 243 275 291 299 307 355 363 387 403 419 451 459 491 499 
X^372:  140 148 156 204 212 220 228 268 276 284 364 388 412 428 436 444 460 468 484 492 
X^373:  181 189 197 205 213 229 309 349 357 381 389 397 421 429 445 453 461 469 477 485 501 
X^374:  134 142 182 190 198 214 222 230 262 270 294 310 350 366 398 414 446 454 462 470 478 486 
X^375:  135 143 151 175 191 207 215 231 247 263 271 279 295 303 351 367 383 391 431 447 455 471 495 503 
X^376:  128 192 208 224 240 256 288 304 400 424 432 448 464 472 488 
X^377:  241 353 449 457 489 
X^378:  242 354 362 370 378 386 394 426 466 474 498 
X^379:  243 355 363 379 387 403 427 435 443 467 475 483 491 499 
X^380:  212 228 244 292 356 380 404 412 436 444 468 492 500 
X^381:  245 309 341 357 365 373 389 397 461 469 493 501 
X^382:  206 230 238 294 302 310 342 366 382 398 414 422 438 446 454 494 502 
X^383:  207 231 239 247 295 303 311 343 351 359 375 391 399 415 423 431 471 479 503 
X^384:  120 184 200 216 232 240 248 280 296 384 400 416 432 448 464 472 
X^385:  233 241 345 361 393 401 409 441 449 481 489 497 
X^386:  210 226 234 242 290 346 354 378 386 410 418 434 450 466 474 482 498 
X^387:  211 227 235 291 307 339 347 355 363 371 379 411 427 435 443 451 459 467 475 483 
X^388:  220 228 244 284 292 300 348 364 372 388 412 420 428 444 452 460 468 476 484 492 
X^389:  245 301 309 333 341 357 365 373 381 389 397 413 437 445 461 485 
X^390:  118 182 206 214 222 246 278 286 334 350 358 406 414 422 438 446 462 478 486 494 502 
X^391:  119 183 207 215 223 231 239 247 279 287 295 311 335 367 375 383 391 415 431 439 479 487 495 
X^392:  112 176 192 272 392 400 416 
X^393:  225 241 305 369 385 401 409 417 441 449 457 473 481 
X^394:  202 210 226 234 242 298 306 346 354 370 378 418 442 458 
X^395:  203 211 227 235 243 299 339 395 403 435 491 499 
X^396:  116 180 204 228 300 340 356 364 396 404 420 428 436 452 476 484 
X^397:  293 309 325 341 373 381 389 397 405 421 445 477 485 493 501 
X^398:  118 182 190 198 206 238 246 310 326 350 358 374 382 446 462 470 478 502 
X^399:  119 183 191 199 215 231 247 327 351 359 383 415 423 439 455 471 479 487 495 503 
X^400:  104 168 184 200 208 224 232 240 264 296 360 368 376 384 392 400 408 424 440 464 472 480 
X^401:  217 225 297 361 369 385 393 417 425 441 465 481 
X^402:  114 178 194 202 218 242 290 298 306 346 354 362 370 402 418 434 442 450 458 466 
X^403:  115 179 195 203 211 219 227 243 323 331 347 355 363 371 379 395 411 435 443 451 491 499 
X^404:  108 116 172 180 188 220 228 300 332 380 396 404 412 468 492 500 
X^405:  213 221 229 237 245 285 293 309 317 325 333 357 365 397 405 413 429 469 
X^406:  102 110 166 174 214 222 238 246 262 294 310 318 350 358 390 430 446 470 486 
X^407:  103 111 119 167 175 183 207 239 263 303 319 343 415 439 455 471 487 503 
X^408:  96 112 160 208 224 232 240 256 368 400 416 424 432 440 448 456 464 472 480 488 
X^409:  209 225 233 305 321 353 369 385 393 409 417 457 481 489 
X^410:  210 218 282 290 298 306 322 330 338 386 410 434 442 474 490 498 
X^411:  211 219 283 291 323 339 347 387 403 411 419 427 443 451 475 
X^412:  116 212 220 228 260 284 308 324 348 356 364 372 380 388 404 412 420 428 444 452 468 476 484 492 500 
X^413:  277 293 301 309 341 357 365 389 405 413 437 469 485 493 501 
X^414:  110 206 222 246 262 286 326 334 350 358 366 374 382 390 422 438 446 454 462 470 486 
X^415:  111 207 215 231 239 263 295 311 319 335 343 383 391 399 407 415 423 431 439 479 487 503 
X^416:  88 104 152 200 208 224 232 248 280 288 296 344 352 368 384 392 408 416 424 448 464 472 480 488 
X^417:  201 209 217 233 241 313 345 353 361 393 401 409 425 457 489 
X^418:  114 202 226 242 258 274 282 290 298 314 322 330 338 354 362 386 394 402 418 434 442 458 466 474 
X^419:  115 203 259 283 299 315 323 347 355 363 371 411 419 427 435 443 467 483 499 
X^420:  212 220 244 252 260 292 300 308 316 332 356 364 388 396 412 460 468 476 
X^421:  205 229 237 269 277 285 293 301 317 325 333 373 397 429 445 453 461 469 477 493 501 
X^422:  86 110 150 214 230 238 246 254 326 350 382 390 414 422 438 446 470 502 
X^423:  87 111 151 207 223 255 263 279 287 295 303 319 343 359 367 383 399 415 447 455 463 495 503 
X^424:  80 96 112 144 192 216 224 232 256 288 296 304 376 400 408 416 424 432 440 448 472 480 488 496 
X^425:  193 209 217 233 241 273 305 321 361 401 417 425 441 449 457 473 
X^426:  106 114 194 210 226 234 266 274 282 290 298 306 314 346 354 370 378 426 442 458 466 474 
X^427:  107 115 195 227 243 267 291 307 315 323 379 387 411 419 435 459 467 475 483 499 
X^428:  84 108 148 204 212 228 236 260 268 292 308 324 332 348 356 372 388 396 412 428 436 444 452 484 492 
X^429:  197 229 237 261 285 293 301 317 341 349 365 373 405 421 429 437 477 485 501 
X^430:  86 94 102 110 150 190 206 214 246 254 278 302 310 318 326 406 430 454 462 
X^431:  87 95 103 119 151 191 199 223 255 295 311 335 343 359 375 383 391 415 439 471 503 
X^432:  72 88 112 136 184 192 208 216 224 240 248 264 328 336 344 376 384 408 424 432 448 472 496 
X^433:  185 193 217 265 281 297 337 369 489 
X^434:  82 98 106 146 186 210 218 234 242 266 282 298 306 314 338 386 402 410 418 434 442 482 498 
X^435:  83 99 107 115 147 187 203 219 227 235 243 259 275 299 307 331 339 379 387 395 403 419 427 451 459 483 491 499 
X^436:  76 84 92 140 148 188 196 212 220 236 244 268 276 284 292 300 324 340 356 372 380 396 428 452 468 484 492 500 
X^437:  117 221 245 253 261 269 277 285 341 389 413 429 445 453 469 477 493 501 
X^438:  70 78 102 118 134 142 198 222 230 254 262 278 294 302 318 326 342 350 366 382 390 414 422 438 470 486 502 
X^439:  71 79 87 103 111 135 143 151 191 207 215 223 231 247 255 271 279 287 295 303 311 359 391 399 407 415 431 455 479 503 
X^440:  64 96 112 128 144 176 208 232 240 256 272 288 304 320 400 408 424 440 456 472 480 
X^441:  177 225 289 305 353 361 369 385 393 401 425 481 
X^442:  178 186 194 202 226 242 290 298 314 322 338 362 370 394 402 410 418 426 434 450 458 
X^443:  179 187 195 211 227 235 291 299 307 315 331 363 379 387 403 411 419 459 475 
X^444:  100 148 180 188 212 220 228 244 276 308 316 324 340 356 372 380 388 412 428 444 452 460 468 492 500 
X^445:  117 197 205 213 277 293 301 309 325 365 373 389 397 421 437 461 469 485 493 
X^446:  102 110 118 142 174 190 206 214 222 238 270 278 294 310 318 326 334 374 382 390 398 406 414 422 446 478 502 
X^447:  103 111 119 143 175 183 199 207 215 231 271 279 287 303 311 335 343 351 359 375 423 455 471 479 495 503 
X^448:  56 88 104 120 136 168 176 184 192 208 224 240 248 264 280 296 304 320 328 360 368 376 384 408 416 424 432 448 456 464 488 
X^449:  169 177 201 209 281 305 337 353 361 377 385 393 425 465 473 497 
X^450:  98 146 170 186 194 234 274 282 298 306 314 322 346 354 386 402 442 450 458 466 474 490 
X^451:  99 115 147 171 187 211 227 235 283 339 347 363 371 387 403 411 435 451 483 491 
X^452:  92 100 108 180 196 228 292 300 316 324 364 388 396 412 428 436 444 476 492 
X^453:  109 117 173 189 197 213 229 269 277 293 309 317 325 333 349 365 373 421 437 453 469 477 485 501 
X^454:  54 86 94 118 142 206 214 222 238 246 278 294 302 318 334 342 366 374 382 414 430 454 462 494 502 
X^455:  55 87 95 103 143 175 183 191 199 207 279 287 295 303 311 335 359 367 375 399 407 423 439 447 455 487 495 503 
X^456:  48 80 112 128 144 160 176 200 208 224 256 304 320 328 336 352 360 368 408 440 448 456 464 472 480 488 
X^457:  113 161 193 209 217 241 289 305 337 353 361 369 377 393 409 417 425 457 465 
X^458:  106 114 138 146 162 186 218 226 242 266 274 282 298 306 346 354 394 402 418 426 442 450 458 474 490 
X^459:  107 139 147 163 179 203 219 227 243 267 291 299 315 363 371 387 427 435 443 459 467 475 491 
X^460:  52 108 116 140 172 180 204 268 276 300 348 356 364 372 388 420 444 460 468 484 492 
X^461:  101 117 165 189 205 213 221 245 261 277 293 333 341 373 381 389 421 445 469 477 485 
X^462:  54 126 134 142 158 174 182 190 198 214 222 246 254 270 286 302 310 318 334 342 350 358 366 374 390 398 414 430 454 470 478 486 502 
X^463:  55 119 127 135 151 159 167 191 199 215 223 247 255 279 287 295 303 311 319 335 423 471 487 
X^464:  40 72 120 144 152 160 168 176 184 192 200 208 216 240 248 264 272 288 296 352 368 376 384 400 408 416 448 456 480 488 496 
X^465:  105 153 161 169 193 201 225 241 281 289 305 321 329 337 345 369 401 449 457 465 473 
X^466:  50 98 106 130 138 154 170 210 218 226 234 242 258 266 290 314 338 346 370 378 386 402 418 426 450 466 474 482 490 
X^467:  51 115 131 139 147 155 179 187 195 219 227 235 243 275 291 331 339 347 355 379 387 419 427 459 499 
X^468:  44 52 116 124 156 164 188 212 220 228 236 244 252 268 284 292 308 316 332 340 348 372 380 388 404 412 420 436 444 460 
X^469:  93 101 117 149 189 197 205 213 229 245 253 261 269 277 293 317 325 333 349 365 373 381 405 413 421 437 445 453 461 493 501 
X^470:  38 46 70 110 118 134 150 190 198 206 230 238 246 254 278 286 302 318 366 374 398 406 414 422 438 462 486 494 502 
X^471:  39 47 55 71 103 119 135 143 159 167 175 191 207 247 255 271 279 287 295 327 335 351 359 375 383 399 407 431 447 463 471 503 
X^472:  32 48 64 96 128 160 168 208 232 272 296 320 344 352 376 384 400 408 416 424 432 440 456 472 488 496 
X^473:  113 145 161 169 177 201 217 225 233 257 273 297 321 337 345 361 393 425 449 465 489 
X^474:  90 98 106 114 146 154 178 202 210 226 258 266 282 298 354 362 378 386 410 418 426 450 458 466 474 
X^475:  91 99 147 155 179 203 211 227 235 243 259 291 331 339 347 355 379 387 411 427 443 459 483 
X^476:  52 68 92 116 132 148 156 164 188 212 228 260 276 292 300 332 340 356 388 396 412 420 452 476 484 
X^477:  85 101 109 149 181 205 221 229 237 245 301 309 333 357 365 373 397 421 429 437 453 461 
X^478:  46 70 94 118 134 150 158 174 182 190 198 206 222 230 238 246 262 278 294 310 326 342 358 374 390 398 446 462 478 494 502 
X^479:  47 71 103 135 167 183 207 223 255 279 295 303 311 343 383 391 399 415 439 447 487 495 
X^480:  24 40 56 96 104 120 144 160 176 192 200 216 232 264 272 296 312 328 336 352 400 408 416 424 440 456 464 480 488 
X^481:  137 145 153 185 209 217 249 265 273 289 297 305 321 369 385 393 401 409 441 
X^482:  50 66 82 90 98 106 130 138 162 170 178 186 202 210 218 234 242 250 258 274 298 306 314 322 330 338 346 354 362 386 434 466 490 
X^483:  51 67 91 107 115 131 139 147 171 187 195 203 211 219 227 235 243 251 259 267 275 291 307 315 331 339 347 355 379 387 419 427 435 451 475 499 
X^484:  60 68 100 108 116 124 132 140 148 156 172 188 196 212 220 228 244 252 268 276 292 300 316 324 340 372 388 396 412 428 436 460 476 492 
X^485:  77 85 93 101 117 149 165 173 197 213 221 229 253 261 269 277 285 293 309 325 333 341 349 373 389 397 413 429 445 453 461 
X^486:  22 46 54 62 86 110 118 126 150 166 174 182 222 230 262 270 286 294 310 326 358 366 374 390 406 414 438 462 470 502 
X^487:  23 47 55 63 71 95 103 119 127 135 143 151 159 175 183 191 215 247 255 287 295 311 343 351 359 391 399 407 415 455 463 479 487 495 503 
X^488:  16 32 64 80 96 104 128 152 168 176 184 208 216 224 240 256 272 280 288 296 328 376 408 416 424 448 456 464 472 480 496 
X^489:  81 113 129 153 161 169 217 233 241 281 289 305 313 321 329 337 377 385 409 417 433 473 
X^490:  42 50 74 82 90 98 106 114 130 138 194 210 226 242 250 258 298 322 330 338 346 354 410 450 458 466 482 
X^491:  43 51 75 99 131 139 171 187 195 211 219 227 235 243 251 275 315 323 347 355 363 371 379 395 403 435 451 459 491 
X^492:  20 44 68 76 84 100 148 180 260 276 284 300 308 324 332 340 348 356 364 372 380 388 404 412 428 436 444 452 460 484 492 500 
X^493:  69 93 109 149 165 173 221 229 253 277 285 309 317 325 341 357 365 381 397 413 421 437 445 469 493 501 
X^494:  22 30 38 46 62 102 110 126 142 158 174 190 198 222 230 238 246 270 278 286 294 326 334 342 350 358 366 382 390 454 470 478 494 502 
X^495:  23 31 39 55 63 87 127 135 167 183 215 231 239 247 255 287 327 335 351 359 375 391 399 423 447 455 479 487 495 503 
X^496:  8 24 40 48 56 104 120 128 136 144 184 192 200 208 232 248 256 304 312 320 328 352 360 424 432 464 472 488 496 
X^497:  73 89 105 121 129 137 161 169 201 209 233 241 249 257 265 273 305 313 345 353 385 449 497 
X^498:  18 34 42 74 82 90 106 114 122 130 138 170 178 186 202 226 234 266 282 306 322 330 338 346 378 386 410 434 498 
X^499:  19 35 43 51 67 99 115 123 139 163 203 219 251 259 267 275 283 291 307 315 339 363 371 379 395 403 419 427 435 467 483 499 
X^500:  12 20 28 92 100 124 132 140 148 156 164 180 188 204 228 236 252 276 300 316 332 348 356 364 380 404 412 436 444 492 500 
X^501:  53 61 69 77 85 101 125 133 149 205 213 229 245 253 261 269 309 317 333 349 365 373 381 397 413 421 429 437 453 469 493 501 
X^502:  6 14 54 62 78 86 94 150 158 174 182 214 246 262 270 286 294 326 382 390 398 422 438 446 454 462 470 478 486 494 
X^503:  7 15 23 47 63 71 119 127 151 167 175 183 199 223 231 263 271 279 295 303 319 327 359 367 375 383 399 407 415 423 431 439 447 455 471 487 495 503 
X^504:  0 
checksum: 1937313