157
X^0:  158 
X^1:  
X^2:  156 
X^3:  
X^4:  154 
X^5:  157 
X^6:  152 
X^7:  
X^8:  150 
X^9:  
X^10:  148 
X^11:  
X^12:  146 
X^13:  149 157 
X^14:  144 
X^15:  
X^16:  142 
X^17:  
X^18:  140 
X^19:  
X^20:  138 
X^21:  141 157 
X^22:  136 
X^23:  
X^24:  134 
X^25:  
X^26:  132 
X^27:  
X^28:  130 
X^29:  133 141 149 157 
X^30:  128 
X^31:  155 
X^32:  
X^33:  
X^34:  156 
X^35:  151 
X^36:  
X^37:  
X^38:  152 
X^39:  147 155 
X^40:  150 
X^41:  
X^42:  156 
X^43:  143 151 
X^44:  146 154 
X^45:  
X^46:  
X^47:  139 
X^48:  
X^49:  
X^50:  140 
X^51:  135 151 
X^52:  154 
X^53:  157 
X^54:  136 
X^55:  131 139 147 155 
X^56:  134 150 
X^57:  153 
X^58:  140 156 
X^59:  127 135 
X^60:  130 138 146 
X^61:  149 
X^62:  144 
X^63:  123 147 
X^64:  142 
X^65:  
X^66:  124 140 148 156 
X^67:  119 143 
X^68:  138 146 
X^69:  
X^70:  120 136 
X^71:  115 123 139 147 
X^72:  118 134 150 
X^73:  
X^74:  124 132 140 
X^75:  111 119 135 143 
X^76:  114 122 130 138 
X^77:  149 
X^78:  128 
X^79:  107 131 139 147 155 
X^80:  126 142 
X^81:  153 
X^82:  108 124 132 140 148 156 
X^83:  103 119 127 135 143 
X^84:  130 138 146 
X^85:  125 149 
X^86:  104 120 
X^87:  99 107 115 155 
X^88:  102 134 150 
X^89:  121 145 
X^90:  108 116 132 148 156 
X^91:  95 103 119 
X^92:  98 106 122 146 154 
X^93:  117 133 141 157 
X^94:  128 144 152 
X^95:  91 139 
X^96:  126 150 
X^97:  145 
X^98:  92 124 140 148 
X^99:  87 143 151 
X^100:  122 
X^101:  125 141 149 157 
X^102:  88 120 144 152 
X^103:  83 91 147 
X^104:  86 118 142 
X^105:  153 
X^106:  92 116 140 156 
X^107:  79 87 127 
X^108:  82 90 114 130 138 146 154 
X^109:  117 125 133 141 149 157 
X^110:  112 136 144 
X^111:  75 123 131 155 
X^112:  110 126 134 150 
X^113:  129 153 
X^114:  76 108 148 156 
X^115:  71 87 135 151 
X^116:  90 106 122 130 138 146 
X^117:  93 109 133 149 157 
X^118:  72 104 120 128 136 144 
X^119:  67 75 83 91 123 131 147 
X^120:  70 86 102 118 126 150 
X^121:  89 137 153 
X^122:  76 92 100 116 132 140 156 
X^123:  63 71 111 119 
X^124:  66 74 82 98 130 138 146 
X^125:  85 101 109 149 157 
X^126:  80 96 112 120 128 
X^127:  59 83 107 139 147 155 
X^128:  30 78 94 118 126 142 
X^129:  113 137 
X^130:  28 60 76 84 108 116 124 140 
X^131:  55 79 111 119 
X^132:  26 74 82 90 122 138 146 
X^133:  29 93 109 117 141 157 
X^134:  24 56 72 88 112 
X^135:  51 59 75 83 115 139 155 
X^136:  22 54 70 110 118 150 
X^137:  121 129 145 153 
X^138:  20 60 68 76 84 108 116 124 132 
X^139:  47 55 71 79 95 127 135 143 
X^140:  18 50 58 66 74 82 98 106 122 130 146 
X^141:  21 29 93 101 109 133 141 149 
X^142:  16 64 80 104 128 144 
X^143:  43 67 75 83 99 139 147 
X^144:  14 62 94 102 110 118 142 
X^145:  89 97 137 145 153 
X^146:  12 44 60 68 84 92 108 116 124 132 140 
X^147:  39 55 63 71 79 103 119 127 143 
X^148:  10 66 82 90 98 114 
X^149:  13 29 61 77 85 101 109 117 125 141 157 
X^150:  8 40 56 72 88 96 112 120 136 152 
X^151:  35 43 51 99 115 
X^152:  6 38 94 102 150 
X^153:  57 81 105 113 121 137 145 
X^154:  4 44 52 92 108 
X^155:  31 39 55 79 87 111 127 135 
X^156:  2 34 42 58 66 82 90 106 114 122 
X^157:  5 13 21 29 53 93 101 109 117 125 133 149 157 
X^158:  0 
checksum: 56122