863
X^0:  864 
X^1:  
X^2:  
X^3:  
X^4:  
X^5:  
X^6:  
X^7:  
X^8:  
X^9:  
X^10:  
X^11:  
X^12:  
X^13:  
X^14:  
X^15:  863 
X^16:  
X^17:  
X^18:  
X^19:  
X^20:  
X^21:  
X^22:  862 
X^23:  863 
X^24:  856 
X^25:  
X^26:  
X^27:  859 
X^28:  
X^29:  861 
X^30:  854 862 
X^31:  847 855 863 
X^32:  832 
X^33:  
X^34:  
X^35:  
X^36:  
X^37:  
X^38:  
X^39:  863 
X^40:  
X^41:  
X^42:  
X^43:  
X^44:  
X^45:  861 
X^46:  862 
X^47:  855 
X^48:  848 
X^49:  
X^50:  
X^51:  859 
X^52:  
X^53:  861 
X^54:  862 
X^55:  847 
X^56:  856 
X^57:  857 
X^58:  858 
X^59:  851 859 
X^60:  
X^61:  845 853 
X^62:  846 854 862 
X^63:  839 847 855 
X^64:  800 
X^65:  
X^66:  
X^67:  859 
X^68:  
X^69:  853 
X^70:  846 854 
X^71:  831 855 
X^72:  840 
X^73:  857 
X^74:  858 
X^75:  843 
X^76:  
X^77:  829 845 853 
X^78:  830 838 846 
X^79:  799 823 831 847 
X^80:  816 848 
X^81:  849 857 
X^82:  850 858 
X^83:  827 859 
X^84:  
X^85:  829 837 845 
X^86:  798 830 838 854 
X^87:  799 815 831 839 863 
X^88:  792 824 
X^89:  825 841 849 857 
X^90:  826 842 850 
X^91:  795 819 827 835 851 859 
X^92:  860 
X^93:  797 813 821 
X^94:  790 798 814 822 830 862 
X^95:  783 791 799 807 855 863 
X^96:  768 
X^97:  
X^98:  858 
X^99:  
X^100:  860 
X^101:  861 
X^102:  862 
X^103:  863 
X^104:  856 
X^105:  
X^106:  850 
X^107:  859 
X^108:  852 860 
X^109:  853 861 
X^110:  
X^111:  855 
X^112:  
X^113:  
X^114:  842 
X^115:  
X^116:  844 852 
X^117:  845 861 
X^118:  854 862 
X^119:  847 863 
X^120:  840 856 
X^121:  857 
X^122:  834 850 
X^123:  843 
X^124:  836 844 852 860 
X^125:  837 845 
X^126:  838 854 
X^127:  839 855 
X^128:  848 
X^129:  
X^130:  826 842 
X^131:  851 
X^132:  828 844 
X^133:  829 845 861 
X^134:  830 846 862 
X^135:  831 863 
X^136:  824 856 
X^137:  857 
X^138:  818 834 850 858 
X^139:  827 851 
X^140:  820 828 836 844 852 860 
X^141:  821 829 837 861 
X^142:  838 846 
X^143:  823 863 
X^144:  832 
X^145:  
X^146:  810 826 850 858 
X^147:  835 843 859 
X^148:  812 820 828 860 
X^149:  813 845 853 
X^150:  822 830 846 854 
X^151:  815 831 847 
X^152:  808 824 
X^153:  825 841 857 
X^154:  802 834 842 
X^155:  811 843 851 859 
X^156:  804 812 828 836 860 
X^157:  805 813 821 853 861 
X^158:  806 822 838 
X^159:  807 823 847 863 
X^160:  848 856 
X^161:  
X^162:  794 826 842 
X^163:  851 
X^164:  796 828 836 844 860 
X^165:  797 829 
X^166:  798 838 854 862 
X^167:  799 831 847 
X^168:  792 824 840 848 856 
X^169:  841 
X^170:  786 818 850 
X^171:  795 827 859 
X^172:  788 796 820 828 852 860 
X^173:  789 797 821 829 837 853 861 
X^174:  822 846 
X^175:  791 823 839 855 
X^176:  840 848 856 
X^177:  849 
X^178:  778 810 850 858 
X^179:  851 
X^180:  780 788 812 860 
X^181:  781 797 813 845 
X^182:  790 798 814 830 838 854 
X^183:  783 799 815 847 
X^184:  776 792 808 832 840 
X^185:  793 841 857 
X^186:  770 786 802 842 850 858 
X^187:  779 811 835 859 
X^188:  772 780 788 796 804 812 828 836 844 852 860 
X^189:  773 781 805 813 837 845 853 861 
X^190:  774 790 822 830 838 846 854 
X^191:  775 791 807 839 
X^192:  784 800 824 840 856 
X^193:  849 
X^194:  762 778 794 826 834 842 
X^195:  787 827 859 
X^196:  764 780 796 804 836 852 
X^197:  765 781 813 837 853 861 
X^198:  766 782 798 806 822 846 854 862 
X^199:  767 815 847 855 
X^200:  760 808 816 832 848 
X^201:  793 809 825 841 857 
X^202:  754 770 794 802 818 826 834 
X^203:  763 787 795 827 843 851 
X^204:  756 764 772 780 804 820 852 
X^205:  757 765 773 789 861 
X^206:  774 782 790 814 830 838 846 
X^207:  759 791 807 839 855 863 
X^208:  768 800 808 816 840 848 
X^209:  817 833 849 857 
X^210:  746 762 778 786 818 826 842 850 858 
X^211:  771 779 795 803 819 843 851 
X^212:  748 756 764 780 820 828 836 
X^213:  749 789 797 837 845 853 861 
X^214:  758 766 790 798 806 838 846 862 
X^215:  751 767 799 831 839 863 
X^216:  744 760 776 792 800 816 824 832 840 848 
X^217:  761 777 793 841 
X^218:  738 778 786 802 826 834 
X^219:  747 787 827 835 843 
X^220:  740 748 764 780 788 796 836 844 860 
X^221:  741 749 757 773 781 805 829 
X^222:  742 758 774 790 798 822 838 846 
X^223:  743 759 775 791 807 823 839 847 855 863 
X^224:  768 816 832 840 
X^225:  841 849 857 
X^226:  730 794 810 826 842 850 
X^227:  819 
X^228:  732 796 812 828 836 844 
X^229:  733 797 813 845 853 
X^230:  734 798 814 830 838 854 862 
X^231:  735 855 863 
X^232:  728 792 832 840 856 
X^233:  825 833 841 849 857 
X^234:  722 786 802 826 842 
X^235:  731 795 819 827 851 859 
X^236:  724 732 788 796 804 812 852 
X^237:  725 733 789 805 821 845 853 
X^238:  798 806 814 822 830 854 
X^239:  727 823 847 863 
X^240:  784 800 824 832 840 
X^241:  825 833 
X^242:  714 778 794 810 818 826 834 842 850 858 
X^243:  795 803 811 827 835 843 851 859 
X^244:  716 724 780 788 796 812 852 860 
X^245:  717 733 781 797 821 837 861 
X^246:  726 734 790 822 830 
X^247:  719 735 799 831 839 847 
X^248:  712 728 776 808 816 824 832 848 
X^249:  729 809 817 825 841 849 
X^250:  706 722 770 794 810 842 850 
X^251:  715 779 787 795 819 835 843 
X^252:  708 716 724 732 772 780 796 812 820 836 844 852 
X^253:  709 717 773 805 813 821 837 845 
X^254:  710 726 774 782 798 806 814 822 838 846 854 
X^255:  711 727 783 807 823 863 
X^256:  608 720 736 800 808 848 856 
X^257:  809 817 849 857 
X^258:  698 714 762 810 818 826 842 
X^259:  723 795 827 859 
X^260:  700 716 764 812 828 836 844 852 860 
X^261:  701 717 733 765 789 821 845 861 
X^262:  702 718 734 766 782 790 822 830 
X^263:  703 735 791 815 823 839 847 855 
X^264:  696 728 760 776 800 832 840 848 856 
X^265:  729 793 801 825 833 849 857 
X^266:  690 706 722 730 754 794 802 810 818 826 834 
X^267:  699 723 763 779 819 827 851 859 
X^268:  692 700 708 716 724 732 756 764 804 828 860 
X^269:  693 701 709 733 757 781 789 813 837 845 
X^270:  710 718 766 774 782 798 814 830 838 846 854 
X^271:  607 695 767 783 807 815 839 
X^272:  704 752 784 792 808 824 840 848 856 
X^273:  785 801 809 817 841 849 
X^274:  682 698 722 730 746 786 802 810 834 842 858 
X^275:  707 715 731 763 795 811 827 835 843 859 
X^276:  684 692 700 732 748 756 836 844 852 
X^277:  685 717 725 749 773 781 797 805 813 829 837 845 853 861 
X^278:  606 694 702 718 726 734 758 774 790 814 830 838 862 
X^279:  607 687 703 719 735 775 799 807 815 855 
X^280:  600 680 696 728 744 784 800 808 816 832 840 848 856 
X^281:  697 713 729 777 793 801 817 825 833 841 849 
X^282:  674 706 714 738 754 762 778 802 810 818 826 842 850 858 
X^283:  603 683 715 723 747 755 763 771 787 795 803 843 859 
X^284:  676 684 700 708 732 740 748 756 764 820 860 
X^285:  605 677 685 693 725 741 757 789 813 837 845 
X^286:  598 606 678 694 710 726 734 742 750 766 782 806 814 822 854 
X^287:  591 599 607 679 695 727 759 791 799 823 839 855 863 
X^288:  576 704 720 728 752 768 776 792 832 840 848 
X^289:  777 785 793 809 825 833 841 857 
X^290:  666 698 714 730 746 778 786 794 802 818 834 858 
X^291:  723 755 795 827 851 859 
X^292:  668 700 708 716 748 780 804 820 828 844 852 860 
X^293:  669 701 733 749 765 789 805 813 821 829 837 861 
X^294:  670 710 726 750 766 798 830 838 846 854 862 
X^295:  607 671 703 719 735 767 783 791 815 823 831 839 847 
X^296:  664 696 712 720 760 768 784 792 808 
X^297:  713 761 769 785 801 809 817 833 849 857 
X^298:  658 690 738 754 762 770 778 786 794 826 834 842 858 
X^299:  667 699 755 787 827 835 843 851 
X^300:  660 668 692 700 740 748 756 764 772 812 828 860 
X^301:  605 661 669 693 701 709 741 765 781 789 797 805 813 853 
X^302:  606 694 718 742 750 766 782 790 798 814 822 830 838 846 854 862 
X^303:  599 663 695 711 775 783 791 807 815 823 831 863 
X^304:  592 712 720 728 736 760 792 840 
X^305:  721 761 769 785 793 809 833 841 849 
X^306:  650 682 714 722 754 770 778 794 802 
X^307:  603 723 739 747 763 779 819 827 835 859 
X^308:  652 660 684 716 724 764 796 804 836 844 
X^309:  605 653 669 685 749 757 765 773 805 821 845 853 861 
X^310:  606 662 670 686 702 710 734 750 758 766 774 798 814 862 
X^311:  591 655 671 687 735 751 767 775 799 807 815 823 831 847 
X^312:  600 648 664 680 704 728 752 760 784 824 856 
X^313:  601 665 713 745 753 761 777 793 801 825 849 857 
X^314:  602 642 658 674 706 714 722 730 738 746 754 770 778 794 810 826 834 858 
X^315:  595 603 651 683 707 715 731 747 755 771 779 787 803 811 819 827 835 843 
X^316:  644 652 660 668 676 684 700 724 740 772 780 804 812 
X^317:  589 597 645 653 677 685 733 789 805 829 853 
X^318:  590 598 606 646 662 694 702 718 742 750 758 774 782 790 806 814 846 854 
X^319:  583 591 599 647 663 679 727 759 807 815 823 839 847 
X^320:  544 656 696 712 728 736 744 752 760 776 792 800 832 840 848 
X^321:  721 745 753 777 793 801 809 817 841 857 
X^322:  634 650 666 706 714 730 754 778 786 802 810 826 842 
X^323:  603 659 699 731 755 763 787 811 819 827 835 843 851 859 
X^324:  636 652 668 676 700 708 724 732 740 764 772 788 820 852 860 
X^325:  597 637 653 685 701 709 725 757 765 781 789 797 805 861 
X^326:  590 598 638 654 670 678 694 702 718 726 734 742 766 782 790 806 814 838 854 
X^327:  575 599 639 687 703 719 727 735 759 775 783 799 807 831 847 855 863 
X^328:  584 632 680 688 696 704 720 728 736 744 752 776 784 792 800 816 832 
X^329:  601 665 681 697 713 729 737 745 761 785 793 801 817 833 849 857 
X^330:  602 626 642 666 674 698 706 722 738 746 754 762 770 786 794 810 834 850 858 
X^331:  587 635 659 667 715 723 731 755 763 787 795 811 827 835 851 859 
X^332:  628 636 644 652 676 700 732 740 764 772 788 804 820 
X^333:  573 589 597 629 637 645 661 693 701 725 741 749 765 773 781 789 797 821 845 
X^334:  574 582 590 646 654 662 686 702 710 718 726 734 766 782 806 814 830 846 862 
X^335:  543 567 575 591 631 663 671 679 695 711 735 751 759 775 807 823 831 839 847 855 
X^336:  560 592 640 672 680 688 712 720 728 760 768 776 784 792 800 832 848 856 
X^337:  593 601 689 705 721 737 745 761 769 777 785 793 809 817 825 841 857 
X^338:  594 602 618 634 650 658 682 690 698 722 738 754 762 794 858 
X^339:  571 603 643 651 667 675 691 715 723 747 755 779 803 811 835 843 851 
X^340:  620 628 636 652 684 700 708 716 748 756 764 772 788 804 836 844 852 860 
X^341:  573 581 589 621 661 669 685 701 709 725 741 749 789 813 821 829 845 861 
X^342:  542 574 582 598 630 638 662 678 694 702 710 742 750 766 782 798 806 814 830 838 846 
X^343:  543 559 575 583 607 623 639 687 711 719 735 743 775 791 799 839 855 
X^344:  536 568 616 632 648 672 680 688 704 744 768 776 784 792 824 840 848 
X^345:  569 585 593 601 633 649 665 697 713 721 737 745 769 777 801 809 825 833 841 849 
X^346:  570 586 594 610 650 658 690 698 722 754 786 794 802 810 826 834 842 
X^347:  539 563 571 579 595 603 619 659 667 683 699 707 747 755 771 779 787 795 803 819 835 851 859 
X^348:  604 612 620 636 652 660 668 676 684 692 700 732 756 772 780 796 804 812 844 
X^349:  541 557 565 613 621 629 645 653 669 685 701 709 717 725 757 773 789 805 821 845 
X^350:  534 542 558 566 574 606 614 630 646 678 710 726 742 790 806 814 822 846 854 862 
X^351:  527 535 543 551 599 607 615 631 647 655 671 719 727 735 743 751 767 799 815 847 855 863 
X^352:  512 832 
X^353:  849 
X^354:  826 842 
X^355:  843 859 
X^356:  828 836 860 
X^357:  829 845 861 
X^358:  838 846 854 862 
X^359:  831 847 855 
X^360:  824 840 856 
X^361:  841 849 857 
X^362:  818 842 850 
X^363:  827 835 843 851 
X^364:  820 828 836 844 860 
X^365:  821 829 853 
X^366:  822 838 
X^367:  823 839 
X^368:  832 856 
X^369:  833 841 
X^370:  810 850 
X^371:  827 835 843 
X^372:  812 
X^373:  813 845 853 
X^374:  814 830 838 846 
X^375:  815 847 855 863 
X^376:  808 824 848 856 
X^377:  849 
X^378:  802 850 
X^379:  811 819 827 
X^380:  804 812 828 836 
X^381:  805 813 829 837 845 861 
X^382:  822 846 862 
X^383:  807 831 847 855 
X^384:  736 800 816 848 856 
X^385:  817 849 857 
X^386:  794 826 842 850 858 
X^387:  811 819 835 851 859 
X^388:  796 804 812 
X^389:  797 
X^390:  806 814 822 830 838 846 854 
X^391:  799 815 839 
X^392:  792 808 824 840 848 856 
X^393:  809 817 841 857 
X^394:  786 802 810 818 834 
X^395:  795 803 811 819 827 835 843 851 
X^396:  788 796 812 820 828 844 852 860 
X^397:  789 797 805 829 845 853 
X^398:  790 806 822 846 
X^399:  735 791 799 807 823 839 863 
X^400:  816 824 840 856 
X^401:  801 809 825 849 857 
X^402:  778 794 818 826 834 842 850 
X^403:  795 811 843 851 859 
X^404:  780 796 812 820 828 844 852 
X^405:  781 797 821 829 845 861 
X^406:  734 782 798 806 822 830 854 
X^407:  735 783 799 807 823 839 847 855 863 
X^408:  728 776 816 824 832 848 856 
X^409:  809 849 
X^410:  770 786 802 818 
X^411:  731 779 787 803 811 835 843 
X^412:  772 780 788 836 852 860 
X^413:  733 773 781 789 829 861 
X^414:  726 734 790 814 822 830 854 
X^415:  719 727 735 775 783 791 823 847 855 
X^416:  704 768 832 840 
X^417:  785 817 825 833 841 849 
X^418:  762 778 794 810 826 842 
X^419:  779 795 811 827 835 
X^420:  764 772 812 844 
X^421:  765 781 813 821 829 
X^422:  774 782 790 814 846 854 862 
X^423:  735 767 783 791 815 823 839 855 863 
X^424:  760 776 808 824 832 840 848 856 
X^425:  777 785 793 825 841 
X^426:  754 778 802 826 834 842 850 858 
X^427:  763 771 779 787 795 803 811 819 843 859 
X^428:  756 764 772 780 788 804 812 820 828 836 852 
X^429:  733 757 765 805 813 845 853 861 
X^430:  734 758 774 798 806 822 830 838 854 862 
X^431:  727 759 775 807 815 839 847 
X^432:  720 768 784 792 816 840 
X^433:  769 777 801 817 825 849 
X^434:  746 778 786 794 810 818 826 834 842 858 
X^435:  731 763 771 779 811 819 827 
X^436:  748 780 788 820 836 844 
X^437:  733 749 789 805 813 829 
X^438:  734 750 766 774 782 790 798 822 854 
X^439:  719 751 783 791 799 807 815 823 839 847 
X^440:  728 744 760 776 784 792 824 840 856 
X^441:  729 785 801 809 817 849 
X^442:  730 738 770 786 810 842 850 
X^443:  723 731 747 755 763 779 803 811 843 859 
X^444:  740 748 764 780 788 804 820 828 
X^445:  717 725 741 749 765 781 789 797 813 853 861 
X^446:  718 726 734 758 774 790 798 814 822 830 846 854 
X^447:  711 719 727 743 767 807 815 823 
X^448:  672 736 752 792 800 808 840 848 
X^449:  753 801 817 857 
X^450:  730 778 786 794 818 850 858 
X^451:  731 747 755 771 779 795 803 811 827 835 843 859 
X^452:  732 740 748 764 804 812 820 828 836 844 852 860 
X^453:  725 733 765 797 813 829 845 861 
X^454:  718 726 742 750 758 774 806 822 830 862 
X^455:  703 727 735 751 775 783 791 799 807 839 847 863 
X^456:  712 728 744 776 784 792 800 816 856 
X^457:  729 745 753 777 801 817 825 833 
X^458:  722 730 738 746 770 802 826 842 
X^459:  715 731 739 747 755 779 787 803 819 827 835 859 
X^460:  724 732 748 780 796 812 820 828 844 852 
X^461:  701 717 733 741 757 765 781 797 813 821 837 861 
X^462:  702 710 718 726 742 758 766 774 782 790 838 
X^463:  671 695 703 719 727 735 743 759 767 807 815 823 831 839 847 863 
X^464:  688 720 760 768 776 792 800 808 816 832 
X^465:  721 729 737 745 761 769 785 793 809 817 833 841 
X^466:  714 722 746 754 762 770 778 786 810 818 826 842 858 
X^467:  699 747 771 779 787 795 803 811 859 
X^468:  716 732 788 796 812 828 836 852 
X^469:  701 709 733 749 757 821 829 845 
X^470:  670 702 710 718 726 734 742 774 782 790 798 822 830 846 862 
X^471:  671 687 703 711 719 743 759 767 783 791 807 815 823 839 863 
X^472:  664 696 712 744 752 760 768 784 792 808 840 848 856 
X^473:  697 713 721 729 745 769 777 785 841 849 
X^474:  698 706 714 810 858 
X^475:  667 691 699 707 715 731 739 771 779 811 843 851 
X^476:  708 716 724 732 740 748 772 804 820 828 860 
X^477:  669 685 693 709 717 725 741 765 773 781 789 797 805 845 861 
X^478:  662 670 686 694 702 726 734 742 766 798 806 814 830 838 
X^479:  655 663 671 679 711 719 735 759 775 807 815 847 855 863 
X^480:  640 704 784 808 816 832 
X^481:  721 785 809 825 841 857 
X^482:  698 714 730 762 794 810 834 850 
X^483:  715 731 779 787 803 819 827 835 859 
X^484:  700 708 764 772 780 812 836 844 860 
X^485:  701 717 765 845 853 861 
X^486:  710 718 726 774 782 790 798 806 814 830 862 
X^487:  703 719 727 735 767 783 799 807 815 831 839 855 
X^488:  696 712 760 776 792 800 824 856 
X^489:  713 721 729 777 785 801 809 833 
X^490:  690 714 754 770 778 786 802 818 826 834 
X^491:  699 707 715 723 731 763 771 779 787 795 803 835 
X^492:  692 700 708 716 724 756 764 780 788 796 804 812 820 828 844 860 
X^493:  693 701 733 757 765 773 821 837 845 853 861 
X^494:  694 710 758 774 790 822 830 838 846 862 
X^495:  695 711 727 759 767 775 815 839 855 863 
X^496:  704 728 784 824 832 
X^497:  705 713 769 777 801 817 825 833 841 849 857 
X^498:  682 714 722 746 762 786 794 818 834 842 
X^499:  699 707 715 763 779 795 835 843 851 859 
X^500:  684 716 724 748 764 780 788 812 828 836 860 
X^501:  685 725 733 749 765 789 813 821 829 837 845 861 
X^502:  686 702 710 718 726 734 750 766 774 790 806 814 830 838 854 862 
X^503:  687 727 751 767 775 783 791 799 807 831 863 
X^504:  680 696 712 720 744 840 848 
X^505:  721 729 777 785 793 809 841 
X^506:  674 706 738 754 770 786 794 802 810 834 842 858 
X^507:  683 691 699 715 747 755 771 779 787 803 811 819 835 851 
X^508:  676 684 700 716 724 732 740 748 756 788 796 804 820 860 
X^509:  677 685 701 733 741 749 757 781 789 797 813 861 
X^510:  694 710 718 726 734 758 782 806 814 822 830 854 862 
X^511:  679 703 711 719 743 751 759 775 791 815 823 831 839 847 855 863 
X^512:  352 672 688 728 776 800 816 
X^513:  689 721 729 753 777 801 809 817 841 857 
X^514:  666 722 746 762 778 786 802 842 
X^515:  683 691 707 731 747 763 779 795 819 827 843 851 859 
X^516:  668 676 684 700 716 732 740 796 804 820 828 836 844 852 860 
X^517:  669 701 717 749 781 821 829 853 861 
X^518:  678 686 694 710 726 734 742 750 758 782 790 814 838 
X^519:  671 687 703 711 751 759 767 783 791 839 855 
X^520:  664 680 712 720 728 744 768 792 816 824 
X^521:  681 689 713 745 753 761 769 785 793 817 833 841 857 
X^522:  658 674 682 730 746 770 786 802 818 826 842 
X^523:  667 675 683 691 707 715 731 739 747 755 763 771 787 803 811 827 835 843 
X^524:  660 668 684 708 724 732 740 748 756 780 796 804 820 828 844 852 860 
X^525:  661 669 677 693 709 717 765 773 797 821 
X^526:  662 678 694 710 726 742 766 774 782 798 822 830 838 846 854 862 
X^527:  351 663 671 679 711 727 735 743 759 775 791 807 815 823 831 839 863 
X^528:  688 696 704 712 728 736 752 816 824 848 856 
X^529:  673 681 697 721 729 737 745 761 777 801 809 841 857 
X^530:  650 666 682 690 706 730 746 754 762 770 794 802 834 
X^531:  667 683 707 723 731 739 747 763 779 787 811 827 843 851 859 
X^532:  652 668 724 732 748 756 764 780 788 796 804 836 844 860 
X^533:  653 669 685 693 701 717 725 733 757 765 781 797 813 821 829 837 845 861 
X^534:  350 654 670 678 742 750 758 774 782 798 814 822 830 838 854 862 
X^535:  351 655 671 679 687 695 703 711 719 727 759 767 775 791 799 807 815 823 831 847 855 
X^536:  344 648 680 688 704 712 720 728 744 800 808 840 848 856 
X^537:  681 697 713 721 729 761 777 793 817 833 849 
X^538:  642 658 690 714 738 754 762 770 802 818 826 858 
X^539:  347 651 659 675 707 715 731 747 755 771 779 787 811 819 835 843 
X^540:  644 652 660 676 684 700 708 716 724 732 748 764 804 820 852 860 
X^541:  349 645 653 661 677 685 693 701 709 717 725 765 773 797 829 845 861 
X^542:  342 350 662 678 686 702 710 726 734 742 782 798 814 822 838 854 862 
X^543:  335 343 351 647 655 663 679 711 719 735 743 759 775 783 823 855 
X^544:  320 640 704 712 728 744 792 800 816 824 848 
X^545:  657 689 697 705 713 745 753 769 801 809 833 849 857 
X^546:  634 650 682 698 746 770 786 802 810 
X^547:  651 667 683 699 707 715 739 747 763 795 819 835 843 851 859 
X^548:  636 644 668 684 716 748 780 788 796 812 828 836 860 
X^549:  637 653 669 685 693 701 733 765 781 805 821 829 837 861 
X^550:  646 654 662 670 686 726 742 758 766 774 782 790 814 830 838 
X^551:  351 639 655 663 671 687 695 711 727 735 743 759 767 799 815 855 
X^552:  632 648 664 680 696 704 712 736 760 776 792 808 848 
X^553:  649 657 665 697 713 721 737 745 761 769 777 793 801 809 817 841 849 
X^554:  626 650 658 674 698 730 738 754 762 778 802 818 858 
X^555:  635 643 651 659 675 683 691 707 723 771 811 843 851 859 
X^556:  628 636 644 652 668 676 684 692 700 708 716 732 740 748 764 772 780 788 804 836 844 852 860 
X^557:  349 629 637 661 669 677 685 717 725 733 789 797 813 821 829 837 845 
X^558:  350 630 646 670 678 694 702 718 734 742 766 790 798 806 814 838 846 862 
X^559:  343 631 647 663 679 687 703 711 719 735 743 751 759 767 775 783 807 815 831 847 855 863 
X^560:  336 640 656 664 688 728 736 776 784 792 800 816 824 832 840 848 
X^561:  641 649 673 689 697 705 713 753 793 809 833 841 849 
X^562:  618 658 666 682 690 706 730 754 786 794 826 850 
X^563:  347 635 643 651 683 691 715 723 739 779 795 803 819 827 859 
X^564:  620 692 700 708 716 764 772 788 796 812 820 860 
X^565:  349 621 653 661 669 677 685 725 757 773 781 797 805 821 837 
X^566:  350 622 638 646 654 694 774 814 838 862 
X^567:  335 623 663 679 687 695 703 727 751 767 783 799 815 823 831 855 
X^568:  344 616 632 656 696 704 712 752 760 800 808 848 856 
X^569:  345 657 665 673 681 689 729 737 753 785 793 817 833 
X^570:  346 610 682 690 730 738 746 770 778 794 802 818 826 834 842 850 
X^571:  339 347 619 627 635 675 683 691 715 731 739 747 755 763 771 787 811 835 843 851 
X^572:  612 620 636 644 668 676 740 756 764 772 788 796 812 820 836 852 
X^573:  333 341 613 621 637 645 661 669 685 693 717 733 741 749 757 765 773 789 845 853 
X^574:  334 342 350 630 670 686 694 718 734 742 750 766 774 798 806 814 862 
X^575:  327 335 343 615 639 647 663 679 711 719 759 775 791 807 839 847 855 863 
X^576:  288 608 624 656 664 680 696 712 720 728 792 800 808 816 824 840 856 
X^577:  625 673 713 745 777 785 801 809 817 849 857 
X^578:  602 634 658 666 682 690 698 706 714 730 738 746 754 762 818 826 842 850 
X^579:  347 619 627 643 651 659 667 675 699 707 715 731 739 763 771 779 803 811 827 835 843 851 859 
X^580:  604 612 620 652 676 684 692 732 748 756 764 772 780 788 796 828 
X^581:  341 605 653 685 709 717 725 749 757 765 781 789 805 829 837 
X^582:  334 342 614 622 630 638 646 654 670 678 686 694 726 742 782 814 838 846 
X^583:  319 343 607 623 639 647 655 663 679 695 711 735 743 783 823 839 855 
X^584:  328 600 616 632 648 656 672 696 720 744 760 776 784 800 808 824 856 
X^585:  345 617 625 649 665 673 697 713 721 737 745 761 769 785 801 817 833 841 849 857 
X^586:  346 594 610 618 626 658 666 682 706 714 738 746 754 762 770 778 794 802 818 826 834 842 
X^587:  331 603 611 619 627 635 651 683 707 715 723 739 747 787 819 843 859 
X^588:  596 604 620 628 636 644 660 708 716 732 740 780 796 812 820 836 
X^589:  317 333 341 597 605 613 645 653 685 709 733 749 773 781 789 797 837 861 
X^590:  318 326 334 598 614 630 638 662 678 686 710 718 742 750 758 774 782 790 798 814 838 846 854 
X^591:  287 311 319 335 599 607 615 639 671 679 687 695 719 735 743 767 775 831 839 847 855 
X^592:  304 336 632 648 664 672 688 704 712 720 728 752 768 776 784 792 808 840 
X^593:  337 345 609 617 633 641 657 665 673 697 705 721 737 745 753 761 785 793 801 817 833 849 
X^594:  338 346 586 602 626 642 650 682 690 706 722 738 746 754 770 802 810 
X^595:  315 347 603 619 659 667 675 691 715 723 747 755 763 795 827 843 851 859 
X^596:  588 604 620 628 636 660 668 684 692 700 724 732 772 780 788 812 820 828 836 844 852 
X^597:  317 325 333 589 605 629 653 661 669 685 701 709 725 741 757 765 773 781 789 805 821 837 845 861 
X^598:  286 318 326 342 590 606 614 630 638 646 686 694 702 710 742 758 766 782 790 798 814 822 830 854 
X^599:  287 303 319 327 351 591 607 615 623 631 663 679 703 711 719 735 759 783 807 823 831 847 855 863 
X^600:  280 312 584 624 640 656 672 680 688 704 712 720 728 752 768 776 784 792 816 
X^601:  313 329 337 345 617 633 641 657 665 705 713 737 745 753 761 769 785 793 801 825 857 
X^602:  314 330 338 578 594 610 642 650 658 674 682 690 698 706 730 754 762 778 786 794 802 810 858 
X^603:  283 307 315 323 339 347 587 595 611 619 643 683 715 755 779 787 819 843 859 
X^604:  348 580 588 596 636 660 708 724 756 804 820 828 860 
X^605:  285 301 309 581 589 597 621 629 637 645 653 661 669 677 685 725 733 781 789 805 837 861 
X^606:  278 286 302 310 318 350 598 630 638 646 662 670 678 686 694 718 758 774 798 806 822 838 846 
X^607:  271 279 287 295 343 351 583 591 599 615 647 655 695 711 719 727 743 751 759 767 775 783 791 855 
X^608:  256 576 640 688 712 792 816 824 832 840 
X^609:  593 713 729 753 761 769 785 809 833 841 849 
X^610:  346 570 586 602 666 682 722 746 762 778 786 802 810 818 834 842 
X^611:  587 603 691 715 731 747 763 771 779 795 803 811 819 827 835 851 859 
X^612:  348 572 580 668 684 716 732 748 804 844 
X^613:  349 573 589 669 685 701 725 733 749 757 765 789 797 805 821 829 837 845 
X^614:  350 582 590 598 670 686 702 718 750 782 814 822 830 846 854 
X^615:  351 575 591 599 607 703 719 751 759 775 783 791 799 815 831 839 847 
X^616:  344 568 584 664 696 704 744 760 776 792 800 808 816 824 832 848 
X^617:  585 593 601 697 705 761 769 777 785 833 841 849 
X^618:  338 562 586 658 674 690 698 722 738 762 770 778 794 810 842 850 
X^619:  347 571 579 587 595 603 667 691 707 715 731 739 747 755 771 787 827 843 
X^620:  340 348 564 572 580 588 596 660 668 676 684 692 700 708 716 724 732 740 748 756 764 788 796 820 828 836 
X^621:  341 349 565 573 605 661 677 701 717 733 741 749 789 805 821 
X^622:  566 582 670 678 686 702 710 726 734 742 758 774 782 806 814 
X^623:  343 567 583 599 711 719 727 735 743 751 767 839 847 863 
X^624:  576 600 656 672 696 712 720 728 752 760 776 784 792 808 816 832 840 856 
X^625:  577 585 697 713 737 753 793 833 
X^626:  330 554 586 594 650 666 690 698 706 714 746 754 762 778 794 818 834 842 850 
X^627:  571 579 587 667 675 683 723 731 747 755 779 787 811 835 859 
X^628:  332 340 556 588 596 652 660 668 724 732 756 764 772 780 796 828 844 852 
X^629:  333 349 557 597 605 653 669 685 693 709 717 725 741 749 765 773 789 797 837 845 853 
X^630:  342 350 558 574 582 590 598 606 662 686 694 710 718 758 766 806 838 846 
X^631:  335 351 559 599 671 687 703 711 719 727 743 751 759 767 807 839 855 863 
X^632:  328 344 552 568 584 592 648 688 704 752 760 800 824 
X^633:  345 593 601 681 689 697 713 729 737 745 769 777 801 809 825 833 849 857 
X^634:  322 338 546 578 642 666 674 682 714 722 746 770 786 810 842 850 
X^635:  331 555 563 571 587 651 659 667 683 699 707 715 739 747 755 771 779 803 811 819 827 835 843 
X^636:  324 332 340 348 548 556 572 588 596 604 644 652 668 676 692 700 716 724 732 740 796 804 812 828 836 844 
X^637:  325 333 549 557 573 605 645 693 701 717 725 733 749 773 789 797 821 829 845 853 861 
X^638:  326 342 566 582 590 598 606 646 654 670 678 686 710 718 726 734 790 798 838 846 
X^639:  327 343 551 575 583 591 655 695 703 711 727 735 743 791 823 839 847 
X^640:  336 480 544 560 600 608 680 688 784 792 800 808 816 848 
X^641:  561 593 601 681 721 729 737 745 753 761 785 809 817 833 841 849 857 
X^642:  314 330 538 594 602 634 666 682 690 714 722 730 770 778 786 850 858 
X^643:  339 555 563 579 603 667 683 691 699 707 715 723 739 771 779 787 819 
X^644:  316 332 540 548 556 572 588 636 668 676 700 708 724 732 740 756 780 788 812 820 828 836 844 860 
X^645:  317 333 349 541 573 589 605 637 661 669 693 733 749 757 765 773 797 813 837 861 
X^646:  318 334 350 550 558 566 582 598 606 638 654 662 678 686 710 718 734 742 758 782 790 806 822 838 846 862 
X^647:  319 351 543 559 575 583 607 663 671 695 703 743 751 759 767 775 791 815 839 
X^648:  312 344 536 552 584 592 632 648 664 672 680 696 704 728 752 768 776 784 792 816 824 840 848 
X^649:  345 553 561 585 665 673 681 689 697 705 713 721 753 769 777 809 817 825 833 841 857 
X^650:  306 322 338 346 530 546 554 594 602 626 658 666 698 706 722 730 738 754 770 778 826 858 
X^651:  315 339 539 547 555 563 579 587 635 651 667 675 683 715 723 731 747 771 819 827 835 
X^652:  308 316 324 332 340 348 532 540 556 580 628 636 660 668 676 684 692 708 724 732 740 748 788 820 828 836 860 
X^653:  309 317 325 349 533 541 549 565 581 589 597 605 629 653 669 677 685 765 781 789 797 805 821 845 853 
X^654:  326 334 534 550 566 582 638 646 654 662 670 678 686 694 710 718 734 750 766 782 798 814 822 830 838 846 854 862 
X^655:  311 351 479 535 543 551 583 607 639 655 663 671 687 703 711 735 759 767 791 823 831 855 863 
X^656:  320 560 568 576 584 600 624 656 664 680 720 728 736 768 776 816 824 832 840 856 
X^657:  545 553 569 593 601 657 689 697 705 713 761 777 793 809 833 849 857 
X^658:  298 314 338 346 522 538 554 562 578 586 602 618 650 658 666 674 682 690 738 746 754 762 778 786 802 810 826 834 842 850 858 
X^659:  323 331 347 539 555 579 595 635 699 707 715 723 739 755 771 795 835 843 
X^660:  300 308 316 348 524 540 588 596 604 620 628 652 668 684 692 700 708 716 732 756 764 772 788 796 804 820 836 
X^661:  301 333 341 525 541 557 565 573 597 605 621 645 677 685 693 701 709 733 741 749 797 805 813 
X^662:  310 318 334 342 478 526 542 550 590 606 630 646 654 662 670 678 686 694 742 750 758 774 782 798 830 838 
X^663:  303 319 335 479 527 543 551 559 567 575 583 599 647 655 695 743 759 783 847 855 863 
X^664:  296 312 472 520 552 560 576 592 616 648 656 672 680 712 720 728 736 752 768 776 784 816 824 840 848 856 
X^665:  313 329 345 553 569 585 593 601 649 665 673 681 689 713 721 729 753 761 769 777 793 833 849 857 
X^666:  290 322 330 514 530 562 578 586 610 626 634 642 650 658 682 690 698 706 722 730 738 746 754 770 794 810 826 834 
X^667:  299 331 339 347 475 523 531 547 579 595 619 627 635 643 651 667 683 707 715 731 739 747 763 771 795 851 859 
X^668:  292 300 316 324 348 516 524 532 548 556 572 596 612 620 628 636 644 652 660 692 700 724 732 756 764 772 796 844 852 860 
X^669:  293 301 309 341 349 477 517 525 533 549 557 565 573 597 605 613 629 645 653 693 701 733 741 757 781 797 805 829 845 861 
X^670:  294 310 326 470 478 534 550 558 574 582 606 614 622 638 654 662 678 686 702 710 718 726 734 742 758 782 790 806 830 838 854 862 
X^671:  295 311 335 351 463 471 479 519 527 535 551 591 631 647 655 671 679 695 719 727 735 751 759 775 783 791 799 807 823 831 847 855 
X^672:  336 344 448 512 584 592 600 624 648 664 720 760 792 800 808 816 848 856 
X^673:  529 561 569 577 585 593 649 665 681 697 705 721 729 745 777 785 793 809 817 
X^674:  282 314 330 506 522 554 602 618 634 658 674 690 706 714 722 738 770 778 802 810 818 826 834 850 858 
X^675:  339 523 539 555 571 579 595 627 651 699 723 771 779 795 803 811 819 827 835 851 859 
X^676:  284 316 324 332 348 508 516 540 556 572 580 620 636 644 652 676 692 700 724 740 764 772 780 788 796 804 828 844 852 
X^677:  285 317 509 525 541 557 565 605 621 653 661 677 685 693 701 709 725 741 765 797 805 813 829 845 
X^678:  286 326 342 350 518 526 534 542 558 582 590 606 622 638 646 654 662 670 702 710 742 750 758 774 798 806 814 822 846 854 
X^679:  287 319 335 479 511 527 535 543 559 567 575 583 591 599 671 687 695 703 711 743 751 759 775 791 799 815 823 839 847 
X^680:  280 312 328 336 344 504 520 536 552 576 600 640 648 656 664 680 704 736 744 752 768 784 792 808 824 848 
X^681:  329 521 529 537 569 633 641 649 665 673 681 689 721 729 745 777 793 809 817 825 833 841 849 
X^682:  274 306 338 498 522 530 546 562 570 578 586 594 602 610 634 642 658 666 698 722 730 738 746 762 778 794 810 834 842 850 
X^683:  283 315 347 507 515 523 531 547 555 563 571 587 603 627 635 643 651 667 699 707 715 723 731 763 779 811 819 835 843 859 
X^684:  276 284 308 316 340 348 500 508 516 524 540 548 556 580 596 612 620 652 660 684 700 708 716 764 772 780 796 812 820 828 852 860 
X^685:  277 285 309 317 325 341 349 477 501 509 533 541 549 557 565 573 581 589 597 605 613 629 653 661 677 685 717 733 741 757 765 781 789 805 829 845 861 
X^686:  310 334 478 502 518 542 550 574 582 590 598 606 614 622 630 638 646 654 662 670 686 694 718 726 758 766 774 790 798 806 830 838 
X^687:  279 311 327 343 471 503 519 535 551 559 567 591 631 655 679 687 695 703 711 719 743 751 791 799 831 847 863 
X^688:  328 336 344 464 512 528 536 560 592 600 608 632 640 696 728 744 752 760 784 800 832 840 
X^689:  337 513 521 545 561 569 633 649 657 665 681 697 721 737 753 761 769 777 785 793 801 833 857 
X^690:  266 298 338 346 490 530 538 562 570 578 594 602 618 626 642 658 666 674 698 706 738 754 770 778 794 810 842 858 
X^691:  339 475 507 515 523 555 563 571 595 611 619 643 691 699 707 747 763 811 819 827 851 
X^692:  268 276 300 348 492 556 564 580 596 620 636 652 660 668 676 708 724 732 764 780 788 804 820 852 860 
X^693:  269 285 301 333 477 493 525 533 541 549 573 629 637 645 661 669 677 693 701 709 725 733 741 749 765 773 789 797 821 845 
X^694:  278 286 302 318 326 342 478 494 510 518 526 558 566 574 582 598 606 630 654 662 686 702 726 758 798 806 814 846 854 862 
X^695:  271 287 303 335 463 495 535 551 567 583 591 607 639 647 663 671 679 687 695 703 719 727 743 751 767 775 783 807 815 847 863 
X^696:  264 280 296 320 328 472 488 504 528 552 568 576 584 616 624 648 688 696 704 720 728 736 744 760 768 832 840 856 
X^697:  281 329 345 473 529 537 545 553 561 585 593 617 625 633 649 657 673 689 697 705 713 777 785 793 801 833 
X^698:  258 274 290 330 338 346 474 482 546 554 578 602 618 626 650 666 682 690 698 706 754 778 786 794 818 842 850 858 
X^699:  267 299 323 347 467 475 491 499 507 547 579 635 643 659 675 683 691 699 723 747 755 771 779 787 795 803 811 819 851 859 
X^700:  260 268 276 284 292 300 316 324 332 340 348 484 492 508 516 540 556 564 596 620 636 644 660 668 676 684 708 716 724 732 748 756 780 788 804 852 
X^701:  261 269 293 301 325 333 341 349 461 469 485 493 509 517 533 541 549 597 613 621 637 661 669 677 693 701 717 733 741 749 773 781 797 813 821 853 
X^702:  262 278 310 318 326 334 342 462 470 478 502 542 558 598 614 622 670 678 694 710 726 734 742 750 766 782 798 806 862 
X^703:  263 279 295 327 455 463 471 487 511 519 535 559 567 599 615 631 639 647 655 679 687 695 719 735 743 751 775 783 791 799 807 815 823 831 863 
X^704:  272 288 312 328 344 416 480 496 528 536 544 552 568 592 600 616 632 648 680 696 704 712 720 728 744 752 784 792 800 808 816 824 832 840 848 856 
X^705:  337 497 545 561 593 601 617 649 657 673 697 713 753 761 769 777 793 801 809 825 857 
X^706:  250 266 282 314 322 330 474 506 530 562 578 586 594 602 626 650 666 674 690 698 730 754 762 770 794 802 810 818 834 
X^707:  275 315 347 475 491 499 515 523 531 539 547 555 579 587 619 635 643 659 667 683 691 707 715 731 739 747 755 771 779 787 795 803 811 827 843 
X^708:  252 268 284 292 324 340 476 484 492 524 540 556 564 588 604 620 644 652 660 684 692 700 716 732 756 788 812 820 836 844 
X^709:  253 269 301 325 341 349 469 477 525 541 581 589 597 629 661 677 693 725 733 741 789 805 829 837 861 
X^710:  254 270 286 294 310 334 342 350 462 470 486 494 502 510 518 526 542 590 598 622 630 638 646 654 670 678 702 710 718 734 742 750 782 798 806 830 838 862 
X^711:  255 303 335 343 447 471 479 495 511 519 527 535 543 551 559 575 583 599 607 623 631 639 655 679 687 719 727 743 767 775 783 823 831 839 855 863 
X^712:  248 296 304 320 336 456 472 488 504 520 528 536 544 552 568 576 592 600 608 624 664 704 720 728 736 744 792 800 816 824 840 848 856 
X^713:  281 297 313 329 345 473 489 497 521 537 545 553 561 577 585 601 609 625 633 649 657 665 697 705 721 729 737 761 769 785 793 801 809 817 825 833 841 849 
X^714:  242 258 282 290 306 314 322 466 474 482 490 498 538 578 586 626 634 642 674 722 730 738 754 762 786 794 826 842 858 
X^715:  251 275 283 315 331 339 459 475 483 491 499 507 523 539 547 563 571 579 587 595 603 611 619 635 643 651 659 667 683 707 723 747 763 771 795 803 835 843 859 
X^716:  244 252 260 268 292 308 340 468 476 492 500 508 516 540 548 556 564 588 612 620 636 660 684 700 708 716 756 764 780 788 796 804 828 844 852 
X^717:  245 253 261 277 349 445 461 477 485 517 525 533 541 557 573 581 621 629 637 685 701 717 733 757 765 773 781 805 813 829 845 853 861 
X^718:  262 270 278 302 318 326 334 446 454 462 470 486 502 510 558 574 590 606 614 630 638 646 654 670 686 710 734 742 750 758 774 782 806 830 838 862 
X^719:  247 279 295 327 343 351 415 439 447 463 471 479 487 511 535 543 559 575 591 599 607 615 623 631 671 687 695 703 711 719 727 735 743 775 783 791 799 815 823 831 839 
X^720:  256 288 296 304 328 336 432 464 504 520 536 576 584 592 600 624 656 664 672 696 704 712 720 728 744 768 784 792 800 840 848 856 
X^721:  305 321 337 345 465 473 481 489 505 513 529 537 553 585 593 641 649 665 673 681 689 713 729 737 745 753 769 793 801 
X^722:  234 250 266 274 306 314 330 338 346 458 466 498 514 594 610 618 634 642 650 666 674 682 714 730 738 762 770 778 786 794 818 826 834 842 
X^723:  259 267 283 291 307 331 339 443 491 531 555 563 587 595 627 643 651 659 675 683 699 715 739 747 771 779 795 803 827 851 859 
X^724:  236 244 252 268 308 316 324 460 476 492 500 508 524 532 540 596 604 620 628 636 644 652 668 676 692 700 732 740 756 780 788 796 812 820 852 
X^725:  237 277 285 325 333 341 349 445 453 477 501 533 541 557 565 581 597 605 613 629 637 677 693 709 749 757 773 789 797 805 813 821 829 
X^726:  246 254 278 286 294 326 334 350 414 446 454 462 470 478 486 502 510 518 526 542 550 582 622 638 670 686 694 702 734 758 766 774 782 790 798 814 822 830 846 854 862 
X^727:  239 255 287 319 327 351 415 431 447 455 463 487 495 503 527 535 551 567 607 623 631 639 671 695 711 719 743 767 775 783 791 823 847 
X^728:  232 248 264 280 288 304 312 320 328 336 408 440 456 496 512 520 528 536 544 560 576 592 600 624 648 656 664 688 696 704 712 720 736 760 768 784 792 808 824 832 848 856 
X^729:  249 265 281 329 441 457 465 473 489 505 513 529 537 569 609 633 641 665 673 681 713 721 729 753 761 793 801 833 841 849 857 
X^730:  226 266 274 290 314 322 442 450 458 482 522 530 554 562 570 578 602 642 650 666 682 706 714 722 738 746 770 786 794 810 826 834 842 
X^731:  235 275 315 323 331 411 435 443 451 459 475 483 491 515 523 531 539 571 579 611 619 627 651 667 683 707 731 747 763 787 811 819 851 859 
X^732:  228 236 252 268 276 284 324 332 348 452 460 468 476 508 516 524 532 540 556 580 588 596 612 620 628 636 644 652 660 668 692 700 708 724 732 748 756 780 828 844 852 
X^733:  229 237 245 261 269 293 317 413 429 437 453 461 469 493 501 509 533 549 557 573 589 605 613 621 637 645 661 669 685 693 701 709 717 733 757 773 789 797 813 829 845 853 861 
X^734:  230 246 262 278 286 310 326 334 406 414 430 438 446 470 478 502 510 518 542 558 574 622 638 646 654 670 702 710 718 726 734 766 774 782 798 806 830 838 862 
X^735:  231 247 263 279 295 311 327 335 343 351 399 407 415 423 455 463 479 487 527 543 551 559 583 591 599 623 639 655 671 703 719 735 743 767 775 783 791 807 823 839 847 855 
X^736:  256 304 320 328 384 448 528 552 560 656 664 680 696 712 728 736 752 768 792 800 808 816 824 840 856 
X^737:  329 337 345 465 529 553 569 585 593 601 625 633 641 689 713 721 737 817 825 857 
X^738:  218 282 298 314 330 338 442 458 506 538 554 570 578 586 594 618 650 658 666 674 682 690 714 722 730 754 778 826 834 842 850 858 
X^739:  307 459 475 523 531 547 563 571 579 587 619 635 643 659 667 707 723 779 795 803 827 851 
X^740:  220 284 300 316 324 332 444 452 476 508 516 524 556 572 588 620 636 644 652 676 724 740 764 772 780 788 804 820 836 
X^741:  221 285 301 333 341 445 461 477 509 573 597 621 629 661 669 677 685 693 701 709 749 765 789 805 821 829 837 853 
X^742:  222 286 302 318 326 342 350 454 462 470 478 518 526 534 542 550 558 574 582 590 598 622 646 662 670 678 702 710 718 750 782 790 822 830 838 846 
X^743:  223 343 351 447 463 471 511 527 543 551 559 583 591 607 623 631 639 647 663 679 687 695 703 711 719 727 735 775 791 799 807 831 839 847 
X^744:  216 280 320 328 344 440 456 472 504 520 536 544 584 616 680 688 696 704 712 720 744 752 776 792 800 816 856 
X^745:  313 321 329 337 345 457 465 473 521 529 545 553 577 585 593 601 633 641 673 681 721 761 793 809 817 825 833 857 
X^746:  210 274 290 314 330 434 458 466 498 514 522 530 546 570 578 586 594 610 626 634 658 666 682 730 762 770 778 794 802 810 826 834 842 858 
X^747:  219 283 307 315 339 347 443 451 459 467 507 515 523 531 539 547 571 587 595 611 619 627 635 651 667 691 699 707 715 723 731 763 803 811 819 835 843 851 859 
X^748:  212 220 276 284 292 300 340 436 444 452 460 476 500 508 524 532 540 548 556 580 612 620 652 700 732 756 772 780 788 796 812 820 836 860 
X^749:  213 221 277 293 309 333 341 437 445 469 501 509 517 573 581 589 613 621 629 637 645 661 693 701 725 741 749 757 805 821 829 837 845 853 
X^750:  286 294 302 310 318 342 438 454 502 518 534 574 590 614 654 662 678 702 710 718 742 758 766 790 806 830 838 846 
X^751:  215 311 335 351 439 455 503 511 519 559 567 607 615 623 631 647 671 679 687 695 703 751 759 783 799 823 863 
X^752:  272 288 312 320 328 448 472 528 568 592 600 624 632 648 664 680 688 704 736 744 760 768 776 800 
X^753:  313 321 449 457 513 521 545 561 569 593 601 609 625 641 649 665 689 705 721 729 753 777 793 809 817 
X^754:  202 266 282 298 306 314 322 330 338 346 426 466 490 506 530 538 554 562 578 586 594 602 626 650 658 666 690 698 706 714 738 762 794 802 810 834 842 858 
X^755:  283 291 299 315 323 331 339 347 443 451 459 507 523 539 571 595 603 619 627 635 659 699 707 755 763 779 795 843 
X^756:  204 212 268 276 284 300 340 348 428 492 508 524 532 572 580 604 620 628 644 660 668 700 708 716 724 732 748 756 772 780 804 820 844 852 
X^757:  205 221 269 285 309 325 349 429 461 469 493 509 533 565 573 581 597 613 645 669 685 717 725 733 749 757 765 789 797 813 845 853 
X^758:  214 222 278 310 318 430 446 454 462 494 510 518 534 550 590 598 606 622 630 646 662 670 678 686 694 718 726 750 782 806 830 846 854 862 
X^759:  207 223 287 319 327 335 431 463 471 479 495 511 519 527 535 543 551 559 575 599 607 615 631 647 655 663 671 679 751 767 783 815 831 847 855 863 
X^760:  200 216 264 296 304 312 320 336 424 440 464 472 488 552 568 584 616 624 632 672 688 696 728 752 760 776 784 792 824 840 848 856 
X^761:  217 297 305 313 329 337 465 521 529 537 553 585 593 601 609 617 641 657 665 689 705 713 729 745 769 785 793 801 817 833 841 857 
X^762:  194 210 258 282 298 330 338 418 466 482 498 514 530 538 554 578 586 602 610 618 626 658 682 706 714 722 746 754 770 786 802 818 826 834 842 858 
X^763:  203 267 275 283 307 323 331 427 435 443 491 499 515 523 531 547 571 579 595 611 667 683 691 715 731 747 755 763 779 803 835 843 
X^764:  196 204 212 220 260 268 284 300 308 324 332 340 420 428 444 452 484 492 500 532 540 556 564 572 580 620 628 660 668 676 684 692 716 740 764 780 788 812 836 860 
X^765:  197 205 261 293 301 309 325 333 421 429 445 453 461 477 485 493 501 525 533 541 549 573 581 597 613 629 645 653 677 685 693 717 741 757 773 781 789 797 821 829 837 845 861 
X^766:  198 214 262 270 286 294 302 310 326 334 342 438 462 478 502 526 550 558 574 598 630 654 686 702 726 734 750 766 774 798 830 838 846 862 
X^767:  199 215 271 295 311 351 423 447 463 471 487 495 503 519 535 551 559 567 591 607 623 631 647 655 695 711 727 735 759 783 791 807 815 839 
X^768:  96 208 224 288 296 336 344 416 432 464 472 520 592 600 648 656 664 680 696 720 728 736 752 768 776 784 808 816 
X^769:  297 305 337 345 433 465 473 497 521 545 553 585 601 609 617 633 649 665 689 705 713 721 761 769 777 785 809 833 849 
X^770:  186 202 250 298 306 314 330 410 442 458 466 490 506 522 530 538 546 570 586 594 618 634 642 650 666 674 690 706 722 730 746 762 770 778 786 810 818 834 842 858 
X^771:  211 283 315 347 427 435 451 467 475 491 507 523 539 555 571 579 611 619 635 643 651 659 667 675 699 707 715 723 787 795 803 811 835 851 859 
X^772:  188 204 252 300 316 324 332 340 348 412 420 428 476 484 556 564 572 580 596 628 660 668 676 684 740 748 756 772 780 796 804 812 828 844 
X^773:  189 205 221 253 277 309 333 349 413 477 493 525 541 565 573 589 597 629 637 645 693 701 717 725 733 765 781 797 821 845 861 
X^774:  190 206 222 254 270 278 310 318 422 430 438 446 454 462 470 486 494 502 526 534 550 566 574 590 606 622 662 678 686 718 726 734 766 806 830 838 846 862 
X^775:  191 223 279 303 311 327 335 343 415 431 455 479 495 503 511 527 535 543 559 575 591 607 615 647 671 679 695 703 711 719 727 735 743 775 783 815 823 831 839 847 855 863 
X^776:  184 216 248 264 288 320 328 336 344 408 424 440 456 464 488 512 552 560 584 592 600 616 624 648 656 664 744 752 760 768 784 792 800 808 816 840 848 856 
X^777:  217 281 289 313 321 337 345 425 433 457 473 489 497 505 513 529 537 553 577 617 633 649 657 665 673 681 689 697 705 753 769 785 809 817 833 841 857 
X^778:  178 194 210 218 242 282 290 298 306 314 322 402 418 426 434 450 466 490 514 554 570 586 602 610 618 626 642 650 658 674 682 690 698 722 738 746 770 778 786 794 802 818 826 834 
X^779:  187 211 251 267 307 315 339 347 411 419 427 435 443 451 459 467 475 483 491 499 507 515 531 539 563 579 603 611 627 635 643 675 683 699 707 723 739 755 763 787 795 803 811 827 835 851 859 
X^780:  180 188 196 204 212 220 244 252 292 316 348 404 412 428 436 444 460 484 492 500 524 532 548 556 580 588 596 628 644 676 684 692 700 716 724 732 740 748 756 764 772 788 828 852 
X^781:  181 189 197 221 245 269 277 301 325 333 405 413 421 445 461 477 509 517 533 549 565 581 589 597 605 653 669 685 701 717 765 773 797 805 829 837 861 
X^782:  198 206 254 262 270 286 302 318 326 334 342 406 422 438 462 470 486 510 518 526 534 542 550 582 590 598 614 622 646 654 662 670 702 710 718 726 734 742 758 806 814 822 830 838 862 
X^783:  95 183 255 271 295 303 327 407 415 423 439 455 471 487 503 519 543 559 567 583 599 607 615 663 671 695 703 711 719 727 735 751 759 767 775 783 791 815 823 855 
X^784:  192 240 272 280 296 312 328 336 344 432 440 456 472 480 496 560 584 592 600 624 640 648 664 680 688 704 720 728 760 768 776 784 792 800 816 824 832 840 
X^785:  273 289 297 305 329 337 417 425 441 465 473 481 489 505 521 569 577 585 593 601 609 617 641 673 689 697 713 761 769 777 785 817 841 
X^786:  170 186 210 218 234 274 290 298 322 330 346 394 410 434 442 450 466 490 498 506 514 522 546 562 602 610 634 642 658 698 714 722 730 762 770 778 786 794 834 842 
X^787:  195 203 219 251 283 299 315 323 331 347 411 427 459 467 483 491 507 523 531 539 571 587 603 619 627 643 699 707 731 771 779 811 835 
X^788:  172 180 188 220 236 244 324 332 340 396 412 428 436 444 468 492 500 508 532 548 556 564 572 580 596 620 644 652 660 676 692 700 708 716 724 740 748 764 780 788 796 804 836 860 
X^789:  173 205 213 237 261 269 285 293 301 317 325 333 341 349 397 413 437 445 477 501 509 557 573 581 589 597 605 613 621 629 637 653 685 693 709 725 733 741 757 765 789 829 861 
X^790:  94 182 190 206 214 222 246 262 278 302 318 326 350 398 414 422 438 446 462 470 486 494 502 518 550 558 590 598 638 646 670 686 726 742 750 790 806 822 830 862 
X^791:  95 175 191 207 223 263 287 295 303 343 399 415 423 439 455 471 503 511 519 527 535 575 607 615 639 647 655 671 679 687 703 719 727 735 743 767 783 807 815 831 847 
X^792:  88 168 184 216 232 272 288 296 304 320 328 336 344 392 432 440 448 456 464 472 488 520 544 552 560 576 592 600 608 616 624 640 648 672 680 704 712 720 728 736 744 760 776 784 792 808 840 
X^793:  185 201 217 265 281 289 305 313 321 329 337 425 465 505 521 537 553 561 569 593 601 625 657 665 673 681 689 697 705 713 721 729 745 753 761 801 825 833 857 
X^794:  162 194 202 226 242 250 266 290 298 306 314 330 338 346 386 402 418 434 450 482 498 506 530 562 570 586 602 618 626 666 682 690 698 706 714 722 730 746 754 778 786 794 802 810 818 842 858 
X^795:  91 171 203 211 235 243 251 259 275 283 291 331 347 395 403 419 427 451 467 491 499 515 547 563 595 611 659 667 675 699 707 715 723 739 755 771 779 
X^796:  164 172 188 196 220 228 236 244 252 308 348 388 396 404 460 468 492 508 516 524 532 548 564 572 580 588 620 628 636 660 668 676 684 716 724 748 772 788 812 844 
X^797:  93 165 173 181 213 229 245 277 301 325 333 389 397 405 445 453 461 477 509 525 533 541 557 565 589 613 629 637 645 653 661 669 677 693 701 725 733 757 765 773 781 797 829 837 861 
X^798:  86 94 166 182 198 214 222 230 238 254 270 294 302 310 342 406 430 438 446 470 478 486 526 534 542 558 574 590 598 606 638 654 662 678 686 694 702 710 726 734 766 806 814 838 846 862 
X^799:  79 87 95 167 183 215 247 279 287 311 327 343 351 391 399 407 439 455 487 503 535 551 567 615 671 679 687 703 719 743 751 807 831 839 855 
X^800:  64 192 208 216 240 256 264 280 320 328 336 384 448 456 464 488 512 536 544 560 568 576 584 616 632 640 672 688 704 712 720 736 744 752 776 784 800 824 832 840 848 
X^801:  265 273 281 297 313 321 329 345 401 433 441 449 457 489 497 513 529 545 553 577 585 593 601 633 689 697 705 713 721 729 761 793 801 825 857 
X^802:  154 186 202 218 234 266 274 282 290 306 322 346 378 394 410 426 458 490 506 514 522 530 538 546 554 570 586 594 602 610 658 674 706 746 754 762 778 794 810 826 
X^803:  211 243 283 315 339 347 395 411 427 443 451 459 467 483 491 507 523 563 579 611 635 675 699 707 715 723 739 747 763 771 779 819 827 843 859 
X^804:  156 188 196 204 236 268 292 308 316 332 340 348 380 388 428 444 452 476 492 508 516 524 532 540 556 604 612 636 660 676 692 700 716 740 756 772 788 804 812 844 
X^805:  157 189 221 237 253 277 293 301 309 317 325 349 381 397 429 437 477 549 565 581 597 605 613 621 653 661 669 677 685 709 717 725 741 749 781 805 821 853 
X^806:  158 198 214 238 254 286 318 326 334 342 350 390 398 406 430 454 478 486 502 510 558 574 606 622 630 646 670 678 686 694 702 710 718 734 750 758 774 782 790 798 822 830 846 
X^807:  95 159 191 207 223 255 271 279 303 311 319 327 335 383 399 407 431 439 447 455 463 471 479 487 503 527 535 559 575 599 631 671 695 703 735 743 767 791 799 807 815 823 831 847 863 
X^808:  152 184 200 208 248 256 272 280 296 376 392 424 448 464 472 480 536 552 568 576 584 592 616 624 640 672 680 704 728 736 768 776 792 808 816 824 848 
X^809:  201 249 257 273 289 297 305 321 337 345 393 401 409 441 465 481 489 505 513 529 545 553 561 577 609 633 641 649 657 673 681 705 713 745 753 769 777 809 817 833 849 
X^810:  146 178 226 242 250 258 266 274 282 314 322 330 346 370 394 418 434 442 466 474 482 506 546 594 602 610 618 634 658 666 674 682 690 706 730 746 754 770 794 802 834 842 850 
X^811:  155 187 243 275 315 323 331 339 379 387 395 403 411 419 427 435 443 451 467 475 507 523 531 539 555 571 579 611 627 635 675 683 691 699 707 731 747 771 779 787 827 835 859 
X^812:  148 156 180 188 228 236 244 252 260 300 316 348 372 380 388 396 404 420 428 452 460 468 484 492 500 548 564 572 588 596 636 644 684 708 724 748 764 772 796 804 
X^813:  93 149 157 181 189 197 229 253 269 277 285 293 301 341 373 381 421 429 437 445 453 461 501 509 533 557 645 661 677 701 717 725 733 757 813 829 837 845 853 861 
X^814:  94 182 206 230 238 254 270 278 286 302 310 318 326 334 342 350 374 390 414 422 446 478 486 502 510 518 534 542 550 558 566 574 582 590 598 614 622 654 678 694 726 782 798 838 846 862 
X^815:  87 151 183 199 263 271 279 295 303 311 319 351 375 391 423 431 439 447 463 471 479 487 495 511 527 535 551 559 567 615 647 679 695 703 719 759 767 775 783 791 807 823 831 847 855 863 
X^816:  80 200 208 216 224 248 280 328 384 400 408 432 456 464 480 512 520 528 544 560 576 600 608 616 624 640 648 656 664 672 704 712 736 744 768 776 784 808 816 824 848 856 
X^817:  209 249 257 273 281 297 321 329 337 385 393 417 433 441 449 457 465 497 513 521 537 553 569 577 585 593 641 649 673 681 713 737 745 753 761 777 785 809 817 833 841 857 
X^818:  138 170 202 210 242 258 266 282 290 362 394 402 410 434 450 466 490 498 522 538 554 570 578 586 610 626 674 698 706 722 762 770 778 794 834 842 
X^819:  91 211 227 235 251 267 307 315 323 347 379 387 395 427 435 459 483 507 515 539 547 563 587 603 611 635 643 651 675 683 691 699 731 747 803 819 851 
X^820:  140 148 172 204 212 252 284 292 324 332 364 396 404 428 436 444 452 460 476 492 508 516 524 540 564 572 588 596 604 620 644 652 660 684 692 708 724 740 748 756 820 828 836 852 
X^821:  93 141 157 173 237 245 253 261 293 309 333 341 349 365 405 421 461 469 493 501 517 525 533 549 557 565 597 613 621 637 653 693 701 725 741 749 765 773 805 829 837 
X^822:  94 150 158 174 190 198 222 238 246 254 262 286 302 350 366 382 390 398 406 414 430 438 446 454 470 494 510 526 534 542 598 606 614 646 654 678 726 742 782 790 806 822 830 
X^823:  79 143 159 175 223 239 255 263 287 295 303 311 319 335 367 399 407 415 423 439 447 463 471 511 527 535 543 567 583 599 639 655 671 679 703 711 719 727 735 751 775 783 807 815 823 839 855 
X^824:  88 136 152 168 192 216 240 248 272 312 344 360 376 392 400 408 424 440 488 496 520 528 544 560 576 584 608 616 632 648 656 664 680 704 712 728 736 760 784 800 808 816 848 
X^825:  89 153 201 233 241 249 265 281 289 313 337 345 401 417 425 433 457 481 497 601 633 649 681 705 713 737 745 793 801 825 833 
X^826:  90 130 146 162 194 202 210 218 226 234 242 258 266 282 298 314 322 346 354 386 402 418 426 434 458 466 490 522 538 562 570 578 586 650 658 666 674 714 722 730 738 746 762 778 802 850 
X^827:  83 91 139 171 195 203 219 235 243 259 267 275 291 299 307 315 323 331 363 371 379 395 419 435 451 459 483 515 523 531 563 579 595 611 619 635 651 675 691 707 723 739 779 803 811 827 851 
X^828:  132 140 148 156 164 172 188 212 228 260 268 292 300 356 364 380 396 404 428 444 452 460 468 476 492 500 516 524 548 580 596 604 620 628 636 644 652 676 684 716 732 772 780 820 852 
X^829:  77 85 133 141 165 173 221 277 293 317 341 357 365 381 397 405 413 421 437 453 469 501 517 533 541 549 557 581 613 637 669 677 685 709 717 725 733 741 749 765 781 789 797 813 821 837 845 853 861 
X^830:  78 86 94 134 150 182 190 206 230 238 246 262 270 278 294 302 334 342 374 390 406 414 430 446 454 470 478 486 494 502 510 526 534 550 598 614 654 662 670 686 710 718 726 734 742 750 758 766 774 782 790 806 822 854 
X^831:  71 79 87 135 151 167 215 247 295 303 311 327 335 359 383 463 487 503 511 527 535 559 567 591 599 615 655 671 687 703 711 719 743 759 775 791 799 807 815 831 847 855 863 
X^832:  32 144 184 200 216 224 232 240 248 264 280 288 320 328 336 352 368 408 416 424 464 480 496 560 608 616 624 656 688 696 704 728 784 800 832 840 856 
X^833:  209 233 241 265 281 289 297 305 329 345 369 417 457 465 489 497 521 537 545 561 569 585 593 609 617 625 633 641 649 657 665 681 689 697 713 729 745 761 769 777 793 809 817 825 841 849 857 
X^834:  122 138 154 194 202 218 242 266 274 290 298 314 330 346 394 402 426 434 482 490 498 506 530 570 586 610 626 658 666 674 682 706 722 730 738 746 754 762 770 778 786 810 818 850 
X^835:  91 147 187 219 243 251 275 299 307 315 323 331 339 347 363 371 387 395 411 419 451 459 483 491 499 507 523 539 547 571 579 611 627 635 651 659 675 683 715 747 763 771 779 787 811 835 859 
X^836:  124 140 156 164 188 196 212 220 228 252 260 276 308 340 356 364 380 412 428 436 452 468 484 500 516 532 548 556 572 588 596 620 636 644 652 660 708 740 748 764 788 820 836 844 852 860 
X^837:  85 125 141 173 189 197 213 245 253 269 277 285 293 381 461 493 501 533 549 557 565 581 589 597 605 613 629 645 709 741 749 765 781 797 813 821 829 845 853 861 
X^838:  78 86 126 142 158 166 182 190 206 214 222 230 254 270 278 294 302 326 342 358 366 374 390 430 462 478 494 502 518 526 534 542 550 558 566 582 590 606 630 638 646 654 662 670 686 710 718 734 742 750 766 774 782 798 814 846 862 
X^839:  63 87 127 175 191 207 215 223 247 263 271 287 295 319 335 343 367 391 399 407 423 431 439 455 463 471 487 495 511 519 527 575 583 591 615 623 631 639 647 679 711 719 735 743 767 775 799 823 
X^840:  72 120 168 176 184 192 208 216 224 232 240 264 272 280 288 304 320 344 360 392 400 416 424 432 440 448 472 504 536 560 576 592 608 624 648 656 664 688 696 704 712 720 736 760 776 784 792 800 832 848 856 
X^841:  89 153 169 185 201 217 225 233 249 273 281 289 305 321 337 345 361 369 393 417 425 465 473 481 497 505 513 521 529 553 561 585 609 617 641 649 681 713 729 761 777 785 817 833 857 
X^842:  90 114 130 154 162 186 194 210 226 234 242 250 258 274 282 298 322 346 354 362 386 402 418 426 434 442 458 466 498 506 514 522 570 578 586 610 618 626 634 658 682 690 698 714 722 730 738 746 754 762 770 786 794 810 818 842 850 858 
X^843:  75 123 147 155 203 211 219 243 251 275 283 299 315 323 339 355 363 371 395 403 411 427 443 451 475 499 515 523 531 539 547 555 571 579 587 595 603 619 635 659 683 707 715 747 755 763 803 843 
X^844:  116 124 132 140 164 188 220 228 252 260 276 292 308 340 348 364 396 404 420 436 452 460 484 492 516 524 532 556 596 612 628 636 644 668 676 708 716 732 756 772 796 804 836 844 852 
X^845:  61 77 85 117 125 133 149 181 189 213 229 237 253 261 269 277 285 309 333 341 349 357 373 381 397 405 429 453 469 477 485 493 501 533 541 557 573 597 613 629 637 653 669 677 685 693 717 733 749 757 765 773 813 829 837 845 853 
X^846:  62 70 78 134 142 150 174 190 198 206 214 222 254 270 294 302 318 334 342 350 358 374 382 390 398 422 446 470 494 526 558 582 590 606 614 630 638 646 654 678 694 726 742 750 758 766 774 798 806 814 838 854 
X^847:  31 55 63 79 119 151 159 167 183 199 223 239 247 263 295 311 319 327 335 351 359 375 383 407 415 431 439 455 463 479 511 535 559 575 591 599 615 623 639 663 671 679 687 695 727 735 743 759 775 791 807 815 831 847 855 863 
X^848:  48 80 128 160 168 176 200 208 216 248 256 264 272 280 288 320 336 344 376 384 392 408 424 448 472 504 528 536 544 552 560 568 616 640 648 664 672 680 704 712 720 728 760 776 800 808 816 824 840 848 856 
X^849:  81 89 177 193 209 225 233 249 257 265 273 281 297 305 313 329 345 353 361 377 385 401 409 417 433 441 473 497 537 545 553 561 577 585 593 609 617 633 641 657 665 681 713 729 769 809 833 849 
X^850:  82 90 106 122 138 146 170 178 186 210 226 242 250 282 330 362 370 378 386 402 426 442 450 482 562 570 578 618 626 634 642 658 674 682 698 738 810 826 834 842 858 
X^851:  59 91 131 139 155 163 179 203 211 235 243 267 291 299 323 331 339 347 363 387 395 403 475 499 507 515 531 547 555 571 579 595 611 667 675 691 699 723 731 739 747 771 779 819 827 851 859 
X^852:  108 116 124 140 172 188 196 204 236 244 252 260 276 292 324 340 396 404 412 428 452 460 468 516 524 540 556 572 596 628 668 676 684 692 700 716 724 732 756 780 820 828 836 844 860 
X^853:  61 69 77 109 149 157 173 189 197 213 229 237 277 301 309 317 365 373 397 429 445 485 493 517 573 629 637 653 701 717 733 741 749 757 805 813 829 837 845 853 
X^854:  30 62 70 86 118 126 150 166 182 190 198 230 238 254 270 286 294 302 318 326 350 358 390 406 414 422 430 438 446 502 510 526 534 542 590 598 614 654 670 678 694 726 758 830 846 862 
X^855:  31 47 63 71 95 111 127 175 199 207 223 231 263 279 287 327 335 343 351 359 375 383 407 415 423 479 487 495 511 519 535 543 551 559 567 575 583 591 599 607 631 655 663 671 711 735 759 775 783 799 815 823 831 847 855 863 
X^856:  24 56 104 120 136 160 168 176 192 232 256 264 272 280 312 336 360 368 376 384 392 400 408 424 440 456 472 488 528 536 568 576 584 624 656 664 672 696 704 712 720 728 736 744 760 776 816 832 840 848 
X^857:  57 73 81 89 121 137 153 185 201 209 225 233 257 265 289 297 313 321 329 337 361 385 393 401 449 481 497 513 521 529 545 577 585 601 633 641 649 657 665 689 705 729 737 745 761 777 793 801 817 833 841 857 
X^858:  58 74 82 98 138 146 178 186 210 242 274 282 290 298 314 330 338 386 426 434 450 466 474 506 538 554 602 642 650 658 674 690 698 714 738 746 754 762 770 794 842 850 858 
X^859:  27 51 59 67 83 91 107 147 155 171 187 195 235 243 259 267 275 283 291 307 323 331 347 355 387 403 427 443 451 459 467 483 499 515 531 547 555 563 579 587 595 603 611 627 667 675 683 699 715 723 731 747 771 779 803 811 835 851 859 
X^860:  92 100 108 124 140 148 156 164 172 180 188 220 244 260 268 284 292 300 324 340 356 364 396 412 452 476 484 492 500 508 516 524 532 540 548 556 564 604 644 652 668 684 692 748 764 788 836 852 
X^861:  29 45 53 101 109 117 133 141 157 173 189 197 205 213 245 261 277 293 309 325 341 357 381 405 413 429 445 453 461 477 485 493 501 509 517 533 541 549 589 597 605 637 645 669 685 709 717 733 765 773 781 789 797 813 829 837 861 
X^862:  22 30 46 54 62 94 102 118 134 166 198 214 230 278 294 302 310 334 350 358 382 422 430 454 470 486 494 502 510 526 534 542 558 566 574 646 654 670 694 702 710 718 726 734 758 766 774 782 790 798 814 838 854 862 
X^863:  15 23 31 39 87 95 103 119 135 143 159 207 215 223 231 239 255 287 303 327 351 375 399 407 423 455 463 471 479 495 503 511 527 559 575 599 623 631 655 663 687 695 703 711 751 759 775 807 815 831 847 855 863 
X^864:  0 
checksum: 8345435