983
X^0:  984 
X^1:  
X^2:  
X^3:  
X^4:  
X^5:  
X^6:  982 
X^7:  983 
X^8:  976 
X^9:  
X^10:  
X^11:  
X^12:  980 
X^13:  
X^14:  982 
X^15:  
X^16:  968 
X^17:  
X^18:  978 
X^19:  979 
X^20:  972 980 
X^21:  981 
X^22:  966 974 
X^23:  967 
X^24:  960 
X^25:  
X^26:  
X^27:  
X^28:  
X^29:  
X^30:  
X^31:  983 
X^32:  
X^33:  
X^34:  
X^35:  
X^36:  
X^37:  981 
X^38:  982 
X^39:  975 983 
X^40:  
X^41:  
X^42:  
X^43:  979 
X^44:  
X^45:  981 
X^46:  
X^47:  967 
X^48:  968 
X^49:  977 
X^50:  978 
X^51:  971 
X^52:  980 
X^53:  965 973 
X^54:  982 
X^55:  959 975 983 
X^56:  960 976 
X^57:  
X^58:  
X^59:  979 
X^60:  964 
X^61:  973 981 
X^62:  966 
X^63:  951 967 
X^64:  920 952 968 
X^65:  977 
X^66:  962 978 
X^67:  963 
X^68:  956 964 972 980 
X^69:  949 965 
X^70:  918 958 974 
X^71:  919 943 959 975 
X^72:  912 944 960 
X^73:  969 
X^74:  
X^75:  947 971 
X^76:  916 964 
X^77:  949 957 
X^78:  918 966 
X^79:  935 951 967 
X^80:  904 952 
X^81:  945 961 
X^82:  914 946 962 978 
X^83:  915 939 955 979 
X^84:  908 916 948 964 980 
X^85:  917 933 941 957 981 
X^86:  902 910 934 950 982 
X^87:  903 927 935 951 983 
X^88:  896 
X^89:  
X^90:  
X^91:  
X^92:  
X^93:  
X^94:  
X^95:  983 
X^96:  952 
X^97:  977 
X^98:  978 
X^99:  979 
X^100:  980 
X^101:  981 
X^102:  950 
X^103:  951 975 
X^104:  944 
X^105:  
X^106:  978 
X^107:  
X^108:  948 
X^109:  973 981 
X^110:  950 974 
X^111:  967 983 
X^112:  936 968 976 
X^113:  961 977 
X^114:  946 962 970 978 
X^115:  947 963 
X^116:  940 948 964 
X^117:  949 965 973 981 
X^118:  934 942 966 
X^119:  935 959 967 975 
X^120:  928 960 
X^121:  969 977 
X^122:  970 
X^123:  971 
X^124:  964 972 980 
X^125:  973 981 
X^126:  966 982 
X^127:  975 983 
X^128:  856 952 
X^129:  945 969 
X^130:  946 962 970 
X^131:  947 963 971 979 
X^132:  948 956 964 972 
X^133:  
X^134:  854 958 966 
X^135:  855 975 983 
X^136:  848 944 968 976 
X^137:  953 961 969 
X^138:  946 954 962 970 978 
X^139:  947 955 963 971 
X^140:  852 956 964 972 980 
X^141:  941 957 973 981 
X^142:  854 942 
X^143:  951 959 967 983 
X^144:  840 936 944 968 976 
X^145:  929 953 961 
X^146:  850 930 938 962 970 
X^147:  851 931 939 979 
X^148:  844 852 932 948 956 964 972 
X^149:  853 949 957 
X^150:  838 846 950 958 966 982 
X^151:  839 951 959 
X^152:  832 928 944 976 
X^153:  969 977 
X^154:  962 970 
X^155:  947 963 979 
X^156:  932 980 
X^157:  941 949 957 965 981 
X^158:  934 958 
X^159:  855 935 983 
X^160:  888 920 936 952 960 968 
X^161:  913 
X^162:  914 930 954 970 978 
X^163:  915 931 947 955 971 979 
X^164:  916 924 932 940 964 980 
X^165:  853 933 957 973 
X^166:  854 886 926 942 982 
X^167:  847 855 887 927 943 959 975 983 
X^168:  880 912 928 944 976 
X^169:  937 961 
X^170:  914 962 970 
X^171:  851 915 939 955 971 979 
X^172:  884 932 948 956 964 980 
X^173:  853 909 925 949 973 
X^174:  886 910 934 950 966 982 
X^175:  839 935 959 983 
X^176:  840 872 904 912 920 936 976 
X^177:  849 897 969 
X^178:  850 882 898 906 954 962 
X^179:  843 883 899 907 923 931 971 
X^180:  852 876 884 900 916 940 956 980 
X^181:  837 845 885 917 925 941 949 973 
X^182:  854 870 878 918 942 958 966 974 982 
X^183:  831 847 855 871 911 919 951 959 975 983 
X^184:  832 848 864 896 928 952 968 976 
X^185:  905 913 969 
X^186:  906 930 946 954 970 
X^187:  851 907 931 939 963 979 
X^188:  836 900 908 916 940 948 956 964 972 980 
X^189:  845 853 909 917 925 933 965 
X^190:  838 902 918 926 950 958 966 
X^191:  823 839 887 911 919 935 943 951 959 967 975 
X^192:  792 824 840 888 920 928 960 976 
X^193:  849 881 905 913 937 977 
X^194:  834 850 882 898 906 914 922 938 946 970 978 
X^195:  835 883 899 907 923 955 963 
X^196:  828 836 844 852 884 892 900 908 916 932 940 956 964 980 
X^197:  821 837 885 925 957 965 973 981 
X^198:  790 830 846 886 894 902 942 950 958 
X^199:  791 815 831 847 879 887 911 919 959 975 
X^200:  784 816 832 880 904 928 952 968 
X^201:  841 889 897 905 921 945 953 969 977 
X^202:  882 890 898 906 914 922 930 938 954 962 970 978 
X^203:  819 843 891 899 907 931 939 947 971 
X^204:  788 836 892 900 908 956 
X^205:  821 829 877 885 893 909 933 941 949 965 973 981 
X^206:  790 838 878 918 950 974 
X^207:  807 823 839 871 887 895 903 935 951 959 975 983 
X^208:  776 824 880 912 920 936 944 952 960 976 
X^209:  817 833 865 881 889 921 961 969 977 
X^210:  786 818 834 850 866 874 882 906 914 930 962 970 978 
X^211:  787 811 827 851 867 899 923 931 939 955 
X^212:  780 788 820 836 852 868 892 916 924 932 940 948 956 964 972 
X^213:  789 805 813 829 853 869 877 885 893 909 917 925 
X^214:  774 782 806 822 854 894 902 910 918 934 942 950 966 974 
X^215:  775 799 807 823 855 863 879 895 911 927 935 943 951 959 967 983 
X^216:  768 896 976 
X^217:  969 
X^218:  978 
X^219:  963 979 
X^220:  964 972 980 
X^221:  981 
X^222:  966 974 
X^223:  919 951 967 983 
X^224:  952 976 
X^225:  961 969 
X^226:  962 970 
X^227:  955 971 979 
X^228:  956 964 
X^229:  917 949 965 981 
X^230:  918 958 966 
X^231:  911 919 943 975 
X^232:  944 968 976 
X^233:  953 961 969 977 
X^234:  962 
X^235:  915 979 
X^236:  956 964 980 
X^237:  917 949 957 973 
X^238:  966 982 
X^239:  903 935 959 967 983 
X^240:  904 936 952 960 968 
X^241:  913 969 
X^242:  914 946 954 962 
X^243:  907 947 955 963 
X^244:  916 948 
X^245:  901 909 933 941 949 965 973 981 
X^246:  918 958 974 
X^247:  895 911 919 927 975 
X^248:  896 912 928 944 960 968 976 
X^249:  937 953 961 969 977 
X^250:  946 954 970 
X^251:  915 931 947 979 
X^252:  900 932 940 956 964 980 
X^253:  909 917 941 965 973 
X^254:  902 934 950 
X^255:  887 903 919 943 959 967 983 
X^256:  728 856 888 904 944 952 960 976 
X^257:  913 929 937 953 961 969 977 
X^258:  898 914 930 938 946 970 
X^259:  899 923 947 963 971 
X^260:  892 900 908 916 924 932 940 972 980 
X^261:  885 901 917 933 949 981 
X^262:  726 854 894 910 918 926 934 942 958 974 982 
X^263:  727 855 879 895 919 927 943 959 967 975 983 
X^264:  720 848 880 896 936 944 952 960 
X^265:  905 921 929 937 945 961 977 
X^266:  930 954 978 
X^267:  883 907 931 971 979 
X^268:  724 852 900 916 924 948 956 964 
X^269:  885 893 917 941 965 981 
X^270:  726 854 902 918 926 974 
X^271:  871 887 919 935 951 959 975 
X^272:  712 840 888 920 928 952 976 
X^273:  881 897 937 961 969 977 
X^274:  722 850 882 898 914 922 954 962 970 
X^275:  723 851 875 891 915 923 931 939 955 963 971 
X^276:  716 724 844 852 884 900 908 916 924 980 
X^277:  725 853 869 877 893 901 909 917 925 933 941 957 973 
X^278:  710 718 838 846 870 886 902 910 918 934 958 974 
X^279:  711 839 863 871 887 895 903 911 919 927 935 943 951 975 
X^280:  704 832 912 928 944 952 968 976 
X^281:  905 937 945 961 969 
X^282:  914 946 954 962 970 
X^283:  899 915 963 979 
X^284:  900 908 916 940 956 964 972 
X^285:  917 933 941 957 
X^286:  902 910 942 966 982 
X^287:  727 887 903 959 967 975 
X^288:  912 920 944 960 968 976 
X^289:  897 905 913 945 953 961 969 
X^290:  898 906 914 930 938 946 954 962 970 978 
X^291:  891 907 931 939 947 955 979 
X^292:  892 900 916 932 956 
X^293:  725 885 901 925 933 965 
X^294:  726 886 894 902 918 942 966 982 
X^295:  719 727 879 887 919 959 967 
X^296:  904 944 960 968 
X^297:  889 897 905 913 921 945 953 977 
X^298:  898 914 930 938 978 
X^299:  723 915 931 939 971 979 
X^300:  884 892 900 924 940 956 964 972 
X^301:  725 885 893 925 949 957 965 981 
X^302:  886 902 910 926 934 974 982 
X^303:  711 871 895 935 943 951 967 983 
X^304:  712 888 896 912 920 928 936 944 952 968 
X^305:  721 897 905 913 921 929 937 953 969 977 
X^306:  722 890 906 914 922 930 954 962 970 978 
X^307:  715 891 931 955 
X^308:  724 876 900 908 940 
X^309:  709 717 869 877 909 917 933 957 965 973 981 
X^310:  726 870 878 894 902 934 942 
X^311:  703 719 727 863 871 895 903 919 927 935 959 967 
X^312:  704 720 880 904 912 920 952 960 968 
X^313:  873 889 897 905 913 929 945 953 
X^314:  882 890 914 922 930 954 962 970 
X^315:  723 867 883 907 915 
X^316:  708 868 876 892 900 916 924 948 964 
X^317:  717 725 877 909 925 941 965 
X^318:  710 870 886 934 942 966 974 
X^319:  695 711 855 879 895 903 927 959 967 975 
X^320:  664 696 712 792 880 896 904 920 928 936 944 952 968 
X^321:  721 865 873 881 889 897 913 921 937 945 961 
X^322:  706 722 866 874 898 906 914 922 938 954 962 970 978 
X^323:  707 859 907 939 963 979 
X^324:  700 708 716 724 860 868 876 884 900 932 940 948 964 972 
X^325:  693 709 853 869 885 893 909 917 941 957 965 
X^326:  662 702 718 790 854 862 870 878 894 902 950 966 982 
X^327:  663 687 703 719 791 847 855 863 879 895 903 919 927 935 959 983 
X^328:  656 688 704 784 872 888 904 920 928 952 960 
X^329:  713 857 865 873 881 905 913 937 953 961 
X^330:  866 882 906 922 954 978 
X^331:  691 715 867 883 891 915 939 955 971 979 
X^332:  660 708 788 852 860 892 908 916 932 940 964 972 980 
X^333:  693 701 853 885 909 917 925 949 981 
X^334:  662 710 790 854 862 878 886 902 910 918 934 958 966 
X^335:  679 695 711 839 855 871 895 903 911 935 
X^336:  648 696 776 856 864 880 888 896 944 952 960 976 
X^337:  689 705 865 873 905 913 929 945 953 961 969 977 
X^338:  658 690 706 722 786 858 866 874 898 914 922 930 946 954 962 
X^339:  659 683 699 723 787 859 891 907 931 955 971 979 
X^340:  652 660 692 708 724 780 788 844 860 868 876 884 908 932 940 948 964 980 
X^341:  661 677 685 701 725 789 837 845 861 869 893 917 933 957 965 
X^342:  646 654 678 694 726 774 782 838 846 878 886 894 918 934 942 950 958 982 
X^343:  647 671 679 695 727 775 831 839 847 863 879 887 895 903 951 959 967 
X^344:  640 768 848 864 880 896 936 968 
X^345:  841 913 921 929 937 945 953 
X^346:  850 898 906 914 922 946 954 
X^347:  835 851 883 947 955 979 
X^348:  836 844 852 868 900 908 916 924 932 940 948 956 964 972 
X^349:  853 877 885 893 901 909 917 933 941 949 965 973 
X^350:  838 846 870 894 902 918 942 950 974 
X^351:  727 791 823 839 855 871 887 911 919 927 943 959 967 983 
X^352:  696 848 856 872 888 896 904 912 928 952 968 
X^353:  721 833 841 849 897 905 913 921 929 937 969 
X^354:  722 834 842 850 866 890 898 914 930 938 946 
X^355:  723 827 843 867 883 907 915 947 963 
X^356:  724 828 836 852 860 868 876 892 908 932 940 948 980 
X^357:  725 789 821 837 853 869 885 893 901 909 917 957 
X^358:  694 790 822 830 838 862 878 886 894 902 910 918 926 934 942 950 966 974 
X^359:  695 719 783 791 815 823 847 863 887 919 935 959 967 983 
X^360:  688 840 864 880 904 912 920 928 936 944 952 960 
X^361:  825 833 841 849 873 889 905 913 929 961 977 
X^362:  722 834 850 906 914 946 962 
X^363:  787 875 891 899 907 931 947 971 979 
X^364:  692 820 828 836 852 868 900 916 932 956 964 
X^365:  717 725 789 821 829 861 909 933 941 973 981 
X^366:  694 718 822 838 846 854 870 894 902 910 926 942 958 966 974 982 
X^367:  711 727 775 807 831 839 855 887 895 903 943 951 959 967 975 
X^368:  680 712 720 776 824 832 848 856 872 888 896 928 936 952 976 
X^369:  705 721 785 833 841 897 929 961 977 
X^370:  690 706 714 722 786 826 842 906 930 938 946 954 962 
X^371:  691 707 779 827 843 859 867 891 907 923 931 939 955 963 979 
X^372:  684 692 708 788 812 836 852 900 908 932 940 948 956 964 
X^373:  693 709 717 725 773 781 805 813 837 845 861 869 885 893 901 941 949 957 
X^374:  678 686 710 790 806 814 830 846 854 870 894 902 958 966 
X^375:  679 703 711 719 767 783 791 799 807 855 863 871 879 887 911 919 935 967 983 
X^376:  672 704 768 784 816 840 848 864 880 888 896 904 912 920 928 944 952 960 968 
X^377:  713 721 809 825 833 873 905 921 929 937 953 
X^378:  714 818 826 866 890 906 970 
X^379:  715 787 803 819 843 851 875 883 899 907 923 931 939 947 955 963 
X^380:  708 716 724 772 804 812 828 844 868 892 916 948 956 972 980 
X^381:  717 725 781 789 813 837 853 861 869 885 909 917 933 941 949 957 965 981 
X^382:  710 726 774 806 822 838 854 862 870 878 886 894 910 918 926 966 982 
X^383:  719 727 759 775 791 815 823 831 839 847 855 879 895 903 935 951 967 975 
X^384:  600 696 728 760 776 816 832 848 864 880 888 896 912 920 960 
X^385:  689 713 785 801 809 817 825 833 865 881 905 921 937 969 977 
X^386:  690 706 714 770 786 802 810 834 850 858 866 898 906 914 954 978 
X^387:  691 707 715 723 771 795 875 891 907 915 923 931 939 947 
X^388:  692 700 708 716 764 772 780 788 796 804 812 820 828 836 860 876 884 916 924 948 956 964 
X^389:  757 773 789 805 861 869 885 909 917 925 957 965 981 
X^390:  598 702 710 726 766 782 790 798 806 814 822 838 846 854 862 870 878 886 926 934 942 950 966 974 
X^391:  599 719 751 767 791 799 823 831 839 847 879 895 919 927 935 943 951 967 983 
X^392:  592 688 712 752 768 808 824 832 840 848 864 872 888 904 920 928 936 944 952 
X^393:  697 705 713 777 793 801 809 817 825 841 849 865 873 889 897 905 913 929 945 977 
X^394:  690 698 706 714 722 802 818 834 842 858 874 882 890 898 938 954 970 978 
X^395:  691 699 707 715 755 779 803 827 835 851 867 875 883 891 899 931 947 963 971 979 
X^396:  596 700 708 716 772 788 796 820 844 860 868 884 908 916 924 940 948 956 972 
X^397:  685 701 717 725 757 765 789 821 829 837 845 861 869 877 893 901 909 933 973 
X^398:  598 686 726 774 790 798 814 846 854 870 878 894 910 926 934 958 966 982 
X^399:  695 703 711 727 743 759 791 847 863 887 959 967 
X^400:  584 680 688 720 760 792 800 816 824 840 864 872 888 896 920 928 952 968 
X^401:  673 697 705 753 769 801 809 817 825 833 841 849 857 865 873 905 913 929 937 953 977 
X^402:  594 674 682 706 714 722 754 770 786 794 802 810 818 826 834 858 866 874 898 922 954 978 
X^403:  595 675 683 747 763 787 795 811 827 843 851 867 899 915 931 947 955 963 979 
X^404:  588 596 676 692 700 708 724 756 772 780 788 796 804 828 852 860 876 892 900 908 916 924 932 948 956 972 
X^405:  597 693 701 725 741 749 765 773 781 789 797 821 837 845 861 869 893 901 957 981 
X^406:  582 590 694 702 718 726 742 758 774 782 790 806 838 854 862 870 894 918 934 942 950 958 974 
X^407:  583 695 703 711 735 743 759 767 775 783 791 807 823 863 871 887 903 919 943 967 
X^408:  576 672 688 704 720 784 800 816 824 840 872 888 896 904 912 960 968 
X^409:  713 721 777 809 817 833 857 865 889 897 945 961 969 
X^410:  706 714 786 818 826 834 842 850 858 914 922 946 954 962 970 978 
X^411:  691 707 723 771 787 883 891 899 939 947 955 963 
X^412:  676 724 772 780 788 812 828 860 900 908 916 948 956 
X^413:  685 693 701 709 725 789 805 813 829 845 901 949 957 
X^414:  678 702 774 782 814 870 878 894 902 910 926 950 958 982 
X^415:  599 679 727 759 775 791 823 831 839 855 863 903 943 983 
X^416:  632 664 680 696 704 712 760 784 792 816 832 840 864 872 880 888 904 912 928 936 952 968 
X^417:  657 769 777 817 825 849 857 865 873 881 889 905 913 929 953 961 977 
X^418:  658 674 698 714 722 770 778 802 810 818 826 850 866 882 930 938 946 962 
X^419:  659 675 691 699 715 723 763 779 787 803 811 819 851 875 883 891 899 907 915 931 955 971 979 
X^420:  660 668 676 684 708 724 764 772 804 836 844 852 860 868 876 884 916 932 940 956 
X^421:  597 677 701 717 757 773 789 797 805 821 861 877 893 909 941 949 957 981 
X^422:  598 630 670 686 726 766 774 790 814 822 830 846 870 902 910 918 934 966 974 
X^423:  591 599 631 671 687 703 719 727 751 783 791 815 823 839 855 871 887 895 903 935 951 959 
X^424:  624 656 672 688 720 752 776 816 832 856 872 880 904 928 944 952 
X^425:  681 705 761 769 777 785 793 817 833 841 857 865 889 897 913 953 969 
X^426:  658 706 714 770 802 810 834 866 882 906 930 
X^427:  595 659 683 699 715 723 787 803 811 835 843 851 883 891 899 923 947 971 
X^428:  628 676 692 700 708 724 764 772 796 812 820 836 844 852 860 868 884 908 932 940 964 980 
X^429:  597 653 669 693 717 757 765 781 789 797 829 837 853 861 877 885 893 933 957 965 973 981 
X^430:  630 654 678 694 710 726 774 798 806 822 830 854 862 870 878 902 918 966 974 
X^431:  583 679 703 727 743 767 775 791 815 839 863 879 903 919 927 951 959 967 975 983 
X^432:  584 616 648 656 664 680 720 744 760 768 776 792 800 808 816 832 840 848 872 888 904 936 960 
X^433:  593 641 713 777 793 801 809 825 833 857 905 921 945 969 
X^434:  594 626 642 650 698 706 754 762 770 794 802 858 866 874 882 922 930 946 954 962 970 
X^435:  587 627 643 651 667 675 715 755 763 771 803 843 859 867 875 891 899 907 915 923 939 947 955 
X^436:  596 620 628 644 660 684 700 724 756 780 828 836 860 868 884 892 900 908 916 924 948 956 964 972 980 
X^437:  581 589 629 661 669 685 693 717 741 749 757 773 813 837 861 885 893 925 933 949 973 
X^438:  598 614 622 662 686 702 710 718 726 766 838 862 870 902 918 926 950 
X^439:  575 591 599 615 655 663 695 703 719 727 735 783 791 815 831 847 879 895 903 935 943 
X^440:  576 592 608 640 672 696 712 720 736 752 768 776 784 792 816 824 840 864 872 880 888 904 912 928 936 952 968 976 
X^441:  649 657 713 745 761 769 801 809 817 825 841 849 857 889 913 929 937 953 961 
X^442:  650 674 690 698 714 754 762 778 786 794 802 818 826 834 842 850 858 882 898 906 914 922 946 954 
X^443:  595 651 675 683 707 723 739 755 787 803 819 843 859 883 891 915 923 931 947 963 971 979 
X^444:  580 644 652 660 684 692 700 708 716 724 740 748 764 780 796 804 812 836 860 876 884 892 900 908 916 924 932 948 964 972 
X^445:  589 597 653 661 669 677 709 749 789 797 813 821 837 845 869 885 893 901 917 925 933 941 965 
X^446:  582 646 662 670 694 702 710 742 758 774 790 838 846 854 878 886 910 918 926 966 982 
X^447:  567 583 631 655 663 679 687 695 703 711 719 727 751 767 775 783 799 807 831 855 863 871 879 911 935 943 959 
X^448:  536 568 584 632 672 704 720 752 760 768 776 792 800 808 848 872 888 896 944 968 976 
X^449:  593 625 649 657 681 721 737 745 761 769 777 785 793 801 833 841 873 881 921 929 945 953 961 969 
X^450:  578 594 626 642 650 658 666 682 690 714 722 738 746 754 786 794 802 818 826 874 882 922 930 970 
X^451:  579 627 643 651 667 699 707 731 755 771 787 795 867 883 891 907 915 923 947 955 
X^452:  572 580 588 596 628 636 644 652 660 676 684 700 708 724 732 740 748 764 780 796 812 860 876 884 900 940 956 972 980 
X^453:  565 581 629 669 701 709 717 741 757 765 781 805 813 829 853 861 893 901 941 981 
X^454:  534 574 590 630 638 646 662 686 694 702 726 734 742 750 790 798 806 838 870 878 886 894 902 910 918 934 942 950 958 
X^455:  535 559 575 591 623 631 655 703 727 735 751 767 775 791 799 807 823 847 855 863 871 879 887 895 903 911 943 951 967 975 
X^456:  528 560 576 624 648 656 672 696 712 744 752 760 784 792 800 808 824 856 864 888 920 928 952 960 968 976 
X^457:  585 633 641 649 665 689 697 713 721 729 737 745 753 761 769 785 793 801 817 841 849 865 897 921 937 945 953 969 977 
X^458:  626 634 642 650 658 666 674 682 698 706 714 722 738 762 770 786 794 802 818 826 834 890 906 922 954 970 
X^459:  563 587 635 643 651 675 683 691 715 739 771 779 787 811 819 851 875 907 931 939 947 971 979 
X^460:  532 580 636 644 652 660 700 724 732 772 788 796 812 844 860 892 908 948 956 972 980 
X^461:  565 573 621 629 637 653 677 685 693 709 717 749 757 765 789 829 861 877 909 957 973 981 
X^462:  534 582 622 694 718 726 734 758 774 782 814 830 838 862 870 878 902 934 974 982 
X^463:  551 567 583 615 631 639 647 679 695 703 711 719 743 759 775 783 791 799 807 823 831 839 879 895 943 951 959 975 983 
X^464:  520 568 624 648 656 664 680 688 696 704 720 728 736 744 760 768 776 784 792 800 824 848 880 904 944 952 960 968 976 
X^465:  561 577 609 625 633 665 705 713 721 745 761 769 777 785 809 833 849 873 881 897 905 913 961 977 
X^466:  530 562 578 594 610 618 626 650 674 706 714 722 730 778 786 802 810 842 850 898 906 922 930 938 954 978 
X^467:  531 555 571 595 611 643 659 667 675 683 699 731 739 747 763 779 787 795 803 827 835 843 859 875 883 907 939 963 979 
X^468:  524 532 564 580 596 612 636 652 668 676 684 692 700 708 732 748 764 772 780 820 836 844 868 892 908 916 932 940 964 972 980 
X^469:  533 549 557 573 597 613 621 629 637 653 669 709 717 733 741 757 773 781 789 805 821 829 845 853 877 893 901 933 957 973 981 
X^470:  518 526 550 566 598 638 662 678 686 694 750 782 798 814 822 838 878 894 902 926 934 974 
X^471:  519 543 551 567 599 607 623 639 647 655 671 679 687 695 719 727 735 751 767 799 807 815 823 839 855 863 871 887 927 935 943 951 967 
X^472:  512 768 896 952 960 
X^473:  945 953 969 977 
X^474:  946 970 
X^475:  971 979 
X^476:  940 948 980 
X^477:  933 941 965 973 
X^478:  942 966 974 982 
X^479:  855 919 935 943 975 
X^480:  824 960 976 
X^481:  849 913 945 953 961 
X^482:  850 914 954 978 
X^483:  851 915 939 947 955 963 979 
X^484:  852 916 948 964 
X^485:  853 917 925 933 941 965 981 
X^486:  822 934 950 958 966 974 
X^487:  823 847 911 927 951 
X^488:  816 936 952 960 968 976 
X^489:  945 
X^490:  850 914 954 970 
X^491:  931 939 979 
X^492:  820 924 948 956 964 
X^493:  845 853 909 925 933 941 973 981 
X^494:  822 846 910 926 942 966 
X^495:  839 855 903 927 951 975 
X^496:  808 840 848 904 912 960 968 976 
X^497:  833 849 897 913 921 937 945 953 961 969 977 
X^498:  818 834 842 850 898 906 914 922 930 970 978 
X^499:  819 835 899 955 971 979 
X^500:  812 820 836 900 924 940 948 956 964 972 
X^501:  821 837 845 853 901 973 981 
X^502:  806 814 838 902 918 950 958 966 974 
X^503:  807 831 839 847 895 903 943 951 967 
X^504:  800 832 896 912 920 936 944 952 
X^505:  841 849 905 921 929 945 953 969 
X^506:  842 906 914 938 946 954 
X^507:  843 907 939 979 
X^508:  836 844 852 900 940 948 964 980 
X^509:  845 853 901 925 949 957 965 
X^510:  838 854 902 918 926 934 942 950 958 966 974 982 
X^511:  847 855 887 903 911 935 959 967 975 
X^512:  472 728 824 856 888 904 920 944 952 960 968 976 
X^513:  817 841 881 905 913 929 961 977 
X^514:  818 834 842 882 898 906 922 946 962 978 
X^515:  819 835 843 851 883 899 923 931 939 947 963 971 
X^516:  820 828 836 844 884 892 900 940 980 
X^517:  885 893 901 917 925 941 949 957 965 
X^518:  470 726 830 838 854 886 894 910 918 926 950 974 982 
X^519:  471 727 847 879 887 895 943 975 983 
X^520:  464 720 816 840 880 896 928 976 
X^521:  825 833 841 889 897 905 913 929 961 969 977 
X^522:  818 826 834 842 850 882 890 898 938 954 962 
X^523:  819 827 835 843 891 907 915 923 939 947 963 979 
X^524:  468 724 828 836 844 924 932 940 948 980 
X^525:  813 829 845 853 877 925 933 949 957 981 
X^526:  470 726 814 854 878 902 926 934 942 966 
X^527:  823 831 839 855 871 895 927 943 951 959 967 975 
X^528:  456 712 808 816 848 880 888 920 928 976 
X^529:  801 825 833 865 881 897 905 937 969 
X^530:  466 722 802 810 834 842 850 866 874 882 890 914 930 946 954 962 978 
X^531:  467 723 803 811 867 907 915 923 939 955 963 971 
X^532:  460 468 716 724 804 820 828 836 852 868 916 940 948 956 972 980 
X^533:  469 725 821 829 853 869 901 925 949 973 
X^534:  454 462 710 718 822 830 846 854 886 894 902 926 942 950 966 982 
X^535:  455 711 823 831 839 863 919 943 959 967 975 
X^536:  448 704 800 816 832 848 888 896 912 920 952 960 968 976 
X^537:  841 849 881 889 945 977 
X^538:  834 842 882 898 930 938 946 962 
X^539:  819 835 851 899 907 915 923 947 955 963 971 979 
X^540:  804 852 876 884 908 940 956 964 972 980 
X^541:  813 821 829 837 853 869 877 893 901 909 917 949 957 965 
X^542:  806 830 878 894 902 910 918 950 958 966 982 
X^543:  471 727 807 855 871 879 911 919 927 943 975 
X^544:  760 792 808 824 832 840 888 904 912 936 952 
X^545:  785 849 889 897 905 945 953 961 969 977 
X^546:  786 802 826 842 882 914 922 938 946 962 970 
X^547:  787 803 819 827 843 875 899 931 947 971 
X^548:  788 796 804 812 836 908 940 948 972 
X^549:  469 725 805 829 845 861 869 877 909 917 925 933 941 957 
X^550:  470 726 758 798 814 870 886 894 910 918 934 950 958 974 
X^551:  463 471 719 727 759 799 815 831 847 863 887 895 911 919 935 943 951 
X^552:  752 784 800 816 848 872 880 888 928 936 952 960 968 976 
X^553:  809 833 881 913 921 929 945 953 977 
X^554:  786 834 842 850 890 906 946 954 970 978 
X^555:  467 723 787 811 827 843 867 875 891 899 907 923 947 955 963 971 
X^556:  756 804 820 828 836 852 860 892 900 908 916 924 
X^557:  469 725 781 797 821 853 861 869 877 901 925 933 941 949 965 973 981 
X^558:  758 782 806 822 838 846 854 862 878 886 894 910 918 950 958 966 974 982 
X^559:  455 711 807 831 855 863 887 911 919 935 943 959 967 
X^560:  456 712 744 776 784 792 808 872 888 896 904 968 
X^561:  465 721 769 833 841 857 865 873 881 889 913 921 929 961 
X^562:  466 722 754 770 778 826 842 858 882 890 898 938 946 962 978 
X^563:  459 715 755 771 779 795 803 835 867 883 899 931 947 963 979 
X^564:  468 724 748 756 772 788 812 828 836 860 868 892 908 940 980 
X^565:  453 461 709 717 757 789 797 813 821 885 893 909 957 
X^566:  470 726 742 750 790 814 830 846 854 878 886 894 902 918 934 950 958 
X^567:  447 463 471 703 719 727 743 783 791 823 831 839 879 887 895 919 927 943 951 959 967 975 
X^568:  448 464 704 720 736 768 800 824 840 848 856 864 872 888 936 952 976 
X^569:  777 785 857 865 881 889 905 921 929 945 977 
X^570:  778 802 818 826 850 866 874 890 930 938 954 962 970 978 
X^571:  467 723 779 803 811 835 843 867 883 907 915 923 947 963 
X^572:  452 708 772 780 788 812 820 828 836 844 852 876 884 900 916 924 932 956 972 
X^573:  461 469 717 725 781 789 797 805 845 853 893 909 917 949 965 973 981 
X^574:  454 710 774 790 798 822 830 838 854 870 886 894 902 910 918 934 950 958 966 974 982 
X^575:  439 455 695 711 759 783 791 807 815 823 831 839 895 903 911 919 935 967 
X^576:  408 440 456 664 696 712 760 800 832 848 856 864 872 880 888 896 920 952 960 968 976 
X^577:  465 721 753 777 785 809 817 841 865 881 897 921 929 937 961 
X^578:  450 466 706 722 754 770 778 786 794 810 850 922 946 954 962 
X^579:  451 707 755 771 779 795 819 827 835 851 867 907 931 939 947 979 
X^580:  444 452 460 468 700 708 716 724 756 764 772 780 788 804 812 820 828 836 844 852 868 876 884 900 908 932 964 972 
X^581:  437 453 693 709 757 797 837 845 861 869 909 917 925 941 949 973 
X^582:  406 446 462 662 702 718 758 766 774 790 814 830 862 870 878 910 926 950 974 
X^583:  407 431 447 463 663 687 703 719 751 759 783 823 831 855 911 919 927 983 
X^584:  400 432 448 656 688 704 752 776 784 800 824 840 872 896 912 936 968 
X^585:  457 713 761 769 777 793 817 833 841 857 881 897 921 929 969 
X^586:  754 762 770 778 786 794 802 810 818 842 850 858 874 882 890 898 906 914 922 930 938 962 978 
X^587:  435 459 691 715 763 771 779 803 811 827 843 851 859 883 891 899 915 931 955 963 971 979 
X^588:  404 452 660 708 764 772 780 788 828 836 884 900 908 924 940 948 980 
X^589:  437 445 693 701 749 757 765 781 805 829 837 845 853 861 877 901 917 941 965 973 
X^590:  406 454 662 710 750 814 822 846 862 870 886 902 910 918 
X^591:  423 439 455 679 695 711 743 759 767 775 807 839 847 863 879 887 895 903 911 919 951 975 983 
X^592:  392 440 648 696 752 776 784 792 808 824 832 848 864 880 896 920 944 960 976 
X^593:  433 449 689 705 737 753 761 793 801 849 857 881 897 913 921 929 937 961 969 977 
X^594:  402 434 450 466 658 690 706 722 738 746 754 778 810 826 834 842 850 866 882 890 906 914 922 938 946 954 970 978 
X^595:  403 427 443 467 659 683 699 723 739 771 787 795 835 843 859 867 875 883 891 899 907 915 923 939 971 979 
X^596:  396 404 436 452 468 652 660 692 708 724 740 764 780 796 812 828 836 844 860 892 900 924 932 940 956 964 980 
X^597:  405 421 429 445 469 661 677 685 701 725 741 749 757 765 781 797 813 829 837 869 893 901 917 925 933 949 965 973 981 
X^598:  390 398 422 438 470 646 654 678 694 726 766 790 814 822 830 838 846 862 870 886 910 958 966 
X^599:  391 415 423 439 471 647 671 679 695 727 735 751 767 775 783 799 815 831 847 855 871 879 903 911 919 943 967 975 
X^600:  384 640 824 832 848 864 880 888 904 928 936 944 960 968 976 
X^601:  817 825 849 873 889 897 913 937 961 969 
X^602:  818 842 850 874 882 954 962 970 
X^603:  835 843 875 899 923 939 963 
X^604:  812 820 836 844 868 900 916 924 940 956 964 
X^605:  805 813 837 845 853 869 893 901 917 933 941 981 
X^606:  814 854 870 886 894 910 918 942 950 958 966 974 
X^607:  471 807 815 823 839 847 855 871 879 887 911 927 935 975 
X^608:  440 832 856 872 928 952 960 976 
X^609:  465 785 817 825 841 873 881 929 937 961 969 977 
X^610:  466 786 826 834 842 850 866 874 890 898 906 914 954 
X^611:  467 787 811 819 835 843 867 899 915 939 955 963 
X^612:  468 788 820 828 860 868 892 900 908 932 940 948 980 
X^613:  469 797 805 813 821 861 869 901 917 925 933 941 957 965 973 981 
X^614:  438 790 806 846 854 862 878 886 902 918 934 974 982 
X^615:  439 463 791 799 815 847 855 863 879 911 927 935 951 975 
X^616:  432 808 824 832 848 864 880 904 912 920 936 968 
X^617:  817 825 833 841 849 857 865 873 881 897 913 921 929 937 953 977 
X^618:  466 786 826 834 842 858 866 890 898 906 922 930 946 954 
X^619:  787 803 811 859 875 883 907 923 955 963 
X^620:  436 796 852 916 924 
X^621:  461 469 781 789 797 805 813 821 829 901 909 925 933 949 965 981 
X^622:  438 462 782 798 814 822 854 870 894 910 958 966 
X^623:  455 471 799 807 823 831 839 847 863 871 919 943 975 983 
X^624:  424 456 464 784 824 840 848 856 872 888 920 944 960 968 976 
X^625:  449 465 769 793 809 817 825 833 849 865 873 921 945 969 977 
X^626:  434 450 458 466 770 778 794 802 826 834 842 850 858 890 906 914 930 938 946 962 978 
X^627:  435 451 771 779 835 843 851 875 891 907 923 931 939 963 
X^628:  428 436 452 772 788 796 820 828 836 844 900 908 916 924 932 940 948 956 
X^629:  437 453 461 469 781 805 813 837 845 853 893 901 909 917 933 949 965 973 981 
X^630:  422 430 454 774 806 814 822 854 862 870 886 894 910 926 942 950 958 966 974 
X^631:  423 447 455 463 775 783 791 799 807 815 823 863 887 895 903 927 935 943 975 
X^632:  416 448 792 808 824 840 848 856 880 896 904 944 
X^633:  457 465 777 793 801 809 817 833 841 849 857 905 929 953 961 969 
X^634:  458 778 786 810 850 866 874 882 890 898 922 938 962 978 
X^635:  459 779 787 803 811 819 843 883 891 915 923 955 963 971 979 
X^636:  452 460 468 804 820 828 836 868 892 916 924 932 940 956 964 
X^637:  461 469 773 781 789 797 813 821 829 837 845 853 861 885 909 917 925 933 941 949 957 965 973 981 
X^638:  454 470 790 798 814 830 862 878 886 894 902 910 934 966 974 982 
X^639:  463 471 783 791 807 815 823 839 847 855 887 903 911 919 927 943 951 959 975 983 
X^640:  344 440 600 792 824 840 856 888 896 904 920 928 936 952 968 976 
X^641:  433 457 753 777 809 825 857 873 881 913 921 929 937 953 969 
X^642:  434 450 458 754 778 786 794 802 810 866 874 882 890 914 930 962 970 978 
X^643:  435 451 459 467 755 803 811 835 851 859 867 883 907 915 939 947 
X^644:  436 444 452 460 756 780 788 796 804 828 836 860 868 900 908 932 980 
X^645:  765 797 805 813 821 845 861 869 877 885 893 901 925 949 973 
X^646:  342 446 454 598 758 806 814 822 870 886 894 926 966 974 982 
X^647:  343 463 471 599 759 791 799 815 839 855 895 903 911 919 927 943 959 975 
X^648:  336 432 456 464 592 800 808 824 832 848 856 872 888 896 904 920 928 944 952 976 
X^649:  441 449 457 761 769 785 793 809 817 825 833 849 897 913 929 937 953 961 969 977 
X^650:  434 442 450 458 466 754 762 770 802 810 826 842 866 874 890 898 914 922 938 954 
X^651:  435 443 451 459 755 763 787 795 803 811 827 835 843 875 891 899 923 931 947 955 
X^652:  340 444 452 460 468 596 772 788 804 812 828 844 852 868 884 908 924 932 940 948 956 964 980 
X^653:  429 445 461 469 749 757 765 789 797 805 813 821 829 853 933 965 
X^654:  342 430 598 750 790 806 814 830 838 862 886 894 910 934 966 974 982 
X^655:  439 447 455 471 759 767 791 799 815 823 839 855 863 871 887 903 911 927 951 959 967 
X^656:  328 424 432 456 464 584 752 824 848 872 880 912 928 960 968 976 
X^657:  417 441 449 737 777 817 833 841 857 865 873 913 937 953 961 969 977 
X^658:  338 418 426 450 458 594 738 746 762 770 794 802 826 834 874 882 890 898 906 922 930 946 954 978 
X^659:  339 419 427 467 595 739 747 763 779 803 811 835 875 907 915 923 947 963 971 979 
X^660:  332 340 420 436 444 452 460 588 596 740 756 772 780 796 812 828 844 860 868 876 892 908 916 940 956 980 
X^661:  341 437 445 597 749 765 781 789 813 837 861 869 877 885 909 925 933 973 981 
X^662:  326 334 438 446 454 470 582 590 742 766 782 790 798 814 822 838 846 862 894 902 910 918 958 966 974 982 
X^663:  327 439 447 583 743 759 767 775 783 831 855 871 879 887 903 951 967 975 
X^664:  320 416 432 464 576 760 768 792 800 816 824 840 872 880 888 904 912 936 952 976 
X^665:  457 465 753 761 777 825 849 873 889 897 913 921 953 
X^666:  450 458 754 770 786 802 818 826 850 874 882 890 922 938 946 954 970 978 
X^667:  435 451 467 779 795 811 827 835 859 875 883 891 899 915 923 931 939 971 979 
X^668:  420 468 748 756 772 788 836 852 860 892 900 940 964 972 980 
X^669:  429 437 445 453 469 741 749 765 773 781 829 837 853 893 909 925 941 957 973 981 
X^670:  422 446 750 766 790 814 854 878 886 902 918 942 950 958 
X^671:  343 423 471 599 743 751 759 775 783 799 823 831 847 855 863 879 895 919 943 959 983 
X^672:  376 408 424 440 448 456 776 792 808 816 832 840 848 856 864 888 904 912 928 944 960 968 
X^673:  401 721 761 785 809 865 873 881 897 913 929 961 969 977 
X^674:  402 418 442 458 466 722 754 770 778 794 802 810 818 834 874 882 890 906 914 962 
X^675:  403 419 435 443 459 467 723 747 763 771 779 811 827 835 843 875 899 915 923 939 947 971 979 
X^676:  404 412 420 428 452 468 724 764 772 780 788 804 836 868 900 908 916 940 948 956 972 
X^677:  341 421 445 461 597 733 741 749 757 773 781 797 813 837 893 909 917 933 941 
X^678:  342 374 414 430 470 598 726 742 758 774 782 790 806 814 822 830 838 854 886 894 918 950 966 
X^679:  335 343 375 415 431 447 463 471 591 599 727 735 751 759 767 791 807 815 839 847 871 879 911 919 927 951 959 967 975 
X^680:  368 400 416 432 464 744 760 776 800 808 816 824 832 856 880 888 920 928 936 944 968 
X^681:  425 449 753 761 769 777 793 817 825 833 857 865 873 881 889 921 945 953 969 
X^682:  402 450 458 722 762 770 778 786 794 810 818 826 842 850 882 898 914 930 938 
X^683:  339 403 427 443 459 467 595 723 739 747 763 771 779 803 811 835 843 859 875 883 899 915 923 947 963 971 979 
X^684:  372 420 436 444 452 468 732 780 788 804 812 820 828 836 852 868 892 908 932 940 948 956 964 
X^685:  341 397 413 437 461 597 717 725 733 741 749 757 765 773 797 805 813 821 829 853 877 885 909 917 941 957 973 981 
X^686:  374 398 422 438 454 470 718 734 750 758 766 774 790 798 806 854 878 886 910 918 934 958 966 982 
X^687:  327 423 447 471 583 735 743 759 767 775 783 791 799 863 871 879 911 919 927 935 959 975 
X^688:  328 360 392 400 408 424 464 584 720 784 792 800 808 816 824 856 872 880 904 920 928 936 952 968 976 
X^689:  337 385 457 593 705 729 737 745 753 761 769 777 785 833 841 857 873 889 913 929 937 961 969 
X^690:  338 370 386 394 442 450 594 706 714 730 770 778 810 818 826 834 850 858 866 874 890 930 938 954 
X^691:  331 371 387 395 411 419 459 587 707 715 739 763 771 779 795 811 819 883 899 907 923 931 955 963 979 
X^692:  340 364 372 388 404 428 444 468 596 708 724 732 740 756 764 772 788 804 812 836 844 860 868 876 884 892 916 932 948 956 
X^693:  325 333 373 405 413 429 437 461 581 589 717 741 749 765 773 797 805 813 837 845 869 893 949 
X^694:  342 358 366 406 430 446 454 462 470 598 710 750 758 790 798 822 830 854 862 926 942 966 
X^695:  319 335 343 359 399 407 439 447 463 471 575 591 599 711 719 727 735 751 759 767 775 783 791 799 823 847 863 871 879 887 895 911 919 927 959 967 975 983 
X^696:  320 336 352 384 416 440 456 464 576 592 728 744 752 760 768 776 784 800 808 832 840 848 856 872 888 920 936 944 
X^697:  393 401 457 713 729 737 745 753 769 777 785 809 817 825 841 857 865 881 889 905 913 929 945 953 
X^698:  394 418 434 442 458 714 722 738 746 754 778 794 802 810 858 866 930 938 946 962 970 
X^699:  339 395 419 427 451 467 595 715 723 779 795 811 883 891 923 931 939 971 
X^700:  324 388 396 404 428 436 444 452 460 468 580 740 756 764 772 820 828 852 860 868 908 924 932 956 964 972 
X^701:  333 341 397 405 413 421 453 589 597 709 717 725 749 765 773 805 813 821 861 869 877 885 925 941 965 981 
X^702:  326 390 406 414 438 446 454 582 726 766 798 822 830 846 886 894 902 910 918 934 958 974 
X^703:  311 327 375 399 407 423 431 439 447 455 463 567 583 719 727 751 775 783 791 799 815 831 855 871 879 895 903 919 935 951 983 
X^704:  280 312 328 376 408 416 448 464 536 568 584 728 736 744 776 792 800 816 832 848 864 880 912 920 928 936 952 968 976 
X^705:  337 369 393 401 425 465 593 689 713 721 745 761 777 785 793 801 809 817 841 857 865 873 881 905 929 961 
X^706:  322 338 370 386 394 402 410 426 434 458 466 578 594 690 714 738 746 802 810 834 842 850 866 874 890 906 938 946 954 970 
X^707:  323 371 387 395 411 443 451 579 691 723 731 739 771 787 795 827 843 851 859 891 923 947 955 979 
X^708:  316 324 332 340 372 380 388 396 404 420 428 444 452 468 572 580 588 596 692 716 732 764 772 796 804 812 828 836 844 852 868 884 892 908 924 932 972 
X^709:  309 325 373 413 445 453 461 469 565 581 701 733 757 773 781 789 797 821 829 845 853 861 885 933 941 957 965 981 
X^710:  278 318 334 374 382 390 430 438 446 534 574 590 694 726 758 774 782 798 814 838 846 862 870 886 918 926 934 942 950 966 
X^711:  279 303 319 335 367 375 399 407 447 463 535 559 575 591 695 735 751 759 775 783 791 799 807 831 847 855 863 887 895 903 919 951 959 967 
X^712:  272 304 320 368 392 416 440 456 528 560 576 752 760 768 776 784 800 808 824 832 840 856 864 888 896 904 920 944 960 
X^713:  329 377 385 393 409 433 441 457 465 585 697 705 721 737 745 761 801 809 865 873 889 929 937 945 969 977 
X^714:  370 378 386 394 402 410 418 426 442 450 458 466 690 698 706 730 738 746 778 794 802 810 818 826 834 858 866 874 882 946 970 
X^715:  307 331 379 387 395 419 427 435 459 563 587 691 699 723 731 739 763 771 795 803 843 851 859 867 875 899 915 931 939 955 963 971 979 
X^716:  276 324 380 388 396 444 532 580 708 724 732 756 764 780 788 796 812 828 844 868 876 892 916 940 956 964 980 
X^717:  309 317 365 373 381 397 421 429 437 453 461 469 565 573 685 693 701 725 733 749 781 797 821 829 837 845 853 861 893 901 909 917 925 933 941 949 957 965 981 
X^718:  278 326 366 406 438 462 534 582 686 726 742 750 766 782 838 854 862 886 894 902 910 918 942 950 958 966 982 
X^719:  295 311 327 359 375 383 391 423 439 447 463 471 551 567 583 695 703 735 743 751 791 799 823 831 839 847 895 903 911 935 943 959 975 983 
X^720:  264 312 368 400 408 424 432 440 448 464 520 568 688 728 744 760 784 792 808 824 856 864 896 904 928 952 960 968 976 
X^721:  305 321 353 369 377 409 449 457 465 561 577 673 705 713 729 737 745 753 769 785 793 801 809 873 881 889 897 913 921 929 953 969 977 
X^722:  274 306 322 338 354 362 370 394 402 418 450 458 466 530 562 578 594 674 682 698 730 746 754 786 794 818 826 834 842 858 874 898 930 946 970 978 
X^723:  275 299 315 339 355 387 411 419 427 443 531 555 571 595 675 683 699 707 715 739 747 755 787 795 819 827 835 843 851 875 891 939 971 
X^724:  268 276 308 324 340 356 380 404 412 420 428 436 444 452 460 524 532 564 580 596 676 692 716 740 748 756 764 772 780 796 812 836 852 860 876 916 924 940 972 980 
X^725:  277 293 301 317 341 357 365 373 381 397 405 413 533 549 557 573 597 685 701 717 733 749 757 765 781 813 837 845 853 861 901 909 925 973 
X^726:  262 270 294 310 342 382 390 398 406 422 430 438 454 462 518 526 550 566 598 678 702 710 718 734 750 758 782 798 806 830 846 854 862 870 878 886 894 902 918 926 942 958 966 982 
X^727:  263 287 295 311 343 351 367 383 399 415 423 431 439 447 455 471 519 543 551 567 599 679 695 703 735 751 759 767 775 799 823 839 855 863 879 887 927 951 983 
X^728:  256 384 464 512 696 704 720 736 752 808 824 832 840 856 864 904 912 920 928 944 952 968 
X^729:  457 689 697 721 785 793 801 809 841 889 897 905 913 921 953 
X^730:  466 690 714 722 770 778 786 794 826 834 850 866 882 898 930 946 954 962 
X^731:  451 467 707 715 755 819 827 843 851 859 915 923 939 963 971 979 
X^732:  452 460 468 684 692 708 716 740 772 780 788 796 804 828 844 852 876 892 940 948 956 964 
X^733:  469 677 685 709 717 725 749 757 765 773 781 789 821 829 869 885 893 917 925 949 957 973 
X^734:  454 462 686 726 742 766 774 790 822 830 846 854 886 894 902 942 966 
X^735:  407 439 455 471 599 679 687 695 711 719 727 743 759 783 791 799 807 823 831 847 855 863 871 879 887 903 911 919 951 967 975 
X^736:  440 464 568 704 728 744 760 768 776 784 800 824 856 880 888 920 976 
X^737:  449 457 593 657 689 697 713 721 769 777 793 801 809 825 841 849 889 937 945 953 977 
X^738:  450 458 594 658 698 706 714 738 762 770 802 810 834 842 858 866 874 890 898 954 962 970 
X^739:  443 459 467 595 659 683 691 707 715 723 739 755 779 811 819 827 843 883 891 915 923 939 979 
X^740:  444 452 596 660 692 700 724 732 740 748 764 780 788 804 812 820 828 836 844 868 876 892 932 940 964 980 
X^741:  405 437 453 469 597 669 677 685 693 741 757 765 773 781 789 797 805 813 821 829 837 845 901 933 941 957 973 981 
X^742:  406 446 454 566 662 678 718 734 750 758 766 774 782 798 814 854 870 886 910 918 934 942 950 966 974 
X^743:  399 407 431 463 567 591 663 671 687 719 735 759 799 807 815 823 839 863 871 887 903 911 927 935 959 967 983 
X^744:  432 456 464 560 680 696 704 720 736 752 776 784 792 800 816 832 840 872 880 896 904 920 928 944 952 968 
X^745:  441 449 457 465 689 697 705 713 721 745 761 777 785 801 817 825 841 849 857 865 897 921 953 969 977 
X^746:  450 594 658 698 706 714 722 778 818 826 842 850 858 874 890 898 922 930 978 
X^747:  403 467 659 675 683 723 747 763 771 779 787 811 819 827 835 851 859 875 891 923 931 939 947 971 
X^748:  444 452 468 564 668 724 740 772 788 796 804 828 836 844 852 860 876 884 900 972 980 
X^749:  405 437 445 461 589 597 653 661 669 677 685 693 701 717 725 733 789 797 821 829 837 845 861 877 885 893 901 925 933 941 949 957 965 981 
X^750:  454 470 566 590 654 670 686 694 718 726 742 766 774 822 846 894 910 918 942 950 966 982 
X^751:  391 423 447 455 471 583 599 671 679 695 703 711 719 727 759 767 775 799 807 815 871 887 895 903 927 935 959 967 975 983 
X^752:  392 424 440 448 456 552 584 592 656 696 712 728 744 760 768 784 800 808 824 864 872 880 888 904 928 936 968 
X^753:  401 457 577 593 641 665 681 689 697 721 793 809 817 825 841 873 905 913 921 953 961 
X^754:  402 434 442 450 562 578 586 594 642 650 666 674 698 722 770 794 802 810 818 826 842 866 882 890 906 914 930 938 946 954 
X^755:  395 435 443 451 563 579 643 651 723 731 739 763 771 795 811 843 851 859 867 875 883 891 899 915 923 931 947 955 963 971 
X^756:  404 436 556 564 580 644 660 668 692 700 716 724 780 788 796 812 852 868 876 892 916 932 948 964 972 980 
X^757:  389 397 421 429 437 453 461 469 565 581 589 597 653 677 685 709 725 733 741 757 765 773 781 805 821 837 845 869 877 885 901 917 933 965 
X^758:  406 446 462 550 558 582 646 678 686 694 710 726 742 766 814 822 830 838 854 966 
X^759:  383 399 407 415 463 551 575 583 591 647 655 663 671 679 687 695 711 727 735 743 751 759 775 799 807 815 823 831 855 863 871 879 887 919 927 935 951 959 983 
X^760:  384 400 416 432 448 456 464 544 576 664 680 696 712 720 736 752 760 768 776 784 800 808 856 888 896 904 920 928 936 
X^761:  425 441 449 457 465 585 593 649 665 673 681 689 705 713 745 817 825 833 841 849 865 881 889 897 921 937 945 953 961 977 
X^762:  434 442 458 586 650 658 682 738 762 786 802 810 818 874 914 938 946 962 
X^763:  403 419 435 467 587 651 659 675 683 691 715 747 755 771 787 795 803 811 819 827 835 883 891 899 923 955 
X^764:  388 420 428 444 452 468 580 588 596 676 692 700 708 716 724 740 764 788 804 836 852 860 868 876 892 900 908 916 924 940 948 956 964 
X^765:  397 405 429 453 461 589 597 645 653 661 669 685 693 701 725 733 741 757 773 805 821 837 853 869 877 885 901 909 933 957 
X^766:  390 422 438 582 598 662 670 686 702 718 734 742 750 758 766 782 798 830 838 846 870 878 894 918 926 974 
X^767:  375 391 407 431 447 455 471 591 599 655 663 679 687 695 727 751 767 775 783 791 807 815 823 839 847 895 903 911 919 951 
X^768:  216 344 376 392 432 440 448 464 472 568 664 696 712 736 752 760 768 784 800 808 832 856 880 912 920 936 952 960 968 976 
X^769:  401 417 425 441 449 457 465 561 585 625 649 681 689 697 721 737 785 793 825 841 865 873 881 889 905 913 921 945 953 977 
X^770:  386 402 418 426 434 458 562 578 586 626 650 658 666 674 682 690 730 738 754 770 786 802 810 826 858 866 914 930 938 954 962 970 
X^771:  387 411 435 451 459 563 579 587 595 627 675 683 691 707 715 747 755 763 779 811 819 835 843 851 867 875 899 907 931 939 947 971 
X^772:  380 388 396 404 412 420 428 460 468 564 572 580 588 628 652 660 668 676 692 700 708 724 732 748 780 788 820 844 852 876 900 916 932 948 956 964 
X^773:  373 389 405 421 437 469 637 669 677 685 693 701 709 733 741 757 765 781 789 821 845 877 885 901 941 949 965 973 
X^774:  214 342 382 398 406 414 422 430 446 462 574 582 630 678 686 710 734 742 750 790 798 806 814 846 854 870 878 886 918 934 958 974 982 
X^775:  215 343 367 383 407 415 431 447 455 463 591 599 631 663 671 687 695 703 711 727 751 759 767 791 807 831 847 855 871 879 887 895 903 919 927 935 967 983 
X^776:  208 336 368 384 424 432 440 448 464 560 584 592 672 680 696 704 712 736 744 760 776 792 800 808 840 880 888 904 912 928 936 944 952 960 968 976 
X^777:  393 409 417 425 433 449 465 569 577 585 633 641 657 665 681 689 697 705 737 745 777 809 817 825 833 849 857 865 873 905 921 929 953 977 
X^778:  418 442 466 562 570 578 586 594 626 634 642 674 682 690 698 714 730 746 794 802 826 858 866 882 898 906 922 946 962 
X^779:  371 395 419 459 467 563 571 579 587 627 635 659 667 675 683 691 699 739 747 771 787 795 819 835 843 851 859 875 883 899 915 947 955 971 
X^780:  212 340 388 404 412 436 444 452 468 572 580 588 596 644 660 676 684 716 724 732 740 756 772 780 812 828 836 860 876 884 892 900 916 924 956 964 972 
X^781:  373 381 405 429 453 469 557 573 589 597 621 629 637 661 669 677 709 717 725 733 741 757 773 781 789 797 805 813 821 861 877 893 901 909 925 933 957 965 
X^782:  214 342 390 406 414 462 470 558 622 662 678 710 718 726 742 766 782 790 798 814 830 846 854 870 902 926 934 942 974 
X^783:  359 375 407 423 439 447 463 567 575 583 599 631 639 663 671 687 695 703 711 735 767 799 807 815 823 839 847 863 911 919 959 967 983 
X^784:  200 328 376 408 416 440 456 464 552 560 584 592 624 688 696 712 720 736 744 752 760 768 800 808 824 864 872 880 888 904 912 952 960 976 
X^785:  369 385 425 449 457 465 545 569 577 609 649 673 689 697 705 721 729 745 769 785 793 817 825 833 857 873 881 897 921 953 969 
X^786:  210 338 370 386 402 410 442 450 458 466 546 554 578 586 610 618 634 642 666 682 722 730 762 770 810 818 826 834 842 850 866 882 890 898 938 954 970 978 
X^787:  211 339 363 379 403 411 419 427 443 451 459 467 547 555 595 611 619 635 651 707 723 747 763 779 787 811 827 835 875 899 915 931 939 947 955 963 
X^788:  204 212 332 340 372 388 396 404 412 460 548 564 572 580 588 612 628 644 652 668 676 684 692 716 732 740 748 756 764 772 788 796 812 844 868 908 916 924 932 940 948 956 972 980 
X^789:  213 341 357 365 381 389 397 405 413 421 429 445 461 469 565 573 621 637 653 661 709 733 741 749 773 781 797 821 885 901 917 925 941 957 965 
X^790:  198 206 326 334 358 374 390 398 406 422 446 454 566 574 582 598 614 638 654 662 670 678 686 694 734 774 782 790 798 806 838 854 886 926 950 958 974 
X^791:  199 327 351 359 375 383 391 399 407 415 423 431 439 455 463 567 575 615 631 639 647 655 679 687 695 703 711 719 735 767 775 791 799 815 839 855 863 871 879 943 951 959 
X^792:  192 320 400 416 432 440 448 456 464 544 560 592 632 640 664 672 688 704 720 744 776 800 824 832 840 856 872 888 904 920 928 936 944 
X^793:  393 425 433 449 457 585 593 625 633 649 681 705 721 729 737 753 769 785 817 865 873 881 889 897 905 913 937 945 953 969 977 
X^794:  402 434 442 450 458 578 586 626 642 658 674 682 698 714 722 730 754 778 794 818 834 850 858 874 890 898 922 946 954 978 
X^795:  387 403 451 467 563 579 595 651 667 691 699 707 715 723 755 763 779 843 867 875 891 915 923 931 947 955 971 
X^796:  388 396 404 428 444 452 460 548 596 620 628 644 660 708 716 724 732 748 756 788 804 812 820 852 868 900 932 940 948 964 972 980 
X^797:  405 421 429 445 557 565 573 581 597 613 621 637 645 653 677 685 693 709 717 741 749 781 789 805 813 821 837 845 853 861 885 893 909 917 925 933 941 949 965 981 
X^798:  390 398 430 454 470 550 574 622 638 662 686 694 702 710 726 742 766 774 782 790 798 806 814 830 846 886 902 910 918 926 934 942 950 
X^799:  215 375 391 447 455 463 471 551 599 615 623 631 647 655 671 687 695 703 711 719 727 735 743 751 759 783 791 823 831 855 911 943 983 
X^800:  400 408 432 448 456 464 504 536 552 568 576 584 648 664 680 688 696 704 712 736 744 752 760 768 776 784 792 800 808 824 856 880 904 920 928 936 944 952 
X^801:  385 393 401 433 441 449 457 529 593 633 705 713 721 729 737 745 801 809 841 849 857 873 913 921 937 977 
X^802:  386 394 402 418 426 434 442 450 458 466 530 546 570 586 626 642 650 658 666 674 698 706 714 738 754 762 770 778 810 850 858 866 898 906 914 922 938 954 978 
X^803:  379 395 419 427 435 443 467 531 547 563 571 587 619 635 643 651 659 683 715 763 811 827 835 843 899 907 915 923 939 955 963 979 
X^804:  380 388 404 420 444 532 540 548 556 580 636 644 652 676 684 692 708 732 740 748 764 796 812 828 836 844 868 876 892 908 916 932 948 
X^805:  213 373 389 413 421 453 469 549 573 589 605 613 621 629 645 653 685 693 701 741 757 765 781 797 805 829 837 845 853 861 869 877 885 901 933 957 965 981 
X^806:  214 374 382 390 406 430 454 502 542 558 614 630 646 654 678 686 726 774 790 798 806 822 838 862 886 902 918 942 
X^807:  207 215 367 375 407 447 455 463 471 503 543 559 575 591 607 623 631 639 679 711 735 743 751 759 767 775 783 807 815 823 839 855 863 871 879 895 911 951 959 967 975 983 
X^808:  392 432 448 456 496 528 544 560 592 616 632 648 672 680 688 696 712 720 728 752 760 768 776 784 800 832 840 848 872 888 896 904 912 928 944 960 968 
X^809:  377 385 393 401 409 433 441 465 553 577 625 633 641 649 673 697 705 713 721 729 737 753 777 801 809 817 825 857 873 881 889 897 913 921 929 937 977 
X^810:  386 402 418 426 466 530 578 586 594 634 642 650 674 682 690 698 706 714 738 754 762 770 786 802 818 834 842 858 866 890 914 922 938 962 
X^811:  211 403 419 427 459 531 555 571 587 611 619 635 643 651 659 667 675 683 691 699 739 747 755 763 771 787 803 811 819 827 859 883 907 939 947 963 
X^812:  372 380 388 412 428 444 452 460 500 548 564 572 580 596 604 652 660 684 692 708 716 724 740 756 780 788 796 804 812 844 852 868 884 892 908 916 940 956 964 
X^813:  213 373 381 413 437 445 453 525 541 565 597 605 613 621 629 637 645 653 661 677 685 693 701 725 741 781 797 821 829 837 845 877 885 901 925 933 941 949 965 
X^814:  374 390 398 414 422 462 470 502 526 550 566 582 590 598 606 622 630 638 646 654 662 670 678 710 742 758 774 782 798 830 838 846 854 878 886 894 902 910 918 926 934 950 966 974 982 
X^815:  199 359 383 423 431 439 471 551 575 599 607 615 631 639 647 655 679 703 743 751 759 767 783 791 807 847 879 887 895 903 935 943 951 975 
X^816:  200 376 384 400 408 416 424 432 440 488 520 528 536 552 664 672 680 688 704 744 848 856 864 888 896 904 928 936 944 960 968 976 
X^817:  209 385 393 401 409 417 425 441 457 513 577 585 601 609 617 625 633 649 657 681 697 705 745 753 761 777 785 793 809 817 825 833 865 873 897 905 921 937 953 961 969 977 
X^818:  210 378 394 402 410 418 442 450 458 498 514 522 570 586 602 666 674 682 690 714 722 746 754 762 786 794 810 818 826 842 866 874 882 906 922 930 946 954 978 
X^819:  203 379 419 443 459 499 515 523 539 547 579 611 635 691 723 731 739 747 763 771 779 811 819 835 851 867 875 907 931 971 979 
X^820:  212 364 388 396 428 468 492 500 516 532 556 572 580 604 612 628 636 684 700 740 772 796 820 828 844 860 876 884 892 900 932 956 964 
X^821:  197 205 357 365 397 405 421 445 469 501 533 541 557 565 613 621 637 645 653 685 701 709 717 733 741 749 757 765 773 781 789 797 813 821 853 861 869 877 917 925 933 949 965 981 
X^822:  214 358 366 382 390 422 430 470 486 494 534 558 574 590 598 622 630 646 662 678 694 702 734 750 758 806 830 838 846 854 878 886 918 950 982 
X^823:  191 207 215 351 359 383 391 407 415 423 455 463 471 487 527 535 567 575 583 607 623 631 639 655 671 695 719 727 735 743 759 767 783 799 807 823 847 863 871 887 903 911 935 943 959 967 975 
X^824:  192 208 368 392 400 408 440 456 464 480 512 544 568 584 592 600 616 624 632 640 648 656 664 680 688 712 720 728 736 752 784 792 800 824 832 848 888 904 912 920 944 952 960 968 976 
X^825:  361 377 385 393 401 417 433 441 521 529 601 609 617 625 641 649 665 681 697 737 745 753 761 769 777 785 809 817 825 833 849 857 865 873 881 889 913 945 
X^826:  370 378 402 410 418 442 450 458 522 546 562 570 594 610 618 626 650 658 666 682 690 714 722 730 746 754 770 778 786 818 834 850 858 866 890 930 946 954 962 970 
X^827:  211 355 371 395 403 467 523 547 555 579 587 651 667 675 707 723 731 739 747 763 787 803 811 827 859 867 883 891 915 939 947 963 979 
X^828:  196 356 364 380 388 404 412 436 516 524 532 556 564 572 580 588 596 612 628 636 644 652 660 684 700 708 716 732 740 748 780 804 820 828 836 844 852 860 876 900 908 924 932 948 956 964 980 
X^829:  205 213 365 397 413 429 453 461 469 525 533 541 549 589 597 621 637 653 669 685 709 717 733 741 749 805 813 853 869 877 893 925 941 957 981 
X^830:  198 358 374 422 430 462 518 534 542 566 574 582 598 638 654 678 694 702 726 734 758 766 782 798 814 822 830 838 846 854 870 878 886 894 902 910 934 942 950 966 
X^831:  183 199 343 367 383 391 415 439 447 463 503 527 535 551 559 567 575 583 599 623 663 671 703 711 719 735 759 775 799 831 839 847 879 919 943 959 967 
X^832:  152 184 200 280 368 384 392 416 424 432 504 536 544 576 592 600 608 616 648 672 680 696 704 712 728 744 768 792 808 824 832 840 848 864 888 896 904 920 936 
X^833:  209 353 361 369 377 385 401 409 425 433 449 465 497 521 529 553 561 585 617 625 633 649 657 681 689 761 777 785 817 825 833 849 857 921 937 977 
X^834:  194 210 354 362 386 394 402 410 426 442 458 498 514 522 530 538 554 594 610 618 626 658 674 690 706 714 722 730 738 786 794 810 826 834 842 882 890 898 938 946 970 
X^835:  195 347 395 427 467 499 515 523 539 563 571 579 595 603 611 627 643 651 659 667 675 683 723 747 763 771 779 787 803 819 835 851 867 875 891 915 931 939 971 979 
X^836:  188 196 204 212 348 356 364 372 388 420 428 436 444 468 500 508 516 524 532 548 556 564 572 580 588 596 604 628 636 644 668 676 684 692 708 724 740 748 764 780 804 828 852 860 876 900 940 948 972 980 
X^837:  181 197 341 357 373 381 397 405 429 437 445 501 541 581 589 597 605 629 637 661 669 677 693 717 725 741 749 757 765 797 805 813 853 869 877 885 917 965 
X^838:  150 190 206 278 342 350 358 366 382 390 406 438 446 454 462 470 502 510 518 558 574 598 654 662 678 710 718 758 766 790 806 814 822 830 854 862 878 894 926 958 966 974 
X^839:  151 175 191 207 279 335 343 351 367 383 391 415 423 431 463 471 495 503 527 535 567 575 591 607 623 639 647 655 679 719 727 743 767 783 791 807 831 847 871 879 887 895 903 911 919 935 943 951 975 983 
X^840:  144 176 192 272 360 376 392 400 408 416 432 440 496 520 544 568 584 624 632 640 664 672 696 712 728 744 776 792 808 832 864 872 880 896 912 920 928 944 952 
X^841:  201 345 353 361 369 393 401 425 441 449 457 505 513 521 537 561 577 585 609 617 633 657 689 697 705 729 737 745 753 761 769 801 841 881 889 905 929 953 
X^842:  354 370 394 410 442 466 498 506 514 522 530 538 546 554 562 586 594 602 610 618 626 650 682 706 722 738 746 754 786 810 818 834 874 882 914 922 930 938 946 954 
X^843:  179 203 355 371 379 403 427 435 443 467 507 515 523 547 555 571 587 595 603 611 627 635 651 675 683 707 715 723 731 739 755 771 779 795 803 859 867 875 923 931 939 955 963 971 979 
X^844:  148 196 276 340 348 380 396 420 428 460 468 508 516 524 572 580 596 604 628 652 660 692 708 716 732 740 748 772 788 804 812 820 828 844 868 884 892 900 916 924 948 956 
X^845:  181 189 341 373 397 405 413 445 469 493 501 509 525 549 573 581 589 605 629 637 645 693 709 717 725 741 749 757 773 797 805 813 845 853 869 877 917 933 941 949 957 965 973 
X^846:  150 198 278 342 350 366 374 390 398 422 446 494 534 558 566 590 598 614 662 702 710 726 734 750 766 774 782 798 814 822 830 870 886 902 910 918 942 958 982 
X^847:  167 183 199 327 343 359 383 391 399 439 455 487 503 511 519 551 591 599 607 615 623 639 671 679 695 711 719 735 767 775 783 815 823 831 839 847 863 879 887 895 903 927 935 951 959 983 
X^848:  136 184 264 344 352 368 376 384 392 432 448 464 496 528 536 552 568 576 592 600 616 624 632 648 656 672 696 704 808 816 824 832 848 888 904 912 920 928 944 952 960 968 
X^849:  177 193 353 361 393 401 417 441 457 465 481 497 505 537 545 593 601 617 625 633 649 665 737 745 761 777 801 825 833 865 881 889 897 905 921 929 945 961 969 977 
X^850:  146 178 194 210 274 346 354 362 386 410 418 442 466 482 490 498 522 530 554 570 578 586 594 602 610 626 634 666 682 690 706 730 746 786 794 802 826 874 882 898 906 
X^851:  147 171 187 211 275 347 379 395 403 419 427 459 483 515 539 579 587 627 643 707 715 723 731 747 755 771 779 819 835 851 859 867 883 899 907 923 931 955 963 971 979 
X^852:  140 148 180 196 212 268 276 332 348 356 364 372 404 420 428 484 508 532 540 556 572 580 620 652 668 684 700 708 724 732 748 756 764 772 796 812 828 836 852 868 876 884 908 924 964 980 
X^853:  149 165 173 189 213 277 325 333 349 357 381 429 453 469 485 493 501 509 525 533 541 557 573 589 605 629 637 653 669 685 709 717 725 765 797 805 821 829 837 845 893 957 
X^854:  134 142 166 182 214 262 270 326 334 366 374 382 390 398 406 430 446 510 518 526 534 558 566 574 606 614 622 630 670 678 686 694 718 726 734 742 758 774 782 790 814 822 830 838 854 862 870 886 894 942 
X^855:  135 159 167 183 215 263 319 327 335 351 367 375 383 415 423 447 455 471 479 495 511 527 543 559 583 599 607 615 639 647 655 663 671 703 711 727 735 759 775 791 799 807 879 887 895 903 911 927 951 959 975 983 
X^856:  128 256 336 352 368 424 456 512 568 576 608 624 632 640 648 672 680 688 696 712 720 728 736 760 768 792 800 816 856 864 896 912 920 928 944 952 968 
X^857:  329 401 409 417 425 433 441 561 569 585 593 617 633 641 657 681 689 697 705 745 777 785 801 809 825 833 857 881 897 905 913 929 945 953 969 
X^858:  338 386 394 402 410 434 442 562 586 618 626 690 698 714 722 738 746 770 778 794 802 810 826 866 882 890 898 906 922 946 954 962 970 
X^859:  323 339 371 435 443 467 587 595 619 643 667 683 707 715 731 747 755 779 811 827 843 851 883 915 939 947 
X^860:  324 332 340 356 388 396 404 412 420 428 436 444 452 460 556 564 596 612 644 660 668 692 700 724 748 764 780 820 828 836 868 916 956 964 972 
X^861:  341 365 373 381 389 397 405 421 429 437 453 461 549 557 581 589 613 637 645 661 701 709 717 725 749 781 797 805 821 861 869 885 901 917 949 973 
X^862:  326 334 358 382 390 406 430 438 462 558 582 590 598 614 630 638 654 662 694 710 718 726 806 838 854 862 926 934 950 
X^863:  215 279 311 327 343 359 375 399 407 415 431 447 455 471 535 551 559 591 615 623 631 655 671 687 695 711 727 735 743 759 783 791 807 823 847 911 927 935 951 959 967 975 983 
X^864:  184 336 344 360 376 384 392 400 416 440 456 568 576 592 600 616 672 704 712 720 728 752 784 816 832 840 856 864 872 896 912 920 936 952 968 976 
X^865:  209 321 329 337 385 393 401 409 417 425 457 529 561 569 577 617 625 657 673 681 697 705 713 745 761 769 777 793 817 825 849 881 905 913 921 945 969 977 
X^866:  210 322 330 338 354 378 386 402 418 426 434 530 570 594 610 618 634 642 650 690 698 706 714 730 738 754 770 778 786 802 810 818 826 858 866 874 890 914 930 938 946 954 962 970 
X^867:  211 315 331 355 371 395 403 435 451 531 555 563 571 579 595 611 643 715 755 771 795 819 827 835 843 851 867 875 883 915 923 931 939 955 
X^868:  212 316 324 340 348 356 364 380 396 420 428 436 468 532 564 580 604 612 636 644 652 660 676 684 692 700 708 716 740 756 764 788 796 804 812 844 852 860 884 892 908 940 964 972 980 
X^869:  213 277 309 325 341 357 373 381 389 397 405 445 533 541 549 557 581 597 605 613 645 661 693 701 733 757 765 805 821 829 837 845 861 893 933 973 
X^870:  182 278 310 318 326 350 366 374 382 390 398 406 414 422 430 438 454 462 550 574 582 590 598 606 622 630 646 710 726 742 766 774 782 830 846 854 870 910 926 934 950 974 
X^871:  183 207 271 279 303 311 335 351 375 407 423 447 455 471 527 543 599 607 623 655 663 679 687 695 703 735 743 751 759 775 791 807 823 839 887 903 943 951 959 
X^872:  176 328 352 368 392 400 408 416 424 432 440 448 552 560 568 576 584 608 624 648 656 664 688 696 744 752 784 792 808 840 864 880 888 896 904 928 944 952 968 976 
X^873:  313 321 329 337 361 377 393 401 417 449 465 561 601 609 617 625 641 657 665 673 681 689 705 713 721 753 769 777 785 793 801 809 817 825 873 881 889 897 913 929 937 961 977 
X^874:  210 322 338 394 402 434 450 530 570 586 602 610 634 642 650 658 666 674 690 706 714 722 738 746 762 794 818 842 850 866 874 882 890 898 922 954 962 978 
X^875:  275 363 379 387 395 419 435 459 467 547 555 595 603 619 627 651 659 667 675 683 715 723 747 755 771 779 787 795 819 835 843 867 875 891 915 923 979 
X^876:  180 308 316 324 340 356 388 404 420 444 452 540 572 580 660 692 716 724 732 740 748 756 764 772 780 804 820 828 836 852 884 900 908 940 948 956 964 972 980 
X^877:  205 213 277 309 317 349 397 421 429 461 469 525 541 549 557 589 645 661 685 701 749 757 765 773 781 805 813 821 829 837 845 877 893 901 909 917 933 941 949 965 
X^878:  182 206 310 326 334 342 358 382 390 398 414 430 446 454 462 470 526 542 558 566 582 614 638 670 686 726 766 774 814 822 830 838 902 918 950 958 974 
X^879:  199 215 263 295 319 327 343 375 383 391 431 439 447 455 463 519 543 567 591 599 607 615 663 671 679 687 695 703 727 735 759 775 791 807 815 831 839 847 855 895 903 911 927 935 967 983 
X^880:  168 200 208 264 312 320 336 344 360 376 384 416 424 440 464 520 528 552 576 592 600 616 632 656 664 680 688 704 736 744 752 768 776 784 800 840 872 888 904 912 920 928 976 
X^881:  193 209 273 321 329 385 417 449 465 513 529 537 553 561 569 577 585 593 609 617 641 673 681 697 705 721 761 769 785 793 809 825 841 849 857 865 873 881 897 905 921 929 945 953 961 977 
X^882:  178 194 202 210 274 314 330 394 418 426 434 442 450 514 522 530 538 546 562 586 594 602 634 642 658 666 674 682 714 730 754 778 786 818 834 842 850 858 874 890 906 930 938 954 970 
X^883:  179 195 267 315 331 347 355 379 395 411 419 427 443 451 467 515 563 571 587 595 619 635 643 667 683 691 699 739 755 763 779 811 827 851 859 867 883 907 931 939 947 963 979 
X^884:  172 180 196 276 300 324 340 388 396 420 428 436 444 452 516 540 572 580 588 652 692 708 748 780 812 820 844 852 868 876 884 892 900 908 916 924 948 956 972 
X^885:  181 197 205 213 261 269 293 301 325 333 349 357 373 381 389 429 437 445 517 565 637 645 661 685 701 709 733 749 757 765 773 789 797 805 813 837 861 885 893 901 925 941 949 965 973 
X^886:  166 174 198 278 294 302 318 334 342 358 382 390 446 454 518 534 550 558 566 574 590 598 606 614 630 638 646 654 670 678 686 702 710 718 726 734 742 774 790 798 806 814 822 830 846 854 902 910 918 942 950 
X^887:  167 191 199 207 255 271 279 287 295 343 351 359 367 375 399 407 423 455 471 511 519 551 559 567 591 607 631 639 655 663 695 711 727 735 743 751 759 775 815 823 839 847 855 871 895 919 927 935 951 959 983 
X^888:  160 192 256 272 304 328 336 352 368 376 384 392 400 408 416 432 440 448 456 512 528 536 544 552 560 568 576 600 624 640 648 664 672 680 696 712 736 752 760 776 784 792 808 816 824 832 848 872 880 928 944 952 968 976 
X^889:  201 209 297 313 321 361 393 409 417 425 441 521 537 545 561 569 601 665 681 689 697 713 721 729 737 761 769 793 809 825 841 849 873 889 913 929 937 945 953 977 
X^890:  202 306 314 354 378 394 458 522 530 554 562 570 586 594 610 618 626 634 642 650 658 666 674 690 706 738 746 754 786 794 810 826 834 858 866 874 882 890 898 906 914 922 930 946 962 970 978 
X^891:  203 275 291 307 331 339 363 371 387 395 411 419 427 435 443 451 523 555 587 595 627 635 651 667 699 707 723 739 747 755 763 795 827 835 875 899 907 915 939 947 963 971 
X^892:  196 204 212 260 292 300 316 332 356 380 404 436 444 460 468 516 556 564 596 612 636 660 668 684 692 708 716 732 740 756 764 780 804 812 820 844 868 884 892 924 932 940 948 956 972 980 
X^893:  205 213 269 277 301 325 341 349 357 373 397 405 421 429 437 445 453 469 517 541 565 573 597 605 629 645 669 677 693 717 733 749 781 797 829 853 869 877 885 893 901 941 957 973 
X^894:  198 214 262 294 310 326 342 350 358 366 374 382 398 406 414 454 470 518 534 542 550 558 566 574 606 622 630 638 646 654 662 678 702 718 726 734 750 766 814 830 838 854 902 950 958 
X^895:  207 215 247 263 279 303 311 319 327 335 343 367 383 391 423 439 455 463 503 519 527 551 567 575 591 631 647 671 695 703 711 719 751 767 775 807 815 839 847 855 879 887 895 911 919 927 943 967 975 983 
X^896:  88 184 216 248 264 304 320 336 344 352 368 376 384 400 408 448 472 504 520 536 560 576 584 592 632 640 648 712 720 744 760 808 816 832 840 856 864 872 904 952 960 976 
X^897:  177 201 273 289 297 305 313 321 353 369 393 409 425 457 465 497 521 529 545 577 585 593 601 617 649 665 673 721 729 745 761 785 793 809 817 849 857 873 881 905 921 929 953 961 969 977 
X^898:  178 194 202 258 274 290 298 322 338 346 354 386 394 402 442 466 498 514 522 538 562 586 610 618 634 650 658 682 722 730 738 746 778 786 794 802 834 850 858 874 890 906 922 930 938 970 
X^899:  179 195 203 211 259 283 363 379 395 403 411 419 427 435 499 515 539 547 555 563 587 595 603 611 651 667 675 683 691 715 755 763 771 779 787 803 851 891 907 915 931 947 963 979 
X^900:  180 188 196 204 252 260 268 276 284 292 300 308 316 324 348 364 372 404 412 436 444 452 500 508 516 556 572 580 588 596 604 612 628 644 668 676 748 764 772 780 796 820 828 836 844 876 884 900 924 932 956 964 972 980 
X^901:  245 261 277 293 349 357 373 397 405 413 445 453 469 501 509 517 533 541 557 589 597 605 613 621 629 645 717 725 741 749 757 765 773 781 789 805 813 861 877 885 893 909 917 925 933 941 965 973 
X^902:  86 190 198 214 254 270 278 286 294 302 310 326 334 350 358 366 374 414 422 430 438 454 462 470 502 510 526 534 542 566 574 590 614 638 662 670 702 718 726 734 782 798 806 814 830 846 878 886 894 918 950 974 982 
X^903:  87 207 239 255 279 287 311 319 327 335 343 367 383 407 415 423 431 439 455 495 503 511 575 591 599 631 639 647 655 663 703 711 719 735 743 751 767 775 815 823 839 847 855 871 879 935 943 975 983 
X^904:  80 176 200 240 256 296 312 320 328 352 360 376 392 408 416 424 432 440 464 496 512 544 560 600 616 632 640 648 664 672 688 712 720 728 744 752 760 776 784 792 800 808 816 824 832 848 872 880 896 912 928 936 968 
X^905:  185 193 201 265 281 289 297 305 313 329 337 353 361 377 385 393 401 417 433 465 505 513 521 529 545 569 633 697 705 729 753 769 777 793 817 841 849 857 865 881 897 905 937 961 969 
X^906:  178 186 194 202 210 290 306 322 330 346 362 370 378 386 426 442 458 466 498 506 514 554 586 594 610 618 626 658 674 706 754 778 802 818 850 858 882 890 898 914 930 946 962 970 978 
X^907:  179 187 195 203 243 267 291 315 323 339 355 363 371 379 387 419 435 451 459 467 507 523 531 539 555 571 579 595 619 627 643 659 691 771 803 811 819 851 883 891 899 915 923 939 955 979 
X^908:  84 188 196 204 260 276 284 308 332 340 348 356 372 396 404 412 428 436 444 460 468 540 548 556 564 580 588 612 628 644 652 660 676 684 700 708 764 788 804 812 828 852 868 876 884 916 924 932 956 
X^909:  173 189 205 213 245 253 277 309 317 325 333 349 357 365 381 389 397 421 461 493 541 549 565 573 581 621 629 637 661 669 677 685 717 725 765 781 797 877 901 909 925 933 941 957 973 981 
X^910:  86 174 214 262 278 286 302 334 358 366 382 398 414 422 446 454 494 518 542 550 558 574 582 590 598 606 622 630 638 654 662 686 702 718 742 750 798 814 830 846 870 886 910 918 926 934 942 958 974 982 
X^911:  183 191 199 215 231 247 279 335 351 375 447 455 487 511 543 551 559 575 583 591 599 607 615 639 647 655 679 687 695 719 735 743 767 783 799 807 823 839 855 863 879 895 911 919 935 943 959 967 983 
X^912:  72 168 176 208 248 280 288 304 312 352 360 376 384 408 416 440 496 504 536 544 584 616 656 664 672 704 728 768 776 784 808 824 840 848 856 864 880 904 912 944 952 968 
X^913:  161 185 193 241 257 289 297 305 313 321 329 337 345 353 361 393 401 417 425 441 465 481 497 513 521 553 561 593 601 617 641 649 657 665 673 689 697 721 729 753 769 793 801 809 825 857 865 873 889 913 929 945 953 961 969 977 
X^914:  82 162 170 194 202 210 242 258 274 282 290 298 306 314 322 338 346 354 362 386 410 442 482 490 498 506 530 546 586 594 610 626 642 650 674 682 754 762 770 802 810 842 866 890 906 914 930 946 954 962 970 978 
X^915:  83 163 171 235 251 275 283 299 315 331 355 387 403 419 435 443 451 483 523 531 539 571 587 595 611 635 643 659 667 675 683 715 731 739 755 779 787 795 803 827 835 859 867 875 891 899 907 915 923 963 979 
X^916:  76 84 164 180 188 196 212 244 260 268 276 284 292 316 332 348 364 380 388 396 404 412 420 436 444 468 484 532 556 572 604 620 628 636 660 676 692 716 724 756 764 772 780 788 804 812 844 860 884 908 916 924 932 956 964 972 
X^917:  85 181 189 213 229 237 253 261 269 277 285 309 325 333 341 349 357 381 389 445 485 517 541 549 573 581 589 597 605 613 629 637 677 685 717 733 757 789 797 821 837 845 861 877 901 917 949 957 973 981 
X^918:  70 78 182 190 206 214 230 246 262 270 278 294 334 342 350 358 382 406 422 430 438 446 454 502 510 518 542 550 558 566 574 590 606 614 662 670 678 686 702 710 718 726 742 750 766 774 798 806 814 822 846 878 886 902 910 918 934 950 958 
X^919:  71 183 191 199 223 231 247 255 263 271 279 295 311 327 351 359 375 391 407 431 479 535 543 551 559 567 575 583 591 599 623 639 647 671 679 687 695 703 711 735 759 767 775 783 831 839 887 895 911 935 943 975 983 
X^920:  64 160 176 192 208 272 288 304 312 320 328 360 376 384 392 400 456 504 512 528 536 576 592 616 624 640 648 680 688 696 704 712 728 736 744 760 768 792 800 824 832 840 848 856 864 880 920 928 944 952 960 968 
X^921:  201 209 265 297 305 321 345 353 377 385 433 449 457 497 505 553 561 569 577 585 593 617 625 641 665 681 721 729 745 753 761 769 777 785 801 809 817 833 849 865 881 897 937 945 953 969 977 
X^922:  194 202 274 306 314 322 330 338 346 402 410 434 442 450 458 466 498 514 546 578 586 594 618 634 650 658 666 746 778 794 802 810 818 842 858 874 890 898 930 938 946 962 
X^923:  179 195 211 259 275 371 379 387 427 435 443 451 515 523 531 539 555 571 595 603 619 627 635 651 659 667 675 683 691 699 707 731 739 747 755 763 795 803 843 851 867 875 907 915 923 931 947 955 963 979 
X^924:  164 212 260 268 276 300 316 348 388 396 404 436 444 492 500 524 556 572 588 596 604 620 628 636 652 700 708 724 764 780 788 828 844 852 884 892 900 908 916 972 980 
X^925:  173 181 189 197 213 277 293 301 317 333 389 437 445 485 493 509 517 525 533 549 557 581 597 613 621 637 645 661 669 701 717 725 733 749 781 789 797 813 821 829 885 901 909 957 981 
X^926:  166 190 262 270 302 358 366 382 390 398 414 438 446 470 494 510 518 526 534 582 630 646 694 710 726 766 782 790 798 814 838 862 870 910 926 934 966 974 982 
X^927:  87 167 215 247 263 279 311 319 327 351 391 431 471 487 495 527 543 567 583 607 615 631 639 647 655 679 687 695 727 743 751 759 775 847 855 863 879 887 895 927 943 983 
X^928:  120 152 168 184 192 200 248 272 280 304 320 328 352 360 368 376 392 400 416 424 440 456 520 528 552 600 608 640 648 656 672 680 688 704 720 728 744 752 760 776 792 800 808 816 840 848 856 872 880 888 904 920 936 960 968 976 
X^929:  145 257 265 305 313 337 345 353 361 369 377 393 401 417 441 449 505 513 521 553 561 569 577 585 593 609 617 633 641 649 673 689 697 705 713 721 777 809 841 849 857 873 881 889 897 913 929 937 953 961 977 
X^930:  146 162 186 202 210 258 266 290 298 306 314 338 354 370 418 426 434 450 466 498 530 538 570 586 618 626 642 658 682 690 698 722 730 746 754 770 818 826 842 866 882 890 898 906 914 922 930 970 
X^931:  147 163 179 187 203 211 251 267 275 291 299 307 339 363 371 379 387 395 403 419 443 459 491 515 547 563 579 587 627 651 667 691 699 715 747 755 771 787 795 819 835 843 851 867 883 899 923 931 939 955 971 
X^932:  148 156 164 172 196 212 252 260 292 324 332 340 348 356 364 372 404 420 428 444 468 524 572 580 596 612 628 636 644 652 684 692 700 708 740 756 772 788 796 804 820 828 892 900 908 916 940 956 980 
X^933:  85 165 189 205 245 261 277 285 293 309 341 349 365 381 397 429 437 445 469 477 485 493 525 549 557 597 605 613 621 629 637 653 661 677 709 717 741 749 757 765 781 797 805 813 821 845 869 877 901 909 933 
X^934:  86 118 158 174 214 254 262 278 302 310 318 334 342 358 390 398 406 422 454 462 470 486 510 526 550 566 574 614 638 654 686 702 710 742 774 782 798 814 830 862 870 910 918 926 950 958 974 982 
X^935:  79 87 119 159 175 191 207 215 239 271 279 303 311 327 335 359 375 383 391 423 439 447 471 479 511 551 559 575 607 615 631 687 703 719 743 751 759 775 815 823 839 847 863 879 887 903 911 919 935 943 951 959 967 983 
X^936:  112 144 160 176 208 240 264 304 320 344 360 368 392 416 432 440 488 504 544 552 568 584 600 616 640 664 680 688 696 704 752 760 768 776 792 800 816 832 864 904 928 944 976 
X^937:  169 193 249 257 265 273 281 305 321 329 345 353 377 385 401 441 457 497 529 577 593 601 609 617 641 649 657 689 713 737 761 793 801 809 817 833 873 889 905 921 929 937 945 
X^938:  146 194 202 258 290 298 322 354 370 394 418 466 506 522 538 546 562 570 586 594 626 634 650 666 682 690 698 706 754 762 770 786 802 810 834 842 866 882 898 922 938 954 962 978 
X^939:  83 147 171 187 203 211 275 291 299 323 331 371 379 387 411 435 459 467 483 491 507 515 523 531 579 595 603 611 627 643 667 675 699 715 723 731 739 747 771 787 803 811 827 835 843 859 867 883 891 907 931 947 955 963 971 
X^940:  116 164 180 188 196 212 252 260 284 300 308 324 332 340 348 356 372 396 420 428 452 468 476 500 508 516 524 532 540 548 564 588 596 604 612 628 636 652 660 668 676 684 716 724 732 740 764 788 796 812 836 868 876 892 932 956 980 
X^941:  85 141 157 181 205 245 253 269 277 285 317 325 349 365 373 381 421 445 453 477 485 493 517 549 557 581 589 605 613 637 669 677 685 701 709 717 741 749 773 789 797 813 829 845 877 885 893 901 909 941 949 957 965 973 981 
X^942:  118 142 166 182 198 214 262 286 294 310 318 342 350 358 366 390 406 454 478 494 510 526 534 606 630 670 694 710 718 726 734 742 750 782 798 806 830 846 854 886 910 950 958 
X^943:  71 167 191 215 231 255 263 279 303 351 367 391 407 415 439 447 455 463 471 479 503 519 527 535 543 551 559 567 599 623 631 639 647 671 719 791 799 815 823 831 839 871 895 903 911 919 927 935 943 967 
X^944:  72 104 136 144 152 168 208 232 248 256 264 280 288 296 304 320 336 360 376 392 424 448 464 504 512 592 600 624 632 648 672 680 696 712 728 744 776 792 800 808 816 824 840 848 856 872 888 912 920 936 968 
X^945:  81 129 201 265 281 289 297 313 321 337 345 393 409 433 449 457 473 481 489 497 505 537 545 553 569 625 681 697 713 737 761 769 793 825 849 857 865 881 889 913 921 937 953 969 977 
X^946:  82 114 130 138 186 194 242 250 258 282 290 338 346 354 362 370 410 418 434 442 474 506 514 530 538 546 554 562 578 594 618 626 658 666 698 706 714 722 730 754 762 778 794 818 826 834 842 858 866 890 906 914 922 946 954 970 978 
X^947:  75 115 131 139 155 163 203 243 251 259 291 347 355 363 379 387 395 403 411 427 435 443 451 459 483 515 523 539 547 555 563 571 579 643 651 659 675 683 707 747 755 771 779 787 795 811 827 859 883 891 899 923 939 963 971 979 
X^948:  84 108 116 132 148 172 188 212 244 268 316 324 340 348 356 372 380 388 396 404 412 436 444 460 476 484 492 500 508 524 532 548 588 612 628 652 676 684 692 732 756 764 772 788 796 804 828 836 844 876 884 892 972 
X^949:  69 77 117 149 157 173 181 205 229 237 245 261 301 333 349 373 381 413 421 437 509 517 525 533 541 557 573 581 597 621 629 637 645 693 717 733 749 773 797 813 821 845 861 877 885 917 941 981 
X^950:  86 102 110 150 174 190 198 206 214 254 326 342 350 358 390 406 414 438 454 486 502 510 518 534 542 550 558 566 574 582 606 630 670 678 710 718 742 750 790 798 814 822 830 862 870 878 886 894 902 918 934 942 966 982 
X^951:  63 79 87 103 143 151 183 191 207 215 223 271 279 303 343 367 383 391 423 431 455 463 471 487 495 503 527 551 567 591 615 639 655 663 679 703 711 727 735 759 767 791 807 815 839 847 855 863 871 887 935 975 983 
X^952:  64 80 96 128 160 184 200 208 224 240 256 264 272 280 304 312 320 328 336 352 360 368 376 392 400 416 424 440 456 464 472 488 504 512 536 544 552 568 576 608 640 648 664 688 704 720 728 744 768 776 784 800 824 840 848 856 864 872 888 896 912 920 952 968 976 
X^953:  137 145 201 233 249 257 289 297 305 313 329 337 345 377 401 417 425 441 449 457 473 481 497 505 545 553 617 633 641 649 657 665 681 697 721 729 737 745 753 761 769 777 785 793 817 841 857 881 889 897 913 921 929 945 953 961 969 
X^954:  138 162 178 186 202 242 250 266 274 282 290 306 314 322 330 338 346 370 386 394 402 410 434 442 458 466 482 490 506 522 530 554 570 578 594 602 610 618 650 658 666 690 706 730 738 754 770 786 794 802 818 826 842 858 866 874 882 914 938 946 954 970 
X^955:  83 139 163 171 195 211 227 243 275 291 307 331 339 347 371 379 403 411 419 435 451 483 499 531 539 555 587 611 619 635 651 691 707 715 755 763 779 787 795 803 843 851 867 907 923 931 939 955 971 
X^956:  68 132 140 148 172 180 188 196 204 212 228 236 252 268 284 292 300 348 364 372 380 388 396 404 412 420 436 452 460 492 500 532 540 572 596 604 628 636 652 660 676 684 692 700 716 732 764 772 780 788 812 820 828 844 860 876 884 892 900 908 916 932 940 980 
X^957:  77 85 141 149 157 165 197 237 277 285 301 309 325 341 357 373 381 389 405 413 421 429 461 469 509 517 525 541 549 565 613 637 669 685 709 717 733 741 749 765 781 789 805 829 845 853 893 909 917 925 941 981 
X^958:  70 134 150 158 182 190 198 230 246 262 278 334 342 366 374 398 406 414 454 486 502 510 542 550 558 566 574 598 606 622 630 662 670 686 702 718 726 774 790 838 846 878 894 910 918 934 942 958 974 982 
X^959:  55 71 119 143 151 167 175 183 191 199 207 215 239 255 263 271 287 295 311 319 327 343 351 359 367 399 423 431 447 463 511 527 535 559 567 639 647 655 671 679 687 695 711 719 743 751 759 783 791 807 823 831 847 855 863 871 887 911 935 959 975 
X^960:  24 56 72 120 160 192 208 240 248 256 264 288 296 312 328 336 360 376 384 408 432 456 464 472 480 488 496 512 536 552 576 592 600 608 624 656 672 712 720 768 776 784 808 816 824 848 896 920 928 976 
X^961:  81 113 137 145 169 209 225 233 249 257 265 273 281 289 321 329 337 361 369 409 417 441 449 465 481 497 513 521 545 561 577 593 601 609 633 649 657 673 689 705 753 761 817 849 873 881 897 905 913 929 953 969 977 
X^962:  66 82 114 130 138 146 154 170 178 202 210 226 234 242 274 282 290 306 314 322 338 362 370 410 418 434 514 522 530 538 546 562 570 578 586 602 626 634 642 674 698 730 738 762 770 778 810 826 858 866 874 890 906 914 922 938 962 978 
X^963:  67 115 131 139 155 187 195 219 243 259 275 283 323 355 371 379 395 403 411 443 467 483 515 523 531 539 555 563 571 587 603 611 619 627 635 659 683 691 715 731 755 787 803 811 827 843 851 883 891 899 915 923 939 947 963 979 
X^964:  60 68 76 84 116 124 132 140 148 164 172 188 196 212 220 228 236 252 268 284 300 316 324 332 340 348 364 372 388 428 436 444 468 484 492 500 508 540 580 596 604 636 652 668 684 700 716 732 740 756 764 772 780 796 812 820 828 852 860 868 876 900 916 980 
X^965:  53 69 117 157 189 197 205 229 245 253 269 293 301 309 317 325 341 349 381 389 429 445 477 485 509 517 541 557 573 589 597 613 621 629 637 653 701 709 717 749 757 773 781 789 797 805 813 821 837 845 877 885 901 941 
X^966:  22 62 78 118 126 134 150 174 182 190 214 222 230 238 286 294 318 326 334 358 366 374 382 390 398 422 430 446 478 486 494 502 510 526 534 542 558 574 598 606 622 630 638 646 654 662 678 686 694 710 718 726 734 742 750 758 814 830 838 926 950 966 974 
X^967:  23 47 63 79 111 119 143 191 215 223 239 255 263 287 295 303 311 319 343 351 359 367 375 383 391 399 407 431 455 471 503 511 527 535 559 567 575 599 655 663 679 695 711 735 743 751 775 783 807 823 831 863 879 895 911 935 943 967 975 983 
X^968:  16 48 64 112 136 144 160 184 200 232 240 248 280 288 296 304 312 320 344 352 376 400 408 416 440 448 456 464 488 496 512 536 552 560 576 584 600 616 624 640 656 672 680 688 704 720 728 744 752 768 776 808 816 824 848 856 864 872 888 904 912 920 928 944 952 968 976 
X^969:  73 121 129 137 153 177 185 201 209 217 225 233 241 249 257 273 281 289 305 337 353 385 409 425 433 449 457 473 497 505 521 529 545 585 593 601 609 625 633 641 649 657 673 681 689 713 721 745 785 793 817 849 857 865 897 905 913 921 945 953 961 969 977 
X^970:  114 122 130 138 146 154 162 170 186 194 202 210 226 250 258 274 282 290 306 314 322 378 394 410 434 450 458 474 490 498 546 554 570 594 602 642 666 698 706 714 722 738 770 786 826 834 858 866 882 890 898 906 914 930 946 954 970 
X^971:  51 75 123 131 139 163 171 179 203 227 259 267 275 299 331 339 363 395 419 427 443 459 475 499 515 531 539 547 555 587 595 635 659 667 675 683 699 715 723 731 747 755 771 779 795 819 835 843 851 891 931 939 947 955 971 979 
X^972:  20 68 124 132 140 148 188 212 220 260 284 300 324 332 348 380 396 404 436 444 452 460 468 500 532 540 548 572 580 668 676 700 708 724 748 756 780 788 796 836 860 868 876 884 892 900 916 924 948 972 980 
X^973:  53 61 109 117 125 141 165 173 181 197 205 237 245 253 277 309 349 365 397 429 437 461 469 477 493 501 533 557 573 581 589 597 613 629 637 645 661 669 685 725 733 741 773 845 861 869 885 893 901 909 917 941 973 981 
X^974:  22 70 110 182 206 214 222 246 262 270 278 302 318 350 358 366 390 406 422 430 462 470 478 486 502 510 518 550 558 574 582 606 614 630 638 646 654 662 702 742 766 774 782 790 814 838 870 878 902 910 926 934 958 966 974 
X^975:  39 55 71 103 119 127 135 167 183 191 199 207 231 247 263 271 279 287 319 367 383 431 455 463 479 495 511 519 527 535 543 567 591 599 607 615 623 631 639 647 663 679 687 695 719 735 751 807 815 823 839 855 863 895 903 919 951 959 967 983 
X^976:  8 56 112 136 144 152 168 176 184 192 208 216 224 232 248 256 272 280 288 336 368 440 448 456 464 480 488 496 512 520 528 536 552 568 576 592 600 608 624 640 648 656 664 688 704 720 736 768 776 784 816 824 864 872 880 888 896 928 936 952 960 968 976 
X^977:  49 65 97 113 121 153 193 201 209 233 249 257 265 273 297 305 337 361 369 385 393 401 417 457 465 473 497 513 521 537 545 553 569 593 609 617 625 649 657 673 713 721 737 745 761 769 777 793 801 809 817 833 849 865 873 881 889 897 913 921 929 945 961 969 977 
X^978:  18 50 66 82 98 106 114 138 162 194 202 210 218 266 290 298 306 322 330 386 394 402 410 466 482 498 514 530 554 562 570 586 594 626 634 642 658 666 722 746 786 794 802 818 874 890 906 914 938 946 962 978 
X^979:  19 43 59 83 99 131 147 155 163 171 187 219 227 235 251 267 283 291 299 323 331 339 347 363 371 395 403 419 443 459 467 475 483 491 499 507 523 539 563 579 587 595 635 659 667 675 683 691 707 715 731 739 803 819 827 835 843 851 875 883 899 907 915 923 947 963 971 979 
X^980:  12 20 52 68 84 100 124 140 156 164 172 180 188 196 220 236 252 260 276 332 340 356 380 428 436 452 460 468 476 508 516 524 532 540 564 588 596 612 644 652 660 668 716 724 740 748 756 788 796 828 836 852 868 876 892 900 924 932 940 956 964 972 
X^981:  21 37 45 61 85 101 109 117 125 141 157 197 205 221 229 245 261 269 301 309 333 365 381 389 405 421 429 453 461 469 485 493 501 525 557 573 597 605 613 621 629 637 661 669 685 701 709 717 741 749 797 805 821 829 909 917 925 941 949 957 973 981 
X^982:  6 14 38 54 86 126 150 166 174 182 238 262 286 294 302 326 342 366 382 398 414 446 462 478 510 518 534 542 558 574 614 638 646 654 662 686 718 726 750 774 814 822 846 902 910 926 934 950 958 
X^983:  7 31 39 55 87 95 111 127 135 143 159 167 175 183 207 215 223 239 255 263 303 327 351 359 375 391 415 431 463 519 583 591 623 639 671 695 703 719 727 743 751 759 775 783 799 807 839 847 855 863 879 887 895 903 911 919 927 935 951 967 975 983 
X^984:  0 
checksum: 13263462