197
X^0:  198 
X^1:  
X^2:  196 
X^3:  
X^4:  194 
X^5:  197 
X^6:  192 
X^7:  
X^8:  
X^9:  
X^10:  
X^11:  
X^12:  
X^13:  
X^14:  
X^15:  
X^16:  
X^17:  
X^18:  
X^19:  
X^20:  
X^21:  
X^22:  
X^23:  
X^24:  
X^25:  
X^26:  196 
X^27:  
X^28:  194 
X^29:  197 
X^30:  
X^31:  195 
X^32:  
X^33:  
X^34:  188 196 
X^35:  191 
X^36:  186 
X^37:  189 
X^38:  192 
X^39:  
X^40:  
X^41:  193 
X^42:  
X^43:  
X^44:  
X^45:  189 197 
X^46:  192 
X^47:  195 
X^48:  182 190 
X^49:  185 193 
X^50:  180 
X^51:  
X^52:  178 
X^53:  189 197 
X^54:  176 192 
X^55:  187 195 
X^56:  
X^57:  177 
X^58:  164 188 
X^59:  183 191 
X^60:  162 186 194 
X^61:  165 173 181 189 197 
X^62:  176 
X^63:  163 187 
X^64:  134 166 174 182 
X^65:  169 177 193 
X^66:  132 156 188 196 
X^67:  159 175 183 
X^68:  130 154 162 
X^69:  133 157 173 181 189 
X^70:  128 192 
X^71:  
X^72:  
X^73:  193 
X^74:  
X^75:  
X^76:  
X^77:  189 197 
X^78:  
X^79:  
X^80:  
X^81:  185 
X^82:  196 
X^83:  
X^84:  
X^85:  181 189 197 
X^86:  192 
X^87:  
X^88:  190 
X^89:  177 193 
X^90:  188 196 
X^91:  
X^92:  186 
X^93:  173 181 
X^94:  184 192 
X^95:  195 
X^96:  166 182 190 
X^97:  169 185 193 
X^98:  164 188 
X^99:  191 
X^100:  162 178 
X^101:  173 181 189 197 
X^102:  160 
X^103:  187 
X^104:  
X^105:  161 193 
X^106:  188 196 
X^107:  183 
X^108:  194 
X^109:  157 165 197 
X^110:  184 
X^111:  179 
X^112:  182 190 
X^113:  153 
X^114:  164 
X^115:  175 191 
X^116:  178 
X^117:  149 157 165 189 
X^118:  160 192 
X^119:  171 
X^120:  158 174 
X^121:  145 161 177 185 193 
X^122:  156 188 
X^123:  167 183 
X^124:  154 162 170 186 194 
X^125:  141 149 165 173 189 197 
X^126:  152 160 184 
X^127:  163 179 187 
X^128:  70 134 150 158 166 174 182 190 
X^129:  137 153 161 177 185 
X^130:  68 132 164 172 180 188 
X^131:  159 175 183 191 
X^132:  66 130 146 154 162 170 178 
X^133:  69 141 149 165 
X^134:  64 128 160 176 
X^135:  187 195 
X^136:  174 190 
X^137:  129 161 193 
X^138:  172 180 196 
X^139:  183 
X^140:  170 
X^141:  125 133 157 165 173 181 189 197 
X^142:  160 168 176 184 
X^143:  163 
X^144:  150 158 166 174 190 
X^145:  121 153 161 177 
X^146:  132 148 164 188 
X^147:  183 
X^148:  146 162 170 
X^149:  117 125 133 157 173 189 197 
X^150:  128 144 184 192 
X^151:  155 163 171 179 187 
X^152:  126 158 
X^153:  113 129 145 
X^154:  68 124 132 172 180 
X^155:  151 159 167 
X^156:  66 122 170 186 194 
X^157:  69 109 117 141 149 165 189 197 
X^158:  120 128 144 152 160 176 
X^159:  67 131 155 163 187 
X^160:  102 118 126 134 142 158 190 
X^161:  105 121 129 137 145 169 177 
X^162:  60 68 100 124 132 148 172 180 188 196 
X^163:  63 127 143 151 159 167 175 183 
X^164:  58 98 114 130 146 194 
X^165:  61 109 117 125 133 141 157 181 197 
X^166:  64 96 128 144 168 176 184 192 
X^167:  123 155 163 
X^168:  142 166 174 190 
X^169:  65 97 161 177 185 
X^170:  124 132 140 148 156 172 180 188 196 
X^171:  119 151 191 
X^172:  130 138 154 162 170 186 194 
X^173:  61 69 93 101 125 141 149 173 197 
X^174:  64 120 128 136 144 168 
X^175:  67 115 131 163 179 187 
X^176:  54 62 134 142 158 166 
X^177:  57 65 89 121 129 145 161 169 177 185 193 
X^178:  52 100 116 132 180 188 
X^179:  111 127 151 175 
X^180:  50 130 138 154 162 170 178 194 
X^181:  61 69 85 93 101 141 165 181 
X^182:  48 64 96 112 128 184 192 
X^183:  59 67 107 123 131 139 147 163 187 
X^184:  94 110 126 142 150 166 182 
X^185:  49 81 97 121 129 169 177 193 
X^186:  36 60 92 124 156 172 188 
X^187:  55 63 103 127 135 151 159 175 183 
X^188:  34 58 66 90 98 106 122 130 146 162 170 178 186 194 
X^189:  37 45 53 61 69 77 85 101 117 125 141 149 157 197 
X^190:  48 88 96 112 128 136 144 160 168 192 
X^191:  35 59 99 115 131 171 
X^192:  6 38 46 54 70 86 94 118 150 166 182 190 
X^193:  41 49 65 73 89 97 105 121 137 177 185 
X^194:  4 28 60 108 124 156 164 172 180 188 
X^195:  31 47 55 95 135 
X^196:  2 26 34 66 82 90 106 138 162 170 
X^197:  5 29 45 53 61 77 85 101 109 125 141 149 157 165 173 189 197 
X^198:  0 
checksum: 88151