211
X^0:  212 
X^1:  
X^2:  
X^3:  211 
X^4:  208 
X^5:  
X^6:  
X^7:  
X^8:  
X^9:  
X^10:  
X^11:  
X^12:  208 
X^13:  
X^14:  
X^15:  207 
X^16:  196 204 
X^17:  
X^18:  
X^19:  195 211 
X^20:  192 
X^21:  
X^22:  
X^23:  
X^24:  
X^25:  
X^26:  
X^27:  211 
X^28:  
X^29:  
X^30:  
X^31:  
X^32:  
X^33:  209 
X^34:  
X^35:  203 211 
X^36:  
X^37:  
X^38:  210 
X^39:  207 
X^40:  
X^41:  
X^42:  206 
X^43:  195 
X^44:  208 
X^45:  205 
X^46:  202 
X^47:  199 207 
X^48:  196 204 
X^49:  193 
X^50:  198 
X^51:  187 203 211 
X^52:  192 
X^53:  
X^54:  210 
X^55:  
X^56:  
X^57:  201 209 
X^58:  206 
X^59:  179 195 203 
X^60:  192 208 
X^61:  
X^62:  
X^63:  191 199 
X^64:  148 180 188 204 
X^65:  177 201 
X^66:  206 
X^67:  147 171 187 195 211 
X^68:  144 176 200 
X^69:  197 205 
X^70:  178 202 
X^71:  175 191 199 207 
X^72:  196 204 
X^73:  185 193 209 
X^74:  174 198 
X^75:  163 179 187 203 
X^76:  144 176 192 200 208 
X^77:  173 197 205 
X^78:  170 186 194 210 
X^79:  143 167 175 199 
X^80:  132 140 172 188 204 
X^81:  161 185 201 
X^82:  166 182 
X^83:  131 147 155 163 179 195 
X^84:  128 
X^85:  
X^86:  202 
X^87:  
X^88:  204 
X^89:  
X^90:  198 
X^91:  211 
X^92:  200 208 
X^93:  
X^94:  194 202 210 
X^95:  
X^96:  180 204 
X^97:  209 
X^98:  190 198 
X^99:  179 203 
X^100:  176 200 
X^101:  205 
X^102:  186 194 202 
X^103:  
X^104:  188 196 
X^105:  209 
X^106:  182 190 206 
X^107:  195 
X^108:  176 184 192 
X^109:  197 
X^110:  178 194 202 210 
X^111:  175 
X^112:  164 172 188 196 
X^113:  193 201 
X^114:  174 
X^115:  163 179 187 211 
X^116:  160 192 200 
X^117:  
X^118:  170 186 194 210 
X^119:  207 
X^120:  172 196 204 
X^121:  209 
X^122:  166 182 190 198 206 
X^123:  203 
X^124:  168 176 192 200 208 
X^125:  197 205 
X^126:  162 170 186 202 
X^127:  207 
X^128:  84 172 180 188 204 
X^129:  
X^130:  158 166 174 182 190 206 
X^131:  83 179 203 211 
X^132:  80 168 176 184 208 
X^133:  173 189 197 205 
X^134:  154 162 178 
X^135:  175 199 207 
X^136:  156 164 180 
X^137:  177 201 
X^138:  150 158 166 182 190 
X^139:  187 
X^140:  80 152 160 176 208 
X^141:  165 173 189 197 205 
X^142:  146 178 202 
X^143:  79 167 175 183 191 199 207 
X^144:  68 76 156 164 172 196 204 
X^145:  169 185 193 201 209 
X^146:  142 158 166 198 206 
X^147:  67 83 171 187 195 203 211 
X^148:  64 160 184 200 208 
X^149:  189 205 
X^150:  138 170 186 194 202 210 
X^151:  
X^152:  140 172 180 196 
X^153:  169 177 201 209 
X^154:  134 166 206 
X^155:  83 163 171 179 195 203 211 
X^156:  136 144 160 168 208 
X^157:  181 
X^158:  130 138 146 162 178 194 202 210 
X^159:  159 167 207 
X^160:  116 140 148 156 180 
X^161:  81 169 177 201 
X^162:  126 134 158 174 182 198 
X^163:  75 83 115 155 163 171 179 187 195 
X^164:  112 136 144 168 176 208 
X^165:  141 165 173 205 
X^166:  82 122 130 138 146 154 194 210 
X^167:  79 143 159 167 175 191 207 
X^168:  124 132 156 164 172 188 
X^169:  145 153 161 185 193 201 209 
X^170:  78 118 126 150 190 206 
X^171:  67 147 155 163 171 179 195 203 211 
X^172:  80 112 120 128 144 152 168 184 200 
X^173:  77 133 141 165 173 189 205 
X^174:  74 114 130 162 186 
X^175:  71 79 111 135 143 167 199 207 
X^176:  68 76 100 108 124 132 140 164 180 188 196 204 
X^177:  65 137 153 161 193 
X^178:  70 110 134 142 158 190 206 
X^179:  59 75 83 99 115 131 155 163 171 187 195 
X^180:  64 96 128 136 152 160 176 192 200 
X^181:  157 181 189 205 
X^182:  82 106 122 130 138 162 186 202 210 
X^183:  143 183 191 207 
X^184:  108 132 148 172 204 
X^185:  73 81 145 169 185 193 
X^186:  78 102 118 126 150 174 182 198 
X^187:  51 67 75 115 139 147 163 179 
X^188:  64 80 104 112 128 168 176 200 208 
X^189:  133 141 149 173 181 189 197 205 
X^190:  98 106 122 130 138 170 178 202 
X^191:  63 71 143 167 183 
X^192:  20 52 60 76 108 116 124 180 196 
X^193:  49 73 113 145 169 177 185 209 
X^194:  78 94 102 110 118 150 158 166 198 
X^195:  19 43 59 67 83 107 147 155 163 171 179 203 211 
X^196:  16 48 72 104 112 120 144 152 176 192 200 
X^197:  69 77 109 125 133 141 189 197 
X^198:  50 74 90 98 122 146 162 186 194 
X^199:  47 63 71 79 135 143 175 199 207 
X^200:  68 76 92 100 116 124 148 172 180 188 196 
X^201:  57 65 81 113 137 145 153 161 169 209 
X^202:  46 70 86 94 102 110 126 142 150 158 182 190 
X^203:  35 51 59 75 99 123 131 147 155 171 195 203 211 
X^204:  16 48 64 72 80 88 96 120 128 144 176 184 
X^205:  45 69 77 101 125 133 141 149 165 173 181 189 
X^206:  42 58 66 106 122 130 146 154 170 178 
X^207:  15 39 47 71 119 127 135 143 159 167 175 183 199 207 
X^208:  4 12 44 60 76 92 124 132 140 148 156 164 188 
X^209:  33 57 73 97 105 121 145 153 169 193 201 209 
X^210:  38 54 78 94 110 118 150 158 166 182 
X^211:  3 19 27 35 51 67 91 115 131 147 155 171 195 203 211 
X^212:  0 
checksum: 118901