601
X^0:  602 
X^1:  
X^2:  600 
X^3:  
X^4:  
X^5:  
X^6:  
X^7:  
X^8:  594 
X^9:  601 
X^10:  592 600 
X^11:  
X^12:  598 
X^13:  
X^14:  596 
X^15:  
X^16:  586 594 
X^17:  
X^18:  584 592 
X^19:  
X^20:  590 
X^21:  
X^22:  588 
X^23:  
X^24:  578 586 
X^25:  585 601 
X^26:  576 
X^27:  
X^28:  
X^29:  
X^30:  
X^31:  
X^32:  
X^33:  
X^34:  600 
X^35:  599 
X^36:  
X^37:  
X^38:  
X^39:  595 
X^40:  
X^41:  
X^42:  592 600 
X^43:  599 
X^44:  598 
X^45:  
X^46:  
X^47:  595 
X^48:  586 
X^49:  593 
X^50:  592 600 
X^51:  583 591 
X^52:  590 
X^53:  597 
X^54:  596 
X^55:  579 587 595 
X^56:  578 
X^57:  601 
X^58:  584 592 
X^59:  591 
X^60:  582 590 
X^61:  
X^62:  580 588 596 
X^63:  587 
X^64:  538 578 586 594 
X^65:  601 
X^66:  536 568 576 584 592 
X^67:  567 583 599 
X^68:  574 582 590 598 
X^69:  597 
X^70:  572 580 596 
X^71:  563 579 595 
X^72:  530 570 578 
X^73:  537 593 601 
X^74:  528 536 560 576 600 
X^75:  567 575 599 
X^76:  534 574 598 
X^77:  
X^78:  532 564 572 580 596 
X^79:  563 571 595 
X^80:  522 530 554 562 570 578 594 
X^81:  561 585 601 
X^82:  520 528 576 592 
X^83:  551 559 567 583 591 
X^84:  526 566 574 582 590 
X^85:  565 581 597 
X^86:  524 556 580 588 
X^87:  547 555 579 587 
X^88:  514 522 546 554 562 586 
X^89:  521 537 569 577 585 593 
X^90:  512 
X^91:  
X^92:  598 
X^93:  597 
X^94:  
X^95:  595 
X^96:  594 
X^97:  
X^98:  592 
X^99:  591 599 
X^100:  
X^101:  589 
X^102:  588 596 
X^103:  595 
X^104:  594 
X^105:  593 601 
X^106:  592 
X^107:  599 
X^108:  582 590 
X^109:  581 597 
X^110:  588 
X^111:  579 
X^112:  578 586 
X^113:  585 601 
X^114:  576 584 592 600 
X^115:  575 583 591 
X^116:  582 590 598 
X^117:  573 589 
X^118:  572 588 596 
X^119:  579 595 
X^120:  586 
X^121:  585 593 601 
X^122:  584 600 
X^123:  583 599 
X^124:  566 582 590 
X^125:  565 589 
X^126:  580 588 596 
X^127:  563 579 595 
X^128:  562 578 
X^129:  
X^130:  560 576 584 
X^131:  559 567 575 583 599 
X^132:  574 598 
X^133:  557 589 597 
X^134:  556 564 572 
X^135:  563 571 579 587 
X^136:  562 570 578 
X^137:  561 569 593 601 
X^138:  560 568 592 
X^139:  583 
X^140:  550 558 566 574 
X^141:  549 565 573 581 589 
X^142:  556 564 572 588 
X^143:  547 563 595 
X^144:  546 554 562 
X^145:  553 569 
X^146:  544 552 584 600 
X^147:  543 551 567 575 591 
X^148:  550 566 574 582 
X^149:  541 557 581 589 
X^150:  540 564 588 
X^151:  547 555 571 579 
X^152:  562 570 578 586 594 
X^153:  553 561 569 577 585 593 601 
X^154:  576 592 
X^155:  583 591 
X^156:  534 574 
X^157:  533 581 
X^158:  572 580 588 
X^159:  531 579 587 595 
X^160:  530 570 578 586 
X^161:  569 601 
X^162:  528 568 576 584 600 
X^163:  527 535 575 583 
X^164:  566 574 590 
X^165:  525 573 581 597 
X^166:  524 532 564 596 
X^167:  531 571 579 595 
X^168:  530 562 578 
X^169:  529 537 561 585 593 601 
X^170:  528 560 568 576 584 600 
X^171:  535 575 
X^172:  518 526 558 566 574 598 
X^173:  517 533 565 581 597 
X^174:  524 556 596 
X^175:  515 571 579 
X^176:  514 522 554 570 586 594 
X^177:  521 537 553 569 585 593 601 
X^178:  512 520 528 536 552 584 600 
X^179:  511 519 527 599 
X^180:  518 526 534 550 574 582 590 
X^181:  509 525 557 573 581 
X^182:  508 524 532 548 556 580 588 
X^183:  515 531 579 587 595 
X^184:  522 546 554 570 578 
X^185:  521 529 537 545 561 593 601 
X^186:  520 536 544 560 568 600 
X^187:  519 535 551 559 583 591 
X^188:  502 518 526 542 574 582 590 598 
X^189:  501 525 549 565 589 
X^190:  516 524 532 540 548 556 564 572 580 
X^191:  499 515 531 547 555 579 587 595 
X^192:  498 514 538 546 554 
X^193:  537 585 593 
X^194:  496 512 520 536 544 552 568 576 584 592 
X^195:  495 503 511 519 535 543 551 559 567 583 599 
X^196:  510 542 566 582 598 
X^197:  493 525 533 541 549 557 565 581 589 597 
X^198:  492 500 508 532 564 580 588 596 
X^199:  499 507 515 523 539 547 587 595 
X^200:  498 506 514 530 546 554 562 570 594 
X^201:  497 505 537 553 561 577 585 593 
X^202:  496 504 536 544 560 568 584 592 
X^203:  519 543 575 583 
X^204:  486 494 502 510 526 534 542 574 
X^205:  485 501 509 517 525 533 
X^206:  492 500 508 548 580 588 
X^207:  483 499 531 539 563 571 579 587 
X^208:  482 490 498 522 538 562 586 
X^209:  489 505 521 537 553 561 569 577 601 
X^210:  480 488 536 568 576 592 
X^211:  479 487 503 511 527 543 551 559 575 599 
X^212:  486 502 510 550 590 
X^213:  477 493 517 549 557 581 
X^214:  476 500 516 588 596 
X^215:  483 491 507 515 555 579 587 
X^216:  498 506 530 546 570 586 594 
X^217:  489 497 505 521 537 545 553 561 569 577 585 593 
X^218:  552 584 
X^219:  551 575 583 591 599 
X^220:  470 550 558 566 582 590 598 
X^221:  469 557 573 581 597 
X^222:  548 556 572 588 596 
X^223:  467 547 571 579 587 595 
X^224:  466 546 562 570 594 
X^225:  585 601 
X^226:  464 544 552 560 568 576 584 592 600 
X^227:  463 471 543 551 559 
X^228:  542 558 574 582 590 
X^229:  461 557 597 
X^230:  460 468 540 556 572 588 
X^231:  467 539 547 563 587 595 
X^232:  466 538 546 554 570 578 594 
X^233:  465 473 569 577 585 593 601 
X^234:  464 536 552 560 592 
X^235:  471 535 559 567 575 
X^236:  454 462 534 542 550 574 598 
X^237:  453 469 541 549 565 573 
X^238:  460 532 540 548 564 580 
X^239:  451 531 547 555 571 579 595 
X^240:  450 458 530 546 554 562 578 
X^241:  457 473 569 577 601 
X^242:  448 456 464 472 528 536 544 560 
X^243:  447 455 463 527 535 551 575 591 
X^244:  454 462 470 526 558 582 598 
X^245:  445 461 557 565 597 
X^246:  444 460 468 524 540 572 596 
X^247:  451 467 523 531 555 571 595 
X^248:  458 522 530 546 586 
X^249:  457 465 473 553 561 569 585 593 
X^250:  456 472 520 544 552 568 592 
X^251:  455 471 519 543 559 567 575 
X^252:  438 454 462 518 526 534 542 550 566 582 
X^253:  437 461 525 541 557 565 597 
X^254:  452 460 468 516 524 548 556 564 572 588 596 
X^255:  435 451 467 515 539 555 571 579 595 
X^256:  434 450 514 530 546 578 
X^257:  537 553 561 569 585 
X^258:  432 448 456 512 520 528 552 560 576 592 600 
X^259:  431 439 447 455 471 511 519 527 543 567 575 
X^260:  446 470 510 526 534 566 574 582 
X^261:  429 461 469 525 541 557 581 
X^262:  428 436 444 508 524 532 540 548 564 588 596 
X^263:  435 443 451 459 507 515 531 539 563 587 
X^264:  434 442 450 506 514 522 530 538 546 554 562 578 586 594 
X^265:  433 441 465 473 529 537 545 553 
X^266:  432 440 464 504 520 536 552 560 568 592 
X^267:  455 503 527 535 543 551 567 583 591 599 
X^268:  422 430 438 446 502 510 518 526 534 542 550 566 574 582 
X^269:  421 437 445 453 461 509 517 549 565 589 
X^270:  428 436 444 460 500 508 516 524 532 540 564 572 580 588 
X^271:  419 435 467 499 515 523 539 547 563 571 579 587 
X^272:  418 426 434 498 514 530 546 578 586 594 
X^273:  425 441 521 553 569 
X^274:  416 424 456 472 496 504 512 520 528 536 544 560 568 584 
X^275:  415 423 439 447 463 495 503 519 535 575 591 599 
X^276:  422 438 446 454 494 518 526 534 574 
X^277:  413 429 453 461 549 557 565 573 
X^278:  412 436 460 492 508 516 524 532 540 548 556 572 580 596 
X^279:  419 427 443 451 491 499 523 531 539 547 
X^280:  434 442 450 458 466 490 498 522 530 538 546 554 570 
X^281:  425 433 441 449 457 465 473 513 521 561 569 585 593 601 
X^282:  448 464 488 520 536 552 560 584 592 600 
X^283:  455 463 487 511 519 527 535 551 559 567 599 
X^284:  406 446 486 494 502 518 526 534 542 566 574 582 590 598 
X^285:  405 453 493 509 517 557 589 597 
X^286:  444 452 460 484 492 508 524 540 556 564 580 588 596 
X^287:  403 451 459 467 483 507 515 523 547 563 579 
X^288:  402 442 450 458 482 498 506 530 546 
X^289:  441 473 521 553 569 577 593 
X^290:  400 440 448 456 472 480 488 496 504 512 520 528 536 544 568 600 
X^291:  399 407 447 455 479 487 495 527 535 543 551 559 567 575 
X^292:  438 446 462 478 494 510 518 534 550 558 566 574 582 
X^293:  397 445 453 469 493 525 533 557 565 573 581 
X^294:  396 404 436 468 476 492 508 524 548 580 596 
X^295:  403 443 451 467 475 483 499 523 539 547 555 579 587 595 
X^296:  402 434 450 474 482 490 506 514 522 538 554 578 586 
X^297:  401 409 433 457 465 473 505 513 521 529 545 569 577 601 
X^298:  400 432 440 448 456 488 496 520 536 552 560 568 576 600 
X^299:  407 447 471 495 503 511 551 575 
X^300:  390 398 430 438 446 478 486 510 534 542 566 590 
X^301:  389 405 437 453 469 477 485 501 509 517 533 541 549 557 565 573 
X^302:  396 428 476 484 500 548 556 572 580 588 596 
X^303:  387 443 451 467 483 491 507 539 547 563 571 587 595 
X^304:  386 394 426 442 458 482 490 498 514 522 530 538 562 578 586 
X^305:  393 409 425 441 457 465 473 505 513 537 553 569 585 601 
X^306:  384 392 400 408 424 456 464 480 496 520 552 560 568 584 
X^307:  383 391 399 463 487 519 527 543 559 567 575 583 591 599 
X^308:  390 398 406 422 446 454 494 510 518 526 542 550 566 590 
X^309:  381 397 429 445 453 493 501 509 525 533 549 565 573 589 
X^310:  380 396 404 420 428 452 476 508 516 524 540 564 580 588 596 
X^311:  387 403 451 491 507 515 523 539 547 563 579 595 
X^312:  394 418 426 442 450 458 466 482 506 522 530 562 570 586 
X^313:  393 401 409 417 433 465 473 489 497 505 513 529 537 553 569 593 
X^314:  392 408 416 432 440 456 472 480 488 536 544 560 592 600 
X^315:  391 407 423 431 463 479 495 503 511 527 551 575 583 591 
X^316:  374 390 398 414 446 478 486 502 510 526 534 542 558 574 598 
X^317:  373 397 421 437 477 493 533 557 
X^318:  388 396 404 412 420 428 436 444 460 484 492 516 524 532 556 564 572 
X^319:  371 387 403 419 427 459 467 475 491 499 507 515 531 563 571 579 595 
X^320:  370 386 410 418 426 450 466 482 514 546 570 578 586 594 
X^321:  409 457 465 473 489 497 537 545 553 569 593 
X^322:  368 384 392 408 416 424 440 488 496 512 520 528 544 560 568 576 592 600 
X^323:  367 375 383 391 407 415 423 431 439 447 463 471 479 495 511 527 559 567 575 583 599 
X^324:  382 414 438 446 454 462 494 526 550 558 566 574 582 598 
X^325:  365 397 405 413 421 429 437 453 469 477 517 541 557 565 573 581 589 597 
X^326:  364 372 380 404 436 444 452 476 484 500 508 516 524 532 540 548 572 580 596 
X^327:  371 379 387 395 411 419 443 451 459 475 523 539 547 579 587 
X^328:  370 378 386 402 418 426 434 450 458 474 482 530 538 546 554 562 578 594 
X^329:  369 377 409 425 433 449 457 473 481 489 505 513 529 553 561 585 593 601 
X^330:  368 376 408 416 432 464 472 504 520 528 544 552 576 584 
X^331:  391 415 439 447 455 463 471 479 487 519 527 543 551 559 575 583 591 599 
X^332:  358 366 374 382 398 406 414 438 454 462 470 478 486 510 518 566 574 598 
X^333:  357 373 381 389 397 405 445 453 525 533 541 573 581 597 
X^334:  364 372 380 420 436 444 468 476 484 524 532 540 548 588 596 
X^335:  355 371 403 411 443 475 499 523 531 539 563 
X^336:  354 362 370 394 410 450 458 466 482 490 506 514 522 530 570 
X^337:  361 377 393 409 425 433 441 449 457 473 489 505 521 545 569 585 
X^338:  352 360 408 432 456 472 480 488 520 552 560 568 576 584 
X^339:  351 359 375 383 399 415 423 439 447 455 479 487 495 503 511 543 551 567 591 599 
X^340:  358 374 382 422 430 454 470 478 502 510 526 534 542 550 582 
X^341:  349 365 389 421 429 453 477 485 501 509 525 541 549 573 
X^342:  348 372 388 428 444 452 476 492 500 516 540 548 572 588 
X^343:  355 363 379 387 435 451 467 475 523 531 539 547 563 571 579 587 
X^344:  370 378 402 418 426 434 442 482 514 538 554 570 578 586 
X^345:  361 369 377 393 409 417 425 433 441 465 481 489 497 513 521 529 561 569 593 
X^346:  528 544 560 
X^347:  519 527 551 559 567 575 599 
X^348:  342 510 542 558 598 
X^349:  341 517 549 557 581 
X^350:  508 516 524 540 556 572 580 588 
X^351:  339 515 523 531 555 563 587 595 
X^352:  338 506 514 522 538 554 578 586 594 
X^353:  505 553 585 593 
X^354:  336 504 512 520 544 568 576 600 
X^355:  335 343 511 519 543 551 567 575 583 591 599 
X^356:  502 510 526 534 542 558 574 582 590 
X^357:  333 509 517 533 541 549 557 565 573 589 597 
X^358:  332 340 500 540 564 588 
X^359:  339 507 515 531 555 
X^360:  338 498 514 530 538 546 554 562 586 
X^361:  337 345 497 521 537 545 553 561 569 577 601 
X^362:  336 496 504 512 520 528 544 560 576 584 592 
X^363:  343 511 543 551 567 575 
X^364:  326 334 494 502 510 526 550 558 566 574 582 590 
X^365:  325 341 501 517 557 573 581 589 
X^366:  332 492 524 556 564 596 
X^367:  323 507 515 531 539 547 555 579 595 
X^368:  322 330 490 506 538 546 578 586 594 
X^369:  329 345 489 505 529 553 
X^370:  320 328 336 344 488 544 552 584 592 
X^371:  319 327 335 535 543 551 559 575 583 591 
X^372:  326 334 342 486 510 526 550 558 566 590 598 
X^373:  317 333 493 509 517 525 533 549 557 565 581 597 
X^374:  316 332 340 484 492 524 540 564 572 580 588 
X^375:  323 339 515 539 547 555 563 571 
X^376:  330 482 490 506 554 562 570 578 594 
X^377:  329 337 345 481 497 513 569 585 593 601 
X^378:  328 344 480 496 504 512 528 544 568 576 584 592 600 
X^379:  327 343 487 495 535 543 551 559 567 575 583 599 
X^380:  310 326 334 478 518 534 558 574 582 
X^381:  309 333 485 501 517 533 541 549 573 581 
X^382:  324 332 340 476 484 492 500 516 524 532 548 556 564 588 
X^383:  307 323 339 483 491 515 531 571 579 587 595 
X^384:  306 322 482 490 506 522 546 554 570 578 586 594 
X^385:  473 505 529 553 561 569 577 593 
X^386:  304 320 328 480 488 520 528 584 600 
X^387:  303 311 319 327 343 479 487 495 503 511 527 535 551 
X^388:  318 342 470 478 510 518 534 566 582 590 
X^389:  301 333 341 477 485 493 501 509 525 549 557 565 573 581 589 597 
X^390:  300 308 316 468 508 516 524 556 572 580 
X^391:  307 315 323 331 475 483 555 563 579 587 595 
X^392:  306 314 322 482 490 514 530 554 562 586 
X^393:  305 313 337 345 465 473 489 537 545 569 577 585 593 
X^394:  304 312 336 480 512 544 568 584 
X^395:  327 479 535 559 567 575 591 599 
X^396:  294 302 310 318 462 478 494 502 510 518 534 542 566 598 
X^397:  293 309 317 325 333 469 501 517 533 557 565 581 589 597 
X^398:  300 308 316 332 460 468 484 492 500 572 580 588 596 
X^399:  291 307 339 475 515 531 539 555 563 571 579 587 595 
X^400:  290 298 306 466 474 490 506 514 530 546 554 570 586 594 
X^401:  297 313 457 473 497 513 537 545 577 593 
X^402:  288 296 328 344 464 488 520 528 552 560 576 584 600 
X^403:  287 295 311 319 335 479 487 495 511 527 535 543 583 591 
X^404:  294 310 318 326 454 462 510 534 542 566 582 590 
X^405:  285 301 325 333 461 485 501 509 525 557 573 581 
X^406:  284 308 332 452 484 508 516 524 532 556 564 572 588 
X^407:  291 299 315 323 499 507 515 523 531 539 571 579 587 595 
X^408:  306 314 322 330 338 538 554 562 586 
X^409:  297 305 313 321 329 337 345 449 457 465 473 489 521 529 537 577 
X^410:  320 336 464 480 488 496 544 560 576 584 600 
X^411:  327 335 455 463 495 503 527 535 543 551 559 567 575 591 
X^412:  278 318 446 478 486 502 534 542 550 566 574 590 
X^413:  277 325 453 485 509 549 557 565 589 
X^414:  316 324 332 444 452 460 476 484 524 580 588 
X^415:  275 323 331 339 451 459 467 483 491 499 507 531 539 547 555 563 587 
X^416:  274 314 322 330 442 450 458 474 482 490 498 506 522 530 538 546 570 578 
X^417:  313 345 441 489 521 529 537 577 
X^418:  272 312 320 328 344 440 448 456 472 488 496 512 552 560 576 
X^419:  271 279 319 327 447 455 471 495 503 551 567 575 
X^420:  310 318 334 438 446 462 470 510 526 534 558 582 598 
X^421:  269 317 325 341 445 453 469 477 485 501 509 517 541 549 565 573 597 
X^422:  268 276 308 340 436 492 500 524 532 540 548 572 588 596 
X^423:  275 315 323 339 443 451 475 483 491 499 507 515 555 563 571 595 
X^424:  274 306 322 434 450 466 498 522 530 538 546 554 586 
X^425:  273 281 305 329 337 345 433 457 473 481 489 497 513 529 545 553 569 577 585 593 
X^426:  272 304 312 320 328 344 432 440 448 456 480 488 504 512 528 552 568 600 
X^427:  279 319 447 479 487 495 503 519 527 535 543 575 583 
X^428:  262 270 302 310 318 342 430 438 446 462 478 494 510 526 534 542 558 566 590 598 
X^429:  261 277 309 325 341 437 453 477 485 493 501 517 525 533 
X^430:  268 300 340 428 460 468 476 484 492 500 508 516 524 548 564 572 580 588 596 
X^431:  259 315 323 443 451 467 475 499 507 523 531 587 595 
X^432:  258 266 298 314 330 338 426 442 458 466 474 490 514 546 562 570 578 586 
X^433:  265 281 297 313 329 337 345 425 441 489 513 521 537 561 569 601 
X^434:  256 264 272 280 296 328 344 424 488 504 512 520 528 560 576 600 
X^435:  255 263 271 343 455 479 503 519 543 567 575 591 
X^436:  262 270 278 294 318 326 334 422 446 462 486 494 502 518 534 566 574 582 590 
X^437:  253 269 301 317 325 429 445 453 461 485 501 517 525 573 581 589 597 
X^438:  252 268 276 292 300 324 332 420 428 468 492 500 508 524 532 548 572 580 
X^439:  259 275 323 331 339 475 483 491 507 547 563 571 587 595 
X^440:  266 290 298 314 322 418 426 442 450 458 466 482 530 538 546 586 594 
X^441:  265 273 281 289 305 337 345 417 433 449 473 489 505 521 529 545 553 569 577 585 593 
X^442:  264 280 288 304 312 344 416 432 440 448 512 520 536 584 592 
X^443:  263 279 295 303 327 335 423 431 455 463 471 503 511 519 559 567 575 591 599 
X^444:  246 262 270 286 318 326 334 342 414 454 478 510 518 526 542 550 582 
X^445:  245 269 293 309 333 421 437 453 461 469 485 493 509 517 525 541 549 589 
X^446:  260 268 276 284 292 300 308 316 324 412 420 428 436 452 460 484 492 500 524 556 564 
X^447:  243 259 275 291 299 323 331 339 419 427 459 467 475 483 491 499 507 515 523 539 563 571 587 
X^448:  242 258 282 290 298 418 426 442 482 490 498 506 514 530 562 578 594 
X^449:  281 329 337 409 441 465 489 505 513 529 553 561 577 585 593 
X^450:  240 256 264 280 288 296 312 320 328 336 416 424 440 456 464 480 504 536 552 568 576 584 
X^451:  239 247 255 263 279 287 295 303 311 327 343 415 423 431 495 527 535 543 551 559 575 583 591 599 
X^452:  254 286 310 326 342 406 414 446 470 478 494 526 534 542 550 582 590 
X^453:  237 269 277 285 293 301 309 325 333 341 413 421 429 437 445 469 477 493 501 509 517 525 549 557 581 597 
X^454:  236 244 252 276 308 324 332 340 404 444 484 500 508 532 556 580 588 596 
X^455:  243 251 259 267 283 291 331 339 411 419 435 443 483 499 515 523 539 555 579 587 595 
X^456:  242 250 258 274 290 298 306 314 338 418 426 450 458 498 514 522 530 538 562 570 578 594 
X^457:  241 249 281 297 305 321 329 337 401 409 425 473 481 497 505 513 521 561 585 593 601 
X^458:  240 248 280 288 304 312 328 336 416 432 440 456 472 480 496 504 512 520 528 560 568 576 584 600 
X^459:  263 287 319 327 415 447 463 479 503 511 527 535 551 
X^460:  230 238 246 254 270 278 286 318 398 414 430 446 462 478 494 502 542 590 
X^461:  229 245 253 261 269 277 405 437 445 469 485 493 509 517 525 541 549 557 573 581 589 597 
X^462:  236 244 252 292 324 332 396 404 420 428 436 460 468 500 516 524 540 556 572 588 596 
X^463:  227 243 275 283 307 315 323 331 411 443 459 467 483 507 523 531 563 595 
X^464:  226 234 242 266 282 306 330 402 410 450 482 490 538 562 570 578 586 
X^465:  233 249 265 281 297 305 313 321 345 393 409 449 473 481 489 513 521 529 537 553 569 577 585 593 601 
X^466:  224 232 280 312 320 336 400 424 432 440 512 528 536 576 584 
X^467:  223 231 247 255 271 287 295 303 319 343 415 431 447 463 471 479 511 527 543 551 559 591 599 
X^468:  230 246 254 294 334 390 398 430 438 462 478 486 494 534 574 582 598 
X^469:  221 237 261 293 301 325 397 421 445 453 461 485 501 509 525 541 549 573 581 
X^470:  220 244 260 332 340 388 420 452 484 500 508 516 532 548 556 588 
X^471:  227 235 251 259 299 323 331 419 443 467 475 483 491 523 531 539 555 571 587 
X^472:  242 250 274 290 314 330 338 418 458 474 482 490 498 522 538 546 554 562 594 
X^473:  233 241 249 265 281 289 297 305 313 321 329 337 385 393 401 409 425 441 457 465 481 489 497 505 513 529 545 553 561 569 593 601 
X^474:  296 328 400 416 432 472 488 496 504 512 528 544 576 592 
X^475:  295 319 327 335 343 391 399 423 431 439 447 471 487 495 503 519 527 535 543 575 583 591 599 
X^476:  214 294 302 310 326 334 342 382 414 430 478 502 510 566 582 590 598 
X^477:  213 301 317 325 341 389 421 429 453 493 501 509 533 549 557 581 589 
X^478:  292 300 316 332 340 380 388 396 412 428 444 452 460 468 476 492 508 580 588 
X^479:  211 291 315 323 331 339 387 395 403 427 435 459 467 483 515 523 531 539 547 587 595 
X^480:  210 290 306 314 338 378 386 394 410 426 450 458 482 506 514 538 554 578 
X^481:  329 345 377 425 457 465 473 489 505 513 537 545 553 561 569 585 593 601 
X^482:  208 288 296 304 312 320 328 336 344 376 384 392 416 440 448 464 472 480 504 512 536 544 552 560 576 584 600 
X^483:  207 215 287 295 303 383 391 415 423 439 447 455 463 471 479 487 511 543 551 559 591 
X^484:  286 302 318 326 334 374 382 398 406 414 430 446 454 470 486 502 518 542 558 566 574 582 598 
X^485:  205 301 341 381 389 405 413 421 429 437 445 461 469 501 517 525 541 573 589 
X^486:  204 212 284 300 316 332 372 412 436 468 484 516 524 532 540 588 
X^487:  211 283 291 307 331 339 379 387 403 427 475 483 491 499 507 515 523 547 555 563 579 
X^488:  210 282 290 298 314 322 338 370 386 402 410 418 426 434 474 514 522 538 546 562 
X^489:  209 217 313 321 329 337 345 369 393 409 417 425 433 441 449 465 473 481 521 537 545 569 577 601 
X^490:  208 280 296 304 336 368 376 384 392 400 416 432 448 464 472 504 536 544 552 568 576 600 
X^491:  215 279 303 311 319 383 415 423 439 447 471 487 511 535 551 559 591 599 
X^492:  198 206 278 286 294 318 342 366 374 382 398 422 430 438 446 478 494 502 510 518 534 550 558 590 598 
X^493:  197 213 285 293 309 317 373 389 429 445 453 461 477 517 525 541 549 557 589 597 
X^494:  204 276 284 292 308 324 364 396 428 436 452 460 468 492 500 508 516 524 556 580 596 
X^495:  195 275 291 299 315 323 339 379 387 403 411 419 427 451 475 507 515 523 547 555 563 
X^496:  194 202 274 290 298 306 322 362 378 410 418 458 474 506 514 530 554 562 594 
X^497:  201 217 313 321 345 361 377 401 425 457 473 505 513 521 545 569 593 
X^498:  192 200 208 216 272 280 288 304 360 416 424 448 456 472 520 544 560 568 576 584 592 
X^499:  191 199 207 271 279 295 319 335 407 415 423 431 447 455 487 551 567 591 599 
X^500:  198 206 214 270 302 326 342 358 382 398 422 430 438 446 454 462 470 494 502 518 542 566 598 
X^501:  189 205 301 309 341 365 381 389 397 405 421 429 437 453 469 477 485 509 517 525 533 541 573 597 
X^502:  188 204 212 268 284 316 340 356 364 396 412 436 460 476 484 492 500 508 516 524 548 556 572 580 596 
X^503:  195 211 267 275 299 315 339 387 411 419 427 435 443 459 475 523 531 555 579 587 
X^504:  202 266 274 290 330 354 362 378 426 434 450 458 474 482 490 514 522 530 538 546 578 586 
X^505:  201 209 217 297 305 313 329 337 353 369 385 441 449 457 473 481 497 513 521 537 545 553 561 569 577 585 
X^506:  200 216 264 288 296 312 336 352 368 376 384 400 416 448 480 496 520 536 544 552 560 576 600 
X^507:  199 215 263 287 303 311 319 359 367 407 415 423 431 439 447 463 487 495 527 551 559 567 583 599 
X^508:  182 198 206 262 270 278 286 294 310 326 350 390 406 430 438 454 470 478 494 502 526 534 550 558 566 574 590 
X^509:  181 205 269 285 301 309 341 357 373 389 405 413 421 445 453 461 469 477 501 549 589 597 
X^510:  196 204 212 260 268 292 300 308 316 332 340 348 356 364 372 388 396 404 420 428 444 476 492 516 548 556 580 596 
X^511:  179 195 211 259 283 299 315 323 339 355 363 387 403 443 459 467 483 491 515 523 539 547 555 595 
X^512:  90 178 194 258 274 290 322 354 362 378 394 418 426 434 442 458 466 474 482 514 522 530 546 562 570 578 594 
X^513:  281 297 305 313 329 345 377 401 425 433 449 457 465 473 481 497 505 521 553 569 577 593 
X^514:  88 176 192 200 256 264 272 296 304 320 336 344 352 360 392 400 432 448 456 480 488 496 504 512 536 544 552 560 576 592 
X^515:  175 183 191 199 215 255 263 271 287 311 319 351 359 367 375 383 399 407 423 447 455 479 487 495 511 527 535 543 567 575 
X^516:  190 214 254 270 278 310 318 326 342 350 382 390 406 430 462 470 486 494 502 510 542 550 566 590 598 
X^517:  173 205 213 269 285 301 325 349 357 365 373 381 397 421 429 437 445 453 461 485 493 501 541 557 565 
X^518:  172 180 188 252 268 276 284 292 308 332 380 388 396 436 444 484 492 500 556 580 588 
X^519:  179 187 195 203 251 259 275 283 307 331 347 355 427 435 443 475 523 531 547 555 571 579 595 
X^520:  82 178 186 194 250 258 266 274 282 290 298 306 322 330 338 354 362 386 402 434 442 458 498 506 530 538 554 594 
X^521:  89 177 185 209 217 273 281 289 297 337 345 361 409 417 433 441 457 465 489 497 505 513 537 545 561 577 585 593 601 
X^522:  80 88 176 184 208 248 264 280 296 304 312 336 352 384 416 424 456 472 488 504 512 544 552 576 600 
X^523:  199 247 271 279 287 295 311 327 335 343 351 407 431 447 455 463 471 479 487 495 503 511 519 551 567 583 591 
X^524:  86 166 174 182 190 246 254 262 270 278 286 294 310 318 326 334 350 366 374 382 390 406 414 422 430 438 446 462 486 494 502 558 590 598 
X^525:  165 181 189 197 205 253 261 293 309 333 341 373 389 405 429 437 445 453 461 469 485 493 501 533 541 557 565 573 581 589 597 
X^526:  84 172 180 188 204 244 252 260 268 276 284 308 316 324 340 356 364 372 420 428 444 452 508 532 548 564 572 580 
X^527:  163 179 211 243 259 267 283 291 307 315 323 331 347 387 403 411 427 451 459 467 475 507 515 531 547 555 587 595 
X^528:  74 82 162 170 178 242 258 274 290 322 330 346 362 378 386 402 426 434 458 466 474 546 570 586 594 
X^529:  169 185 265 297 313 329 345 369 385 409 417 425 441 449 465 473 545 553 577 585 
X^530:  72 80 160 168 200 216 240 248 256 264 272 280 288 304 312 328 336 360 392 400 416 424 440 448 456 496 504 512 520 552 560 568 592 
X^531:  159 167 183 191 207 239 247 263 279 319 335 343 351 359 367 383 399 407 415 431 463 471 479 503 519 527 543 559 575 583 599 
X^532:  78 166 182 190 198 238 262 270 278 318 326 334 382 406 422 438 454 470 486 526 558 582 
X^533:  157 173 197 205 293 301 309 317 333 357 373 381 397 429 477 501 525 541 549 565 573 
X^534:  76 156 180 204 236 252 260 268 276 284 292 300 316 340 356 380 388 396 404 412 420 428 436 452 468 492 508 540 548 580 588 
X^535:  163 171 187 195 235 243 267 275 283 291 371 379 387 395 403 411 427 451 459 475 491 515 555 563 571 579 595 
X^536:  66 74 178 186 194 202 210 234 242 266 274 282 290 298 314 442 450 466 482 490 506 514 554 562 586 594 
X^537:  73 89 169 177 185 193 201 209 217 257 265 305 313 321 361 393 401 409 417 433 465 481 489 505 521 545 569 593 601 
X^538:  64 192 208 232 264 280 296 304 328 344 352 360 368 408 416 424 440 456 464 472 480 488 504 520 552 560 576 584 592 
X^539:  199 207 231 255 263 271 279 295 303 311 327 335 343 367 375 399 407 415 447 455 471 479 511 575 583 591 
X^540:  150 190 230 238 246 262 270 278 286 310 326 334 342 350 358 374 422 462 486 534 542 550 566 582 598 
X^541:  149 197 237 253 261 301 325 333 341 357 381 421 445 461 469 485 493 501 517 525 533 565 581 589 
X^542:  188 196 204 228 236 252 268 284 300 308 316 340 348 356 396 404 412 428 444 452 460 484 500 516 540 572 580 588 
X^543:  147 195 203 211 227 251 259 267 291 307 331 339 355 363 371 379 403 411 427 435 451 467 475 483 515 531 547 571 579 
X^544:  146 186 194 202 226 242 250 274 290 314 322 330 346 354 362 370 378 394 410 474 482 490 498 506 514 522 546 554 570 
X^545:  185 217 265 297 321 337 361 393 401 425 441 473 481 489 497 505 521 529 537 553 585 
X^546:  88 144 184 192 200 216 224 232 240 248 256 264 272 280 288 320 328 360 368 384 400 416 424 432 440 472 488 504 512 528 544 576 584 
X^547:  87 143 151 191 199 223 231 239 271 279 287 295 303 311 327 343 367 375 415 439 479 487 495 511 519 527 543 551 567 583 599 
X^548:  182 190 206 222 238 254 262 278 294 302 326 334 342 382 422 430 438 470 502 510 526 534 550 558 566 582 
X^549:  141 189 197 213 237 269 277 301 309 341 349 357 373 381 389 413 421 445 453 461 469 477 493 509 533 597 
X^550:  140 148 180 212 220 236 252 268 292 308 324 340 364 372 412 444 452 492 508 516 540 548 596 
X^551:  83 147 187 195 211 219 227 243 267 283 291 299 315 331 339 347 355 363 371 379 387 411 419 451 459 467 483 491 499 507 523 547 555 579 587 595 
X^552:  146 178 194 218 226 234 250 258 266 282 298 306 330 338 370 402 418 426 450 482 490 506 514 522 530 538 554 562 578 594 
X^553:  145 153 177 201 209 217 249 257 265 273 289 305 313 321 329 353 361 369 385 425 441 449 465 473 481 505 513 529 545 569 577 585 593 601 
X^554:  80 88 144 176 184 192 200 232 240 264 280 296 328 344 352 360 376 384 392 400 408 424 472 480 496 520 536 544 552 560 568 600 
X^555:  87 151 191 215 239 247 255 295 351 359 367 375 391 399 415 423 455 471 487 495 503 511 519 527 535 551 567 599 
X^556:  86 134 142 174 182 190 222 230 254 278 286 302 318 350 366 382 390 406 446 454 462 470 494 502 510 518 566 590 598 
X^557:  133 149 181 197 213 221 229 245 253 261 277 285 293 301 317 325 349 357 365 373 389 397 405 413 453 461 477 493 517 525 573 581 589 
X^558:  140 172 220 228 244 292 316 324 348 356 364 372 380 420 428 484 492 508 524 532 548 564 572 580 588 596 
X^559:  83 131 187 195 211 227 235 251 283 291 307 323 331 347 371 379 395 411 443 451 467 483 491 507 531 571 579 587 595 
X^560:  74 130 138 170 186 202 226 234 242 258 266 274 282 298 306 314 322 338 346 362 402 410 418 434 458 482 498 506 514 530 538 554 562 570 578 
X^561:  81 137 153 169 185 201 209 217 249 257 281 329 345 361 385 433 449 457 473 481 505 521 569 593 
X^562:  80 88 128 136 144 152 168 200 208 224 240 264 304 312 328 360 376 392 408 432 448 456 464 472 488 496 512 536 552 560 568 576 584 
X^563:  71 79 127 135 143 207 231 263 271 287 303 311 319 335 343 351 375 391 399 415 423 439 447 463 487 495 535 575 591 
X^564:  78 134 142 150 166 190 198 238 254 262 270 286 310 318 358 366 374 382 406 430 446 526 558 566 574 582 598 
X^565:  85 125 141 173 189 197 237 245 253 269 277 293 301 309 325 357 373 389 397 413 421 517 525 533 541 573 589 597 
X^566:  84 124 140 148 164 172 196 220 252 260 268 284 292 300 308 324 332 364 372 388 396 404 412 428 436 476 484 500 508 516 540 548 556 564 572 596 
X^567:  67 75 83 131 147 195 235 251 259 267 283 291 307 323 339 347 355 363 379 395 411 419 435 443 499 507 515 523 547 555 571 595 
X^568:  66 138 162 170 186 194 202 210 226 250 266 274 290 298 306 322 338 354 378 394 426 450 458 490 498 530 554 562 594 
X^569:  89 137 145 153 161 177 209 217 233 241 249 257 273 281 289 297 305 313 321 337 345 361 377 385 393 425 433 441 465 473 481 489 497 505 513 537 553 561 577 593 
X^570:  72 80 136 152 160 176 184 200 216 224 232 280 312 320 336 344 376 384 400 416 432 456 464 512 528 544 560 584 592 
X^571:  79 135 151 167 175 207 223 239 247 255 271 303 319 343 375 383 399 407 423 439 447 471 519 535 543 559 567 575 583 591 599 
X^572:  70 78 118 134 142 158 190 222 230 246 254 270 278 302 318 326 342 350 374 390 398 406 422 430 438 462 502 526 542 558 566 582 598 
X^573:  117 141 165 181 221 237 277 293 301 309 325 333 341 357 365 381 389 405 421 437 461 469 485 501 525 533 557 565 589 597 
X^574:  68 76 84 132 140 148 156 164 172 180 188 204 228 236 260 268 276 284 292 316 324 332 356 364 380 412 436 468 484 508 564 588 
X^575:  75 115 131 147 163 171 203 211 219 235 243 251 259 275 291 299 307 315 323 331 347 355 363 371 379 395 411 419 427 435 443 451 475 515 531 539 563 571 
X^576:  26 66 74 82 114 130 154 162 170 194 210 226 258 298 322 330 338 354 362 378 402 410 418 434 450 458 466 474 482 490 498 506 514 522 538 546 562 578 586 
X^577:  89 153 201 209 217 233 241 289 297 361 385 393 401 409 417 425 441 449 465 489 505 513 521 529 553 569 585 601 
X^578:  24 56 64 72 80 112 128 136 152 160 168 184 232 240 256 264 272 296 304 320 328 344 352 368 376 384 416 432 448 456 464 480 504 512 552 560 576 584 600 
X^579:  55 71 87 111 119 127 135 151 159 167 175 183 191 207 215 223 239 255 271 287 295 311 319 327 343 367 383 391 399 407 455 487 503 519 535 543 551 559 599 
X^580:  62 70 78 86 126 158 182 190 198 206 238 270 278 286 294 302 310 326 350 374 390 398 414 430 438 454 478 494 502 510 518 526 534 542 558 582 590 
X^581:  85 109 141 149 157 165 173 181 197 213 221 261 293 325 333 349 365 373 381 389 397 405 437 453 461 469 477 525 541 557 597 
X^582:  60 68 84 108 116 124 148 180 188 196 220 228 244 252 260 268 284 292 324 340 356 364 380 388 404 420 436 444 452 468 476 484 532 540 548 564 572 580 588 596 
X^583:  51 67 83 115 123 131 139 155 163 187 195 203 219 267 307 315 323 331 355 371 379 403 427 451 475 507 523 531 539 547 571 587 595 
X^584:  18 58 66 114 122 130 146 162 170 178 194 202 218 226 274 282 306 330 338 362 370 378 386 394 402 410 442 450 458 466 482 498 538 546 562 570 578 586 594 
X^585:  25 81 89 113 121 153 169 177 193 201 217 225 233 249 257 281 305 329 337 353 377 393 425 441 449 457 465 481 505 521 529 545 553 577 585 593 
X^586:  16 24 48 64 88 112 120 152 160 176 208 216 248 264 272 296 304 312 320 344 352 360 368 384 392 400 408 424 432 440 464 504 528 536 576 584 592 
X^587:  55 63 87 135 159 183 191 199 207 215 223 231 263 271 295 303 327 343 351 383 391 399 407 415 431 439 447 455 471 479 503 527 551 559 583 599 
X^588:  22 62 86 102 110 118 126 142 150 158 182 198 206 214 222 230 254 262 270 286 302 310 334 342 350 358 374 382 398 406 414 422 430 454 462 470 478 486 518 534 542 558 574 582 590 
X^589:  101 117 125 133 141 149 189 197 269 285 309 325 357 365 389 397 413 437 445 461 477 485 493 509 525 541 557 565 573 597 
X^590:  20 52 60 68 84 108 116 124 164 180 188 212 220 228 284 300 308 356 364 372 388 404 412 428 436 452 460 476 492 508 516 524 556 580 588 596 
X^591:  51 59 83 99 115 147 155 187 219 243 267 275 307 315 331 339 355 371 395 403 411 435 443 451 467 475 483 491 499 523 539 563 571 
X^592:  10 18 42 50 58 66 82 98 106 114 138 154 194 202 210 226 234 250 258 266 282 314 322 362 370 378 442 474 498 514 530 538 570 586 594 
X^593:  49 73 89 105 121 137 153 169 177 185 193 201 217 233 249 281 289 313 321 329 345 353 377 385 393 401 425 441 449 457 465 473 481 497 513 521 537 553 561 569 585 593 601 
X^594:  8 16 64 80 96 104 152 176 200 216 224 232 264 272 320 328 352 368 376 384 400 440 448 456 472 496 512 520 528 536 552 568 584 592 600 
X^595:  39 47 55 71 79 95 103 119 127 143 159 167 183 191 199 223 231 239 247 255 295 303 311 319 351 367 383 391 399 407 423 431 439 455 463 479 511 519 527 535 551 559 567 583 
X^596:  14 54 62 70 78 102 118 126 166 174 198 214 222 246 254 262 278 286 294 302 310 326 334 366 398 422 430 454 462 494 502 510 550 558 566 582 590 
X^597:  53 69 85 93 109 133 165 173 197 221 229 245 253 285 325 333 357 373 389 397 421 437 453 461 493 501 509 525 549 565 573 581 589 
X^598:  12 44 68 76 92 116 132 172 188 196 220 236 244 284 316 324 332 348 372 396 420 428 468 476 484 492 500 516 524 540 556 564 572 
X^599:  35 43 67 75 99 107 123 131 179 195 211 219 267 275 283 307 323 331 339 347 355 379 395 443 451 467 475 491 499 507 531 547 555 571 579 587 
X^600:  2 10 34 42 50 74 114 122 146 162 170 178 186 226 258 282 290 298 314 322 354 378 386 402 410 426 434 458 482 490 506 522 554 578 594 
X^601:  9 25 57 65 73 81 105 113 121 137 153 161 169 177 185 209 225 233 241 281 297 305 329 361 377 433 457 465 473 481 489 521 537 553 577 593 601 
X^602:  0 
checksum: 3212138