587
X^0:  588 
X^1:  
X^2:  
X^3:  587 
X^4:  584 
X^5:  
X^6:  586 
X^7:  
X^8:  580 
X^9:  585 
X^10:  582 
X^11:  579 587 
X^12:  576 
X^13:  
X^14:  
X^15:  
X^16:  
X^17:  
X^18:  
X^19:  
X^20:  
X^21:  
X^22:  
X^23:  
X^24:  
X^25:  
X^26:  
X^27:  587 
X^28:  
X^29:  
X^30:  586 
X^31:  
X^32:  
X^33:  585 
X^34:  582 
X^35:  
X^36:  584 
X^37:  
X^38:  578 586 
X^39:  
X^40:  580 
X^41:  577 
X^42:  574 582 
X^43:  571 
X^44:  
X^45:  
X^46:  586 
X^47:  
X^48:  572 
X^49:  
X^50:  582 
X^51:  571 579 
X^52:  568 
X^53:  
X^54:  570 
X^55:  583 
X^56:  564 
X^57:  569 577 585 
X^58:  566 582 
X^59:  555 563 571 
X^60:  560 576 584 
X^61:  
X^62:  554 
X^63:  
X^64:  524 572 580 
X^65:  553 569 
X^66:  550 582 
X^67:  523 563 579 
X^68:  520 552 576 
X^69:  581 
X^70:  522 546 554 562 570 578 
X^71:  567 583 
X^72:  516 548 572 
X^73:  521 545 569 
X^74:  518 542 550 558 582 
X^75:  515 523 539 
X^76:  512 
X^77:  581 
X^78:  578 
X^79:  
X^80:  580 
X^81:  
X^82:  574 582 
X^83:  579 
X^84:  576 
X^85:  573 
X^86:  570 
X^87:  
X^88:  580 
X^89:  577 
X^90:  566 574 582 
X^91:  579 
X^92:  
X^93:  565 
X^94:  562 570 578 
X^95:  575 
X^96:  564 
X^97:  569 577 
X^98:  558 
X^99:  563 571 587 
X^100:  560 568 
X^101:  557 573 581 
X^102:  554 562 586 
X^103:  
X^104:  572 580 
X^105:  
X^106:  550 566 574 582 
X^107:  571 579 
X^108:  568 576 
X^109:  549 565 
X^110:  546 562 578 586 
X^111:  
X^112:  548 
X^113:  569 
X^114:  542 550 558 566 582 
X^115:  547 571 
X^116:  544 568 576 584 
X^117:  541 557 
X^118:  538 554 562 570 578 586 
X^119:  567 
X^120:  548 556 564 572 580 
X^121:  545 561 569 585 
X^122:  534 542 
X^123:  547 555 563 579 
X^124:  552 568 584 
X^125:  533 549 565 573 
X^126:  530 538 554 562 586 
X^127:  543 583 
X^128:  532 556 
X^129:  537 545 
X^130:  526 542 582 
X^131:  531 539 555 563 571 
X^132:  528 536 552 560 568 
X^133:  525 549 557 
X^134:  522 530 538 562 578 586 
X^135:  575 
X^136:  572 
X^137:  561 569 
X^138:  518 574 582 
X^139:  547 563 
X^140:  584 
X^141:  517 549 
X^142:  514 546 554 562 
X^143:  559 
X^144:  516 548 580 
X^145:  553 561 585 
X^146:  510 518 542 582 
X^147:  515 547 555 571 
X^148:  512 544 552 576 584 
X^149:  509 541 557 565 
X^150:  506 538 546 570 578 586 
X^151:  
X^152:  516 556 564 572 
X^153:  513 577 585 
X^154:  502 510 518 534 550 558 566 582 
X^155:  515 555 563 587 
X^156:  552 560 568 576 584 
X^157:  501 533 549 581 
X^158:  498 506 514 530 546 562 570 578 586 
X^159:  511 
X^160:  500 532 564 572 
X^161:  505 513 553 569 585 
X^162:  494 526 534 542 550 574 
X^163:  499 507 523 531 555 587 
X^164:  496 504 528 552 568 576 584 
X^165:  493 509 517 525 541 573 
X^166:  490 498 538 546 554 
X^167:  551 583 
X^168:  508 516 532 540 548 580 
X^169:  529 545 553 561 585 
X^170:  486 502 510 526 566 
X^171:  507 515 531 539 547 563 571 579 
X^172:  504 512 536 576 584 
X^173:  485 501 517 533 549 557 581 
X^174:  482 498 538 546 578 586 
X^175:  527 567 583 
X^176:  484 516 540 548 564 580 
X^177:  505 521 529 553 569 577 
X^178:  478 486 494 502 510 518 526 550 566 574 582 
X^179:  483 507 515 523 539 547 555 587 
X^180:  480 504 536 560 568 584 
X^181:  477 493 509 533 541 
X^182:  474 490 498 554 562 
X^183:  503 559 575 
X^184:  484 492 500 508 516 540 564 572 580 
X^185:  481 497 505 521 561 585 
X^186:  470 478 502 550 574 
X^187:  483 491 499 515 531 547 555 587 
X^188:  488 504 520 536 544 568 576 584 
X^189:  469 485 509 533 549 581 
X^190:  466 474 490 522 530 538 562 570 578 
X^191:  479 519 543 567 583 
X^192:  468 492 500 540 548 556 572 580 
X^193:  473 481 545 561 
X^194:  462 478 494 502 518 526 534 542 558 574 
X^195:  467 475 491 507 531 539 
X^196:  464 472 488 504 536 552 560 568 576 584 
X^197:  461 485 525 549 557 573 581 
X^198:  458 466 474 490 498 514 538 554 562 
X^199:  511 551 559 575 583 
X^200:  500 508 524 532 556 564 572 580 
X^201:  505 529 537 545 553 569 585 
X^202:  454 486 494 502 510 550 558 
X^203:  483 563 571 
X^204:  536 544 
X^205:  453 517 533 581 
X^206:  450 514 530 546 554 578 586 
X^207:  583 
X^208:  452 516 580 
X^209:  537 577 
X^210:  446 454 510 518 526 534 550 574 582 
X^211:  451 515 539 579 
X^212:  448 512 536 544 552 576 584 
X^213:  445 509 525 573 581 
X^214:  442 506 522 530 538 546 554 578 586 
X^215:  535 575 
X^216:  452 516 524 532 540 548 
X^217:  449 513 529 537 553 585 
X^218:  438 446 454 502 510 582 
X^219:  451 515 523 531 547 579 
X^220:  520 536 552 584 
X^221:  437 501 517 533 541 565 573 581 
X^222:  434 442 450 498 506 522 530 554 562 
X^223:  447 511 551 567 
X^224:  436 500 524 564 
X^225:  441 449 505 513 561 
X^226:  430 494 510 550 558 566 582 
X^227:  435 443 459 499 507 523 531 539 563 571 579 
X^228:  432 440 496 504 520 528 536 560 576 
X^229:  429 445 453 493 517 525 557 565 581 
X^230:  426 434 458 490 498 506 530 546 554 562 578 
X^231:  543 559 583 
X^232:  444 452 540 564 572 580 
X^233:  529 537 577 
X^234:  422 438 446 454 486 542 550 558 574 
X^235:  443 451 515 531 571 
X^236:  440 448 552 576 
X^237:  421 437 485 517 549 565 
X^238:  418 434 450 458 482 514 522 530 546 554 570 
X^239:  527 551 
X^240:  420 484 516 564 580 
X^241:  441 521 529 545 553 569 
X^242:  414 422 430 438 454 478 486 510 542 566 574 
X^243:  419 443 483 515 523 539 547 571 579 587 
X^244:  416 440 448 456 480 512 520 560 568 576 584 
X^245:  413 429 477 509 525 533 541 549 557 565 
X^246:  410 426 434 442 450 458 474 506 514 538 554 562 570 
X^247:  439 543 583 
X^248:  420 428 436 444 452 484 524 532 540 564 580 
X^249:  417 433 441 457 481 545 553 561 577 
X^250:  406 414 470 478 486 502 518 526 534 550 558 566 574 
X^251:  419 427 435 451 483 523 531 547 563 587 
X^252:  424 440 456 520 528 536 544 576 584 
X^253:  405 421 437 445 469 501 517 533 541 549 565 573 581 
X^254:  402 410 426 434 458 466 474 482 498 514 538 546 578 586 
X^255:  415 455 479 535 567 583 
X^256:  404 428 468 500 540 548 556 572 580 
X^257:  409 417 473 481 521 529 537 561 569 577 585 
X^258:  398 414 454 462 494 502 510 518 526 534 542 550 558 566 574 
X^259:  403 411 427 435 443 467 475 491 499 523 531 539 547 555 579 587 
X^260:  400 408 424 432 440 464 472 496 520 528 536 544 576 
X^261:  397 421 429 461 477 485 493 509 525 533 549 557 565 581 
X^262:  394 402 410 434 450 466 506 514 522 530 538 546 562 570 578 586 
X^263:  447 519 527 559 567 575 
X^264:  444 476 484 500 508 516 532 540 548 564 572 
X^265:  433 441 497 513 521 529 537 553 569 585 
X^266:  390 446 470 478 494 526 566 574 582 
X^267:  419 435 475 483 499 507 515 531 539 547 571 587 
X^268:  456 472 480 504 544 552 568 584 
X^269:  389 421 453 469 485 501 525 557 573 
X^270:  386 418 426 434 450 466 506 522 554 570 586 
X^271:  431 495 519 535 575 
X^272:  388 420 484 508 532 572 
X^273:  425 433 457 473 489 497 513 521 537 569 585 
X^274:  382 390 414 446 462 470 478 486 494 510 534 566 582 
X^275:  387 419 427 443 451 475 483 491 507 523 547 563 579 
X^276:  384 416 424 456 472 504 512 520 528 536 544 552 560 576 584 
X^277:  381 413 429 437 445 461 477 501 517 541 549 557 565 581 
X^278:  378 410 418 450 466 514 530 546 562 570 586 
X^279:  471 511 527 583 
X^280:  388 428 436 444 452 460 468 476 484 508 532 540 556 564 572 
X^281:  385 457 465 473 489 521 529 553 577 
X^282:  374 382 390 406 422 430 446 454 470 566 574 
X^283:  387 427 435 451 467 483 499 523 571 579 587 
X^284:  424 432 440 448 472 488 504 512 520 536 544 552 568 584 
X^285:  373 405 421 437 477 509 533 549 557 565 
X^286:  370 378 386 402 418 450 490 506 546 554 570 578 586 
X^287:  383 447 487 503 511 551 559 575 583 
X^288:  372 404 444 460 468 500 508 516 524 532 540 580 
X^289:  377 385 425 449 457 497 513 577 585 
X^290:  366 398 406 414 422 430 462 470 486 510 518 534 542 558 566 582 
X^291:  371 379 395 403 427 435 443 475 515 531 571 587 
X^292:  368 376 400 424 432 448 472 496 504 512 520 560 568 584 
X^293:  365 381 389 397 413 429 445 453 501 533 541 557 573 
X^294:  362 370 410 418 434 442 458 466 482 498 506 514 522 554 562 578 586 
X^295:  423 455 479 495 543 551 575 
X^296:  380 388 404 412 420 452 468 476 492 508 516 524 532 540 556 564 572 
X^297:  401 417 425 433 457 473 497 505 521 537 553 561 577 
X^298:  358 374 382 398 422 438 454 462 470 478 494 510 518 526 542 550 558 582 
X^299:  379 387 403 411 419 435 443 507 
X^300:  376 384 408 448 456 504 536 552 560 568 584 
X^301:  357 373 389 405 429 453 517 525 533 541 549 557 573 
X^302:  354 370 410 450 458 490 498 506 522 546 554 
X^303:  399 439 455 487 519 543 559 567 583 
X^304:  356 388 412 436 452 500 532 548 556 564 572 580 
X^305:  377 393 401 425 441 449 481 513 553 561 569 577 
X^306:  350 358 366 374 382 390 398 414 438 446 454 494 534 550 566 574 
X^307:  355 379 387 395 411 427 459 531 563 587 
X^308:  352 376 408 416 432 440 456 488 496 512 536 552 560 568 576 584 
X^309:  349 365 381 405 485 501 509 517 533 541 565 573 581 
X^310:  346 362 370 410 426 434 474 482 490 530 538 546 562 
X^311:  375 431 447 479 503 511 519 559 575 
X^312:  356 364 372 380 388 412 420 436 444 452 484 492 508 516 524 540 548 556 564 
X^313:  353 369 377 393 417 433 457 481 505 513 529 561 585 
X^314:  342 350 374 406 414 446 470 478 494 502 518 526 534 542 566 574 582 
X^315:  355 363 371 387 403 427 459 515 523 539 547 
X^316:  360 376 392 408 416 440 448 456 504 512 528 536 552 560 568 584 
X^317:  341 357 381 421 453 477 485 501 525 549 557 573 581 
X^318:  338 346 362 394 418 434 442 450 474 506 514 538 
X^319:  351 391 439 455 471 479 527 543 551 575 583 
X^320:  340 364 372 404 412 420 428 444 452 484 500 508 516 532 564 572 580 
X^321:  345 353 409 433 465 473 481 489 505 513 537 545 553 561 569 585 
X^322:  334 350 366 374 390 406 414 430 446 470 478 486 510 542 550 558 566 574 
X^323:  339 347 363 379 427 483 491 507 515 531 539 563 571 
X^324:  336 344 360 376 400 424 432 440 448 456 472 512 544 560 
X^325:  333 357 413 429 445 453 469 477 493 509 517 533 557 573 
X^326:  330 338 346 362 370 386 394 402 410 434 458 482 498 514 530 546 578 586 
X^327:  383 423 431 447 455 463 487 503 535 543 
X^328:  372 380 396 404 412 420 428 436 444 452 468 476 500 524 532 540 548 564 572 
X^329:  377 401 409 417 425 441 457 473 497 505 513 521 529 545 585 
X^330:  326 358 366 374 382 390 406 414 430 454 462 470 526 534 542 566 574 582 
X^331:  355 411 419 435 443 483 507 515 523 539 547 587 
X^332:  520 552 568 
X^333:  325 453 485 549 565 573 
X^334:  322 450 482 490 498 546 570 578 586 
X^335:  495 551 559 
X^336:  324 452 484 516 564 572 580 
X^337:  489 497 521 585 
X^338:  318 326 446 454 478 518 542 558 582 
X^339:  323 451 483 491 507 547 555 571 587 
X^340:  320 448 480 488 512 520 568 576 584 
X^341:  317 445 477 493 501 541 549 565 573 581 
X^342:  314 442 474 482 506 514 522 538 546 562 578 
X^343:  543 559 575 
X^344:  324 452 492 500 508 540 556 564 572 580 
X^345:  321 449 513 521 545 553 561 577 
X^346:  310 318 326 438 446 454 470 486 494 502 518 534 542 566 582 
X^347:  323 451 491 499 523 547 555 571 579 
X^348:  488 496 504 512 520 536 544 568 584 
X^349:  309 437 469 485 517 533 549 573 581 
X^350:  306 314 322 434 442 450 466 482 498 506 514 522 530 538 554 570 578 
X^351:  319 447 535 567 575 583 
X^352:  308 436 468 500 508 540 572 580 
X^353:  313 321 441 449 489 505 521 537 553 561 585 
X^354:  302 430 462 470 478 486 510 526 534 550 558 
X^355:  307 315 331 435 443 459 467 491 523 531 539 563 579 
X^356:  304 312 432 440 464 488 504 512 520 576 584 
X^357:  301 317 325 429 445 453 461 477 509 525 533 541 581 
X^358:  298 306 330 426 434 474 482 490 522 546 554 570 578 
X^359:  487 519 527 551 559 575 
X^360:  316 324 444 452 468 476 484 516 524 556 564 
X^361:  465 481 489 497 521 537 545 553 
X^362:  294 310 318 326 422 438 446 462 502 518 542 574 
X^363:  315 323 443 451 467 475 483 499 507 515 531 539 555 563 571 579 
X^364:  312 320 440 448 472 512 536 568 576 
X^365:  293 309 421 437 453 469 485 493 549 557 565 573 581 
X^366:  290 306 322 330 418 434 474 482 522 530 554 562 570 
X^367:  463 503 527 535 559 583 
X^368:  292 420 452 476 484 500 516 556 
X^369:  313 441 457 465 489 505 513 537 545 553 561 577 585 
X^370:  286 294 302 310 326 414 422 430 438 446 454 462 486 502 518 534 542 550 
X^371:  291 315 419 443 451 459 475 483 491 515 563 579 
X^372:  288 312 320 328 416 440 472 496 504 520 528 536 552 560 568 576 584 
X^373:  285 301 413 429 445 469 477 509 517 525 533 541 549 557 565 573 
X^374:  282 298 306 314 322 330 410 426 434 490 498 506 514 522 554 562 586 
X^375:  311 439 495 559 567 575 
X^376:  292 300 308 316 324 420 428 436 444 452 476 500 516 524 532 556 564 572 580 
X^377:  289 305 313 329 417 433 441 457 497 513 553 561 577 
X^378:  278 286 406 414 438 486 502 518 526 534 542 574 
X^379:  291 299 307 323 419 427 435 451 467 483 491 515 523 531 539 547 571 587 
X^380:  296 312 328 424 440 456 472 480 520 528 544 552 568 
X^381:  277 293 309 317 405 421 445 469 485 501 517 525 541 549 573 581 
X^382:  274 282 298 306 330 402 410 426 458 466 474 522 530 554 578 
X^383:  287 327 415 455 479 551 567 583 
X^384:  276 300 404 428 436 460 476 484 492 532 564 572 580 
X^385:  281 289 409 417 481 497 505 521 537 553 569 
X^386:  270 286 326 398 414 430 438 454 462 470 478 502 518 534 558 566 574 
X^387:  275 283 299 307 315 403 411 427 443 459 467 475 499 507 531 547 571 579 
X^388:  272 280 296 304 312 400 408 424 440 456 472 488 496 504 520 528 536 544 568 576 
X^389:  269 293 301 397 421 461 485 501 509 517 525 541 557 565 581 
X^390:  266 274 282 306 322 330 394 402 410 426 434 450 458 474 498 506 514 522 538 554 562 586 
X^391:  319 447 487 519 527 567 
X^392:  316 436 444 452 460 468 500 508 516 524 532 548 556 
X^393:  305 313 441 457 465 473 481 489 513 521 537 545 561 569 577 585 
X^394:  262 318 326 390 422 430 438 446 454 494 502 510 518 542 558 574 
X^395:  291 307 419 451 459 507 555 563 579 
X^396:  328 448 472 480 488 504 520 528 552 560 584 
X^397:  261 293 389 453 469 485 501 509 533 549 565 573 581 
X^398:  258 290 298 306 386 450 466 490 506 514 522 538 546 554 562 586 
X^399:  303 487 495 551 559 567 
X^400:  260 292 324 388 452 500 508 524 548 564 572 
X^401:  297 305 329 473 513 537 553 561 577 
X^402:  254 262 286 326 382 390 446 454 462 470 478 486 494 518 534 550 566 
X^403:  259 291 299 315 387 451 475 483 491 507 547 579 587 
X^404:  256 288 296 320 328 384 448 472 480 488 504 544 576 584 
X^405:  253 285 301 309 381 445 461 477 485 501 509 517 525 541 557 565 581 
X^406:  250 282 290 314 322 330 378 442 458 466 490 498 506 522 530 538 562 570 586 
X^407:  471 479 495 511 535 543 567 583 
X^408:  260 300 308 316 388 452 460 468 484 492 500 516 540 556 564 572 
X^409:  257 321 329 385 449 465 473 481 497 513 529 537 553 561 
X^410:  246 254 262 278 294 302 310 326 374 382 390 438 446 470 478 526 558 566 582 
X^411:  259 299 307 331 387 451 467 491 507 515 539 547 555 563 579 587 
X^412:  296 304 312 320 328 456 480 488 520 560 568 576 584 
X^413:  245 277 293 325 373 437 453 477 485 541 549 557 565 573 
X^414:  242 250 258 274 290 306 314 322 330 370 378 386 434 442 474 506 522 530 538 546 562 570 578 
X^415:  255 383 447 471 487 503 543 559 583 
X^416:  244 276 308 316 372 436 460 476 500 508 516 532 540 564 572 580 
X^417:  249 257 297 313 329 377 385 441 449 457 473 489 521 537 545 553 569 
X^418:  238 270 278 286 294 318 366 430 446 454 462 470 494 502 518 534 550 574 
X^419:  243 251 267 275 299 331 371 379 395 435 443 459 499 555 571 579 587 
X^420:  240 248 272 296 312 320 328 368 376 432 440 464 472 496 512 520 528 544 552 560 584 
X^421:  237 253 261 269 285 317 365 381 389 429 453 469 477 509 517 533 541 549 573 581 
X^422:  234 242 282 290 298 362 370 394 426 434 442 450 466 490 514 522 530 538 562 570 578 
X^423:  295 327 463 479 487 495 511 519 543 559 583 
X^424:  252 260 276 284 292 324 380 388 452 460 476 516 548 580 
X^425:  273 289 297 305 329 449 465 481 489 497 505 529 553 561 577 
X^426:  230 246 254 270 310 358 374 382 390 422 446 502 526 534 542 550 566 582 
X^427:  251 259 275 283 291 307 315 323 379 387 443 451 475 491 507 523 531 539 547 555 571 579 
X^428:  248 256 280 320 328 376 384 456 472 496 504 512 560 
X^429:  229 245 261 277 293 301 325 357 373 421 485 493 549 557 573 
X^430:  226 242 282 290 322 330 354 370 386 394 418 490 506 522 554 562 578 
X^431:  271 311 327 455 471 495 503 519 543 551 
X^432:  228 260 284 292 308 324 356 420 444 452 516 524 532 548 556 564 580 
X^433:  249 265 273 297 313 321 377 457 465 473 489 497 521 529 537 
X^434:  222 230 238 246 254 262 270 294 310 318 326 350 358 366 374 390 414 422 454 470 478 494 518 534 550 558 566 
X^435:  227 251 259 267 283 291 299 331 355 379 419 443 451 475 491 499 507 523 547 555 579 
X^436:  224 248 280 304 312 328 352 376 384 392 416 440 448 456 464 472 488 496 520 528 544 552 560 576 584 
X^437:  221 237 253 277 285 349 365 413 453 477 485 509 525 541 549 557 565 581 
X^438:  218 234 242 298 306 346 362 370 378 386 394 410 442 458 490 498 546 554 562 578 586 
X^439:  247 303 319 375 447 455 503 535 543 575 
X^440:  228 236 244 252 260 284 308 316 324 356 364 372 380 388 420 436 444 492 524 532 580 
X^441:  225 241 249 265 305 329 353 369 377 393 417 441 481 489 497 513 529 545 569 585 
X^442:  214 222 246 294 318 342 350 406 414 422 438 446 454 470 478 534 550 558 566 
X^443:  227 235 243 259 275 291 299 331 355 363 371 387 419 427 435 443 451 459 475 483 491 499 507 539 547 555 579 587 
X^444:  232 248 264 280 288 312 320 328 360 376 392 432 440 512 520 528 544 552 560 568 
X^445:  213 229 253 277 293 325 341 357 373 381 405 453 461 485 493 501 525 533 549 573 581 
X^446:  210 218 234 266 274 282 306 314 322 338 346 362 370 394 402 410 418 426 442 458 474 482 490 498 522 530 546 570 
X^447:  223 263 287 311 327 351 391 415 439 455 479 487 503 519 535 551 567 583 
X^448:  212 236 244 284 292 300 316 324 340 364 396 404 436 468 476 500 548 564 
X^449:  217 225 289 305 345 353 409 417 425 465 505 513 521 537 545 561 569 577 
X^450:  206 222 238 246 262 270 278 286 302 318 334 350 390 398 422 454 518 542 566 574 
X^451:  211 219 235 251 275 283 339 347 363 371 379 395 403 411 427 435 443 451 459 467 507 531 555 563 571 579 587 
X^452:  208 216 232 248 280 296 304 312 320 328 336 344 360 368 376 392 400 408 424 432 456 504 528 536 
X^453:  205 229 269 293 301 317 325 333 357 365 397 413 421 437 445 453 461 477 493 533 549 557 581 
X^454:  202 210 218 234 242 258 282 298 306 330 338 346 370 386 394 402 418 434 442 450 458 482 490 498 506 522 530 554 562 570 586 
X^455:  255 295 303 319 327 383 431 439 447 463 479 495 503 519 527 535 559 567 
X^456:  244 252 268 276 300 308 316 324 380 388 412 428 436 452 492 508 572 
X^457:  249 273 281 289 297 313 329 369 377 393 417 433 457 473 481 489 497 513 521 561 577 
X^458:  198 230 238 246 254 294 302 326 382 390 406 438 446 454 486 518 526 566 574 582 
X^459:  227 307 315 355 371 387 395 419 443 451 475 483 499 507 539 
X^460:  280 288 384 392 408 416 424 480 520 560 576 
X^461:  197 261 277 357 389 405 445 453 461 485 493 509 525 533 549 557 
X^462:  194 258 274 290 298 330 354 362 370 386 402 418 482 490 498 506 514 562 570 586 
X^463:  327 367 423 455 471 487 495 503 511 527 559 
X^464:  196 260 356 420 436 468 508 516 524 540 548 556 564 572 
X^465:  281 321 361 369 393 409 425 433 449 473 513 529 537 585 
X^466:  190 198 254 262 270 278 294 350 382 398 406 422 470 478 518 526 534 558 566 582 
X^467:  195 259 283 355 363 379 387 411 451 491 499 531 539 547 
X^468:  192 256 280 288 296 328 352 360 392 408 448 464 472 480 488 504 528 576 
X^469:  189 253 269 325 349 365 373 381 397 421 525 533 557 565 573 581 
X^470:  186 250 266 274 282 290 298 314 322 330 346 354 386 402 410 418 434 442 466 474 490 498 522 578 586 
X^471:  279 319 407 415 431 463 479 519 527 543 559 
X^472:  196 260 268 276 284 292 324 364 372 380 388 396 404 420 428 436 468 508 516 540 548 580 
X^473:  193 257 273 281 297 321 329 393 401 409 417 433 457 465 481 521 537 553 561 569 585 
X^474:  182 190 198 246 254 310 318 342 358 366 382 390 414 446 470 478 486 494 502 510 526 534 550 566 574 582 
X^475:  195 259 267 275 291 363 371 387 403 427 435 443 459 483 499 515 531 539 555 563 571 
X^476:  264 280 296 328 360 368 376 384 416 424 448 488 496 504 512 520 528 536 560 568 576 584 
X^477:  181 245 261 277 285 317 325 341 357 373 405 413 421 437 453 485 509 517 525 565 
X^478:  178 186 194 242 250 266 274 298 314 322 338 354 386 402 410 434 442 466 474 514 522 530 538 546 554 562 
X^479:  191 255 295 311 319 383 407 423 447 455 471 495 535 543 551 559 575 583 
X^480:  180 244 268 340 380 396 404 412 460 468 484 516 524 532 540 556 580 
X^481:  185 193 249 257 305 313 321 361 385 393 409 425 441 457 473 489 529 
X^482:  174 238 254 294 310 326 334 342 350 358 366 446 454 462 486 510 542 566 582 
X^483:  179 187 203 243 251 267 275 283 323 331 339 363 371 379 403 443 459 475 515 523 531 539 587 
X^484:  176 184 240 248 264 272 280 312 320 336 360 368 384 408 480 496 504 512 536 552 560 576 
X^485:  173 189 197 237 261 269 309 317 333 349 365 381 389 397 405 413 429 437 445 461 477 493 509 517 533 565 581 
X^486:  170 178 202 234 242 250 274 290 322 346 354 370 378 402 458 474 482 490 522 530 538 554 562 570 
X^487:  287 303 327 359 391 399 415 423 447 463 487 495 511 519 527 535 559 583 
X^488:  188 196 284 308 340 348 356 388 396 404 412 436 468 476 508 516 524 548 564 580 
X^489:  273 281 321 337 353 361 369 393 417 425 433 441 457 481 489 497 505 529 545 561 569 585 
X^490:  166 182 190 198 230 286 302 310 334 358 374 398 406 422 430 438 446 454 462 470 486 494 510 542 558 566 574 582 
X^491:  187 195 259 275 323 339 347 355 371 379 403 411 427 435 443 467 523 547 555 587 
X^492:  184 192 296 312 344 384 408 440 456 504 576 584 
X^493:  165 181 229 261 325 341 365 429 445 453 461 485 493 517 525 533 557 573 581 
X^494:  162 178 194 202 226 258 266 274 298 306 314 346 394 402 418 434 474 490 514 530 546 562 570 578 586 
X^495:  271 295 335 375 399 407 423 431 455 463 479 487 495 503 519 527 543 
X^496:  164 228 260 292 308 348 372 388 420 428 436 476 484 500 524 532 556 564 580 
X^497:  185 265 273 289 297 329 337 361 377 385 409 425 433 441 457 489 497 521 537 585 
X^498:  158 166 174 182 198 222 230 254 294 302 326 334 350 374 390 406 438 446 454 462 470 526 542 550 558 
X^499:  163 187 227 259 267 283 347 363 387 419 435 443 459 467 475 499 539 
X^500:  160 184 192 200 224 256 264 288 304 320 328 344 352 368 376 392 400 408 416 448 496 504 512 520 528 544 568 
X^501:  157 173 221 253 269 277 293 309 317 341 381 389 397 405 445 501 509 525 533 541 
X^502:  154 170 178 186 194 202 218 250 258 314 346 362 370 378 386 394 418 426 474 506 514 530 538 546 554 562 586 
X^503:  183 287 311 327 367 415 431 439 447 455 463 495 503 519 567 583 
X^504:  164 172 180 188 196 228 268 276 284 292 300 316 348 356 372 388 396 404 428 452 468 476 484 492 500 516 548 
X^505:  161 177 185 201 225 297 313 321 329 353 369 385 425 449 489 505 513 521 529 537 569 577 
X^506:  150 158 214 222 230 246 262 270 286 294 302 318 342 350 374 390 398 406 414 430 454 462 502 518 526 558 566 574 582 
X^507:  163 171 179 195 227 267 275 299 323 331 339 363 387 395 403 411 427 435 443 451 459 507 515 523 531 539 555 579 
X^508:  168 184 200 264 272 280 288 296 312 320 344 352 392 400 416 456 464 472 488 520 528 536 544 560 568 584 
X^509:  149 165 181 189 213 245 261 285 309 325 357 373 389 397 405 421 437 461 477 485 501 517 533 549 565 573 581 
X^510:  146 154 170 178 202 210 218 226 242 258 274 290 298 322 354 394 474 482 490 514 546 562 
X^511:  159 199 223 279 287 311 407 423 463 487 527 543 551 559 575 583 
X^512:  76 148 172 212 244 276 284 292 308 316 324 340 348 356 364 420 428 444 476 484 500 516 556 
X^513:  153 161 217 225 265 273 289 305 313 321 329 345 369 377 393 401 409 441 449 457 465 505 513 529 537 561 577 585 
X^514:  142 158 198 206 238 246 254 262 278 294 318 326 342 350 374 390 398 422 462 478 494 502 510 526 550 558 574 582 
X^515:  75 147 155 171 179 187 211 219 235 243 267 291 315 323 331 363 371 379 411 475 483 507 523 531 547 555 587 
X^516:  72 144 152 168 176 184 208 216 240 264 288 296 312 320 336 360 368 376 392 408 416 424 432 464 472 480 488 504 512 528 568 576 
X^517:  141 165 173 205 221 229 237 253 277 301 309 325 349 373 381 389 405 421 477 485 493 509 517 557 573 581 
X^518:  74 138 146 154 178 194 210 250 258 290 298 314 338 346 362 370 378 386 394 402 418 434 450 458 466 506 546 562 570 578 586 
X^519:  191 263 271 303 311 359 391 423 431 447 455 471 487 495 503 519 543 551 559 567 
X^520:  68 188 220 228 244 252 260 276 284 292 332 340 348 356 372 380 388 396 412 420 436 444 460 476 500 508 532 540 548 556 580 
X^521:  73 177 185 241 257 265 273 281 297 329 337 345 353 361 385 393 417 433 449 457 473 497 505 521 529 585 
X^522:  70 134 190 214 222 238 262 270 294 302 342 350 358 366 374 382 390 398 406 414 422 430 446 454 470 478 486 526 558 574 
X^523:  67 75 163 179 219 227 243 251 259 275 283 315 331 347 355 379 427 435 483 491 507 515 531 539 579 
X^524:  64 200 216 224 248 288 296 312 328 360 376 392 400 432 440 464 480 488 496 560 568 576 
X^525:  133 165 197 213 229 245 261 269 301 317 357 373 381 389 405 437 445 461 469 477 493 501 533 541 549 557 581 
X^526:  130 162 170 178 194 210 250 258 266 298 314 330 354 378 410 426 458 466 474 498 506 514 522 530 538 546 562 578 586 
X^527:  175 239 263 279 319 359 367 391 455 463 471 487 495 511 527 
X^528:  132 164 228 252 260 276 316 372 380 388 396 420 436 444 452 468 476 500 508 516 532 564 
X^529:  169 177 201 217 233 241 257 265 281 313 329 409 425 433 441 465 481 489 505 513 521 545 553 561 577 
X^530:  126 134 158 190 206 214 222 230 238 262 278 310 326 350 366 382 406 414 422 446 454 478 486 494 502 526 566 
X^531:  131 163 171 187 195 219 227 235 251 259 267 291 307 323 355 363 379 387 427 451 467 475 483 507 515 523 531 563 571 579 587 
X^532:  128 160 168 200 216 248 264 272 280 288 296 304 320 328 376 384 392 416 432 440 480 496 520 528 552 568 584 
X^533:  125 157 173 181 189 205 221 245 253 261 285 293 301 309 325 349 357 373 397 421 445 453 461 469 485 493 501 509 525 565 
X^534:  122 154 162 194 210 250 258 274 290 306 314 330 346 354 370 378 386 402 418 426 434 442 466 474 546 570 578 586 
X^535:  215 255 271 327 351 367 407 439 447 455 479 487 535 567 575 
X^536:  132 172 180 188 196 204 212 220 228 252 260 276 284 300 308 316 348 364 372 388 452 476 484 508 540 548 572 580 
X^537:  129 201 209 217 233 257 265 273 297 321 353 361 369 385 393 401 409 417 433 449 465 473 497 505 513 561 569 
X^538:  118 126 134 150 166 174 190 198 214 246 254 262 310 318 342 350 390 398 406 414 422 478 486 502 526 550 558 
X^539:  75 131 171 179 195 211 227 243 259 267 315 323 331 355 363 379 411 427 443 459 467 475 483 499 507 523 539 547 
X^540:  168 176 184 192 216 232 248 256 264 280 288 296 312 328 344 352 408 416 464 472 480 520 536 544 560 576 584 
X^541:  117 149 165 181 221 245 253 277 293 301 309 341 357 373 381 389 405 413 421 437 501 525 541 557 565 573 581 
X^542:  74 114 122 130 146 162 194 234 242 258 290 298 314 322 330 338 346 362 370 378 394 426 450 482 490 498 546 554 562 578 
X^543:  127 191 231 247 295 303 319 327 343 407 415 423 431 439 471 479 495 511 519 543 551 559 575 
X^544:  116 148 188 204 212 252 260 268 276 284 324 348 380 388 404 420 436 444 500 508 540 548 556 564 580 
X^545:  73 121 129 169 193 201 241 249 321 329 345 361 369 393 417 441 449 489 529 545 561 569 577 585 
X^546:  70 110 142 150 158 166 174 206 214 230 238 254 262 278 286 302 310 326 334 342 358 398 414 438 446 478 494 502 510 518 526 534 542 574 
X^547:  115 123 139 147 171 179 187 219 243 251 259 267 275 315 331 339 347 379 387 403 411 427 435 443 467 491 515 539 555 563 571 587 
X^548:  72 112 120 144 168 176 192 216 256 264 304 312 328 392 400 424 432 448 464 472 488 504 520 536 544 560 568 
X^549:  109 125 133 141 157 173 189 197 237 245 253 261 277 285 301 317 333 341 349 365 373 381 397 413 421 429 437 445 453 461 509 525 557 573 
X^550:  66 74 106 114 154 162 178 186 202 210 226 234 250 258 298 306 322 354 370 402 418 426 434 442 474 498 514 538 554 562 570 
X^551:  167 199 223 239 287 295 319 335 359 383 399 431 447 479 511 519 543 551 583 
X^552:  68 124 132 148 156 164 196 212 220 236 268 276 284 300 308 316 332 372 380 396 420 436 444 484 532 572 
X^553:  65 145 161 169 177 201 217 241 249 265 281 297 305 321 345 353 361 369 377 385 401 409 417 425 473 529 553 
X^554:  62 70 102 118 126 142 166 182 198 206 214 222 230 238 246 270 286 294 302 350 358 366 374 382 390 398 430 438 454 478 486 502 542 550 566 
X^555:  59 123 131 147 155 163 179 187 259 339 347 363 395 411 419 427 435 443 451 475 491 507 515 547 555 563 
X^556:  120 128 152 192 200 256 280 296 304 312 344 360 368 376 392 408 432 464 480 496 512 520 544 560 568 576 
X^557:  101 117 133 149 173 197 229 245 261 269 277 285 293 301 317 325 365 373 389 405 413 429 437 453 461 469 493 517 525 541 549 557 581 
X^558:  74 98 114 154 194 202 226 234 250 258 290 298 322 338 354 386 394 410 434 442 466 490 498 506 514 522 538 578 586 
X^559:  143 183 199 231 263 287 303 311 335 343 359 367 375 399 415 423 455 463 471 479 487 511 519 543 559 567 575 
X^560:  60 100 132 156 180 196 228 244 276 292 300 308 316 324 372 396 412 420 428 436 444 460 476 484 508 524 540 548 556 572 
X^561:  121 137 145 169 185 193 225 249 257 297 305 313 321 345 353 369 377 393 401 409 425 449 457 473 489 513 529 537 545 561 569 577 
X^562:  70 94 102 110 118 126 134 142 158 182 190 198 222 230 246 262 278 294 310 342 366 374 390 398 406 414 422 430 438 454 462 478 486 494 502 510 518 526 542 550 566 574 582 
X^563:  59 67 99 123 131 139 155 171 203 227 251 275 307 323 355 363 371 395 411 451 475 531 547 555 563 
X^564:  56 96 120 152 160 176 184 200 224 232 240 248 264 280 296 304 312 320 328 336 344 360 376 384 400 408 416 432 448 464 488 496 528 544 584 
X^565:  93 109 125 149 221 229 237 245 253 261 277 285 309 333 341 365 373 389 397 405 413 437 469 477 485 509 533 541 
X^566:  58 90 106 114 154 170 178 226 242 250 258 266 274 282 290 306 314 322 330 346 386 402 410 426 434 442 450 458 466 474 482 490 506 530 554 562 578 586 
X^567:  71 119 175 191 223 255 263 303 351 375 383 391 399 407 447 455 503 519 535 559 583 
X^568:  52 100 108 116 124 132 156 164 180 188 196 244 268 284 292 300 308 316 332 340 348 364 372 380 388 412 444 476 500 508 516 524 532 548 556 572 580 
X^569:  57 65 73 97 113 121 137 161 177 201 241 257 265 273 305 321 385 393 417 441 449 473 489 505 537 545 561 569 
X^570:  54 70 86 94 118 150 158 190 238 246 262 270 278 286 334 350 358 366 406 414 422 446 454 462 486 494 518 534 550 582 
X^571:  43 51 59 99 107 115 131 147 171 203 227 235 243 267 283 291 323 339 347 363 379 387 419 427 451 475 531 547 587 
X^572:  48 64 72 104 120 136 152 160 184 192 200 232 256 264 272 280 296 304 320 328 336 344 352 376 384 400 408 416 456 464 536 552 560 568 576 
X^573:  85 101 125 165 197 213 221 253 269 293 301 309 317 325 333 341 349 365 373 381 397 413 421 429 445 469 493 509 517 541 549 581 
X^574:  42 82 90 106 138 162 178 186 194 210 234 242 250 258 266 282 306 314 322 330 362 378 386 394 418 450 458 474 490 506 514 522 546 562 
X^575:  95 135 183 199 215 263 271 287 295 311 319 343 351 359 375 439 479 511 535 543 559 575 583 
X^576:  12 60 68 84 108 116 148 156 164 172 188 196 212 228 236 244 252 260 276 308 340 356 364 372 388 404 412 436 460 468 476 484 492 516 524 540 556 572 580 
X^577:  41 57 89 97 153 177 209 233 249 257 281 289 297 305 345 369 377 393 401 425 449 457 505 513 529 545 561 577 
X^578:  38 70 78 94 110 118 134 150 158 174 190 206 214 230 254 262 286 294 326 334 342 350 358 382 414 422 430 438 470 494 518 526 534 542 558 566 582 
X^579:  11 51 67 83 91 107 123 171 211 219 227 243 259 275 283 347 355 363 371 387 395 403 411 419 427 435 443 451 507 523 531 587 
X^580:  8 40 64 80 88 104 120 144 168 176 184 192 200 208 232 240 248 256 288 304 320 336 344 352 376 384 416 424 432 440 472 480 488 496 520 536 544 568 576 584 
X^581:  69 77 101 157 173 189 197 205 213 221 229 253 261 277 309 317 341 349 357 365 381 389 397 405 421 437 445 453 469 485 493 509 517 525 541 557 573 
X^582:  10 34 42 50 58 66 74 82 90 106 114 130 138 146 154 178 210 218 226 266 274 290 298 314 330 338 346 410 426 458 466 474 482 490 506 514 562 570 578 586 
X^583:  55 71 127 167 175 191 199 207 231 247 255 279 287 303 319 351 367 383 407 415 423 447 479 487 503 511 551 567 575 
X^584:  4 36 60 116 124 140 148 156 164 172 180 188 196 212 220 244 252 268 276 284 292 300 308 316 340 348 356 372 396 404 412 420 436 476 492 508 532 540 564 580 
X^585:  9 33 57 121 145 153 161 169 185 201 217 257 265 273 289 313 321 329 337 353 369 393 441 465 473 489 497 513 521 545 585 
X^586:  6 30 38 46 102 110 118 126 134 150 158 174 206 214 254 262 270 278 286 294 326 334 374 390 398 406 438 454 462 470 494 502 518 526 534 558 566 582 
X^587:  3 11 27 99 155 163 179 187 243 251 259 267 283 291 307 331 339 379 403 411 419 443 451 483 491 515 531 547 571 579 587 
X^588:  0 
checksum: 2946402