331
X^0:  332 
X^1:  
X^2:  
X^3:  331 
X^4:  328 
X^5:  
X^6:  330 
X^7:  
X^8:  324 
X^9:  329 
X^10:  326 
X^11:  323 331 
X^12:  320 
X^13:  
X^14:  
X^15:  
X^16:  
X^17:  
X^18:  
X^19:  
X^20:  
X^21:  
X^22:  330 
X^23:  
X^24:  
X^25:  329 
X^26:  326 
X^27:  331 
X^28:  
X^29:  
X^30:  330 
X^31:  
X^32:  
X^33:  
X^34:  
X^35:  331 
X^36:  328 
X^37:  325 
X^38:  314 330 
X^39:  327 
X^40:  324 
X^41:  313 329 
X^42:  310 318 326 
X^43:  315 323 
X^44:  
X^45:  
X^46:  322 
X^47:  
X^48:  316 
X^49:  321 
X^50:  318 
X^51:  315 323 331 
X^52:  312 
X^53:  
X^54:  298 314 322 
X^55:  
X^56:  308 
X^57:  297 313 329 
X^58:  294 310 
X^59:  299 307 315 
X^60:  304 320 
X^61:  317 
X^62:  298 306 322 330 
X^63:  319 327 
X^64:  268 316 
X^65:  305 321 
X^66:  302 310 318 326 
X^67:  267 299 307 
X^68:  264 296 328 
X^69:  293 325 
X^70:  266 282 298 322 
X^71:  295 319 
X^72:  260 292 324 
X^73:  265 281 297 313 329 
X^74:  262 278 286 294 318 
X^75:  259 267 283 291 307 331 
X^76:  256 328 
X^77:  
X^78:  
X^79:  327 
X^80:  324 
X^81:  
X^82:  326 
X^83:  331 
X^84:  320 
X^85:  325 
X^86:  322 330 
X^87:  319 
X^88:  316 324 
X^89:  329 
X^90:  326 
X^91:  
X^92:  312 320 
X^93:  
X^94:  322 
X^95:  311 327 
X^96:  308 316 
X^97:  321 329 
X^98:  310 318 
X^99:  
X^100:  304 312 320 
X^101:  309 
X^102:  306 314 330 
X^103:  303 
X^104:  300 316 
X^105:  313 321 
X^106:  310 318 326 
X^107:  307 323 
X^108:  296 312 
X^109:  317 
X^110:  314 322 
X^111:  295 311 327 
X^112:  292 308 316 
X^113:  321 329 
X^114:  294 318 326 
X^115:  299 
X^116:  288 304 312 
X^117:  293 
X^118:  290 298 314 322 
X^119:  287 303 327 
X^120:  284 292 300 308 
X^121:  297 313 
X^122:  294 302 310 
X^123:  323 331 
X^124:  280 288 296 304 312 328 
X^125:  301 325 
X^126:  290 298 306 
X^127:  279 311 
X^128:  276 284 292 308 324 
X^129:  289 297 305 329 
X^130:  278 286 302 
X^131:  299 
X^132:  272 280 304 320 328 
X^133:  277 309 317 
X^134:  274 282 298 314 
X^135:  271 287 311 
X^136:  268 300 308 316 324 
X^137:  281 289 305 313 321 329 
X^138:  278 294 310 326 
X^139:  275 315 
X^140:  264 296 304 
X^141:  
X^142:  306 322 330 
X^143:  263 295 311 327 
X^144:  260 292 300 324 
X^145:  305 313 
X^146:  262 294 302 318 326 
X^147:  267 331 
X^148:  256 288 296 304 320 
X^149:  261 293 
X^150:  258 266 290 298 322 330 
X^151:  255 287 319 
X^152:  252 260 284 300 
X^153:  265 297 305 329 
X^154:  262 294 302 318 
X^155:  291 307 331 
X^156:  248 256 280 296 328 
X^157:  301 325 
X^158:  258 298 314 322 330 
X^159:  247 263 279 295 327 
X^160:  244 252 276 292 300 308 
X^161:  257 265 305 313 321 329 
X^162:  246 254 278 
X^163:  283 331 
X^164:  240 248 256 272 288 296 304 320 
X^165:  245 277 317 325 
X^166:  242 250 266 274 282 314 322 330 
X^167:  239 271 287 303 311 319 327 
X^168:  236 252 268 276 284 292 316 
X^169:  249 257 281 297 313 321 
X^170:  246 254 262 278 286 302 318 
X^171:  243 259 
X^172:  232 248 264 272 280 288 296 312 328 
X^173:  253 285 309 317 
X^174:  250 258 274 282 298 306 322 330 
X^175:  231 247 327 
X^176:  228 244 252 260 268 276 324 
X^177:  257 265 273 281 289 313 321 
X^178:  230 254 270 294 302 310 326 
X^179:  235 283 299 
X^180:  224 240 248 256 264 312 328 
X^181:  229 261 293 301 317 325 
X^182:  226 234 250 266 290 298 306 322 
X^183:  223 239 255 263 271 287 295 327 
X^184:  220 228 236 244 252 284 292 300 308 316 324 
X^185:  233 249 265 273 289 305 321 329 
X^186:  230 238 246 262 286 326 
X^187:  267 315 331 
X^188:  216 224 232 240 264 280 288 296 312 
X^189:  237 261 293 301 309 
X^190:  226 234 242 274 282 290 298 330 
X^191:  215 319 
X^192:  212 220 228 260 268 284 292 
X^193:  225 233 241 265 305 313 321 329 
X^194:  214 222 238 246 270 294 302 310 326 
X^195:  235 251 267 323 331 
X^196:  208 216 256 280 288 304 312 320 328 
X^197:  213 253 277 285 293 309 325 
X^198:  210 218 234 242 282 298 306 
X^199:  207 223 239 247 287 295 303 311 
X^200:  204 252 268 300 308 316 
X^201:  217 225 241 257 321 329 
X^202:  214 230 262 270 302 310 
X^203:  211 251 259 267 283 
X^204:  200 256 264 280 312 320 
X^205:  285 317 325 
X^206:  282 290 322 330 
X^207:  199 263 279 295 319 
X^208:  196 260 276 284 308 
X^209:  289 297 321 
X^210:  198 262 286 294 310 326 
X^211:  203 267 323 
X^212:  192 256 272 280 304 312 
X^213:  197 261 309 317 
X^214:  194 202 258 282 290 298 306 330 
X^215:  191 255 271 295 311 
X^216:  188 196 252 260 268 276 300 308 324 
X^217:  201 281 297 329 
X^218:  198 270 278 294 
X^219:  267 291 323 
X^220:  184 192 248 256 264 272 280 312 320 328 
X^221:  269 293 301 309 317 325 
X^222:  194 258 274 298 306 314 330 
X^223:  183 199 247 279 303 319 327 
X^224:  180 188 244 252 260 276 300 308 324 
X^225:  193 201 257 265 273 297 329 
X^226:  182 190 246 254 270 294 310 
X^227:  299 315 323 331 
X^228:  176 184 192 240 248 264 272 304 320 
X^229:  181 245 261 277 285 301 309 317 325 
X^230:  178 186 202 242 290 306 314 330 
X^231:  175 239 255 263 279 311 319 
X^232:  172 188 236 260 268 276 300 316 
X^233:  185 193 257 265 273 289 297 313 321 
X^234:  182 190 198 254 286 294 310 
X^235:  179 195 243 251 259 291 307 323 331 
X^236:  168 184 232 264 272 280 288 296 304 320 328 
X^237:  189 285 293 301 317 
X^238:  186 194 258 274 290 298 
X^239:  167 183 199 231 263 279 287 295 303 311 327 
X^240:  164 180 188 228 252 260 268 276 300 316 324 
X^241:  193 201 257 273 281 313 
X^242:  166 190 198 230 254 262 270 278 310 
X^243:  171 235 251 259 267 
X^244:  160 176 184 224 248 256 264 280 304 320 328 
X^245:  165 229 261 277 285 293 325 
X^246:  162 170 186 194 226 250 274 298 322 330 
X^247:  159 175 199 223 255 279 287 295 303 327 
X^248:  156 164 172 180 220 228 244 252 276 284 300 308 
X^249:  169 185 249 265 273 297 305 321 
X^250:  166 174 182 246 270 302 318 
X^251:  195 203 235 243 251 259 267 275 291 307 315 
X^252:  152 160 168 176 184 200 216 224 240 248 256 296 
X^253:  173 197 253 277 285 309 325 
X^254:  162 170 178 226 234 242 258 266 282 290 298 306 322 330 
X^255:  151 183 215 231 247 255 271 287 303 319 
X^256:  76 148 156 164 180 196 204 212 220 244 252 276 284 300 308 324 
X^257:  161 169 177 201 225 233 241 257 281 289 305 313 
X^258:  150 158 174 214 222 238 254 270 294 318 
X^259:  75 171 203 235 243 251 267 275 283 291 307 331 
X^260:  72 144 152 176 192 208 216 224 232 240 264 272 280 288 296 304 
X^261:  149 181 189 213 229 245 261 269 293 301 309 325 
X^262:  74 146 154 170 186 202 210 242 274 298 322 
X^263:  143 159 183 207 231 239 271 279 303 311 319 327 
X^264:  68 140 172 180 188 204 220 228 236 244 260 284 292 300 316 
X^265:  73 153 161 177 185 193 225 233 249 281 321 329 
X^266:  70 150 166 182 254 294 326 
X^267:  67 75 147 187 195 203 211 219 243 251 259 267 283 291 299 307 323 
X^268:  64 136 168 176 192 200 216 232 240 304 
X^269:  221 261 277 293 301 
X^270:  178 194 202 218 226 242 250 258 274 282 314 322 330 
X^271:  135 167 183 215 255 263 287 295 303 327 
X^272:  132 164 172 212 220 228 236 260 276 284 316 
X^273:  177 185 225 233 241 249 281 289 313 321 329 
X^274:  134 166 174 190 222 238 246 262 270 310 318 326 
X^275:  139 251 259 283 299 307 315 323 331 
X^276:  128 160 168 176 208 216 224 232 240 248 256 272 288 296 
X^277:  133 165 197 229 245 253 269 325 
X^278:  74 130 138 162 170 218 242 306 314 330 
X^279:  127 159 207 223 231 239 247 263 319 327 
X^280:  124 132 156 172 188 196 204 212 220 236 244 260 292 316 324 
X^281:  73 137 169 177 217 241 257 265 273 289 297 305 313 321 
X^282:  70 134 166 174 190 198 206 214 254 270 294 318 
X^283:  75 163 179 203 259 267 275 283 291 299 307 315 
X^284:  120 128 152 168 184 192 208 248 256 264 272 288 296 312 320 
X^285:  173 197 205 229 237 245 253 285 293 301 309 325 
X^286:  74 130 170 186 210 234 322 330 
X^287:  119 135 151 167 183 199 239 247 255 271 311 319 327 
X^288:  116 124 148 164 172 188 196 236 260 276 284 292 300 316 324 
X^289:  129 137 177 185 209 233 257 273 281 289 297 329 
X^290:  118 126 150 182 190 206 214 230 238 254 294 310 318 
X^291:  75 155 219 235 251 259 267 283 291 299 307 315 331 
X^292:  72 112 120 128 144 160 168 184 192 264 280 288 296 328 
X^293:  69 117 149 181 189 197 221 237 245 261 269 285 293 301 317 
X^294:  58 74 114 122 138 146 154 178 194 210 218 226 234 258 266 282 290 298 314 
X^295:  71 111 143 159 183 199 207 215 239 247 271 319 
X^296:  68 108 124 140 148 156 164 172 188 236 252 260 276 284 292 300 308 324 
X^297:  57 73 121 129 153 169 209 217 225 233 249 281 289 297 321 329 
X^298:  54 62 70 118 126 134 150 158 174 182 190 198 214 222 238 246 254 262 294 302 310 318 
X^299:  59 67 115 131 179 227 267 275 283 291 299 315 323 
X^300:  104 120 136 144 152 160 184 200 216 224 232 240 248 256 264 288 296 320 
X^301:  125 157 181 189 221 229 237 261 269 285 293 301 309 
X^302:  66 122 130 146 154 170 178 194 202 250 298 314 330 
X^303:  103 119 167 199 223 239 247 255 263 271 303 311 319 327 
X^304:  60 100 116 124 132 140 148 164 196 212 228 236 244 260 268 308 316 324 
X^305:  65 129 137 145 153 161 185 193 249 257 281 305 321 
X^306:  62 102 126 142 174 182 198 214 222 230 254 278 310 326 
X^307:  59 67 75 107 155 235 251 259 267 275 283 291 315 323 
X^308:  56 96 112 120 128 136 160 184 200 208 216 224 248 256 296 304 312 320 
X^309:  101 133 173 189 197 213 221 229 253 261 285 301 325 
X^310:  42 58 66 98 106 122 138 178 194 202 210 226 234 242 274 290 298 306 
X^311:  95 111 127 135 143 167 199 215 231 239 263 287 303 
X^312:  52 92 100 108 116 124 172 180 188 196 204 212 220 284 308 
X^313:  41 57 73 105 121 137 145 161 169 177 193 233 241 257 273 281 321 329 
X^314:  38 54 102 110 118 134 158 166 222 230 270 278 294 302 326 
X^315:  43 51 59 139 187 227 251 275 283 291 299 307 331 
X^316:  48 64 88 96 104 112 136 168 184 200 232 240 264 272 280 288 304 
X^317:  61 109 133 165 173 181 205 213 221 229 237 293 
X^318:  42 50 66 74 98 106 114 146 154 170 250 258 274 282 290 298 322 
X^319:  63 71 87 151 167 191 207 223 231 255 263 279 287 295 303 319 327 
X^320:  12 60 84 92 100 132 148 164 196 204 220 228 236 244 284 300 308 
X^321:  49 65 97 105 113 137 161 169 177 185 193 201 209 233 249 265 273 281 297 305 313 329 
X^322:  46 54 62 70 86 94 110 118 142 150 158 166 174 182 206 246 254 262 270 286 318 326 
X^323:  11 43 51 107 123 195 211 219 227 235 267 275 299 307 331 
X^324:  8 40 72 80 88 128 136 144 176 184 216 224 240 256 280 288 296 304 
X^325:  37 69 85 125 157 165 181 197 205 221 229 245 253 261 277 285 309 
X^326:  10 26 42 66 82 90 106 114 138 146 178 186 194 210 266 274 306 314 322 330 
X^327:  39 63 79 95 111 119 143 159 167 175 183 223 239 247 263 271 279 287 303 319 
X^328:  4 36 68 76 124 132 156 172 180 196 220 236 244 292 
X^329:  9 25 41 57 73 89 97 113 129 137 153 161 185 193 201 217 225 265 273 289 297 313 321 329 
X^330:  6 22 30 38 62 86 102 142 150 158 166 174 190 206 214 222 230 246 254 270 278 286 302 326 
X^331:  3 11 27 35 51 75 83 123 147 155 163 187 195 227 235 259 275 291 315 323 331 
X^332:  0 
checksum: 498571