769
X^0:  770 
X^1:  
X^2:  768 
X^3:  
X^4:  
X^5:  
X^6:  
X^7:  
X^8:  
X^9:  769 
X^10:  768 
X^11:  
X^12:  766 
X^13:  
X^14:  764 
X^15:  
X^16:  762 
X^17:  761 769 
X^18:  
X^19:  
X^20:  
X^21:  
X^22:  
X^23:  
X^24:  
X^25:  753 769 
X^26:  752 
X^27:  
X^28:  750 
X^29:  
X^30:  748 
X^31:  
X^32:  746 
X^33:  745 753 761 
X^34:  768 
X^35:  767 
X^36:  
X^37:  
X^38:  
X^39:  763 
X^40:  
X^41:  737 769 
X^42:  736 
X^43:  759 767 
X^44:  734 
X^45:  
X^46:  732 764 
X^47:  755 763 
X^48:  730 754 762 
X^49:  729 737 769 
X^50:  752 
X^51:  751 
X^52:  766 
X^53:  
X^54:  
X^55:  747 763 
X^56:  762 
X^57:  721 737 761 769 
X^58:  720 752 760 
X^59:  743 751 759 767 
X^60:  718 750 
X^61:  765 
X^62:  716 756 
X^63:  739 747 763 
X^64:  714 738 
X^65:  713 721 729 745 753 761 
X^66:  
X^67:  
X^68:  
X^69:  765 
X^70:  
X^71:  
X^72:  762 
X^73:  705 769 
X^74:  704 760 768 
X^75:  
X^76:  702 766 
X^77:  757 
X^78:  700 764 
X^79:  
X^80:  698 754 762 
X^81:  697 705 769 
X^82:  752 760 768 
X^83:  
X^84:  758 766 
X^85:  749 
X^86:  756 764 
X^87:  
X^88:  746 754 762 
X^89:  689 705 753 761 769 
X^90:  688 744 760 
X^91:  
X^92:  686 758 766 
X^93:  741 
X^94:  684 756 764 
X^95:  
X^96:  682 754 
X^97:  681 689 697 
X^98:  704 768 
X^99:  703 
X^100:  766 
X^101:  733 765 
X^102:  
X^103:  699 
X^104:  730 
X^105:  673 705 
X^106:  672 728 760 
X^107:  695 703 759 
X^108:  670 
X^109:  725 757 765 
X^110:  668 700 756 764 
X^111:  691 699 755 
X^112:  666 690 698 722 754 
X^113:  665 673 705 729 761 769 
X^114:  688 720 728 736 
X^115:  687 759 
X^116:  702 726 734 750 758 
X^117:  717 749 765 
X^118:  724 732 
X^119:  683 699 755 763 
X^120:  698 714 722 730 746 754 762 
X^121:  657 673 697 705 729 753 
X^122:  656 688 696 712 720 728 768 
X^123:  679 687 695 703 743 751 759 
X^124:  654 686 718 726 734 750 766 
X^125:  701 709 741 749 757 
X^126:  652 692 716 724 732 740 748 756 764 
X^127:  675 683 699 739 747 755 763 
X^128:  650 674 714 722 746 762 
X^129:  649 657 665 681 689 697 713 721 729 745 753 
X^130:  736 744 768 
X^131:  735 751 
X^132:  742 758 766 
X^133:  757 765 
X^134:  740 756 764 
X^135:  731 747 
X^136:  738 762 
X^137:  641 737 745 753 761 769 
X^138:  640 736 760 
X^139:  727 735 743 767 
X^140:  638 734 758 
X^141:  749 757 
X^142:  636 764 
X^143:  723 731 739 
X^144:  634 722 762 
X^145:  633 641 745 761 769 
X^146:  720 728 760 768 
X^147:  719 735 759 767 
X^148:  726 734 742 
X^149:  741 757 765 
X^150:  724 740 748 756 
X^151:  715 755 
X^152:  722 730 746 754 762 
X^153:  625 641 745 769 
X^154:  624 728 744 768 
X^155:  711 719 735 759 
X^156:  622 742 750 766 
X^157:  757 
X^158:  620 716 724 740 756 764 
X^159:  707 715 723 731 747 755 763 
X^160:  618 706 714 738 746 
X^161:  617 625 633 713 753 761 
X^162:  640 704 712 736 752 760 
X^163:  639 703 719 759 767 
X^164:  710 726 734 742 750 758 766 
X^165:  725 757 
X^166:  708 724 732 740 756 764 
X^167:  635 699 715 747 763 
X^168:  706 730 746 762 
X^169:  609 641 705 713 721 729 761 
X^170:  608 704 728 736 744 760 768 
X^171:  631 639 695 703 711 735 743 759 
X^172:  606 702 726 758 
X^173:  717 
X^174:  604 636 732 740 764 
X^175:  627 635 691 699 707 755 
X^176:  602 626 634 690 738 754 
X^177:  601 609 641 713 737 
X^178:  624 688 696 728 752 760 768 
X^179:  623 687 703 727 735 751 767 
X^180:  638 694 702 710 726 734 742 758 766 
X^181:  709 717 725 733 741 765 
X^182:  692 708 716 740 748 756 
X^183:  619 635 683 723 731 739 747 
X^184:  634 690 698 714 722 738 746 754 762 
X^185:  593 609 633 641 713 721 737 745 
X^186:  592 624 632 696 712 720 728 744 768 
X^187:  615 623 631 639 679 687 703 735 743 759 
X^188:  590 622 710 718 734 742 750 766 
X^189:  637 709 725 765 
X^190:  588 628 684 692 708 732 740 756 
X^191:  611 619 635 675 683 691 699 715 723 739 
X^192:  586 610 674 682 706 722 730 746 
X^193:  585 593 601 617 625 633 681 713 721 729 
X^194:  672 680 704 752 760 
X^195:  671 687 751 759 767 
X^196:  678 694 702 
X^197:  637 693 701 749 
X^198:  676 692 700 764 
X^199:  667 683 747 755 
X^200:  634 674 698 746 754 
X^201:  577 641 673 681 689 697 705 
X^202:  576 632 640 672 696 744 752 768 
X^203:  663 671 679 703 743 759 767 
X^204:  574 638 670 694 750 758 766 
X^205:  629 685 693 741 765 
X^206:  572 636 700 748 764 
X^207:  659 667 675 739 763 
X^208:  570 626 634 658 698 738 746 
X^209:  569 577 641 681 697 705 769 
X^210:  624 632 640 656 664 696 704 736 744 
X^211:  655 671 695 703 735 743 
X^212:  630 638 662 670 678 758 766 
X^213:  621 677 693 701 733 757 
X^214:  628 636 660 676 684 692 748 756 
X^215:  651 691 731 739 747 763 
X^216:  618 626 634 658 666 682 690 698 730 738 
X^217:  561 577 625 633 641 681 705 761 
X^218:  560 616 632 664 680 704 728 736 760 
X^219:  647 655 671 695 727 751 759 
X^220:  558 630 638 678 686 702 734 742 750 758 766 
X^221:  613 693 725 749 765 
X^222:  556 628 636 652 660 676 692 700 732 748 756 
X^223:  643 651 659 667 683 691 699 723 739 747 755 763 
X^224:  554 626 642 650 674 682 722 730 746 
X^225:  553 561 569 649 689 697 753 761 769 
X^226:  576 648 672 688 696 720 728 760 768 
X^227:  575 639 655 695 703 719 727 735 751 767 
X^228:  638 646 662 670 678 686 694 702 766 
X^229:  605 637 661 693 717 757 
X^230:  644 660 668 676 692 700 732 748 764 
X^231:  571 635 651 683 699 715 723 755 
X^232:  602 642 666 682 698 714 722 746 754 762 
X^233:  545 577 641 649 657 665 697 769 
X^234:  544 600 632 640 664 672 680 696 704 712 720 736 744 760 
X^235:  567 575 639 647 671 679 695 711 727 735 759 
X^236:  542 638 662 694 718 726 734 742 750 
X^237:  597 629 637 653 709 733 757 
X^238:  540 572 628 636 668 676 700 716 732 748 
X^239:  563 571 635 643 691 707 731 739 
X^240:  538 562 570 594 674 690 706 714 754 
X^241:  537 545 577 601 633 641 649 673 737 753 769 
X^242:  560 592 600 608 624 632 664 688 696 712 744 760 
X^243:  559 623 631 639 663 671 687 711 735 743 751 767 
X^244:  574 598 606 622 638 646 662 670 678 694 702 726 734 750 758 
X^245:  589 621 637 645 653 661 669 677 725 741 749 
X^246:  596 604 628 644 652 676 684 692 716 724 732 748 
X^247:  555 571 619 627 635 659 667 675 683 699 707 715 731 755 763 
X^248:  570 586 594 602 618 650 658 674 682 690 706 730 738 754 
X^249:  529 545 569 577 601 625 649 657 673 681 729 737 753 761 
X^250:  528 560 568 584 592 600 632 640 648 656 664 680 696 752 768 
X^251:  551 559 567 575 631 639 671 679 719 727 735 743 751 767 
X^252:  526 558 590 598 606 622 638 646 654 670 678 686 710 718 758 766 
X^253:  573 581 613 621 629 645 661 693 701 717 733 749 
X^254:  524 564 588 596 604 612 636 644 668 676 692 700 716 724 732 
X^255:  547 555 571 651 659 675 691 707 715 747 755 763 
X^256:  514 522 546 586 594 610 634 642 658 666 682 690 698 714 746 754 
X^257:  521 529 537 553 561 569 585 593 601 625 649 657 665 721 737 753 761 
X^258:  512 736 752 760 768 
X^259:  735 743 751 767 
X^260:  734 742 758 766 
X^261:  757 765 
X^262:  732 740 
X^263:  731 739 747 
X^264:  730 746 762 
X^265:  737 761 
X^266:  728 736 744 752 760 768 
X^267:  727 735 743 767 
X^268:  726 750 758 
X^269:  733 
X^270:  724 748 756 
X^271:  723 731 739 747 
X^272:  722 730 738 746 754 762 
X^273:  729 745 761 
X^274:  720 736 768 
X^275:  719 727 743 759 
X^276:  718 726 750 758 766 
X^277:  741 765 
X^278:  716 724 732 740 756 764 
X^279:  715 723 731 739 747 
X^280:  714 738 746 754 762 
X^281:  721 761 
X^282:  712 720 736 752 760 
X^283:  711 719 727 735 759 
X^284:  710 726 734 758 766 
X^285:  717 741 757 765 
X^286:  708 732 756 764 
X^287:  707 715 731 755 763 
X^288:  706 714 722 730 762 
X^289:  713 745 761 769 
X^290:  704 720 728 744 760 
X^291:  703 711 719 727 751 759 767 
X^292:  702 710 726 742 750 758 766 
X^293:  725 733 741 757 
X^294:  700 708 740 748 
X^295:  699 707 715 723 763 
X^296:  698 714 738 746 
X^297:  705 721 761 769 
X^298:  696 704 712 720 728 736 
X^299:  695 703 711 719 727 751 767 
X^300:  694 718 734 750 
X^301:  701 765 
X^302:  692 716 724 732 740 756 764 
X^303:  691 699 707 
X^304:  690 698 706 714 746 754 762 
X^305:  697 729 737 
X^306:  688 704 720 728 
X^307:  687 695 751 
X^308:  686 694 718 726 734 750 758 
X^309:  709 733 
X^310:  684 692 700 708 716 724 740 748 756 764 
X^311:  683 691 699 723 731 763 
X^312:  682 706 714 738 754 762 
X^313:  689 705 713 729 737 753 761 769 
X^314:  680 688 704 712 744 768 
X^315:  679 687 695 735 743 759 
X^316:  678 694 702 718 742 750 
X^317:  685 709 725 733 741 749 765 
X^318:  676 700 708 716 724 740 748 
X^319:  675 683 707 715 723 755 763 
X^320:  674 682 690 698 722 730 746 754 762 
X^321:  681 697 713 721 753 
X^322:  672 688 696 744 760 768 
X^323:  671 679 687 703 719 727 735 743 751 
X^324:  670 678 694 702 734 742 750 766 
X^325:  693 701 725 733 741 749 757 765 
X^326:  668 676 716 748 756 764 
X^327:  667 675 683 747 755 
X^328:  666 682 698 714 738 746 754 762 
X^329:  673 697 729 737 745 761 769 
X^330:  664 672 680 688 696 704 712 720 728 744 760 768 
X^331:  663 671 679 703 719 735 743 759 767 
X^332:  662 686 694 710 718 734 750 766 
X^333:  669 733 741 757 
X^334:  660 684 692 716 724 732 748 756 764 
X^335:  659 667 675 683 707 715 723 739 763 
X^336:  658 666 674 682 690 698 714 722 730 754 
X^337:  665 681 697 769 
X^338:  656 672 704 720 728 736 752 760 
X^339:  655 663 679 695 703 719 727 743 751 759 767 
X^340:  654 662 686 694 702 718 726 750 758 766 
X^341:  677 701 709 757 
X^342:  652 660 668 676 692 724 732 756 
X^343:  651 659 667 675 683 707 723 731 739 747 763 
X^344:  650 674 682 690 714 722 730 738 746 754 
X^345:  657 697 705 713 729 753 769 
X^346:  648 656 672 688 704 720 728 752 760 
X^347:  647 655 663 671 695 727 735 759 
X^348:  646 662 670 718 726 758 
X^349:  653 677 693 701 709 717 733 741 749 765 
X^350:  644 668 692 708 716 
X^351:  643 651 667 699 707 715 739 747 
X^352:  642 650 658 666 722 738 762 
X^353:  649 681 713 729 737 745 761 
X^354:  640 656 664 680 696 704 712 728 736 744 768 
X^355:  639 647 655 663 703 719 743 
X^356:  638 646 662 678 686 694 702 734 742 750 758 766 
X^357:  661 669 677 701 709 717 757 
X^358:  636 644 676 700 708 740 764 
X^359:  635 643 651 659 707 715 739 755 763 
X^360:  634 650 674 698 706 714 738 762 
X^361:  641 657 705 713 721 729 737 745 769 
X^362:  632 640 648 656 664 672 680 688 704 712 736 744 760 
X^363:  631 639 647 655 663 695 703 711 719 751 767 
X^364:  630 654 670 678 694 702 710 718 726 742 
X^365:  637 701 709 725 757 765 
X^366:  628 652 660 668 676 684 692 708 716 724 748 
X^367:  627 635 643 675 683 699 707 715 723 739 763 
X^368:  626 634 642 650 690 698 722 730 
X^369:  633 665 673 697 713 737 761 
X^370:  624 640 656 664 696 704 712 720 736 744 752 
X^371:  623 631 671 687 703 727 735 743 751 759 
X^372:  622 630 654 662 670 686 694 702 710 718 726 766 
X^373:  645 669 677 709 741 757 
X^374:  620 628 636 644 652 660 668 676 692 716 724 740 764 
X^375:  619 627 635 659 667 675 683 707 731 747 755 763 
X^376:  618 642 650 666 674 698 706 738 762 
X^377:  625 641 649 665 681 729 737 753 769 
X^378:  616 624 640 648 664 672 704 712 720 744 752 760 
X^379:  615 623 631 671 687 703 719 727 735 743 767 
X^380:  614 630 638 654 662 670 694 710 734 750 758 
X^381:  621 645 661 669 685 717 765 
X^382:  612 636 644 652 660 668 676 692 724 740 764 
X^383:  611 619 643 651 707 723 731 747 763 
X^384:  610 618 626 634 642 658 674 698 706 714 722 738 746 762 
X^385:  617 633 649 657 665 673 689 697 721 729 737 753 
X^386:  608 624 632 640 728 736 744 752 760 
X^387:  607 615 623 639 695 703 727 735 759 767 
X^388:  606 614 630 638 702 718 734 758 766 
X^389:  629 637 725 749 757 765 
X^390:  604 612 740 748 756 764 
X^391:  603 611 619 691 747 755 763 
X^392:  602 618 634 698 722 730 738 754 
X^393:  609 633 641 689 697 737 753 
X^394:  600 608 616 624 632 704 720 728 736 768 
X^395:  599 607 615 639 687 695 703 727 751 759 767 
X^396:  598 622 630 638 694 734 
X^397:  605 701 733 741 749 
X^398:  596 620 628 636 708 732 748 756 764 
X^399:  595 603 611 619 683 731 739 755 763 
X^400:  594 602 610 618 626 690 714 730 754 
X^401:  601 617 641 681 705 721 753 761 
X^402:  592 608 640 688 712 728 744 752 760 
X^403:  591 599 615 631 679 695 727 759 767 
X^404:  590 598 622 630 638 694 702 718 726 734 742 758 766 
X^405:  613 637 693 709 749 765 
X^406:  588 596 604 612 628 636 684 692 700 716 724 740 748 
X^407:  587 595 603 611 619 675 683 691 707 715 731 755 
X^408:  586 610 618 626 634 698 706 730 738 754 762 
X^409:  593 625 633 641 673 681 705 721 729 745 761 769 
X^410:  584 592 608 632 680 744 752 760 768 
X^411:  583 591 599 607 631 671 703 719 735 743 751 759 
X^412:  582 598 606 622 630 638 702 710 718 726 750 
X^413:  589 613 629 637 685 701 741 749 757 
X^414:  580 604 620 628 636 676 692 732 748 
X^415:  579 587 603 627 635 667 675 683 691 699 707 723 731 747 755 763 
X^416:  578 586 594 602 618 634 682 698 706 714 722 730 738 762 
X^417:  585 625 641 665 689 705 713 737 745 
X^418:  576 592 600 616 632 640 696 704 720 736 
X^419:  575 583 591 599 623 631 663 671 687 711 719 727 735 759 767 
X^420:  574 582 598 614 622 630 638 670 686 710 726 734 742 750 758 
X^421:  597 605 613 629 701 717 733 741 757 765 
X^422:  572 580 612 620 684 732 740 748 
X^423:  571 579 587 595 659 707 723 755 763 
X^424:  570 586 610 618 666 682 690 698 714 722 738 754 762 
X^425:  577 593 609 633 657 665 705 713 737 769 
X^426:  568 576 584 592 600 672 680 696 704 712 720 736 760 
X^427:  567 575 583 591 599 623 631 655 663 671 687 711 719 743 
X^428:  566 590 622 662 678 686 694 702 710 734 742 750 
X^429:  573 637 669 701 709 733 749 
X^430:  564 588 596 612 628 676 684 716 724 740 748 
X^431:  563 571 579 627 635 651 675 683 699 715 723 731 747 763 
X^432:  562 570 578 586 602 618 658 714 722 746 754 762 
X^433:  569 641 649 673 721 729 761 769 
X^434:  560 576 592 600 624 656 680 688 696 704 712 728 736 744 752 768 
X^435:  559 567 647 663 671 687 703 711 743 
X^436:  558 566 590 598 606 622 630 638 662 670 694 742 750 758 
X^437:  581 605 661 701 709 733 757 765 
X^438:  556 564 572 580 588 596 612 620 628 636 652 660 684 700 708 740 756 764 
X^439:  555 563 571 595 603 619 643 651 659 683 699 707 723 731 739 747 
X^440:  554 578 586 610 626 674 682 746 
X^441:  561 577 585 593 601 625 641 649 745 753 
X^442:  552 560 576 584 592 616 624 632 640 648 664 672 680 696 704 736 752 760 
X^443:  551 559 567 607 623 671 679 695 703 719 735 751 767 
X^444:  550 566 574 614 662 694 702 726 734 742 750 758 
X^445:  557 581 597 605 613 621 653 669 677 685 693 725 733 757 
X^446:  548 572 580 596 612 620 628 644 660 668 692 700 708 740 748 756 
X^447:  547 555 579 587 595 611 619 627 635 643 651 667 675 683 707 715 731 739 763 
X^448:  546 554 562 570 586 594 602 610 618 626 634 650 690 698 722 738 746 754 762 
X^449:  553 569 601 617 657 665 673 737 745 761 
X^450:  544 560 568 616 632 640 664 680 704 720 760 768 
X^451:  543 551 559 575 591 599 607 615 623 631 639 663 679 687 695 703 735 743 751 
X^452:  542 550 566 574 606 614 622 654 678 734 750 758 
X^453:  565 573 597 605 613 621 629 661 685 701 709 733 749 757 
X^454:  540 548 588 620 628 636 668 684 692 700 732 756 764 
X^455:  539 547 555 619 667 675 691 723 731 739 747 755 
X^456:  538 554 570 586 610 618 626 634 658 674 682 690 698 714 738 746 762 
X^457:  545 569 577 601 609 617 625 689 697 705 721 761 769 
X^458:  536 544 552 560 568 584 592 600 616 640 656 680 688 696 736 768 
X^459:  535 543 551 575 591 607 615 623 671 679 687 735 743 759 
X^460:  534 558 566 574 582 590 606 622 630 662 670 686 694 710 734 750 
X^461:  541 605 613 637 677 685 693 725 733 757 765 
X^462:  532 556 564 572 588 596 604 620 628 644 660 668 700 716 748 756 764 
X^463:  531 539 547 555 579 587 595 611 619 635 659 683 699 707 715 731 747 
X^464:  530 538 546 554 562 586 594 602 626 634 650 658 674 682 698 706 714 738 746 754 
X^465:  537 553 577 617 641 657 665 681 689 697 705 713 721 729 761 
X^466:  528 544 576 592 600 608 624 640 648 656 664 672 680 688 696 736 744 760 768 
X^467:  527 535 551 567 575 591 599 623 639 655 679 687 711 727 751 759 
X^468:  526 534 558 566 574 590 598 622 630 638 670 678 686 718 726 742 750 766 
X^469:  549 573 581 621 645 677 693 709 717 725 733 741 757 
X^470:  524 532 540 548 564 596 604 620 628 668 684 692 732 756 764 
X^471:  523 531 539 547 555 579 595 603 627 635 643 659 675 691 707 715 755 
X^472:  522 546 554 562 586 594 602 610 642 650 666 682 714 722 754 
X^473:  529 561 569 585 601 609 617 633 641 665 681 689 713 721 737 769 
X^474:  520 528 544 576 592 600 624 648 656 672 680 696 752 
X^475:  519 527 535 543 567 599 631 639 647 663 687 703 727 759 
X^476:  518 534 542 558 590 598 654 670 686 694 710 726 742 758 
X^477:  525 549 565 573 581 589 605 653 677 685 701 741 
X^478:  516 540 556 564 580 588 612 636 644 684 692 700 724 732 
X^479:  515 523 539 571 579 587 603 627 635 651 659 675 683 707 715 731 747 763 
X^480:  514 522 530 538 554 594 610 618 626 690 706 714 722 730 746 
X^481:  521 561 569 585 609 617 625 633 641 673 681 689 721 745 761 769 
X^482:  512 528 536 552 568 584 600 608 616 632 664 680 688 696 704 728 736 760 
X^483:  511 519 527 535 591 599 607 615 623 639 687 695 703 711 719 727 743 751 759 
X^484:  510 518 534 550 558 566 574 614 630 638 670 726 734 766 
X^485:  533 541 549 573 581 589 605 629 653 661 669 677 701 709 725 733 741 765 
X^486:  508 516 548 572 580 612 620 644 668 700 708 716 732 740 756 764 
X^487:  507 515 523 531 571 579 587 595 611 627 651 667 691 699 715 723 739 747 755 
X^488:  506 522 546 570 578 586 610 618 626 634 658 690 706 714 722 730 738 746 
X^489:  513 529 545 585 609 617 641 649 657 673 697 713 753 769 
X^490:  504 512 520 528 536 552 560 576 584 600 664 672 704 736 744 752 760 768 
X^491:  503 511 519 527 535 583 599 607 679 703 711 735 751 767 
X^492:  502 526 550 566 574 582 590 622 638 646 654 670 718 742 750 
X^493:  509 573 581 605 645 661 669 685 709 725 741 757 765 
X^494:  500 524 532 548 556 564 572 580 588 596 612 636 692 716 724 740 748 756 
X^495:  499 507 515 547 555 563 579 595 619 635 643 651 667 675 683 699 731 739 755 
X^496:  498 506 514 522 538 594 602 634 642 658 666 674 682 690 706 714 722 730 754 762 
X^497:  505 569 577 601 633 641 657 673 705 713 721 729 745 761 
X^498:  496 512 528 536 560 568 576 584 592 600 624 632 648 656 680 688 712 736 
X^499:  495 503 543 575 583 615 623 631 639 647 655 671 679 711 719 735 751 759 
X^500:  494 502 526 534 542 558 566 582 590 598 630 638 654 662 670 678 710 726 750 758 
X^501:  517 541 549 581 589 597 613 621 629 653 661 677 693 701 717 725 733 741 757 
X^502:  492 500 508 516 524 532 540 548 564 596 604 612 628 636 652 660 668 700 756 764 
X^503:  491 499 507 531 539 547 571 587 595 603 619 627 643 651 675 683 699 707 715 723 731 747 763 
X^504:  490 514 522 538 546 578 586 594 602 618 626 642 650 674 698 714 746 762 
X^505:  497 513 521 529 537 545 553 569 585 609 625 649 665 705 713 737 753 761 769 
X^506:  488 496 512 520 528 536 544 560 568 576 584 608 616 640 648 656 664 680 696 704 712 720 728 752 768 
X^507:  487 495 503 543 551 567 575 591 599 631 647 655 687 711 719 751 759 767 
X^508:  486 502 510 534 542 558 566 582 590 614 630 638 662 686 694 710 718 726 750 758 
X^509:  493 517 533 541 557 573 581 605 621 637 701 717 725 733 749 757 
X^510:  484 508 516 532 540 548 580 588 596 612 620 660 676 684 692 700 724 764 
X^511:  483 491 515 523 547 555 587 595 611 627 643 659 675 683 691 699 707 731 747 
X^512:  258 482 490 498 506 514 522 530 570 578 586 618 642 650 658 666 690 698 706 714 730 746 
X^513:  489 505 545 553 569 585 593 601 633 649 657 665 673 697 705 713 721 737 
X^514:  256 480 496 504 512 608 616 640 672 680 728 752 760 768 
X^515:  479 487 495 511 607 623 655 663 679 695 703 727 735 743 759 767 
X^516:  478 486 502 510 614 630 638 670 678 686 694 702 710 718 726 742 766 
X^517:  501 509 629 637 661 669 677 685 693 709 717 725 741 765 
X^518:  476 484 612 628 636 652 700 708 724 732 740 756 
X^519:  475 483 491 603 619 667 683 699 715 723 747 
X^520:  474 490 506 610 634 650 674 698 714 730 738 746 762 
X^521:  257 481 505 609 617 625 633 641 665 681 697 705 713 721 737 745 761 
X^522:  256 472 480 488 496 504 512 608 632 648 656 664 696 704 712 744 768 
X^523:  471 479 487 511 599 607 615 639 655 663 679 687 711 719 735 759 
X^524:  254 470 494 502 606 630 646 654 670 678 686 718 726 734 766 
X^525:  477 621 629 669 677 709 717 725 733 741 749 
X^526:  252 468 492 500 636 652 660 684 692 716 724 748 756 
X^527:  467 475 483 491 595 603 611 643 651 667 691 723 755 
X^528:  250 466 474 482 490 498 506 594 634 650 714 722 730 746 
X^529:  249 257 473 489 505 617 633 641 673 681 689 729 745 
X^530:  464 480 512 592 600 632 640 664 672 680 696 704 712 720 736 752 760 768 
X^531:  463 471 487 503 591 607 631 663 671 679 687 695 743 759 767 
X^532:  462 470 494 502 510 598 606 614 654 662 670 678 710 734 750 766 
X^533:  485 509 613 629 637 645 685 701 717 725 733 741 765 
X^534:  460 468 476 484 500 508 596 612 620 628 636 660 676 700 708 716 748 756 
X^535:  459 467 475 483 491 587 627 643 651 659 675 699 707 723 731 747 763 
X^536:  458 482 490 498 506 594 602 618 626 650 658 666 690 714 730 754 
X^537:  241 257 465 505 617 649 681 697 753 761 769 
X^538:  240 456 464 480 496 504 600 616 632 664 688 696 704 712 720 736 752 760 768 
X^539:  455 463 471 479 503 583 591 607 631 647 655 695 703 727 735 751 767 
X^540:  238 454 470 478 502 510 614 622 630 678 710 726 766 
X^541:  461 485 501 509 629 645 653 693 701 725 733 741 749 
X^542:  236 452 476 500 508 588 596 612 628 644 652 660 724 748 
X^543:  451 459 475 499 507 579 587 595 603 619 635 659 691 731 763 
X^544:  234 450 458 466 474 506 578 586 610 618 634 642 658 674 682 690 698 706 730 746 762 
X^545:  233 241 249 457 489 505 513 585 625 641 657 689 697 705 721 729 737 769 
X^546:  256 448 464 472 488 504 576 584 608 624 632 648 672 680 696 704 712 720 728 736 744 
X^547:  255 447 455 463 471 495 503 511 575 591 623 663 711 727 767 
X^548:  446 454 470 486 494 502 510 582 598 606 614 622 630 638 662 678 702 718 734 742 750 758 766 
X^549:  469 477 485 501 597 637 645 653 685 709 717 725 741 749 
X^550:  444 452 484 492 580 596 604 612 620 628 644 652 660 668 676 684 692 724 732 764 
X^551:  251 443 451 459 467 507 571 587 619 635 643 651 659 683 691 699 707 739 747 755 
X^552:  442 458 482 490 578 602 642 658 674 698 714 
X^553:  225 257 449 465 505 513 577 585 593 601 641 649 657 665 689 721 729 753 761 769 
X^554:  224 440 448 456 464 472 480 576 600 608 624 632 672 688 704 712 728 752 768 
X^555:  247 255 439 447 455 463 471 495 511 567 575 583 607 615 623 631 639 647 679 687 711 719 735 743 767 
X^556:  222 438 462 478 494 574 598 614 622 638 654 678 694 718 742 758 766 
X^557:  445 509 589 645 661 677 701 733 741 765 
X^558:  220 252 436 460 468 476 484 500 508 604 612 620 636 644 652 692 708 724 732 740 764 
X^559:  243 251 435 443 451 563 571 579 611 619 651 659 683 707 739 763 
X^560:  218 242 250 434 442 450 458 490 498 506 562 610 618 634 666 682 690 698 722 746 754 
X^561:  217 225 257 441 473 481 585 609 633 641 657 673 681 697 737 745 753 761 769 
X^562:  240 432 448 464 472 560 568 600 664 672 688 712 728 736 768 
X^563:  239 431 439 495 559 575 599 639 655 671 679 695 719 727 735 751 767 
X^564:  254 430 438 462 470 478 494 502 566 574 582 598 606 614 630 638 654 678 686 710 726 734 750 766 
X^565:  453 477 581 589 597 605 637 645 669 725 733 757 
X^566:  428 436 444 452 460 468 484 492 500 508 564 580 588 604 612 628 644 684 700 716 740 764 
X^567:  235 251 427 435 443 467 475 507 555 595 603 619 643 659 667 691 699 707 715 747 763 
X^568:  250 426 450 458 482 498 506 562 570 586 594 602 610 618 634 650 658 666 674 698 714 730 762 
X^569:  209 225 249 257 433 449 457 473 481 497 505 513 585 593 625 641 649 665 673 689 705 721 729 737 753 761 
X^570:  208 240 248 424 432 448 456 488 512 568 584 592 608 624 640 648 672 680 688 696 704 768 
X^571:  231 239 247 255 423 431 439 479 487 503 551 559 575 607 615 631 647 663 679 695 703 735 751 767 
X^572:  206 238 422 438 446 462 486 494 582 590 598 622 638 646 662 694 702 726 734 742 750 758 
X^573:  253 429 453 469 477 485 493 509 581 597 613 637 661 669 685 717 725 733 749 
X^574:  204 244 420 444 452 460 468 484 492 556 564 580 612 620 628 644 676 700 708 740 748 764 
X^575:  227 235 251 419 427 451 459 467 499 507 547 555 563 571 587 619 635 643 667 699 715 723 731 763 
X^576:  202 226 418 426 434 442 466 474 490 498 506 546 554 578 594 626 650 658 666 674 682 698 706 714 738 754 
X^577:  201 209 217 233 241 249 425 441 457 465 497 553 585 593 609 617 625 641 649 673 697 705 713 721 729 737 745 761 
X^578:  416 432 440 488 504 512 544 552 576 608 616 624 632 672 760 
X^579:  415 423 431 447 463 471 479 487 495 543 559 591 599 615 623 631 639 663 679 687 695 719 727 735 751 759 767 
X^580:  414 422 438 446 478 486 494 510 550 566 574 606 614 622 630 646 662 686 734 750 766 
X^581:  253 437 445 469 477 485 493 501 509 565 573 597 605 613 629 645 653 677 709 741 749 757 
X^582:  412 420 460 492 500 508 548 564 572 588 644 660 668 692 700 716 724 748 
X^583:  411 419 427 491 499 539 555 603 635 651 675 683 707 715 731 739 763 
X^584:  250 410 426 442 458 482 490 498 506 546 570 586 610 618 626 650 658 666 674 682 690 698 722 730 746 
X^585:  193 257 417 441 473 481 489 505 513 545 553 561 569 577 601 617 625 649 705 713 721 737 753 769 
X^586:  192 248 256 408 416 424 432 440 448 456 464 472 488 504 512 544 568 584 592 600 616 624 632 648 656 664 680 704 720 728 744 768 
X^587:  407 415 423 447 463 479 487 503 511 535 543 551 575 591 599 647 695 711 719 727 735 743 
X^588:  190 254 406 430 438 454 462 478 494 510 542 566 582 590 606 614 654 662 710 718 726 734 750 766 
X^589:  245 413 477 485 501 557 565 605 645 653 661 677 701 717 725 749 
X^590:  188 252 404 428 436 460 468 476 492 500 508 572 588 596 628 644 652 676 684 692 716 748 756 764 
X^591:  403 411 419 427 451 459 467 483 507 531 539 547 579 587 603 611 619 627 635 651 683 691 699 715 723 747 755 
X^592:  186 242 250 402 410 418 426 434 442 458 466 474 498 530 570 586 610 618 626 634 658 666 674 690 706 714 722 738 
X^593:  185 193 257 409 425 441 513 553 569 577 609 625 633 641 649 673 681 697 737 753 761 769 
X^594:  240 248 256 400 416 448 464 472 480 496 504 528 536 568 576 600 624 632 640 656 704 728 736 744 752 760 
X^595:  399 407 423 439 447 463 471 487 495 503 511 527 543 567 599 615 623 647 655 663 695 711 719 743 751 767 
X^596:  246 254 398 406 430 438 446 462 470 494 502 510 534 542 550 590 598 606 614 646 654 670 678 710 718 726 734 758 766 
X^597:  237 421 445 453 501 549 565 573 581 605 621 637 645 653 661 669 677 693 701 717 741 749 765 
X^598:  244 252 396 404 412 420 436 468 476 500 532 548 556 564 572 596 612 644 652 668 684 692 700 716 756 
X^599:  395 403 411 419 427 451 467 475 483 491 507 523 563 579 587 595 603 611 627 643 667 675 707 715 739 755 
X^600:  234 242 250 394 418 426 434 458 466 474 482 490 498 530 538 554 562 586 594 610 626 634 642 674 690 714 722 730 746 
X^601:  177 193 241 249 257 401 441 449 457 473 497 513 553 585 609 625 641 657 673 681 697 729 737 769 
X^602:  176 232 248 392 400 416 432 448 464 472 496 504 536 552 568 608 616 640 648 656 664 672 680 696 704 728 736 760 
X^603:  391 399 407 415 439 471 479 503 519 527 543 567 583 591 599 607 623 639 663 671 687 719 727 735 743 751 
X^604:  174 246 254 390 406 414 462 470 502 550 558 566 606 630 646 686 710 750 
X^605:  229 397 421 437 445 453 461 477 485 493 509 565 581 589 597 629 637 653 661 669 685 693 701 709 757 
X^606:  172 244 252 388 412 436 452 460 524 532 548 564 580 588 596 604 612 652 660 692 700 716 732 740 764 
X^607:  387 395 411 443 451 459 483 491 515 523 531 539 555 571 603 627 635 643 651 667 731 739 755 
X^608:  170 242 386 394 402 410 466 482 506 514 522 546 554 570 578 602 610 626 658 666 698 706 714 722 738 746 754 
X^609:  169 177 185 393 425 457 473 481 489 505 521 561 577 593 601 617 649 673 705 713 721 737 745 753 
X^610:  192 256 384 400 408 424 440 448 456 472 480 488 520 544 560 568 584 592 600 608 616 632 648 672 688 712 720 728 
X^611:  191 383 391 399 407 447 463 487 511 527 559 591 599 631 703 711 719 727 767 
X^612:  254 382 390 406 422 430 438 446 478 486 494 502 510 518 534 542 550 558 566 574 598 606 614 622 638 646 670 686 694 710 718 726 750 766 
X^613:  221 253 405 413 421 445 453 461 501 533 573 581 621 629 637 645 653 661 669 677 685 701 709 717 741 749 
X^614:  380 388 420 444 452 484 508 516 532 540 548 556 564 580 588 596 612 620 628 636 644 668 676 684 708 724 732 748 756 
X^615:  187 379 387 395 403 451 459 483 499 523 555 571 579 595 619 627 643 659 675 683 691 699 715 723 731 755 763 
X^616:  218 378 394 418 442 450 458 482 506 514 538 578 586 602 610 650 666 674 690 698 706 738 746 
X^617:  161 193 385 401 449 457 465 473 481 489 521 529 537 577 585 609 641 649 657 705 761 
X^618:  160 216 248 376 384 392 400 408 416 424 432 448 456 480 488 504 512 536 544 560 568 584 592 624 648 656 664 672 688 704 712 720 736 744 752 
X^619:  183 191 247 375 383 391 399 407 439 447 455 463 495 503 519 543 551 559 567 575 591 615 623 631 647 663 671 679 695 703 711 719 751 767 
X^620:  158 374 398 414 422 438 446 454 462 470 486 510 534 550 558 574 614 654 670 702 710 718 726 734 742 766 
X^621:  213 245 253 381 445 453 469 501 509 525 597 613 629 653 669 677 701 709 725 733 741 749 765 
X^622:  156 188 244 252 372 396 404 412 420 428 436 452 460 468 492 540 548 556 572 580 612 636 676 700 740 764 
X^623:  179 187 243 371 379 387 419 427 443 451 459 467 483 499 515 547 555 579 595 603 619 635 675 691 707 715 723 747 755 763 
X^624:  154 178 186 210 242 370 378 386 394 434 442 466 474 498 546 554 570 578 586 594 618 626 642 666 674 682 690 706 746 762 
X^625:  153 161 193 217 249 257 377 409 417 441 457 481 505 521 545 569 577 585 593 601 665 673 689 697 737 761 
X^626:  176 208 216 224 368 384 400 408 440 448 456 464 480 488 504 536 576 584 592 600 608 624 656 664 672 680 720 728 768 
X^627:  175 247 367 375 415 431 447 471 479 487 503 511 535 591 599 607 615 631 655 663 671 703 719 727 751 767 
X^628:  190 214 222 238 246 366 374 398 406 414 430 438 446 454 462 470 502 518 534 542 550 566 574 590 614 646 662 686 694 702 710 734 742 750 766 
X^629:  205 237 253 389 413 421 453 485 501 517 525 533 541 581 605 613 621 637 693 701 725 741 757 765 
X^630:  212 220 364 372 380 388 396 404 412 420 436 460 468 484 500 508 516 524 540 548 564 580 604 652 676 684 692 700 708 756 
X^631:  171 187 243 251 363 371 379 403 411 419 427 451 475 499 507 531 539 555 571 579 611 619 627 643 651 707 723 731 755 763 
X^632:  186 202 210 218 234 242 250 362 386 394 410 418 442 450 482 498 522 530 538 546 554 578 586 594 610 634 642 650 658 666 698 706 722 738 746 754 762 
X^633:  145 161 185 193 217 241 369 385 393 409 425 473 481 497 513 521 529 561 593 641 649 665 673 681 689 697 705 713 729 753 769 
X^634:  144 176 184 200 208 216 256 360 368 384 392 408 416 448 456 464 488 496 520 528 544 560 568 592 600 632 640 680 720 728 744 760 768 
X^635:  167 175 183 191 231 239 247 359 367 375 415 431 447 463 471 479 495 543 551 575 583 591 607 623 639 655 663 679 695 711 727 
X^636:  142 174 206 214 222 238 254 358 374 382 398 406 414 438 454 478 494 502 518 526 534 558 614 622 638 646 686 694 702 710 718 726 734 750 758 
X^637:  189 197 229 237 245 365 389 405 413 429 461 509 517 533 549 565 573 597 605 613 629 645 661 677 685 693 717 741 749 757 
X^638:  140 180 204 212 220 228 236 244 252 356 380 388 396 404 412 420 436 468 484 492 500 508 516 548 556 564 572 612 636 652 660 668 684 716 732 764 
X^639:  163 171 187 227 235 243 251 355 363 387 395 451 467 475 483 499 523 555 563 579 603 635 643 651 723 731 755 
X^640:  138 162 202 210 234 250 354 362 370 378 386 402 418 442 450 458 466 506 514 530 570 594 602 634 650 674 698 722 730 746 754 
X^641:  137 145 153 169 177 185 201 209 217 233 241 361 377 393 401 409 417 433 441 465 473 481 489 497 521 529 545 553 561 569 577 593 601 617 633 657 673 681 689 713 737 753 
X^642:  224 232 256 352 368 376 384 472 496 504 512 544 552 600 624 632 656 672 680 688 736 760 768 
X^643:  223 239 351 359 367 383 439 447 471 495 503 511 527 535 551 567 575 599 607 615 631 639 647 655 671 703 719 735 743 751 759 767 
X^644:  230 246 254 350 358 374 382 446 462 478 486 542 550 558 566 574 582 590 598 614 670 678 686 694 702 718 726 734 742 750 766 
X^645:  245 253 373 381 469 493 533 541 549 557 565 581 589 597 613 637 669 693 725 733 741 
X^646:  228 244 252 348 356 492 524 572 580 596 604 612 628 636 668 676 692 700 724 732 748 756 
X^647:  219 235 347 355 363 435 475 499 507 539 555 571 587 595 619 643 659 667 683 715 731 747 755 
X^648:  226 250 346 362 378 442 466 474 498 506 522 546 570 586 602 610 618 658 666 674 714 738 746 754 762 
X^649:  129 225 233 241 249 257 353 377 385 433 441 489 505 513 537 553 569 577 585 593 609 617 633 657 689 697 713 729 737 769 
X^650:  128 224 248 344 352 360 368 376 448 464 472 504 512 520 528 536 568 576 584 616 632 640 672 680 704 712 720 736 760 768 
X^651:  215 223 231 255 343 351 359 383 431 439 447 479 487 495 503 527 535 551 559 583 591 607 631 639 671 687 711 735 743 751 759 767 
X^652:  126 222 246 342 366 374 382 438 502 518 526 542 550 558 590 598 606 630 638 686 718 726 734 742 758 766 
X^653:  237 245 349 445 477 485 501 541 549 581 589 597 605 613 621 677 685 701 733 749 757 
X^654:  124 252 340 364 372 380 452 476 492 500 524 532 556 564 588 596 620 660 676 692 708 716 748 756 
X^655:  211 219 227 339 347 355 363 427 467 499 507 515 523 539 563 595 627 635 643 667 675 707 715 739 747 763 
X^656:  122 210 250 338 346 354 362 370 434 458 466 474 498 506 522 586 594 602 618 626 642 658 682 690 698 754 762 
X^657:  121 129 233 249 257 345 361 385 425 449 465 489 497 513 545 553 561 601 617 641 649 689 697 705 721 745 761 
X^658:  208 216 248 256 336 352 384 432 456 464 488 496 512 536 544 552 568 576 584 592 608 632 648 656 680 688 704 712 720 768 
X^659:  207 223 247 255 335 343 359 375 423 439 463 471 479 511 535 543 551 559 567 615 647 695 711 735 743 767 
X^660:  214 222 230 334 342 366 374 382 438 446 462 502 510 526 534 542 550 582 606 638 654 662 670 678 694 702 710 758 
X^661:  229 245 253 357 381 437 453 485 493 501 517 557 573 589 597 605 613 637 677 693 701 709 717 725 749 757 765 
X^662:  212 228 236 244 332 340 348 356 372 380 428 436 444 460 500 508 532 548 572 580 588 628 660 676 684 692 700 708 724 732 740 748 756 764 
X^663:  203 243 331 339 347 355 363 419 427 435 451 475 515 523 531 547 571 579 595 603 619 627 635 667 699 707 723 731 739 763 
X^664:  210 218 234 242 250 330 354 362 370 378 442 450 466 482 490 506 522 530 538 562 586 602 618 626 674 682 690 698 706 714 722 746 754 
X^665:  113 129 233 257 337 369 377 385 417 425 449 465 473 505 513 521 553 569 625 633 673 697 705 713 729 737 753 
X^666:  112 216 232 256 328 336 352 376 424 472 496 512 536 560 568 576 584 592 608 616 624 632 648 672 696 712 720 728 744 760 
X^667:  199 207 223 247 327 335 343 351 375 415 447 455 487 495 519 527 567 575 599 607 647 655 663 687 695 711 735 743 751 
X^668:  110 230 238 254 326 342 350 366 374 382 446 454 462 470 486 502 550 582 598 614 638 646 670 678 686 702 718 726 750 758 
X^669:  245 333 357 373 381 429 445 485 493 517 525 565 573 597 605 613 621 645 685 693 717 725 741 757 765 
X^670:  108 204 212 228 244 252 324 348 364 372 380 420 436 460 468 476 484 492 500 516 524 532 596 612 620 644 660 668 676 684 692 708 716 724 756 
X^671:  195 203 211 219 235 243 251 323 331 347 371 379 411 419 427 435 443 459 499 531 563 603 619 627 643 651 675 691 699 707 715 739 747 
X^672:  106 194 202 226 234 322 330 338 346 362 378 426 442 466 474 490 514 530 546 554 562 570 578 602 610 618 626 642 650 666 674 690 698 714 738 746 754 
X^673:  105 113 121 201 241 249 329 369 385 409 433 449 481 489 497 513 529 561 569 577 593 601 609 625 633 641 665 681 705 721 753 761 
X^674:  128 192 200 224 240 248 320 336 344 360 376 384 440 456 464 496 504 520 544 552 568 576 584 592 600 616 624 640 648 664 672 680 704 720 736 744 752 760 
X^675:  127 191 207 247 255 319 327 335 343 367 375 407 415 431 447 455 471 479 495 503 511 535 583 599 615 623 655 671 695 703 711 719 727 735 743 759 
X^676:  198 214 222 230 238 246 254 318 326 342 358 366 374 382 414 430 510 534 550 574 590 614 622 630 646 654 662 670 702 710 742 750 758 766 
X^677:  213 245 341 349 357 373 445 461 469 477 485 501 517 525 557 581 589 597 613 621 637 653 661 693 709 725 749 757 765 
X^678:  196 212 220 228 244 252 316 324 356 364 428 452 468 500 516 524 532 540 548 556 564 596 644 660 668 700 716 732 756 
X^679:  123 187 203 235 251 315 323 331 339 403 443 451 459 467 491 499 515 523 531 555 563 571 579 619 635 699 723 731 755 763 
X^680:  194 218 234 250 314 330 354 362 410 426 434 442 450 458 466 474 482 498 506 514 530 546 570 586 602 626 634 642 650 658 674 690 706 714 722 730 738 746 762 
X^681:  97 129 193 201 209 217 249 321 337 353 377 401 409 465 473 481 521 529 537 561 593 601 633 641 673 697 705 713 729 737 761 769 
X^682:  96 192 216 224 232 248 256 312 320 328 336 344 416 424 440 456 464 472 496 544 560 576 584 624 656 664 688 704 720 752 760 768 
X^683:  119 127 183 191 199 223 231 247 311 319 327 335 343 367 375 399 407 415 431 439 447 463 479 495 503 511 519 551 559 583 591 615 647 687 703 727 759 767 
X^684:  94 190 214 246 310 334 366 406 422 430 438 454 470 478 510 526 550 566 590 598 614 630 638 662 670 694 702 710 718 726 742 766 
X^685:  205 317 381 413 445 453 461 477 493 517 533 549 573 605 613 637 653 669 693 733 741 749 757 
X^686:  92 124 220 228 252 308 332 340 356 372 420 428 460 468 476 508 516 524 564 580 604 612 628 636 644 652 668 692 700 708 724 732 748 
X^687:  115 123 179 187 195 243 307 315 323 371 379 395 419 427 435 451 459 467 475 483 507 523 531 555 579 603 651 667 683 699 707 723 731 
X^688:  90 114 122 178 226 242 306 314 322 330 346 362 402 434 458 466 482 498 538 554 562 570 610 618 642 658 682 690 706 714 730 754 
X^689:  89 97 129 201 225 313 385 393 417 457 465 473 481 529 545 553 569 625 633 641 649 657 713 721 737 745 753 761 769 
X^690:  112 176 184 216 240 248 256 304 320 336 344 368 400 424 448 456 480 488 496 512 536 544 560 584 592 600 616 624 656 664 672 680 688 728 736 744 760 768 
X^691:  111 175 191 215 223 239 255 303 311 391 407 415 455 471 487 511 527 543 551 567 591 615 623 671 703 711 719 743 751 759 
X^692:  126 182 190 198 214 222 230 246 254 302 310 334 342 350 366 374 382 406 414 446 454 470 478 494 510 526 550 558 582 590 598 606 630 646 654 662 670 686 710 718 726 734 766 
X^693:  197 205 213 221 229 253 325 349 405 445 461 469 501 517 541 597 605 629 637 645 661 669 677 685 701 709 717 725 733 741 765 
X^694:  180 196 204 228 236 244 300 308 316 324 332 340 356 364 372 380 396 404 428 436 444 460 476 508 516 556 572 612 628 636 644 660 684 700 708 740 748 764 
X^695:  107 123 171 211 219 227 235 299 307 315 339 347 363 387 395 403 443 451 483 515 531 539 563 571 579 587 595 619 635 659 667 675 707 723 731 747 763 
X^696:  122 178 186 202 210 226 234 242 250 298 322 330 354 370 418 426 434 442 458 466 474 482 506 522 530 538 546 570 602 666 698 706 714 730 746 754 762 
X^697:  81 97 121 129 201 209 225 233 305 321 329 337 345 369 385 393 457 465 489 513 521 537 545 561 577 593 601 625 633 649 657 665 681 713 721 737 753 761 769 
X^698:  80 112 120 184 200 208 216 232 256 296 304 320 328 336 360 368 376 384 392 408 416 424 448 456 464 504 512 520 544 552 560 568 576 584 608 616 632 640 656 664 672 696 704 720 728 760 
X^699:  103 111 119 127 167 175 191 223 231 247 295 303 311 351 367 415 431 439 463 487 495 503 511 519 535 551 567 575 591 615 663 671 679 687 703 727 735 759 767 
X^700:  78 110 198 206 222 230 238 254 294 310 318 358 406 438 446 454 462 478 486 502 510 518 534 566 574 582 598 606 622 630 646 662 678 686 694 702 734 742 
X^701:  125 197 213 253 301 325 341 349 357 365 397 413 421 429 437 453 477 485 501 509 533 541 557 589 597 605 613 621 629 653 661 693 717 725 733 741 749 757 765 
X^702:  76 116 172 180 196 220 228 244 292 316 324 340 356 364 372 388 404 412 428 444 516 548 572 620 628 636 644 660 668 676 684 700 716 724 732 748 764 
X^703:  99 107 123 163 171 179 187 203 211 227 291 299 323 331 339 355 363 371 379 387 395 411 435 443 451 475 483 491 515 539 571 611 619 627 643 675 683 691 699 707 715 763 
X^704:  74 98 162 170 194 210 218 234 290 298 306 314 330 338 346 354 362 370 378 394 418 426 434 442 450 482 490 506 522 530 538 546 554 570 586 594 602 618 650 658 674 682 698 714 722 738 746 754 762 
X^705:  73 81 89 105 113 121 169 201 209 217 297 313 345 361 401 409 417 425 457 465 497 505 513 521 545 569 577 585 609 617 633 657 665 673 681 713 721 729 737 753 
X^706:  160 168 192 240 248 288 304 312 360 376 384 408 416 464 480 488 496 512 544 576 592 608 616 624 632 664 680 688 696 720 736 752 
X^707:  159 175 239 247 255 287 295 303 319 335 343 351 359 367 375 383 407 415 423 439 447 463 471 479 503 511 535 551 559 567 583 599 623 631 655 663 671 687 695 703 719 727 735 743 751 767 
X^708:  166 182 190 286 294 310 318 350 358 366 398 438 446 486 518 534 558 574 614 630 654 662 670 686 694 726 742 
X^709:  125 181 189 237 309 317 341 349 357 365 373 405 429 437 453 469 485 493 517 525 549 581 605 613 621 661 677 693 725 749 765 
X^710:  164 180 188 252 284 292 332 364 372 380 412 420 428 460 476 500 508 516 532 540 564 588 596 604 612 620 628 636 660 676 684 692 716 732 740 748 
X^711:  155 171 235 243 283 291 299 363 419 427 435 467 483 491 499 507 523 547 555 587 595 611 619 635 651 659 667 675 691 715 763 
X^712:  122 162 186 234 242 282 298 314 330 354 362 370 378 402 426 434 498 506 522 530 538 546 554 562 610 618 650 658 666 730 738 746 
X^713:  65 129 161 169 177 185 193 289 313 321 345 353 361 369 417 425 465 473 489 497 505 513 521 577 585 609 633 641 649 665 681 689 697 705 745 753 
X^714:  64 120 128 160 184 232 240 256 280 288 296 304 312 328 336 344 360 384 400 416 424 432 456 464 472 480 488 496 504 512 520 528 536 552 568 576 592 600 608 648 664 672 680 688 696 704 720 728 744 
X^715:  151 159 167 191 231 247 255 279 287 295 319 335 351 359 367 407 431 447 463 471 479 487 503 519 567 575 583 591 599 615 623 647 655 671 703 711 719 
X^716:  62 126 158 182 238 246 254 278 302 310 318 326 334 350 366 374 406 430 462 486 494 526 534 566 582 590 598 606 638 654 670 678 702 710 718 742 750 
X^717:  117 173 181 229 253 285 349 357 381 421 469 501 509 517 525 533 549 573 589 597 613 637 661 669 693 701 733 765 
X^718:  60 124 188 236 252 276 300 308 316 332 340 348 364 372 388 404 412 468 492 508 516 524 548 556 588 596 612 620 636 644 652 668 684 692 716 732 740 748 756 764 
X^719:  147 155 163 227 251 275 283 291 299 323 331 339 355 363 379 411 419 427 443 483 499 507 523 555 563 579 587 595 603 611 619 627 643 675 691 707 715 723 731 755 763 
X^720:  58 114 122 146 186 226 234 274 282 290 298 306 330 338 346 370 378 394 418 426 450 506 530 538 546 586 610 618 626 634 650 658 666 674 682 698 706 714 754 
X^721:  57 65 129 169 185 193 257 281 297 321 361 385 401 409 433 457 465 473 481 497 513 521 545 553 569 577 585 609 657 673 689 697 705 729 745 753 769 
X^722:  112 120 128 144 152 184 192 224 232 272 288 320 336 344 352 368 384 392 416 424 432 448 472 480 488 496 528 560 584 592 600 608 632 640 664 680 704 728 752 768 
X^723:  143 159 183 191 223 231 271 279 295 311 319 335 343 367 383 415 423 431 439 455 487 503 519 527 535 575 591 615 623 631 639 663 679 687 695 719 735 751 
X^724:  118 126 150 158 166 246 254 270 278 302 310 318 334 342 366 374 382 406 430 478 494 510 518 526 542 550 558 582 614 646 662 670 686 702 726 734 750 758 
X^725:  109 165 181 189 221 245 293 317 325 365 389 445 461 469 485 493 501 509 517 525 533 541 549 565 573 589 621 629 645 661 669 677 693 701 709 741 749 757 
X^726:  116 124 148 164 172 180 236 244 268 276 284 292 308 340 348 364 372 404 412 420 444 468 476 484 500 508 516 524 540 564 572 588 596 612 620 636 644 652 668 684 692 708 724 740 
X^727:  139 179 219 227 235 251 267 275 283 291 299 323 339 347 371 379 387 395 403 419 467 475 483 515 539 547 563 579 587 603 611 627 635 675 683 699 707 747 763 
X^728:  106 114 122 146 154 170 178 186 218 226 266 290 298 306 330 338 346 354 386 394 402 434 482 506 514 546 554 562 586 594 602 610 626 634 666 690 698 714 722 730 
X^729:  49 65 113 121 129 169 193 249 273 305 313 329 345 353 361 377 385 409 433 465 497 529 545 553 569 577 601 633 649 665 681 705 721 737 753 
X^730:  48 104 120 152 168 192 216 224 248 264 272 288 320 336 344 368 392 400 408 416 480 488 496 512 520 528 536 544 568 584 600 640 680 688 696 712 728 736 768 
X^731:  135 143 159 183 215 239 247 263 271 279 287 311 343 375 383 399 407 415 431 439 447 455 463 479 495 503 511 535 543 575 583 607 615 631 639 647 663 679 687 695 719 743 751 759 767 
X^732:  46 118 126 166 174 190 222 230 238 246 254 262 278 286 302 334 342 398 414 422 454 470 478 486 518 550 558 606 614 638 646 662 678 686 702 710 718 766 
X^733:  101 181 213 237 253 269 293 309 317 325 333 349 397 421 429 437 445 453 461 469 485 501 509 525 533 541 557 565 573 621 645 653 685 693 701 717 741 749 
X^734:  44 116 124 140 148 164 180 188 220 236 244 260 284 300 308 324 332 356 380 388 396 404 420 428 444 452 460 484 524 532 548 564 572 580 588 596 620 628 636 644 652 692 700 724 740 756 
X^735:  131 139 147 155 171 179 187 211 227 235 243 251 259 267 283 315 323 331 347 371 379 387 411 419 443 451 459 491 499 515 523 539 555 563 571 579 587 603 643 651 659 667 675 699 707 723 
X^736:  42 114 130 138 162 170 210 218 234 258 266 274 282 298 338 354 362 370 386 394 418 426 434 442 458 466 482 490 498 530 538 546 562 594 602 618 642 650 674 690 706 730 738 746 754 
X^737:  41 49 57 137 177 185 241 249 257 265 305 313 329 353 361 369 377 385 393 417 425 449 473 505 513 521 545 561 569 577 585 593 601 609 625 641 649 665 681 689 697 705 729 753 
X^738:  64 136 160 176 184 208 216 248 272 280 296 312 328 344 352 360 376 384 392 408 416 424 448 456 464 488 520 576 592 608 616 632 648 672 680 704 712 736 744 
X^739:  63 127 143 183 191 207 215 223 239 263 271 279 335 343 351 359 367 399 439 447 455 487 495 551 559 583 599 607 655 663 671 751 767 
X^740:  126 134 150 158 166 174 182 190 262 278 294 302 310 318 358 374 382 390 406 422 430 438 446 486 494 518 558 566 574 606 622 662 694 710 718 726 734 758 766 
X^741:  93 125 149 181 205 245 277 285 293 317 325 333 349 373 397 413 421 469 477 485 493 501 517 525 533 541 549 557 581 597 613 621 629 637 645 669 685 693 701 725 733 749 757 
X^742:  132 148 156 164 180 188 220 236 260 292 316 324 356 364 404 420 428 436 444 468 476 492 516 548 556 572 620 628 644 652 676 684 700 708 716 
X^743:  59 123 139 171 187 203 211 243 251 259 267 275 315 323 331 339 355 371 379 411 427 435 451 459 483 515 531 555 587 595 603 643 651 659 667 675 691 707 731 747 763 
X^744:  90 130 154 170 186 202 210 234 242 266 290 314 322 330 354 362 370 378 386 402 410 434 466 490 522 546 586 594 618 634 666 674 690 714 738 746 754 762 
X^745:  33 65 129 137 145 153 185 273 289 329 353 361 409 417 441 449 481 497 521 529 561 577 609 657 689 713 721 769 
X^746:  32 88 120 128 152 160 168 184 192 200 208 224 232 256 264 272 280 296 304 320 328 344 384 432 440 448 456 464 480 488 504 512 520 528 544 560 584 600 608 616 624 632 640 648 664 672 680 696 704 712 736 744 760 
X^747:  55 63 127 135 159 167 183 199 215 223 255 263 271 279 327 343 351 375 383 391 415 431 439 455 463 479 487 503 511 519 535 551 567 591 623 647 655 671 695 727 743 751 759 
X^748:  30 126 150 182 206 214 222 230 238 246 270 294 310 318 326 334 366 390 398 406 414 422 430 446 462 494 526 534 542 574 582 590 614 646 654 662 686 694 702 710 718 766 
X^749:  85 117 125 141 197 221 245 253 317 325 349 389 397 405 413 429 453 509 525 541 549 573 581 589 597 613 621 637 653 661 677 685 701 709 725 733 741 757 
X^750:  28 60 116 124 156 164 188 204 220 236 244 268 276 292 300 308 316 324 332 340 356 380 412 420 428 436 444 452 460 468 492 500 508 532 548 564 572 580 588 604 612 628 636 644 668 676 716 724 
X^751:  51 59 123 131 179 195 219 227 243 251 259 291 299 307 323 339 363 371 395 411 443 451 467 483 491 499 507 539 563 571 579 595 603 619 627 643 651 667 691 707 723 731 739 747 755 763 
X^752:  26 50 58 82 162 178 194 202 250 258 266 282 338 346 370 378 386 402 410 434 442 474 490 506 514 530 538 554 594 618 674 682 706 722 754 
X^753:  25 33 65 89 121 129 137 161 225 241 249 257 313 321 345 377 385 393 401 441 489 505 537 553 561 569 585 593 609 633 641 665 673 689 697 705 713 721 729 737 753 
X^754:  48 80 88 96 112 120 152 176 184 200 232 240 248 256 272 280 304 312 320 328 336 344 392 400 408 424 432 448 464 472 496 536 560 576 608 632 640 648 656 664 672 688 696 704 720 736 744 752 768 
X^755:  47 111 119 127 151 159 175 199 223 231 247 255 287 319 327 359 375 391 399 407 415 423 455 471 487 495 527 551 591 599 607 615 623 631 639 647 679 719 751 759 
X^756:  62 86 94 110 126 134 150 158 166 182 190 214 222 270 278 286 302 310 326 334 342 390 398 438 446 454 462 470 486 494 502 518 526 534 590 598 614 630 646 654 662 670 678 718 734 766 
X^757:  77 109 125 133 141 149 157 165 213 229 237 261 285 293 325 333 341 357 365 373 389 413 421 437 445 453 461 469 493 501 509 565 581 605 629 637 653 661 669 677 685 701 725 741 749 765 
X^758:  84 92 116 132 140 164 172 180 204 212 220 244 252 260 268 276 284 292 308 340 348 356 380 388 404 420 436 444 452 476 500 508 548 556 572 596 636 652 660 668 676 724 740 764 
X^759:  43 59 107 115 123 147 155 163 171 187 195 203 219 235 275 283 291 315 331 339 347 371 387 395 403 411 419 459 467 475 483 499 507 515 523 531 579 643 651 675 683 691 699 731 747 755 763 
X^760:  58 74 82 90 106 138 146 162 170 178 194 218 226 234 242 258 266 282 290 322 330 338 346 362 378 386 402 410 426 442 450 466 482 490 514 530 538 578 594 602 634 642 650 666 674 682 690 698 746 762 
X^761:  17 33 57 65 89 113 137 145 161 169 217 225 249 257 265 273 281 289 297 313 329 353 369 401 409 433 449 457 465 481 497 505 521 537 553 561 569 577 593 617 625 657 673 681 689 697 761 769 
X^762:  16 48 56 72 80 88 120 128 136 144 152 168 184 232 264 272 280 288 304 312 320 328 352 360 376 384 408 416 424 432 448 456 496 504 520 544 568 624 632 648 656 680 696 704 744 760 
X^763:  39 47 55 63 119 127 159 167 207 215 223 247 255 287 295 311 319 335 343 359 367 375 383 391 399 415 423 431 447 479 503 535 543 559 567 575 583 615 623 631 655 663 679 695 703 711 719 727 743 751 759 
X^764:  14 46 78 86 94 110 126 134 142 158 166 174 198 206 230 278 286 302 310 326 334 358 374 382 390 398 438 454 462 470 486 502 510 550 558 566 574 590 606 622 638 662 694 702 718 758 766 
X^765:  61 69 101 109 117 133 149 181 189 205 221 261 277 285 301 317 325 349 365 381 389 405 421 437 461 485 493 517 533 557 597 621 629 661 669 677 693 701 709 717 757 
X^766:  12 52 76 84 92 100 124 132 156 164 180 188 204 212 220 228 252 260 276 284 292 324 332 340 356 372 388 404 468 484 516 524 532 540 548 556 564 580 588 596 612 620 628 644 652 676 684 692 732 740 748 756 764 
X^767:  35 43 59 139 147 163 179 195 203 227 243 251 259 267 291 299 331 339 363 379 387 395 403 419 443 491 507 515 531 539 547 555 563 571 579 595 611 619 627 643 651 659 683 699 707 731 739 
X^768:  2 10 34 74 82 98 122 130 146 154 170 178 186 202 226 250 258 266 274 314 322 330 354 394 410 434 450 458 466 490 506 514 522 530 538 554 562 570 586 626 634 642 650 658 682 690 722 730 754 
X^769:  9 17 25 41 49 57 73 81 89 113 137 145 153 209 225 233 241 289 297 313 329 337 345 361 377 409 425 433 457 473 481 489 505 537 545 553 561 585 593 601 633 649 681 689 697 721 745 761 769 
X^770:  0 
checksum: 6302690