239
X^0:  240 
X^1:  
X^2:  
X^3:  
X^4:  
X^5:  
X^6:  
X^7:  
X^8:  
X^9:  
X^10:  
X^11:  
X^12:  236 
X^13:  
X^14:  238 
X^15:  
X^16:  224 
X^17:  
X^18:  
X^19:  
X^20:  
X^21:  
X^22:  
X^23:  239 
X^24:  232 
X^25:  
X^26:  
X^27:  
X^28:  236 
X^29:  237 
X^30:  
X^31:  231 239 
X^32:  208 
X^33:  
X^34:  
X^35:  235 
X^36:  228 
X^37:  237 
X^38:  230 238 
X^39:  223 239 
X^40:  216 232 
X^41:  233 
X^42:  234 
X^43:  227 
X^44:  204 220 
X^45:  221 229 
X^46:  206 230 
X^47:  215 223 231 
X^48:  192 224 
X^49:  
X^50:  
X^51:  
X^52:  
X^53:  237 
X^54:  
X^55:  239 
X^56:  232 
X^57:  
X^58:  
X^59:  235 
X^60:  220 
X^61:  229 237 
X^62:  222 
X^63:  231 
X^64:  176 208 
X^65:  233 
X^66:  
X^67:  
X^68:  228 
X^69:  221 
X^70:  230 
X^71:  231 239 
X^72:  
X^73:  225 
X^74:  
X^75:  219 
X^76:  172 220 236 
X^77:  213 229 
X^78:  174 
X^79:  223 231 
X^80:  160 192 224 
X^81:  233 
X^82:  
X^83:  219 227 
X^84:  212 228 236 
X^85:  205 237 
X^86:  214 222 238 
X^87:  175 223 239 
X^88:  168 216 232 
X^89:  217 
X^90:  218 234 
X^91:  203 211 227 
X^92:  172 188 204 220 228 
X^93:  173 197 229 237 
X^94:  190 214 222 
X^95:  167 175 207 215 223 239 
X^96:  144 176 224 232 
X^97:  201 225 
X^98:  226 234 
X^99:  171 211 219 227 
X^100:  164 196 212 220 236 
X^101:  173 189 205 221 229 237 
X^102:  166 174 198 
X^103:  159 175 191 199 207 231 239 
X^104:  152 168 184 216 224 
X^105:  169 193 209 
X^106:  170 218 226 
X^107:  163 187 235 
X^108:  140 156 212 228 
X^109:  157 165 181 189 213 221 229 237 
X^110:  142 166 206 214 238 
X^111:  151 159 167 183 199 215 223 239 
X^112:  128 192 224 
X^113:  
X^114:  234 
X^115:  235 
X^116:  
X^117:  229 
X^118:  
X^119:  207 223 231 
X^120:  200 232 
X^121:  
X^122:  226 
X^123:  235 
X^124:  204 220 236 
X^125:  205 229 
X^126:  222 238 
X^127:  199 207 215 239 
X^128:  112 176 208 
X^129:  225 233 
X^130:  218 234 
X^131:  203 
X^132:  196 228 
X^133:  205 213 221 
X^134:  198 206 
X^135:  191 215 231 239 
X^136:  184 200 
X^137:  201 225 233 
X^138:  202 210 
X^139:  195 211 219 235 
X^140:  108 172 188 236 
X^141:  189 197 229 
X^142:  110 174 198 222 230 
X^143:  183 191 223 
X^144:  96 160 224 
X^145:  225 233 
X^146:  202 218 
X^147:  203 227 235 
X^148:  212 228 
X^149:  197 205 221 
X^150:  214 238 
X^151:  111 191 199 207 223 231 239 
X^152:  104 200 216 
X^153:  233 
X^154:  194 210 218 226 
X^155:  235 
X^156:  108 220 
X^157:  109 205 213 221 237 
X^158:  206 238 
X^159:  103 111 183 199 207 
X^160:  80 144 232 
X^161:  193 209 
X^162:  186 234 
X^163:  107 211 219 227 
X^164:  100 212 228 
X^165:  109 181 205 213 221 229 237 
X^166:  102 110 198 206 238 
X^167:  95 111 175 183 
X^168:  88 104 184 224 232 
X^169:  105 201 209 217 
X^170:  106 178 194 210 
X^171:  99 179 203 211 219 227 
X^172:  76 92 140 204 220 
X^173:  93 101 181 197 221 229 237 
X^174:  78 102 142 190 206 214 230 238 
X^175:  87 95 103 167 199 215 231 
X^176:  64 96 128 224 232 
X^177:  201 209 
X^178:  170 202 
X^179:  171 187 195 227 235 
X^180:  180 196 204 228 236 
X^181:  109 165 173 197 205 221 229 
X^182:  182 190 206 214 230 238 
X^183:  111 143 159 167 199 207 223 231 239 
X^184:  104 136 168 184 224 
X^185:  185 225 
X^186:  162 186 194 202 210 226 
X^187:  107 179 219 235 
X^188:  92 140 188 196 220 236 
X^189:  101 109 141 205 213 229 
X^190:  94 174 182 190 206 214 238 
X^191:  103 135 143 151 191 207 215 223 239 
X^192:  48 80 112 192 200 208 216 232 
X^193:  105 161 193 209 217 
X^194:  154 170 186 194 202 
X^195:  139 179 195 203 211 219 235 
X^196:  100 132 180 188 196 204 212 220 228 236 
X^197:  93 141 149 173 181 197 205 221 229 237 
X^198:  102 134 142 166 198 214 222 230 
X^199:  103 111 127 151 159 175 183 199 215 
X^200:  120 136 152 192 200 208 232 
X^201:  97 137 169 177 225 
X^202:  138 146 178 186 194 202 218 
X^203:  91 131 147 171 195 203 211 219 
X^204:  44 92 124 172 180 196 228 236 
X^205:  85 101 125 133 149 157 165 181 189 197 213 221 229 237 
X^206:  46 110 134 158 166 174 182 190 238 
X^207:  95 103 119 127 151 159 183 191 223 231 239 
X^208:  32 64 128 192 200 208 216 232 
X^209:  105 161 169 177 193 
X^210:  138 154 170 186 210 218 234 
X^211:  91 99 139 163 171 195 203 219 
X^212:  84 100 108 148 164 196 228 236 
X^213:  77 109 133 157 165 189 205 213 221 229 
X^214:  86 94 110 150 174 182 190 198 222 238 
X^215:  47 95 111 127 135 175 191 199 215 
X^216:  40 88 104 152 192 208 216 
X^217:  89 169 193 217 225 
X^218:  90 106 130 146 154 202 210 226 
X^219:  75 83 99 139 163 171 187 195 203 211 219 227 235 
X^220:  44 60 76 92 100 124 156 172 188 196 220 228 236 
X^221:  45 69 101 109 133 149 157 165 173 181 197 205 213 221 
X^222:  62 86 94 126 142 198 214 222 
X^223:  39 47 79 87 95 111 119 143 151 183 191 207 239 
X^224:  16 48 80 96 104 112 144 168 176 184 
X^225:  73 97 129 137 145 185 201 217 225 
X^226:  98 106 122 154 186 218 226 
X^227:  43 83 91 99 147 163 171 179 219 235 
X^228:  36 68 84 92 108 132 148 164 180 196 204 212 220 228 236 
X^229:  45 61 77 93 101 109 117 125 141 165 173 181 189 197 205 213 
X^230:  38 46 70 142 174 182 198 
X^231:  31 47 63 71 79 103 119 135 151 175 183 207 231 239 
X^232:  24 40 56 88 96 120 160 168 176 192 200 208 
X^233:  41 65 81 129 137 145 153 
X^234:  42 90 98 114 130 162 210 234 
X^235:  35 59 107 115 123 139 147 155 179 187 195 219 227 235 
X^236:  12 28 76 84 100 124 140 180 188 196 204 212 220 228 
X^237:  29 37 53 61 85 93 101 109 157 165 173 197 205 
X^238:  14 38 86 110 126 150 158 166 174 182 190 206 214 
X^239:  23 31 39 55 71 87 95 103 111 127 135 151 183 191 207 223 231 239 
X^240:  0 
checksum: 161053