521
X^0:  522 
X^1:  
X^2:  520 
X^3:  
X^4:  
X^5:  
X^6:  
X^7:  
X^8:  514 
X^9:  
X^10:  512 
X^11:  
X^12:  
X^13:  
X^14:  
X^15:  
X^16:  
X^17:  521 
X^18:  520 
X^19:  
X^20:  
X^21:  
X^22:  
X^23:  
X^24:  514 
X^25:  513 521 
X^26:  520 
X^27:  519 
X^28:  518 
X^29:  
X^30:  516 
X^31:  515 
X^32:  514 
X^33:  505 
X^34:  504 512 
X^35:  511 
X^36:  510 
X^37:  
X^38:  508 
X^39:  507 
X^40:  498 506 
X^41:  497 505 
X^42:  
X^43:  
X^44:  
X^45:  
X^46:  
X^47:  
X^48:  
X^49:  489 
X^50:  488 
X^51:  
X^52:  
X^53:  
X^54:  
X^55:  
X^56:  482 
X^57:  481 489 521 
X^58:  488 
X^59:  487 
X^60:  486 
X^61:  
X^62:  484 
X^63:  483 
X^64:  482 
X^65:  473 
X^66:  472 480 
X^67:  479 
X^68:  478 
X^69:  
X^70:  476 
X^71:  475 
X^72:  466 474 
X^73:  465 473 505 
X^74:  520 
X^75:  519 
X^76:  518 
X^77:  517 
X^78:  516 
X^79:  515 
X^80:  514 
X^81:  457 521 
X^82:  456 512 520 
X^83:  511 519 
X^84:  510 
X^85:  509 
X^86:  508 
X^87:  507 515 
X^88:  450 506 514 
X^89:  449 457 513 
X^90:  456 504 
X^91:  455 503 
X^92:  454 502 
X^93:  501 517 
X^94:  452 500 
X^95:  451 499 
X^96:  450 498 
X^97:  441 505 513 521 
X^98:  440 448 496 504 520 
X^99:  447 495 503 519 
X^100:  446 494 518 
X^101:  493 509 
X^102:  444 492 516 
X^103:  443 491 499 515 
X^104:  434 442 490 498 514 
X^105:  433 441 497 513 521 
X^106:  488 
X^107:  487 
X^108:  486 518 
X^109:  485 517 
X^110:  484 
X^111:  483 515 
X^112:  482 514 
X^113:  425 489 513 
X^114:  424 480 488 
X^115:  479 487 519 
X^116:  478 510 518 
X^117:  477 517 
X^118:  476 516 
X^119:  475 483 507 515 
X^120:  418 474 482 506 514 
X^121:  417 425 457 481 513 
X^122:  424 472 504 
X^123:  423 471 503 511 
X^124:  422 470 518 
X^125:  469 485 517 
X^126:  420 468 500 
X^127:  419 467 507 515 
X^128:  418 466 
X^129:  409 473 481 489 497 505 
X^130:  408 416 464 472 488 496 504 
X^131:  415 463 471 487 495 503 511 519 
X^132:  414 462 486 502 518 
X^133:  461 477 493 501 509 517 
X^134:  412 460 484 492 500 508 516 
X^135:  411 459 467 483 499 
X^136:  402 410 458 466 482 
X^137:  401 409 441 465 481 489 505 521 
X^138:  520 
X^139:  511 
X^140:  518 
X^141:  
X^142:  516 
X^143:  507 515 
X^144:  514 
X^145:  393 513 
X^146:  392 
X^147:  503 
X^148:  
X^149:  509 517 
X^150:  
X^151:  499 507 515 
X^152:  386 
X^153:  385 393 489 513 521 
X^154:  392 504 512 520 
X^155:  391 495 
X^156:  390 502 
X^157:  
X^158:  388 500 
X^159:  387 491 499 
X^160:  386 498 506 514 
X^161:  377 497 521 
X^162:  376 384 504 512 520 
X^163:  383 487 519 
X^164:  382 
X^165:  493 501 509 517 
X^166:  380 516 
X^167:  379 483 491 499 515 
X^168:  370 378 498 506 514 
X^169:  369 377 473 497 513 521 
X^170:  512 520 
X^171:  479 487 511 
X^172:  518 
X^173:  485 
X^174:  
X^175:  475 507 
X^176:  506 514 
X^177:  361 481 489 497 505 
X^178:  360 480 488 504 
X^179:  471 479 487 503 511 519 
X^180:  478 
X^181:  485 509 517 
X^182:  476 
X^183:  467 499 
X^184:  354 474 482 498 506 
X^185:  353 361 393 457 497 521 
X^186:  360 480 488 496 
X^187:  359 463 471 495 503 511 
X^188:  358 
X^189:  469 485 501 
X^190:  356 500 516 
X^191:  355 459 491 499 507 515 
X^192:  354 474 482 490 506 
X^193:  345 465 473 489 497 505 513 
X^194:  344 352 464 480 488 512 520 
X^195:  351 455 463 471 487 495 511 
X^196:  350 462 486 502 510 518 
X^197:  469 485 493 509 517 
X^198:  348 460 500 
X^199:  347 451 483 499 
X^200:  338 346 458 474 482 490 498 514 
X^201:  337 345 377 441 473 481 489 505 
X^202:  392 456 496 512 520 
X^203:  391 447 495 
X^204:  390 454 486 502 510 518 
X^205:  389 485 509 
X^206:  388 452 
X^207:  387 443 451 483 491 499 507 515 
X^208:  386 450 482 490 498 506 514 
X^209:  329 393 449 481 497 505 
X^210:  328 384 392 488 496 512 
X^211:  383 391 439 495 
X^212:  382 478 486 502 510 518 
X^213:  381 445 453 485 501 517 
X^214:  380 484 492 500 516 
X^215:  379 387 435 443 451 475 499 507 515 
X^216:  322 378 386 474 
X^217:  321 329 385 425 449 457 481 489 497 505 513 
X^218:  328 376 440 448 456 472 480 496 504 512 
X^219:  327 375 431 471 503 519 
X^220:  326 374 438 502 510 
X^221:  373 389 485 493 501 
X^222:  324 372 436 468 492 508 
X^223:  323 371 427 435 491 499 507 515 
X^224:  322 370 434 442 450 474 482 490 
X^225:  313 377 385 393 433 457 465 473 497 505 
X^226:  312 320 368 376 392 440 448 456 464 480 512 
X^227:  319 367 375 391 423 455 463 487 511 
X^228:  318 366 390 470 486 494 510 518 
X^229:  365 381 429 437 445 453 461 469 477 493 501 509 517 
X^230:  316 364 388 452 460 468 484 508 516 
X^231:  315 363 371 387 419 427 435 451 483 515 
X^232:  306 314 362 370 386 434 442 450 466 
X^233:  305 313 369 385 393 409 433 449 457 473 
X^234:  360 448 456 464 480 488 496 504 
X^235:  359 415 423 447 463 479 487 511 519 
X^236:  358 390 470 478 486 502 510 518 
X^237:  357 389 421 453 477 517 
X^238:  356 508 
X^239:  355 387 411 443 451 459 467 483 
X^240:  354 386 442 458 466 474 482 490 498 506 
X^241:  297 361 385 417 425 433 441 449 465 473 481 489 497 505 513 521 
X^242:  296 352 360 416 424 440 456 464 480 488 496 504 520 
X^243:  351 359 391 407 415 423 439 447 455 463 471 487 503 511 
X^244:  350 382 390 414 446 454 470 478 510 518 
X^245:  349 389 421 445 469 485 509 517 
X^246:  348 388 412 452 460 468 492 508 
X^247:  347 355 379 387 403 435 443 483 499 515 
X^248:  290 346 354 378 386 410 418 434 482 490 498 
X^249:  289 297 329 353 385 393 433 449 457 465 473 497 513 
X^250:  296 344 376 416 424 432 440 448 464 472 496 504 
X^251:  295 343 375 383 399 407 431 447 463 479 503 
X^252:  294 342 390 470 478 486 494 502 
X^253:  341 357 389 405 421 437 453 461 469 501 517 
X^254:  292 340 372 452 460 476 484 492 508 516 
X^255:  291 339 379 387 395 427 435 443 451 467 483 491 499 507 
X^256:  290 338 410 418 426 450 458 474 482 506 514 
X^257:  281 345 353 361 369 377 401 409 425 449 481 489 
X^258:  280 288 336 344 360 368 376 400 416 424 432 456 472 488 496 520 
X^259:  287 335 343 359 367 375 383 399 407 423 447 479 495 511 519 
X^260:  286 334 358 374 390 398 422 446 462 470 510 
X^261:  333 349 365 373 381 389 405 421 437 453 461 469 477 485 509 
X^262:  284 332 356 364 372 380 388 396 428 452 468 500 508 
X^263:  283 331 339 355 371 387 419 435 459 467 475 483 491 499 
X^264:  274 282 330 338 354 394 410 418 426 450 466 482 506 514 
X^265:  273 281 313 337 353 361 393 409 417 425 441 465 481 489 497 505 
X^266:  456 496 504 520 
X^267:  455 
X^268:  454 494 510 
X^269:  453 501 509 
X^270:  452 492 508 
X^271:  451 507 515 
X^272:  450 490 498 506 
X^273:  265 457 513 521 
X^274:  264 448 456 488 496 504 520 
X^275:  447 455 503 519 
X^276:  446 486 502 510 
X^277:  445 493 501 517 
X^278:  444 484 500 516 
X^279:  443 451 507 515 
X^280:  258 442 450 482 490 498 
X^281:  257 265 449 513 
X^282:  264 440 480 488 496 504 520 
X^283:  263 439 503 
X^284:  262 438 478 494 502 518 
X^285:  437 453 485 493 509 517 
X^286:  260 436 476 492 508 
X^287:  259 435 491 499 507 
X^288:  258 434 474 482 490 498 
X^289:  249 441 449 457 505 
X^290:  248 256 432 440 456 472 480 488 504 
X^291:  255 431 439 455 487 495 511 
X^292:  254 430 454 470 486 510 518 
X^293:  429 445 477 485 493 
X^294:  252 428 452 468 484 500 508 516 
X^295:  251 427 435 451 491 499 515 
X^296:  242 250 426 434 450 466 474 482 490 506 514 
X^297:  241 249 433 449 457 473 489 521 
X^298:  424 464 472 480 488 496 504 512 
X^299:  423 495 511 519 
X^300:  422 454 462 478 494 
X^301:  421 453 469 477 501 
X^302:  420 460 476 492 500 
X^303:  419 451 475 483 491 499 
X^304:  418 450 458 466 474 490 498 506 514 
X^305:  233 425 449 481 505 
X^306:  232 416 424 456 464 472 496 512 520 
X^307:  415 423 455 471 495 519 
X^308:  414 446 470 478 486 494 502 518 
X^309:  413 453 461 469 485 509 
X^310:  412 468 516 
X^311:  411 419 443 451 475 515 
X^312:  226 410 418 442 458 466 482 490 514 
X^313:  225 233 265 417 449 489 497 513 521 
X^314:  232 408 440 448 456 464 480 488 512 520 
X^315:  231 407 439 447 479 487 495 503 519 
X^316:  230 406 446 454 462 478 510 518 
X^317:  405 421 461 469 477 509 
X^318:  228 404 436 444 460 468 516 
X^319:  227 403 443 451 459 507 
X^320:  226 402 442 450 458 474 506 
X^321:  217 409 417 425 433 441 473 481 513 
X^322:  216 224 400 408 424 432 448 456 464 472 488 496 504 
X^323:  223 399 407 423 431 439 447 479 487 495 503 
X^324:  222 398 422 462 470 478 486 502 510 
X^325:  397 413 429 437 485 501 517 
X^326:  220 396 420 428 444 460 492 
X^327:  219 395 403 419 435 467 475 
X^328:  210 218 394 402 418 434 442 450 474 498 506 
X^329:  209 217 249 401 417 425 513 521 
X^330:  264 392 432 440 448 504 512 
X^331:  263 391 447 503 511 
X^332:  262 390 430 446 454 502 510 518 
X^333:  261 389 437 445 469 501 509 517 
X^334:  260 388 428 444 452 484 516 
X^335:  259 387 483 515 
X^336:  258 386 426 434 442 450 482 490 498 506 
X^337:  201 265 393 457 465 473 481 489 497 
X^338:  200 256 264 384 392 424 432 440 456 472 496 512 
X^339:  255 263 383 391 455 471 495 503 511 
X^340:  254 382 422 438 446 470 494 502 
X^341:  253 381 429 437 445 461 477 485 501 509 
X^342:  252 380 420 436 452 468 476 484 508 516 
X^343:  251 259 379 387 435 467 475 499 515 
X^344:  194 250 258 378 386 418 426 434 466 474 482 498 
X^345:  193 201 257 385 425 457 465 481 489 497 521 
X^346:  200 248 376 416 424 432 448 480 488 496 520 
X^347:  199 247 375 431 439 479 495 511 
X^348:  198 246 374 414 430 454 470 478 486 518 
X^349:  245 261 373 389 421 429 445 469 493 
X^350:  196 244 372 412 428 436 444 468 476 500 508 
X^351:  195 243 371 443 475 483 491 507 515 
X^352:  194 242 370 410 418 426 442 450 490 506 514 
X^353:  185 249 257 265 377 385 393 433 441 449 489 513 521 
X^354:  184 192 240 248 264 368 376 392 408 416 424 448 472 480 496 512 
X^355:  191 239 247 263 367 375 391 431 447 479 495 
X^356:  190 238 262 366 390 406 422 446 462 494 502 510 518 
X^357:  237 253 365 381 413 421 437 453 461 477 493 
X^358:  188 236 260 364 388 404 420 436 444 452 460 468 476 484 500 508 
X^359:  187 235 243 259 363 371 387 419 451 483 507 
X^360:  178 186 234 242 258 362 370 386 402 410 418 426 434 450 466 474 498 506 
X^361:  177 185 241 257 265 369 385 393 425 433 465 481 489 513 
X^362:  232 360 400 408 416 424 432 440 488 504 512 
X^363:  231 359 415 423 431 463 487 519 
X^364:  230 262 358 390 398 414 430 470 478 486 510 
X^365:  229 261 357 389 405 413 421 453 485 493 501 517 
X^366:  228 356 396 412 428 436 468 484 492 500 516 
X^367:  227 259 355 387 419 427 435 443 459 475 491 499 515 
X^368:  226 258 354 386 394 402 410 426 434 458 490 506 514 
X^369:  169 233 257 361 385 425 441 449 481 513 521 
X^370:  168 224 232 352 360 392 400 408 416 424 432 472 480 496 512 
X^371:  223 231 263 351 359 391 415 423 431 463 511 
X^372:  222 254 262 350 382 406 422 430 446 454 470 510 518 
X^373:  221 261 349 389 397 405 429 461 485 493 509 
X^374:  220 260 348 404 412 436 492 500 508 516 
X^375:  219 227 251 259 347 355 379 387 403 411 451 459 467 499 
X^376:  162 218 226 250 258 346 354 378 394 402 410 426 442 450 458 482 506 514 
X^377:  161 169 201 225 257 353 385 393 425 433 449 457 465 473 481 497 505 521 
X^378:  168 216 248 344 376 384 392 400 432 440 456 480 512 
X^379:  167 215 247 255 343 375 383 399 407 415 423 439 447 463 471 479 503 511 519 
X^380:  166 214 262 342 382 390 398 414 470 478 486 502 518 
X^381:  213 229 261 341 357 397 413 437 445 453 469 493 501 
X^382:  164 212 244 340 372 380 396 404 436 444 452 468 492 508 516 
X^383:  163 211 251 259 339 379 387 427 459 467 483 515 
X^384:  162 210 338 378 386 418 426 434 450 474 482 490 498 
X^385:  153 217 225 233 241 249 345 353 361 369 377 401 433 449 457 481 505 513 
X^386:  152 160 208 216 232 240 248 336 344 360 368 384 408 416 424 440 448 464 
X^387:  159 207 215 231 239 247 255 263 335 343 359 367 375 383 391 399 407 415 423 431 439 471 511 
X^388:  158 206 230 246 262 334 358 406 414 422 446 454 462 470 502 510 518 
X^389:  205 221 237 245 253 261 333 349 365 373 405 413 429 437 445 453 461 469 477 493 509 517 
X^390:  156 204 228 236 244 252 260 332 356 364 380 420 428 444 452 484 508 
X^391:  155 203 211 227 243 331 339 355 371 387 403 411 427 435 443 467 483 
X^392:  146 154 202 210 226 330 338 354 370 378 394 442 458 490 498 506 514 
X^393:  145 153 185 209 225 233 249 265 337 353 361 377 409 425 457 465 473 505 513 
X^394:  264 328 368 376 392 432 448 456 488 496 512 520 
X^395:  255 327 431 463 479 
X^396:  262 326 366 382 422 438 446 454 462 478 486 494 502 518 
X^397:  325 373 381 421 445 469 477 485 493 501 509 
X^398:  260 324 364 380 460 468 476 500 508 
X^399:  251 259 323 379 387 419 427 435 443 451 459 467 499 515 
X^400:  258 322 362 370 378 418 426 434 442 450 498 514 
X^401:  137 257 329 385 417 433 441 457 473 489 497 513 521 
X^402:  136 320 328 360 368 376 424 432 448 480 496 504 512 520 
X^403:  247 319 327 375 391 431 455 463 471 479 487 503 511 
X^404:  318 358 374 382 414 422 438 446 462 478 494 510 
X^405:  253 261 317 365 373 389 421 437 453 461 477 485 509 517 
X^406:  316 356 372 388 420 428 436 476 484 500 508 516 
X^407:  243 251 259 315 323 379 387 411 435 443 467 475 507 515 
X^408:  130 314 322 354 362 370 386 410 474 482 498 514 
X^409:  129 137 233 257 265 321 393 417 425 433 441 465 473 489 505 513 521 
X^410:  136 248 256 264 312 352 360 368 376 408 416 432 448 456 488 504 512 520 
X^411:  135 239 311 375 391 407 447 479 495 503 
X^412:  134 246 310 350 366 374 454 462 478 494 502 518 
X^413:  309 325 357 365 381 389 421 429 453 461 493 509 
X^414:  132 244 308 348 364 380 388 404 428 436 460 484 492 
X^415:  131 235 243 307 363 371 379 387 427 451 459 483 491 
X^416:  130 242 250 258 306 346 354 362 370 386 410 418 426 434 450 474 482 490 498 506 514 
X^417:  121 241 265 313 321 329 401 409 433 441 457 473 489 497 
X^418:  120 128 248 256 264 304 312 328 344 352 360 384 400 416 432 440 464 472 480 488 496 504 
X^419:  127 231 263 303 311 327 359 367 399 423 431 447 455 463 479 487 495 511 519 
X^420:  126 302 326 342 358 390 406 422 438 446 462 486 494 502 510 
X^421:  237 245 253 261 301 317 349 357 365 397 405 413 437 469 485 501 509 517 
X^422:  124 260 300 324 340 356 372 388 396 404 420 428 436 468 484 516 
X^423:  123 227 235 243 259 299 307 323 363 371 379 387 419 427 443 459 467 475 491 499 
X^424:  114 122 242 250 258 298 306 322 338 346 354 362 370 386 402 426 434 442 474 490 514 
X^425:  113 121 217 241 257 265 305 321 329 345 361 369 377 393 409 449 489 497 505 
X^426:  256 264 296 336 344 352 360 368 376 384 400 416 424 432 440 464 488 496 504 512 520 
X^427:  223 231 255 295 367 383 391 399 415 423 431 463 471 487 503 511 
X^428:  262 294 326 334 350 366 390 406 414 422 430 438 454 462 478 502 518 
X^429:  229 293 325 341 349 373 389 413 445 453 461 477 501 517 
X^430:  292 332 348 364 372 428 436 476 484 492 500 508 516 
X^431:  219 251 291 323 347 355 363 371 387 395 403 419 427 435 459 475 483 491 499 515 
X^432:  250 258 290 322 330 338 346 362 370 378 394 402 410 418 426 434 442 466 490 
X^433:  105 225 233 241 249 297 321 353 361 377 385 401 409 417 441 449 465 473 489 497 
X^434:  104 224 232 248 288 296 328 336 344 360 368 384 400 416 424 432 448 456 464 472 504 
X^435:  215 223 231 247 255 263 287 295 327 343 367 391 399 407 431 439 463 479 495 519 
X^436:  222 286 318 342 350 358 366 374 382 406 414 422 430 438 470 478 494 502 518 
X^437:  229 253 261 285 325 333 341 357 381 389 405 421 445 461 477 517 
X^438:  220 284 340 396 404 420 428 436 444 452 460 492 508 516 
X^439:  211 243 283 291 315 323 347 379 387 435 459 467 475 483 491 
X^440:  98 218 226 242 250 282 290 314 330 338 362 378 386 418 426 450 466 474 482 498 506 
X^441:  97 105 137 201 241 265 289 321 353 369 401 409 417 433 457 465 489 505 521 
X^442:  104 224 232 240 280 312 320 328 336 352 376 392 400 424 432 456 480 488 
X^443:  103 207 215 239 247 255 279 311 319 351 367 391 399 407 423 471 479 487 519 
X^444:  102 278 318 326 334 350 358 382 390 438 462 486 510 518 
X^445:  213 229 245 277 293 333 341 349 381 389 397 429 437 453 461 477 485 493 
X^446:  100 244 260 276 308 316 332 340 356 372 388 396 404 420 452 484 492 500 508 516 
X^447:  99 203 235 243 251 259 275 315 323 331 355 379 411 419 459 483 491 515 
X^448:  98 218 226 234 250 274 314 322 330 346 354 386 394 402 410 434 474 482 490 498 506 514 
X^449:  89 209 217 233 241 249 257 281 289 297 305 313 353 369 377 385 425 433 489 513 
X^450:  88 96 208 224 232 256 264 272 280 296 304 320 328 336 352 360 376 384 400 416 440 480 496 504 512 520 
X^451:  95 199 207 215 231 239 255 271 279 295 303 311 319 359 375 399 415 455 463 471 479 503 519 
X^452:  94 206 230 246 254 262 270 294 334 342 358 382 390 438 446 454 486 502 518 
X^453:  213 229 237 253 261 269 285 301 309 357 365 381 389 405 413 429 445 
X^454:  92 204 244 268 292 300 316 332 348 372 388 396 412 428 452 460 476 484 492 
X^455:  91 195 227 243 267 275 291 307 339 403 419 451 475 483 491 499 515 
X^456:  82 90 202 218 226 234 242 258 266 274 290 306 314 322 338 378 394 410 434 442 458 490 506 
X^457:  81 89 121 185 217 225 233 249 273 289 297 337 345 377 385 393 401 417 441 497 505 521 
X^458:  136 200 240 256 304 312 320 368 376 392 456 488 
X^459:  135 191 239 263 319 367 375 383 399 415 423 431 439 447 471 503 519 
X^460:  134 198 230 246 254 302 318 326 358 398 414 438 454 462 478 486 510 518 
X^461:  133 229 253 261 309 317 341 357 373 389 405 413 429 437 445 469 477 485 501 509 517 
X^462:  132 196 260 300 316 324 356 388 396 404 412 420 428 444 460 468 476 492 500 508 
X^463:  131 187 195 227 235 243 251 363 371 379 395 403 419 427 435 451 483 491 
X^464:  130 194 226 234 242 250 298 306 314 322 386 418 426 434 490 498 506 
X^465:  73 137 193 225 241 249 265 337 345 361 377 393 409 433 441 473 481 489 505 
X^466:  72 128 136 232 240 264 296 304 312 344 360 432 440 472 496 512 
X^467:  127 135 183 239 255 263 327 343 375 383 391 399 407 423 439 495 519 
X^468:  126 222 230 246 262 294 310 318 342 350 358 366 382 398 422 462 494 502 518 
X^469:  125 189 197 229 245 253 261 301 309 317 333 349 381 389 397 421 461 485 493 501 
X^470:  124 228 236 244 252 260 292 308 324 340 348 364 372 380 388 436 500 
X^471:  123 131 179 187 195 219 243 307 339 379 387 403 427 443 451 459 475 483 515 
X^472:  66 122 130 218 250 258 290 298 306 322 338 354 370 418 434 466 
X^473:  65 73 129 169 193 201 225 233 241 249 297 321 337 377 393 401 409 417 433 465 505 513 521 
X^474:  72 120 184 192 200 216 224 240 256 288 296 304 320 328 344 360 384 408 416 424 440 448 480 496 520 
X^475:  71 119 175 215 263 303 311 327 343 351 367 407 423 431 439 455 471 479 495 503 
X^476:  70 118 182 254 286 302 342 350 358 398 406 430 454 462 486 494 502 510 
X^477:  117 133 229 237 261 293 301 317 341 357 389 397 405 429 437 445 461 493 509 517 
X^478:  68 116 180 212 236 244 252 284 300 308 316 324 348 364 380 396 404 412 428 436 460 484 500 
X^479:  67 115 171 179 235 251 259 315 323 347 355 379 395 403 411 419 435 443 451 475 491 499 507 515 
X^480:  66 114 178 186 194 218 226 234 242 282 290 298 314 346 354 370 378 402 418 442 450 474 482 490 498 
X^481:  57 121 129 137 177 201 209 217 241 257 265 305 321 337 345 361 369 377 385 465 489 513 
X^482:  56 64 112 120 136 184 192 200 208 224 240 248 256 264 280 288 296 312 336 344 376 384 408 416 440 448 480 496 512 520 
X^483:  63 111 119 135 167 199 207 231 239 247 255 263 303 335 351 359 383 391 415 431 439 447 455 463 471 495 503 511 
X^484:  62 110 134 214 230 254 278 294 334 342 358 366 390 406 414 422 430 446 454 478 494 
X^485:  109 125 173 181 189 197 205 213 221 245 261 285 293 309 325 341 365 373 397 405 421 445 461 469 493 501 
X^486:  60 108 132 196 204 212 228 236 252 276 292 308 324 348 364 380 396 420 444 452 460 476 500 508 516 
X^487:  59 107 115 131 163 171 179 195 227 235 243 291 315 323 363 403 419 427 443 515 
X^488:  50 58 106 114 130 178 186 194 210 234 242 258 274 282 290 298 314 322 346 362 394 410 418 426 442 458 490 506 
X^489:  49 57 113 129 137 153 177 193 201 217 241 257 265 297 313 337 345 353 361 401 409 417 425 433 441 449 465 481 505 
X^490:  104 192 200 208 224 240 248 272 280 288 296 304 312 336 352 368 384 392 416 424 432 448 456 464 480 488 496 504 
X^491:  103 159 167 191 207 223 255 263 287 295 303 351 367 415 423 431 439 447 455 463 479 503 
X^492:  102 134 214 222 246 254 270 286 302 326 366 374 382 414 430 438 446 454 462 502 510 518 
X^493:  101 133 165 197 221 229 277 285 293 349 357 365 373 381 389 397 413 445 469 477 485 501 509 
X^494:  100 228 252 268 284 300 308 340 356 396 404 412 420 436 468 476 484 508 516 
X^495:  99 131 155 187 195 203 211 259 291 299 307 315 323 339 347 355 411 419 435 467 475 483 499 507 
X^496:  98 130 186 202 210 218 234 242 250 258 266 274 282 298 306 322 338 346 354 370 394 402 418 426 450 466 474 482 490 506 514 
X^497:  41 105 129 161 169 177 185 193 209 217 225 241 249 265 313 337 345 377 401 417 425 433 457 497 521 
X^498:  40 96 104 160 168 184 200 208 240 248 272 280 288 304 328 336 344 360 384 392 400 408 416 440 448 464 480 520 
X^499:  95 103 135 151 159 167 183 191 199 207 215 223 247 255 263 287 295 303 343 367 375 399 423 431 455 479 495 519 
X^500:  94 126 134 158 190 198 214 262 278 294 302 350 358 366 374 398 406 430 446 462 470 478 486 502 518 
X^501:  93 133 165 189 213 221 229 253 269 277 301 325 333 341 365 381 397 421 429 461 469 485 493 509 
X^502:  92 132 156 196 204 212 220 236 252 276 284 308 324 332 340 356 380 388 396 412 420 428 436 452 468 476 492 500 
X^503:  91 99 123 131 147 179 187 219 243 251 275 283 315 323 331 339 379 403 411 427 451 459 475 483 491 507 
X^504:  34 90 98 122 130 154 162 178 218 234 242 250 266 274 282 290 298 322 330 362 402 410 418 426 434 450 490 506 
X^505:  33 41 73 97 129 137 177 193 201 209 217 225 241 265 289 305 377 385 393 409 425 441 457 465 473 489 
X^506:  40 88 120 160 168 176 184 192 208 240 256 264 272 296 304 320 328 336 352 360 368 376 392 416 440 448 456 464 488 496 504 520 
X^507:  39 87 119 127 143 151 175 191 207 215 223 255 271 279 287 319 351 359 407 479 495 503 511 519 
X^508:  38 86 134 222 230 238 246 254 262 270 286 294 342 350 358 374 382 390 398 406 430 438 446 462 486 494 510 
X^509:  85 101 133 149 165 181 197 205 229 245 261 269 285 309 317 333 341 373 389 397 405 413 421 461 477 493 501 517 
X^510:  36 84 116 196 204 212 220 228 236 244 260 268 276 292 316 324 332 356 364 372 388 404 420 444 460 476 492 508 
X^511:  35 83 123 131 139 171 179 187 195 227 235 243 259 291 299 331 339 347 371 379 387 403 419 427 483 507 515 
X^512:  10 34 82 154 162 170 194 202 210 218 226 298 306 314 330 338 354 362 370 378 394 402 410 426 450 466 482 514 
X^513:  25 89 97 105 113 121 145 153 169 193 217 241 249 273 281 313 321 329 353 361 369 385 393 401 409 449 473 481 513 521 
X^514:  8 24 32 80 88 104 112 120 144 160 168 176 200 208 256 264 296 304 312 352 368 376 392 400 408 416 424 448 496 512 
X^515:  31 79 87 103 111 119 127 143 151 167 191 207 215 223 231 247 271 279 295 311 335 343 351 367 383 399 407 431 447 455 471 479 487 511 
X^516:  30 78 102 118 134 142 166 190 214 230 254 278 294 310 318 334 342 366 374 382 406 422 430 438 446 486 494 518 
X^517:  77 93 109 117 125 133 149 165 181 197 213 229 237 245 253 277 285 325 333 365 389 405 421 429 437 461 477 509 
X^518:  28 76 100 108 116 124 132 140 172 196 204 212 228 236 244 284 292 308 316 332 348 356 372 380 388 396 412 428 436 444 452 460 468 492 500 516 
X^519:  27 75 83 99 115 131 163 179 219 235 259 275 299 307 315 363 379 419 435 443 451 459 467 499 507 
X^520:  2 18 26 74 82 98 138 154 162 170 194 202 242 258 266 274 282 306 314 346 394 402 410 426 450 474 482 498 506 
X^521:  17 25 57 81 97 105 137 153 161 169 185 241 273 297 313 329 345 353 369 377 401 409 441 457 473 497 513 521 
X^522:  0 
checksum: 1828988