619
X^0:  620 
X^1:  
X^2:  
X^3:  619 
X^4:  616 
X^5:  
X^6:  618 
X^7:  
X^8:  612 
X^9:  617 
X^10:  614 
X^11:  611 619 
X^12:  608 
X^13:  
X^14:  
X^15:  
X^16:  
X^17:  
X^18:  
X^19:  
X^20:  
X^21:  
X^22:  
X^23:  
X^24:  612 
X^25:  
X^26:  
X^27:  611 
X^28:  608 
X^29:  
X^30:  610 
X^31:  
X^32:  588 604 
X^33:  609 
X^34:  606 
X^35:  587 603 611 
X^36:  584 600 
X^37:  
X^38:  586 618 
X^39:  
X^40:  580 
X^41:  585 617 
X^42:  582 614 
X^43:  579 587 
X^44:  576 
X^45:  
X^46:  
X^47:  
X^48:  604 
X^49:  617 
X^50:  
X^51:  603 
X^52:  600 
X^53:  
X^54:  602 618 
X^55:  615 
X^56:  596 
X^57:  601 609 617 
X^58:  598 614 
X^59:  595 603 
X^60:  592 
X^61:  613 
X^62:  
X^63:  
X^64:  556 
X^65:  601 617 
X^66:  614 
X^67:  555 611 619 
X^68:  552 
X^69:  605 613 
X^70:  554 602 610 618 
X^71:  599 615 
X^72:  548 596 
X^73:  553 593 601 
X^74:  550 598 614 
X^75:  547 555 595 611 
X^76:  544 592 
X^77:  
X^78:  594 610 618 
X^79:  607 
X^80:  572 588 
X^81:  585 593 601 609 
X^82:  590 606 
X^83:  571 587 595 619 
X^84:  568 584 616 
X^85:  605 613 
X^86:  570 586 602 618 
X^87:  583 
X^88:  548 564 612 
X^89:  569 577 585 593 601 609 
X^90:  566 582 598 
X^91:  547 563 571 603 
X^92:  544 560 
X^93:  581 597 605 613 
X^94:  546 594 610 618 
X^95:  591 607 615 
X^96:  524 540 612 
X^97:  545 569 593 601 609 
X^98:  542 582 590 606 
X^99:  523 539 547 579 587 611 
X^100:  520 536 600 608 616 
X^101:  573 581 597 605 
X^102:  522 554 570 578 586 618 
X^103:  567 583 607 
X^104:  516 596 612 
X^105:  521 553 561 569 577 617 
X^106:  518 550 566 582 590 598 606 614 
X^107:  515 523 579 595 619 
X^108:  512 616 
X^109:  
X^110:  618 
X^111:  
X^112:  612 
X^113:  617 
X^114:  
X^115:  619 
X^116:  608 
X^117:  
X^118:  
X^119:  615 
X^120:  604 
X^121:  609 617 
X^122:  606 
X^123:  
X^124:  600 
X^125:  
X^126:  602 610 
X^127:  
X^128:  596 612 
X^129:  601 617 
X^130:  606 614 
X^131:  611 619 
X^132:  592 616 
X^133:  613 
X^134:  
X^135:  599 615 
X^136:  588 604 612 
X^137:  593 601 609 
X^138:  590 
X^139:  595 
X^140:  584 600 616 
X^141:  613 
X^142:  586 610 618 
X^143:  
X^144:  580 596 612 
X^145:  585 
X^146:  598 606 
X^147:  587 611 
X^148:  576 592 608 
X^149:  
X^150:  594 602 618 
X^151:  583 615 
X^152:  572 588 
X^153:  577 585 609 617 
X^154:  574 598 606 
X^155:  611 619 
X^156:  568 584 600 608 616 
X^157:  
X^158:  570 578 594 
X^159:  607 
X^160:  564 604 612 
X^161:  569 585 609 
X^162:  574 590 
X^163:  579 595 
X^164:  560 576 584 608 
X^165:  581 589 
X^166:  578 610 
X^167:  567 583 615 
X^168:  556 580 604 
X^169:  561 569 577 593 
X^170:  558 598 
X^171:  563 579 603 611 
X^172:  552 584 608 616 
X^173:  605 
X^174:  554 586 594 618 
X^175:  
X^176:  548 580 596 604 
X^177:  553 585 601 609 617 
X^178:  590 606 
X^179:  555 595 611 619 
X^180:  544 576 600 616 
X^181:  597 605 
X^182:  594 610 618 
X^183:  551 583 599 607 615 
X^184:  540 572 588 596 612 
X^185:  545 553 577 585 593 601 
X^186:  542 574 
X^187:  579 595 603 611 
X^188:  536 568 584 592 600 616 
X^189:  589 605 613 
X^190:  538 546 570 610 
X^191:  599 615 
X^192:  532 548 564 580 588 596 
X^193:  537 553 569 593 617 
X^194:  542 550 590 598 606 614 
X^195:  547 555 571 587 611 
X^196:  528 552 560 576 592 608 
X^197:  549 597 605 613 
X^198:  586 602 618 
X^199:  535 551 567 
X^200:  524 540 548 556 572 588 604 
X^201:  529 537 545 561 569 609 617 
X^202:  526 558 582 590 614 
X^203:  531 579 595 
X^204:  520 536 568 576 592 600 616 
X^205:  549 573 597 605 613 
X^206:  522 546 562 578 602 618 
X^207:  591 607 
X^208:  516 532 572 588 596 604 612 
X^209:  521 553 569 577 585 601 609 617 
X^210:  534 542 558 566 
X^211:  523 547 563 571 595 619 
X^212:  512 528 560 568 592 600 
X^213:  565 581 589 597 
X^214:  530 538 554 578 610 618 
X^215:  519 567 575 583 599 607 
X^216:  508 524 540 564 588 596 604 612 
X^217:  513 521 561 569 577 585 593 601 
X^218:  510 534 574 582 590 614 
X^219:  555 571 603 
X^220:  504 520 544 552 560 568 584 592 600 616 
X^221:  557 565 573 581 589 605 613 
X^222:  506 514 530 538 562 570 610 
X^223:  543 567 591 599 615 
X^224:  500 532 540 548 556 564 612 
X^225:  505 521 537 545 561 569 593 601 609 
X^226:  510 526 550 566 582 598 606 
X^227:  515 531 539 555 563 571 587 611 619 
X^228:  496 512 520 528 544 560 568 584 592 600 616 
X^229:  517 525 573 589 605 613 
X^230:  514 578 586 610 
X^231:  503 519 535 551 575 583 599 
X^232:  492 516 524 540 564 580 588 612 
X^233:  497 505 513 537 569 585 601 609 
X^234:  494 526 534 566 582 590 606 
X^235:  499 515 539 595 611 
X^236:  488 552 568 584 600 608 
X^237:  581 597 613 
X^238:  490 554 578 586 602 610 618 
X^239:  599 607 615 
X^240:  484 548 564 580 596 604 
X^241:  489 553 585 609 
X^242:  566 574 606 
X^243:  491 555 579 595 603 
X^244:  480 544 560 576 592 616 
X^245:  589 597 613 
X^246:  562 570 610 
X^247:  487 551 591 599 607 615 
X^248:  476 540 556 588 
X^249:  481 489 545 553 593 601 
X^250:  478 542 566 574 582 590 606 
X^251:  579 587 595 611 
X^252:  472 536 552 568 576 592 600 
X^253:  605 
X^254:  474 482 538 546 562 586 602 618 
X^255:  575 583 607 
X^256:  468 484 532 572 588 596 612 
X^257:  473 489 537 553 569 577 601 609 
X^258:  478 486 542 558 582 614 
X^259:  483 491 547 563 619 
X^260:  464 488 528 544 552 592 608 
X^261:  485 549 557 605 
X^262:  546 570 594 610 
X^263:  471 487 535 551 567 575 583 615 
X^264:  460 476 484 524 548 588 596 612 
X^265:  465 473 481 529 537 545 569 601 609 
X^266:  462 526 574 598 
X^267:  467 531 547 571 579 587 611 619 
X^268:  456 472 488 520 552 568 608 616 
X^269:  485 565 573 589 597 613 
X^270:  458 482 490 522 554 562 570 586 602 610 618 
X^271:  567 591 599 
X^272:  452 468 484 516 548 580 596 
X^273:  457 521 577 601 
X^274:  470 478 558 574 582 606 
X^275:  459 483 523 571 579 587 595 619 
X^276:  448 464 480 512 544 560 568 576 608 
X^277:  557 573 589 597 605 
X^278:  466 474 490 554 562 578 586 594 618 
X^279:  455 487 519 559 575 599 615 
X^280:  444 460 508 540 564 572 580 588 604 
X^281:  449 457 481 489 513 521 561 609 617 
X^282:  446 470 478 510 542 550 558 574 582 606 
X^283:  483 491 547 571 579 603 611 619 
X^284:  440 456 472 480 488 504 536 568 592 608 
X^285:  557 581 613 
X^286:  442 450 466 506 514 538 554 562 570 578 586 602 610 
X^287:  479 551 559 575 591 599 607 615 
X^288:  436 476 484 500 516 532 564 604 612 
X^289:  441 457 481 505 521 553 569 577 593 601 609 
X^290:  446 462 510 518 550 574 614 
X^291:  451 467 515 523 539 555 571 611 
X^292:  432 448 456 480 496 520 528 560 576 584 592 600 616 
X^293:  453 461 517 557 589 597 605 
X^294:  450 482 538 546 554 578 586 594 
X^295:  439 455 487 503 519 543 559 575 591 607 615 
X^296:  428 452 476 492 508 516 524 556 564 604 612 
X^297:  433 441 449 465 497 505 513 545 561 569 601 617 
X^298:  430 470 494 526 534 542 550 566 582 590 598 
X^299:  435 451 475 483 499 547 563 587 611 619 
X^300:  424 456 480 504 560 576 584 600 616 
X^301:  477 517 533 541 549 565 573 581 589 597 605 
X^302:  426 458 466 514 530 538 554 586 610 
X^303:  535 543 551 559 567 575 591 607 615 
X^304:  420 452 468 476 484 500 532 556 580 596 604 
X^305:  425 457 473 481 537 569 577 593 617 
X^306:  462 478 502 510 526 534 542 566 598 614 
X^307:  427 467 483 515 563 587 603 619 
X^308:  416 448 472 480 488 496 536 552 568 616 
X^309:  469 477 525 557 565 613 
X^310:  466 482 490 498 506 554 562 586 602 
X^311:  423 455 471 479 519 527 551 559 567 575 607 615 
X^312:  412 444 460 468 476 484 492 508 524 532 564 572 596 
X^313:  417 425 449 457 465 473 481 489 513 521 561 569 585 
X^314:  414 446 478 502 518 526 574 590 
X^315:  451 467 475 483 523 531 539 547 579 587 603 619 
X^316:  408 440 456 464 512 568 584 600 616 
X^317:  461 477 485 525 533 557 589 613 
X^318:  410 418 442 474 498 506 522 530 570 586 602 610 618 
X^319:  471 487 511 519 535 543 551 559 567 575 599 615 
X^320:  404 420 436 452 460 500 508 556 
X^321:  409 425 441 465 473 513 529 537 545 553 561 577 593 601 609 617 
X^322:  414 422 462 470 486 494 534 590 598 606 
X^323:  419 427 443 459 499 507 523 531 539 547 555 571 611 
X^324:  400 424 432 448 488 496 536 552 560 584 592 608 
X^325:  421 469 477 493 541 549 557 597 
X^326:  458 474 482 490 506 514 530 538 554 594 602 610 618 
X^327:  407 423 439 471 487 511 519 535 551 583 591 599 615 
X^328:  396 412 420 428 444 476 484 492 524 540 556 572 580 588 604 
X^329:  401 409 417 433 441 465 473 489 497 529 537 545 569 593 601 
X^330:  398 430 454 486 494 510 534 542 550 558 566 574 590 614 
X^331:  403 451 483 507 523 555 563 571 603 611 
X^332:  392 408 440 448 456 464 472 488 504 512 552 584 592 600 
X^333:  421 445 469 477 485 501 525 533 557 573 589 605 
X^334:  394 418 434 450 458 474 490 506 522 546 570 578 586 594 602 610 618 
X^335:  463 479 503 527 543 551 559 583 
X^336:  388 404 444 452 460 468 476 484 500 508 532 540 580 588 604 
X^337:  393 425 441 449 473 481 505 521 545 561 577 585 593 609 617 
X^338:  406 414 430 438 518 542 550 582 590 598 606 614 
X^339:  395 419 435 443 459 467 491 499 507 523 531 547 595 611 619 
X^340:  384 400 432 440 448 464 472 496 520 544 560 568 600 608 
X^341:  437 453 461 469 493 501 525 533 549 557 581 597 605 613 
X^342:  402 410 426 450 482 522 530 538 562 578 602 618 
X^343:  391 439 447 471 479 487 495 503 519 527 535 543 551 575 583 607 615 
X^344:  380 396 412 436 444 460 468 476 484 492 524 548 556 572 588 596 604 
X^345:  385 393 433 441 465 473 481 489 505 529 577 585 601 609 
X^346:  382 406 454 462 494 526 534 566 574 582 590 598 606 
X^347:  427 443 475 499 539 547 555 563 571 587 595 603 619 
X^348:  376 392 416 424 432 456 464 472 496 504 520 560 584 600 
X^349:  429 437 445 453 461 477 485 509 517 533 549 557 597 613 
X^350:  378 386 402 410 434 450 482 490 498 514 538 578 594 602 610 618 
X^351:  415 439 463 471 495 503 511 551 559 567 607 615 
X^352:  372 404 412 420 428 452 492 500 516 524 532 548 580 604 
X^353:  377 393 409 417 433 457 465 481 489 497 505 513 537 577 601 
X^354:  382 398 422 438 446 470 478 486 494 502 510 518 542 558 574 606 614 
X^355:  387 403 411 427 435 443 451 483 491 507 515 523 531 539 547 555 579 587 619 
X^356:  368 384 392 400 416 440 464 472 480 488 496 552 584 592 608 
X^357:  389 397 445 453 461 477 485 493 501 517 541 565 573 589 605 613 
X^358:  386 450 458 474 562 578 602 618 
X^359:  375 391 407 423 439 447 479 495 535 543 559 567 575 583 599 607 615 
X^360:  364 388 396 412 428 436 444 460 476 484 492 500 516 524 540 548 556 564 572 580 588 
X^361:  369 377 385 409 433 449 457 465 497 505 513 529 537 553 561 577 601 609 
X^362:  366 398 406 430 438 454 462 470 510 526 574 606 614 
X^363:  371 387 411 435 467 483 499 523 531 547 555 563 571 595 603 611 
X^364:  360 488 520 544 552 584 592 
X^365:  541 573 581 589 605 
X^366:  362 490 522 530 554 578 594 618 
X^367:  599 607 
X^368:  356 484 516 532 540 572 580 588 604 
X^369:  361 489 521 537 545 553 577 585 593 601 617 
X^370:  526 542 566 582 590 
X^371:  363 491 531 547 555 571 579 587 595 611 619 
X^372:  352 480 512 536 552 576 584 600 616 
X^373:  533 541 605 
X^374:  530 546 554 562 586 610 
X^375:  359 487 519 535 543 551 575 591 607 615 
X^376:  348 476 508 524 532 548 588 
X^377:  353 361 481 489 513 521 529 537 593 601 617 
X^378:  350 478 510 574 598 
X^379:  515 531 539 547 563 587 595 611 
X^380:  344 472 504 520 528 536 552 560 584 616 
X^381:  525 541 549 557 581 589 597 605 
X^382:  346 354 474 482 506 546 570 578 586 602 
X^383:  535 551 567 583 
X^384:  340 356 468 484 492 500 516 524 532 564 596 612 
X^385:  345 361 473 489 505 529 553 561 593 601 609 617 
X^386:  350 358 478 486 526 534 542 558 574 590 
X^387:  355 363 483 507 523 547 563 587 595 611 
X^388:  336 360 464 496 512 528 544 552 560 592 600 
X^389:  357 485 533 541 549 557 573 581 589 597 605 
X^390:  490 522 538 546 562 578 594 602 610 
X^391:  343 359 471 487 503 575 599 607 615 
X^392:  332 348 356 460 476 492 508 524 540 548 556 564 572 588 596 612 
X^393:  337 345 353 465 473 481 489 497 505 545 553 561 585 601 617 
X^394:  334 462 486 494 518 526 566 574 590 598 614 
X^395:  339 467 483 491 515 531 563 571 595 611 
X^396:  328 344 360 456 472 480 504 512 528 536 560 568 576 584 600 616 
X^397:  357 485 509 533 557 581 589 597 
X^398:  330 354 362 458 482 498 514 538 546 562 578 586 618 
X^399:  527 543 567 583 591 
X^400:  324 340 356 452 468 508 524 532 556 588 604 
X^401:  329 457 489 505 513 521 537 561 569 593 601 
X^402:  342 350 470 478 494 502 534 550 558 566 574 582 598 606 
X^403:  331 355 459 483 499 507 531 539 547 555 563 571 587 595 
X^404:  320 336 352 448 464 496 504 528 536 544 568 584 600 
X^405:  501 517 525 533 549 589 597 
X^406:  338 346 362 466 474 490 514 530 546 562 578 594 602 618 
X^407:  327 359 455 503 511 519 535 559 583 591 
X^408:  316 332 444 460 476 484 500 524 532 540 548 572 580 596 604 
X^409:  321 329 353 361 449 457 497 505 513 521 529 537 553 561 569 609 617 
X^410:  318 342 350 446 470 510 518 526 566 606 614 
X^411:  355 363 483 491 507 531 539 603 619 
X^412:  312 328 344 352 360 440 456 488 496 504 520 536 544 552 560 568 576 584 600 608 
X^413:  493 501 509 517 541 549 581 605 613 
X^414:  314 322 338 442 450 466 474 482 498 506 546 562 578 602 618 
X^415:  351 479 503 527 551 559 567 583 591 599 607 
X^416:  308 348 356 436 460 468 484 492 500 532 540 556 564 572 580 596 
X^417:  313 329 353 441 457 473 497 505 537 545 553 561 569 585 593 617 
X^418:  318 334 446 462 478 486 502 526 534 542 574 590 598 
X^419:  323 339 451 459 467 483 491 499 507 523 531 547 587 595 
X^420:  304 320 328 352 432 448 464 472 480 496 504 536 544 552 560 568 592 616 
X^421:  325 333 453 461 509 533 541 549 605 
X^422:  322 354 450 458 490 530 538 546 570 578 594 602 
X^423:  311 327 359 439 455 471 487 511 519 535 559 567 583 
X^424:  300 324 348 428 460 476 500 548 564 572 588 596 604 
X^425:  305 313 321 337 433 441 449 457 473 489 505 521 529 561 569 593 601 609 
X^426:  302 342 430 454 462 470 486 502 534 542 590 614 
X^427:  307 323 347 355 435 459 475 531 563 571 579 
X^428:  296 328 352 360 424 448 488 504 528 536 576 584 592 608 
X^429:  349 509 525 533 549 565 605 
X^430:  298 330 338 362 426 490 522 530 538 546 554 562 570 578 594 602 610 
X^431:  
X^432:  292 324 340 348 420 476 484 500 508 524 532 548 564 572 580 588 604 
X^433:  297 329 345 353 361 425 513 529 537 553 601 609 617 
X^434:  334 350 510 518 526 534 558 566 598 614 
X^435:  299 339 355 363 427 475 491 507 523 539 555 571 579 587 595 603 611 619 
X^436:  288 320 344 360 416 472 480 496 520 528 544 560 576 584 592 608 
X^437:  341 349 525 533 549 557 565 573 589 597 605 613 
X^438:  338 354 362 474 490 506 522 530 538 546 570 586 594 618 
X^439:  295 327 343 351 359 423 511 535 591 607 615 
X^440:  284 316 332 340 356 412 468 476 492 532 540 548 580 604 612 
X^441:  289 297 321 329 337 345 417 425 473 545 553 569 585 593 601 609 617 
X^442:  286 318 414 470 478 486 502 518 526 542 550 558 566 574 598 606 614 
X^443:  323 339 347 355 467 475 499 515 547 555 587 595 603 619 
X^444:  280 312 328 336 344 360 408 464 472 488 496 504 512 520 528 544 552 576 584 592 608 
X^445:  333 349 357 485 493 517 541 557 565 573 605 
X^446:  282 290 314 354 410 418 474 482 498 506 514 530 538 546 554 570 578 586 594 602 
X^447:  343 359 503 511 543 567 575 591 607 
X^448:  276 292 308 324 332 340 404 420 428 468 500 508 532 540 548 556 588 604 
X^449:  281 297 313 337 361 409 425 497 505 513 537 545 561 577 585 
X^450:  286 294 334 342 350 358 414 422 478 510 526 534 542 550 574 582 590 598 606 
X^451:  291 299 315 331 355 419 491 579 587 619 
X^452:  272 296 304 320 336 352 400 464 480 496 528 536 552 568 576 592 600 608 
X^453:  293 341 349 357 421 477 509 517 525 557 565 589 605 
X^454:  330 346 362 426 474 482 498 506 554 562 570 586 602 
X^455:  279 295 311 407 423 503 519 527 535 543 599 607 
X^456:  268 284 292 300 316 332 348 396 412 460 468 492 500 508 540 564 572 596 604 
X^457:  273 281 289 305 313 353 361 401 409 417 425 481 497 505 521 537 561 585 
X^458:  270 302 326 334 358 398 422 462 470 502 526 534 550 558 574 582 598 606 
X^459:  275 323 339 403 419 427 499 523 531 555 563 571 579 587 611 
X^460:  264 280 312 320 336 344 360 392 408 416 424 456 464 496 520 528 544 552 576 592 600 
X^461:  293 317 341 349 357 421 477 485 493 501 517 541 557 565 573 581 589 613 
X^462:  266 290 306 322 346 362 394 418 426 458 466 490 506 514 538 546 562 578 586 618 
X^463:  335 351 479 543 591 599 615 
X^464:  260 276 316 332 340 348 356 388 404 420 444 452 460 476 492 532 540 564 580 588 596 604 612 
X^465:  265 297 313 321 329 345 353 361 393 465 473 489 497 505 529 537 561 585 609 
X^466:  278 286 302 310 406 414 462 470 478 486 510 542 566 574 606 
X^467:  267 291 307 315 339 363 395 419 443 467 475 483 491 499 539 571 579 587 603 
X^468:  256 272 304 312 336 344 384 400 416 440 448 456 488 496 504 520 536 544 568 600 616 
X^469:  309 325 333 341 477 493 517 541 565 573 
X^470:  274 282 298 322 354 362 402 410 426 442 458 466 474 490 498 506 514 530 546 562 570 586 618 
X^471:  263 311 319 327 343 351 391 423 479 511 519 535 551 559 575 599 
X^472:  252 268 284 308 332 340 348 356 380 396 420 436 444 476 484 508 532 556 580 
X^473:  257 265 305 313 321 329 337 345 385 393 417 425 441 465 473 481 489 505 513 521 529 545 585 601 
X^474:  254 278 318 326 334 358 382 406 414 438 446 454 470 478 494 534 542 550 558 566 574 582 606 614 
X^475:  299 315 347 427 435 443 467 475 483 507 515 531 547 571 579 611 619 
X^476:  248 264 288 296 304 312 328 336 344 360 376 392 408 424 432 440 464 472 480 496 504 528 536 544 560 568 576 584 600 608 
X^477:  301 309 317 325 333 349 357 453 461 469 477 485 501 509 525 541 549 581 613 
X^478:  250 258 274 282 306 314 354 378 386 402 418 442 450 466 474 482 498 506 514 522 530 538 554 578 586 602 610 
X^479:  287 311 335 343 359 415 463 471 479 503 511 519 527 567 575 607 
X^480:  244 276 284 292 300 308 356 372 396 420 436 452 476 500 532 548 556 572 580 596 612 
X^481:  249 265 281 289 305 313 337 345 353 377 393 457 473 481 505 545 553 577 585 593 601 
X^482:  254 270 294 310 326 342 350 382 398 414 446 454 478 502 510 526 542 550 598 606 614 
X^483:  259 275 283 299 307 315 331 355 363 387 395 403 411 419 467 475 483 491 499 515 523 531 547 555 579 587 603 611 619 
X^484:  240 256 264 272 288 304 312 328 336 344 360 368 384 408 416 432 472 488 496 520 536 552 560 576 592 608 616 
X^485:  261 269 317 333 349 357 389 397 445 461 477 493 533 541 549 557 573 589 597 613 
X^486:  258 322 330 354 386 394 418 426 442 466 522 538 546 554 578 586 602 618 
X^487:  247 263 279 295 319 327 343 375 391 423 495 503 511 519 527 551 583 599 607 615 
X^488:  236 260 268 284 308 324 332 356 364 412 428 444 468 484 492 508 516 532 556 564 572 580 588 596 604 612 
X^489:  241 249 257 281 313 329 345 353 369 377 385 393 401 425 465 473 489 513 521 529 545 561 585 593 609 617 
X^490:  238 270 278 310 326 334 350 366 390 406 422 430 438 462 470 494 502 534 558 590 598 606 614 
X^491:  243 259 283 339 355 371 395 411 419 435 451 467 483 491 523 531 547 555 571 595 
X^492:  232 296 312 328 344 352 360 384 392 416 440 456 464 488 496 512 528 544 584 592 608 616 
X^493:  325 341 357 413 445 461 469 485 501 533 541 549 557 565 597 605 
X^494:  234 298 322 330 346 354 394 402 474 490 514 530 554 586 610 
X^495:  343 351 359 487 495 503 511 527 535 543 559 567 591 615 
X^496:  228 292 308 324 340 348 356 388 404 412 420 436 444 452 460 468 476 484 492 508 524 532 540 556 564 580 
X^497:  233 297 329 353 361 393 409 417 449 457 465 505 521 537 553 561 569 585 601 609 617 
X^498:  310 318 350 398 414 446 454 470 478 518 526 542 566 598 
X^499:  235 299 323 339 347 363 403 419 443 459 467 483 499 507 515 523 531 563 571 603 
X^500:  224 288 304 320 336 352 360 384 408 416 424 432 448 456 480 504 512 536 560 584 592 600 608 616 
X^501:  333 341 357 405 413 461 477 493 501 517 549 557 565 581 589 597 605 613 
X^502:  306 314 354 402 418 426 442 458 482 490 530 538 546 562 570 578 594 610 618 
X^503:  231 295 335 343 351 391 407 415 447 455 479 487 495 503 527 543 575 583 599 607 615 
X^504:  220 284 300 332 348 380 396 404 412 420 428 444 468 476 500 508 532 540 548 556 572 588 596 
X^505:  225 233 289 297 337 345 353 361 385 393 401 409 417 425 449 457 465 473 481 497 505 529 537 585 601 617 
X^506:  222 286 310 318 326 334 382 414 438 446 454 462 470 478 510 518 526 534 574 582 590 598 606 
X^507:  323 331 339 355 387 403 411 419 435 475 499 515 523 539 555 563 571 603 611 
X^508:  216 280 296 312 320 336 376 392 400 432 448 456 472 488 496 504 512 520 528 544 552 560 568 584 592 600 
X^509:  349 397 413 421 429 453 477 525 573 597 605 
X^510:  218 226 282 290 306 330 354 362 378 410 434 450 466 482 506 522 530 538 554 562 570 578 610 618 
X^511:  319 327 351 407 423 439 447 471 479 487 495 511 527 551 559 575 591 599 607 615 
X^512:  108 212 228 276 316 332 372 388 396 444 492 500 508 516 524 532 540 564 572 580 596 612 
X^513:  217 233 281 297 313 321 353 361 377 401 409 433 449 473 489 513 521 545 561 569 585 609 617 
X^514:  222 230 286 302 326 350 398 406 446 462 470 478 494 526 534 558 574 582 590 
X^515:  107 227 235 291 307 355 379 395 443 475 483 499 507 523 547 555 563 587 595 619 
X^516:  104 208 232 272 288 296 352 360 368 384 488 512 520 536 584 600 
X^517:  229 293 301 349 357 405 413 445 453 461 469 501 533 565 605 
X^518:  106 290 314 338 354 394 410 434 442 498 506 530 562 570 578 586 610 
X^519:  215 231 279 295 311 319 327 343 375 407 423 455 471 479 487 519 543 567 575 583 591 607 615 
X^520:  100 204 220 228 268 292 340 348 364 380 412 436 444 460 468 484 508 516 524 532 540 556 572 580 588 596 604 612 
X^521:  105 209 217 225 273 281 289 313 337 369 377 401 409 425 457 473 489 497 513 569 577 593 609 
X^522:  102 206 270 318 334 342 366 390 430 438 478 486 510 526 558 566 574 598 606 614 
X^523:  99 107 211 275 291 315 323 331 339 355 363 387 419 435 459 483 491 499 507 515 531 571 595 619 
X^524:  96 200 216 232 264 296 312 328 344 352 360 376 384 392 400 408 432 496 512 520 528 544 560 600 608 616 
X^525:  229 309 317 333 341 381 405 429 437 453 477 509 525 533 541 565 573 597 605 
X^526:  202 226 234 266 298 306 314 346 362 370 386 394 410 418 434 442 450 458 482 498 506 514 522 554 562 578 594 602 
X^527:  311 335 343 399 415 455 479 487 495 503 511 535 551 559 567 575 583 607 
X^528:  196 212 228 260 292 380 388 396 404 428 436 444 452 460 476 492 508 524 540 548 580 588 596 604 612 
X^529:  201 265 321 329 345 361 377 385 409 425 433 465 473 489 505 529 545 569 577 585 601 609 
X^530:  214 222 302 318 326 342 366 374 406 422 430 438 446 470 478 494 502 510 518 550 590 
X^531:  203 227 267 315 323 339 355 363 371 379 395 403 411 419 427 459 475 483 491 499 523 531 555 563 571 
X^532:  192 208 224 256 288 304 312 336 352 368 376 384 400 408 416 432 440 448 464 472 480 488 496 504 512 520 544 552 568 584 592 608 616 
X^533:  301 317 333 341 349 373 389 397 405 421 429 437 485 493 517 525 605 613 
X^534:  210 218 234 298 306 322 330 346 386 402 418 426 434 450 458 474 490 506 514 546 594 618 
X^535:  199 231 263 303 319 327 343 359 375 383 407 423 439 455 471 495 527 543 567 575 591 599 607 
X^536:  100 188 204 252 284 308 324 372 380 396 404 412 420 428 452 468 476 484 500 516 548 556 564 572 
X^537:  193 201 225 233 257 265 305 321 329 353 361 369 377 401 409 417 433 449 457 465 497 505 553 585 617 
X^538:  190 214 222 254 286 294 302 326 342 350 390 398 422 430 438 446 462 478 486 502 510 574 582 598 606 
X^539:  99 227 235 291 315 323 347 355 379 403 411 435 467 507 539 555 579 595 
X^540:  96 184 200 216 224 232 248 280 328 336 360 368 392 408 416 440 448 456 464 496 504 512 520 528 552 560 584 600 
X^541:  301 325 357 365 373 381 389 413 421 445 461 469 477 485 493 525 541 557 565 
X^542:  98 186 194 210 250 258 282 298 306 330 338 354 370 386 418 426 442 450 466 474 482 498 554 562 586 618 
X^543:  223 295 303 319 335 343 359 375 399 447 455 463 495 503 519 535 551 559 567 575 583 591 599 
X^544:  76 92 180 220 228 244 260 276 340 364 388 404 412 420 436 444 460 468 476 492 508 524 532 548 556 572 588 596 604 612 
X^545:  97 185 201 225 249 265 297 321 329 337 369 393 417 441 449 473 481 489 513 529 545 561 569 577 601 609 617 
X^546:  94 190 206 254 262 294 334 374 382 390 398 406 414 422 430 438 446 462 470 486 502 534 550 558 590 598 606 614 
X^547:  75 91 99 195 211 259 267 283 299 315 323 339 347 355 363 371 379 387 403 419 443 475 483 491 515 547 571 611 619 
X^548:  72 88 176 192 200 224 240 264 272 344 352 360 376 392 408 424 432 440 448 480 504 528 536 544 552 560 576 600 
X^549:  197 205 261 301 325 341 349 381 389 405 413 421 429 437 477 485 493 501 549 557 581 597 605 613 
X^550:  74 106 194 226 282 290 298 330 338 402 442 450 458 474 482 530 546 562 578 594 
X^551:  183 199 231 247 263 287 303 311 319 327 335 343 351 375 383 415 471 487 511 527 543 551 567 607 615 
X^552:  68 172 196 220 236 252 260 268 308 324 332 356 364 372 380 388 412 420 444 452 460 484 508 532 540 548 556 580 588 612 
X^553:  73 105 177 185 193 209 241 249 257 289 321 361 369 385 393 409 417 433 441 481 497 537 553 569 577 585 593 601 609 
X^554:  70 102 174 214 238 270 278 286 294 302 310 326 366 374 430 446 454 478 486 494 510 526 542 574 590 
X^555:  67 75 179 195 219 227 243 291 323 331 347 355 363 371 403 435 443 459 483 491 507 515 531 539 555 571 595 603 
X^556:  64 168 200 224 248 296 304 320 328 344 360 392 400 416 448 472 480 488 496 504 520 536 544 552 576 584 608 616 
X^557:  221 261 277 285 293 309 317 325 333 341 349 381 389 397 437 445 453 461 485 493 501 541 549 557 565 581 589 
X^558:  170 202 210 258 274 282 330 354 386 402 434 442 458 474 490 514 522 546 562 570 578 586 594 602 610 
X^559:  279 287 295 303 311 319 335 351 359 407 415 423 471 495 511 527 543 559 567 575 583 591 607 615 
X^560:  92 164 196 212 220 228 244 276 292 300 324 340 348 380 388 396 412 420 436 476 484 500 508 524 540 548 572 612 
X^561:  105 169 201 217 225 281 297 313 321 337 361 385 393 401 409 417 425 449 457 465 489 497 513 545 577 585 593 
X^562:  206 222 246 254 270 278 286 310 342 358 374 390 398 406 414 430 454 462 470 502 510 518 526 542 550 558 566 574 590 598 606 614 
X^563:  91 171 211 227 259 299 307 331 347 363 379 387 395 403 427 459 499 507 515 531 579 595 603 611 619 
X^564:  88 160 192 216 224 232 240 280 288 296 312 360 384 392 416 424 432 456 464 488 496 512 536 568 584 592 600 
X^565:  213 221 269 301 309 357 429 437 445 453 461 469 493 501 517 525 541 557 573 581 597 613 
X^566:  90 106 210 226 234 242 250 298 306 330 346 370 394 402 410 434 442 466 474 498 522 562 578 586 594 602 618 
X^567:  103 167 199 215 223 263 271 303 311 319 351 359 383 399 415 423 447 479 495 519 527 535 543 551 559 583 591 599 615 
X^568:  84 156 188 204 212 220 228 236 252 268 276 284 308 316 340 396 404 412 420 452 468 476 508 532 564 572 580 588 596 604 612 
X^569:  89 97 105 161 169 193 201 209 217 225 233 257 265 289 297 305 313 329 401 409 417 425 441 497 513 521 529 545 553 569 577 585 601 617 
X^570:  86 102 158 190 222 246 262 270 286 318 334 382 422 430 438 446 454 470 502 510 518 558 
X^571:  83 91 195 211 219 227 267 275 283 291 323 331 347 363 371 395 403 427 435 459 467 475 491 499 507 523 531 547 555 
X^572:  80 152 184 200 208 256 280 312 328 344 360 368 392 408 416 424 432 456 480 488 504 512 520 536 544 560 568 584 592 616 
X^573:  101 205 221 229 269 277 301 333 357 365 389 437 445 461 469 485 509 525 565 613 
X^574:  154 162 186 218 242 250 266 274 282 290 314 330 346 354 362 378 386 394 402 418 442 450 458 466 474 506 514 522 538 554 562 594 610 
X^575:  215 231 255 263 279 287 295 303 311 319 343 359 375 391 447 471 479 503 511 519 527 535 543 559 575 591 607 
X^576:  44 148 164 180 196 204 244 252 276 292 300 372 396 412 428 436 444 452 460 476 484 548 556 580 588 596 
X^577:  89 105 153 169 185 209 217 257 273 289 305 321 337 345 353 361 369 449 481 521 529 545 553 561 569 601 617 
X^578:  102 158 166 206 214 230 238 278 286 294 334 342 350 358 366 382 390 398 406 414 422 430 446 462 478 486 502 510 518 526 550 558 566 590 606 614 
X^579:  43 99 107 163 171 187 203 243 251 267 275 283 315 355 371 427 435 451 459 467 475 483 539 563 579 595 603 619 
X^580:  40 144 168 176 192 232 240 272 280 304 328 336 352 360 368 408 416 432 440 464 472 480 488 496 512 520 528 552 568 576 608 616 
X^581:  93 101 165 213 221 237 285 301 341 365 381 389 397 413 461 477 501 549 557 565 581 605 613 
X^582:  42 90 98 106 202 218 226 234 250 258 274 282 298 338 346 370 402 450 458 474 506 514 538 594 
X^583:  87 103 151 167 183 215 231 255 263 327 335 343 359 383 399 407 415 423 487 503 519 527 543 559 567 607 
X^584:  36 84 140 156 164 172 188 220 228 236 292 300 316 324 332 348 356 364 372 380 396 404 412 428 436 444 476 492 500 508 516 532 540 556 564 572 588 
X^585:  41 81 89 145 153 161 177 185 209 217 233 241 313 337 345 369 393 417 441 449 457 465 473 481 489 497 505 513 529 537 553 561 569 585 593 609 
X^586:  38 86 102 142 174 198 230 238 254 270 278 286 294 302 310 318 334 374 382 398 438 446 454 462 470 478 486 494 518 542 558 566 606 614 
X^587:  35 43 83 99 147 195 227 251 267 275 299 307 315 347 355 371 379 387 403 419 435 443 451 459 467 483 515 587 
X^588:  32 80 136 152 184 192 200 208 216 232 248 256 264 280 328 336 344 360 368 376 392 400 424 432 448 464 488 504 520 528 544 552 568 576 584 600 608 
X^589:  165 189 213 221 229 245 269 277 293 301 317 333 357 365 381 389 397 405 437 453 461 485 501 557 589 597 
X^590:  82 98 106 138 162 178 194 202 218 234 250 298 314 322 330 338 346 370 386 394 418 426 450 490 506 514 530 546 554 562 578 594 618 
X^591:  95 207 223 247 271 287 295 303 327 375 399 407 415 439 447 463 495 511 519 535 543 559 567 575 591 
X^592:  60 76 132 148 188 196 204 212 220 228 244 252 260 284 292 324 332 356 364 388 420 428 436 444 452 460 484 492 500 508 532 564 572 604 612 
X^593:  73 81 89 97 137 169 185 193 217 225 249 289 305 321 329 337 369 377 385 401 417 425 441 481 489 521 553 561 585 601 617 
X^594:  78 94 150 158 174 182 262 278 294 326 334 350 366 390 406 422 430 438 446 502 526 534 550 558 566 574 582 590 598 606 
X^595:  59 75 83 107 139 163 179 187 203 211 235 243 251 275 339 347 363 371 379 387 395 403 419 435 443 491 515 523 539 555 563 579 611 
X^596:  56 72 104 128 144 176 184 192 208 216 240 256 264 272 304 312 344 384 392 408 416 424 456 464 480 488 504 512 520 528 544 568 576 600 608 616 
X^597:  93 101 181 197 205 213 237 245 269 277 293 301 325 341 349 381 389 397 405 437 485 493 501 509 525 549 565 589 597 605 
X^598:  58 74 90 106 146 154 170 194 226 266 298 306 322 338 346 378 394 402 418 434 442 450 458 482 490 498 506 522 538 546 562 594 
X^599:  71 135 183 191 215 223 231 239 247 271 279 287 319 327 359 367 391 415 455 463 471 487 503 511 535 543 567 599 607 
X^600:  36 52 100 124 140 156 180 188 204 212 220 228 236 252 292 300 316 332 340 348 372 388 396 404 412 452 460 468 476 500 508 516 524 540 548 564 588 596 
X^601:  57 65 73 81 89 97 129 137 177 185 209 217 225 233 249 257 265 273 289 297 321 329 345 353 361 369 377 385 393 401 425 433 441 473 481 497 505 529 545 553 569 577 593 
X^602:  54 70 86 126 150 198 206 238 254 270 286 310 318 326 334 342 350 358 382 390 406 414 422 430 446 454 478 486 526 558 566 
X^603:  35 51 59 91 171 187 219 243 283 307 315 331 347 363 411 435 443 467 483 499 507 555 563 579 619 
X^604:  32 48 120 136 160 168 176 200 208 216 240 280 288 296 304 328 336 344 352 368 400 408 424 432 440 448 456 464 488 520 528 544 568 592 616 
X^605:  69 85 93 101 173 181 189 197 205 221 229 253 261 277 293 301 333 341 357 365 373 381 389 413 421 429 437 445 453 493 501 509 517 525 533 549 581 597 605 613 
X^606:  34 82 98 106 122 130 146 154 178 194 226 234 242 250 274 282 322 338 346 354 362 402 410 442 450 458 466 474 482 490 506 522 538 546 562 578 586 594 
X^607:  79 95 103 159 183 207 215 239 247 255 287 295 303 311 343 351 359 367 375 391 415 439 447 455 479 487 503 511 519 527 535 551 559 575 583 599 615 
X^608:  12 28 100 116 148 156 164 172 196 236 260 268 276 284 324 340 356 412 428 436 444 452 476 484 492 500 524 532 556 580 588 596 612 
X^609:  33 57 81 89 97 121 137 153 161 177 201 209 225 233 241 257 265 281 289 321 337 345 361 385 409 425 433 441 465 489 497 513 521 529 545 553 585 609 
X^610:  30 70 78 94 126 142 166 182 190 214 222 230 238 246 262 270 286 302 318 326 334 350 374 390 430 478 494 502 510 518 558 574 614 
X^611:  11 27 35 67 75 99 131 147 155 171 179 187 195 227 235 251 267 283 291 299 323 331 339 363 371 379 387 395 435 459 475 483 507 547 563 595 611 619 
X^612:  8 24 88 96 104 112 128 136 144 160 184 208 216 224 232 256 264 288 296 384 392 440 464 480 488 512 520 528 544 552 560 568 592 608 
X^613:  61 69 85 93 133 141 189 197 205 221 229 237 245 269 285 309 317 341 349 357 413 437 461 477 485 501 533 549 565 573 581 605 613 
X^614:  10 42 58 66 74 106 130 194 202 218 258 290 306 330 338 354 362 394 410 426 434 442 474 482 490 522 546 562 578 586 610 
X^615:  55 71 95 119 135 151 167 183 191 223 239 247 263 279 287 295 303 311 319 327 343 351 359 375 391 439 463 487 495 503 511 519 551 559 567 607 
X^616:  4 84 100 108 132 140 156 172 180 188 204 220 228 244 268 292 300 308 316 372 380 396 420 468 484 492 500 524 532 556 572 580 596 604 
X^617:  9 41 49 57 65 105 113 121 129 153 177 193 201 209 281 297 305 321 337 369 377 385 393 409 417 433 441 489 497 505 513 537 545 569 577 593 617 
X^618:  6 38 54 70 78 86 94 102 110 142 150 174 182 198 206 214 238 254 270 278 318 326 334 342 350 358 366 398 406 414 438 462 470 486 502 510 534 542 566 590 
X^619:  3 11 67 83 107 115 131 155 179 211 227 259 267 275 283 299 307 315 339 347 355 371 411 435 443 451 475 483 515 523 547 563 579 603 611 619 
X^620:  0 
checksum: 3224736