971
X^0:  972 
X^1:  
X^2:  
X^3:  971 
X^4:  968 
X^5:  
X^6:  970 
X^7:  
X^8:  964 
X^9:  969 
X^10:  966 
X^11:  963 
X^12:  960 
X^13:  
X^14:  
X^15:  
X^16:  
X^17:  
X^18:  
X^19:  
X^20:  
X^21:  
X^22:  
X^23:  
X^24:  
X^25:  
X^26:  
X^27:  971 
X^28:  
X^29:  
X^30:  970 
X^31:  
X^32:  
X^33:  969 
X^34:  966 
X^35:  
X^36:  968 
X^37:  
X^38:  962 970 
X^39:  
X^40:  964 
X^41:  961 969 
X^42:  958 966 
X^43:  955 
X^44:  
X^45:  
X^46:  970 
X^47:  
X^48:  956 
X^49:  
X^50:  966 
X^51:  955 963 971 
X^52:  952 
X^53:  
X^54:  954 970 
X^55:  967 
X^56:  948 
X^57:  953 961 
X^58:  950 
X^59:  939 947 963 
X^60:  944 960 968 
X^61:  
X^62:  938 
X^63:  
X^64:  908 956 964 
X^65:  937 953 961 969 
X^66:  934 
X^67:  907 947 955 963 971 
X^68:  904 936 960 968 
X^69:  965 
X^70:  906 930 938 946 970 
X^71:  951 967 
X^72:  900 932 956 964 
X^73:  905 929 937 961 
X^74:  902 926 934 942 950 
X^75:  899 923 947 963 
X^76:  896 
X^77:  965 
X^78:  962 970 
X^79:  
X^80:  964 
X^81:  969 
X^82:  958 
X^83:  963 
X^84:  960 968 
X^85:  957 965 
X^86:  954 962 
X^87:  967 
X^88:  
X^89:  
X^90:  950 
X^91:  963 
X^92:  
X^93:  949 965 
X^94:  946 
X^95:  959 967 
X^96:  940 948 964 
X^97:  969 
X^98:  942 950 958 966 
X^99:  939 947 955 
X^100:  936 944 960 968 
X^101:  941 949 
X^102:  954 970 
X^103:  951 959 
X^104:  932 948 956 
X^105:  937 945 969 
X^106:  942 950 966 
X^107:  931 955 963 
X^108:  928 952 
X^109:  933 949 957 965 
X^110:  930 938 946 954 962 
X^111:  959 967 
X^112:  932 956 964 
X^113:  937 961 969 
X^114:  926 942 958 966 
X^115:  931 971 
X^116:  928 936 952 
X^117:  925 933 941 
X^118:  922 930 938 962 970 
X^119:  935 951 959 967 
X^120:  940 948 964 
X^121:  961 
X^122:  918 934 942 950 
X^123:  931 963 971 
X^124:  936 944 960 
X^125:  917 941 949 957 
X^126:  914 930 938 954 
X^127:  927 935 943 951 967 
X^128:  844 916 932 948 956 964 
X^129:  937 945 969 
X^130:  910 918 934 950 966 
X^131:  843 915 923 939 947 955 
X^132:  840 912 928 936 960 
X^133:  909 917 925 949 
X^134:  842 906 938 962 
X^135:  919 927 943 959 
X^136:  836 916 
X^137:  841 913 945 961 969 
X^138:  838 902 910 926 934 950 
X^139:  835 923 955 971 
X^140:  832 
X^141:  901 933 949 
X^142:  898 906 930 938 
X^143:  943 951 
X^144:  900 924 932 948 
X^145:  905 953 
X^146:  894 926 942 950 
X^147:  899 923 963 971 
X^148:  896 904 920 928 944 952 968 
X^149:  893 901 925 933 
X^150:  890 898 954 962 
X^151:  903 943 967 
X^152:  916 932 940 964 
X^153:  921 953 961 969 
X^154:  886 926 934 950 958 
X^155:  843 899 907 915 931 939 947 963 971 
X^156:  912 928 960 968 
X^157:  885 901 917 933 941 949 965 
X^158:  842 882 906 914 922 930 938 946 954 962 970 
X^159:  895 903 943 951 
X^160:  876 884 900 916 924 932 940 948 956 964 
X^161:  841 929 937 945 961 969 
X^162:  838 878 886 894 910 926 942 958 966 
X^163:  875 883 891 923 931 939 947 963 
X^164:  840 872 880 896 912 920 928 952 960 
X^165:  877 885 909 917 925 933 957 
X^166:  834 842 890 898 906 922 938 946 954 
X^167:  887 895 943 967 
X^168:  836 868 884 892 900 956 964 
X^169:  833 841 873 881 897 929 945 953 961 
X^170:  830 838 878 886 894 902 910 926 934 966 
X^171:  827 867 899 923 931 955 963 971 
X^172:  864 888 920 928 944 968 
X^173:  869 885 893 925 941 965 
X^174:  842 866 874 882 890 914 930 962 970 
X^175:  895 903 911 919 927 935 951 
X^176:  828 868 892 916 940 948 956 964 
X^177:  873 897 905 929 937 969 
X^178:  838 862 878 926 934 950 
X^179:  827 835 843 867 899 923 931 963 971 
X^180:  824 864 872 888 896 912 928 944 952 
X^181:  861 869 877 893 901 909 925 965 
X^182:  826 842 858 866 874 890 898 906 914 922 946 970 
X^183:  839 871 887 895 911 927 943 959 967 
X^184:  820 876 884 916 932 948 964 
X^185:  825 833 913 921 937 953 
X^186:  822 854 870 878 894 918 926 934 
X^187:  811 819 835 867 875 899 907 939 955 971 
X^188:  816 832 840 872 880 896 928 936 944 968 
X^189:  853 877 893 933 965 
X^190:  810 850 866 882 922 930 962 970 
X^191:  863 871 879 887 903 951 
X^192:  780 828 836 852 868 892 900 908 924 932 964 
X^193:  809 825 833 841 881 889 905 921 929 937 961 
X^194:  806 846 854 878 886 902 918 926 942 
X^195:  779 819 827 835 843 851 859 875 891 907 915 923 931 939 947 
X^196:  776 808 832 840 848 864 880 888 896 904 920 928 936 944 952 960 968 
X^197:  837 845 853 861 877 925 941 949 
X^198:  778 802 810 818 866 874 882 898 906 930 938 954 
X^199:  823 839 855 863 879 887 895 919 935 951 967 
X^200:  772 804 828 836 852 868 900 916 924 940 964 
X^201:  777 801 809 833 849 865 873 881 897 921 929 945 961 969 
X^202:  774 798 806 814 822 838 846 870 886 902 926 942 966 
X^203:  771 795 819 835 883 891 899 907 915 923 939 947 955 963 971 
X^204:  768 896 952 960 968 
X^205:  949 957 
X^206:  946 954 
X^207:  967 
X^208:  956 964 
X^209:  953 961 
X^210:  942 958 
X^211:  955 
X^212:  968 
X^213:  941 957 
X^214:  938 962 
X^215:  951 
X^216:  940 956 
X^217:  945 
X^218:  934 942 950 
X^219:  907 947 955 
X^220:  936 944 952 960 968 
X^221:  933 941 965 
X^222:  906 930 938 954 970 
X^223:  967 
X^224:  940 948 964 
X^225:  905 937 945 953 969 
X^226:  902 926 942 950 958 
X^227:  939 955 963 
X^228:  904 
X^229:  925 941 949 
X^230:  898 906 922 970 
X^231:  943 951 959 967 
X^232:  900 924 940 948 956 964 
X^233:  897 905 929 945 
X^234:  894 902 918 926 942 966 
X^235:  891 931 947 955 963 971 
X^236:  920 928 936 944 952 
X^237:  917 925 933 
X^238:  906 914 922 930 938 946 954 970 
X^239:  935 943 959 
X^240:  892 924 940 948 
X^241:  921 929 937 
X^242:  902 910 958 
X^243:  891 899 907 923 939 963 
X^244:  888 928 936 944 960 968 
X^245:  909 933 941 
X^246:  890 922 930 938 954 
X^247:  903 919 935 951 959 
X^248:  884 908 924 956 
X^249:  889 897 913 929 945 969 
X^250:  886 902 910 926 934 950 966 
X^251:  875 883 899 915 923 931 939 947 955 971 
X^252:  880 896 912 920 944 960 968 
X^253:  901 909 917 933 941 949 957 
X^254:  874 898 906 914 938 
X^255:  935 943 959 967 
X^256:  716 844 892 900 908 924 940 948 
X^257:  873 889 897 913 937 945 953 961 969 
X^258:  870 894 918 926 950 958 
X^259:  715 843 883 891 899 931 
X^260:  712 840 872 896 904 912 928 936 944 952 960 968 
X^261:  893 901 949 957 
X^262:  714 842 866 874 882 890 922 946 962 970 
X^263:  887 903 911 927 967 
X^264:  708 836 868 900 908 916 940 
X^265:  713 841 865 873 969 
X^266:  710 838 862 870 878 894 902 918 934 958 
X^267:  707 835 859 883 931 947 
X^268:  704 832 888 896 904 920 928 936 960 
X^269:  885 893 901 917 925 933 949 957 
X^270:  882 890 898 906 914 922 930 
X^271:  903 943 959 
X^272:  892 924 940 948 964 
X^273:  889 897 905 921 929 937 969 
X^274:  878 910 934 950 966 
X^275:  891 899 923 931 963 971 
X^276:  896 928 936 952 
X^277:  877 901 909 941 957 965 
X^278:  874 890 906 922 930 938 946 954 962 
X^279:  887 903 927 935 959 
X^280:  876 892 908 924 932 940 
X^281:  881 913 937 953 961 
X^282:  870 878 902 910 918 926 950 958 966 
X^283:  715 883 891 899 915 931 939 963 
X^284:  872 880 888 896 912 920 936 944 952 
X^285:  869 877 885 901 909 965 
X^286:  714 866 874 882 890 898 922 930 946 
X^287:  895 919 927 935 951 959 967 
X^288:  908 916 940 948 
X^289:  713 873 881 889 905 913 937 
X^290:  710 862 894 902 910 918 942 950 958 
X^291:  883 899 907 915 923 955 963 971 
X^292:  712 872 880 896 904 920 936 960 
X^293:  861 893 909 925 949 
X^294:  706 714 858 914 922 938 954 970 
X^295:  879 919 927 951 
X^296:  708 860 868 876 892 900 908 916 932 948 964 
X^297:  705 713 865 873 897 905 913 921 953 961 
X^298:  702 710 854 862 894 902 926 966 
X^299:  699 883 899 923 931 947 963 
X^300:  856 872 880 888 896 904 912 936 952 960 
X^301:  853 861 901 925 949 957 
X^302:  714 850 858 882 890 898 914 922 930 962 970 
X^303:  871 879 903 911 935 943 967 
X^304:  700 860 868 876 884 932 956 964 
X^305:  857 865 889 905 921 929 953 961 969 
X^306:  710 846 862 894 910 918 958 966 
X^307:  699 707 715 859 867 875 891 923 939 947 955 963 971 
X^308:  696 880 888 896 912 928 952 
X^309:  845 861 877 893 901 925 933 941 965 
X^310:  698 714 842 874 890 914 922 962 970 
X^311:  711 855 895 903 919 927 935 959 
X^312:  692 844 860 884 908 916 940 
X^313:  697 705 849 865 913 921 937 945 953 961 969 
X^314:  694 838 846 854 862 870 902 910 934 950 958 966 
X^315:  683 691 707 851 859 875 891 899 907 915 923 931 
X^316:  688 704 712 840 848 856 880 888 896 904 912 920 928 936 
X^317:  837 845 877 885 917 933 941 
X^318:  682 834 842 874 882 890 930 938 946 954 970 
X^319:  863 895 903 911 919 927 935 959 
X^320:  652 700 708 780 844 852 860 868 916 956 
X^321:  681 697 705 713 841 849 873 881 897 913 953 961 
X^322:  678 830 846 870 886 894 910 926 942 950 958 
X^323:  651 691 699 707 715 779 843 851 859 867 891 907 915 955 963 971 
X^324:  648 680 704 712 776 896 912 960 
X^325:  709 829 845 853 885 893 909 925 957 
X^326:  650 674 682 690 714 778 826 898 914 922 938 954 
X^327:  695 711 847 855 871 879 903 911 919 935 943 951 
X^328:  644 676 700 708 772 828 844 860 884 900 908 916 924 940 948 
X^329:  649 673 681 705 777 833 849 865 881 889 897 945 953 969 
X^330:  646 670 678 686 694 774 822 830 846 878 894 902 910 934 942 950 
X^331:  643 667 691 707 771 835 859 875 899 907 923 931 939 955 963 
X^332:  640 768 824 832 840 888 896 904 912 920 928 936 
X^333:  709 821 829 837 869 893 901 941 
X^334:  706 714 818 826 834 842 866 874 882 890 898 906 914 922 938 954 
X^335:  839 879 887 903 911 927 943 951 959 
X^336:  708 828 860 868 884 892 908 916 924 932 940 948 964 
X^337:  713 825 833 841 897 905 929 953 961 969 
X^338:  702 814 862 886 926 934 942 950 
X^339:  707 827 835 859 891 899 923 947 955 
X^340:  704 712 832 856 864 880 888 896 912 920 928 936 944 960 968 
X^341:  701 709 813 837 861 869 877 901 909 933 949 965 
X^342:  698 706 810 826 874 906 946 
X^343:  711 823 839 879 887 919 935 951 959 967 
X^344:  812 828 852 868 892 900 916 924 932 964 
X^345:  817 857 881 889 905 913 945 953 
X^346:  694 806 814 862 878 886 902 934 942 950 958 
X^347:  707 779 819 827 835 843 851 867 875 891 923 939 947 955 963 
X^348:  808 816 824 832 840 848 864 872 880 888 896 904 928 944 
X^349:  693 709 805 813 821 853 909 917 925 933 941 957 965 
X^350:  690 778 802 810 818 826 850 858 890 898 946 970 
X^351:  703 711 831 879 887 903 911 919 927 935 951 967 
X^352:  684 692 708 852 860 868 884 900 916 940 948 956 
X^353:  713 777 809 817 825 841 865 897 921 929 937 953 961 969 
X^354:  686 694 702 710 774 798 846 878 886 902 918 926 942 966 
X^355:  683 691 699 819 835 859 867 883 907 915 939 947 963 971 
X^356:  680 688 704 712 776 808 816 832 848 856 864 880 888 928 936 960 968 
X^357:  685 693 797 845 853 869 893 933 941 
X^358:  698 714 770 778 794 826 834 882 906 930 
X^359:  695 703 815 839 895 903 919 967 
X^360:  676 692 700 772 796 804 812 860 876 884 892 924 932 940 956 964 
X^361:  681 689 713 769 777 801 809 833 881 889 897 921 953 961 
X^362:  686 694 710 766 774 790 798 822 830 846 854 886 902 926 942 958 
X^363:  675 699 707 763 819 827 843 859 891 899 907 915 939 947 963 971 
X^364:  672 696 792 808 816 872 880 888 904 912 928 936 952 
X^365:  677 693 701 709 789 797 821 829 853 877 885 893 909 917 933 949 957 
X^366:  674 682 690 698 706 778 786 794 842 858 866 882 890 906 914 922 930 938 946 962 
X^367:  703 711 807 815 839 847 855 863 887 927 935 943 959 
X^368:  676 700 708 764 796 804 812 820 828 852 860 868 876 884 892 908 932 940 956 964 
X^369:  681 705 713 793 801 833 841 857 873 889 921 929 937 945 961 
X^370:  670 686 702 710 774 782 798 814 830 846 870 878 886 926 934 950 958 966 
X^371:  675 715 763 771 779 795 803 811 867 899 915 931 939 971 
X^372:  672 680 696 760 816 824 840 848 864 872 880 896 912 944 952 960 968 
X^373:  669 677 685 781 797 829 837 877 909 917 925 965 
X^374:  666 674 682 706 714 762 834 850 858 866 874 882 898 922 946 962 
X^375:  679 695 703 711 775 791 847 855 863 879 895 903 911 919 935 951 
X^376:  684 692 708 756 780 796 812 820 828 844 852 860 868 876 892 908 916 924 932 940 948 956 
X^377:  705 761 769 785 801 817 841 857 873 881 889 905 913 937 953 961 969 
X^378:  662 678 686 694 758 774 782 790 798 814 822 830 846 862 878 894 910 926 934 942 958 966 
X^379:  675 707 715 747 755 771 787 795 819 827 835 851 859 875 891 907 923 955 971 
X^380:  680 688 704 752 768 784 792 808 848 856 872 880 888 896 928 936 944 952 960 968 
X^381:  661 685 693 701 773 781 805 821 837 845 869 877 933 941 965 
X^382:  658 674 682 698 746 770 778 802 810 818 834 842 890 898 914 922 938 946 
X^383:  671 679 687 695 711 799 823 831 871 887 895 903 911 967 
X^384:  588 660 676 692 700 708 716 764 772 780 788 796 804 812 820 828 836 852 860 884 892 916 924 956 
X^385:  681 689 713 745 761 769 785 809 833 841 849 865 873 897 905 929 937 961 969 
X^386:  654 662 678 694 710 742 766 782 798 814 838 846 862 886 894 910 942 966 
X^387:  587 659 667 683 691 699 715 755 763 771 787 795 803 811 827 851 875 883 907 915 931 939 947 955 963 971 
X^388:  584 656 672 680 704 712 744 768 776 808 856 864 904 912 920 952 
X^389:  653 661 669 693 765 773 781 789 797 813 821 845 853 917 925 933 957 
X^390:  586 650 682 706 714 738 746 754 762 778 794 802 810 826 858 866 874 922 930 946 970 
X^391:  663 671 687 703 759 775 783 791 815 823 831 839 847 863 871 887 895 903 911 919 927 943 967 
X^392:  580 660 708 740 772 780 804 812 828 836 844 860 876 900 916 932 
X^393:  585 657 689 705 737 745 785 801 809 817 841 849 857 889 897 905 913 945 953 961 969 
X^394:  582 646 654 670 678 694 710 734 742 750 766 782 790 838 846 854 870 878 926 934 942 966 
X^395:  579 667 699 707 715 731 755 803 827 843 867 875 891 899 907 915 923 931 947 971 
X^396:  576 704 760 768 776 792 800 808 824 832 840 848 880 888 944 952 968 
X^397:  645 677 693 757 765 789 797 805 837 853 861 877 885 941 965 
X^398:  642 650 674 682 754 762 786 794 802 818 826 834 842 890 898 954 962 970 
X^399:  687 695 775 815 831 839 847 863 887 895 903 911 951 959 967 
X^400:  644 668 676 692 764 772 796 812 820 828 836 844 852 876 884 900 948 956 964 
X^401:  649 697 761 769 793 801 809 825 833 857 889 905 921 929 937 953 961 
X^402:  638 670 686 694 750 766 782 806 814 822 838 846 878 894 958 966 
X^403:  643 667 707 715 763 795 803 827 835 867 875 883 899 907 915 939 963 
X^404:  640 648 664 672 688 696 712 776 800 808 824 832 840 848 856 864 888 896 904 920 
X^405:  637 645 669 677 749 765 781 829 861 877 885 901 917 925 933 941 957 965 
X^406:  634 642 698 706 746 770 778 794 802 818 866 922 946 954 962 
X^407:  647 687 711 759 799 807 823 831 839 855 863 871 887 903 919 927 951 959 
X^408:  660 676 684 708 748 764 780 796 804 828 844 852 900 916 924 948 956 964 
X^409:  665 697 705 713 753 785 809 817 825 865 873 881 913 945 961 969 
X^410:  630 670 678 694 702 742 750 758 774 782 790 798 806 814 822 838 846 878 886 894 902 918 926 942 950 958 
X^411:  587 643 651 659 675 683 691 707 715 755 763 787 803 811 819 827 851 859 891 907 923 931 947 955 971 
X^412:  656 672 704 712 744 752 760 768 784 792 840 848 856 872 888 896 920 928 936 968 
X^413:  629 645 661 677 685 693 709 741 749 781 805 813 821 837 861 885 901 917 933 941 949 
X^414:  586 626 650 658 666 674 682 690 698 706 714 738 746 762 770 794 810 834 842 850 866 874 882 890 906 922 930 946 
X^415:  639 647 687 695 775 791 799 807 823 831 847 863 879 903 919 935 951 967 
X^416:  620 628 644 660 668 676 684 692 700 708 748 756 772 780 788 820 828 844 852 860 868 876 892 924 932 964 
X^417:  585 673 681 689 705 713 745 753 761 785 817 841 849 865 881 897 913 929 945 
X^418:  582 622 630 638 654 670 686 702 710 734 750 758 782 790 798 814 830 838 870 878 902 926 934 942 950 
X^419:  619 627 635 667 675 683 691 707 747 763 771 779 787 795 811 827 843 883 899 907 923 947 963 
X^420:  584 616 624 640 656 664 672 696 704 792 808 816 840 848 856 872 880 888 904 928 944 952 960 
X^421:  621 629 653 661 669 677 701 733 749 757 765 781 821 829 853 861 869 877 893 901 917 925 933 957 965 
X^422:  578 586 634 642 650 666 682 690 698 730 762 778 786 826 834 850 858 882 890 906 930 946 954 970 
X^423:  631 639 687 711 751 759 767 791 799 815 823 831 839 855 863 879 887 927 943 959 
X^424:  580 612 628 636 644 700 708 732 748 756 772 780 788 796 804 812 828 836 844 852 868 876 892 924 948 964 
X^425:  577 585 617 625 641 673 689 697 705 737 753 769 785 793 801 825 833 841 865 881 889 897 913 937 945 961 969 
X^426:  574 582 622 630 638 646 654 670 678 710 726 734 750 758 766 790 806 846 878 894 934 950 958 966 
X^427:  571 611 643 667 675 699 707 715 739 755 763 795 819 827 843 859 867 875 883 899 915 939 947 955 963 
X^428:  608 632 664 672 688 712 728 736 744 752 768 776 784 792 800 824 840 848 864 872 880 888 944 952 968 
X^429:  613 629 637 669 685 709 725 733 741 757 765 789 821 829 845 861 869 893 909 917 925 933 949 965 
X^430:  586 610 618 626 634 658 674 706 714 722 730 738 746 802 834 850 858 866 874 890 898 906 922 938 
X^431:  639 647 655 663 671 679 695 743 751 767 783 815 839 847 879 903 935 
X^432:  572 612 636 660 684 692 700 708 732 748 756 764 772 796 828 852 860 884 892 908 940 
X^433:  617 641 649 673 681 713 729 737 745 761 769 825 841 857 881 905 921 929 945 953 969 
X^434:  582 606 622 670 678 694 718 750 774 790 798 830 838 854 862 878 886 894 902 918 934 942 
X^435:  571 579 587 611 643 667 675 707 715 731 747 763 779 811 819 827 835 843 851 859 867 875 899 907 923 939 955 
X^436:  568 608 616 632 640 656 672 688 696 736 744 752 768 784 800 808 824 840 848 864 888 912 920 928 952 
X^437:  605 613 621 637 645 653 669 709 717 741 765 773 781 805 813 853 877 933 957 965 
X^438:  570 586 602 610 618 634 642 650 658 666 690 730 738 762 770 786 794 802 834 850 858 882 
X^439:  583 615 631 639 655 671 687 703 711 727 743 759 799 807 847 855 863 887 911 919 927 935 951 959 
X^440:  564 620 628 660 676 692 708 716 732 748 772 788 796 812 876 884 892 900 908 932 956 964 
X^441:  569 577 657 665 681 697 721 737 769 793 809 817 841 849 857 865 873 889 905 913 953 961 969 
X^442:  566 598 614 622 638 662 670 678 710 718 734 750 758 790 806 822 830 838 846 910 942 958 966 
X^443:  555 563 579 611 619 643 651 683 699 715 723 731 739 747 763 803 811 843 851 859 891 899 923 931 947 955 963 
X^444:  560 576 584 616 624 640 672 680 688 720 728 744 760 840 864 872 880 888 896 912 920 936 952 968 
X^445:  597 621 637 677 717 725 765 773 781 789 813 837 861 877 901 933 941 949 957 965 
X^446:  554 594 610 626 666 674 722 738 754 770 778 794 802 810 818 826 834 858 874 882 890 922 930 938 962 
X^447:  607 615 623 631 647 695 743 751 759 767 783 791 799 823 831 847 855 879 911 919 927 
X^448:  524 572 580 596 612 636 644 668 676 708 716 732 756 764 772 804 812 828 852 868 884 892 916 948 964 
X^449:  553 569 577 585 625 633 649 665 673 681 705 713 721 769 793 817 841 849 865 873 881 889 897 905 913 921 969 
X^450:  550 590 598 622 630 646 662 670 686 702 726 774 790 806 814 822 878 886 942 950 958 
X^451:  523 563 571 579 587 595 603 619 635 659 667 675 683 691 715 739 747 755 779 787 795 803 811 827 859 867 875 899 923 931 939 955 
X^452:  520 552 576 584 592 608 624 632 640 664 672 680 688 696 704 712 720 736 744 776 784 816 832 840 848 856 872 880 920 944 960 
X^453:  581 589 597 605 621 669 685 693 701 733 789 797 821 837 853 861 885 893 925 933 965 
X^454:  522 546 554 562 610 618 626 642 674 682 714 746 762 778 786 794 802 826 842 866 882 890 898 914 930 954 
X^455:  567 583 599 607 623 631 639 663 679 695 711 719 735 743 767 775 799 815 823 839 855 863 871 895 903 911 919 935 943 959 967 
X^456:  516 548 572 580 596 612 660 668 684 700 708 716 724 732 756 764 804 828 836 852 868 884 892 908 916 924 956 964 
X^457:  521 545 553 577 593 609 617 625 641 649 665 673 689 713 737 761 769 785 801 809 817 825 833 841 849 865 889 897 905 913 921 937 945 953 
X^458:  518 542 550 558 566 582 590 614 630 670 686 694 702 734 742 750 798 830 862 934 958 966 
X^459:  515 539 563 579 627 635 651 659 667 683 691 699 715 747 763 771 787 795 803 867 875 883 891 899 907 923 931 939 955 
X^460:  512 768 936 944 
X^461:  837 901 933 941 949 
X^462:  834 842 898 906 930 946 954 970 
X^463:  927 943 951 967 
X^464:  836 900 924 932 940 948 956 
X^465:  841 905 921 929 945 953 
X^466:  830 894 942 958 966 
X^467:  835 899 931 947 963 
X^468:  832 840 896 904 936 944 
X^469:  829 837 893 901 925 957 965 
X^470:  826 834 890 898 922 946 
X^471:  839 903 919 935 943 
X^472:  932 948 964 
X^473:  913 937 969 
X^474:  822 886 942 950 958 
X^475:  835 899 939 947 
X^476:  912 936 944 960 968 
X^477:  821 837 885 901 925 933 941 949 957 965 
X^478:  818 882 914 922 938 946 954 962 970 
X^479:  831 839 895 903 911 927 935 951 967 
X^480:  812 820 836 884 900 916 932 940 948 
X^481:  841 913 921 929 945 953 969 
X^482:  814 822 830 838 878 886 894 902 926 934 942 950 966 
X^483:  811 819 827 883 891 907 931 947 955 963 971 
X^484:  808 816 832 840 880 896 928 936 
X^485:  813 821 877 885 917 957 965 
X^486:  826 842 874 890 906 914 922 930 962 
X^487:  823 831 887 895 903 927 935 943 951 959 
X^488:  804 820 828 884 892 900 908 916 
X^489:  809 817 841 881 897 921 929 937 945 953 
X^490:  814 822 838 870 878 886 918 942 950 958 
X^491:  803 827 835 891 907 915 939 947 963 
X^492:  800 824 888 904 912 920 928 944 
X^493:  805 821 829 837 869 885 893 909 941 965 
X^494:  802 810 818 826 834 866 874 882 890 922 930 938 946 970 
X^495:  831 839 903 967 
X^496:  804 828 836 868 908 924 932 948 964 
X^497:  809 833 841 873 889 913 921 929 945 953 
X^498:  798 814 830 838 862 878 894 902 910 918 942 950 
X^499:  803 843 867 899 907 915 923 963 
X^500:  800 808 824 864 872 888 936 952 
X^501:  797 805 813 861 869 877 893 933 941 965 
X^502:  794 802 810 834 842 858 866 874 890 898 914 930 938 962 970 
X^503:  807 823 831 839 871 895 903 919 935 943 951 967 
X^504:  812 820 836 876 884 924 948 956 
X^505:  833 881 913 937 945 953 961 
X^506:  790 806 814 822 854 870 878 886 910 926 934 950 
X^507:  803 835 843 867 875 907 915 923 939 963 
X^508:  808 816 832 872 912 920 928 936 944 952 
X^509:  789 813 821 829 853 877 885 901 933 949 965 
X^510:  786 802 810 826 850 866 882 906 922 930 946 954 970 
X^511:  799 807 815 823 839 863 871 887 903 911 927 935 943 951 959 967 
X^512:  460 716 788 804 820 828 836 852 868 908 916 932 940 964 
X^513:  809 817 841 873 913 921 945 961 969 
X^514:  782 790 806 822 838 846 854 886 942 950 958 
X^515:  459 715 787 795 811 819 827 851 859 883 915 923 955 
X^516:  456 712 784 800 808 832 848 864 872 904 928 952 960 
X^517:  781 789 797 821 845 853 861 893 909 917 933 
X^518:  458 714 778 810 834 842 866 882 922 930 946 954 962 
X^519:  791 799 815 831 855 863 871 879 887 895 903 911 919 927 935 943 959 
X^520:  452 708 788 852 876 900 916 932 940 964 
X^521:  457 713 785 817 833 841 849 945 953 961 
X^522:  454 710 774 782 798 806 822 838 846 870 894 902 934 958 
X^523:  451 707 795 827 843 867 875 883 891 915 947 963 
X^524:  448 704 872 880 896 912 920 936 944 960 
X^525:  773 805 821 837 877 909 917 925 933 949 
X^526:  770 778 802 810 834 842 882 890 898 906 922 930 938 954 
X^527:  815 823 863 895 903 911 919 935 951 959 
X^528:  772 796 804 820 836 860 876 892 900 908 940 948 956 
X^529:  777 825 841 857 865 881 889 897 905 913 929 937 945 961 
X^530:  766 798 814 822 830 862 870 886 894 910 918 942 950 
X^531:  771 795 843 875 883 891 907 915 947 955 
X^532:  768 776 792 800 816 824 832 864 872 928 936 944 968 
X^533:  765 773 797 805 829 837 869 893 957 965 
X^534:  762 770 874 882 890 898 906 914 
X^535:  775 815 855 887 911 919 927 943 959 967 
X^536:  788 804 812 836 876 892 916 924 932 940 948 956 
X^537:  793 825 833 841 849 865 873 881 897 913 921 937 945 953 
X^538:  758 798 806 830 854 862 870 878 886 894 966 
X^539:  459 715 771 779 787 803 811 819 843 883 891 907 931 939 947 971 
X^540:  784 800 832 840 848 880 888 904 920 936 952 
X^541:  757 773 789 805 813 853 861 885 925 933 957 965 
X^542:  458 714 754 778 786 794 802 810 826 834 842 866 882 890 898 922 930 938 946 954 962 970 
X^543:  767 775 815 823 831 839 847 863 871 927 935 943 951 959 
X^544:  748 756 772 788 796 804 812 828 868 876 884 892 932 956 964 
X^545:  457 713 801 809 817 833 841 849 865 873 881 905 913 921 929 945 953 961 969 
X^546:  454 710 750 758 766 782 798 822 846 870 894 902 918 934 950 958 
X^547:  747 755 763 795 803 811 827 835 843 851 867 883 891 923 939 955 971 
X^548:  456 712 744 752 768 784 792 800 816 824 848 856 864 912 928 936 952 
X^549:  749 757 781 789 797 805 813 821 829 845 861 877 901 917 925 933 957 
X^550:  450 458 706 714 762 770 778 794 818 866 874 890 898 922 930 938 954 970 
X^551:  759 767 815 823 831 855 863 871 935 951 967 
X^552:  452 708 740 756 764 772 820 844 852 860 868 892 916 932 940 956 964 
X^553:  449 457 705 713 745 753 769 801 825 857 873 881 889 913 921 945 953 969 
X^554:  446 454 702 710 750 758 766 774 782 798 814 822 862 870 886 910 918 926 934 942 966 
X^555:  443 699 739 771 795 803 835 859 875 891 899 907 931 939 947 955 
X^556:  736 760 792 800 816 824 848 864 896 952 960 968 
X^557:  741 757 765 797 805 813 821 829 845 861 869 877 885 901 909 925 933 941 957 965 
X^558:  458 714 738 746 754 762 786 810 818 826 842 850 858 882 914 930 938 946 970 
X^559:  767 775 783 791 799 807 823 839 847 855 871 887 903 911 927 935 951 967 
X^560:  444 700 740 764 788 804 812 820 828 844 852 860 868 876 900 924 948 956 
X^561:  745 769 777 801 825 841 849 865 881 905 921 929 937 945 953 961 
X^562:  454 710 734 750 806 814 822 846 854 878 894 902 934 958 966 
X^563:  443 451 459 699 707 715 739 771 795 835 843 851 859 875 899 907 923 955 963 971 
X^564:  440 696 736 744 760 768 784 808 816 832 848 856 872 880 888 904 952 
X^565:  733 741 749 765 773 781 805 813 845 869 925 933 949 957 
X^566:  442 458 698 714 730 738 746 762 770 778 786 802 810 818 834 842 874 882 898 906 930 954 970 
X^567:  455 711 743 759 767 783 799 807 815 839 847 863 895 903 919 927 935 959 
X^568:  436 692 748 756 788 804 812 884 892 908 924 932 964 
X^569:  441 449 697 705 785 793 809 817 825 833 849 865 873 889 913 921 929 937 953 961 
X^570:  438 694 726 742 750 766 798 814 830 846 854 862 894 910 926 934 950 958 966 
X^571:  427 435 451 683 691 707 739 747 771 779 803 827 899 907 923 931 947 971 
X^572:  432 448 456 688 704 712 744 752 768 800 816 840 848 880 888 920 928 936 952 
X^573:  725 749 765 789 805 813 861 893 917 925 933 941 949 957 965 
X^574:  426 682 722 738 754 786 794 826 834 858 874 882 890 906 922 930 954 962 970 
X^575:  735 743 751 759 775 799 807 839 863 879 911 927 935 943 959 967 
X^576:  396 444 452 652 700 708 724 740 764 772 780 788 796 820 836 852 860 868 884 924 956 964 
X^577:  425 441 449 457 681 697 705 713 753 761 777 793 801 825 833 841 881 945 969 
X^578:  422 678 718 726 750 758 774 782 798 822 846 854 886 910 918 926 958 
X^579:  395 435 443 451 459 651 691 699 707 715 723 731 747 763 779 803 811 819 859 867 883 891 899 907 923 931 939 947 
X^580:  392 424 448 456 648 680 704 712 720 736 752 760 768 776 784 792 832 848 856 864 880 904 912 936 944 960 
X^581:  453 709 717 725 733 749 781 789 829 845 861 869 877 925 933 941 957 
X^582:  394 418 426 434 458 650 674 682 690 738 746 754 770 826 850 858 866 874 882 898 946 962 
X^583:  439 455 695 711 727 735 751 759 767 799 815 823 831 839 847 855 871 879 887 903 911 919 943 959 967 
X^584:  388 420 444 452 644 676 700 708 724 740 772 796 852 868 876 884 892 900 908 948 956 964 
X^585:  393 417 425 449 649 673 681 705 721 737 745 753 769 785 793 801 817 841 849 857 889 897 905 921 929 953 961 
X^586:  390 414 422 430 438 646 670 678 686 694 710 718 742 758 782 798 814 830 838 854 862 878 886 910 926 934 942 958 966 
X^587:  387 411 435 451 643 667 691 707 755 763 771 779 787 795 803 819 835 843 859 867 875 883 907 955 963 
X^588:  384 640 768 808 816 824 832 840 856 872 880 896 904 912 928 952 960 
X^589:  453 773 805 813 829 837 853 861 877 885 893 909 917 933 957 
X^590:  450 458 770 778 802 834 850 858 882 898 906 914 922 938 946 954 962 970 
X^591:  799 815 823 871 911 919 927 943 951 959 
X^592:  452 772 796 804 812 820 876 892 924 964 
X^593:  457 777 793 801 817 833 841 857 881 897 905 913 945 961 969 
X^594:  446 766 830 838 846 862 870 886 894 918 926 934 950 958 966 
X^595:  451 771 803 819 827 867 875 883 891 899 907 939 955 
X^596:  448 456 768 776 808 816 832 856 888 896 912 920 936 944 
X^597:  445 453 765 773 797 813 829 845 861 877 893 909 917 941 957 965 
X^598:  442 450 762 770 794 810 818 826 842 858 866 874 882 890 898 906 922 938 946 954 970 
X^599:  455 775 791 807 815 823 839 863 871 943 951 967 
X^600:  804 812 820 828 836 844 852 876 884 892 908 940 964 
X^601:  785 809 817 841 849 897 905 913 937 953 961 969 
X^602:  438 758 806 822 830 838 846 854 870 894 902 926 942 958 966 
X^603:  451 771 779 811 827 835 843 875 883 923 939 
X^604:  784 824 840 872 880 888 920 928 936 952 
X^605:  437 453 757 773 797 829 845 853 877 893 901 909 917 925 933 941 949 965 
X^606:  434 754 778 786 794 802 850 866 922 946 954 962 970 
X^607:  447 455 767 775 783 799 807 823 831 839 855 871 879 895 919 935 943 951 959 
X^608:  428 436 452 756 772 788 804 820 876 884 892 916 940 948 
X^609:  457 777 785 793 801 809 841 873 881 889 897 905 913 945 961 
X^610:  430 438 446 454 750 758 766 806 814 822 830 838 854 862 878 902 918 966 
X^611:  427 435 443 755 763 779 803 811 827 843 851 891 915 923 931 939 
X^612:  424 432 448 456 752 768 776 800 808 816 832 840 888 896 904 920 936 944 952 960 968 
X^613:  429 437 749 757 789 797 837 885 901 909 933 957 
X^614:  442 458 746 762 770 786 802 810 842 850 858 874 906 922 954 962 
X^615:  439 447 759 767 775 799 807 823 831 847 855 863 871 879 887 895 903 919 927 935 951 
X^616:  420 436 444 756 764 780 788 796 812 828 836 844 860 876 884 908 916 932 948 
X^617:  425 433 457 753 777 793 809 817 825 865 889 905 913 929 937 945 
X^618:  430 438 454 742 750 758 766 774 798 806 814 822 830 854 878 886 918 934 
X^619:  419 443 451 779 787 803 811 827 835 851 859 891 907 915 
X^620:  416 440 760 776 784 808 824 840 848 856 864 872 880 888 896 912 936 944 952 968 
X^621:  421 437 445 453 741 757 765 781 789 797 813 837 845 853 861 869 877 901 909 925 949 957 965 
X^622:  418 426 434 442 450 738 746 754 762 778 786 802 810 826 898 930 938 946 962 
X^623:  447 455 775 807 815 839 863 871 879 895 903 919 943 959 
X^624:  420 444 452 740 764 780 812 828 836 844 860 868 876 884 892 900 908 932 940 948 956 964 
X^625:  425 449 457 745 761 785 817 833 849 865 873 881 897 913 953 961 
X^626:  414 430 446 454 734 750 766 790 798 814 822 838 846 854 862 878 886 918 950 958 966 
X^627:  419 459 739 763 787 803 811 843 851 859 867 883 923 931 939 947 963 971 
X^628:  416 424 440 736 744 808 816 824 856 880 896 904 920 928 936 944 
X^629:  413 421 429 733 741 749 765 781 797 805 845 861 877 893 909 933 941 949 965 
X^630:  410 418 426 450 458 730 738 746 770 786 802 826 834 842 850 858 866 882 890 898 922 930 938 946 
X^631:  423 439 447 455 743 767 807 815 823 831 839 887 903 951 959 
X^632:  428 436 452 748 780 820 852 860 868 884 892 900 908 932 940 948 964 
X^633:  449 753 761 769 801 809 817 825 865 873 881 889 897 905 913 921 929 937 953 969 
X^634:  406 422 430 438 726 742 750 774 790 822 830 838 870 878 886 902 942 
X^635:  419 451 459 739 755 771 779 819 827 835 843 851 907 915 939 955 971 
X^636:  424 432 448 744 752 768 800 808 816 824 832 848 856 864 872 880 888 904 920 936 968 
X^637:  405 429 437 445 725 749 757 781 805 813 821 845 861 877 885 893 901 917 933 957 965 
X^638:  402 418 426 442 722 738 746 754 770 794 802 810 818 826 858 866 890 914 922 938 
X^639:  415 423 431 439 455 735 743 759 775 783 807 815 823 831 839 879 887 903 927 943 951 
X^640:  332 404 420 436 444 452 588 716 724 740 764 772 796 820 844 876 900 908 924 940 964 
X^641:  425 433 457 761 769 793 809 817 825 833 849 857 865 873 881 897 905 921 945 
X^642:  398 406 422 438 454 718 726 742 758 766 782 806 830 838 910 926 966 
X^643:  331 403 411 427 435 443 587 715 723 731 763 771 803 811 819 827 835 859 915 939 947 955 971 
X^644:  328 400 416 424 448 584 712 720 736 768 800 808 824 832 848 864 872 896 968 
X^645:  397 405 413 437 717 725 733 773 805 813 821 829 845 853 869 885 909 917 941 
X^646:  330 394 426 450 586 746 762 778 794 802 834 858 874 890 914 930 
X^647:  407 415 431 447 727 735 743 751 767 799 815 823 855 863 887 903 927 935 943 951 959 
X^648:  324 404 580 708 724 740 748 780 788 796 812 820 836 844 852 868 876 884 892 900 908 932 956 964 
X^649:  329 401 433 449 457 585 713 721 737 745 785 801 817 857 865 873 889 905 929 937 961 
X^650:  326 390 398 414 422 438 582 718 734 750 774 782 806 822 838 854 870 894 902 910 926 934 950 958 966 
X^651:  323 411 443 459 579 707 731 739 747 763 787 795 803 811 827 835 843 851 867 907 939 963 971 
X^652:  320 576 704 744 752 760 776 784 792 800 808 824 832 840 856 888 896 904 936 944 952 968 
X^653:  389 421 437 709 749 757 765 781 789 797 805 813 821 829 837 845 853 861 901 909 917 941 949 957 965 
X^654:  386 394 418 426 706 714 770 778 794 802 810 826 866 882 890 898 938 946 
X^655:  431 439 735 767 783 791 839 847 863 879 887 903 919 959 967 
X^656:  388 412 420 436 708 732 748 780 796 804 812 820 836 844 852 860 868 884 892 924 932 948 964 
X^657:  393 441 713 729 737 753 777 785 825 849 873 921 929 937 945 
X^658:  382 414 430 438 702 734 742 750 758 782 790 806 814 822 830 838 846 878 918 926 942 950 958 
X^659:  387 411 451 459 707 747 755 779 787 795 803 843 875 883 891 915 931 955 
X^660:  384 392 408 416 432 440 456 704 712 736 744 776 792 800 824 832 840 864 880 920 952 968 
X^661:  381 389 413 421 701 709 741 749 805 813 829 845 853 909 941 949 957 965 
X^662:  378 386 442 450 698 706 754 762 778 786 794 818 834 850 858 866 874 914 922 930 946 954 962 970 
X^663:  391 431 455 711 727 783 791 799 807 823 831 847 855 863 911 919 927 935 943 967 
X^664:  404 420 428 452 804 812 828 852 860 892 900 924 940 956 
X^665:  409 441 449 457 721 737 745 769 785 793 801 817 833 841 849 873 889 897 905 913 929 937 961 
X^666:  374 414 422 438 446 694 726 734 766 790 806 838 846 854 862 870 878 926 934 950 958 
X^667:  331 387 395 403 419 427 435 451 459 587 707 787 811 819 827 835 859 867 875 915 931 939 947 963 971 
X^668:  400 416 448 456 720 744 768 784 808 832 872 880 904 920 928 936 
X^669:  373 389 405 421 429 437 453 693 709 725 733 741 749 757 773 797 805 813 829 837 869 885 893 901 941 957 965 
X^670:  330 370 394 402 410 418 426 434 442 450 458 586 690 746 754 770 794 802 810 826 834 842 874 882 890 914 930 946 970 
X^671:  383 391 431 439 703 711 719 735 743 775 807 815 831 863 887 895 935 
X^672:  364 372 388 404 412 420 428 436 444 452 692 708 740 748 764 772 780 804 812 828 836 844 852 860 868 876 908 924 932 940 948 964 
X^673:  329 417 425 433 449 457 585 721 737 761 777 801 809 817 825 841 849 857 865 873 881 921 929 937 945 953 969 
X^674:  326 366 374 382 398 414 430 446 454 582 686 694 702 710 718 734 742 750 758 790 798 806 814 822 830 838 862 870 934 942 966 
X^675:  363 371 379 411 419 427 435 451 691 699 715 723 739 755 771 779 787 811 819 827 891 899 939 963 971 
X^676:  328 360 368 384 400 408 416 440 448 584 688 704 720 728 736 744 800 816 824 864 880 888 920 928 952 
X^677:  365 373 397 405 413 421 445 685 693 717 757 773 805 821 829 837 845 853 861 869 885 901 917 925 933 949 
X^678:  322 330 378 386 394 410 426 434 442 578 586 682 698 730 738 762 778 786 794 802 810 818 826 842 858 866 874 898 922 946 
X^679:  375 383 431 455 695 703 711 727 735 743 751 759 767 775 783 791 807 815 823 839 879 887 895 903 919 927 943 951 959 967 
X^680:  324 356 372 380 388 444 452 580 692 700 708 716 724 748 756 772 796 836 844 860 868 876 884 892 900 924 932 940 964 
X^681:  321 329 361 369 385 417 433 441 449 577 585 689 705 729 737 761 769 777 865 881 905 913 945 
X^682:  318 326 366 374 382 390 398 414 422 454 574 582 678 686 694 710 726 750 758 766 774 782 822 838 846 902 918 934 942 958 
X^683:  315 355 387 411 419 443 451 459 571 699 715 731 747 755 763 771 811 819 827 843 859 867 875 891 899 907 915 923 931 939 955 
X^684:  352 376 408 416 432 456 696 712 720 728 736 744 752 760 792 832 840 848 888 904 912 920 944 952 960 968 
X^685:  357 373 381 413 429 453 677 693 701 709 717 725 749 757 773 797 805 813 829 837 845 853 861 877 885 917 925 949 957 965 
X^686:  330 354 362 370 378 402 418 450 458 586 674 682 690 698 706 738 746 762 794 818 826 834 866 874 882 890 930 946 
X^687:  383 391 399 407 415 423 439 711 719 727 751 759 767 783 791 799 807 815 831 839 847 855 863 879 895 911 919 935 951 
X^688:  316 356 380 404 428 436 444 452 572 676 708 716 724 740 756 764 780 788 828 844 852 860 876 892 908 956 
X^689:  361 385 393 417 425 457 681 697 721 729 745 753 769 785 817 841 857 873 881 889 913 921 929 961 
X^690:  326 350 366 414 422 438 582 670 686 726 750 774 782 790 838 862 910 942 950 
X^691:  315 323 331 355 387 411 419 451 459 571 579 587 675 723 763 779 787 803 819 835 851 859 883 891 899 923 947 955 971 
X^692:  312 352 360 376 384 400 416 432 440 568 672 680 696 704 720 728 736 768 792 808 816 840 864 880 888 904 912 936 944 
X^693:  349 357 365 381 389 397 413 453 669 677 685 709 749 773 781 821 837 861 869 885 909 925 941 
X^694:  314 330 346 354 362 378 386 394 402 410 434 458 570 586 666 674 682 706 714 730 738 754 770 810 842 866 874 882 890 906 914 938 954 962 
X^695:  327 359 375 383 399 415 431 447 455 583 679 703 719 727 735 743 759 775 783 791 807 815 839 847 863 879 911 919 927 935 943 959 967 
X^696:  308 364 372 404 420 436 452 564 684 692 708 716 732 764 772 780 788 796 804 812 828 844 868 876 892 908 932 940 948 956 
X^697:  313 321 401 409 425 441 569 577 689 705 745 753 761 777 785 801 817 833 849 857 873 897 913 921 937 953 969 
X^698:  310 342 358 366 382 406 414 422 566 662 678 686 702 710 726 742 766 790 798 806 814 822 838 854 894 910 926 934 942 950 
X^699:  299 307 323 355 363 387 395 427 443 459 555 563 579 675 683 715 723 731 739 747 763 779 795 803 819 859 875 883 891 907 915 947 955 
X^700:  304 320 328 360 368 384 416 424 432 456 560 576 584 680 712 728 752 768 776 808 816 832 840 848 856 864 872 880 888 896 952 960 968 
X^701:  341 365 381 421 453 661 685 717 725 733 741 749 757 789 797 813 829 845 853 877 885 893 917 925 933 957 965 
X^702:  298 338 354 370 410 418 450 458 554 658 674 698 706 722 730 754 762 770 778 786 802 810 818 834 842 850 866 930 938 946 954 970 
X^703:  351 359 367 375 391 439 671 679 695 711 735 743 799 871 887 895 911 919 935 951 959 967 
X^704:  268 316 324 340 356 380 388 396 412 420 452 524 572 580 652 660 676 692 716 724 740 772 780 804 812 828 836 852 892 948 
X^705:  297 313 321 329 369 377 393 409 417 425 449 553 569 577 585 681 697 721 745 753 761 777 801 809 817 833 841 865 881 897 905 921 953 961 
X^706:  294 334 342 366 374 390 406 414 430 550 654 662 686 694 702 718 734 766 774 790 814 838 846 862 870 894 910 918 934 942 966 
X^707:  267 307 315 323 331 339 347 363 379 395 403 411 419 427 435 523 563 571 579 587 651 659 667 715 731 747 755 795 827 835 851 859 875 891 907 915 923 963 
X^708:  264 296 320 328 336 352 368 376 384 392 408 416 424 432 440 448 456 520 552 576 584 648 656 672 680 688 696 712 728 752 776 824 848 856 864 872 896 912 920 928 952 
X^709:  325 333 341 349 365 413 429 437 581 653 661 669 685 693 717 733 741 749 797 813 829 845 861 869 877 901 909 925 933 949 957 
X^710:  266 290 298 306 354 362 370 386 394 418 426 442 522 546 554 562 586 674 682 698 714 722 738 770 778 786 802 842 850 874 890 938 954 962 
X^711:  311 327 343 351 367 375 383 407 423 439 455 567 583 663 671 679 687 703 727 735 743 759 767 775 783 791 799 807 815 847 863 871 879 895 903 919 927 951 
X^712:  260 292 316 324 340 356 388 404 412 428 452 516 548 572 580 644 660 684 700 708 716 756 772 780 788 796 812 820 836 852 868 876 884 956 964 
X^713:  265 289 297 321 337 353 361 369 385 409 417 433 449 457 521 545 553 577 649 657 721 729 753 761 785 801 809 817 825 833 841 849 857 881 929 945 961 
X^714:  262 286 294 302 310 326 334 358 374 390 414 430 454 518 542 550 558 566 654 694 710 734 758 798 806 838 846 854 862 878 886 894 910 918 926 934 942 950 
X^715:  259 283 307 323 371 379 387 395 403 411 427 435 443 451 459 515 539 563 579 643 675 683 699 707 731 739 747 771 779 803 827 835 851 867 899 907 915 931 963 971 
X^716:  256 384 440 448 456 512 640 680 688 696 704 712 760 768 776 784 792 800 816 832 848 856 864 880 904 928 944 952 960 
X^717:  437 445 581 645 677 685 701 709 741 765 845 853 861 869 877 885 893 917 949 
X^718:  434 442 578 586 642 650 674 706 738 746 754 762 786 794 810 818 834 842 858 866 898 922 930 938 954 970 
X^719:  455 671 687 695 751 759 775 783 815 823 839 847 855 871 879 895 919 951 959 
X^720:  444 452 580 644 668 676 684 692 732 740 756 764 772 780 788 804 820 828 844 860 868 884 916 924 932 956 
X^721:  441 449 585 649 665 673 689 705 713 769 793 817 849 873 881 889 929 937 
X^722:  430 446 574 638 702 710 734 758 766 814 830 846 854 886 894 902 910 926 942 950 958 
X^723:  443 579 643 675 691 699 731 763 795 811 843 851 859 867 875 883 971 
X^724:  456 576 584 640 648 680 688 704 728 736 752 760 776 784 792 816 832 840 856 864 872 880 896 904 912 920 928 944 960 968 
X^725:  429 445 573 581 637 645 669 685 701 733 741 749 765 781 821 829 837 869 885 893 901 917 925 933 941 957 965 
X^726:  426 450 570 578 634 642 666 682 690 698 746 762 770 778 810 826 834 842 850 858 866 874 882 914 922 930 938 970 
X^727:  439 583 647 663 679 687 695 711 751 759 775 807 831 839 847 855 879 887 903 911 951 967 
X^728:  428 444 676 684 692 700 708 724 740 764 772 788 796 804 812 828 836 860 876 892 900 916 932 940 964 
X^729:  433 657 681 689 713 729 753 761 777 801 809 825 833 849 857 905 913 921 953 961 969 
X^730:  422 430 438 566 630 678 694 702 734 750 774 790 798 854 862 910 942 950 966 
X^731:  395 435 443 579 643 651 683 699 707 715 723 739 747 763 771 795 811 835 843 851 875 899 915 931 939 963 
X^732:  424 432 440 448 456 656 696 720 736 744 752 760 768 776 784 800 824 840 848 856 872 880 896 912 920 944 960 968 
X^733:  421 429 453 565 581 629 645 669 701 709 725 757 773 781 805 813 821 829 837 861 885 901 925 949 957 965 
X^734:  394 418 426 442 458 562 626 650 658 666 674 706 714 722 730 754 762 770 802 826 834 842 874 890 906 922 930 938 946 954 962 
X^735:  455 575 583 639 647 655 671 679 695 703 711 751 759 767 791 823 839 855 863 871 879 903 919 927 
X^736:  428 436 452 556 564 580 628 644 660 676 684 692 724 732 740 788 804 844 868 892 900 924 932 948 964 
X^737:  393 425 433 441 457 585 649 657 665 673 681 737 769 785 793 817 825 833 857 865 873 897 921 937 953 961 969 
X^738:  390 414 430 438 446 558 566 574 582 622 630 638 678 686 694 710 718 766 782 790 798 806 814 830 862 886 910 918 950 966 
X^739:  427 443 451 555 563 571 627 635 651 675 699 715 731 739 763 803 811 827 835 851 883 891 899 923 931 963 
X^740:  392 552 560 576 584 624 640 648 672 688 704 720 728 736 760 768 784 792 808 832 856 864 872 904 920 928 952 960 
X^741:  413 429 437 557 565 621 629 661 669 701 709 717 725 741 749 757 765 781 797 805 837 869 941 949 965 
X^742:  386 394 410 458 570 586 618 634 642 658 674 698 746 754 762 778 810 826 834 842 858 874 890 898 906 914 946 
X^743:  431 439 447 455 567 575 631 639 647 671 679 695 703 711 759 799 807 839 871 879 887 895 903 911 919 935 967 
X^744:  388 412 428 436 444 452 548 564 572 628 636 652 660 668 676 684 732 748 772 780 788 812 844 852 868 884 892 908 916 932 948 964 
X^745:  385 393 417 433 553 561 585 625 649 665 689 697 705 761 809 817 833 849 865 897 913 937 945 953 961 
X^746:  382 390 406 414 430 454 558 566 582 614 622 630 638 646 670 686 718 726 742 750 806 814 822 830 838 862 870 878 886 894 902 910 942 958 966 
X^747:  379 419 435 443 451 459 547 571 579 651 659 683 699 707 715 731 771 787 795 819 827 835 851 875 883 891 899 915 939 963 
X^748:  408 416 424 432 440 544 568 632 648 656 672 680 744 752 808 824 840 848 872 896 912 928 936 944 952 968 
X^749:  405 413 421 549 565 573 581 613 629 637 653 661 669 685 693 701 709 725 741 749 773 789 797 813 829 837 861 869 877 885 893 901 909 917 925 949 957 
X^750:  394 402 410 418 426 434 442 458 546 554 562 570 578 610 618 626 634 650 658 674 682 690 730 746 770 778 802 810 834 842 866 874 882 890 898 914 922 946 954 962 
X^751:  423 431 447 575 583 647 679 687 719 727 735 759 775 783 791 799 815 823 831 839 863 887 919 935 943 951 959 967 
X^752:  380 412 428 436 548 572 580 612 636 652 684 700 708 724 732 748 756 764 772 788 796 836 884 892 908 916 924 940 948 964 
X^753:  409 417 425 553 577 585 617 633 657 689 697 705 713 729 785 793 809 841 881 897 929 953 961 
X^754:  390 398 446 542 558 574 582 606 622 638 662 670 694 702 718 734 742 758 782 790 798 806 814 822 854 862 870 886 910 918 926 934 950 966 
X^755:  379 387 395 411 427 451 547 587 611 635 659 675 683 707 771 795 803 827 867 915 931 939 947 955 
X^756:  376 416 424 432 448 456 544 552 568 608 616 680 688 712 720 752 760 792 808 824 832 840 856 872 904 920 928 944 960 
X^757:  397 421 429 541 549 557 605 613 621 637 653 669 677 685 701 733 741 773 789 797 805 853 869 877 909 917 941 965 
X^758:  378 410 418 426 442 538 546 554 578 586 602 610 618 642 658 674 682 714 722 754 794 810 826 834 866 874 882 906 938 954 962 970 
X^759:  391 407 423 439 447 551 567 575 583 615 639 679 687 695 711 719 727 735 743 751 775 791 799 807 823 839 847 871 887 895 903 935 943 959 967 
X^760:  372 396 412 444 556 564 580 620 652 684 716 724 732 740 756 764 772 780 788 796 804 812 820 844 876 892 900 908 932 948 956 
X^761:  377 385 401 417 433 457 577 625 633 641 673 681 697 705 713 729 745 761 769 777 801 833 841 881 889 905 929 953 961 
X^762:  374 390 398 414 422 438 454 534 550 558 566 598 614 622 646 662 678 686 702 718 726 734 742 790 806 814 822 830 838 862 870 878 886 894 926 934 942 966 
X^763:  363 371 387 403 411 419 427 435 443 459 547 579 587 611 627 643 651 683 691 699 723 731 739 763 795 819 827 835 843 851 859 867 883 947 971 
X^764:  368 384 400 408 432 448 456 552 560 576 616 624 640 672 688 696 720 728 752 760 768 784 800 808 816 848 856 864 872 880 920 936 944 952 
X^765:  389 397 405 421 429 437 445 533 557 565 573 597 621 629 653 717 725 741 773 797 805 813 829 845 853 877 893 901 917 925 933 941 949 
X^766:  362 386 394 402 426 530 546 554 570 594 610 618 626 642 666 682 698 706 722 738 770 778 786 842 850 858 874 882 946 954 962 
X^767:  423 431 447 455 543 551 559 567 583 607 615 631 647 655 679 687 711 735 767 783 799 815 823 839 847 855 879 887 895 903 919 935 951 959 967 
X^768:  204 332 380 388 396 412 428 436 460 532 548 564 572 580 588 596 612 636 644 668 692 700 716 732 740 764 804 812 820 836 844 852 876 892 908 916 924 940 956 964 
X^769:  361 377 385 401 425 433 441 449 457 553 561 585 633 641 665 681 689 721 737 761 769 801 809 833 849 873 889 929 937 953 961 
X^770:  358 382 406 414 438 446 526 534 550 566 582 590 598 614 630 638 654 670 694 702 710 726 734 750 766 790 814 838 854 870 878 886 894 918 
X^771:  203 331 371 379 387 419 459 531 539 555 563 571 587 595 603 635 643 675 683 715 731 747 755 779 787 795 819 843 875 883 891 915 963 
X^772:  200 328 360 384 392 400 416 424 432 440 448 528 544 552 576 584 592 608 640 672 680 696 704 712 720 728 744 752 760 800 808 824 832 840 848 856 872 888 904 936 944 952 
X^773:  381 389 437 445 525 533 541 565 589 597 605 645 669 677 685 693 733 749 757 765 781 789 813 821 837 861 869 877 885 909 917 925 949 965 
X^774:  202 330 354 362 370 378 410 434 450 522 554 578 618 634 650 682 690 706 730 786 834 842 850 858 874 890 970 
X^775:  375 391 399 415 455 535 543 559 575 599 607 615 623 639 671 679 695 711 719 727 751 759 775 799 807 823 839 847 855 863 887 895 903 911 919 927 
X^776:  196 324 356 388 396 404 428 452 532 580 596 612 620 652 660 700 708 716 724 732 804 892 900 916 940 948 964 
X^777:  201 329 353 361 529 561 577 593 609 617 657 673 681 697 705 729 761 777 793 817 833 873 889 897 905 921 929 937 953 969 
X^778:  198 326 350 358 366 382 390 406 422 446 454 518 526 542 550 566 590 606 622 646 654 662 678 702 710 726 742 750 766 790 814 846 862 878 886 942 950 966 
X^779:  195 323 347 371 419 435 451 539 571 579 587 603 611 619 635 659 675 691 699 715 771 779 787 803 811 827 859 899 931 939 955 963 
X^780:  192 320 376 384 392 408 416 424 576 616 624 632 648 656 672 688 696 704 712 720 744 760 792 800 824 832 840 848 896 904 912 936 944 968 
X^781:  373 381 389 405 413 421 437 445 517 549 565 581 621 629 637 653 693 725 733 741 773 789 797 813 821 837 845 853 869 885 893 901 909 925 949 957 
X^782:  370 378 386 394 402 410 418 514 522 546 554 578 586 642 650 658 682 690 738 754 786 794 810 818 834 842 866 874 882 890 898 954 962 970 
X^783:  391 431 447 559 567 607 639 655 663 679 687 695 711 719 751 767 783 807 815 831 847 863 871 887 895 903 911 927 951 
X^784:  380 412 428 436 452 516 540 548 564 580 604 620 652 668 716 724 732 740 764 796 804 820 836 852 860 868 876 900 924 932 940 
X^785:  377 385 393 409 417 425 457 521 569 585 601 609 625 649 657 665 689 697 713 737 753 809 817 841 849 857 865 873 881 889 897 929 953 961 969 
X^786:  366 398 422 438 454 510 542 558 566 574 606 614 622 630 662 678 702 710 718 766 774 782 798 806 814 822 830 838 862 878 918 926 942 958 966 
X^787:  379 387 411 419 451 459 515 539 587 619 627 651 659 667 675 691 747 771 779 787 795 811 819 827 835 867 883 891 899 931 939 963 971 
X^788:  384 416 424 440 512 520 536 544 560 568 576 608 616 648 688 696 712 720 728 736 744 752 760 792 832 840 856 872 912 920 928 952 960 968 
X^789:  365 389 397 429 445 453 509 517 541 549 573 581 613 621 653 701 749 757 773 781 789 821 869 893 901 917 941 949 
X^790:  362 378 394 410 418 426 434 442 450 506 514 626 634 658 666 674 690 698 706 730 738 754 762 770 778 794 818 826 842 898 938 946 954 970 
X^791:  375 391 415 423 447 519 559 599 655 663 679 687 695 711 735 751 759 791 799 807 847 871 879 927 935 959 967 
X^792:  364 380 396 412 420 428 532 548 556 580 652 660 684 692 716 724 740 756 780 788 796 804 812 828 844 860 868 876 892 900 940 948 964 
X^793:  369 401 425 441 449 537 569 577 585 593 609 617 641 665 721 737 753 777 809 825 849 857 865 873 881 905 929 945 953 969 
X^794:  358 366 390 398 406 414 438 446 454 502 542 550 574 598 606 638 646 654 662 670 678 686 718 758 782 790 806 814 830 838 846 862 878 886 910 950 958 
X^795:  203 371 379 387 403 419 427 451 459 515 523 531 547 555 563 587 651 659 699 707 723 731 747 755 763 771 787 795 811 827 851 859 867 907 923 931 947 955 971 
X^796:  360 368 376 384 400 408 424 432 440 528 544 576 584 592 616 640 648 656 680 696 712 728 752 760 784 792 800 816 824 840 856 864 880 896 944 952 
X^797:  357 365 373 389 397 453 501 517 533 549 557 597 605 613 621 629 653 669 685 701 709 741 749 757 765 781 829 837 845 877 885 893 901 925 933 949 957 
X^798:  202 354 362 370 378 386 410 418 434 458 498 522 530 538 546 554 570 578 586 618 626 674 698 714 730 738 754 786 802 826 850 882 890 906 930 
X^799:  383 407 415 423 439 447 455 511 519 559 567 575 583 591 607 615 647 663 687 703 711 743 751 759 767 775 791 815 831 863 871 879 895 903 911 919 943 951 967 
X^800:  396 404 428 436 492 500 516 532 540 548 556 572 612 636 644 652 660 676 716 732 764 772 780 796 804 828 836 860 908 924 940 956 964 
X^801:  201 361 369 377 393 401 425 457 545 553 561 577 585 593 609 633 649 665 673 697 705 713 729 761 769 801 833 841 849 873 889 905 921 953 961 969 
X^802:  198 350 382 390 398 406 430 438 446 454 494 502 510 526 542 566 590 606 614 622 630 638 646 654 670 678 702 710 734 750 798 822 830 846 854 862 878 910 934 966 
X^803:  371 387 395 403 411 443 451 459 491 499 507 539 547 555 571 579 587 595 611 619 627 643 651 659 691 699 715 739 755 779 819 827 843 875 899 907 915 923 931 939 947 971 
X^804:  200 360 368 384 392 408 424 448 456 488 496 512 528 536 544 560 568 592 600 608 656 664 672 696 704 720 728 736 760 768 776 784 792 800 808 816 872 880 888 896 912 928 936 968 
X^805:  349 381 397 413 437 493 501 525 533 541 549 557 565 573 589 629 637 645 653 661 669 677 685 733 741 757 765 805 837 845 861 885 901 909 917 925 933 957 
X^806:  194 202 346 402 410 426 442 450 506 514 522 538 562 602 610 618 642 650 658 666 674 698 714 738 746 754 762 786 794 834 858 874 882 906 914 946 954 
X^807:  367 407 415 439 503 511 559 567 575 599 607 615 623 631 639 663 671 679 687 695 711 727 743 759 775 783 791 807 823 855 863 871 903 927 935 959 
X^808:  196 348 356 364 380 388 396 404 420 436 484 500 508 516 564 588 596 612 620 628 636 644 652 668 692 700 740 748 756 764 772 804 820 836 860 868 892 900 916 932 940 948 
X^809:  193 201 353 361 385 393 401 409 441 457 489 497 513 545 569 601 609 617 633 641 673 705 713 729 745 753 769 785 793 809 833 865 881 897 905 921 953 969 
X^810:  190 198 342 350 382 390 414 446 494 502 510 518 526 542 558 566 598 614 622 638 654 670 678 694 702 718 726 742 750 758 782 822 830 838 854 862 870 878 886 902 942 958 966 
X^811:  187 371 387 411 419 435 443 451 483 515 539 547 579 603 611 619 627 643 651 667 675 683 723 731 739 779 787 795 811 819 827 843 851 867 875 891 907 947 
X^812:  344 360 368 376 384 392 400 424 440 448 480 504 536 544 560 568 592 600 616 624 648 656 664 672 696 704 712 728 744 760 768 792 816 832 840 848 856 864 888 936 944 952 
X^813:  341 349 389 413 437 445 485 501 509 541 549 557 565 573 589 597 621 637 645 653 661 669 685 701 709 733 749 765 773 781 813 821 829 837 853 869 885 901 917 925 965 
X^814:  202 338 346 370 378 386 402 410 418 450 482 490 498 506 530 554 562 570 586 610 618 626 658 674 698 706 722 738 746 754 762 770 778 786 794 826 850 882 906 914 922 930 970 
X^815:  359 367 391 399 423 431 455 511 519 527 535 543 551 567 583 591 599 623 631 639 647 671 679 687 695 711 719 751 767 783 799 815 831 839 847 895 919 959 967 
X^816:  188 348 356 364 372 420 452 484 508 532 548 556 564 572 588 596 612 628 636 676 692 700 716 724 764 796 804 812 828 844 852 868 884 892 900 908 948 956 
X^817:  345 353 377 393 409 417 441 449 457 489 513 521 545 569 585 593 601 617 625 633 641 649 665 673 689 697 705 713 721 737 745 777 785 825 833 849 857 865 873 889 937 945 961 
X^818:  198 334 350 382 398 406 446 478 494 550 558 566 598 638 662 678 686 702 718 782 790 830 846 854 886 894 910 934 958 966 
X^819:  187 195 203 347 355 363 379 411 427 435 483 515 539 579 587 595 635 643 667 675 683 691 699 747 763 771 787 803 811 819 835 867 875 891 899 907 915 931 939 947 963 
X^820:  184 368 376 384 400 416 480 488 504 512 528 552 560 576 592 600 608 632 640 648 656 712 720 760 768 784 808 824 840 856 864 880 896 912 920 928 952 968 
X^821:  333 349 365 381 389 413 421 429 453 477 485 493 509 517 525 549 557 637 645 653 677 693 725 733 773 781 789 813 837 853 861 901 909 917 925 933 957 965 
X^822:  186 202 330 362 378 402 410 442 450 474 482 490 506 514 522 530 546 554 562 578 602 610 618 626 634 650 658 674 682 698 746 754 762 786 802 810 834 874 882 890 914 930 938 954 
X^823:  199 343 383 391 407 415 423 447 455 487 503 511 527 543 551 559 583 591 599 607 615 631 639 647 663 679 719 735 751 759 767 775 807 839 847 863 887 903 911 919 927 935 943 967 
X^824:  180 332 348 372 396 404 428 436 492 500 532 548 556 588 604 620 628 636 644 652 660 676 708 732 748 756 772 780 796 820 852 868 892 908 916 932 964 
X^825:  185 193 337 353 401 409 425 433 457 529 537 553 561 569 577 617 633 641 657 673 713 729 737 793 817 833 857 873 889 913 945 969 
X^826:  182 326 334 342 350 358 390 398 422 446 454 470 486 494 510 542 558 574 582 598 622 630 638 654 670 678 686 726 734 742 758 790 798 814 830 838 846 862 870 878 886 902 910 934 950 958 
X^827:  171 179 195 339 347 363 379 387 395 403 411 419 427 435 451 483 491 515 523 547 571 595 603 611 619 635 643 651 667 675 683 707 715 739 747 755 763 779 787 795 803 811 827 843 867 891 899 907 915 931 947 955 971 
X^828:  176 192 200 328 336 344 368 376 384 392 400 408 416 424 432 448 456 488 496 512 544 560 600 616 624 664 672 688 696 704 720 728 792 800 816 832 864 872 880 896 904 936 944 952 960 
X^829:  325 333 365 373 405 421 429 469 493 509 533 549 557 581 589 597 605 645 653 661 669 677 685 701 709 725 733 749 765 797 813 837 853 869 877 901 925 949 957 965 
X^830:  170 322 330 362 370 378 418 434 442 458 466 482 498 530 538 570 586 594 602 610 618 634 642 658 674 722 738 746 762 786 794 802 810 818 826 842 850 858 866 906 922 930 962 
X^831:  351 383 391 399 407 415 423 447 479 487 495 503 519 543 551 583 607 615 631 639 663 671 687 727 751 783 799 815 847 855 871 887 911 919 927 935 951 959 
X^832:  140 188 196 268 332 340 348 356 396 404 452 468 484 508 516 532 540 564 580 588 596 612 636 644 652 660 668 684 700 716 724 740 756 772 780 788 812 828 852 868 876 884 892 900 908 940 956 964 
X^833:  169 185 193 201 329 337 361 369 385 401 425 457 497 505 521 537 545 569 577 593 625 641 665 697 705 713 729 737 745 761 769 777 801 809 817 825 833 849 857 865 889 897 905 913 945 953 
X^834:  166 318 334 358 374 382 398 414 422 430 438 446 462 470 494 502 518 526 542 566 574 590 630 646 662 670 686 702 718 726 734 742 750 758 774 782 806 822 838 846 862 886 902 918 934 942 
X^835:  139 179 187 195 203 267 331 339 347 355 379 403 435 467 475 491 507 547 555 563 587 603 619 635 643 651 667 691 707 715 731 739 747 763 787 819 859 875 883 915 923 947 971 
X^836:  136 168 192 200 264 384 392 400 424 456 464 480 496 504 512 528 536 576 600 616 624 648 656 672 680 704 712 728 752 768 784 800 808 840 864 880 896 904 920 928 936 944 960 
X^837:  197 317 333 341 373 381 397 413 445 453 461 469 477 493 525 533 589 613 621 653 669 677 685 693 725 733 741 749 773 781 797 805 813 821 829 837 845 869 877 885 901 925 965 
X^838:  138 162 170 178 202 266 314 386 394 402 410 418 434 442 482 490 498 514 522 586 594 602 610 626 634 642 650 658 666 674 682 690 698 706 714 746 762 770 786 794 810 826 834 850 858 866 874 882 906 922 938 954 
X^839:  183 199 335 343 359 367 391 399 407 423 431 455 471 479 495 503 511 543 559 567 575 583 599 607 623 631 639 655 679 687 695 719 727 735 743 751 759 767 775 815 823 847 855 879 903 919 943 959 
X^840:  132 164 188 196 260 316 332 348 372 396 404 412 420 428 436 444 452 468 484 540 572 588 604 612 620 652 660 684 692 700 724 732 748 756 772 780 788 796 812 820 836 860 892 900 908 916 924 932 956 964 
X^841:  137 161 169 193 265 321 337 353 369 377 385 393 417 425 433 441 449 457 465 481 489 497 513 521 529 537 545 561 577 585 593 601 609 665 673 689 705 713 753 761 785 801 841 849 865 897 921 929 945 953 961 969 
X^842:  134 158 166 174 182 262 310 318 334 366 382 398 414 454 462 486 502 518 526 542 558 566 598 614 630 670 678 694 702 710 718 726 734 742 750 766 774 782 790 830 870 894 918 934 942 950 966 
X^843:  131 155 179 195 259 323 347 363 395 419 427 435 443 499 507 523 531 539 547 563 587 603 611 627 635 651 659 683 723 731 763 771 803 811 827 843 851 867 875 883 891 899 907 923 947 955 
X^844:  128 256 312 320 328 376 392 400 408 416 424 552 560 600 616 624 640 648 656 672 680 688 696 720 736 744 760 768 792 816 856 888 912 936 944 960 
X^845:  197 309 317 325 357 381 389 429 517 549 557 565 581 597 605 621 629 637 645 653 661 677 685 701 709 717 765 781 797 805 837 845 885 893 917 925 
X^846:  194 202 306 314 322 330 354 362 370 378 386 394 402 410 426 442 514 522 546 562 570 578 594 602 626 658 666 682 706 714 722 778 794 802 818 826 834 858 866 874 898 906 930 938 946 954 970 
X^847:  327 367 375 391 399 415 431 439 447 543 559 567 583 615 655 663 687 695 711 719 727 759 767 775 783 791 815 823 831 839 855 871 887 911 935 943 951 967 
X^848:  196 316 348 356 372 380 396 404 412 420 428 436 452 516 540 548 556 564 572 580 620 636 644 684 700 708 716 732 748 764 772 780 812 860 868 876 900 908 924 932 940 948 956 964 
X^849:  201 313 321 329 385 393 417 441 449 457 521 537 545 561 569 585 601 625 641 657 665 673 697 713 721 729 745 769 785 793 801 817 833 841 865 881 897 905 929 945 953 961 969 
X^850:  190 302 350 374 414 422 430 438 510 558 582 590 606 614 630 662 702 710 726 766 774 798 814 830 838 886 918 926 934 942 950 
X^851:  195 315 323 347 379 387 411 435 443 515 547 563 611 619 627 635 651 691 707 715 723 731 739 747 763 795 811 843 851 859 875 899 947 955 
X^852:  192 200 320 344 352 368 376 384 400 408 416 424 432 448 456 512 520 552 560 576 584 600 632 648 656 664 672 688 704 712 744 768 784 816 824 832 896 904 912 920 928 944 952 960 968 
X^853:  189 197 301 325 349 357 365 389 397 421 437 453 509 517 541 589 605 621 645 653 661 677 685 701 717 757 765 781 813 821 829 853 861 877 909 925 949 957 965 
X^854:  186 194 298 314 362 394 434 506 514 538 562 570 578 586 602 610 618 626 650 666 698 714 722 730 754 770 802 810 818 882 890 906 914 938 962 
X^855:  199 311 327 367 375 407 423 439 447 455 519 535 551 559 583 607 615 647 663 687 719 727 735 767 775 807 831 839 847 863 871 879 903 919 927 943 959 
X^856:  300 316 340 356 380 388 404 412 420 452 548 564 580 588 596 620 628 636 652 700 708 716 724 732 740 756 764 772 788 796 812 820 844 868 892 900 908 916 924 956 964 
X^857:  305 345 369 377 393 401 433 441 529 553 585 593 641 649 673 689 697 713 729 737 785 793 817 825 833 865 881 905 921 929 961 
X^858:  182 294 302 350 366 374 390 422 430 438 446 502 558 574 582 590 598 614 630 638 646 662 678 718 726 742 766 774 806 830 838 846 870 910 918 926 942 950 958 
X^859:  195 267 307 315 323 331 339 355 363 379 411 427 435 443 451 515 555 563 579 587 619 627 643 667 683 691 699 707 723 763 779 795 835 851 867 891 907 931 947 
X^860:  296 304 312 320 328 336 352 360 368 376 384 392 416 432 528 552 560 576 616 624 632 656 664 672 680 688 720 728 784 792 800 808 840 848 864 872 920 936 944 952 960 
X^861:  181 197 293 301 309 341 397 405 413 421 429 445 453 501 517 541 549 557 573 581 589 597 621 629 637 653 677 685 693 709 717 733 749 773 805 821 853 893 933 949 
X^862:  178 266 290 298 306 314 338 346 378 386 434 458 498 530 538 554 570 586 594 610 626 666 674 690 706 714 730 738 746 754 762 778 786 794 802 810 826 834 866 890 914 946 954 
X^863:  191 199 319 367 375 391 399 407 415 423 439 455 511 519 527 543 551 567 575 599 615 623 647 655 663 671 687 695 711 735 751 775 783 799 807 823 855 871 887 895 911 919 935 943 951 
X^864:  172 180 196 340 348 356 372 388 404 428 436 444 500 516 532 548 556 580 620 636 644 660 676 692 700 708 716 724 740 764 796 812 820 828 836 860 868 892 908 932 948 964 
X^865:  201 265 297 305 313 329 353 385 409 417 425 441 449 457 529 537 545 561 569 617 625 633 641 649 673 681 705 737 745 785 793 809 817 833 841 849 857 865 873 881 897 929 
X^866:  174 182 190 198 262 286 334 366 374 390 406 414 430 454 494 502 510 518 542 550 582 598 606 630 638 654 662 678 686 694 702 718 726 750 758 782 830 838 846 862 886 910 918 926 934 950 958 
X^867:  171 179 187 307 323 347 355 371 395 403 427 435 451 459 499 507 523 547 579 587 595 627 651 667 683 715 723 755 763 787 795 811 819 827 843 859 875 883 899 931 947 955 963 971 
X^868:  168 176 192 200 264 296 304 320 336 344 352 368 376 416 424 448 456 496 512 544 552 560 576 584 624 632 648 656 672 680 696 712 720 736 744 784 792 808 816 824 832 848 856 864 896 912 920 944 952 960 968 
X^869:  173 181 285 333 341 357 381 421 429 493 501 533 557 565 581 621 645 669 677 693 709 717 725 741 749 757 773 781 789 813 829 837 869 877 901 909 925 933 
X^870:  186 202 258 266 282 314 322 370 394 418 490 506 522 530 538 546 554 594 602 634 650 666 674 706 746 754 762 770 810 826 842 858 890 898 906 914 922 954 962 
X^871:  183 191 303 327 383 391 407 455 503 511 519 543 551 559 583 591 599 607 615 623 703 711 719 735 743 759 783 791 799 807 831 847 855 863 887 919 935 943 951 
X^872:  164 180 188 260 284 292 300 348 364 372 380 412 420 428 444 452 500 508 516 524 532 564 588 604 620 636 644 668 700 708 724 732 740 748 756 764 772 788 804 828 860 876 916 924 932 948 956 
X^873:  169 177 201 257 265 289 297 321 369 377 385 409 441 449 497 513 537 545 553 569 609 625 633 641 649 657 665 673 689 697 721 737 769 777 785 793 801 817 825 865 873 881 889 921 929 961 
X^874:  174 182 198 254 262 278 286 310 318 334 342 374 390 414 430 446 486 494 502 534 550 566 574 582 598 614 646 662 670 678 686 694 710 726 734 742 750 758 766 774 782 806 822 838 846 886 894 
X^875:  163 187 195 251 307 315 331 347 379 387 395 403 427 435 451 459 507 523 531 555 563 587 595 603 659 667 683 699 707 723 731 747 771 803 811 819 835 843 851 867 875 883 891 939 947 955 971 
X^876:  160 184 280 296 304 360 368 376 392 400 416 424 440 504 520 528 536 544 560 584 592 600 608 616 624 640 648 672 680 688 696 712 728 760 768 784 792 832 848 872 880 896 920 928 944 960 968 
X^877:  165 181 189 197 277 285 309 317 341 365 373 381 397 405 421 437 445 485 501 509 525 549 557 581 589 597 605 621 629 637 685 701 709 717 749 757 765 773 797 829 837 853 869 877 885 893 901 909 917 957 965 
X^878:  162 170 178 186 194 266 274 282 330 346 354 370 378 394 402 410 418 426 434 450 482 490 498 506 538 562 586 610 618 626 634 658 666 714 746 762 770 778 786 794 802 810 826 898 906 914 922 930 938 
X^879:  191 199 295 303 327 335 343 351 375 415 423 431 447 519 575 583 607 615 623 639 655 679 687 695 711 719 727 735 743 767 791 799 839 855 879 895 919 927 
X^880:  164 188 196 252 284 292 300 308 316 340 348 356 364 372 380 396 420 428 444 452 484 524 540 564 572 580 588 604 620 628 636 660 668 676 692 700 716 724 732 764 796 804 820 828 836 876 892 916 940 948 956 
X^881:  169 193 201 281 289 321 329 345 361 377 409 417 425 433 449 489 505 529 537 545 553 561 577 593 609 625 633 641 673 681 689 705 713 721 753 761 785 793 809 849 857 865 873 889 913 929 953 961 
X^882:  158 174 190 198 262 270 286 302 318 334 358 366 374 414 422 438 446 454 478 494 510 518 526 534 542 558 566 574 582 590 598 630 654 670 686 694 726 750 758 766 782 798 806 814 822 838 854 894 902 918 926 934 950 966 
X^883:  163 203 251 259 267 283 291 299 355 387 403 419 427 459 483 515 523 531 539 547 579 587 595 603 627 659 691 699 723 739 747 763 771 787 835 843 867 875 883 899 939 947 
X^884:  160 168 184 248 304 312 328 336 352 360 368 384 400 432 440 448 456 480 488 504 544 568 576 584 600 608 616 624 632 648 656 680 712 720 744 752 816 832 888 896 912 936 944 952 968 
X^885:  157 165 173 269 285 317 325 365 397 405 413 453 477 485 493 509 541 557 589 613 637 645 669 677 685 693 701 717 725 733 749 773 781 797 805 813 837 845 877 885 893 917 933 957 965 
X^886:  154 162 170 194 202 250 322 338 346 354 362 370 386 410 434 450 474 482 490 506 514 530 538 554 578 586 594 618 626 634 714 722 738 746 754 762 770 778 794 810 818 826 834 850 866 874 890 898 906 930 938 946 
X^887:  167 183 191 199 263 279 335 343 351 367 383 391 399 407 423 439 487 511 519 535 559 583 615 631 639 647 655 671 679 703 727 743 751 759 767 775 783 823 831 847 863 871 895 903 911 919 927 951 
X^888:  172 180 196 244 268 284 300 308 316 332 340 348 356 364 380 396 404 412 420 428 436 444 492 500 540 564 572 596 604 612 620 636 652 676 684 692 700 772 804 812 844 884 908 916 924 948 
X^889:  193 249 257 273 289 305 329 345 361 369 377 393 401 425 441 449 457 497 529 553 569 585 609 617 633 649 665 689 721 761 769 777 785 801 817 825 833 873 881 889 913 921 929 945 
X^890:  150 166 174 182 246 262 270 278 286 302 310 318 334 350 366 382 398 414 422 430 446 454 470 486 494 502 526 534 542 550 574 598 630 638 646 654 670 686 694 710 734 742 750 774 782 798 822 854 862 870 886 894 902 918 942 950 
X^891:  163 195 203 235 243 259 275 283 307 315 323 339 347 363 379 395 411 443 459 483 491 523 531 539 547 555 579 595 611 619 659 675 683 691 699 707 739 747 771 787 811 819 827 843 859 875 891 915 931 
X^892:  168 176 192 240 256 272 280 296 336 344 360 368 376 384 416 424 432 440 448 456 488 528 536 544 552 568 584 592 600 608 624 632 648 656 664 680 688 696 704 728 736 744 752 760 768 776 792 808 816 824 832 840 856 864 880 896 920 928 952 960 968 
X^893:  149 173 181 189 261 269 293 309 325 333 357 365 421 429 453 469 493 501 517 533 573 589 597 605 629 637 669 701 717 725 749 765 781 789 797 845 861 877 885 901 909 933 941 949 965 
X^894:  146 162 170 186 234 258 266 290 298 306 322 330 378 386 402 410 426 434 466 482 498 522 530 538 546 562 570 594 602 650 698 706 714 722 746 762 770 818 842 874 882 890 898 922 930 938 946 970 
X^895:  159 167 175 183 199 287 311 319 359 375 383 391 399 455 479 487 503 519 527 567 607 615 623 671 679 687 703 711 719 743 759 767 775 783 799 815 863 879 887 895 911 943 951 959 967 
X^896:  76 148 164 180 188 196 204 252 260 268 276 284 292 300 308 316 324 332 340 348 372 380 404 412 444 468 484 524 556 588 596 612 620 628 644 652 700 708 724 732 748 780 796 804 820 828 836 852 868 876 884 892 916 932 940 948 956 
X^897:  169 177 201 233 249 257 273 297 321 329 337 353 361 385 393 417 425 449 457 489 529 537 585 593 601 609 625 633 641 665 697 705 737 745 753 777 785 809 833 841 849 865 897 913 929 937 953 969 
X^898:  142 150 166 182 198 230 254 270 286 302 326 334 350 374 382 398 430 454 462 470 502 526 534 542 550 566 582 590 598 622 630 654 678 718 742 750 782 790 846 870 878 886 894 902 950 958 
X^899:  75 147 155 171 179 187 203 243 251 259 275 283 291 299 315 331 339 363 371 395 403 419 427 435 443 451 459 467 475 499 555 563 571 579 595 675 683 691 715 731 739 747 779 787 803 819 827 843 851 867 883 899 907 915 923 931 947 963 971 
X^900:  72 144 160 168 192 200 232 256 264 296 328 344 352 392 400 408 440 464 480 488 520 528 560 584 624 632 640 648 664 680 728 736 760 776 784 792 808 816 832 840 848 856 912 920 936 944 952 968 
X^901:  141 149 157 181 253 261 269 277 285 301 309 333 341 405 413 421 445 461 469 477 509 549 557 605 613 621 637 653 669 677 709 725 733 749 765 781 789 797 805 813 821 829 837 869 877 893 901 909 917 933 957 965 
X^902:  74 138 170 194 202 226 234 242 250 266 282 290 298 314 330 346 354 362 410 418 434 482 498 522 546 562 602 610 634 650 682 722 746 810 826 834 882 890 898 930 954 962 
X^903:  151 159 175 191 247 263 271 279 303 311 319 327 335 351 359 375 383 391 399 407 415 431 455 471 479 487 495 503 511 519 527 559 567 583 615 623 631 639 647 655 679 711 727 735 743 759 767 775 783 799 807 823 839 855 887 919 935 
X^904:  68 148 196 228 260 268 292 300 316 332 348 364 388 404 420 468 492 516 540 564 580 588 612 628 636 652 668 684 692 716 724 740 756 772 780 828 836 852 932 956 
X^905:  73 145 177 193 225 233 273 289 297 305 337 345 377 385 393 401 433 441 449 457 465 529 545 561 585 593 601 609 617 633 641 649 665 681 705 729 761 777 793 801 809 833 849 857 913 929 937 969 
X^906:  70 134 142 158 166 182 198 222 230 238 254 270 278 334 342 358 366 414 422 430 462 486 510 526 534 566 574 590 598 614 694 734 742 758 798 806 814 830 838 846 854 870 878 886 910 926 934 942 950 958 
X^907:  67 155 187 195 203 219 243 291 315 323 331 355 363 379 387 395 403 411 419 435 459 483 491 499 507 531 539 555 563 571 579 587 595 619 635 651 683 699 707 715 795 803 811 819 827 843 859 899 907 923 939 947 963 
X^908:  64 192 248 256 264 280 288 296 312 328 336 368 376 432 440 456 488 496 512 528 568 584 600 616 624 632 640 648 672 688 696 744 752 760 768 800 816 824 832 840 848 856 864 888 912 944 968 
X^909:  133 165 181 245 253 277 285 293 325 341 349 365 373 429 493 517 525 557 589 597 605 613 621 629 645 653 661 693 709 749 757 773 781 805 821 853 869 877 893 901 933 941 949 965 
X^910:  130 138 162 170 242 250 274 282 290 306 314 322 330 378 386 442 498 506 530 554 570 578 586 642 650 690 698 706 714 722 730 738 746 754 794 802 818 826 858 866 906 922 930 938 
X^911:  175 183 263 303 319 327 335 351 375 383 391 399 439 447 455 479 511 519 527 535 559 575 583 591 663 687 695 703 727 743 775 783 799 823 831 847 863 887 895 911 927 935 943 951 959 
X^912:  132 156 164 180 252 260 284 300 308 316 324 332 340 364 372 388 436 444 476 492 508 524 548 580 588 596 620 684 692 708 724 732 748 780 788 804 820 844 852 868 884 900 908 916 
X^913:  137 185 249 257 281 289 297 313 321 345 377 393 409 417 425 441 449 457 473 481 497 505 513 529 537 545 553 569 593 601 609 617 625 633 665 681 689 697 729 745 825 833 881 889 897 905 929 937 945 961 
X^914:  126 158 174 182 238 254 270 294 302 310 326 334 366 382 454 478 486 502 534 558 590 638 646 662 670 694 726 742 750 806 814 822 854 862 870 878 942 958 966 
X^915:  131 155 195 203 251 283 291 315 323 355 363 371 387 395 403 427 491 499 507 515 523 531 611 619 635 643 659 667 683 699 707 715 731 747 755 771 803 819 827 835 891 899 923 939 947 955 971 
X^916:  128 136 152 160 176 184 200 264 288 296 312 320 328 336 344 352 376 384 392 408 448 456 480 488 512 520 536 552 608 616 720 728 744 752 768 776 808 824 840 856 872 880 888 896 912 920 928 936 944 952 
X^917:  125 133 157 165 237 253 269 317 349 365 373 389 405 413 421 429 485 517 525 549 573 589 597 605 637 645 653 677 685 701 717 725 749 757 765 773 789 805 813 821 845 877 885 901 917 925 933 941 949 965 
X^918:  122 130 186 194 234 258 266 282 290 306 354 410 434 490 498 530 546 554 578 594 610 618 626 658 682 706 714 738 754 770 786 834 842 850 858 866 882 890 938 954 962 
X^919:  135 175 199 247 287 295 311 319 327 343 351 359 375 391 407 415 439 447 455 471 503 519 527 535 567 583 591 607 615 623 655 663 679 687 695 703 711 719 735 743 751 767 775 799 815 823 831 839 855 863 871 879 887 903 927 943 
X^920:  148 164 172 196 236 252 268 284 292 316 332 340 388 404 412 436 444 452 492 508 524 540 572 596 604 612 628 636 660 668 676 684 708 724 732 740 756 764 788 820 836 852 860 868 876 892 900 916 932 948 964 
X^921:  153 185 193 201 241 273 297 305 313 353 361 369 401 433 449 457 465 481 489 497 513 537 545 553 561 569 585 633 641 657 673 689 697 705 729 737 777 801 809 841 857 873 889 929 937 945 953 969 
X^922:  118 158 166 182 190 230 238 246 262 270 278 286 294 302 310 326 334 366 374 382 390 406 414 430 446 470 478 486 494 510 518 526 542 550 574 590 598 606 614 630 638 662 678 718 726 734 750 814 830 838 870 878 894 910 926 934 966 
X^923:  75 131 139 147 163 171 179 195 203 243 251 275 291 299 307 315 331 339 347 379 395 411 419 435 443 451 459 499 507 515 547 563 571 579 603 611 627 683 691 707 739 795 803 835 843 899 907 915 955 963 
X^924:  144 160 192 200 232 240 248 256 272 280 328 336 344 360 376 384 408 416 424 456 464 496 504 536 560 568 576 592 640 656 664 672 680 720 736 752 768 784 800 840 848 856 872 888 952 960 968 
X^925:  117 133 149 165 173 181 197 229 237 269 293 301 309 325 349 373 389 405 421 429 453 469 477 525 541 549 557 565 573 581 605 621 677 685 693 701 709 725 733 749 765 773 781 797 805 813 821 829 837 845 853 869 917 933 941 
X^926:  74 114 138 146 154 162 170 178 186 194 202 226 234 250 258 282 298 322 338 354 362 370 378 394 410 418 482 506 554 570 578 586 594 602 642 650 658 666 698 714 722 754 762 786 850 858 866 882 906 922 938 946 954 970 
X^927:  127 135 175 183 263 279 287 295 311 319 335 351 367 391 407 423 439 447 463 479 487 511 519 535 543 559 567 575 591 615 639 647 663 679 695 711 735 775 783 791 807 823 831 855 879 887 911 919 927 943 959 967 
X^928:  108 116 132 148 156 164 172 180 188 196 236 244 260 268 276 308 316 332 340 348 356 364 380 412 420 436 484 492 508 516 532 548 572 588 604 628 668 676 708 716 724 740 748 756 788 804 820 836 852 876 892 916 940 
X^929:  73 161 169 177 193 201 233 241 249 273 305 337 353 369 385 401 417 433 465 481 489 497 529 545 561 569 585 617 633 649 657 665 673 689 713 721 753 761 769 777 785 793 841 849 857 865 873 881 889 897 905 913 921 
X^930:  70 110 118 126 142 158 174 190 198 222 238 246 270 278 286 302 318 358 366 390 414 422 446 454 462 486 494 502 510 518 526 542 550 558 566 574 622 630 646 662 670 686 702 718 726 734 798 814 822 830 846 878 886 894 902 910 942 950 966 
X^931:  107 115 123 155 163 171 179 195 235 251 259 267 275 283 299 315 331 371 387 395 411 443 451 459 467 483 539 555 571 579 611 627 659 667 683 715 731 739 755 779 787 795 803 819 827 859 867 891 899 931 955 971 
X^932:  72 104 112 128 144 152 160 184 192 280 296 304 336 344 360 368 376 392 416 440 464 472 480 496 512 520 536 544 552 568 616 624 632 648 656 672 680 696 720 728 736 744 760 784 808 824 840 848 864 872 896 904 920 936 944 968 
X^933:  109 117 141 149 157 165 189 221 237 245 253 269 309 317 341 349 357 365 381 389 405 413 421 429 437 445 453 461 477 501 509 517 525 541 549 557 565 573 581 589 605 613 629 637 677 701 709 725 765 797 805 821 861 869 885 893 901 909 917 925 957 965 
X^934:  66 74 122 130 138 154 170 178 186 218 250 266 274 314 330 338 346 370 378 394 418 426 434 458 482 506 522 546 554 562 570 586 594 618 650 666 674 682 698 706 714 754 762 802 818 826 834 842 850 866 882 906 922 938 946 954 970 
X^935:  119 127 175 199 239 247 255 279 287 303 311 319 327 343 351 367 375 415 431 439 455 471 479 487 503 511 519 527 543 551 559 567 575 607 615 647 663 671 687 695 703 743 751 759 767 791 807 823 831 847 863 871 903 911 943 959 967 
X^936:  68 100 116 124 132 188 196 220 236 244 260 268 276 284 292 300 316 332 340 356 364 380 412 444 460 468 476 484 500 508 524 532 540 548 572 580 596 604 612 620 628 636 652 668 692 748 764 772 780 804 812 828 836 844 860 884 900 916 932 956 964 
X^937:  65 73 105 113 129 161 177 185 193 225 241 257 273 281 289 313 353 369 377 385 401 425 457 473 489 505 529 537 561 569 601 617 633 649 657 665 673 697 721 737 745 769 777 817 897 905 913 921 945 
X^938:  62 70 110 118 126 134 142 158 166 198 214 222 238 246 254 278 294 318 326 334 366 382 430 446 478 494 502 526 542 550 558 590 598 622 630 638 654 694 702 710 718 726 734 758 790 822 838 846 854 878 886 894 910 918 926 934 958 966 
X^939:  59 99 131 155 163 187 195 203 227 243 251 283 307 331 347 355 363 371 387 403 427 435 451 459 475 491 507 539 547 555 579 595 603 611 627 635 643 651 667 675 683 731 747 755 779 787 803 819 875 883 907 915 939 955 963 
X^940:  96 120 152 160 176 200 216 224 232 240 256 264 272 280 288 312 328 336 352 360 368 376 432 464 480 512 520 528 536 552 600 608 624 632 640 664 672 680 696 728 752 768 776 784 792 800 808 832 848 880 896 928 952 968 
X^941:  101 117 125 157 173 197 213 221 229 245 253 277 309 317 333 349 357 381 397 405 413 445 461 477 493 501 557 573 581 597 605 629 645 653 661 669 693 725 741 757 765 789 893 909 917 925 
X^942:  74 98 106 114 122 146 162 194 202 210 218 226 234 290 322 330 338 346 354 362 378 386 394 410 418 434 442 450 466 474 482 490 498 514 530 554 586 602 634 658 674 682 690 698 706 714 722 730 746 762 778 786 810 834 842 850 858 890 906 914 930 954 962 
X^943:  127 135 143 151 159 167 183 231 239 255 271 303 327 335 367 391 423 455 463 471 487 503 511 519 535 543 575 583 591 599 607 623 639 647 663 679 695 751 759 799 823 839 847 855 863 871 895 911 919 927 935 967 
X^944:  60 100 124 148 172 180 188 196 220 236 244 252 260 284 340 348 372 380 396 420 428 452 460 468 476 492 508 524 532 580 596 612 620 628 652 684 692 716 724 732 748 756 764 772 780 796 812 828 836 844 852 860 868 876 884 900 908 916 932 
X^945:  105 129 137 161 169 201 217 225 233 249 257 313 329 345 369 393 409 417 425 433 457 465 481 489 497 505 513 521 529 537 545 553 561 577 593 609 617 641 657 673 681 713 745 793 817 825 833 841 849 889 913 921 937 945 
X^946:  70 94 110 158 166 182 206 238 262 278 286 318 342 350 366 374 382 390 406 414 422 462 470 478 494 510 518 542 558 582 590 598 606 622 630 654 662 670 678 686 702 734 742 750 766 790 806 846 862 886 894 926 934 
X^947:  59 67 75 99 131 155 163 195 203 219 235 251 267 299 307 339 347 355 363 387 395 411 419 427 443 467 475 483 491 523 531 539 555 571 579 627 643 667 691 699 755 763 795 803 811 819 827 835 843 851 859 867 875 883 899 907 915 947 
X^948:  56 96 104 120 128 144 160 176 184 224 232 240 256 272 288 296 328 336 352 376 400 408 424 448 464 472 480 496 504 528 536 560 584 608 616 624 632 656 672 696 704 736 744 752 760 776 792 808 816 848 864 872 880 888 896 920 960 968 
X^949:  93 101 109 125 133 141 157 197 205 229 253 261 269 293 301 341 365 413 429 445 461 477 509 525 565 573 605 621 629 653 661 677 685 709 717 733 741 749 765 773 781 789 797 829 853 861 893 909 917 957 965 
X^950:  58 74 90 98 106 122 130 138 146 154 178 218 226 250 258 274 282 290 314 322 330 338 346 370 410 418 426 450 474 482 490 498 506 514 530 546 570 594 626 650 658 666 690 698 714 722 730 738 754 778 794 826 842 850 858 866 882 890 898 906 930 954 970 
X^951:  71 103 119 127 143 159 175 191 199 215 231 247 287 295 327 335 343 351 375 399 407 415 439 463 479 487 503 511 527 543 551 559 591 599 607 615 631 639 647 679 687 703 711 719 727 751 767 783 799 831 847 863 871 887 895 911 951 959 967 
X^952:  52 108 116 148 164 180 196 204 220 236 260 276 284 300 308 364 372 380 388 396 420 428 436 444 500 508 516 540 548 556 564 572 588 604 612 620 652 660 676 684 700 708 716 740 748 764 772 788 796 812 820 828 852 860 868 884 892 900 916 924 940 964 
X^953:  57 65 145 153 169 185 209 225 257 281 297 305 313 321 329 337 345 353 361 377 393 401 433 441 457 465 481 489 497 505 521 537 545 553 561 569 585 601 625 633 673 697 705 729 737 745 753 761 769 777 785 793 801 809 833 841 849 881 897 921 953 
X^954:  54 86 102 110 126 150 158 166 198 206 222 238 246 278 294 318 326 334 398 406 422 454 462 478 510 518 526 542 550 566 574 590 598 606 614 662 694 702 710 718 734 750 758 766 782 790 806 822 838 846 862 870 902 918 926 934 942 950 966 
X^955:  43 51 67 99 107 131 139 171 187 203 211 219 227 235 251 291 307 323 331 339 347 379 387 411 427 435 443 451 459 483 515 531 547 555 563 587 595 635 643 659 683 691 699 755 779 795 827 843 851 867 875 915 923 931 939 955 963 971 
X^956:  48 64 72 104 112 128 160 168 176 208 216 232 248 304 320 352 360 368 376 384 400 408 440 456 464 504 528 536 544 552 560 576 584 624 648 664 688 696 712 720 760 768 800 816 832 840 848 856 872 880 896 904 936 960 
X^957:  85 109 125 165 205 213 253 261 269 277 301 325 349 365 389 405 421 437 445 469 477 485 533 541 549 557 565 573 581 589 597 613 621 637 653 661 669 685 701 709 725 733 749 781 797 805 821 829 853 877 885 901 933 949 
X^958:  42 82 98 114 154 162 210 226 242 258 266 282 290 306 314 322 346 362 370 378 402 410 426 442 450 458 466 474 490 514 522 546 562 570 578 586 594 602 626 650 658 666 682 722 746 786 794 810 818 826 858 866 898 906 914 938 962 970 
X^959:  95 103 111 119 135 183 231 239 247 255 271 279 287 311 319 335 343 367 399 407 423 439 455 487 511 519 527 535 543 567 575 583 591 607 623 631 647 655 679 695 703 719 751 759 767 791 807 815 831 839 855 895 911 927 935 951 
X^960:  12 60 68 84 100 124 132 156 164 196 204 220 244 252 260 268 292 300 324 340 356 372 380 420 452 476 516 524 556 580 588 612 684 700 716 724 732 740 756 788 828 836 844 852 860 868 876 892 924 948 956 964 
X^961:  41 57 65 73 113 121 137 153 161 169 193 201 209 257 281 297 305 313 321 337 353 361 369 377 385 393 401 409 425 441 505 513 521 529 545 561 569 585 593 601 609 625 649 665 689 705 713 729 737 745 753 761 769 785 801 817 841 849 857 873 881 913 969 
X^962:  38 78 86 110 118 134 150 158 174 190 214 262 278 302 310 366 374 398 406 446 478 486 502 518 542 574 582 590 606 614 622 662 694 710 734 750 758 766 782 830 854 870 902 918 942 958 966 
X^963:  11 51 59 67 75 83 91 107 123 147 155 163 171 179 203 227 235 243 275 283 291 299 307 323 331 347 355 363 387 403 419 427 443 467 483 491 499 507 523 563 587 627 651 667 675 707 715 731 739 747 771 779 787 819 867 899 907 923 939 955 963 971 
X^964:  8 40 64 72 80 96 112 120 128 152 160 168 176 184 192 200 208 224 232 272 296 304 336 344 360 368 400 408 416 424 440 448 456 472 496 512 520 544 552 568 576 584 592 600 624 632 640 648 656 672 680 712 728 736 744 752 768 776 792 800 824 832 840 848 856 864 920 936 952 960 968 
X^965:  69 77 85 93 109 157 173 181 189 221 277 285 309 341 349 373 381 397 405 421 429 437 445 453 469 477 485 493 501 509 533 541 557 573 597 605 621 629 637 653 661 669 685 701 725 733 741 757 773 813 821 829 837 853 877 885 893 901 909 917 933 949 
X^966:  10 34 42 50 98 106 114 130 162 170 202 234 250 274 282 298 306 314 354 370 378 386 394 402 426 442 458 466 482 538 554 562 570 586 594 602 610 626 642 650 674 706 730 738 746 754 762 778 786 802 810 818 842 882 914 922 930 938 954 962 970 
X^967:  55 71 87 95 111 119 127 151 167 183 199 207 223 231 255 263 287 303 343 351 359 383 391 399 415 455 463 479 495 503 511 535 551 559 575 583 599 655 663 679 695 703 727 743 751 759 767 791 799 815 823 847 895 927 935 943 951 
X^968:  4 36 60 68 84 100 148 156 172 188 196 204 212 220 244 252 260 340 356 372 380 396 412 428 444 476 532 556 612 620 636 644 652 660 684 700 724 732 748 780 788 804 820 852 868 876 884 892 900 908 924 932 940 948 964 
X^969:  9 33 41 65 81 97 105 113 129 137 153 161 177 201 225 249 257 265 273 305 313 329 337 353 377 385 393 409 425 433 441 449 473 481 513 545 553 577 593 601 633 673 697 729 737 777 785 793 801 809 825 841 849 897 905 921 961 969 
X^970:  6 30 38 46 54 70 78 102 118 158 174 182 190 222 230 238 262 294 302 310 318 350 390 398 422 462 478 494 502 510 542 550 558 566 574 590 598 606 662 670 702 718 726 758 774 782 790 814 846 894 926 934 950 958 966 
X^971:  3 27 51 67 115 123 139 147 155 171 179 187 203 235 251 275 291 307 323 355 363 371 379 387 395 411 483 539 547 563 571 627 635 643 651 667 675 691 715 723 763 787 795 803 827 835 867 875 899 915 931 955 963 971 
X^972:  0 
checksum: 13347860