337
X^0:  338 
X^1:  
X^2:  336 
X^3:  
X^4:  
X^5:  
X^6:  
X^7:  
X^8:  
X^9:  
X^10:  
X^11:  
X^12:  
X^13:  
X^14:  
X^15:  
X^16:  322 
X^17:  
X^18:  320 
X^19:  
X^20:  
X^21:  
X^22:  
X^23:  
X^24:  
X^25:  
X^26:  
X^27:  
X^28:  
X^29:  
X^30:  
X^31:  
X^32:  
X^33:  337 
X^34:  336 
X^35:  
X^36:  
X^37:  
X^38:  
X^39:  
X^40:  
X^41:  
X^42:  
X^43:  
X^44:  
X^45:  
X^46:  
X^47:  
X^48:  322 
X^49:  321 337 
X^50:  336 
X^51:  335 
X^52:  
X^53:  333 
X^54:  332 
X^55:  331 
X^56:  
X^57:  337 
X^58:  336 
X^59:  327 335 
X^60:  326 334 
X^61:  325 
X^62:  332 
X^63:  323 331 
X^64:  274 322 330 
X^65:  305 329 
X^66:  272 304 320 
X^67:  319 
X^68:  334 
X^69:  317 
X^70:  316 332 
X^71:  315 
X^72:  
X^73:  321 
X^74:  320 
X^75:  311 319 335 
X^76:  310 318 326 
X^77:  309 
X^78:  316 324 
X^79:  307 315 331 
X^80:  258 290 306 314 
X^81:  289 305 313 
X^82:  256 336 
X^83:  
X^84:  
X^85:  333 
X^86:  
X^87:  
X^88:  330 
X^89:  337 
X^90:  328 
X^91:  
X^92:  
X^93:  325 333 
X^94:  
X^95:  331 
X^96:  322 
X^97:  329 
X^98:  320 
X^99:  327 335 
X^100:  334 
X^101:  317 333 
X^102:  
X^103:  323 
X^104:  314 
X^105:  321 329 337 
X^106:  312 
X^107:  319 335 
X^108:  
X^109:  309 317 325 333 
X^110:  324 
X^111:  323 
X^112:  306 
X^113:  313 329 337 
X^114:  304 336 
X^115:  
X^116:  
X^117:  301 
X^118:  332 
X^119:  
X^120:  298 330 
X^121:  305 
X^122:  296 328 336 
X^123:  319 335 
X^124:  
X^125:  293 301 325 333 
X^126:  324 332 
X^127:  299 315 
X^128:  290 322 
X^129:  297 
X^130:  288 320 328 
X^131:  295 303 335 
X^132:  302 318 326 
X^133:  285 301 317 325 333 
X^134:  324 
X^135:  291 323 
X^136:  282 314 322 
X^137:  289 297 305 329 337 
X^138:  280 312 328 
X^139:  287 319 335 
X^140:  310 318 326 334 
X^141:  277 285 293 301 317 325 333 
X^142:  292 332 
X^143:  291 299 331 
X^144:  274 306 314 
X^145:  281 297 305 321 329 
X^146:  272 336 
X^147:  311 319 
X^148:  
X^149:  269 325 
X^150:  316 
X^151:  307 331 
X^152:  266 314 330 
X^153:  273 329 337 
X^154:  264 312 336 
X^155:  303 319 327 335 
X^156:  310 326 
X^157:  261 269 333 
X^158:  332 
X^159:  267 299 307 315 
X^160:  258 306 322 
X^161:  265 305 321 329 
X^162:  256 304 320 328 336 
X^163:  263 271 295 303 335 
X^164:  270 318 334 
X^165:  253 269 309 317 325 333 
X^166:  300 324 332 
X^167:  259 291 315 331 
X^168:  250 298 
X^169:  257 265 273 313 329 337 
X^170:  248 296 312 320 336 
X^171:  255 271 287 311 
X^172:  294 310 326 
X^173:  245 253 261 269 309 325 333 
X^174:  260 308 316 324 332 
X^175:  259 283 291 323 
X^176:  242 290 306 322 330 
X^177:  249 265 273 289 329 
X^178:  240 272 288 304 312 320 
X^179:  279 287 311 319 327 335 
X^180:  302 310 318 326 334 
X^181:  237 293 301 317 325 
X^182:  268 284 300 308 324 332 
X^183:  275 299 307 315 
X^184:  234 266 282 298 306 330 
X^185:  241 297 313 321 329 337 
X^186:  232 264 272 280 328 
X^187:  255 287 295 311 319 327 335 
X^188:  278 302 318 326 334 
X^189:  229 237 261 269 293 309 317 325 333 
X^190:  260 268 292 308 316 324 
X^191:  235 251 267 275 283 307 331 
X^192:  226 258 290 298 306 322 330 
X^193:  233 273 289 305 313 329 
X^194:  224 256 264 288 320 328 336 
X^195:  231 239 263 303 319 327 335 
X^196:  238 254 262 294 302 310 334 
X^197:  221 237 253 261 269 277 293 301 309 317 325 333 
X^198:  260 268 284 300 308 324 
X^199:  227 283 307 
X^200:  218 250 258 266 290 330 
X^201:  225 233 241 265 273 281 289 297 305 313 
X^202:  216 248 280 304 328 
X^203:  223 271 279 295 303 311 319 
X^204:  246 254 270 286 294 302 310 334 
X^205:  213 221 229 237 253 261 269 285 293 301 309 317 325 333 
X^206:  228 268 292 308 324 332 
X^207:  227 235 251 259 267 283 291 299 315 
X^208:  210 242 250 274 282 298 322 
X^209:  217 233 241 265 281 289 297 305 321 329 337 
X^210:  208 304 320 328 336 
X^211:  327 335 
X^212:  
X^213:  205 309 317 325 333 
X^214:  300 316 
X^215:  307 315 331 
X^216:  202 298 314 322 
X^217:  209 337 
X^218:  200 296 304 
X^219:  287 311 319 335 
X^220:  318 326 334 
X^221:  197 205 293 309 325 333 
X^222:  292 300 316 
X^223:  203 283 307 315 323 
X^224:  194 290 322 
X^225:  201 273 
X^226:  192 272 288 296 304 312 328 
X^227:  199 207 311 319 327 
X^228:  206 286 294 302 318 334 
X^229:  189 205 285 325 
X^230:  292 316 332 
X^231:  195 315 
X^232:  186 282 290 298 306 322 330 
X^233:  193 201 209 305 321 
X^234:  184 280 296 312 320 328 336 
X^235:  191 207 271 327 335 
X^236:  278 286 318 326 334 
X^237:  181 189 197 205 309 333 
X^238:  196 292 324 
X^239:  195 267 307 315 331 
X^240:  178 258 274 282 290 314 330 
X^241:  185 201 209 257 273 297 305 313 321 329 
X^242:  176 208 296 304 320 328 336 
X^243:  271 279 287 303 
X^244:  302 310 318 334 
X^245:  173 269 277 285 301 317 325 
X^246:  204 300 
X^247:  267 283 291 307 315 331 
X^248:  170 202 266 290 306 
X^249:  177 273 305 313 321 337 
X^250:  168 200 208 264 280 296 320 328 
X^251:  191 207 255 263 279 287 295 311 319 335 
X^252:  262 270 278 286 302 310 334 
X^253:  165 173 197 205 277 317 325 333 
X^254:  196 204 260 284 308 316 332 
X^255:  171 187 251 259 283 291 299 323 
X^256:  82 162 194 266 274 290 306 314 322 330 
X^257:  169 241 265 273 297 305 321 337 
X^258:  80 160 192 200 240 264 280 320 328 336 
X^259:  167 175 207 255 263 271 287 295 311 335 
X^260:  174 190 198 254 262 286 294 302 310 318 334 
X^261:  157 173 189 197 205 277 285 293 301 309 317 
X^262:  196 252 260 292 308 316 324 
X^263:  163 195 251 259 275 299 307 323 331 
X^264:  154 186 194 250 258 274 282 298 306 314 330 
X^265:  161 169 177 201 209 257 273 313 321 329 337 
X^266:  152 184 200 248 256 280 288 296 304 312 
X^267:  159 191 207 239 247 279 287 319 327 335 
X^268:  182 190 198 206 278 286 302 310 
X^269:  149 157 165 173 189 197 205 245 277 285 293 301 309 317 
X^270:  164 204 252 276 292 308 324 
X^271:  163 171 203 235 243 259 275 315 331 
X^272:  66 146 178 186 226 282 298 306 314 322 330 
X^273:  153 169 177 193 201 225 241 249 257 265 281 297 313 
X^274:  64 144 208 240 256 264 280 
X^275:  183 191 263 271 279 295 311 
X^276:  270 278 294 318 
X^277:  141 197 245 253 261 269 285 301 317 333 
X^278:  188 236 252 268 276 284 292 300 324 332 
X^279:  179 203 243 251 267 275 291 299 307 
X^280:  138 186 202 234 250 258 266 274 298 314 322 
X^281:  145 201 209 273 289 297 313 321 
X^282:  136 184 208 232 240 264 272 304 312 328 
X^283:  175 191 199 207 223 247 255 287 327 335 
X^284:  182 198 254 278 286 294 302 310 318 
X^285:  133 141 205 229 245 261 269 277 309 317 
X^286:  204 228 236 252 260 268 284 292 300 316 
X^287:  139 171 179 187 219 243 251 259 267 283 291 299 323 
X^288:  130 178 194 226 266 298 322 
X^289:  81 137 177 193 201 209 281 297 305 313 329 337 
X^290:  80 128 176 192 200 224 232 240 248 256 296 312 320 336 
X^291:  135 143 167 175 207 247 255 279 287 295 303 
X^292:  142 190 206 222 230 238 262 270 278 286 294 302 310 318 
X^293:  125 141 181 189 197 205 221 261 269 317 325 
X^294:  172 196 204 228 260 276 284 292 300 324 332 
X^295:  131 163 187 203 251 259 275 291 323 
X^296:  122 170 218 226 234 242 250 266 290 298 322 330 
X^297:  129 137 145 185 201 209 241 257 273 281 289 305 313 321 
X^298:  120 168 184 192 208 216 232 264 272 280 288 296 304 320 336 
X^299:  127 143 159 183 207 255 263 279 287 311 327 335 
X^300:  166 182 198 214 222 246 278 286 294 326 334 
X^301:  117 125 133 141 181 197 205 245 261 269 277 325 
X^302:  132 180 188 196 204 228 244 252 260 268 284 292 316 332 
X^303:  131 155 163 195 203 243 291 307 331 
X^304:  66 114 162 178 202 210 218 226 242 266 282 298 306 322 
X^305:  65 81 121 137 145 161 193 201 209 233 241 249 257 289 297 
X^306:  80 112 144 160 176 184 192 232 248 256 264 272 304 320 
X^307:  79 151 159 183 191 199 215 223 239 247 263 279 303 
X^308:  174 182 190 198 206 254 262 270 318 
X^309:  77 109 165 173 189 197 205 213 221 237 261 269 285 325 
X^310:  76 140 156 172 180 196 204 244 252 260 268 284 292 324 332 
X^311:  75 147 171 179 187 203 219 227 251 259 275 299 315 
X^312:  106 138 154 170 178 226 234 266 282 290 314 330 
X^313:  81 113 169 185 193 201 241 249 265 273 281 289 297 321 329 337 
X^314:  80 104 136 144 152 216 240 256 264 272 280 312 320 328 336 
X^315:  71 79 127 159 167 183 207 215 223 231 239 247 271 311 
X^316:  70 78 150 174 190 214 222 230 254 262 286 302 318 334 
X^317:  69 101 109 133 141 165 181 189 197 205 213 245 253 261 269 277 285 293 325 
X^318:  76 132 140 164 180 188 220 228 236 244 260 276 284 292 308 316 332 
X^319:  67 75 107 123 139 147 155 179 187 195 203 219 227 251 267 331 
X^320:  18 66 74 98 130 162 170 178 194 210 234 242 250 258 290 298 306 314 322 330 
X^321:  49 73 105 145 161 185 209 233 241 249 257 265 281 297 313 
X^322:  16 48 64 96 128 136 160 176 192 208 216 224 232 256 272 280 288 296 304 320 328 336 
X^323:  63 103 111 135 175 223 255 263 287 295 327 
X^324:  78 110 126 134 166 174 182 190 198 206 238 262 270 278 294 310 326 
X^325:  61 93 109 125 133 141 149 165 173 181 189 197 205 213 221 229 245 253 293 301 309 317 333 
X^326:  60 76 132 140 156 172 180 188 220 236 300 324 
X^327:  59 99 155 179 187 195 211 227 235 267 283 299 323 
X^328:  90 122 130 138 162 186 194 202 210 226 234 242 250 258 282 314 322 330 
X^329:  65 97 105 113 137 145 153 161 169 177 185 193 209 241 265 289 313 329 337 
X^330:  64 88 120 152 176 184 192 200 232 240 256 264 272 296 312 320 328 
X^331:  55 63 79 95 143 151 167 191 215 239 247 263 271 303 319 
X^332:  54 62 70 118 126 142 158 166 174 182 206 230 254 278 294 302 310 318 334 
X^333:  53 85 93 101 109 125 133 141 157 165 173 189 197 205 213 221 237 253 277 325 
X^334:  60 68 100 140 164 180 188 196 204 220 228 236 244 252 260 300 316 332 
X^335:  51 59 75 99 107 123 131 139 155 163 179 187 195 211 219 235 251 259 267 283 299 
X^336:  2 34 50 58 82 114 122 146 154 162 170 194 210 234 242 258 290 298 314 322 
X^337:  33 49 57 89 105 113 137 153 169 185 209 217 249 257 265 289 313 329 337 
X^338:  0 
checksum: 449315