659
X^0:  660 
X^1:  
X^2:  
X^3:  659 
X^4:  656 
X^5:  
X^6:  
X^7:  
X^8:  
X^9:  
X^10:  
X^11:  
X^12:  656 
X^13:  
X^14:  
X^15:  655 
X^16:  644 652 
X^17:  
X^18:  
X^19:  643 659 
X^20:  640 
X^21:  
X^22:  658 
X^23:  
X^24:  
X^25:  657 
X^26:  654 
X^27:  659 
X^28:  656 
X^29:  
X^30:  650 
X^31:  655 
X^32:  652 
X^33:  649 657 
X^34:  646 654 
X^35:  651 
X^36:  
X^37:  653 
X^38:  642 650 658 
X^39:  655 
X^40:  652 
X^41:  641 657 
X^42:  638 646 654 
X^43:  643 651 659 
X^44:  640 648 656 
X^45:  645 653 
X^46:  634 642 658 
X^47:  639 647 655 
X^48:  636 652 
X^49:  633 641 657 
X^50:  630 654 
X^51:  635 
X^52:  648 
X^53:  
X^54:  626 642 
X^55:  647 
X^56:  644 
X^57:  625 641 649 657 
X^58:  622 638 646 
X^59:  627 643 
X^60:  624 
X^61:  645 
X^62:  618 634 642 650 658 
X^63:  623 647 655 
X^64:  620 644 
X^65:  617 625 633 657 
X^66:  614 622 630 638 646 654 
X^67:  619 635 643 651 659 
X^68:  632 640 648 656 
X^69:  621 637 645 653 
X^70:  610 618 634 650 
X^71:  623 631 639 647 
X^72:  620 628 644 652 
X^73:  609 633 641 649 657 
X^74:  606 614 646 
X^75:  611 619 651 
X^76:  608 616 624 640 648 
X^77:  613 621 645 653 
X^78:  602 610 618 626 634 642 658 
X^79:  607 615 623 
X^80:  604 620 636 644 
X^81:  601 609 617 625 649 
X^82:  598 614 622 630 654 
X^83:  603 619 635 643 659 
X^84:  
X^85:  637 
X^86:  594 626 634 642 
X^87:  639 
X^88:  636 652 
X^89:  593 625 641 
X^90:  590 622 630 638 654 
X^91:  595 627 635 643 651 
X^92:  592 624 632 640 648 
X^93:  629 637 
X^94:  586 618 626 642 650 658 
X^95:  591 623 631 639 655 
X^96:  588 620 628 636 
X^97:  585 593 617 625 641 
X^98:  582 590 614 638 654 
X^99:  587 619 627 
X^100:  624 632 648 656 
X^101:  589 653 
X^102:  578 586 594 610 626 650 
X^103:  591 631 647 
X^104:  588 628 636 644 652 
X^105:  577 593 609 625 633 641 657 
X^106:  574 582 590 606 622 630 638 646 
X^107:  579 587 595 611 627 635 651 659 
X^108:  576 584 592 608 624 632 648 656 
X^109:  581 589 629 645 653 
X^110:  570 578 594 602 618 626 650 658 
X^111:  575 583 591 607 623 631 
X^112:  572 588 604 612 620 628 
X^113:  569 577 593 601 609 617 641 
X^114:  566 590 598 606 614 622 630 
X^115:  571 603 611 619 635 
X^116:  584 608 616 624 632 656 
X^117:  605 621 629 637 653 
X^118:  562 578 594 602 618 626 634 650 
X^119:  583 607 615 623 631 
X^120:  580 604 612 620 628 636 652 
X^121:  561 577 585 617 633 649 657 
X^122:  558 574 582 590 598 630 638 654 
X^123:  563 579 595 603 619 627 635 643 659 
X^124:  560 592 600 608 616 632 648 
X^125:  581 597 605 629 637 645 653 
X^126:  554 570 578 602 610 618 634 650 
X^127:  559 583 599 607 639 647 655 
X^128:  532 556 580 588 604 
X^129:  553 561 569 585 601 609 617 625 657 
X^130:  550 558 566 574 590 598 606 646 
X^131:  531 555 571 579 595 603 635 643 651 659 
X^132:  528 568 576 584 592 616 
X^133:  557 573 581 589 621 637 653 
X^134:  546 554 570 578 586 618 642 650 
X^135:  559 567 575 583 615 639 647 655 
X^136:  556 564 580 588 604 612 620 636 652 
X^137:  545 569 585 593 633 657 
X^138:  542 550 574 582 606 614 622 630 638 646 654 
X^139:  547 555 579 587 603 619 643 659 
X^140:  528 544 552 560 584 600 616 632 648 
X^141:  549 557 581 589 613 621 629 637 645 
X^142:  538 546 554 562 578 594 602 610 634 
X^143:  527 543 551 559 575 607 639 647 
X^144:  516 524 540 556 580 612 620 628 652 
X^145:  537 545 553 561 569 577 585 617 633 641 
X^146:  534 550 558 574 590 606 622 646 
X^147:  515 531 539 555 579 595 619 635 643 
X^148:  512 656 
X^149:  
X^150:  642 650 
X^151:  647 655 
X^152:  
X^153:  641 649 657 
X^154:  638 654 
X^155:  643 651 
X^156:  640 648 
X^157:  645 
X^158:  634 642 658 
X^159:  655 
X^160:  636 644 652 
X^161:  633 657 
X^162:  630 638 654 
X^163:  635 643 
X^164:  640 648 
X^165:  637 645 653 
X^166:  626 642 650 
X^167:  631 655 
X^168:  636 652 
X^169:  625 633 641 649 657 
X^170:  622 630 638 646 
X^171:  627 635 643 651 
X^172:  624 640 
X^173:  645 653 
X^174:  618 
X^175:  631 
X^176:  620 628 652 
X^177:  617 
X^178:  614 630 638 646 654 
X^179:  619 635 643 659 
X^180:  624 632 640 648 
X^181:  637 653 
X^182:  610 618 626 634 658 
X^183:  615 623 647 
X^184:  628 636 652 
X^185:  609 617 649 657 
X^186:  606 630 
X^187:  611 619 627 635 
X^188:  608 616 632 
X^189:  613 629 637 
X^190:  602 610 618 626 634 650 
X^191:  647 655 
X^192:  604 612 620 628 636 
X^193:  601 617 633 641 657 
X^194:  598 606 614 630 654 
X^195:  603 611 619 627 635 643 659 
X^196:  608 640 
X^197:  605 613 621 645 653 
X^198:  594 618 634 650 658 
X^199:  599 
X^200:  604 612 628 
X^201:  593 601 617 625 641 649 
X^202:  590 598 614 622 646 654 
X^203:  595 603 619 627 635 651 659 
X^204:  592 608 616 648 
X^205:  613 621 645 653 
X^206:  586 602 610 618 658 
X^207:  599 607 615 
X^208:  588 596 620 628 636 644 
X^209:  585 601 609 633 657 
X^210:  582 606 614 622 630 638 646 654 
X^211:  587 619 643 659 
X^212:  592 624 632 640 648 656 
X^213:  621 629 637 
X^214:  578 586 610 626 634 650 658 
X^215:  583 591 615 639 647 
X^216:  620 
X^217:  577 585 593 609 617 625 633 641 649 657 
X^218:  574 590 606 614 622 630 638 646 654 
X^219:  579 587 611 619 627 635 643 
X^220:  576 584 608 624 632 640 656 
X^221:  581 629 637 645 
X^222:  570 578 594 602 634 642 650 
X^223:  591 615 655 
X^224:  572 580 588 604 612 628 644 
X^225:  569 593 601 657 
X^226:  566 574 590 598 614 622 630 646 654 
X^227:  571 579 603 619 627 635 643 659 
X^228:  576 584 608 616 632 656 
X^229:  573 581 589 621 
X^230:  562 578 586 594 602 610 618 634 642 
X^231:  567 591 599 607 655 
X^232:  572 588 612 628 
X^233:  561 569 577 585 601 641 657 
X^234:  558 566 574 582 590 614 622 630 638 646 654 
X^235:  563 571 579 587 595 603 611 619 627 643 651 
X^236:  560 576 592 600 632 640 656 
X^237:  581 589 597 613 621 
X^238:  554 586 594 602 610 642 
X^239:  567 631 639 655 
X^240:  556 564 596 604 620 636 644 652 
X^241:  553 585 601 617 625 633 641 
X^242:  550 566 574 598 614 638 646 654 
X^243:  555 571 579 587 603 611 627 635 651 
X^244:  560 568 576 584 592 608 616 624 632 648 
X^245:  573 597 605 629 
X^246:  546 554 562 570 578 594 602 634 642 650 
X^247:  551 559 615 639 
X^248:  564 572 596 604 612 620 628 
X^249:  545 553 577 593 601 609 617 633 
X^250:  542 566 574 582 598 614 622 630 638 654 
X^251:  547 555 563 571 579 587 603 619 627 635 643 
X^252:  544 552 568 576 592 608 616 624 640 648 
X^253:  549 565 573 597 605 613 637 645 653 
X^254:  538 546 554 562 594 610 618 634 642 
X^255:  599 631 
X^256:  540 548 556 564 580 596 612 636 652 
X^257:  537 553 577 585 617 641 657 
X^258:  534 542 550 598 614 630 638 646 
X^259:  539 547 555 563 579 595 619 635 651 
X^260:  544 592 616 624 648 
X^261:  541 549 557 581 589 613 621 637 645 653 
X^262:  530 554 562 586 602 626 642 658 
X^263:  535 567 575 623 
X^264:  540 548 564 588 596 604 620 628 636 644 652 
X^265:  529 537 553 569 585 593 609 617 625 649 657 
X^266:  526 534 550 574 582 590 614 630 
X^267:  531 539 555 587 595 603 611 627 643 
X^268:  528 544 552 560 568 592 608 624 640 648 656 
X^269:  549 557 565 581 589 613 621 637 
X^270:  522 538 546 562 578 594 602 610 618 626 634 642 
X^271:  535 543 551 575 599 607 615 623 
X^272:  524 532 588 604 612 652 
X^273:  521 537 545 553 569 577 585 593 601 609 617 641 649 
X^274:  518 542 566 590 606 614 622 638 646 
X^275:  523 563 579 595 603 627 
X^276:  528 592 600 608 616 
X^277:  605 621 637 653 
X^278:  514 522 578 586 594 602 626 650 
X^279:  519 527 583 591 615 
X^280:  596 604 620 644 652 
X^281:  513 521 529 577 585 617 625 649 657 
X^282:  510 526 574 598 638 
X^283:  515 523 579 587 595 603 651 659 
X^284:  512 520 576 584 600 648 656 
X^285:  517 581 597 605 629 645 
X^286:  506 514 530 570 578 586 594 602 618 626 634 650 658 
X^287:  527 615 623 655 
X^288:  508 516 524 572 580 588 596 604 
X^289:  505 529 569 585 601 609 625 641 649 
X^290:  502 510 526 566 574 582 598 
X^291:  507 515 571 579 587 595 603 611 627 651 
X^292:  512 520 576 608 632 640 648 656 
X^293:  509 517 525 573 581 589 613 653 
X^294:  498 514 522 562 586 602 618 626 634 658 
X^295:  503 527 567 647 655 
X^296:  508 524 572 580 596 
X^297:  497 505 513 521 529 561 569 585 593 609 617 633 641 649 
X^298:  494 502 510 518 558 566 582 590 614 622 646 654 
X^299:  499 507 515 523 563 571 587 595 603 619 627 635 643 
X^300:  496 512 560 576 584 616 640 648 
X^301:  517 525 581 589 621 645 653 
X^302:  490 554 570 578 586 610 626 634 642 650 658 
X^303:  503 567 575 583 647 655 
X^304:  492 500 524 556 564 588 596 604 612 628 644 
X^305:  489 553 569 577 601 625 633 657 
X^306:  486 502 510 518 526 550 574 582 590 598 614 622 630 
X^307:  491 507 515 531 555 587 611 627 635 643 651 
X^308:  496 504 512 520 560 592 600 608 616 656 
X^309:  509 525 589 597 637 653 
X^310:  482 490 498 506 530 546 554 578 594 602 618 634 658 
X^311:  487 495 519 551 559 583 607 615 639 647 655 
X^312:  500 508 524 588 612 644 652 
X^313:  481 489 521 529 545 553 561 577 585 593 601 609 633 657 
X^314:  478 502 542 558 574 582 590 598 630 638 646 
X^315:  483 491 499 507 547 555 579 587 595 603 611 619 627 651 
X^316:  480 488 504 544 552 576 592 600 608 624 
X^317:  485 501 509 549 605 613 653 
X^318:  474 482 490 498 506 522 538 546 562 570 594 610 618 626 634 642 650 658 
X^319:  519 527 559 583 623 631 639 647 655 
X^320:  476 484 492 500 508 540 548 556 572 580 596 620 644 652 
X^321:  473 489 505 513 529 537 561 569 609 617 625 649 657 
X^322:  470 478 486 502 526 534 542 558 566 582 598 614 622 646 654 
X^323:  475 483 491 499 507 515 531 539 547 571 587 595 603 611 619 643 651 
X^324:  480 512 544 552 576 584 632 648 
X^325:  477 485 493 517 525 541 549 557 605 637 645 
X^326:  466 490 506 522 546 554 562 570 578 586 602 610 618 634 658 
X^327:  471 535 559 567 575 615 631 
X^328:  476 484 500 540 556 580 596 604 612 620 628 636 644 
X^329:  465 473 489 497 513 521 529 537 545 553 569 601 617 625 633 641 
X^330:  462 470 486 494 518 534 542 550 558 582 590 614 622 630 638 646 654 
X^331:  467 475 491 499 507 523 539 547 555 563 571 579 587 595 603 619 627 651 
X^332:  464 480 488 520 528 544 560 568 608 624 640 656 
X^333:  485 493 517 525 549 557 565 589 597 621 637 645 653 
X^334:  458 474 482 490 522 530 554 562 570 626 650 
X^335:  471 479 487 535 599 615 639 647 655 
X^336:  460 468 492 500 508 516 524 532 564 572 588 620 636 652 
X^337:  457 473 481 505 521 529 553 569 585 593 609 633 641 657 
X^338:  454 478 486 494 502 510 526 534 542 566 574 582 606 622 630 
X^339:  459 491 515 523 531 539 547 555 571 579 595 619 651 
X^340:  464 496 504 512 520 536 544 552 560 576 584 592 600 648 
X^341:  493 501 509 541 565 589 597 605 637 653 
X^342:  450 458 482 498 506 514 538 546 562 570 586 602 610 618 650 
X^343:  455 463 487 511 527 583 607 623 631 647 655 
X^344:  492 532 540 564 572 596 628 
X^345:  449 457 465 481 489 497 505 529 545 561 569 577 593 601 617 633 641 657 
X^346:  446 462 478 486 494 502 518 526 534 542 550 566 574 582 590 598 606 614 646 654 
X^347:  451 459 483 491 499 507 523 531 539 547 555 571 603 611 619 635 643 659 
X^348:  448 456 480 496 504 520 528 536 544 560 576 608 616 656 
X^349:  453 501 509 533 541 573 597 605 613 621 629 645 653 
X^350:  442 450 466 474 530 570 578 602 618 626 634 658 
X^351:  463 487 527 567 591 599 615 623 631 639 
X^352:  444 452 460 476 484 500 508 524 532 548 564 580 604 628 636 644 
X^353:  441 465 473 505 521 529 545 553 577 609 625 
X^354:  438 446 462 470 486 494 510 526 558 566 582 590 598 614 622 630 638 646 
X^355:  443 451 475 491 499 523 547 563 603 651 659 
X^356:  448 456 480 488 504 512 528 560 568 576 616 624 640 656 
X^357:  445 453 461 493 509 517 525 549 581 589 605 613 621 637 645 
X^358:  434 450 458 466 474 482 490 498 506 514 522 530 554 602 610 618 626 642 658 
X^359:  439 463 471 479 503 527 535 543 583 607 623 631 655 
X^360:  444 460 484 500 508 516 532 556 564 572 588 604 612 
X^361:  433 441 449 457 473 497 505 513 521 529 537 553 561 569 593 601 641 649 657 
X^362:  430 438 446 454 462 486 510 526 542 550 558 598 606 614 622 638 646 
X^363:  435 443 451 459 467 475 483 491 507 515 555 563 595 603 635 651 
X^364:  432 448 464 472 496 504 520 536 560 584 592 632 640 648 656 
X^365:  453 461 469 485 493 517 525 533 557 581 605 613 629 637 645 
X^366:  426 458 466 474 482 490 506 530 562 578 586 594 610 618 642 658 
X^367:  439 519 527 543 567 575 599 607 615 631 647 
X^368:  428 436 468 476 500 508 516 524 556 564 572 612 628 636 644 652 
X^369:  425 457 473 497 521 537 545 553 561 577 585 609 649 657 
X^370:  422 438 446 470 518 526 534 542 558 566 582 606 614 654 
X^371:  427 443 451 459 475 483 491 499 507 523 531 547 563 579 587 595 627 635 659 
X^372:  432 440 448 456 464 480 488 504 520 568 576 600 608 624 632 640 656 
X^373:  445 469 477 501 541 573 589 605 621 637 645 
X^374:  418 426 434 442 450 466 474 482 490 506 514 522 546 554 586 610 626 658 
X^375:  423 431 495 511 551 559 575 599 607 615 623 639 647 655 
X^376:  436 444 468 476 484 492 500 548 564 572 580 588 620 628 644 652 
X^377:  417 425 449 465 473 497 505 545 561 569 601 625 633 
X^378:  414 438 446 454 470 478 486 502 510 526 550 558 574 582 606 622 638 646 654 
X^379:  419 427 435 443 451 459 475 483 499 507 515 547 571 603 619 651 659 
X^380:  416 424 440 448 464 496 512 520 544 552 568 584 592 608 632 648 
X^381:  421 437 445 469 477 509 517 525 533 549 573 581 589 597 613 621 629 637 
X^382:  410 418 426 434 466 474 490 498 506 514 530 546 554 562 610 642 
X^383:  471 495 503 567 575 583 607 623 631 655 
X^384:  412 420 428 436 452 468 476 492 508 524 532 540 564 572 588 612 644 652 
X^385:  409 425 449 457 473 489 497 513 529 537 545 569 577 585 601 625 641 649 657 
X^386:  406 414 422 478 486 494 502 510 518 526 534 542 550 558 566 574 590 638 654 
X^387:  411 419 427 435 451 467 475 483 491 507 523 531 539 547 571 595 603 619 635 643 651 659 
X^388:  416 464 480 496 520 528 536 544 560 568 584 608 640 656 
X^389:  413 421 429 453 461 477 509 517 549 605 613 629 637 645 
X^390:  402 426 434 458 466 474 482 490 498 514 578 594 602 626 642 650 
X^391:  407 439 447 471 535 551 559 567 575 591 599 647 655 
X^392:  412 420 436 460 468 500 508 516 524 556 564 580 596 620 636 
X^393:  401 409 425 441 457 473 521 545 561 585 609 617 633 
X^394:  398 406 422 446 454 470 478 502 526 542 550 574 582 598 606 614 630 638 646 
X^395:  403 411 427 459 491 499 515 531 547 555 579 635 659 
X^396:  400 416 424 432 440 496 512 520 528 536 544 552 568 576 584 592 608 624 632 656 
X^397:  421 429 437 453 461 509 517 533 565 573 581 597 605 613 621 637 653 
X^398:  394 410 418 434 450 458 466 474 482 490 498 506 522 538 546 578 586 594 610 618 626 650 
X^399:  407 415 423 447 479 487 495 527 535 559 567 575 591 599 607 623 631 655 
X^400:  396 404 468 476 484 492 516 524 532 540 548 556 572 580 588 620 628 644 652 
X^401:  393 409 417 425 441 449 465 473 481 489 513 545 561 577 609 617 633 641 657 
X^402:  390 414 438 454 462 470 590 598 606 614 622 638 646 654 
X^403:  395 435 451 459 467 483 515 523 531 539 555 579 595 611 619 627 643 651 659 
X^404:  400 512 528 560 568 576 584 592 608 616 624 632 648 
X^405:  557 565 573 653 
X^406:  386 394 514 522 530 546 562 570 586 610 618 650 
X^407:  391 399 519 527 551 575 583 
X^408:  556 604 620 628 652 
X^409:  385 393 401 513 521 545 553 561 569 577 585 609 633 641 649 657 
X^410:  382 398 510 542 550 558 566 574 582 622 630 638 646 654 
X^411:  387 395 515 523 531 547 555 563 571 579 595 643 651 659 
X^412:  384 392 512 520 528 544 560 568 576 600 616 624 632 
X^413:  389 517 565 573 581 621 629 645 
X^414:  378 386 402 506 514 522 530 538 570 578 610 634 650 
X^415:  399 551 615 623 631 655 
X^416:  380 388 396 508 516 540 548 564 580 588 596 620 652 
X^417:  377 401 505 521 537 585 601 617 633 649 
X^418:  374 382 398 502 510 518 534 550 558 566 598 606 614 638 654 
X^419:  379 387 507 515 523 539 555 563 571 579 587 595 611 619 627 643 659 
X^420:  384 392 512 520 544 552 568 624 648 
X^421:  381 389 397 509 517 557 589 613 621 629 645 
X^422:  370 386 394 498 538 546 554 570 586 618 642 658 
X^423:  375 399 503 535 543 607 615 631 639 655 
X^424:  380 396 508 548 564 596 604 636 644 
X^425:  369 377 385 393 401 497 505 521 529 537 593 617 625 633 641 649 
X^426:  366 374 382 390 494 502 550 558 566 598 606 614 630 
X^427:  371 379 387 395 499 507 539 547 555 563 595 619 635 
X^428:  368 384 496 520 536 568 592 600 616 
X^429:  389 397 533 549 557 581 589 605 613 621 
X^430:  362 490 506 514 522 538 546 570 618 626 634 658 
X^431:  375 503 511 519 527 567 583 647 
X^432:  364 372 396 492 500 508 524 532 540 556 588 596 628 636 644 652 
X^433:  361 489 505 513 521 529 537 553 561 585 593 601 609 617 625 641 649 657 
X^434:  358 374 382 390 398 486 510 526 534 550 566 574 590 598 606 622 630 
X^435:  363 379 387 403 491 515 523 539 547 563 587 603 611 619 651 
X^436:  368 376 384 392 496 504 512 528 544 552 560 568 576 584 600 608 616 624 632 640 648 656 
X^437:  381 397 509 533 541 565 613 621 637 645 
X^438:  354 362 370 378 402 482 490 506 530 538 562 570 578 610 642 650 
X^439:  359 367 391 487 495 519 551 575 583 631 639 647 
X^440:  372 380 396 500 508 516 532 540 548 556 564 572 580 596 604 620 628 644 
X^441:  353 361 393 401 481 489 497 521 537 545 553 561 569 585 601 625 641 657 
X^442:  350 374 478 494 502 534 550 566 582 590 598 606 614 622 638 646 654 
X^443:  355 363 371 379 483 491 507 523 539 555 571 603 627 643 651 
X^444:  352 360 376 480 488 496 504 512 528 544 552 568 576 584 592 632 640 
X^445:  357 373 381 485 501 509 517 533 541 549 573 597 605 621 645 653 
X^446:  346 354 362 370 378 394 474 482 498 506 514 522 546 578 610 626 634 650 
X^447:  391 399 495 519 527 535 559 567 599 607 615 639 647 655 
X^448:  348 356 364 372 380 476 484 500 532 548 556 564 572 588 596 636 644 652 
X^449:  345 361 377 385 401 473 497 505 513 521 529 561 577 601 609 625 633 641 649 657 
X^450:  342 350 358 374 398 470 478 494 502 510 518 526 534 558 566 574 582 590 622 638 646 
X^451:  347 355 363 371 379 387 403 475 483 499 507 523 587 611 619 643 659 
X^452:  352 384 480 504 512 520 552 568 584 592 600 608 616 624 632 640 656 
X^453:  349 357 365 389 397 477 485 509 549 581 589 605 613 629 645 653 
X^454:  338 362 378 394 402 466 482 498 506 538 546 554 570 578 594 618 634 642 650 658 
X^455:  343 471 495 519 567 591 615 623 639 
X^456:  348 356 372 476 484 492 516 532 540 556 564 572 580 596 612 644 652 
X^457:  337 345 361 369 385 393 465 473 481 489 513 553 569 585 601 609 625 633 641 
X^458:  334 342 358 366 390 398 462 470 478 510 526 542 590 598 606 622 646 
X^459:  339 347 363 371 379 395 403 467 475 483 531 539 555 563 579 619 643 
X^460:  336 352 360 392 464 504 512 520 528 560 576 592 600 616 624 632 648 
X^461:  357 365 389 397 501 597 605 613 621 645 
X^462:  330 346 354 362 402 458 490 506 562 570 586 610 634 642 650 658 
X^463:  343 351 359 471 495 511 535 583 599 607 
X^464:  332 340 364 372 380 388 460 468 476 492 508 516 524 572 580 588 604 612 620 628 
X^465:  329 345 353 377 401 457 497 505 513 529 553 561 617 633 641 
X^466:  326 350 358 366 374 382 390 398 454 470 478 486 494 534 542 550 558 574 582 598 614 622 630 646 
X^467:  331 363 387 403 459 475 491 499 507 555 563 595 611 619 627 643 659 
X^468:  336 368 376 384 392 400 464 528 536 560 568 576 584 608 616 624 632 648 
X^469:  365 373 381 509 541 557 597 613 621 629 653 
X^470:  322 330 354 370 378 394 402 450 458 466 498 506 522 538 546 554 570 602 626 642 650 658 
X^471:  327 335 359 383 391 455 463 511 519 527 551 575 591 599 623 631 647 
X^472:  364 508 524 532 564 604 612 620 636 652 
X^473:  321 329 337 353 361 369 377 385 393 401 449 457 497 521 529 545 553 569 577 601 625 649 
X^474:  318 334 350 358 366 374 382 390 398 446 494 502 534 574 590 598 614 622 654 
X^475:  323 331 355 363 371 379 387 451 459 467 499 507 539 563 571 587 603 619 659 
X^476:  320 328 352 368 376 384 400 448 456 464 496 504 528 552 568 584 592 624 640 648 
X^477:  325 373 381 389 453 501 509 517 533 541 557 565 573 589 605 629 653 
X^478:  314 322 338 346 378 386 394 442 450 458 466 490 498 506 522 538 546 586 594 602 618 626 642 
X^479:  335 359 399 495 503 511 559 575 591 607 615 623 631 639 647 
X^480:  316 324 332 348 356 372 388 444 452 492 500 516 540 564 580 588 612 620 628 636 
X^481:  313 337 345 401 441 457 489 497 505 513 529 545 585 593 609 617 625 641 649 
X^482:  310 318 334 342 358 366 374 390 398 438 446 454 486 502 542 566 574 582 622 638 646 
X^483:  315 323 347 363 371 379 387 403 443 451 459 491 499 507 515 531 539 579 595 603 627 651 659 
X^484:  320 328 352 360 376 400 448 456 496 504 512 520 544 568 576 592 608 616 640 648 656 
X^485:  317 325 333 365 445 453 509 517 525 557 565 581 589 597 605 621 653 
X^486:  306 322 330 338 346 354 362 378 386 434 466 482 514 522 538 546 562 578 586 594 610 626 634 650 658 
X^487:  311 335 343 351 399 439 519 527 543 551 575 599 607 631 639 647 655 
X^488:  316 332 356 372 444 500 524 540 556 564 580 588 596 612 620 636 644 652 
X^489:  305 313 321 329 345 385 401 433 441 457 481 521 561 569 585 601 617 625 641 649 
X^490:  302 310 318 326 334 358 366 374 382 390 398 430 438 462 478 518 534 574 582 590 598 630 654 
X^491:  307 315 323 331 339 347 355 363 371 387 395 435 443 467 483 515 523 531 539 547 571 579 595 603 611 627 643 651 
X^492:  304 320 336 344 376 384 400 432 456 464 480 504 528 536 544 552 568 584 592 600 616 624 632 640 648 
X^493:  325 333 341 357 365 501 517 525 541 549 565 573 589 597 605 613 629 637 645 653 
X^494:  298 330 338 346 354 386 426 442 450 466 474 498 530 538 546 570 578 586 626 634 650 
X^495:  311 375 383 399 439 447 455 463 479 495 527 543 575 583 599 615 623 631 639 647 655 
X^496:  300 308 340 348 364 380 388 396 428 436 444 476 484 508 516 524 572 580 588 596 604 628 644 
X^497:  297 329 345 361 369 377 385 425 441 449 465 473 481 513 521 529 537 553 569 585 609 625 
X^498:  294 310 318 342 358 382 390 398 422 446 454 470 478 494 510 526 534 550 574 614 622 654 
X^499:  299 315 323 331 347 355 371 379 395 427 451 467 475 483 523 563 571 579 595 603 611 651 659 
X^500:  304 312 320 328 336 352 360 368 376 392 432 440 448 480 488 504 512 544 552 560 568 576 584 592 600 608 616 624 640 
X^501:  317 341 349 373 445 461 477 493 501 509 533 541 549 573 581 589 597 605 629 637 645 
X^502:  290 298 306 314 322 338 346 378 386 394 418 426 442 450 474 482 506 514 570 578 586 610 634 642 650 658 
X^503:  295 303 359 383 423 431 479 503 567 575 583 591 599 607 623 647 
X^504:  308 316 340 348 356 364 372 436 444 452 460 476 484 492 500 516 532 540 548 564 588 636 644 652 
X^505:  289 297 321 337 345 353 361 377 417 425 433 449 465 481 505 513 521 529 553 561 569 585 601 641 
X^506:  286 310 318 326 342 358 366 374 382 398 414 430 438 446 454 462 470 478 502 510 526 534 542 566 598 614 
X^507:  291 299 307 315 323 331 347 363 371 379 387 419 427 443 451 467 475 483 507 515 523 531 539 547 587 643 
X^508:  288 296 312 320 336 352 360 368 384 392 416 424 432 440 464 472 496 512 520 528 536 544 552 560 568 576 584 592 648 
X^509:  293 309 317 341 349 357 381 389 397 421 437 445 453 469 477 485 501 509 541 549 565 597 621 629 645 653 
X^510:  282 290 298 306 338 354 362 378 386 410 418 434 450 458 498 506 538 562 578 586 594 610 618 658 
X^511:  343 375 431 463 471 479 511 551 583 599 607 623 631 639 647 655 
X^512:  148 284 292 300 308 324 340 356 380 396 404 412 420 436 444 452 460 484 500 508 516 524 532 572 612 620 628 636 644 652 
X^513:  281 297 321 329 361 385 401 409 433 449 457 465 481 497 505 521 529 537 545 553 561 577 585 609 641 
X^514:  278 286 294 342 358 374 382 390 406 414 430 446 486 502 518 526 534 550 574 582 614 622 654 
X^515:  147 283 291 299 307 323 339 363 379 395 403 411 419 435 483 491 507 515 523 571 579 587 603 619 635 659 
X^516:  144 288 336 360 368 392 400 416 440 456 464 480 496 504 512 520 552 576 592 632 
X^517:  285 293 301 325 333 357 365 381 389 397 413 421 445 477 485 493 525 549 557 565 581 597 605 
X^518:  274 298 306 330 346 370 386 418 450 490 514 530 578 594 602 626 634 642 
X^519:  279 311 319 367 407 431 439 447 455 471 487 519 551 583 599 607 615 623 631 639 647 
X^520:  284 292 308 332 340 348 364 372 380 388 396 412 420 428 452 460 484 508 516 524 540 556 564 580 588 596 604 612 652 
X^521:  273 281 297 313 329 337 353 361 369 393 409 417 425 433 441 449 473 489 497 505 513 529 569 585 601 609 617 633 649 657 
X^522:  270 278 294 318 326 334 358 374 398 406 414 430 446 470 478 486 526 534 566 574 582 590 606 646 
X^523:  275 283 299 331 339 347 355 371 387 403 411 419 435 443 451 491 499 507 515 523 547 563 571 595 
X^524:  144 272 288 296 304 312 336 352 368 384 392 400 432 464 472 488 496 512 520 536 544 568 600 608 624 632 656 
X^525:  293 301 309 325 333 357 365 381 485 493 517 525 549 573 581 597 605 629 645 653 
X^526:  266 282 290 306 322 338 346 354 362 370 378 386 394 434 450 458 498 506 514 522 530 562 570 586 602 658 
X^527:  143 279 287 295 319 343 351 359 367 399 407 431 447 471 487 495 535 551 559 583 591 615 623 647 
X^528:  132 140 268 276 332 348 356 388 396 404 412 436 444 460 468 476 492 508 540 548 556 572 580 596 604 612 644 652 
X^529:  265 281 289 297 313 321 329 337 345 353 361 385 425 433 449 465 473 481 497 505 513 521 529 553 569 577 625 633 641 657 
X^530:  262 286 310 334 350 358 366 382 406 414 438 494 518 526 534 542 574 590 598 606 614 622 630 638 
X^531:  131 147 267 307 323 339 347 371 387 395 403 411 459 483 491 507 531 547 555 571 587 595 603 611 619 635 643 
X^532:  128 272 336 344 352 360 384 400 432 440 448 456 472 504 512 536 544 568 576 592 616 640 
X^533:  349 365 381 397 429 437 445 477 501 533 541 573 581 629 637 
X^534:  146 258 266 322 330 338 346 370 386 418 434 442 450 466 474 490 498 506 514 522 530 538 546 586 594 602 626 634 658 
X^535:  263 271 327 335 359 391 399 423 447 463 527 543 551 559 567 591 599 607 623 655 
X^536:  340 348 364 388 396 428 468 492 508 524 532 540 548 572 588 604 620 628 644 
X^537:  145 257 265 273 321 329 361 369 385 417 425 433 441 497 513 537 585 617 633 649 
X^538:  142 254 270 318 342 398 414 422 430 438 454 470 478 486 494 510 534 566 582 590 598 630 638 646 654 
X^539:  147 259 267 323 331 339 347 387 403 419 427 435 443 459 475 483 491 507 539 555 587 603 611 643 659 
X^540:  144 256 264 320 328 344 384 400 416 432 440 456 480 488 504 520 528 536 544 552 560 576 584 592 616 624 632 640 656 
X^541:  261 325 341 349 373 437 445 469 477 493 501 509 533 541 573 597 605 629 653 
X^542:  138 250 258 274 314 322 330 338 346 362 370 386 394 410 458 466 482 506 530 554 562 578 586 594 602 618 626 642 
X^543:  143 271 359 367 423 487 495 535 551 559 607 639 
X^544:  140 252 260 268 316 324 332 340 348 380 388 396 412 420 436 444 484 492 500 508 524 532 540 580 588 596 604 612 620 628 644 
X^545:  137 145 249 273 313 329 345 353 369 377 385 393 401 409 441 473 481 513 545 577 585 601 617 
X^546:  134 142 246 254 270 310 318 326 342 374 382 398 406 422 430 446 454 470 478 486 494 534 550 574 582 590 622 630 638 654 
X^547:  139 251 259 315 323 331 339 347 355 371 379 387 395 411 427 435 491 507 523 531 571 587 595 603 627 
X^548:  256 264 320 352 376 400 416 424 440 448 504 528 536 552 568 592 608 632 640 
X^549:  141 253 261 269 317 325 333 357 381 389 429 445 453 493 501 509 517 525 549 557 573 581 589 605 
X^550:  130 138 146 242 258 266 306 330 346 362 378 386 394 410 418 426 434 442 466 498 514 546 554 570 626 634 650 658 
X^551:  143 247 271 311 375 391 407 415 439 471 487 511 519 527 535 543 575 583 591 623 631 639 
X^552:  140 252 268 316 324 340 380 396 420 436 444 452 476 492 500 508 516 540 548 556 564 572 580 588 604 612 644 652 
X^553:  129 145 241 249 257 265 273 305 313 329 337 353 361 369 409 433 441 457 465 473 497 505 513 529 601 617 625 633 657 
X^554:  126 134 142 238 246 254 262 302 310 326 334 358 374 382 422 454 470 542 550 558 566 582 590 614 638 646 
X^555:  131 139 147 243 251 259 267 307 315 331 339 347 363 395 403 411 419 427 443 459 467 531 539 563 587 595 635 651 
X^556:  128 136 144 240 256 304 320 328 360 368 392 400 408 432 440 448 456 488 520 528 552 560 584 600 616 632 640 648 656 
X^557:  133 141 261 269 325 333 365 405 421 429 469 477 485 517 549 581 597 605 621 637 653 
X^558:  122 130 146 234 298 314 322 330 354 362 370 378 386 410 418 426 450 466 554 562 618 634 642 658 
X^559:  127 135 143 247 311 319 327 375 391 399 447 479 527 535 543 
X^560:  124 140 236 244 268 300 308 332 340 348 356 364 388 404 412 436 460 468 500 508 540 556 564 580 612 620 636 644 
X^561:  121 129 145 233 297 313 321 345 361 369 377 393 401 409 433 441 449 465 489 505 513 569 585 593 625 633 641 649 657 
X^562:  118 142 230 246 254 262 270 294 318 326 334 342 366 382 406 438 462 486 510 526 542 558 566 598 606 630 654 
X^563:  123 235 251 259 275 299 331 355 363 371 411 419 427 435 459 467 475 499 523 555 587 627 635 659 
X^564:  136 240 248 256 264 304 336 344 352 360 368 376 384 392 416 424 440 448 456 472 480 488 504 520 552 560 568 584 616 632 656 
X^565:  253 269 333 341 397 405 413 437 477 485 493 509 517 565 573 581 589 597 613 621 653 
X^566:  114 130 226 234 242 250 274 290 298 322 338 346 354 370 386 410 418 426 434 442 450 482 506 522 538 554 562 602 618 634 650 
X^567:  135 231 239 263 295 303 327 351 367 383 391 399 431 447 455 503 535 567 591 599 607 623 
X^568:  132 244 252 268 332 356 372 380 388 396 404 412 420 428 436 444 452 468 476 484 492 500 508 524 532 548 564 588 596 604 612 620 636 644 
X^569:  113 129 137 145 225 233 265 273 289 297 305 321 329 337 345 361 377 385 409 441 457 473 489 497 505 521 529 561 593 617 625 633 649 657 
X^570:  110 126 134 222 246 286 302 318 326 334 342 350 406 414 422 430 438 454 462 470 494 502 526 550 582 590 606 614 630 646 654 
X^571:  115 131 227 235 243 251 291 299 323 331 339 347 379 387 411 419 443 475 491 499 515 523 531 547 571 579 587 595 603 611 627 
X^572:  112 224 232 248 288 296 320 336 344 360 368 376 384 400 440 448 456 464 496 512 528 536 552 600 616 624 640 
X^573:  133 229 245 253 293 349 373 381 397 405 413 445 477 493 501 525 533 541 549 565 581 589 597 605 629 637 653 
X^574:  106 122 130 138 146 218 226 234 242 250 266 282 290 306 314 338 346 378 386 394 410 434 450 466 474 482 490 498 514 522 530 546 594 610 626 642 
X^575:  111 135 143 263 271 303 327 367 375 383 391 399 407 439 471 479 487 495 503 551 575 583 591 615 623 631 647 
X^576:  108 132 220 228 236 244 252 284 292 300 316 324 340 348 356 372 396 404 412 436 444 460 468 484 500 508 516 532 540 580 588 596 604 620 636 
X^577:  105 113 121 145 217 233 249 257 273 281 305 313 345 353 369 385 401 409 449 473 513 529 545 601 609 617 625 
X^578:  102 110 118 126 134 142 214 222 230 246 270 278 286 302 310 326 350 366 390 398 414 438 446 454 486 494 502 510 518 542 614 630 638 646 654 
X^579:  107 123 131 139 147 219 227 235 243 251 259 275 283 291 315 331 339 371 395 403 411 419 459 483 491 499 515 571 579 587 603 611 643 651 659 
X^580:  120 128 136 144 224 256 288 296 320 328 352 376 392 400 416 440 456 464 480 488 496 520 528 544 552 560 576 592 600 616 624 640 648 
X^581:  109 125 133 141 221 229 237 261 269 285 293 301 357 365 381 397 413 429 453 485 501 517 525 533 549 557 565 573 581 589 597 605 613 629 645 653 
X^582:  98 106 122 138 210 234 250 266 290 298 306 314 322 330 338 346 354 370 378 394 410 442 450 466 482 490 514 522 538 546 554 570 586 610 626 634 642 658 
X^583:  111 119 127 135 215 279 303 311 319 343 359 383 407 431 439 463 495 503 511 519 527 551 575 583 607 639 
X^584:  108 116 132 140 220 228 244 284 300 324 340 364 380 388 396 404 436 444 452 468 476 492 500 508 540 556 564 588 596 612 620 636 644 652 
X^585:  97 121 129 137 145 209 217 233 241 257 265 273 281 289 297 313 337 369 385 393 409 417 433 441 457 481 489 497 505 513 521 537 545 561 585 593 609 617 625 633 641 
X^586:  94 102 134 206 214 230 238 262 278 286 294 302 326 342 366 374 398 406 422 462 478 486 494 502 510 526 534 542 582 590 598 646 
X^587:  99 107 139 211 219 235 243 251 267 283 291 299 307 315 323 331 371 419 435 451 475 507 515 531 539 547 555 563 571 579 587 611 627 635 643 
X^588:  96 104 112 128 136 208 224 232 264 272 288 304 312 336 360 376 384 400 416 432 448 464 480 488 496 504 520 536 544 552 568 576 584 592 616 624 648 
X^589:  101 109 133 141 229 237 261 269 293 301 309 333 341 357 373 381 421 429 453 477 485 493 501 549 565 573 581 597 613 621 629 645 653 
X^590:  90 98 106 114 122 130 146 202 218 226 234 266 274 298 306 314 330 346 354 386 402 434 442 450 458 474 490 522 530 538 546 554 570 586 594 626 642 
X^591:  95 103 111 215 223 231 279 351 391 399 455 471 479 503 527 535 551 567 575 615 623 631 639 655 
X^592:  92 108 124 132 204 212 236 244 252 260 268 276 308 316 340 364 380 396 404 428 444 452 460 476 484 492 500 508 516 532 540 548 580 588 628 644 
X^593:  89 97 105 113 137 201 217 225 249 265 273 297 313 337 345 361 425 433 481 561 569 585 593 617 625 633 641 
X^594:  86 102 110 118 142 198 222 230 238 246 254 270 278 286 310 318 366 390 398 454 478 486 510 518 534 542 574 590 598 622 630 638 646 654 
X^595:  91 107 123 131 147 203 235 259 267 275 283 291 299 315 323 331 339 363 371 387 403 411 419 427 467 483 491 499 523 531 547 555 571 627 659 
X^596:  208 240 248 256 264 280 288 296 304 320 328 344 392 416 424 432 440 448 456 488 496 520 528 544 568 576 584 600 608 616 640 656 
X^597:  125 237 245 253 285 309 333 341 349 381 397 445 461 469 485 493 501 509 517 525 541 557 565 573 581 589 605 613 645 
X^598:  82 114 122 130 194 202 226 242 250 258 282 290 306 314 322 346 354 362 394 402 418 426 434 442 458 466 474 490 506 530 538 562 586 594 610 626 642 
X^599:  127 199 207 231 255 271 335 351 367 375 391 399 447 463 471 487 495 503 511 519 535 567 631 647 
X^600:  124 140 236 276 284 308 316 340 372 412 428 436 452 460 492 500 524 556 572 580 596 604 628 644 652 
X^601:  81 113 129 193 201 209 225 233 241 249 273 289 305 313 329 345 361 377 385 417 433 441 449 457 473 489 505 521 545 553 577 601 617 625 633 649 
X^602:  78 110 118 126 142 190 206 222 230 238 246 262 270 278 286 294 310 326 342 350 358 390 470 478 518 526 534 542 566 614 630 646 
X^603:  83 115 123 131 139 195 203 227 235 243 251 267 275 283 291 299 315 323 331 347 355 363 379 387 435 443 475 483 491 499 515 531 539 547 571 579 611 619 643 651 659 
X^604:  80 112 120 128 136 192 200 224 240 248 264 272 280 288 304 328 352 360 408 424 440 464 472 496 520 528 536 544 552 568 576 600 608 616 624 640 648 
X^605:  117 125 197 245 253 277 285 317 325 341 349 357 365 373 389 397 429 445 453 461 477 485 493 501 517 525 541 549 557 573 581 597 605 613 621 629 
X^606:  74 106 114 130 138 146 186 194 210 218 274 338 346 362 370 378 394 402 418 426 434 442 458 522 530 562 570 610 618 642 650 
X^607:  79 111 119 127 143 207 231 271 311 343 359 367 375 383 399 423 447 463 479 487 503 511 519 535 543 567 583 615 631 655 
X^608:  76 108 116 124 188 196 204 220 228 244 252 268 276 292 308 316 332 348 372 380 388 396 404 436 452 468 484 500 524 548 596 604 612 620 636 644 
X^609:  73 81 105 113 129 185 209 217 249 265 273 289 297 313 321 337 353 369 393 401 409 433 449 457 481 497 513 521 577 585 609 625 649 
X^610:  70 78 102 126 142 182 190 206 214 230 238 254 270 302 318 326 342 358 366 374 382 398 406 414 438 446 462 486 502 510 574 582 598 606 614 630 638 646 
X^611:  75 107 115 187 195 219 235 243 267 291 307 315 323 347 403 419 435 451 467 491 499 531 539 571 579 587 603 651 
X^612:  112 120 136 144 192 200 224 232 248 256 272 304 312 328 360 368 384 456 464 472 480 488 512 520 528 544 552 560 568 584 608 616 
X^613:  77 141 189 197 205 237 253 261 269 293 317 349 357 365 381 389 397 421 429 437 453 461 469 493 565 581 589 597 605 613 621 629 645 
X^614:  66 74 82 98 114 138 178 194 202 210 218 226 234 242 250 258 266 274 298 306 322 330 346 354 362 370 394 402 418 426 442 466 474 498 506 514 530 554 570 578 602 610 626 642 658 
X^615:  79 119 135 183 207 215 223 247 271 279 287 311 327 335 351 367 375 415 423 447 455 479 495 519 527 575 591 607 623 
X^616:  76 116 124 132 140 188 204 228 244 252 260 276 300 308 348 356 404 412 428 436 452 460 468 484 492 500 532 540 556 564 572 580 588 596 604 612 620 652 
X^617:  65 81 97 113 121 129 145 177 185 193 201 217 241 249 257 265 273 281 297 321 329 345 393 401 417 425 433 465 481 489 521 537 545 553 569 577 585 593 601 625 633 641 649 
X^618:  62 70 78 94 110 118 126 134 174 182 190 198 206 230 254 270 286 294 310 318 326 342 350 358 366 398 406 422 430 454 478 510 542 558 566 606 638 654 
X^619:  67 75 83 99 115 123 139 147 179 187 195 203 211 219 227 235 251 259 299 315 323 331 339 347 379 387 403 419 427 435 451 459 467 475 515 531 603 619 651 659 
X^620:  64 72 80 96 112 120 136 144 176 192 208 216 240 248 264 280 320 328 336 376 392 400 408 416 440 464 472 480 488 512 536 544 560 568 576 584 608 616 632 648 656 
X^621:  69 77 117 133 141 197 205 213 229 237 261 269 277 301 333 349 357 373 381 397 413 421 429 437 445 461 469 485 509 557 565 589 605 613 645 
X^622:  58 66 82 90 106 114 138 146 170 202 210 218 226 234 250 274 298 306 322 330 338 354 362 378 402 410 434 442 450 458 466 474 482 498 514 530 546 594 626 634 642 650 658 
X^623:  63 71 79 95 111 119 183 263 271 287 319 343 351 359 375 383 399 415 455 471 479 495 503 511 519 527 535 551 567 575 591 615 631 647 655 
X^624:  60 76 92 100 108 116 172 180 212 220 244 252 260 268 316 332 356 372 396 404 412 420 436 452 460 468 476 492 500 524 540 572 580 588 604 
X^625:  57 65 81 89 97 105 129 169 201 217 241 265 281 289 305 321 329 353 377 385 425 433 441 449 457 473 481 489 497 529 553 561 569 577 585 593 601 609 617 641 649 
X^626:  54 78 86 94 102 110 118 166 182 190 214 262 270 278 286 294 302 318 334 350 358 374 390 398 430 446 470 478 486 494 518 534 542 550 574 582 590 598 614 622 654 
X^627:  59 91 99 107 123 171 187 195 203 219 227 235 243 251 267 275 291 299 307 315 331 371 403 419 443 467 483 491 547 563 571 587 595 635 643 651 
X^628:  72 96 104 112 120 144 176 184 192 200 208 224 232 248 264 304 328 344 352 368 376 400 408 432 440 464 480 496 512 536 544 592 600 632 640 
X^629:  93 109 117 125 141 189 213 221 245 285 349 365 381 389 413 421 453 469 477 493 501 509 525 533 541 573 581 589 605 613 637 653 
X^630:  50 66 82 90 106 114 122 138 162 170 178 186 194 210 218 226 234 250 258 266 306 314 330 338 354 394 410 426 434 466 490 530 538 546 562 570 578 594 602 610 658 
X^631:  71 95 103 111 119 167 175 239 255 319 327 343 351 359 367 383 399 415 423 439 471 479 487 495 511 519 551 575 591 599 607 623 631 655 
X^632:  68 92 100 108 116 124 140 180 188 212 220 228 236 244 292 324 364 372 380 396 404 412 436 444 452 460 468 492 516 524 540 548 556 564 620 628 636 644 
X^633:  49 65 73 105 121 137 145 161 169 193 209 217 241 249 297 305 313 329 337 345 377 393 401 409 417 425 449 457 465 521 529 537 553 561 569 585 593 601 617 649 657 
X^634:  46 62 70 78 86 118 126 142 158 182 190 198 214 222 230 246 254 270 286 294 302 310 318 326 350 414 430 446 454 462 486 494 502 518 534 550 558 566 582 622 638 646 654 
X^635:  51 67 83 91 107 115 123 131 147 163 171 179 187 195 203 219 227 243 251 259 299 307 347 363 371 387 395 427 515 531 555 563 587 627 
X^636:  48 80 88 96 104 120 136 160 168 184 192 208 240 256 264 328 336 352 368 392 424 432 448 472 480 488 504 512 560 568 576 584 608 632 648 
X^637:  69 85 93 117 125 133 141 165 181 189 213 221 253 261 269 277 309 325 333 341 357 365 373 381 389 397 437 493 501 533 557 573 629 
X^638:  42 58 66 90 98 106 122 138 154 162 170 178 210 218 234 242 250 258 274 282 314 330 354 362 378 386 394 402 410 418 442 450 482 530 538 546 554 578 594 610 618 634 642 650 
X^639:  47 71 87 95 127 135 143 215 239 247 311 319 335 351 375 423 439 447 455 479 487 495 511 519 543 551 583 591 
X^640:  20 44 68 76 92 156 164 172 180 196 212 220 236 252 268 292 300 332 356 364 372 388 436 444 452 476 484 492 500 532 540 548 556 572 580 596 604 628 
X^641:  41 49 57 73 89 97 105 113 145 153 169 193 201 217 233 241 257 273 289 297 329 337 345 361 385 401 409 425 433 441 449 457 465 481 489 505 513 529 561 585 593 617 625 657 
X^642:  38 46 54 62 78 86 94 134 150 158 166 222 230 238 246 254 262 270 302 318 358 366 382 390 422 438 454 462 470 478 502 518 542 558 574 582 590 598 606 614 622 638 646 
X^643:  19 43 59 67 83 91 123 131 139 147 155 163 171 179 195 211 219 227 235 251 267 299 307 323 347 387 403 411 419 443 451 459 467 491 507 531 539 579 587 603 627 659 
X^644:  16 56 64 72 80 104 160 208 224 240 264 280 304 312 320 328 352 368 376 384 400 424 432 440 448 456 488 496 504 512 528 536 544 552 560 568 584 592 600 608 632 
X^645:  45 61 69 77 109 125 141 157 165 173 197 205 221 253 261 285 301 325 333 349 357 365 373 389 413 421 437 445 453 461 493 501 509 525 581 589 597 613 621 645 653 
X^646:  34 42 58 66 74 106 130 138 146 170 178 202 210 218 226 234 242 258 274 298 314 322 330 346 354 362 378 394 402 410 442 450 458 466 482 522 538 554 570 578 586 594 602 610 634 642 
X^647:  47 55 63 71 103 127 135 143 151 183 191 215 295 303 311 319 335 343 367 375 391 431 439 447 471 479 487 495 503 511 519 527 575 599 623 
X^648:  44 52 68 76 92 100 108 124 140 156 164 180 204 212 244 252 260 268 284 292 300 324 340 364 380 404 420 436 460 468 476 484 492 508 556 580 588 604 620 636 652 
X^649:  33 57 73 81 121 153 169 185 201 217 265 273 281 289 297 321 361 369 385 409 417 425 433 449 473 481 489 521 537 561 569 601 609 617 625 633 657 
X^650:  30 38 62 70 94 102 110 118 126 134 150 166 190 198 214 222 246 278 286 302 318 334 342 390 398 406 414 438 446 454 462 470 486 494 502 550 566 606 622 638 
X^651:  35 43 67 75 91 107 131 155 171 203 235 243 259 283 291 307 315 323 331 339 355 363 379 387 403 411 435 443 483 491 499 555 579 603 611 619 627 659 
X^652:  16 32 40 48 72 88 104 120 136 144 160 168 176 184 240 256 264 272 280 312 320 336 368 376 384 400 408 416 432 448 456 472 488 504 512 520 528 552 584 600 616 648 
X^653:  37 45 69 77 101 109 117 125 133 165 173 181 197 205 253 261 277 293 301 309 317 333 341 349 397 405 445 453 469 477 485 493 509 525 541 557 565 573 581 589 629 645 653 
X^654:  26 34 42 50 66 82 90 98 122 138 154 162 178 194 202 210 218 226 234 242 250 298 322 330 346 370 378 386 402 410 418 442 474 490 498 514 538 546 562 570 578 594 618 626 634 658 
X^655:  15 31 39 47 63 95 127 135 151 159 167 191 223 231 239 287 295 303 311 319 335 343 359 375 383 391 399 415 423 447 487 495 511 535 591 607 623 631 655 
X^656:  4 12 28 44 68 100 108 116 148 212 220 228 236 268 284 292 308 332 348 356 364 372 388 396 436 452 484 524 540 556 564 596 620 
X^657:  25 33 41 49 57 65 73 105 121 129 137 153 161 169 185 193 209 217 225 233 257 265 281 305 313 321 337 345 361 369 385 401 409 433 441 449 521 529 553 561 569 633 641 649 657 
X^658:  22 38 46 62 78 94 110 158 182 198 206 214 262 286 294 302 310 318 326 350 358 366 374 422 430 454 462 470 486 502 510 526 534 550 558 582 614 622 630 654 
X^659:  3 19 27 43 67 83 107 123 131 139 179 195 203 211 227 283 347 355 371 379 387 395 403 411 419 451 467 475 483 499 515 539 563 579 595 603 619 643 651 659 
X^660:  0 
checksum: 4419627