883
X^0:  884 
X^1:  
X^2:  
X^3:  883 
X^4:  880 
X^5:  
X^6:  
X^7:  
X^8:  
X^9:  
X^10:  
X^11:  883 
X^12:  880 
X^13:  
X^14:  
X^15:  879 
X^16:  868 876 
X^17:  881 
X^18:  
X^19:  867 875 883 
X^20:  864 
X^21:  
X^22:  882 
X^23:  
X^24:  876 
X^25:  881 
X^26:  878 
X^27:  875 
X^28:  872 880 
X^29:  
X^30:  874 
X^31:  879 
X^32:  852 876 
X^33:  873 881 
X^34:  870 878 
X^35:  851 875 883 
X^36:  848 872 
X^37:  877 
X^38:  866 874 882 
X^39:  871 
X^40:  860 868 876 
X^41:  865 873 
X^42:  862 870 878 
X^43:  851 859 867 
X^44:  848 856 864 872 880 
X^45:  869 877 
X^46:  858 866 874 882 
X^47:  847 863 879 
X^48:  836 844 860 868 876 
X^49:  849 857 865 
X^50:  854 870 878 
X^51:  835 843 851 
X^52:  832 864 
X^53:  
X^54:  882 
X^55:  
X^56:  
X^57:  881 
X^58:  878 
X^59:  867 883 
X^60:  864 
X^61:  
X^62:  874 
X^63:  863 
X^64:  820 852 860 
X^65:  865 873 881 
X^66:  870 878 
X^67:  819 851 859 867 875 883 
X^68:  816 848 880 
X^69:  877 
X^70:  874 
X^71:  879 
X^72:  860 876 
X^73:  881 
X^74:  870 878 
X^75:  819 859 867 883 
X^76:  816 856 864 872 880 
X^77:  869 877 
X^78:  866 882 
X^79:  815 863 871 879 
X^80:  804 812 836 860 868 876 
X^81:  817 
X^82:  862 870 
X^83:  803 811 819 835 
X^84:  800 832 856 880 
X^85:  861 877 
X^86:  818 858 874 882 
X^87:  855 879 
X^88:  812 844 852 860 
X^89:  817 857 865 873 881 
X^90:  814 854 878 
X^91:  811 835 843 867 
X^92:  808 816 832 840 848 856 864 872 
X^93:  853 861 877 
X^94:  810 850 866 
X^95:  815 831 847 863 879 
X^96:  788 812 820 828 844 860 876 
X^97:  809 817 833 857 873 
X^98:  806 814 846 862 870 
X^99:  787 811 827 835 843 859 883 
X^100:  784 808 816 848 872 
X^101:  813 845 869 
X^102:  802 810 818 834 842 850 866 874 
X^103:  807 847 
X^104:  796 804 812 844 860 868 
X^105:  801 809 833 857 865 873 
X^106:  798 806 814 830 838 854 870 
X^107:  787 795 803 835 875 
X^108:  784 792 800 808 816 840 848 864 
X^109:  805 813 837 845 853 861 
X^110:  794 802 810 818 826 834 842 858 882 
X^111:  783 799 815 839 847 855 863 
X^112:  772 780 796 812 836 844 852 876 
X^113:  785 793 801 825 833 841 857 
X^114:  790 806 814 822 846 854 
X^115:  771 779 787 803 827 835 843 867 
X^116:  768 872 
X^117:  
X^118:  
X^119:  
X^120:  868 876 
X^121:  881 
X^122:  
X^123:  883 
X^124:  864 
X^125:  877 
X^126:  866 882 
X^127:  
X^128:  860 868 876 
X^129:  
X^130:  862 870 
X^131:  875 
X^132:  856 864 872 880 
X^133:  877 
X^134:  866 874 
X^135:  871 879 
X^136:  852 
X^137:  873 
X^138:  
X^139:  867 
X^140:  848 856 
X^141:  861 869 877 
X^142:  850 882 
X^143:  871 879 
X^144:  844 860 876 
X^145:  857 873 881 
X^146:  846 862 
X^147:  859 875 883 
X^148:  840 856 880 
X^149:  869 
X^150:  858 874 882 
X^151:  871 879 
X^152:  836 844 852 860 868 
X^153:  849 873 881 
X^154:  854 862 878 
X^155:  851 867 875 
X^156:  832 848 856 872 
X^157:  845 869 
X^158:  834 850 858 874 882 
X^159:  863 879 
X^160:  828 836 860 876 
X^161:  865 
X^162:  830 838 862 870 878 
X^163:  843 859 867 883 
X^164:  824 832 880 
X^165:  845 853 861 
X^166:  834 866 874 
X^167:  839 847 855 879 
X^168:  820 836 852 
X^169:  841 849 857 865 873 
X^170:  838 854 862 878 
X^171:  835 851 859 867 875 
X^172:  816 824 832 864 872 
X^173:  829 837 845 861 869 
X^174:  818 850 858 866 874 
X^175:  839 847 855 863 
X^176:  812 836 844 860 876 
X^177:  825 849 857 
X^178:  814 830 878 
X^179:  827 851 859 867 875 883 
X^180:  808 840 848 856 872 
X^181:  869 877 
X^182:  850 866 874 
X^183:  855 871 
X^184:  804 812 836 860 876 
X^185:  817 857 865 881 
X^186:  854 862 878 
X^187:  819 851 867 
X^188:  800 832 840 856 872 
X^189:  813 845 861 
X^190:  802 818 834 850 858 866 874 882 
X^191:  863 871 879 
X^192:  796 804 812 820 828 844 852 860 876 
X^193:  841 865 873 881 
X^194:  798 806 830 854 862 870 878 
X^195:  811 819 843 867 
X^196:  792 800 808 824 840 848 880 
X^197:  813 845 861 
X^198:  802 810 866 882 
X^199:  807 815 847 863 871 
X^200:  788 820 828 836 
X^201:  809 833 857 865 873 881 
X^202:  846 862 870 878 
X^203:  803 819 835 859 867 
X^204:  784 792 832 848 856 
X^205:  797 805 813 829 837 853 861 877 
X^206:  786 842 882 
X^207:  807 839 847 855 879 
X^208:  780 796 804 812 820 836 852 860 876 
X^209:  793 809 849 857 873 
X^210:  782 798 814 822 830 846 854 878 
X^211:  795 803 827 851 859 867 
X^212:  776 792 800 808 832 840 848 856 864 872 
X^213:  805 845 869 
X^214:  794 810 818 826 834 850 866 882 
X^215:  807 815 823 847 
X^216:  772 780 788 796 812 820 828 836 852 868 
X^217:  785 809 825 841 857 873 
X^218:  790 798 830 870 
X^219:  787 803 819 843 875 883 
X^220:  768 784 792 800 808 824 848 880 
X^221:  781 805 813 829 837 861 
X^222:  770 786 794 802 826 842 850 866 874 
X^223:  799 831 839 
X^224:  764 772 788 828 836 844 852 
X^225:  801 817 825 833 841 873 
X^226:  766 774 822 854 862 
X^227:  779 787 795 803 827 835 851 
X^228:  760 768 784 792 808 824 832 840 848 856 872 880 
X^229:  781 789 797 821 845 853 869 877 
X^230:  770 810 818 858 866 882 
X^231:  775 783 791 807 823 831 847 871 
X^232:  756 772 804 828 852 868 
X^233:  777 785 793 801 833 849 857 881 
X^234:  774 790 822 830 870 
X^235:  771 803 811 819 835 859 867 
X^236:  752 760 768 792 808 816 832 848 864 872 880 
X^237:  765 773 781 805 813 821 829 837 869 
X^238:  754 818 826 834 842 858 866 874 
X^239:  775 791 807 815 831 839 863 879 
X^240:  748 780 788 796 828 836 844 868 876 
X^241:  761 801 833 849 857 873 
X^242:  750 766 782 798 806 838 846 870 
X^243:  763 771 779 803 819 827 843 851 875 883 
X^244:  744 768 800 808 824 848 880 
X^245:  837 861 869 877 
X^246:  818 826 842 866 
X^247:  839 847 863 
X^248:  740 748 804 812 820 828 836 868 876 
X^249:  753 841 865 881 
X^250:  814 822 830 
X^251:  755 803 835 843 851 859 875 883 
X^252:  736 816 824 840 848 872 
X^253:  749 813 837 853 869 877 
X^254:  738 754 802 810 818 826 850 858 866 
X^255:  799 831 855 863 871 
X^256:  628 732 740 748 756 788 804 828 876 
X^257:  801 809 817 833 841 873 881 
X^258:  734 742 798 814 830 878 
X^259:  627 747 755 787 795 803 819 827 835 843 851 859 867 875 
X^260:  624 728 736 744 784 792 800 816 848 864 880 
X^261:  749 821 829 853 861 869 877 
X^262:  738 746 802 810 850 858 874 
X^263:  743 751 807 823 847 855 863 879 
X^264:  724 788 796 804 812 820 844 852 860 
X^265:  745 809 825 841 849 881 
X^266:  814 822 838 846 862 
X^267:  627 739 755 795 827 843 859 875 883 
X^268:  624 720 728 752 784 808 816 856 
X^269:  733 741 749 797 829 837 877 
X^270:  722 754 786 802 842 874 882 
X^271:  623 743 799 823 855 863 879 
X^272:  612 620 716 732 740 772 780 796 844 852 
X^273:  625 729 745 793 817 841 857 881 
X^274:  718 734 782 806 822 838 846 854 870 
X^275:  611 619 627 731 739 771 795 819 835 843 859 883 
X^276:  608 712 728 736 752 768 776 792 808 824 848 864 
X^277:  741 797 813 829 845 877 
X^278:  626 730 746 794 810 818 834 842 858 866 874 
X^279:  743 751 791 815 823 831 847 855 879 
X^280:  620 708 716 724 732 740 748 772 788 796 804 828 876 
X^281:  625 721 745 785 793 801 809 825 833 849 865 881 
X^282:  622 726 734 790 822 838 862 870 
X^283:  619 723 739 771 779 787 803 827 843 875 
X^284:  616 624 704 720 728 752 776 784 792 816 824 848 856 864 880 
X^285:  717 741 781 789 797 821 829 837 869 877 
X^286:  618 706 722 730 754 770 810 818 826 834 842 874 
X^287:  623 735 767 783 799 823 847 863 871 879 
X^288:  596 620 700 708 724 732 756 772 812 820 828 836 852 860 876 
X^289:  617 625 737 745 753 769 793 809 825 833 849 857 865 881 
X^290:  614 622 702 710 734 766 774 782 814 846 854 
X^291:  595 619 627 715 723 731 739 747 755 763 771 795 819 843 859 
X^292:  592 616 696 704 720 744 760 768 776 792 816 824 848 864 880 
X^293:  621 717 725 733 749 805 813 821 837 845 853 869 
X^294:  610 618 626 706 754 786 850 858 866 874 882 
X^295:  615 711 719 727 743 751 775 815 839 847 863 879 
X^296:  604 612 620 692 708 724 732 740 748 756 780 788 812 828 852 860 868 
X^297:  609 617 713 721 729 769 777 793 801 809 825 833 841 873 881 
X^298:  606 614 622 710 726 742 766 774 790 798 854 870 878 
X^299:  595 603 611 707 747 811 819 835 867 
X^300:  592 600 608 616 624 688 696 704 720 728 760 776 800 808 816 872 880 
X^301:  613 621 701 709 717 733 749 765 789 805 877 
X^302:  602 610 618 626 690 722 762 770 778 802 818 826 834 842 858 866 874 882 
X^303:  591 607 623 711 727 751 791 807 815 823 831 847 863 879 
X^304:  580 588 604 612 620 684 748 764 772 780 796 804 812 836 844 860 868 
X^305:  593 601 609 697 737 769 785 817 825 833 849 857 
X^306:  598 614 622 686 702 726 742 750 758 766 790 798 814 830 854 862 870 
X^307:  579 587 595 699 707 715 731 747 755 771 787 803 811 819 827 835 859 
X^308:  576 608 680 704 712 720 728 760 776 800 824 832 840 848 856 864 880 
X^309:  741 749 773 797 805 845 853 869 877 
X^310:  626 722 738 746 762 778 786 794 826 842 874 
X^311:  727 743 775 783 791 799 815 839 847 871 
X^312:  676 684 708 732 740 756 764 788 796 804 820 828 844 852 860 876 
X^313:  625 689 729 737 777 793 801 809 817 825 833 841 849 865 881 
X^314:  622 726 734 750 758 766 798 814 822 838 854 870 
X^315:  611 627 691 723 739 755 771 779 795 819 851 859 875 
X^316:  608 672 704 712 728 736 744 752 760 768 792 800 808 824 840 856 864 880 
X^317:  685 717 733 749 773 781 789 797 829 853 861 869 877 
X^318:  618 674 690 706 722 730 746 762 770 818 834 866 874 
X^319:  607 735 743 751 767 791 815 839 847 855 863 
X^320:  564 596 604 668 676 684 700 716 724 740 748 820 836 844 876 
X^321:  609 617 625 713 737 745 753 769 793 801 809 817 825 841 857 
X^322:  614 622 670 678 702 726 750 790 798 814 830 846 862 870 
X^323:  563 595 603 611 619 627 683 715 739 747 763 771 787 811 819 835 843 859 883 
X^324:  560 592 624 664 672 680 688 696 712 720 728 736 752 760 800 816 832 856 872 
X^325:  621 685 717 733 749 757 765 781 797 805 837 845 853 861 877 
X^326:  618 674 682 754 778 786 794 826 842 850 882 
X^327:  623 679 687 719 735 751 759 807 823 831 847 855 863 
X^328:  604 620 660 692 700 708 724 740 764 820 828 844 852 860 
X^329:  625 681 705 729 737 761 769 777 785 809 825 833 865 873 881 
X^330:  614 622 718 734 750 758 782 790 798 814 822 838 854 870 
X^331:  563 603 611 627 675 707 731 755 763 771 779 787 795 803 835 859 
X^332:  560 600 608 616 624 656 664 688 704 736 752 776 784 816 824 832 840 856 
X^333:  613 621 669 677 685 701 709 725 741 789 805 821 837 
X^334:  610 626 658 714 722 754 778 786 802 834 850 858 882 
X^335:  559 607 615 623 679 687 711 719 727 743 759 775 791 799 807 815 823 831 839 855 863 871 879 
X^336:  548 556 580 604 612 620 652 668 692 708 716 724 732 740 748 756 764 772 788 796 804 820 852 860 868 876 
X^337:  561 665 681 689 721 745 753 777 793 801 817 825 849 857 865 
X^338:  606 614 654 670 686 694 702 726 734 766 774 806 838 846 878 
X^339:  547 555 563 579 667 683 691 699 723 739 755 763 771 827 851 867 875 883 
X^340:  544 576 600 624 648 664 680 704 720 728 736 744 776 784 800 808 824 840 848 856 
X^341:  605 621 677 717 741 765 773 805 821 829 837 853 861 877 
X^342:  562 602 618 626 666 682 698 706 722 738 786 802 810 818 826 842 858 866 874 
X^343:  599 623 679 687 695 719 767 775 783 791 831 839 847 855 863 
X^344:  556 588 596 604 644 652 660 668 692 700 716 724 740 780 796 820 828 836 844 852 876 
X^345:  561 601 609 617 625 657 681 689 697 713 721 729 745 753 785 801 817 833 849 857 865 881 
X^346:  558 598 622 662 670 686 702 742 750 766 774 790 806 814 846 854 
X^347:  555 579 587 611 659 675 683 691 715 723 747 763 771 779 787 803 819 827 835 843 867 
X^348:  552 560 576 584 592 600 608 616 640 656 664 672 688 696 704 720 776 800 808 816 824 840 848 864 872 
X^349:  597 605 621 653 677 685 701 709 717 733 757 773 829 837 853 877 
X^350:  554 594 610 642 658 666 674 682 698 706 714 738 778 794 818 834 
X^351:  559 575 591 607 623 671 687 703 711 751 759 767 775 783 799 807 815 831 839 847 855 871 
X^352:  532 556 564 572 588 604 620 636 644 684 724 748 772 788 796 804 820 828 852 868 
X^353:  553 561 577 601 617 673 681 697 705 713 761 793 801 825 841 849 857 865 873 
X^354:  550 558 590 606 614 638 646 678 686 694 702 710 726 734 742 750 758 766 790 806 814 830 854 862 870 878 
X^355:  531 555 571 579 587 603 627 651 667 675 683 691 699 707 715 723 747 771 811 859 875 883 
X^356:  528 552 560 592 616 632 640 664 728 744 752 760 808 816 856 872 
X^357:  557 589 613 653 661 669 685 693 725 741 749 757 765 773 797 805 821 829 877 
X^358:  546 554 562 578 586 594 610 618 642 674 706 714 730 746 754 786 794 810 818 826 834 842 874 
X^359:  551 591 647 655 663 695 703 711 743 767 799 823 847 
X^360:  540 548 556 588 604 612 628 644 668 684 692 700 724 740 748 764 812 836 852 860 
X^361:  545 553 577 601 609 617 649 657 665 681 705 713 721 729 737 753 769 809 841 
X^362:  542 550 558 574 582 598 614 646 662 670 678 686 694 702 734 750 774 782 790 798 806 814 822 830 854 862 870 
X^363:  531 539 547 579 619 643 659 667 683 691 731 755 763 771 779 795 827 883 
X^364:  528 536 544 552 560 584 592 608 624 632 640 656 672 688 696 704 720 752 760 768 792 800 824 832 848 880 
X^365:  549 557 581 589 597 605 637 645 653 693 717 741 757 765 773 781 789 797 813 821 829 837 853 
X^366:  538 546 554 562 570 578 586 602 666 674 682 690 698 706 714 722 770 810 858 866 882 
X^367:  527 543 559 583 591 599 607 647 655 663 671 679 703 719 751 775 783 791 799 807 815 855 
X^368:  516 524 540 556 580 588 596 644 660 676 708 732 740 748 756 772 796 804 812 820 828 836 876 
X^369:  529 537 545 569 577 585 601 633 657 665 697 705 713 745 761 769 777 785 793 801 809 825 841 849 857 865 873 881 
X^370:  534 550 558 566 590 598 622 638 654 662 670 702 710 718 726 742 782 806 814 838 878 
X^371:  515 523 531 547 571 579 587 611 635 659 675 691 731 755 763 779 787 843 875 
X^372:  512 832 840 856 880 
X^373:  869 
X^374:  850 866 882 
X^375:  847 855 879 
X^376:  836 
X^377:  849 857 865 881 
X^378:  854 862 
X^379:  843 883 
X^380:  832 840 856 864 872 880 
X^381:  845 861 877 
X^382:  834 
X^383:  839 847 855 863 879 
X^384:  756 820 828 836 
X^385:  873 881 
X^386:  830 846 870 878 
X^387:  755 819 867 875 883 
X^388:  752 816 824 832 840 848 856 872 880 
X^389:  
X^390:  866 874 
X^391:  831 839 847 855 863 871 879 
X^392:  820 828 836 844 852 
X^393:  841 849 857 865 881 
X^394:  846 870 878 
X^395:  755 819 827 851 875 
X^396:  752 840 864 872 880 
X^397:  829 845 853 861 869 
X^398:  818 834 842 850 866 874 
X^399:  751 815 823 831 839 855 
X^400:  740 748 804 844 852 860 868 
X^401:  753 817 825 841 849 857 865 873 
X^402:  814 822 
X^403:  739 747 755 803 811 819 835 843 851 859 867 883 
X^404:  736 800 808 832 864 872 880 
X^405:  845 853 869 877 
X^406:  754 826 866 
X^407:  815 823 831 839 871 
X^408:  748 804 812 820 828 852 860 868 876 
X^409:  753 825 841 849 857 865 881 
X^410:  750 814 854 870 878 
X^411:  747 835 851 859 
X^412:  744 752 800 840 848 864 
X^413:  813 829 869 877 
X^414:  746 802 810 826 834 850 866 874 
X^415:  751 807 855 863 871 
X^416:  724 748 788 796 804 820 828 844 852 868 
X^417:  745 753 809 817 825 833 849 
X^418:  742 750 798 806 822 830 846 854 862 870 
X^419:  723 747 755 787 811 827 843 859 
X^420:  720 744 784 792 800 808 816 824 840 864 872 
X^421:  749 813 821 845 853 861 869 
X^422:  738 746 754 802 834 842 
X^423:  743 799 831 
X^424:  732 740 748 788 804 820 828 836 844 852 868 876 
X^425:  737 745 801 817 833 841 881 
X^426:  734 742 750 798 830 862 870 878 
X^427:  723 731 739 787 803 827 843 851 859 867 883 
X^428:  720 728 736 744 752 792 816 824 840 848 856 
X^429:  741 749 797 805 869 
X^430:  730 738 746 754 786 794 818 826 834 
X^431:  719 735 751 783 791 847 
X^432:  708 716 732 740 748 772 804 812 828 844 852 860 868 
X^433:  721 729 737 785 801 809 849 865 873 881 
X^434:  726 742 750 782 814 854 870 878 
X^435:  707 715 723 771 779 787 835 851 859 867 875 
X^436:  704 736 768 776 792 800 808 824 832 840 856 864 872 880 
X^437:  805 829 837 845 853 869 877 
X^438:  754 786 802 826 834 858 874 882 
X^439:  783 791 823 847 871 
X^440:  772 804 812 820 844 
X^441:  753 785 793 801 825 857 865 873 881 
X^442:  750 790 798 814 822 854 870 
X^443:  739 755 779 803 811 835 851 867 875 883 
X^444:  736 768 776 792 800 808 816 832 840 856 864 872 880 
X^445:  781 797 821 829 845 869 
X^446:  746 770 802 810 842 874 
X^447:  735 775 783 791 807 847 871 879 
X^448:  692 724 732 756 764 772 788 836 860 
X^449:  737 745 753 801 809 833 849 857 881 
X^450:  742 750 766 782 798 806 814 822 830 846 854 862 
X^451:  691 723 731 739 747 787 795 827 835 843 867 
X^452:  688 720 760 768 776 808 816 824 840 848 880 
X^453:  749 821 845 853 869 
X^454:  746 834 842 850 858 874 
X^455:  751 767 775 783 791 831 839 847 863 871 879 
X^456:  732 748 756 764 772 780 796 804 812 828 852 860 
X^457:  753 777 785 793 809 833 841 881 
X^458:  742 750 782 806 838 846 854 862 878 
X^459:  691 731 739 763 787 803 811 819 843 859 875 
X^460:  688 728 736 744 752 776 784 800 808 816 848 856 864 880 
X^461:  741 749 765 781 789 805 821 845 853 869 
X^462:  738 770 778 802 818 826 834 842 882 
X^463:  687 735 743 759 767 775 831 839 871 879 
X^464:  676 684 708 732 748 772 796 804 812 836 852 
X^465:  689 753 761 777 785 793 801 841 857 865 
X^466:  734 742 750 758 782 798 814 838 846 854 862 870 
X^467:  675 683 691 707 739 747 755 779 787 795 803 827 835 867 875 883 
X^468:  672 704 728 736 744 752 776 784 792 816 824 856 872 880 
X^469:  733 749 781 789 805 821 845 853 877 
X^470:  690 730 746 754 762 794 802 826 842 882 
X^471:  727 759 767 775 783 799 815 823 847 855 863 871 
X^472:  684 716 724 732 740 748 756 764 772 804 812 820 828 836 868 
X^473:  689 729 737 745 753 761 777 785 793 817 849 857 881 
X^474:  686 726 830 838 878 
X^475:  683 707 715 739 787 795 803 819 843 851 859 875 
X^476:  680 688 704 712 720 728 744 784 792 800 808 816 824 832 848 856 872 880 
X^477:  725 733 765 781 805 813 829 853 861 869 
X^478:  682 722 746 762 810 842 850 
X^479:  687 703 719 735 743 751 767 775 799 807 815 823 831 839 
X^480:  660 684 692 700 716 724 740 748 764 780 820 836 852 876 
X^481:  681 689 705 729 753 761 777 785 793 817 825 841 857 873 
X^482:  678 686 718 758 774 782 790 814 830 
X^483:  659 683 699 707 715 723 731 747 771 811 819 827 843 859 883 
X^484:  656 680 688 728 736 832 840 848 880 
X^485:  685 717 741 749 757 781 789 797 805 813 821 829 837 845 853 861 869 
X^486:  674 682 690 706 714 722 746 770 778 794 802 810 818 826 850 874 882 
X^487:  679 719 735 775 791 807 815 839 847 863 871 879 
X^488:  668 676 684 716 724 732 764 772 780 796 812 820 828 836 860 
X^489:  673 681 705 729 745 753 769 785 809 833 841 849 865 873 
X^490:  670 678 686 702 710 726 734 742 774 782 798 814 822 830 846 862 870 
X^491:  659 667 675 707 723 739 747 771 779 787 795 827 843 851 867 875 
X^492:  656 664 672 680 688 712 720 728 736 792 816 824 832 840 864 872 880 
X^493:  677 685 709 717 725 741 765 789 813 837 845 853 861 
X^494:  666 674 682 690 698 706 714 722 754 770 778 786 794 802 818 866 882 
X^495:  655 671 687 711 735 759 767 775 783 791 799 807 823 847 863 879 
X^496:  644 652 668 684 716 724 748 756 764 780 788 828 836 852 860 868 
X^497:  657 665 673 697 705 713 721 729 737 745 761 769 777 785 825 841 857 865 873 881 
X^498:  662 678 686 694 726 758 782 790 814 822 846 854 862 870 
X^499:  643 651 659 675 699 723 763 779 803 819 835 875 
X^500:  640 704 712 728 744 752 768 776 800 808 880 
X^501:  741 813 821 829 837 845 861 
X^502:  722 738 754 794 826 834 842 858 874 882 
X^503:  719 727 751 783 791 799 807 831 847 855 871 879 
X^504:  708 740 748 772 780 788 796 804 812 820 828 836 876 
X^505:  721 729 737 793 809 825 841 857 865 873 
X^506:  726 734 782 830 838 854 870 
X^507:  715 803 819 827 835 843 851 859 867 875 
X^508:  704 712 728 744 752 768 800 808 848 
X^509:  717 733 781 797 813 821 853 861 
X^510:  706 738 754 770 778 794 818 826 842 850 
X^511:  711 719 727 735 751 775 815 839 863 871 879 
X^512:  372 692 700 708 732 740 748 756 764 772 788 804 812 844 852 
X^513:  745 753 777 785 793 801 817 825 833 849 857 865 881 
X^514:  702 718 734 750 766 774 790 806 822 830 846 878 
X^515:  371 691 739 779 795 811 859 875 
X^516:  368 688 696 704 712 720 736 752 760 768 776 784 800 816 824 848 864 872 
X^517:  749 781 789 813 821 837 853 861 877 
X^518:  770 810 834 
X^519:  703 711 719 727 735 767 799 807 815 823 855 879 
X^520:  692 700 708 716 756 772 796 804 812 820 828 836 844 852 876 
X^521:  713 721 729 737 745 753 769 785 801 817 825 833 841 857 865 
X^522:  718 742 750 766 798 806 822 830 878 
X^523:  371 691 699 723 739 747 755 771 795 819 835 843 851 859 867 875 
X^524:  368 712 720 728 736 744 752 760 800 808 816 832 880 
X^525:  701 717 725 749 765 773 797 813 837 845 853 877 
X^526:  690 706 714 738 746 762 794 818 826 842 866 874 882 
X^527:  367 687 695 703 711 727 743 759 799 807 815 823 831 863 
X^528:  356 364 676 724 748 772 796 812 820 828 876 
X^529:  369 689 697 713 721 737 769 777 793 817 825 841 849 865 
X^530:  686 694 718 734 750 814 830 838 846 862 870 878 
X^531:  355 363 371 675 683 691 707 715 723 755 803 819 835 843 859 867 875 883 
X^532:  352 672 680 704 712 728 760 768 808 816 824 832 840 872 880 
X^533:  717 725 749 773 813 821 845 869 877 
X^534:  370 698 730 738 746 770 794 802 818 834 858 866 882 
X^535:  687 695 703 711 759 791 799 807 815 855 
X^536:  364 676 684 692 700 708 716 740 748 796 812 820 828 844 
X^537:  369 697 713 729 737 745 753 761 769 785 793 801 825 833 849 857 865 881 
X^538:  366 686 734 742 758 766 782 790 814 822 830 838 846 854 870 
X^539:  363 707 731 739 771 779 811 819 835 843 851 
X^540:  360 368 672 704 712 728 760 776 784 792 832 840 880 
X^541:  685 701 717 765 781 797 813 853 869 
X^542:  362 674 682 698 730 754 778 802 818 826 834 858 882 
X^543:  367 679 727 759 775 783 791 807 815 831 839 855 871 879 
X^544:  340 364 660 668 676 692 708 716 748 756 764 772 780 788 796 804 812 828 836 868 
X^545:  361 369 681 689 697 705 721 737 769 777 793 801 809 833 873 881 
X^546:  358 366 670 678 694 710 718 726 734 790 814 830 838 862 870 
X^547:  339 363 371 659 683 699 723 739 763 803 819 835 859 883 
X^548:  336 360 656 664 672 680 688 704 712 720 728 752 760 768 776 784 792 808 816 848 856 864 872 
X^549:  365 685 693 741 813 829 837 845 853 861 869 877 
X^550:  354 362 370 674 714 738 746 770 778 802 810 818 874 
X^551:  359 671 703 711 719 727 735 743 759 775 783 791 807 823 855 863 871 879 
X^552:  348 356 364 660 676 700 716 724 732 756 764 780 820 828 852 860 868 
X^553:  353 361 673 689 705 721 729 737 761 809 833 841 849 865 873 881 
X^554:  350 358 366 670 702 710 726 742 750 774 798 806 830 838 854 862 
X^555:  339 347 355 659 675 699 707 715 723 731 747 771 787 795 803 811 819 827 843 867 
X^556:  336 344 352 360 368 664 704 712 720 728 736 760 768 776 784 800 816 864 
X^557:  357 365 669 677 701 709 717 749 757 765 773 781 789 813 829 837 845 853 869 877 
X^558:  346 354 362 370 658 666 698 706 730 754 802 818 842 858 866 
X^559:  335 351 367 655 663 711 719 743 767 775 799 815 823 847 863 871 879 
X^560:  324 332 348 356 364 644 676 700 724 780 788 804 812 820 828 860 
X^561:  337 345 353 657 673 681 697 721 737 769 777 801 809 817 825 833 841 849 865 
X^562:  342 358 366 654 702 718 742 766 790 798 806 814 846 854 
X^563:  323 331 339 643 651 659 699 715 723 747 763 771 795 811 827 835 843 875 883 
X^564:  320 352 640 648 664 672 696 712 720 736 760 768 784 808 
X^565:  677 701 709 717 725 749 757 765 773 789 805 821 829 837 853 861 
X^566:  370 658 674 698 706 722 738 754 770 778 786 794 802 818 834 842 850 858 866 874 
X^567:  655 663 695 735 743 751 775 791 807 823 831 839 855 863 
X^568:  644 692 724 788 828 844 868 876 
X^569:  369 657 665 673 689 697 729 761 769 777 801 833 841 857 865 873 881 
X^570:  366 662 670 686 694 718 734 742 750 758 766 782 790 830 846 878 
X^571:  355 371 651 675 683 691 707 747 763 779 811 827 843 
X^572:  352 640 648 664 680 688 704 752 760 768 784 824 832 848 856 872 880 
X^573:  653 669 685 693 701 717 741 757 781 797 805 821 829 837 845 861 869 
X^574:  362 642 682 690 722 754 762 778 786 794 802 810 826 834 842 850 858 866 
X^575:  351 647 655 663 679 711 719 743 751 759 775 791 815 823 831 847 863 879 
X^576:  308 340 348 628 636 644 660 668 676 684 716 724 740 756 764 772 780 788 796 828 836 844 852 860 876 
X^577:  353 361 369 673 681 705 737 753 769 777 793 801 825 833 841 857 873 881 
X^578:  358 366 638 654 686 694 702 710 718 726 734 742 750 758 766 774 782 790 798 806 814 822 830 838 854 862 870 878 
X^579:  307 339 347 355 363 371 627 659 667 683 699 707 715 723 739 763 779 787 795 811 851 875 883 
X^580:  304 336 368 624 632 640 648 664 672 696 704 712 728 736 744 752 768 784 792 800 808 816 832 840 848 856 880 
X^581:  365 685 693 717 733 741 749 757 773 781 805 813 821 829 861 869 
X^582:  362 674 682 714 722 730 738 754 762 786 794 842 850 866 882 
X^583:  367 639 647 655 663 679 687 711 775 783 791 807 815 823 879 
X^584:  348 364 628 636 644 652 660 668 676 684 740 748 756 764 772 780 796 836 844 852 868 
X^585:  369 649 657 665 705 713 721 729 761 793 801 809 825 841 857 873 
X^586:  358 366 654 678 702 710 726 742 750 758 766 806 822 838 846 854 862 878 
X^587:  307 347 355 371 627 635 659 683 691 715 747 755 779 795 819 827 835 843 851 859 867 883 
X^588:  304 344 352 360 368 648 664 672 680 688 696 704 720 728 768 792 800 808 816 824 840 848 856 864 872 
X^589:  357 365 637 653 661 669 685 693 717 733 741 757 765 797 813 829 837 845 861 869 877 
X^590:  354 370 626 642 650 658 674 706 722 746 754 778 794 802 810 818 866 
X^591:  303 351 359 367 623 631 639 647 679 687 695 703 719 743 751 767 775 791 815 839 847 855 879 
X^592:  292 300 324 348 356 364 612 644 652 676 692 716 724 748 764 772 780 788 796 836 860 868 
X^593:  305 625 633 649 657 673 681 689 705 721 753 761 769 777 801 817 825 857 
X^594:  350 358 622 630 686 694 702 710 718 726 734 742 758 766 838 854 862 878 
X^595:  291 299 307 323 611 619 627 651 659 675 683 691 723 755 763 771 787 803 819 827 843 851 859 867 875 883 
X^596:  288 320 344 368 608 616 656 688 704 728 736 752 776 800 816 832 856 864 872 
X^597:  349 365 653 661 693 709 725 733 749 765 773 789 797 821 845 853 861 877 
X^598:  306 346 362 370 634 674 682 714 738 794 802 810 826 834 850 866 882 
X^599:  343 367 623 631 639 647 655 671 679 687 695 719 727 751 767 791 799 823 839 847 863 
X^600:  300 332 340 348 612 620 628 636 652 660 668 708 716 732 748 756 764 788 796 812 860 876 
X^601:  305 345 353 361 369 633 649 665 681 705 713 721 737 745 753 769 785 801 825 833 841 849 857 
X^602:  302 342 366 622 662 670 694 702 710 742 750 758 798 806 814 846 854 870 878 
X^603:  299 323 331 355 667 683 731 739 747 755 763 779 795 803 819 827 843 851 867 883 
X^604:  296 304 320 328 336 344 352 360 608 640 672 680 688 696 704 712 720 736 744 776 784 800 808 824 848 856 864 872 
X^605:  341 349 365 621 637 685 701 709 741 757 773 813 821 829 837 845 869 877 
X^606:  298 338 354 610 618 634 642 658 666 682 698 706 746 754 762 770 810 818 834 842 850 858 866 
X^607:  303 319 335 351 367 615 639 647 703 727 751 767 783 791 799 823 831 839 863 871 
X^608:  276 300 308 316 332 348 364 596 604 612 644 652 668 676 692 708 732 740 748 756 764 772 780 788 828 860 868 876 
X^609:  297 305 321 345 361 617 625 633 649 657 665 673 705 713 721 745 777 793 817 833 841 857 
X^610:  294 302 334 350 358 606 614 630 638 654 662 670 694 726 742 750 758 766 798 814 830 838 846 862 878 
X^611:  275 299 315 323 331 347 371 595 619 627 643 651 667 675 683 691 723 787 795 819 827 843 859 867 875 
X^612:  272 296 304 336 360 592 600 608 616 632 640 672 688 696 704 712 728 736 752 760 776 824 848 880 
X^613:  301 333 357 621 629 677 685 701 709 725 733 757 781 837 861 
X^614:  290 298 306 322 330 338 354 362 610 650 666 674 698 722 730 746 762 770 778 786 794 818 834 850 
X^615:  295 335 607 655 671 679 711 727 735 759 799 807 839 863 879 
X^616:  284 292 300 332 348 356 596 612 628 636 652 660 692 724 732 748 756 764 780 812 828 836 844 860 868 
X^617:  289 297 321 345 353 361 609 625 641 649 665 673 689 697 705 721 729 745 753 761 769 777 809 825 833 841 849 857 873 881 
X^618:  286 294 302 318 326 342 358 606 654 662 670 710 734 758 766 782 814 822 830 838 854 862 878 
X^619:  275 283 291 323 363 595 611 651 675 683 699 707 715 747 755 771 795 819 827 835 843 851 875 
X^620:  272 280 288 296 304 328 336 352 600 624 632 640 688 704 720 728 744 792 800 816 832 856 864 872 
X^621:  293 301 325 333 341 349 605 613 645 653 661 669 677 685 701 709 725 733 773 781 789 805 813 821 837 
X^622:  282 290 298 306 314 322 330 346 370 594 602 626 642 650 666 682 698 706 722 730 738 746 754 762 778 786 794 818 826 866 
X^623:  271 287 303 327 335 343 351 591 599 631 639 663 679 687 727 735 743 759 767 775 783 815 831 839 847 871 879 
X^624:  260 268 284 300 324 332 340 364 580 620 628 636 644 668 692 708 724 732 740 748 756 764 796 804 812 820 836 844 852 860 876 
X^625:  273 281 289 313 321 329 345 593 609 617 641 649 665 673 681 689 697 713 737 753 769 785 809 817 849 857 873 
X^626:  278 294 302 310 334 342 590 622 630 638 654 670 678 694 710 718 726 758 782 790 830 838 846 862 870 
X^627:  259 267 275 291 315 323 331 355 579 587 595 611 651 659 675 683 691 707 723 739 747 755 771 803 843 859 867 
X^628:  256 360 576 584 600 616 624 640 672 680 696 704 712 720 728 736 744 752 760 768 776 792 800 808 824 832 864 880 
X^629:  613 709 733 749 765 773 781 789 805 829 845 869 
X^630:  594 610 626 690 698 714 722 762 770 786 802 810 826 842 858 874 
X^631:  591 599 623 711 727 735 759 783 807 839 855 
X^632:  356 364 580 612 620 676 684 692 700 756 780 796 812 820 836 860 868 876 
X^633:  369 593 601 609 713 721 729 753 761 785 793 809 817 825 833 849 857 865 
X^634:  598 606 686 694 702 726 734 750 758 782 806 814 822 846 854 878 
X^635:  371 587 675 707 723 731 739 755 771 795 827 851 859 883 
X^636:  352 576 584 600 616 624 688 696 704 720 728 736 752 768 776 784 808 816 832 840 848 864 872 880 
X^637:  365 589 605 685 709 717 725 733 741 749 757 765 781 829 837 845 853 877 
X^638:  354 370 578 610 626 674 682 690 698 706 722 730 746 786 794 810 818 826 842 874 882 
X^639:  583 591 599 607 623 671 703 711 719 735 807 823 839 871 879 
X^640:  348 356 364 500 564 572 580 604 612 620 628 660 676 692 708 724 748 772 780 812 820 844 852 860 876 
X^641:  617 625 673 681 689 705 713 737 753 769 777 785 793 801 809 825 849 865 881 
X^642:  350 358 574 590 606 622 670 686 718 734 742 758 766 774 782 790 798 806 854 878 
X^643:  363 499 563 611 659 667 675 699 707 715 739 747 763 771 787 803 811 835 843 851 867 883 
X^644:  344 352 360 368 496 560 568 576 584 592 608 624 656 664 672 696 704 712 720 736 744 760 776 784 792 808 816 840 
X^645:  365 621 693 701 725 733 741 749 757 789 805 813 845 861 
X^646:  354 362 674 682 722 730 746 778 786 794 802 810 826 834 858 
X^647:  359 367 575 583 591 599 607 679 695 703 711 735 751 767 775 791 815 831 855 863 871 
X^648:  340 564 572 580 588 660 668 676 684 700 708 724 740 748 764 796 804 812 820 844 852 
X^649:  361 585 593 601 609 617 625 681 697 729 745 753 777 817 833 849 873 
X^650:  590 614 622 686 694 710 734 742 766 774 806 814 822 830 838 862 870 878 
X^651:  355 499 563 571 595 611 619 627 667 691 715 723 731 739 771 779 795 803 811 843 859 867 
X^652:  336 344 496 584 592 600 608 616 656 680 688 712 720 728 736 744 752 768 800 808 816 840 848 
X^653:  349 357 365 573 589 597 621 669 709 717 725 741 749 757 773 781 813 821 829 837 853 877 
X^654:  338 370 562 578 586 610 618 626 658 674 690 706 738 746 770 802 842 858 882 
X^655:  359 367 495 559 567 575 583 599 615 671 687 703 711 727 735 751 799 807 815 823 831 839 847 863 879 
X^656:  332 348 364 484 492 548 596 644 652 668 676 708 716 724 732 740 748 764 772 780 788 796 812 828 844 852 860 
X^657:  345 361 369 497 561 569 585 593 609 665 697 721 737 753 761 777 801 825 833 849 873 881 
X^658:  334 350 558 566 590 606 654 678 686 710 726 734 742 750 758 766 774 782 798 806 814 822 830 838 846 854 
X^659:  347 363 371 483 491 499 547 555 563 579 587 595 627 643 667 675 683 707 723 739 755 795 803 843 
X^660:  328 344 368 480 544 552 576 584 600 616 640 648 664 672 696 712 728 736 752 760 776 800 824 840 848 864 
X^661:  357 589 597 621 669 685 701 725 741 749 757 789 813 869 877 
X^662:  346 362 370 498 570 602 610 618 666 682 690 698 706 714 746 754 786 794 810 818 842 850 858 866 874 
X^663:  359 367 559 567 575 583 623 663 711 727 735 759 775 783 791 799 807 831 839 847 855 863 871 
X^664:  324 332 340 348 356 492 548 556 564 572 580 588 644 660 668 684 692 708 740 756 780 788 804 820 828 836 876 
X^665:  337 361 369 497 569 585 601 609 617 625 657 665 673 681 705 713 729 737 753 793 809 817 825 833 865 873 881 
X^666:  342 350 366 494 558 606 614 622 662 686 694 710 734 742 750 758 774 790 798 806 822 878 
X^667:  339 355 363 491 579 603 611 643 651 659 675 699 715 723 731 739 747 763 779 795 803 819 827 835 843 851 859 875 
X^668:  320 336 344 360 488 496 544 576 584 600 608 624 648 656 664 672 688 696 744 752 792 800 816 840 848 856 864 
X^669:  333 357 557 573 589 621 653 661 669 685 693 709 717 765 789 797 813 821 829 837 861 
X^670:  322 338 346 362 370 490 546 554 570 602 610 618 626 642 674 690 706 714 746 754 786 794 802 818 874 882 
X^671:  351 367 495 551 599 615 639 655 671 679 695 703 711 719 751 759 767 783 815 823 831 855 871 
X^672:  316 324 348 364 468 492 532 540 548 564 580 588 604 612 628 644 660 668 676 684 692 708 716 724 732 756 764 772 796 812 828 836 852 868 
X^673:  353 489 497 553 561 569 577 593 609 617 625 641 665 689 705 713 737 745 769 777 793 809 817 849 
X^674:  318 326 350 358 366 486 494 542 550 566 582 590 598 614 638 646 654 670 678 686 694 710 742 750 758 766 774 782 798 806 814 822 838 854 878 
X^675:  331 347 355 371 467 491 499 531 555 571 595 611 619 627 635 643 659 667 683 707 715 731 803 819 851 859 875 883 
X^676:  312 320 368 464 488 528 536 544 552 560 576 584 592 608 632 640 648 656 672 680 688 696 720 736 752 768 784 848 880 
X^677:  333 341 349 493 557 565 613 621 677 709 733 757 773 789 805 821 829 845 869 877 
X^678:  322 354 362 482 490 498 546 586 626 658 674 706 714 722 738 754 762 770 778 786 794 818 826 842 850 858 
X^679:  327 335 343 367 487 543 575 583 591 599 615 623 647 671 687 719 727 735 743 751 783 799 807 815 847 863 
X^680:  308 324 340 476 484 492 532 548 572 588 604 628 652 676 684 708 716 724 740 748 756 764 780 788 812 828 844 876 
X^681:  329 337 345 353 361 481 489 545 561 577 593 601 625 641 649 665 681 689 697 713 721 737 777 785 793 825 849 865 873 881 
X^682:  326 342 350 366 478 486 494 542 574 582 598 606 622 638 646 662 710 718 726 742 758 766 782 790 838 862 870 878 
X^683:  323 339 347 355 363 467 475 483 531 547 571 579 587 595 603 611 619 627 659 675 683 691 715 723 731 755 771 779 795 835 843 867 
X^684:  304 312 320 352 360 464 472 480 488 496 536 576 584 632 648 664 672 680 688 728 736 744 752 784 816 824 832 856 880 
X^685:  317 325 333 349 357 485 493 541 549 573 581 589 605 613 621 637 661 669 701 725 741 757 789 805 813 829 837 877 
X^686:  306 338 346 354 362 474 482 490 498 530 538 570 578 594 634 642 650 658 666 674 690 698 722 730 746 754 762 786 810 818 842 858 866 
X^687:  327 335 343 351 463 479 495 527 535 583 591 599 623 655 679 687 711 727 735 751 759 767 783 799 807 815 823 847 855 
X^688:  300 324 332 348 364 452 460 476 484 492 516 548 572 588 596 604 612 620 636 652 668 676 684 692 700 708 724 740 748 756 764 772 812 820 844 852 868 
X^689:  313 337 345 465 473 481 529 545 553 569 593 617 625 641 673 681 689 713 745 761 769 777 809 817 841 849 857 865 873 
X^690:  302 318 366 470 486 494 526 574 630 638 654 662 670 686 694 702 718 726 766 798 806 830 838 846 862 878 
X^691:  315 339 347 355 363 371 451 459 467 515 523 531 571 587 595 611 627 651 683 691 707 715 747 763 771 787 803 811 827 859 867 875 883 
X^692:  296 328 336 344 360 448 480 512 520 536 544 568 592 608 616 624 632 640 664 672 688 696 720 728 744 760 768 776 792 808 824 832 840 856 864 880 
X^693:  357 365 549 573 581 589 597 645 669 717 725 741 749 757 765 773 805 813 837 853 869 
X^694:  338 354 362 498 530 546 570 578 594 602 610 626 634 650 666 674 690 698 714 722 738 746 770 794 802 818 
X^695:  343 359 527 535 567 591 599 647 671 711 727 735 791 799 823 831 839 847 855 879 
X^696:  292 300 324 348 364 516 564 580 588 604 612 628 636 644 660 668 676 692 700 708 732 740 748 764 772 788 796 804 812 836 
X^697:  305 345 353 369 497 529 537 545 561 569 617 625 649 657 681 697 705 713 729 745 769 777 801 833 841 849 857 865 
X^698:  342 350 366 494 534 542 558 566 606 614 622 630 638 662 686 694 710 742 758 782 798 814 822 830 846 854 862 
X^699:  307 339 355 483 499 523 547 555 563 579 619 643 667 755 771 779 795 803 811 819 827 843 867 875 883 
X^700:  288 320 328 344 360 480 512 520 536 552 560 632 648 688 696 704 712 720 736 744 784 808 840 856 880 
X^701:  301 333 349 525 541 557 565 573 605 613 621 645 661 685 701 717 725 765 781 789 805 813 821 837 869 877 
X^702:  290 306 322 338 346 354 362 370 490 514 554 562 578 586 594 602 634 690 722 738 762 778 786 818 842 866 882 
X^703:  351 359 367 479 519 527 535 551 591 607 639 647 655 671 727 735 751 791 815 831 839 863 879 
X^704:  284 292 300 308 316 332 340 348 364 436 468 476 500 508 516 532 540 548 556 572 580 588 596 604 612 620 628 636 644 700 724 732 740 756 764 788 796 836 844 868 
X^705:  329 353 361 369 481 489 497 545 553 577 585 593 601 609 617 641 665 673 697 713 721 769 793 809 817 833 865 881 
X^706:  286 294 318 342 350 358 366 486 494 510 526 558 566 590 606 622 638 654 662 670 678 718 726 734 750 758 766 782 790 814 822 838 870 878 
X^707:  299 307 331 355 435 467 475 483 491 531 539 555 571 579 619 627 635 643 659 675 691 707 715 723 747 771 779 787 795 819 835 851 859 875 883 
X^708:  280 288 296 312 328 336 368 432 464 504 512 520 536 544 600 608 624 640 648 656 664 672 680 688 696 712 720 736 752 784 792 824 848 864 880 
X^709:  301 333 349 493 557 565 597 605 613 621 629 637 653 669 677 709 717 733 749 757 765 773 789 797 813 821 829 837 845 861 
X^710:  290 298 354 370 490 546 554 578 586 594 602 618 626 650 658 666 674 682 698 714 722 754 778 802 810 826 834 850 858 874 882 
X^711:  295 303 335 351 359 495 511 519 527 535 551 559 575 583 615 631 639 647 655 663 671 687 695 735 751 767 807 815 823 831 879 
X^712:  276 308 316 324 476 492 500 508 516 524 532 540 548 556 564 580 604 612 628 644 652 660 700 708 716 748 756 796 804 812 828 836 860 868 
X^713:  297 321 345 353 361 369 497 521 529 537 585 601 609 625 633 641 665 673 681 689 697 705 721 737 745 761 777 785 793 801 849 865 
X^714:  334 350 358 366 486 494 526 550 582 598 630 662 670 678 694 710 718 734 750 766 782 790 798 822 854 862 870 878 
X^715:  291 307 323 347 355 435 475 483 507 531 555 563 579 587 619 643 651 667 675 683 691 707 747 755 771 787 795 803 811 827 835 843 867 
X^716:  272 280 320 336 344 432 472 480 488 496 520 536 544 552 576 592 600 656 672 680 712 720 744 768 776 792 808 832 840 848 856 864 880 
X^717:  285 293 301 317 325 341 349 365 485 493 509 525 533 541 557 565 573 581 589 637 653 669 693 701 709 725 733 741 757 765 773 781 821 829 845 861 869 877 
X^718:  274 330 370 482 514 522 530 546 562 570 578 594 626 642 682 690 706 714 722 730 754 762 778 818 850 858 874 882 
X^719:  295 327 335 343 367 431 479 487 503 511 519 551 559 575 591 599 639 671 679 727 759 775 783 791 799 807 815 823 855 
X^720:  268 284 292 300 308 324 340 348 364 420 428 452 476 492 516 524 548 556 564 588 604 620 628 636 644 652 676 692 700 708 716 724 740 756 764 804 820 828 844 860 876 
X^721:  281 297 337 345 361 433 497 505 521 529 545 553 561 585 593 601 609 617 633 657 681 705 713 721 737 745 761 769 777 793 801 809 865 
X^722:  270 286 302 310 318 334 342 366 478 486 494 502 566 574 582 590 614 622 630 638 646 678 686 694 702 710 718 742 750 758 790 822 830 838 846 854 878 
X^723:  283 291 315 339 347 355 419 427 435 451 483 491 499 523 531 547 555 563 579 595 611 627 635 651 659 667 683 707 723 739 747 755 771 787 803 811 835 859 867 875 883 
X^724:  264 280 288 296 320 328 336 344 352 360 416 448 472 480 488 496 528 552 560 568 576 592 616 624 640 648 656 672 680 688 704 720 736 760 792 808 832 856 864 
X^725:  293 333 357 477 493 525 533 565 597 613 621 637 645 653 661 685 693 701 717 725 749 757 765 781 797 805 821 829 837 853 
X^726:  282 298 306 314 322 338 354 370 434 474 490 498 506 546 554 578 586 594 610 626 634 658 682 690 706 730 738 754 770 810 818 834 842 874 
X^727:  295 303 311 335 471 503 511 519 527 543 551 599 607 615 623 631 655 663 679 687 695 703 719 735 743 751 759 775 799 807 815 839 847 855 879 
X^728:  260 268 276 284 300 308 316 324 340 356 428 460 468 476 484 492 500 508 524 532 540 548 556 580 588 596 612 620 628 636 652 660 684 692 732 756 788 796 804 812 820 836 860 876 
X^729:  273 297 313 329 345 361 433 473 481 489 497 505 521 537 553 569 585 617 633 649 665 697 737 745 753 785 817 833 841 857 865 873 
X^730:  278 286 318 358 430 470 534 542 558 582 614 622 638 646 686 718 726 734 742 750 758 766 782 790 822 830 838 846 854 870 
X^731:  275 291 307 331 363 371 427 451 459 483 539 555 603 635 651 667 675 683 739 747 779 803 827 835 843 851 859 867 
X^732:  256 272 280 288 296 312 336 368 424 432 448 456 464 472 488 512 552 600 608 616 624 656 672 696 704 728 736 744 768 776 784 800 808 840 848 856 880 
X^733:  269 293 301 317 325 349 469 477 509 581 589 597 613 621 629 637 645 677 709 717 733 749 789 813 853 861 869 
X^734:  258 274 282 290 314 330 338 354 362 426 466 490 506 514 530 538 546 570 578 594 618 634 642 650 658 666 706 714 730 738 754 770 778 786 834 842 850 858 866 
X^735:  287 319 327 431 447 463 479 487 495 511 519 551 567 615 623 631 639 647 655 663 679 687 695 703 711 727 767 791 807 815 839 847 855 871 
X^736:  252 260 276 316 324 332 340 404 428 436 444 460 468 484 492 516 524 556 564 580 596 604 612 628 636 644 652 660 676 684 700 708 724 732 740 756 764 772 780 796 804 812 844 860 
X^737:  289 305 313 321 329 361 425 433 449 473 497 505 521 529 537 545 553 561 577 601 625 641 657 665 673 681 713 721 729 745 761 769 777 785 817 825 849 
X^738:  254 262 310 342 350 422 430 462 502 510 526 534 550 566 582 598 622 654 678 694 702 726 734 766 790 798 806 814 846 854 862 870 
X^739:  267 275 283 291 315 323 339 403 427 443 451 459 467 475 491 515 523 539 547 579 603 627 635 643 651 659 667 723 731 739 747 795 803 827 875 883 
X^740:  248 256 272 280 296 312 320 328 336 344 360 368 400 424 432 472 480 504 512 536 576 584 608 624 648 656 664 680 688 696 704 720 736 744 776 784 792 816 840 856 872 880 
X^741:  269 277 285 309 333 341 357 365 429 461 485 493 501 549 573 581 589 605 637 645 653 661 685 693 717 749 757 765 773 797 813 821 837 845 853 861 877 
X^742:  258 298 306 346 354 370 418 426 434 450 458 466 490 522 538 554 562 570 578 586 594 602 610 642 650 658 666 674 682 698 722 730 770 778 794 802 818 826 842 850 866 
X^743:  263 271 279 295 311 319 335 359 423 463 479 527 551 559 567 575 591 623 679 727 743 751 799 807 815 831 839 871 879 
X^744:  244 260 292 316 340 356 412 420 428 460 468 476 500 508 524 580 604 620 628 644 652 668 684 692 700 716 732 740 748 772 780 796 804 812 820 828 836 844 868 
X^745:  265 273 281 289 321 337 345 369 417 425 449 473 489 497 513 521 537 601 609 617 649 673 689 697 713 721 729 737 745 769 793 825 841 849 873 881 
X^746:  262 278 310 318 358 414 422 430 446 454 470 478 486 526 534 550 590 606 614 622 638 646 654 662 670 686 694 766 790 798 806 814 822 830 846 870 
X^747:  259 291 299 307 323 347 355 403 411 419 451 467 483 491 523 555 563 571 587 603 619 627 643 667 691 707 715 723 731 739 747 763 771 779 795 811 819 835 867 875 
X^748:  240 248 256 280 296 304 320 336 352 360 368 400 408 416 424 432 456 464 472 480 496 504 512 528 536 544 584 592 600 608 616 624 640 648 656 680 688 696 712 744 768 776 792 800 832 848 856 872 880 
X^749:  253 261 269 293 301 309 317 325 357 421 429 453 461 469 485 517 525 533 557 565 581 597 629 637 645 653 661 693 709 725 733 741 749 757 781 789 797 829 
X^750:  242 306 314 322 330 346 354 362 410 418 426 434 442 450 458 466 514 522 530 554 570 578 586 602 610 634 658 666 674 706 714 722 730 762 786 810 818 826 
X^751:  263 279 295 303 319 327 351 367 399 415 431 455 479 503 511 567 575 591 599 607 647 655 671 679 687 703 711 727 743 751 759 791 823 831 839 863 871 879 
X^752:  236 268 276 284 316 324 332 356 364 388 396 412 428 460 468 500 508 516 524 548 572 580 596 612 628 636 652 660 668 676 684 708 764 780 804 812 820 828 836 852 
X^753:  249 289 321 337 345 361 401 409 417 441 449 457 465 473 481 489 513 521 537 577 593 601 617 625 633 641 649 657 665 729 777 817 833 841 857 873 
X^754:  238 254 270 286 294 326 334 358 406 422 430 438 470 494 502 510 542 558 566 574 582 590 606 622 662 670 678 686 710 718 726 734 758 766 782 814 822 830 862 870 
X^755:  251 259 267 291 307 315 331 339 363 371 387 395 403 419 443 467 523 531 587 595 603 619 627 635 659 683 699 715 723 763 787 843 851 859 867 
X^756:  232 256 288 296 312 336 368 384 448 456 472 496 512 520 544 552 576 584 600 608 616 624 632 664 672 680 688 704 712 720 728 736 760 768 776 784 792 808 832 848 856 864 880 
X^757:  325 349 357 365 485 557 565 573 581 589 605 613 637 645 653 661 677 685 693 709 717 725 741 749 757 765 773 789 813 853 869 
X^758:  306 314 330 354 466 482 498 538 570 578 586 594 602 610 618 626 634 642 658 666 674 682 698 706 722 730 754 762 770 786 794 810 818 826 882 
X^759:  327 335 351 463 471 495 527 535 543 551 575 615 623 631 663 671 687 719 727 751 759 767 775 791 815 863 871 
X^760:  228 236 292 300 308 316 324 356 364 452 516 524 532 540 548 556 564 572 612 628 644 660 692 724 756 764 780 788 796 812 828 836 844 852 860 868 876 
X^761:  241 329 353 369 465 473 481 497 537 553 569 585 593 617 633 657 689 713 721 737 769 817 841 849 865 873 881 
X^762:  302 310 318 470 478 526 574 582 606 614 622 630 678 686 702 718 750 758 774 790 798 814 846 854 862 
X^763:  243 291 323 331 339 347 363 371 459 499 547 563 571 579 595 603 643 667 691 747 755 763 771 787 795 803 811 835 851 867 883 
X^764:  224 304 312 328 336 360 448 456 472 480 488 496 512 544 552 576 584 592 600 608 616 624 648 656 672 680 688 696 704 720 736 752 760 776 784 792 800 808 816 840 856 864 
X^765:  237 301 325 341 357 365 461 477 493 525 541 557 565 589 597 629 637 669 693 701 709 717 725 741 757 765 821 837 845 853 861 
X^766:  226 242 290 298 306 314 338 346 354 450 514 522 538 562 570 578 586 594 610 618 642 650 658 674 682 690 706 714 730 738 746 754 778 826 834 842 882 
X^767:  287 319 343 351 359 455 463 471 479 495 519 559 591 599 607 623 647 671 687 711 735 759 767 791 799 839 847 855 871 879 
X^768:  116 220 228 236 244 276 292 316 364 436 444 452 500 508 516 532 548 556 564 572 580 588 628 636 652 676 692 716 732 748 756 772 780 788 796 820 836 852 860 868 
X^769:  289 297 305 321 329 361 369 489 497 521 529 537 545 561 569 577 593 601 617 625 641 673 689 697 705 721 737 745 761 769 777 785 793 809 857 881 
X^770:  222 230 286 302 318 366 446 462 486 494 510 518 534 550 566 606 614 630 654 678 694 726 734 742 758 782 790 806 822 830 854 862 870 878 
X^771:  115 235 243 275 283 291 307 315 323 331 339 347 355 363 435 483 491 523 539 555 563 595 619 627 635 643 651 683 691 699 707 715 723 747 763 771 803 835 843 859 
X^772:  112 216 224 232 272 280 288 304 336 352 368 432 440 448 456 464 472 488 504 512 520 528 544 576 584 592 608 640 656 672 688 696 736 744 768 776 792 800 808 824 832 856 
X^773:  237 309 317 341 349 357 365 525 533 557 565 581 597 605 621 629 653 677 693 709 717 741 757 781 789 797 821 829 837 845 869 877 
X^774:  226 234 290 298 338 346 362 482 490 514 554 578 642 650 658 666 674 762 794 802 810 834 842 866 874 882 
X^775:  231 239 295 311 335 343 351 367 447 455 463 471 479 487 495 511 543 551 559 567 575 583 591 623 647 663 719 727 759 791 831 839 855 863 871 
X^776:  212 276 284 292 300 308 332 340 348 436 444 452 460 468 500 516 540 548 556 596 604 612 628 636 644 660 692 716 732 740 748 756 764 772 788 804 812 828 836 860 868 876 
X^777:  233 297 313 329 337 369 457 465 473 481 497 513 529 545 561 569 577 593 609 617 641 649 657 673 681 689 697 713 721 737 753 769 785 793 801 809 817 825 833 849 857 865 
X^778:  302 310 326 334 350 462 486 494 510 542 550 566 574 590 614 622 646 678 702 710 718 734 742 766 806 814 822 838 846 870 878 
X^779:  115 227 243 283 315 331 347 363 371 435 443 467 491 499 515 539 571 579 587 603 651 667 683 699 707 731 747 787 803 811 867 
X^780:  112 208 216 240 272 296 304 344 456 480 488 496 504 544 552 560 576 584 592 608 616 632 640 656 664 680 736 744 752 760 768 800 832 840 848 864 872 
X^781:  221 229 237 285 317 325 365 445 461 469 477 485 509 517 541 557 573 581 613 621 629 637 653 701 717 725 749 773 805 813 829 837 853 877 
X^782:  210 242 274 290 330 362 370 434 450 458 466 482 490 498 506 538 570 578 618 626 634 642 658 674 682 698 706 714 730 754 770 794 802 810 842 850 874 
X^783:  111 231 287 311 343 351 367 431 439 447 455 471 495 503 543 551 583 607 623 631 663 671 679 687 719 783 823 831 839 847 863 
X^784:  100 108 204 220 228 260 268 284 332 340 420 460 468 476 516 540 548 556 564 572 580 604 636 644 676 684 700 708 732 740 756 764 804 820 828 836 844 852 876 
X^785:  113 217 233 281 305 329 345 369 433 441 457 465 473 481 489 497 513 521 537 601 625 633 641 681 713 729 737 769 777 793 801 857 873 881 
X^786:  206 222 270 294 310 326 334 342 358 430 438 494 566 574 582 614 622 630 638 646 662 670 678 686 702 734 750 758 806 814 838 870 878 
X^787:  99 107 115 219 227 259 283 307 323 331 347 371 419 427 435 451 459 467 475 491 555 579 595 611 643 691 707 715 723 755 763 779 787 795 827 851 859 867 883 
X^788:  96 200 216 224 240 256 264 280 296 312 336 352 416 424 448 496 504 512 544 560 568 576 592 600 608 656 664 680 696 704 728 760 768 776 792 800 840 848 856 864 872 
X^789:  229 285 301 317 333 365 461 469 485 493 517 557 565 597 621 629 645 661 669 677 685 701 709 733 749 757 773 789 797 813 821 829 845 877 
X^790:  114 218 234 282 298 306 322 330 346 354 362 442 482 498 514 538 546 562 570 578 626 642 666 682 706 714 722 730 738 746 762 770 794 802 810 826 842 858 
X^791:  231 239 279 303 311 319 335 343 367 431 439 447 455 487 495 503 535 543 551 567 575 583 591 599 607 647 663 695 703 719 735 751 759 767 775 791 799 823 831 839 863 871 
X^792:  108 196 204 212 220 228 236 260 276 284 292 316 364 420 428 436 444 468 476 492 540 548 580 588 620 628 644 668 692 708 716 724 740 748 756 764 772 788 796 836 844 852 860 868 876 
X^793:  113 209 233 273 281 289 297 313 321 337 353 369 441 457 465 473 481 505 513 529 537 545 577 585 609 633 641 665 673 681 705 713 721 745 769 777 785 793 801 809 825 833 849 865 873 881 
X^794:  110 214 222 278 310 326 350 358 430 470 486 494 502 510 526 534 566 574 582 590 598 614 622 638 646 662 670 678 694 742 758 774 782 790 798 806 822 838 846 
X^795:  107 211 227 259 267 275 291 315 331 363 451 467 475 491 515 523 555 563 579 587 603 611 619 635 651 659 667 683 699 707 715 739 747 763 787 795 811 819 835 843 851 859 867 875 
X^796:  104 112 192 208 216 240 264 272 280 304 312 336 344 352 368 416 456 464 488 504 520 528 536 544 576 584 592 600 624 632 648 656 672 696 704 712 728 736 744 760 768 792 800 832 848 864 880 
X^797:  205 229 269 277 285 309 317 325 357 365 429 445 485 509 525 541 573 589 597 669 709 725 741 749 773 789 805 813 829 837 845 853 869 
X^798:  106 194 210 218 242 258 298 306 314 322 330 362 418 426 442 450 466 490 522 554 562 578 602 610 642 658 666 674 690 698 714 738 746 762 794 802 810 842 
X^799:  111 223 255 271 287 311 335 351 359 367 423 471 479 495 503 519 527 535 559 599 607 615 655 663 679 687 695 719 727 743 767 791 807 823 847 871 
X^800:  84 108 188 196 212 220 244 260 300 308 316 324 340 348 364 404 412 420 436 444 460 476 500 508 516 524 556 580 588 596 604 620 628 652 660 668 732 748 764 772 780 788 796 804 812 820 836 844 852 868 
X^801:  105 113 225 233 241 257 281 297 313 321 337 345 353 369 425 433 441 449 465 513 521 537 545 561 569 577 585 593 601 641 657 697 713 721 777 785 793 801 825 849 865 873 881 
X^802:  102 110 190 198 222 254 262 270 302 334 342 414 422 438 446 462 470 486 494 534 542 550 558 566 574 590 598 630 646 654 670 694 710 742 774 782 790 798 806 814 822 830 854 
X^803:  83 107 115 203 211 219 227 235 243 251 259 283 307 331 347 403 427 443 459 467 475 499 507 531 547 555 595 603 627 643 651 659 667 675 691 699 715 723 731 739 763 771 779 827 851 859 867 875 883 
X^804:  80 104 184 192 208 232 248 256 264 280 304 312 336 352 368 400 408 416 424 432 440 456 464 472 504 512 520 544 560 624 648 664 696 712 720 728 736 744 752 776 784 800 816 824 840 848 856 864 872 
X^805:  109 205 213 221 237 293 301 309 325 333 341 357 429 437 461 469 477 485 565 573 581 621 629 645 677 685 693 701 725 781 797 805 845 869 
X^806:  98 106 114 194 242 274 338 346 354 362 370 418 450 458 514 522 554 562 578 586 602 634 642 650 658 666 674 690 738 746 770 778 786 794 802 810 818 834 850 874 
X^807:  103 199 207 215 231 239 263 303 327 335 351 367 415 447 479 487 495 503 519 527 535 543 551 567 583 615 631 639 655 663 679 687 711 719 727 735 743 799 807 831 839 863 879 
X^808:  92 100 108 180 196 212 220 228 236 244 268 276 300 316 340 348 356 404 420 436 444 452 460 476 500 508 524 532 548 564 580 588 604 628 636 644 652 692 700 716 724 732 756 764 772 820 836 844 868 876 
X^809:  97 105 201 209 217 257 265 281 289 297 313 321 329 361 369 417 433 449 457 489 505 545 553 561 585 617 625 633 641 665 673 689 705 721 769 777 793 809 817 825 833 849 857 865 873 881 
X^810:  94 102 110 198 214 230 254 262 278 286 342 358 366 414 446 478 486 518 550 574 590 598 606 630 638 646 662 686 710 726 750 758 774 782 790 798 806 814 822 838 846 854 
X^811:  83 91 99 195 235 299 307 323 355 403 419 443 459 483 515 539 555 563 571 579 643 651 691 699 715 723 747 763 779 795 811 819 827 835 843 851 867 875 
X^812:  80 88 96 104 112 176 184 192 208 216 248 264 288 296 304 360 368 408 432 440 456 464 472 488 504 512 520 528 536 544 560 600 616 624 632 640 648 656 672 680 688 696 712 728 736 744 752 760 776 800 816 872 880 
X^813:  101 109 189 197 205 221 237 253 277 293 365 413 421 477 485 493 501 509 517 525 533 541 549 557 581 589 605 621 645 653 661 669 685 693 701 709 733 741 757 781 789 797 821 853 869 
X^814:  90 98 106 114 178 210 250 258 266 290 306 314 322 330 346 354 362 370 402 410 434 442 450 466 482 490 498 530 538 546 562 578 602 610 618 634 650 658 674 698 706 738 746 754 762 778 786 802 810 850 858 874 
X^815:  79 95 111 199 215 239 279 295 303 311 319 335 351 367 399 407 471 479 487 511 519 527 535 543 559 575 583 591 623 647 655 671 679 687 703 711 719 727 735 743 759 815 823 839 847 
X^816:  68 76 92 100 108 172 236 252 260 268 284 292 300 324 332 348 356 388 420 428 444 452 460 468 476 492 516 524 532 548 556 580 588 596 620 636 644 652 668 684 740 764 804 812 828 836 844 
X^817:  81 89 97 185 225 257 273 305 313 321 337 345 401 417 425 473 481 513 521 529 561 593 609 625 633 649 665 673 689 705 729 737 753 761 777 809 825 849 857 865 
X^818:  86 102 110 174 190 214 230 238 246 254 278 286 302 318 342 350 358 398 430 462 486 494 510 526 534 542 550 558 566 590 606 614 622 638 662 670 678 686 694 702 718 726 742 750 758 806 830 846 854 870 878 
X^819:  67 75 83 187 195 203 219 235 243 259 275 291 299 307 315 323 347 387 395 403 459 475 483 499 507 523 531 539 547 555 587 595 603 611 619 667 675 699 707 747 795 811 819 827 835 843 851 875 883 
X^820:  64 96 168 192 200 208 216 248 264 288 312 320 328 336 344 352 368 384 392 408 416 424 440 472 480 488 504 520 528 536 552 560 624 632 640 648 664 688 720 728 744 752 768 784 800 808 824 840 848 864 
X^821:  229 237 261 285 293 333 341 357 365 421 445 453 461 469 485 501 509 517 533 565 573 581 597 605 621 653 669 677 701 709 717 725 741 765 773 789 813 821 837 845 861 877 
X^822:  114 210 226 234 250 266 274 282 314 330 362 402 418 442 450 490 498 514 522 538 578 586 618 634 650 658 666 674 698 706 714 722 730 746 754 770 778 794 802 810 826 834 842 850 858 866 882 
X^823:  215 231 263 271 279 287 303 327 335 359 399 407 439 471 479 495 519 527 551 559 567 575 583 599 607 639 655 671 687 695 711 719 751 783 791 799 815 831 839 855 871 
X^824:  164 172 196 220 228 244 252 276 284 292 308 316 332 340 348 364 388 420 428 436 452 468 476 492 516 532 572 588 604 612 628 660 684 692 708 772 804 820 828 836 852 860 868 
X^825:  113 177 217 225 265 281 289 297 305 313 321 329 337 353 369 401 409 417 441 481 497 505 513 521 529 537 561 577 585 593 601 617 633 641 657 665 681 737 745 777 793 801 809 817 841 857 865 873 
X^826:  110 214 222 238 246 254 286 302 310 326 342 358 406 414 430 438 462 470 486 502 510 526 542 574 598 622 630 638 646 678 710 742 750 758 766 790 822 838 846 862 870 878 
X^827:  99 115 179 211 227 243 259 267 283 307 339 347 363 395 419 427 451 467 483 491 507 555 563 571 587 595 603 611 619 635 667 691 699 715 731 739 787 803 811 819 827 843 851 859 867 883 
X^828:  96 160 192 200 216 224 232 240 248 256 280 288 296 312 328 344 352 368 384 392 408 416 424 432 456 472 488 496 504 520 528 536 544 552 560 568 576 608 616 656 664 672 680 712 720 744 752 760 776 784 816 824 832 848 856 872 
X^829:  173 205 221 237 261 269 277 285 317 341 349 357 365 397 413 437 445 477 485 501 549 557 565 573 581 589 605 629 637 653 669 677 685 709 717 725 749 773 781 789 797 837 845 869 
X^830:  106 162 178 194 210 218 234 250 258 306 322 354 362 386 418 426 450 474 482 490 506 514 522 530 538 546 554 570 578 610 618 626 650 658 690 698 722 730 746 754 770 802 818 842 858 
X^831:  95 223 231 239 255 279 303 327 335 343 351 391 399 407 423 455 463 479 503 527 543 567 575 607 623 647 655 663 671 695 703 711 743 751 775 783 791 807 823 831 839 871 879 
X^832:  52 84 92 156 164 172 188 204 212 228 236 308 324 332 364 372 380 388 404 436 444 476 484 492 524 532 540 572 580 596 620 628 636 684 692 716 724 748 756 772 780 796 828 836 852 868 
X^833:  97 105 113 201 225 233 241 257 281 289 297 305 313 329 345 417 425 449 457 489 513 521 537 545 553 561 569 577 601 609 617 633 649 657 665 697 705 729 753 777 793 809 857 873 881 
X^834:  102 110 158 166 190 214 238 278 286 302 318 334 350 358 382 398 414 422 430 438 454 462 502 518 534 542 566 574 598 606 614 646 710 726 734 766 774 806 822 846 854 862 
X^835:  51 83 91 99 107 115 171 203 227 235 251 259 275 299 307 323 331 347 403 411 435 443 451 467 499 507 523 531 539 547 563 587 619 643 667 683 707 715 723 731 747 763 771 795 811 819 835 843 851 867 875 
X^836:  48 80 112 152 160 168 176 184 200 208 216 224 240 248 288 304 320 344 360 368 376 384 392 424 448 464 472 480 488 496 504 520 544 576 584 592 616 624 632 664 672 696 704 712 728 744 752 760 768 776 784 792 800 808 816 824 832 840 856 864 872 880 
X^837:  109 173 205 221 237 245 253 269 285 293 325 333 341 349 365 437 485 493 501 517 525 549 557 565 573 589 605 613 621 637 653 669 685 693 701 709 725 741 765 773 781 797 821 829 837 845 861 
X^838:  106 162 170 242 266 274 282 314 330 338 370 458 466 474 506 530 538 546 554 578 586 594 610 618 626 650 658 674 682 690 706 722 730 778 786 794 810 826 850 858 866 882 
X^839:  111 167 175 207 223 239 247 295 311 319 335 343 351 383 391 399 407 455 463 479 487 511 543 567 591 599 607 615 623 631 639 655 663 695 703 727 735 743 751 767 775 783 791 807 815 823 831 839 
X^840:  92 108 148 180 188 196 212 228 252 308 316 332 340 348 372 380 388 396 412 420 428 436 444 452 484 492 532 540 580 588 636 644 652 660 668 692 700 716 732 740 764 780 788 804 820 836 844 860 868 876 
X^841:  113 169 193 217 225 249 257 265 273 297 313 321 353 361 369 393 401 409 425 457 465 481 489 497 505 521 529 553 561 569 577 585 601 609 617 689 697 729 745 753 761 825 841 857 865 873 
X^842:  102 110 206 222 238 246 270 278 286 302 310 326 342 358 398 422 446 454 462 470 478 502 510 526 558 566 574 582 606 630 638 654 662 678 686 702 726 734 742 766 774 782 790 798 822 830 846 854 
X^843:  51 91 99 115 163 195 219 243 251 259 267 275 283 291 323 347 371 379 403 419 427 451 459 475 483 491 507 523 531 539 555 563 571 587 595 603 611 619 627 643 651 659 667 683 699 715 731 755 771 795 811 819 827 835 843 883 
X^844:  48 88 96 104 112 144 152 176 192 224 240 264 272 304 312 320 328 344 392 400 416 424 432 440 512 520 536 568 576 584 616 624 640 648 656 680 688 704 720 736 744 760 784 792 800 808 816 840 848 856 872 
X^845:  101 109 157 165 173 189 197 213 229 277 293 309 325 381 397 405 421 437 445 453 461 469 485 493 501 525 533 549 557 573 589 597 605 629 637 645 677 709 717 741 765 773 789 797 805 821 829 837 845 
X^846:  98 114 146 202 210 242 266 274 290 322 338 346 386 394 418 450 458 466 490 498 514 530 538 562 570 586 602 610 626 634 658 690 698 722 730 738 746 762 778 794 810 818 826 834 842 858 
X^847:  47 95 103 111 167 175 199 207 215 231 247 263 279 287 295 303 311 319 327 343 351 359 375 383 391 431 439 447 455 471 487 495 503 559 575 591 599 623 655 663 679 687 695 727 735 767 783 799 815 
X^848:  36 44 68 92 100 108 140 156 180 196 204 212 220 228 236 244 252 260 276 284 292 308 340 348 364 388 412 428 452 460 476 484 508 516 548 572 580 588 604 612 636 652 660 668 676 708 716 732 748 756 780 788 796 804 820 828 844 
X^849:  49 153 169 177 209 233 241 265 281 289 305 313 337 345 353 369 377 393 401 409 417 433 449 473 489 513 529 537 553 561 601 617 625 633 641 649 657 673 681 689 697 713 737 745 761 777 793 801 809 817 857 865 873 
X^850:  94 102 142 158 174 182 190 214 222 254 262 294 326 334 374 398 414 454 478 486 510 566 574 582 598 606 614 662 678 710 718 734 742 782 806 814 822 838 
X^851:  35 43 51 67 155 171 179 187 211 227 243 251 259 315 339 395 403 411 427 435 443 475 491 507 523 539 579 587 595 603 619 635 643 667 675 707 731 755 763 787 795 803 811 819 827 835 851 859 
X^852:  32 64 88 112 136 152 168 192 208 216 224 232 264 272 288 296 312 328 336 344 352 360 392 400 408 416 424 432 456 464 480 496 512 520 552 576 584 624 640 648 656 672 688 752 760 768 784 792 800 824 832 856 
X^853:  93 109 165 205 229 253 261 293 309 317 325 341 349 365 397 405 421 437 453 461 469 477 485 493 509 517 525 541 549 557 565 597 637 653 693 725 733 741 757 765 781 797 813 853 
X^854:  50 90 106 114 154 170 186 194 210 226 274 290 298 306 314 330 346 354 362 378 410 418 434 442 450 458 466 498 506 538 554 562 578 586 594 602 618 634 642 658 674 698 714 722 730 738 762 770 802 810 818 834 842 874 882 
X^855:  87 111 167 175 183 207 255 263 271 279 319 327 335 343 351 367 375 383 391 399 415 471 503 519 535 543 551 567 591 631 647 663 671 687 695 719 727 735 767 775 823 879 
X^856:  44 76 84 92 132 140 148 156 180 188 204 212 228 268 284 308 316 324 332 340 356 372 380 388 428 436 444 460 468 476 548 572 580 588 596 604 620 668 684 692 700 716 724 732 740 748 756 764 772 788 804 828 836 844 852 860 
X^857:  49 89 97 105 113 145 169 177 185 201 209 217 233 241 273 289 305 321 337 345 353 369 377 393 401 409 441 449 465 473 481 497 505 513 521 537 569 577 585 593 601 609 617 625 633 689 697 729 753 769 777 785 809 817 825 833 841 849 865 881 
X^858:  46 86 110 150 158 174 190 230 238 254 262 278 294 302 334 342 366 438 454 502 534 542 558 566 574 606 630 646 654 662 678 686 710 718 734 790 814 822 830 838 846 878 
X^859:  43 67 75 99 147 163 171 179 203 211 235 251 259 267 275 291 307 315 323 331 355 403 411 419 427 435 459 475 483 507 515 523 531 547 587 595 611 627 635 651 667 675 691 707 723 731 755 771 787 795 803 827 851 859 867 
X^860:  40 48 64 72 80 88 96 104 128 144 152 160 176 184 192 208 264 288 296 304 312 328 336 360 400 408 432 448 456 488 496 552 560 576 592 600 608 616 624 632 640 656 712 720 728 736 760 768 776 792 824 840 856 872 
X^861:  85 93 109 141 165 173 189 197 205 221 245 261 317 325 341 381 397 421 477 485 493 501 509 517 549 565 573 581 589 597 613 645 669 709 717 733 741 765 821 837 869 
X^862:  42 82 98 130 146 154 162 170 186 194 202 226 266 282 306 322 354 362 378 418 426 450 458 466 490 498 530 546 554 578 586 594 610 618 626 650 682 690 698 714 738 754 762 770 826 834 866 882 
X^863:  47 63 79 95 111 159 175 191 199 239 247 255 263 271 287 295 303 319 327 335 343 383 391 415 455 471 487 495 511 527 551 559 567 575 599 607 615 647 655 663 679 703 751 759 775 783 791 807 879 
X^864:  20 44 52 60 76 92 108 124 132 172 212 236 260 276 284 292 308 316 348 380 396 404 412 420 436 444 460 492 516 548 556 588 596 604 620 628 636 660 668 692 708 716 724 756 764 780 788 796 804 820 836 868 876 
X^865:  41 49 65 89 105 161 169 185 193 201 249 281 289 313 329 337 345 353 369 377 393 401 409 433 441 465 489 497 505 513 521 529 537 553 561 569 633 641 665 681 689 697 705 713 721 729 761 777 793 801 809 817 825 841 849 857 865 
X^866:  38 46 78 94 102 126 134 166 174 182 190 198 214 222 230 238 246 254 278 294 302 318 342 366 374 390 398 406 414 494 526 534 558 566 574 582 590 598 606 622 662 686 702 734 742 774 822 838 862 
X^867:  19 43 59 67 75 91 115 139 155 163 171 179 187 195 203 211 235 259 299 339 347 387 403 427 435 443 451 467 491 507 523 531 555 587 595 603 611 627 643 651 683 691 699 715 723 731 747 755 763 779 787 795 803 811 827 835 859 883 
X^868:  16 40 48 80 104 120 128 152 216 232 240 248 296 304 336 352 400 408 416 424 432 472 496 544 552 568 584 592 608 616 632 672 688 704 712 744 760 768 776 792 800 808 824 832 840 864 872 880 
X^869:  45 77 101 141 149 157 173 181 213 229 237 245 253 261 285 293 309 317 373 397 405 413 421 429 437 445 453 461 477 485 533 541 549 557 573 581 589 605 629 661 677 693 701 717 733 757 773 797 805 813 829 861 877 
X^870:  34 42 50 66 74 82 98 106 130 162 194 202 218 234 242 274 282 298 306 314 322 330 354 362 386 394 410 418 426 434 442 466 490 498 506 530 538 546 578 602 626 650 682 706 714 730 738 746 754 770 778 786 818 826 882 
X^871:  39 79 135 143 151 183 191 199 231 255 287 311 335 351 391 407 415 439 447 455 463 471 487 503 511 543 551 559 607 623 639 647 663 671 735 743 751 759 767 775 791 799 823 831 879 
X^872:  28 36 44 76 92 100 116 132 156 172 180 188 212 228 236 252 300 324 348 356 380 388 396 404 420 436 444 468 476 492 516 532 548 572 588 596 604 620 636 740 748 780 788 804 812 828 836 844 860 868 876 
X^873:  33 41 65 89 97 105 137 145 153 169 193 201 209 217 225 241 257 297 329 353 369 385 401 433 441 481 489 497 505 545 553 569 577 585 617 625 649 657 665 681 689 729 745 753 761 785 793 801 809 825 833 841 849 881 
X^874:  30 38 46 62 70 86 102 134 150 158 166 174 182 190 222 238 262 270 278 286 294 302 310 318 342 358 390 398 414 438 446 454 486 502 526 550 566 630 638 662 670 710 718 726 774 782 806 814 854 878 
X^875:  19 27 35 67 107 131 147 155 171 179 219 243 251 259 267 283 315 339 355 371 387 395 435 443 459 467 475 491 499 507 515 523 531 563 579 595 611 619 667 675 691 699 707 723 739 747 795 803 811 819 835 875 883 
X^876:  16 24 32 40 48 72 80 96 112 120 128 144 160 176 184 192 208 240 248 256 280 288 312 320 336 344 368 408 424 480 504 520 528 568 576 600 608 624 632 640 664 680 720 728 760 776 784 792 808 840 864 872 880 
X^877:  37 45 69 77 85 93 125 133 141 181 205 229 245 253 261 269 277 285 301 309 317 325 341 349 357 381 405 413 437 469 517 525 533 549 557 589 597 605 637 653 661 677 685 701 717 741 773 781 789 821 869 877 
X^878:  26 34 42 50 58 66 74 90 154 162 170 178 186 194 202 210 258 298 338 354 370 386 394 410 426 434 458 474 514 522 530 570 578 586 594 602 610 618 634 642 650 666 674 682 690 706 714 722 770 778 786 818 826 858 874 882 
X^879:  15 31 47 71 79 87 95 135 143 151 159 167 191 207 239 263 271 279 287 295 303 335 375 383 391 447 455 463 487 495 503 511 519 543 551 559 575 583 591 615 623 639 655 695 703 711 727 743 751 767 807 831 855 863 871 879 
X^880:  4 12 28 44 68 76 84 132 148 164 196 220 228 236 244 260 284 292 300 308 316 364 372 380 388 396 404 436 444 452 460 468 476 484 492 500 524 532 540 572 580 612 628 636 676 684 692 700 708 716 732 740 748 756 796 812 836 868 876 
X^881:  17 25 33 57 65 73 89 121 145 153 185 193 201 233 249 257 265 273 281 289 297 313 329 345 369 377 385 393 409 425 433 441 449 457 473 497 513 537 545 553 569 577 617 641 657 665 681 705 745 761 769 785 793 801 809 833 857 873 881 
X^882:  22 38 46 54 78 86 110 126 142 150 158 190 198 206 214 230 270 294 302 326 334 366 374 438 462 470 486 494 502 526 534 542 582 598 638 654 670 702 710 718 758 766 774 822 838 854 862 870 878 
X^883:  3 11 19 35 59 67 75 99 123 147 163 179 219 243 251 267 275 323 339 355 363 379 387 403 427 443 467 483 531 547 563 579 587 595 603 635 643 675 691 699 707 723 739 763 787 803 819 827 843 867 875 883 
X^884:  0 
checksum: 9730139