541
X^0:  542 
X^1:  
X^2:  540 
X^3:  
X^4:  538 
X^5:  541 
X^6:  536 
X^7:  
X^8:  534 
X^9:  
X^10:  532 
X^11:  
X^12:  530 
X^13:  533 541 
X^14:  528 
X^15:  
X^16:  526 
X^17:  
X^18:  524 
X^19:  
X^20:  522 
X^21:  525 541 
X^22:  520 
X^23:  
X^24:  518 
X^25:  
X^26:  516 540 
X^27:  
X^28:  514 538 
X^29:  517 525 533 541 
X^30:  512 
X^31:  
X^32:  
X^33:  
X^34:  540 
X^35:  
X^36:  538 
X^37:  541 
X^38:  
X^39:  
X^40:  534 
X^41:  537 
X^42:  540 
X^43:  
X^44:  538 
X^45:  
X^46:  528 536 
X^47:  539 
X^48:  526 534 
X^49:  537 
X^50:  540 
X^51:  535 
X^52:  
X^53:  533 
X^54:  520 528 
X^55:  531 
X^56:  526 
X^57:  521 529 
X^58:  516 524 
X^59:  527 
X^60:  514 522 530 
X^61:  517 
X^62:  
X^63:  539 
X^64:  
X^65:  537 
X^66:  508 
X^67:  535 
X^68:  506 
X^69:  509 541 
X^70:  
X^71:  531 539 
X^72:  502 534 
X^73:  505 529 
X^74:  508 532 540 
X^75:  527 535 
X^76:  506 530 
X^77:  
X^78:  496 504 528 536 
X^79:  507 523 539 
X^80:  494 502 526 534 
X^81:  505 521 
X^82:  508 524 532 540 
X^83:  503 519 535 
X^84:  522 530 538 
X^85:  501 533 
X^86:  488 496 520 528 536 
X^87:  499 515 523 531 539 
X^88:  494 526 534 
X^89:  489 497 513 537 
X^90:  484 492 532 540 
X^91:  495 511 519 527 535 
X^92:  482 490 498 522 530 
X^93:  485 517 533 541 
X^94:  536 
X^95:  
X^96:  
X^97:  
X^98:  476 532 
X^99:  
X^100:  474 530 
X^101:  477 525 533 
X^102:  536 
X^103:  
X^104:  470 526 
X^105:  473 537 
X^106:  476 524 532 
X^107:  535 
X^108:  474 522 530 538 
X^109:  517 533 541 
X^110:  464 472 520 528 
X^111:  475 531 
X^112:  462 470 526 534 
X^113:  473 529 
X^114:  476 516 524 532 
X^115:  471 527 535 
X^116:  514 522 538 
X^117:  469 509 517 525 541 
X^118:  456 464 528 
X^119:  467 523 539 
X^120:  462 510 518 534 
X^121:  457 465 521 529 537 
X^122:  452 460 508 540 
X^123:  463 527 
X^124:  450 458 466 506 522 530 
X^125:  453 501 525 541 
X^126:  504 528 
X^127:  475 523 531 539 
X^128:  526 534 
X^129:  473 521 537 
X^130:  444 500 516 524 532 540 
X^131:  471 519 527 535 
X^132:  442 498 514 522 538 
X^133:  445 477 493 501 533 
X^134:  504 520 536 
X^135:  467 475 515 523 531 
X^136:  438 470 494 518 534 
X^137:  441 465 505 513 529 537 
X^138:  444 468 476 492 500 508 516 540 
X^139:  463 471 503 511 519 527 
X^140:  442 466 490 498 514 
X^141:  485 501 509 525 541 
X^142:  432 440 464 472 488 496 512 528 536 
X^143:  443 459 475 499 507 515 523 531 539 
X^144:  430 438 462 470 494 502 510 526 
X^145:  441 457 497 505 521 529 537 
X^146:  444 460 468 476 484 492 508 532 
X^147:  439 455 471 495 511 519 
X^148:  458 466 474 482 490 498 514 530 538 
X^149:  437 469 477 485 493 517 541 
X^150:  424 432 456 464 472 496 504 512 520 528 
X^151:  435 451 459 467 475 491 499 515 523 531 
X^152:  430 462 470 478 486 518 526 
X^153:  425 433 449 473 489 505 513 537 
X^154:  420 428 468 492 500 516 
X^155:  431 447 455 463 471 503 511 519 527 
X^156:  418 426 434 458 466 474 506 514 530 538 
X^157:  421 453 477 493 501 509 533 541 
X^158:  536 
X^159:  515 523 531 
X^160:  518 526 534 
X^161:  
X^162:  412 516 532 540 
X^163:  511 527 
X^164:  410 514 530 538 
X^165:  413 533 
X^166:  512 520 528 536 
X^167:  507 
X^168:  406 518 526 
X^169:  409 505 529 
X^170:  412 508 524 540 
X^171:  503 511 527 
X^172:  410 538 
X^173:  509 517 525 533 
X^174:  400 408 512 528 536 
X^175:  411 499 515 523 539 
X^176:  398 406 502 518 534 
X^177:  409 505 521 537 
X^178:  412 508 540 
X^179:  407 495 503 511 
X^180:  506 
X^181:  405 509 525 541 
X^182:  392 400 496 512 536 
X^183:  403 491 499 
X^184:  398 518 534 
X^185:  393 401 489 497 
X^186:  388 396 500 516 532 540 
X^187:  399 487 519 527 
X^188:  386 394 402 490 498 514 522 538 
X^189:  389 493 501 533 541 
X^190:  512 528 536 
X^191:  411 483 491 499 515 523 
X^192:  486 494 502 510 518 526 534 
X^193:  409 513 529 
X^194:  380 484 508 516 
X^195:  407 479 495 511 535 
X^196:  378 482 506 
X^197:  381 413 493 517 525 533 541 
X^198:  480 488 496 504 512 528 
X^199:  403 411 475 507 515 523 531 
X^200:  374 406 486 518 526 534 
X^201:  377 401 473 497 513 521 529 
X^202:  380 404 412 476 516 524 540 
X^203:  399 407 471 479 495 535 
X^204:  378 402 490 506 514 530 538 
X^205:  477 493 501 525 533 
X^206:  368 376 400 408 480 488 520 
X^207:  379 395 411 467 483 491 515 539 
X^208:  366 374 398 406 470 486 494 526 534 
X^209:  377 393 473 489 505 513 521 537 
X^210:  380 396 404 412 476 484 500 508 516 524 532 
X^211:  375 391 407 463 471 479 503 511 519 527 
X^212:  394 402 410 474 482 498 538 
X^213:  373 405 485 493 509 525 541 
X^214:  360 368 392 400 408 464 480 496 512 520 
X^215:  371 387 395 403 411 459 467 499 507 515 523 531 
X^216:  366 398 406 478 486 494 510 518 526 
X^217:  361 369 385 409 457 465 521 529 537 
X^218:  356 364 404 412 468 476 484 500 508 532 540 
X^219:  367 383 391 399 407 455 503 535 
X^220:  354 362 370 394 402 458 466 474 482 506 530 538 
X^221:  357 389 405 413 461 501 525 533 
X^222:  408 472 496 512 520 536 
X^223:  451 459 467 491 499 523 539 
X^224:  454 462 470 494 510 526 534 
X^225:  489 513 521 537 
X^226:  348 404 452 468 476 484 492 516 524 
X^227:  447 463 487 495 511 535 
X^228:  346 402 450 466 474 482 490 498 514 522 
X^229:  349 397 405 469 493 501 509 517 
X^230:  408 448 456 464 472 488 496 504 512 
X^231:  443 483 491 507 515 523 539 
X^232:  342 398 454 462 486 510 526 534 
X^233:  345 409 441 465 481 537 
X^234:  348 396 404 444 460 484 492 508 524 532 
X^235:  407 439 447 463 479 487 503 511 519 535 
X^236:  346 394 402 410 482 490 522 530 
X^237:  389 405 413 445 453 461 469 485 517 541 
X^238:  336 344 392 400 448 464 472 480 496 504 512 520 528 536 
X^239:  347 403 435 451 459 483 515 
X^240:  334 342 398 406 438 454 470 478 486 494 510 518 526 534 
X^241:  345 401 441 457 521 529 537 
X^242:  348 388 396 404 444 468 484 508 540 
X^243:  343 399 407 431 439 447 471 479 503 511 527 
X^244:  386 394 410 442 466 474 522 538 
X^245:  341 381 389 397 413 445 461 477 485 509 525 
X^246:  328 336 400 432 448 504 528 
X^247:  339 395 411 427 435 467 475 491 499 507 515 523 531 539 
X^248:  334 382 390 406 454 486 494 502 510 518 526 
X^249:  329 337 393 401 409 425 433 465 513 521 
X^250:  324 332 380 412 436 452 460 476 540 
X^251:  335 399 423 455 471 487 503 519 527 535 
X^252:  322 330 338 378 394 402 426 434 450 466 474 490 498 506 514 530 
X^253:  325 373 397 413 429 437 469 485 509 517 525 541 
X^254:  376 400 448 472 480 488 496 520 
X^255:  347 395 403 411 419 427 435 451 467 483 491 499 515 539 
X^256:  398 406 422 430 438 446 454 470 478 486 494 510 526 534 
X^257:  345 393 409 449 457 465 481 505 513 521 
X^258:  316 372 388 396 404 412 420 444 460 484 500 508 524 540 
X^259:  343 391 399 407 415 431 447 455 463 471 487 495 503 511 
X^260:  314 370 386 394 410 418 442 450 458 466 482 498 514 530 538 
X^261:  317 349 365 373 405 429 453 485 501 509 517 533 
X^262:  376 392 408 416 424 432 440 448 456 472 496 504 512 528 536 
X^263:  339 347 387 395 403 411 443 467 491 507 515 523 531 539 
X^264:  310 342 366 390 406 422 462 470 478 
X^265:  313 337 377 385 401 433 457 465 473 481 497 505 513 521 537 
X^266:  316 340 348 364 372 380 388 444 484 500 516 524 
X^267:  335 343 375 383 391 399 407 415 431 447 455 471 479 487 511 527 
X^268:  314 338 362 370 386 426 458 466 482 506 530 
X^269:  357 373 381 397 429 437 453 461 469 477 485 501 509 541 
X^270:  304 312 336 344 360 368 384 400 408 416 424 448 456 464 472 480 504 528 536 
X^271:  315 331 347 371 379 387 395 411 419 427 443 467 507 531 539 
X^272:  302 310 334 342 366 374 382 398 406 422 430 446 454 510 518 526 
X^273:  313 329 369 377 393 401 425 449 457 473 505 513 529 537 
X^274:  316 332 340 348 356 364 380 404 412 420 460 476 484 492 508 540 
X^275:  311 327 343 367 383 391 399 407 415 455 471 495 519 535 
X^276:  330 338 346 354 362 370 386 402 418 442 466 474 482 490 498 538 
X^277:  309 341 349 357 365 389 413 421 429 445 453 461 485 501 517 533 541 
X^278:  296 304 328 336 344 368 376 384 392 416 432 440 448 456 464 480 488 536 
X^279:  307 323 331 339 347 363 371 387 451 459 475 483 507 539 
X^280:  302 334 342 350 358 390 398 414 422 430 438 446 494 502 518 534 
X^281:  297 305 321 345 361 377 385 393 401 409 433 465 473 481 489 497 505 529 537 
X^282:  292 300 340 364 372 388 404 412 420 428 444 460 468 508 516 540 
X^283:  303 319 327 335 343 375 383 399 431 463 479 487 495 527 535 
X^284:  290 298 306 330 338 346 378 386 394 418 426 434 442 458 490 506 522 530 538 
X^285:  293 325 349 365 373 381 397 405 413 437 445 453 493 501 509 533 
X^286:  472 480 488 512 520 528 536 
X^287:  499 507 515 523 531 
X^288:  478 486 510 526 
X^289:  489 497 521 529 537 
X^290:  284 468 500 516 540 
X^291:  495 535 
X^292:  282 466 498 506 514 522 530 
X^293:  285 461 469 501 509 517 
X^294:  480 488 504 528 
X^295:  507 
X^296:  278 462 478 486 526 534 
X^297:  281 481 505 513 521 529 
X^298:  284 460 476 492 500 508 516 524 532 
X^299:  471 495 527 
X^300:  282 458 490 506 514 530 
X^301:  453 493 509 525 533 541 
X^302:  272 280 456 464 512 528 
X^303:  283 467 475 483 491 499 515 523 539 
X^304:  270 278 462 470 502 
X^305:  281 465 481 497 513 537 
X^306:  284 452 468 476 484 500 508 516 524 532 
X^307:  279 463 479 503 527 
X^308:  450 474 482 490 498 522 
X^309:  277 445 453 469 477 485 501 517 533 541 
X^310:  264 272 464 472 512 536 
X^311:  275 459 467 475 491 507 531 539 
X^312:  270 446 486 518 526 
X^313:  265 273 465 473 497 521 537 
X^314:  260 268 444 460 484 492 500 508 532 540 
X^315:  271 479 503 519 527 535 
X^316:  258 266 274 442 474 514 522 538 
X^317:  261 437 485 517 533 
X^318:  440 448 456 464 480 504 512 520 
X^319:  283 459 475 483 491 499 515 523 539 
X^320:  446 454 462 470 486 510 526 
X^321:  281 465 489 497 513 521 529 537 
X^322:  252 436 452 460 492 500 
X^323:  279 455 511 519 535 
X^324:  250 434 450 458 466 474 490 506 530 538 
X^325:  253 285 429 437 477 485 509 533 
X^326:  448 472 480 488 496 528 536 
X^327:  275 283 451 459 507 515 
X^328:  246 278 430 446 470 478 486 494 510 
X^329:  249 273 481 489 497 505 513 521 529 
X^330:  252 276 284 428 452 460 468 484 492 500 524 540 
X^331:  271 279 439 447 455 463 471 511 519 527 535 
X^332:  250 274 426 442 450 458 490 498 506 522 538 
X^333:  421 469 477 485 501 517 525 541 
X^334:  240 248 272 280 424 432 448 464 472 488 496 512 
X^335:  251 267 283 435 459 483 499 515 531 539 
X^336:  238 246 270 278 430 438 446 462 470 478 494 502 518 526 
X^337:  249 265 433 441 449 473 481 505 513 521 529 
X^338:  252 268 276 284 420 452 476 484 492 508 532 
X^339:  247 263 279 431 439 503 511 519 
X^340:  266 274 282 418 434 458 490 498 506 514 530 538 
X^341:  245 277 413 421 437 461 501 509 517 
X^342:  232 240 264 272 280 432 448 456 464 480 488 504 520 536 
X^343:  243 259 267 275 283 427 459 483 539 
X^344:  238 270 278 414 438 454 462 478 486 518 526 
X^345:  233 241 257 281 441 465 481 497 505 513 
X^346:  228 236 276 284 412 436 444 452 476 484 500 516 540 
X^347:  239 255 263 271 279 431 439 447 487 
X^348:  226 234 242 266 274 410 426 434 466 474 490 538 
X^349:  229 261 277 285 405 437 453 461 477 493 501 509 517 525 533 541 
X^350:  280 408 416 424 456 464 472 480 496 504 520 
X^351:  435 443 483 491 499 507 515 531 
X^352:  414 422 446 454 470 478 486 494 502 526 
X^353:  425 433 457 465 473 481 497 513 521 529 
X^354:  220 276 404 436 476 484 500 516 524 
X^355:  431 447 463 471 479 495 511 519 527 535 
X^356:  218 274 402 434 442 458 466 498 514 530 538 
X^357:  221 269 277 397 405 437 445 453 461 477 485 501 525 533 
X^358:  280 416 424 440 448 456 472 480 496 512 528 
X^359:  475 483 523 539 
X^360:  214 270 398 414 422 454 462 486 494 518 526 534 
X^361:  217 281 417 449 457 473 481 489 497 513 521 537 
X^362:  220 268 276 396 412 428 436 452 460 468 476 484 492 524 532 540 
X^363:  279 407 431 439 447 487 495 511 519 527 
X^364:  218 266 274 282 394 426 442 450 458 466 482 498 514 530 538 
X^365:  261 277 285 389 429 477 485 493 501 517 525 
X^366:  208 216 264 272 392 400 456 472 488 496 512 520 528 536 
X^367:  219 275 403 411 419 427 491 499 507 515 523 531 539 
X^368:  206 214 270 278 398 406 454 470 518 534 
X^369:  217 273 401 417 433 441 449 457 473 481 489 505 513 529 
X^370:  220 260 268 276 388 404 412 420 436 460 492 500 
X^371:  215 271 279 399 415 431 447 463 503 
X^372:  258 266 282 386 410 418 426 434 442 450 458 466 482 514 530 538 
X^373:  213 253 261 269 285 381 389 405 413 421 437 461 477 493 509 525 533 
X^374:  200 208 272 400 408 432 456 472 480 496 520 536 
X^375:  211 267 283 395 403 411 435 443 467 475 523 539 
X^376:  206 254 262 278 382 422 446 462 478 486 494 526 
X^377:  201 209 265 273 281 401 409 425 465 473 489 497 505 529 
X^378:  196 204 252 284 380 396 420 428 460 492 508 524 540 
X^379:  207 271 415 423 439 455 471 479 503 511 527 
X^380:  194 202 210 250 266 274 378 410 426 434 442 450 466 490 498 506 514 530 
X^381:  197 245 269 285 373 421 429 469 485 493 501 525 533 
X^382:  248 272 376 384 392 400 416 448 456 464 480 488 504 512 520 528 536 
X^383:  219 267 275 283 395 411 451 475 483 523 539 
X^384:  270 278 382 390 398 406 414 430 438 446 478 486 502 534 
X^385:  217 265 281 401 425 433 449 465 497 505 521 529 537 
X^386:  188 244 260 268 276 284 372 388 396 412 420 428 452 460 468 500 508 516 524 532 
X^387:  215 263 271 279 391 415 431 447 471 495 503 511 519 527 
X^388:  186 242 258 266 282 370 386 394 402 418 426 434 442 450 458 466 474 490 522 530 538 
X^389:  189 221 237 245 277 365 373 421 437 477 485 493 509 517 533 541 
X^390:  248 264 280 384 440 456 480 488 496 504 512 
X^391:  211 219 259 267 275 387 395 411 443 507 515 523 
X^392:  182 214 238 262 278 366 382 414 438 446 454 502 526 534 
X^393:  185 209 249 257 273 281 409 417 425 457 481 489 513 529 537 
X^394:  188 212 220 236 244 252 260 284 364 388 396 412 420 436 444 452 468 492 500 540 
X^395:  207 215 247 255 263 271 375 383 391 399 415 431 455 463 479 495 511 519 
X^396:  186 210 234 242 258 362 378 386 394 402 426 434 450 466 482 498 506 514 530 538 
X^397:  229 245 253 269 285 357 413 429 453 461 477 493 525 533 541 
X^398:  176 184 208 216 232 240 256 272 280 360 368 384 408 416 424 432 464 472 520 528 536 
X^399:  187 203 219 243 251 259 267 275 283 371 395 403 427 435 443 451 475 491 499 539 
X^400:  174 182 206 214 238 246 254 270 366 374 382 414 422 438 446 470 478 494 502 526 
X^401:  185 201 241 249 265 273 281 369 377 385 417 425 449 465 481 489 513 521 529 
X^402:  188 204 212 220 228 236 252 276 356 388 396 420 428 436 460 484 492 516 532 540 
X^403:  183 199 215 239 255 263 367 375 399 407 415 439 447 455 463 495 503 527 
X^404:  202 210 218 226 234 242 258 274 282 354 370 410 426 458 474 498 514 522 530 
X^405:  181 213 221 229 237 261 285 349 357 373 429 445 469 485 501 509 517 541 
X^406:  168 176 200 208 216 240 248 256 264 272 368 384 432 440 456 464 512 528 536 
X^407:  179 195 203 211 219 235 243 259 267 275 363 403 419 459 491 515 523 531 539 
X^408:  174 206 214 222 230 262 270 350 374 398 414 430 470 478 502 534 
X^409:  169 177 193 217 233 249 257 281 377 393 417 425 433 441 473 481 489 529 
X^410:  164 172 212 236 244 260 348 372 380 404 420 436 444 452 460 484 492 524 
X^411:  175 191 199 207 215 247 255 263 271 367 375 383 391 431 471 495 511 527 535 
X^412:  162 170 178 202 210 218 250 258 274 282 346 362 370 386 394 442 458 482 490 498 522 530 
X^413:  165 197 221 237 245 253 277 285 341 373 397 421 429 437 445 461 469 477 493 501 509 517 533 541 
X^414:  280 344 352 360 384 392 400 408 432 448 456 464 472 480 496 504 520 
X^415:  259 267 275 371 379 387 395 403 427 435 451 459 467 499 515 523 
X^416:  262 270 278 350 358 382 398 430 446 454 462 486 494 502 510 526 
X^417:  361 369 393 401 409 425 449 473 481 489 505 513 
X^418:  156 260 276 284 340 372 388 420 428 452 476 484 492 500 508 524 532 540 
X^419:  255 271 367 407 423 431 455 463 471 535 
X^420:  154 258 274 282 338 370 378 386 394 402 410 418 426 434 450 490 538 
X^421:  157 277 333 341 373 381 389 413 429 437 445 453 461 485 493 501 533 
X^422:  256 264 272 280 352 360 376 400 424 432 440 464 472 496 528 
X^423:  251 379 419 427 459 475 483 539 
X^424:  150 262 270 334 350 358 398 422 446 462 470 478 502 518 526 534 
X^425:  153 249 273 353 377 385 393 401 409 417 441 449 465 473 481 489 529 
X^426:  156 252 268 284 332 348 364 372 380 388 396 404 420 428 444 452 460 492 500 508 516 524 
X^427:  247 255 271 343 367 399 415 423 447 455 471 479 487 503 527 535 
X^428:  154 282 330 362 378 386 402 418 426 442 450 458 466 506 514 522 
X^429:  253 261 269 277 325 365 381 397 405 413 421 445 469 485 517 525 
X^430:  144 152 256 272 280 328 336 384 408 416 432 440 448 456 472 496 504 512 528 536 
X^431:  155 243 259 267 283 339 347 355 363 371 387 395 411 419 435 443 491 499 507 539 
X^432:  142 150 246 262 278 334 342 374 398 406 414 422 430 438 470 486 494 502 510 518 534 
X^433:  153 249 265 281 337 353 369 385 409 465 473 481 505 513 521 529 
X^434:  156 252 284 324 340 348 356 372 380 388 396 420 436 444 476 484 492 500 516 540 
X^435:  151 239 247 255 335 351 375 399 415 431 439 463 479 503 519 535 
X^436:  250 322 346 354 362 370 394 402 410 434 482 490 498 506 514 530 
X^437:  149 253 269 285 317 325 341 349 357 373 389 413 421 469 485 501 517 533 541 
X^438:  136 144 240 256 280 336 344 384 392 400 432 448 464 488 504 512 520 536 
X^439:  147 235 243 331 339 347 363 379 403 435 443 451 459 467 491 499 507 515 523 
X^440:  142 262 278 318 358 390 406 422 430 446 462 478 494 534 
X^441:  137 145 233 241 337 345 369 409 425 449 457 481 489 497 521 529 
X^442:  132 140 244 260 276 284 316 332 356 364 372 380 388 412 428 468 476 492 516 
X^443:  143 231 263 271 351 375 391 399 431 439 447 455 463 471 479 487 503 527 
X^444:  130 138 146 234 242 258 266 282 314 346 394 410 426 434 466 506 530 
X^445:  133 237 245 277 285 309 357 405 413 421 429 453 469 493 509 517 533 
X^446:  256 272 280 312 320 328 336 352 376 384 392 400 416 424 440 472 504 512 528 536 
X^447:  155 227 235 243 259 267 331 347 355 363 371 387 403 427 443 451 459 483 499 539 
X^448:  230 238 246 254 262 270 278 318 326 334 342 358 382 414 430 438 462 470 478 486 502 526 
X^449:  153 257 273 337 361 369 385 401 417 425 441 465 481 489 505 513 529 
X^450:  124 228 252 260 308 324 332 364 372 380 388 396 420 428 460 476 484 492 524 
X^451:  151 223 239 255 279 327 383 399 415 439 447 455 463 479 487 495 511 519 
X^452:  122 226 250 306 322 330 338 346 362 386 394 410 418 426 466 474 482 498 538 
X^453:  125 157 237 261 269 277 285 301 309 349 357 397 421 445 477 485 517 533 
X^454:  224 232 240 248 256 272 320 344 352 360 368 392 416 480 520 536 
X^455:  147 155 219 251 259 267 275 323 331 379 395 403 419 427 443 451 459 467 475 483 491 507 531 539 
X^456:  118 150 230 262 270 278 302 318 342 350 358 366 374 382 390 406 414 430 486 494 510 518 
X^457:  121 145 217 241 257 265 273 353 361 369 393 441 465 473 481 489 521 
X^458:  124 148 156 220 260 268 284 300 324 332 340 356 364 372 388 404 412 428 460 484 508 532 
X^459:  143 151 215 223 239 279 311 319 327 335 343 407 415 423 439 447 455 471 487 511 519 527 535 
X^460:  122 146 234 250 258 274 282 298 314 322 330 362 370 378 386 402 410 426 450 458 466 474 490 538 
X^461:  221 237 245 269 277 293 341 349 357 373 397 413 421 469 477 485 501 517 
X^462:  112 120 144 152 224 232 264 296 304 320 336 344 360 376 416 424 440 448 464 472 488 512 520 536 
X^463:  123 139 155 211 227 235 259 283 307 331 355 371 395 403 419 435 443 451 467 491 531 539 
X^464:  110 118 142 150 214 230 238 270 278 302 310 318 334 342 350 382 398 406 414 422 438 462 470 486 494 502 526 534 
X^465:  121 137 217 233 249 257 265 281 305 313 321 345 353 377 385 401 425 433 449 457 481 489 497 513 529 
X^466:  124 140 148 156 220 228 244 252 260 268 276 292 324 348 356 364 372 380 388 396 428 444 452 460 476 516 524 532 
X^467:  119 135 151 207 215 223 247 255 263 271 303 311 375 415 439 455 463 471 487 519 527 
X^468:  138 146 154 218 226 242 282 290 306 330 362 386 394 442 474 498 514 
X^469:  117 149 229 237 253 269 293 309 333 381 405 413 429 437 445 461 469 477 485 493 501 525 
X^470:  104 112 136 144 152 208 224 240 256 264 304 320 328 336 352 368 400 408 424 432 448 464 472 480 496 504 536 
X^471:  115 131 139 147 155 203 211 243 251 259 267 275 299 331 355 379 387 411 419 427 443 459 467 475 483 507 515 531 539 
X^472:  110 142 150 222 230 238 254 262 270 286 310 326 334 350 358 366 374 398 414 422 430 446 462 470 494 518 526 
X^473:  105 113 129 153 201 209 265 273 281 313 337 353 361 369 377 409 417 425 433 457 473 489 505 521 529 
X^474:  100 108 148 156 212 220 228 244 252 276 308 316 324 348 388 404 452 460 468 508 516 524 532 
X^475:  111 127 135 143 151 199 247 279 303 311 319 359 375 383 399 423 455 471 487 503 511 527 
X^476:  98 106 114 138 146 202 210 218 226 250 274 298 306 338 346 354 362 418 434 442 450 466 482 506 514 538 
X^477:  101 133 149 157 205 245 269 309 325 333 349 357 365 373 389 397 413 453 461 469 477 485 493 517 525 533 541 
X^478:  152 216 240 256 264 288 296 328 336 344 352 376 384 400 408 424 440 448 480 496 504 520 536 
X^479:  195 203 211 235 243 267 283 307 315 355 379 395 427 435 443 451 483 491 499 507 515 523 531 539 
X^480:  198 206 214 238 254 270 278 286 294 318 326 342 350 358 374 382 390 414 454 470 478 510 518 526 534 
X^481:  233 257 265 281 297 305 329 337 345 353 361 369 393 401 409 417 425 433 441 449 457 465 481 489 497 505 513 521 
X^482:  92 148 196 212 220 228 236 260 268 276 308 364 372 396 412 436 452 476 484 492 500 524 532 
X^483:  191 207 231 239 255 279 303 319 335 343 351 359 383 423 447 455 471 479 487 527 535 
X^484:  90 146 194 210 218 226 234 242 258 266 274 306 314 330 338 346 354 362 402 410 418 434 450 458 482 490 530 538 
X^485:  93 141 149 213 237 245 253 261 269 277 309 317 325 333 357 365 381 389 405 421 429 437 453 461 469 477 493 509 525 541 
X^486:  152 192 200 208 216 232 240 248 256 288 296 312 320 328 344 352 360 376 384 416 432 448 456 464 496 504 528 536 
X^487:  187 227 235 251 259 267 283 347 363 427 443 451 459 467 475 483 499 507 523 
X^488:  86 142 198 206 230 254 278 286 294 326 334 342 366 382 390 438 462 502 526 534 
X^489:  89 153 185 209 225 281 289 321 329 361 369 377 393 401 409 417 425 441 449 457 465 473 481 489 513 537 
X^490:  92 140 148 188 204 228 236 252 276 284 300 308 324 332 340 348 380 388 412 420 436 460 484 516 524 540 
X^491:  151 183 191 207 223 231 247 255 263 303 311 319 351 367 399 407 431 439 455 463 479 503 511 
X^492:  90 138 146 154 226 234 274 298 314 322 330 338 362 370 378 394 402 410 418 426 434 442 450 482 498 506 
X^493:  133 149 157 189 197 205 213 229 285 301 349 365 373 381 389 397 413 421 445 469 477 485 493 509 517 525 541 
X^494:  80 88 136 144 192 208 216 224 240 248 256 280 328 336 352 360 376 400 416 432 440 456 464 472 512 520 528 
X^495:  91 147 179 195 203 227 259 275 283 291 299 355 363 387 395 403 411 451 507 515 531 539 
X^496:  78 86 142 150 182 198 214 222 230 238 254 262 326 334 350 358 366 374 390 414 422 430 470 478 486 518 526 
X^497:  89 145 185 201 265 281 289 305 313 321 329 345 353 361 377 385 441 465 481 505 513 521 529 
X^498:  92 132 140 148 188 212 228 252 260 276 292 308 332 340 356 364 380 396 404 412 436 452 468 492 500 508 516 540 
X^499:  87 143 151 175 183 191 215 223 247 255 287 303 319 335 351 367 399 415 431 439 447 479 487 503 511 519 
X^500:  130 138 154 186 210 218 258 266 290 298 306 314 322 330 346 354 370 386 394 418 426 434 482 498 506 514 522 530 538 
X^501:  85 125 133 141 157 189 205 221 229 261 269 277 285 293 309 333 341 349 357 365 381 405 413 421 437 461 469 509 525 541 
X^502:  72 80 144 176 192 248 280 304 336 352 384 392 400 408 416 424 432 448 464 488 504 528 536 
X^503:  83 139 155 171 179 211 219 235 243 251 259 307 315 339 371 379 387 403 427 435 443 475 491 499 507 515 531 539 
X^504:  78 126 134 150 198 230 238 246 262 270 294 318 342 350 382 390 414 430 438 446 470 478 486 502 510 518 526 534 
X^505:  73 81 137 145 153 169 177 209 257 265 273 281 297 329 337 345 369 377 385 417 433 449 473 481 497 505 513 521 
X^506:  68 76 124 156 180 196 204 220 252 268 284 292 300 324 332 340 380 396 428 436 444 476 492 500 540 
X^507:  79 143 167 199 215 231 247 263 271 279 287 295 311 327 351 367 391 431 439 455 471 479 487 495 503 519 527 
X^508:  66 74 82 122 138 146 170 178 194 210 218 234 242 258 274 282 298 306 314 338 378 386 418 426 458 474 498 514 530 538 
X^509:  69 117 141 157 173 181 213 229 245 253 261 269 285 293 301 325 341 349 373 389 405 413 445 485 493 501 517 525 541 
X^510:  120 144 192 216 224 232 240 248 256 272 288 320 328 416 432 456 480 504 528 
X^511:  91 139 147 155 163 171 179 195 211 227 235 243 259 267 323 331 339 355 363 379 387 395 411 451 459 475 491 499 523 539 
X^512:  30 142 150 166 174 182 190 198 214 222 230 238 262 286 302 310 318 334 358 366 382 390 406 430 438 446 462 494 534 
X^513:  89 137 153 193 201 209 225 249 257 265 273 297 305 321 329 337 345 353 361 369 393 401 417 433 449 465 481 489 497 505 513 521 529 537 
X^514:  28 60 116 132 140 148 156 164 188 204 228 252 260 292 300 316 340 356 364 372 380 396 404 428 436 468 476 500 508 524 540 
X^515:  87 135 143 151 159 175 191 199 207 215 231 239 247 255 263 287 303 319 327 335 351 367 391 407 415 439 471 479 495 503 535 
X^516:  26 58 114 130 138 154 162 186 194 202 210 226 266 282 290 298 306 346 354 386 402 426 434 442 466 474 490 498 522 530 538 
X^517:  29 61 93 109 117 149 173 197 229 237 253 261 277 293 309 317 333 341 349 365 389 405 413 429 437 445 453 461 477 493 509 541 
X^518:  24 120 136 152 160 168 176 184 192 200 216 240 248 272 280 312 336 344 360 368 424 432 456 472 480 496 504 520 528 536 
X^519:  83 91 131 139 147 155 187 211 235 251 275 315 323 331 339 355 363 387 395 435 451 459 467 499 507 523 539 
X^520:  22 54 86 110 134 150 166 206 214 222 238 254 286 318 342 350 366 374 382 398 414 438 454 462 478 494 518 534 
X^521:  57 81 121 129 145 177 201 209 217 225 241 249 257 265 289 297 313 321 329 337 353 361 385 401 433 441 457 473 481 497 505 513 521 529 537 
X^522:  20 60 84 92 108 116 124 132 188 228 236 244 284 292 308 316 332 388 404 412 428 500 516 524 532 540 
X^523:  79 87 119 127 135 143 151 159 175 191 199 215 223 231 247 263 287 303 319 359 367 375 383 391 407 415 439 479 487 511 519 527 
X^524:  18 58 82 106 114 130 170 202 210 226 234 258 266 298 306 330 354 362 378 386 410 418 426 450 466 474 482 490 514 522 538 
X^525:  21 29 101 117 125 141 173 181 197 205 213 221 245 253 301 333 349 357 365 373 381 397 429 469 477 485 493 501 509 525 533 
X^526:  16 48 56 80 88 104 112 128 144 152 160 168 192 200 208 216 224 232 240 248 256 272 288 296 312 320 336 344 352 360 376 392 400 416 424 448 464 472 480 488 496 504 528 536 
X^527:  59 75 91 115 123 131 139 155 163 171 187 211 243 251 267 283 299 307 315 331 355 363 379 387 403 411 427 443 459 467 475 483 507 523 531 
X^528:  14 46 54 78 86 110 118 126 142 150 166 174 190 198 238 246 262 270 286 294 302 326 358 366 382 398 406 422 430 446 486 494 502 510 518 526 534 
X^529:  57 73 113 121 137 145 169 193 201 217 241 273 281 289 297 321 329 337 353 369 377 385 393 401 409 425 433 441 449 465 473 497 513 521 529 537 
X^530:  12 60 76 84 92 100 108 124 148 156 164 204 220 236 252 260 268 284 292 300 324 340 356 364 372 380 388 396 404 412 436 444 484 500 508 516 532 
X^531:  55 71 87 111 127 135 143 151 159 199 215 247 263 271 287 311 335 351 367 407 455 463 471 479 495 503 527 
X^532:  10 74 82 90 98 106 114 130 146 162 186 210 218 234 298 306 314 338 362 386 402 418 458 466 474 482 522 530 538 
X^533:  13 29 53 85 93 101 109 133 157 165 173 189 197 205 221 261 277 285 301 309 317 325 349 357 373 381 389 397 413 421 437 445 453 477 525 541 
X^534:  8 40 48 72 80 88 112 120 128 136 160 176 184 192 200 208 224 232 240 256 280 296 360 368 384 392 408 424 432 440 464 480 488 504 512 520 528 
X^535:  51 67 75 83 91 107 115 131 195 203 219 227 235 251 275 283 291 315 323 331 355 411 419 427 435 459 483 515 
X^536:  6 46 78 86 94 102 134 142 158 166 174 182 190 222 238 262 270 278 286 310 326 342 366 374 382 398 406 430 438 446 454 462 470 478 486 502 518 526 
X^537:  41 49 65 89 105 121 129 137 145 153 177 209 217 225 233 241 265 273 281 289 305 313 321 361 385 393 489 513 521 529 
X^538:  4 28 36 44 84 108 116 132 148 156 164 172 188 204 212 220 244 260 276 284 316 324 332 340 348 356 364 372 388 396 420 452 460 476 484 500 508 516 524 532 
X^539:  47 63 71 79 87 119 127 143 175 207 223 231 247 255 263 271 279 303 311 319 335 343 359 367 375 383 399 407 423 431 447 455 463 471 479 495 503 511 519 
X^540:  2 26 34 42 50 74 82 90 122 130 138 162 170 178 186 202 218 242 250 258 274 282 290 314 330 346 362 378 394 402 418 434 490 498 506 514 522 
X^541:  5 13 21 29 37 69 93 109 117 125 141 149 157 181 189 197 213 237 253 269 277 301 309 333 349 389 397 405 413 437 477 485 493 501 509 517 533 541 
X^542:  0 
checksum: 2360215