773
X^0:  774 
X^1:  
X^2:  772 
X^3:  
X^4:  770 
X^5:  773 
X^6:  768 
X^7:  
X^8:  
X^9:  
X^10:  
X^11:  
X^12:  
X^13:  773 
X^14:  
X^15:  
X^16:  
X^17:  
X^18:  
X^19:  
X^20:  770 
X^21:  765 
X^22:  768 
X^23:  
X^24:  766 
X^25:  769 
X^26:  764 
X^27:  
X^28:  762 
X^29:  757 
X^30:  760 
X^31:  
X^32:  758 
X^33:  761 769 
X^34:  756 
X^35:  
X^36:  
X^37:  749 
X^38:  
X^39:  
X^40:  
X^41:  
X^42:  
X^43:  
X^44:  
X^45:  741 
X^46:  
X^47:  
X^48:  
X^49:  
X^50:  
X^51:  
X^52:  738 770 
X^53:  733 773 
X^54:  736 768 
X^55:  
X^56:  734 766 
X^57:  737 769 
X^58:  732 764 
X^59:  
X^60:  730 762 
X^61:  725 773 
X^62:  728 760 
X^63:  771 
X^64:  726 758 
X^65:  729 737 761 769 
X^66:  724 756 
X^67:  767 
X^68:  
X^69:  717 757 765 
X^70:  
X^71:  771 
X^72:  
X^73:  769 
X^74:  
X^75:  767 
X^76:  
X^77:  709 773 
X^78:  
X^79:  763 771 
X^80:  
X^81:  761 769 
X^82:  772 
X^83:  759 
X^84:  706 770 
X^85:  701 765 
X^86:  704 
X^87:  755 763 771 
X^88:  702 
X^89:  705 753 769 
X^90:  700 
X^91:  751 759 
X^92:  698 
X^93:  693 757 765 773 
X^94:  696 768 
X^95:  747 
X^96:  694 766 
X^97:  697 705 745 753 761 769 
X^98:  692 756 
X^99:  743 751 759 767 
X^100:  754 
X^101:  685 749 
X^102:  
X^103:  739 771 
X^104:  
X^105:  737 769 
X^106:  
X^107:  735 
X^108:  770 
X^109:  677 741 757 
X^110:  
X^111:  731 739 755 763 771 
X^112:  
X^113:  729 737 
X^114:  740 764 
X^115:  727 751 
X^116:  674 706 738 
X^117:  669 709 733 749 765 773 
X^118:  672 704 768 
X^119:  723 731 739 771 
X^120:  670 702 
X^121:  673 705 721 737 761 769 
X^122:  668 700 772 
X^123:  719 727 751 759 767 
X^124:  666 698 754 770 
X^125:  661 709 725 733 757 773 
X^126:  664 696 736 768 
X^127:  707 715 739 755 
X^128:  662 694 734 758 
X^129:  665 673 697 705 713 721 729 737 745 769 
X^130:  660 692 724 748 772 
X^131:  703 711 719 727 743 759 767 
X^132:  722 770 
X^133:  653 693 701 717 733 765 
X^134:  
X^135:  747 
X^136:  
X^137:  753 761 769 
X^138:  756 764 772 
X^139:  743 751 759 767 
X^140:  754 
X^141:  645 757 773 
X^142:  752 760 
X^143:  739 747 755 771 
X^144:  750 758 
X^145:  745 769 
X^146:  748 756 772 
X^147:  735 751 
X^148:  642 746 754 762 
X^149:  637 741 749 773 
X^150:  640 752 760 768 
X^151:  731 747 755 763 771 
X^152:  638 750 758 766 
X^153:  641 737 745 753 761 769 
X^154:  636 740 756 772 
X^155:  727 735 751 759 
X^156:  634 738 746 
X^157:  629 757 765 
X^158:  632 736 760 768 
X^159:  723 731 739 755 
X^160:  630 734 742 758 766 
X^161:  633 641 729 761 769 
X^162:  628 732 740 756 772 
X^163:  719 735 743 751 759 767 
X^164:  730 738 746 762 770 
X^165:  621 725 741 757 773 
X^166:  736 768 
X^167:  715 739 747 755 
X^168:  766 
X^169:  721 729 753 769 
X^170:  724 732 740 
X^171:  711 719 727 743 
X^172:  722 762 770 
X^173:  613 725 741 749 757 765 
X^174:  720 728 752 768 
X^175:  707 715 723 731 739 755 763 
X^176:  718 726 750 766 
X^177:  713 729 745 753 761 769 
X^178:  716 724 756 
X^179:  703 719 727 735 743 759 
X^180:  610 642 714 722 730 754 762 770 
X^181:  605 645 709 717 741 765 
X^182:  608 640 720 728 768 
X^183:  699 715 731 739 763 
X^184:  606 638 718 726 
X^185:  609 641 705 713 729 
X^186:  604 636 708 724 732 740 748 756 764 
X^187:  695 703 727 751 
X^188:  602 634 706 714 730 754 762 770 
X^189:  597 645 725 733 741 749 757 
X^190:  600 632 704 736 744 752 768 
X^191:  643 691 699 707 715 747 763 
X^192:  598 630 702 734 742 750 
X^193:  601 609 633 641 697 713 721 745 753 769 
X^194:  596 628 700 724 740 
X^195:  639 687 703 719 727 735 751 767 
X^196:  698 714 722 730 738 754 
X^197:  589 629 637 693 725 733 741 749 757 765 
X^198:  768 
X^199:  643 683 747 755 
X^200:  766 
X^201:  641 689 697 705 745 753 769 
X^202:  692 700 708 756 
X^203:  639 679 687 695 703 735 759 767 
X^204:  690 738 770 
X^205:  581 645 693 725 741 
X^206:  688 696 768 
X^207:  635 643 675 683 691 707 723 747 755 763 771 
X^208:  686 694 750 758 766 
X^209:  633 641 681 705 729 753 761 769 
X^210:  644 684 692 708 732 740 748 
X^211:  631 671 687 719 727 735 743 767 
X^212:  578 642 682 690 698 706 754 762 
X^213:  573 637 677 685 701 709 717 741 
X^214:  576 688 696 768 
X^215:  627 635 643 667 683 691 699 707 723 747 755 
X^216:  574 686 694 734 750 766 
X^217:  577 625 641 673 681 689 697 721 745 761 
X^218:  572 676 692 700 708 732 740 756 764 772 
X^219:  623 631 663 671 687 695 743 751 759 767 
X^220:  570 674 682 698 722 730 746 754 770 
X^221:  565 629 637 645 701 709 741 757 
X^222:  568 640 672 704 728 744 752 760 768 
X^223:  619 659 667 675 691 707 715 723 739 763 771 
X^224:  566 638 670 678 702 742 750 758 
X^225:  569 577 617 625 633 641 665 737 745 761 
X^226:  564 628 668 676 708 716 756 764 772 
X^227:  615 623 631 639 655 671 679 687 695 735 743 
X^228:  626 666 674 682 698 706 722 730 754 
X^229:  557 621 661 677 685 693 701 709 717 725 733 757 765 773 
X^230:  672 704 736 744 760 768 
X^231:  611 643 651 675 683 691 723 731 739 747 763 
X^232:  702 734 742 750 758 
X^233:  609 641 657 665 689 705 713 729 737 745 753 
X^234:  660 668 676 732 748 
X^235:  607 647 655 663 679 703 711 719 727 743 759 
X^236:  642 658 698 722 746 754 770 
X^237:  549 613 629 661 685 701 709 749 757 765 773 
X^238:  656 664 688 704 720 728 736 744 752 760 
X^239:  603 611 627 635 651 659 667 675 699 707 731 755 
X^240:  654 662 686 702 734 750 758 
X^241:  601 609 649 665 681 689 705 713 721 745 769 
X^242:  612 636 652 660 692 700 708 724 732 740 748 
X^243:  599 623 639 655 663 671 679 687 711 719 727 751 767 
X^244:  546 578 610 650 658 666 674 690 698 714 730 738 754 770 
X^245:  541 581 605 621 637 653 669 677 685 701 709 733 741 749 765 
X^246:  544 576 640 656 664 672 720 736 744 
X^247:  595 603 611 635 643 651 667 675 691 715 731 747 763 771 
X^248:  542 574 654 662 670 734 742 
X^249:  545 577 593 609 633 649 665 673 689 721 729 737 753 761 769 
X^250:  540 572 660 676 684 692 700 724 748 756 
X^251:  591 599 623 663 687 695 703 719 735 743 
X^252:  538 570 626 650 698 730 738 746 754 770 
X^253:  533 581 597 605 629 645 669 685 693 709 741 749 757 773 
X^254:  536 568 608 664 672 680 688 712 720 728 744 760 768 
X^255:  579 587 611 635 643 651 675 707 715 723 731 755 763 
X^256:  518 534 566 606 630 638 662 670 678 686 694 702 710 718 726 734 
X^257:  537 545 569 577 585 593 601 609 617 633 641 649 657 665 673 681 689 705 713 721 745 761 
X^258:  516 532 564 596 620 636 644 676 684 692 700 716 732 740 772 
X^259:  575 583 591 599 615 623 631 655 663 719 735 759 
X^260:  514 594 634 642 650 658 666 674 730 746 754 762 770 
X^261:  517 525 565 573 589 605 629 637 653 661 677 741 749 765 
X^262:  512 736 760 
X^263:  747 755 
X^264:  734 750 
X^265:  737 761 
X^266:  732 740 764 772 
X^267:  743 759 
X^268:  730 738 762 
X^269:  
X^270:  728 744 760 768 
X^271:  755 763 
X^272:  726 
X^273:  729 737 769 
X^274:  724 732 740 756 
X^275:  743 751 759 
X^276:  722 730 738 754 762 770 
X^277:  
X^278:  720 
X^279:  731 747 755 
X^280:  718 734 742 750 758 766 
X^281:  721 745 761 
X^282:  716 724 740 748 764 772 
X^283:  727 735 751 759 
X^284:  714 722 738 746 754 
X^285:  765 
X^286:  712 728 736 752 768 
X^287:  731 
X^288:  710 734 742 766 
X^289:  713 721 753 761 
X^290:  708 716 724 732 740 748 764 772 
X^291:  767 
X^292:  706 714 722 730 738 
X^293:  741 773 
X^294:  704 728 736 744 752 768 
X^295:  715 723 747 763 
X^296:  702 718 742 750 
X^297:  705 729 753 
X^298:  700 708 732 748 756 
X^299:  711 727 743 759 767 
X^300:  698 706 730 738 746 754 762 770 
X^301:  741 749 757 765 773 
X^302:  696 712 728 744 752 760 768 
X^303:  723 731 755 763 
X^304:  694 734 742 750 758 766 
X^305:  697 705 737 745 753 761 769 
X^306:  692 700 708 724 732 748 756 764 772 
X^307:  711 719 727 751 767 
X^308:  690 698 706 722 738 746 754 762 770 
X^309:  733 
X^310:  688 728 736 752 768 
X^311:  699 715 723 731 747 771 
X^312:  686 702 710 718 734 750 
X^313:  689 713 729 753 769 
X^314:  684 692 708 716 724 732 748 756 764 
X^315:  695 703 719 743 751 767 
X^316:  682 690 706 714 738 746 754 762 770 
X^317:  725 733 741 757 
X^318:  680 696 704 736 744 768 
X^319:  699 739 747 755 771 
X^320:  678 702 710 718 726 734 750 758 766 
X^321:  681 689 721 729 737 745 753 769 
X^322:  676 684 692 700 708 740 748 
X^323:  751 
X^324:  674 682 690 698 706 714 730 
X^325:  709 717 733 741 749 765 
X^326:  672 696 704 736 744 752 
X^327:  683 691 747 
X^328:  670 686 734 742 750 
X^329:  673 697 737 745 
X^330:  668 676 700 708 732 748 764 772 
X^331:  679 695 743 
X^332:  666 674 698 746 754 762 770 
X^333:  725 733 773 
X^334:  664 680 696 704 744 752 760 
X^335:  691 699 739 747 763 771 
X^336:  662 734 758 
X^337:  665 673 705 745 753 761 
X^338:  660 668 676 692 764 772 
X^339:  679 687 695 743 751 
X^340:  658 666 674 690 698 706 738 746 762 770 
X^341:  717 733 749 757 773 
X^342:  656 752 768 
X^343:  667 683 691 747 763 771 
X^344:  654 670 678 686 694 702 734 750 766 
X^345:  657 681 697 737 
X^346:  652 660 676 684 700 708 732 740 748 756 772 
X^347:  663 671 687 695 743 759 
X^348:  650 658 674 682 690 714 730 754 762 
X^349:  701 709 717 725 749 757 765 773 
X^350:  648 664 672 688 704 712 720 728 736 744 760 
X^351:  667 739 747 755 
X^352:  646 670 678 702 710 734 742 750 758 
X^353:  649 657 689 697 713 729 737 753 
X^354:  644 652 660 668 676 684 700 724 740 748 756 
X^355:  703 719 735 751 759 
X^356:  642 650 658 666 674 706 730 746 754 762 
X^357:  677 701 709 741 749 765 773 
X^358:  640 664 672 680 688 712 752 760 768 
X^359:  651 659 683 699 715 723 731 739 755 
X^360:  638 654 678 686 702 710 718 742 766 
X^361:  641 665 689 705 713 721 745 769 
X^362:  636 644 668 684 692 700 716 724 732 740 756 
X^363:  647 663 679 695 703 711 719 727 743 751 759 
X^364:  634 642 666 674 682 690 698 706 714 738 754 770 
X^365:  677 685 709 725 733 741 749 757 765 773 
X^366:  632 648 664 680 688 696 704 712 744 752 768 
X^367:  659 667 691 699 707 723 731 739 755 
X^368:  630 670 678 686 694 710 718 734 750 758 766 
X^369:  633 641 673 681 689 697 705 721 737 745 753 
X^370:  628 636 644 660 668 684 692 700 716 724 732 740 748 764 772 
X^371:  647 655 663 687 703 727 759 
X^372:  626 634 642 658 674 682 690 698 706 722 730 738 754 
X^373:  669 685 701 709 725 733 749 765 773 
X^374:  624 664 672 688 728 752 760 768 
X^375:  635 651 659 667 683 723 731 755 
X^376:  622 638 646 654 670 686 702 726 734 766 
X^377:  625 649 665 689 705 721 737 761 
X^378:  620 628 644 652 660 668 684 692 724 740 748 764 772 
X^379:  631 639 655 679 687 727 751 767 
X^380:  618 626 642 650 674 690 722 730 738 746 754 762 770 
X^381:  661 669 685 733 741 
X^382:  616 632 640 672 688 696 704 712 720 728 736 752 760 768 
X^383:  635 675 683 691 699 707 715 723 747 755 763 771 
X^384:  614 638 654 662 670 678 686 702 710 718 734 742 766 
X^385:  617 625 657 665 673 689 729 737 745 753 761 769 
X^386:  612 620 628 636 684 700 708 716 724 732 748 756 
X^387:  695 711 719 735 751 
X^388:  610 618 626 634 650 666 674 690 706 714 722 730 738 746 
X^389:  653 677 685 693 701 717 725 733 741 765 773 
X^390:  608 632 704 712 720 728 736 744 760 768 
X^391:  619 627 715 723 739 747 755 763 771 
X^392:  606 622 702 710 718 742 758 
X^393:  609 633 705 721 761 
X^394:  604 612 636 644 700 724 772 
X^395:  615 631 711 719 727 735 743 751 759 767 
X^396:  602 610 634 698 730 746 754 
X^397:  645 709 749 765 773 
X^398:  600 616 632 640 696 704 712 760 768 
X^399:  627 635 707 715 739 763 
X^400:  598 694 702 710 758 766 
X^401:  601 609 641 697 705 713 753 761 769 
X^402:  596 604 612 628 692 708 724 740 756 764 
X^403:  615 623 631 703 711 735 759 767 
X^404:  594 602 610 626 634 690 706 714 722 730 762 770 
X^405:  637 701 741 749 765 
X^406:  592 640 688 696 704 744 752 768 
X^407:  603 619 627 699 715 731 747 763 771 
X^408:  590 606 614 622 630 686 694 710 750 
X^409:  593 617 633 641 689 753 769 
X^410:  588 596 612 620 644 684 700 716 724 732 740 772 
X^411:  599 607 623 631 695 743 759 
X^412:  586 594 610 618 626 634 682 698 706 730 754 762 770 
X^413:  629 637 693 701 709 741 749 757 773 
X^414:  584 600 608 624 632 640 680 688 736 
X^415:  603 691 707 715 747 755 
X^416:  582 606 614 630 638 678 686 694 710 726 734 742 750 758 766 
X^417:  585 593 625 641 681 689 737 745 753 761 769 
X^418:  580 588 596 604 612 620 628 636 644 676 692 700 708 724 748 756 772 
X^419:  639 687 703 711 727 743 759 767 
X^420:  578 586 594 602 610 674 690 730 738 746 770 
X^421:  613 621 645 685 725 741 749 773 
X^422:  576 600 608 616 624 640 672 680 688 696 712 720 768 
X^423:  587 595 619 635 683 691 707 723 739 763 771 
X^424:  574 590 614 622 670 678 686 702 710 726 734 750 758 766 
X^425:  577 601 625 673 689 705 729 745 761 769 
X^426:  572 580 604 620 628 668 692 700 708 716 740 748 756 764 
X^427:  583 599 615 631 639 679 687 695 703 727 735 751 759 
X^428:  570 578 602 610 618 626 634 642 666 698 706 
X^429:  621 629 637 645 677 693 701 709 717 741 749 757 765 773 
X^430:  568 584 600 616 624 632 640 664 672 680 704 736 752 760 
X^431:  595 603 627 635 675 683 707 715 731 739 763 
X^432:  566 606 614 622 630 638 662 670 678 710 734 742 750 758 766 
X^433:  569 577 609 617 625 633 641 665 673 681 705 721 769 
X^434:  564 572 580 596 604 620 628 636 644 660 676 692 700 716 724 740 764 
X^435:  583 591 599 623 639 671 679 743 751 767 
X^436:  562 570 578 594 618 626 634 658 674 682 690 722 738 762 770 
X^437:  645 669 685 717 725 733 741 757 765 
X^438:  560 600 624 656 664 672 696 704 712 720 728 744 752 
X^439:  571 587 595 603 619 643 667 683 699 715 739 747 755 
X^440:  558 574 582 590 622 638 654 662 678 694 710 718 750 
X^441:  561 585 601 609 625 657 697 761 
X^442:  556 564 580 588 596 620 628 652 668 684 716 724 732 
X^443:  567 575 591 615 623 639 663 703 719 727 735 743 
X^444:  554 562 578 586 602 610 618 626 642 650 666 674 682 690 714 762 770 
X^445:  605 613 629 645 661 669 685 709 725 741 757 765 
X^446:  552 568 576 600 608 616 632 640 648 656 680 704 720 728 752 768 
X^447:  571 611 619 627 659 675 683 691 707 755 763 771 
X^448:  550 574 582 590 606 622 638 646 654 662 686 694 710 726 734 742 750 
X^449:  553 561 593 617 625 633 649 657 681 689 697 705 713 729 737 745 753 761 769 
X^450:  548 556 564 572 580 596 612 620 628 644 660 668 684 700 708 716 724 732 740 748 756 772 
X^451:  623 639 655 671 679 735 767 
X^452:  546 554 562 570 578 586 602 642 658 674 682 698 706 714 722 762 770 
X^453:  581 605 613 621 629 653 669 685 693 701 717 725 741 749 765 773 
X^454:  544 568 576 608 616 624 640 648 656 664 672 680 688 696 704 712 736 760 
X^455:  555 563 619 643 651 659 675 683 731 739 763 771 
X^456:  542 558 606 614 622 638 646 654 678 694 710 718 726 
X^457:  545 569 609 617 657 689 697 721 729 737 745 753 761 769 
X^458:  540 548 572 580 604 620 644 660 692 724 740 
X^459:  551 567 615 639 647 655 663 671 679 703 719 735 751 759 767 
X^460:  538 546 570 618 626 642 666 682 698 706 722 738 754 762 
X^461:  581 597 605 645 685 725 733 765 773 
X^462:  536 552 568 576 616 624 640 648 688 712 720 728 736 744 
X^463:  563 571 611 619 643 651 675 683 691 699 707 715 731 747 763 
X^464:  534 606 638 646 678 686 702 718 734 758 
X^465:  537 545 577 617 625 633 649 681 689 705 713 721 729 745 769 
X^466:  532 540 548 564 628 636 644 660 684 716 724 748 764 
X^467:  551 559 567 615 623 631 639 647 671 679 687 719 751 
X^468:  530 538 546 562 570 610 618 626 634 642 650 658 666 674 682 706 714 738 746 762 
X^469:  573 589 605 621 629 645 685 693 701 717 733 741 757 765 773 
X^470:  528 576 632 672 680 688 696 712 720 744 760 
X^471:  539 555 563 619 627 635 651 667 675 691 707 723 739 747 763 
X^472:  526 542 550 558 566 606 630 638 646 686 766 
X^473:  529 553 569 577 609 641 673 689 697 713 721 737 753 761 
X^474:  524 532 548 556 580 604 612 628 636 644 652 660 668 692 708 716 724 732 748 756 772 
X^475:  535 543 559 567 615 623 631 671 695 711 719 727 751 759 767 
X^476:  522 530 546 554 562 570 586 602 618 626 642 666 674 682 698 706 738 746 754 762 770 
X^477:  565 573 581 589 597 621 629 637 645 701 757 765 773 
X^478:  520 536 544 560 568 576 584 592 600 608 624 632 640 680 688 696 736 768 
X^479:  539 611 643 651 667 675 683 691 699 723 739 755 763 771 
X^480:  518 542 550 566 574 582 606 638 646 678 686 694 702 710 718 726 742 758 
X^481:  521 529 561 577 585 601 609 625 633 641 665 673 697 713 721 729 753 769 
X^482:  516 524 532 540 548 556 564 572 596 620 628 636 644 668 708 716 732 740 748 756 
X^483:  575 591 607 615 623 647 671 711 719 759 
X^484:  514 522 530 538 546 578 602 610 618 626 634 658 674 690 698 746 754 770 
X^485:  549 557 573 581 613 621 637 645 669 685 701 717 725 733 
X^486:  512 536 544 552 560 584 608 616 640 648 688 712 744 760 
X^487:  523 531 555 571 587 595 603 619 667 683 699 739 747 763 771 
X^488:  510 526 550 558 574 582 590 606 622 646 662 694 702 710 718 734 742 758 766 
X^489:  513 537 561 577 585 593 617 625 641 657 665 673 681 689 713 729 745 753 769 
X^490:  508 516 540 556 564 572 588 596 612 636 644 652 660 668 708 716 724 732 748 764 772 
X^491:  519 535 551 567 575 583 591 599 607 639 655 671 679 695 703 711 743 751 
X^492:  506 514 538 546 554 562 570 578 586 602 610 626 634 642 658 674 682 714 722 738 754 770 
X^493:  557 581 597 605 613 621 629 653 669 693 733 757 773 
X^494:  504 520 536 552 560 568 576 584 600 608 624 656 672 680 728 736 752 760 768 
X^495:  531 539 563 571 579 595 611 619 635 659 667 675 683 691 699 723 
X^496:  502 542 550 558 566 582 590 598 614 622 630 638 654 702 710 734 742 750 758 766 
X^497:  505 513 545 553 561 569 577 593 609 625 641 649 657 673 681 689 697 705 721 729 737 745 
X^498:  500 508 516 532 540 556 564 572 588 604 612 620 628 636 660 668 708 716 732 740 756 764 772 
X^499:  519 527 535 559 575 607 615 623 631 647 655 663 679 687 695 703 711 751 
X^500:  498 506 514 530 554 562 570 602 610 618 642 650 666 674 682 746 754 
X^501:  557 573 597 605 621 645 653 669 677 685 693 701 717 741 749 
X^502:  496 536 560 576 592 608 624 648 664 672 680 704 712 720 728 744 752 760 768 
X^503:  507 523 531 539 555 603 611 619 627 635 659 683 691 699 715 723 747 771 
X^504:  494 510 518 526 558 590 606 614 630 638 646 662 710 718 734 758 766 
X^505:  497 521 537 545 561 593 633 657 665 673 681 697 705 713 721 737 745 753 769 
X^506:  492 500 516 524 532 556 564 572 588 596 604 612 636 644 676 692 700 708 716 724 732 740 756 
X^507:  503 511 527 551 559 591 599 631 647 655 679 703 711 719 727 743 759 
X^508:  490 498 514 522 538 546 562 570 586 594 626 634 642 650 658 666 682 706 714 722 738 754 762 
X^509:  541 557 581 605 613 621 629 645 653 669 677 685 693 701 709 717 733 757 765 
X^510:  488 504 512 536 544 560 576 600 616 624 632 656 688 712 720 728 744 752 760 768 
X^511:  507 547 555 563 571 627 643 659 691 699 715 739 747 755 771 
X^512:  262 486 510 526 542 550 558 566 574 598 614 622 630 646 654 662 670 686 710 726 734 750 758 
X^513:  489 497 529 561 569 577 617 633 641 649 665 673 689 729 737 769 
X^514:  260 484 492 500 508 532 556 564 572 588 596 620 668 692 700 724 748 756 764 
X^515:  567 575 591 599 623 647 655 679 687 703 711 727 743 751 767 
X^516:  258 482 490 498 506 522 538 546 562 586 594 602 626 658 682 706 746 762 
X^517:  261 549 557 589 597 605 613 621 645 653 661 685 693 701 717 741 749 765 773 
X^518:  256 480 504 680 688 704 712 
X^519:  491 499 619 707 715 731 747 771 
X^520:  478 494 678 694 702 726 734 758 766 
X^521:  481 505 625 633 641 681 737 745 761 
X^522:  476 484 508 516 628 636 644 676 684 692 732 748 756 764 
X^523:  487 503 615 623 631 639 687 695 719 735 743 751 759 
X^524:  474 482 506 626 666 674 682 698 706 746 
X^525:  261 629 661 669 693 733 749 773 
X^526:  472 488 504 512 624 632 664 712 728 744 752 768 
X^527:  499 507 611 619 627 643 675 691 707 723 731 
X^528:  470 622 630 662 670 686 702 710 726 734 742 
X^529:  473 481 513 617 641 665 673 681 713 721 729 745 753 761 
X^530:  468 476 484 500 620 628 644 660 668 676 684 692 740 764 
X^531:  487 495 503 607 623 679 711 735 743 
X^532:  258 466 474 482 498 506 514 618 626 634 642 658 666 674 698 706 714 722 762 770 
X^533:  253 613 621 637 645 653 669 677 693 701 709 741 749 757 765 
X^534:  256 464 624 632 656 672 680 688 704 712 720 728 736 744 752 760 768 
X^535:  475 491 499 603 619 627 635 643 667 675 715 739 763 
X^536:  254 462 478 486 494 502 510 622 630 654 670 686 702 710 718 750 
X^537:  257 465 489 505 609 617 625 633 657 721 737 745 761 
X^538:  252 460 468 484 492 508 516 612 628 636 644 652 660 676 716 756 764 
X^539:  471 479 495 503 599 607 623 631 663 679 687 711 751 759 767 
X^540:  250 458 466 482 490 498 610 618 634 658 690 698 706 746 770 
X^541:  245 509 637 645 653 661 685 709 725 749 757 
X^542:  248 456 472 480 496 512 608 640 656 664 672 680 688 720 744 752 
X^543:  475 595 603 611 627 683 731 739 747 755 
X^544:  246 454 478 486 510 606 614 638 662 670 678 686 694 702 718 726 734 750 758 766 
X^545:  249 257 457 465 497 505 601 657 673 681 697 705 713 721 729 737 745 
X^546:  244 452 460 468 476 484 492 508 516 604 612 644 652 660 700 708 740 756 764 772 
X^547:  511 591 607 615 623 631 639 655 663 679 719 735 751 767 
X^548:  450 458 466 474 482 602 610 618 634 642 650 658 666 682 690 698 714 722 738 
X^549:  237 485 517 597 613 621 629 637 645 661 701 717 725 741 765 773 
X^550:  448 472 480 488 496 512 608 640 648 672 696 712 728 760 
X^551:  459 467 491 507 587 611 619 627 659 667 675 691 699 707 723 755 763 
X^552:  446 462 486 494 638 646 662 670 694 710 718 742 
X^553:  449 473 497 593 601 625 641 649 657 673 681 697 705 713 745 761 
X^554:  444 452 476 492 500 596 604 612 644 652 676 700 716 724 732 740 756 
X^555:  455 471 487 503 511 583 591 599 615 671 695 735 743 759 
X^556:  442 450 474 482 490 498 506 514 594 650 658 698 706 730 746 754 762 770 
X^557:  229 485 493 501 509 517 597 621 669 685 693 701 709 725 733 749 757 
X^558:  440 456 472 488 496 504 512 592 600 624 632 640 656 664 672 688 720 736 744 
X^559:  467 475 499 507 579 587 595 603 611 627 635 643 651 667 723 731 739 763 
X^560:  438 478 486 494 502 510 590 598 622 630 646 662 670 686 694 710 734 766 
X^561:  441 449 481 489 497 505 513 585 601 617 625 697 705 713 729 737 761 
X^562:  436 444 452 468 476 492 500 508 516 588 596 636 668 676 692 708 716 748 764 
X^563:  455 463 471 495 511 575 591 599 607 615 631 655 679 703 711 719 735 759 767 
X^564:  226 258 434 442 450 466 482 490 498 506 514 586 594 602 610 650 658 706 730 738 746 762 
X^565:  221 261 477 581 589 605 613 621 645 653 661 685 717 733 749 
X^566:  224 256 432 472 480 496 512 592 600 608 624 648 672 680 704 744 760 768 
X^567:  443 459 467 475 491 515 571 587 603 611 651 683 699 707 715 723 731 739 747 763 
X^568:  222 254 430 446 454 462 478 494 590 598 606 622 678 686 734 750 758 766 
X^569:  225 257 433 457 473 497 513 577 585 601 609 625 673 681 697 705 713 721 737 745 761 769 
X^570:  220 252 428 436 452 460 468 476 492 500 508 580 596 612 652 660 668 676 692 708 732 764 
X^571:  439 447 463 487 495 511 567 575 599 623 631 639 679 695 703 719 735 743 751 
X^572:  218 250 426 434 450 458 482 490 498 506 514 578 586 674 690 706 722 730 746 754 762 770 
X^573:  213 261 469 477 485 501 605 645 661 677 685 741 765 
X^574:  216 248 424 440 448 480 488 512 576 600 608 616 640 648 656 664 672 680 696 712 744 760 768 
X^575:  259 443 483 491 499 515 563 571 579 587 619 707 723 739 755 771 
X^576:  214 246 422 446 454 462 470 478 494 502 510 574 598 606 614 622 630 646 662 678 702 710 726 734 758 
X^577:  217 225 249 257 425 433 465 473 481 489 497 513 569 585 593 601 609 617 641 673 697 705 713 737 745 761 769 
X^578:  212 244 420 428 436 444 452 484 492 572 612 620 628 636 652 660 668 676 692 716 740 756 772 
X^579:  255 495 559 575 591 599 607 639 647 655 679 687 703 711 719 727 735 743 751 759 767 
X^580:  418 426 434 442 450 458 474 570 586 594 602 610 618 626 642 682 690 706 714 722 746 754 762 
X^581:  205 245 253 453 461 477 485 493 509 565 589 597 613 621 645 661 669 685 701 709 749 773 
X^582:  416 440 448 480 488 496 616 624 640 656 664 672 680 696 720 728 752 
X^583:  259 427 435 491 555 619 627 659 667 691 699 707 731 739 763 771 
X^584:  414 430 478 486 494 614 630 638 646 654 662 670 678 686 726 734 742 
X^585:  257 417 441 481 489 561 569 577 625 641 657 681 689 697 713 737 753 761 769 
X^586:  412 420 444 452 476 492 508 516 564 572 580 612 620 636 660 668 700 716 724 732 756 772 
X^587:  255 423 439 487 551 559 567 575 607 623 647 663 735 751 767 
X^588:  410 418 442 490 498 506 514 562 602 618 674 682 690 698 730 746 754 770 
X^589:  197 261 469 477 517 565 581 605 613 629 677 701 725 733 
X^590:  408 424 440 448 488 496 504 560 568 600 632 672 704 712 752 768 
X^591:  251 259 435 443 483 491 507 515 547 555 563 579 595 611 619 651 699 715 723 731 747 755 763 
X^592:  406 478 502 558 566 598 606 638 670 678 686 694 702 734 750 766 
X^593:  249 257 409 417 449 489 497 505 553 577 609 617 625 633 641 657 729 737 753 769 
X^594:  260 404 412 420 436 508 516 556 564 580 596 668 676 740 748 764 772 
X^595:  247 423 431 439 487 495 543 559 591 599 607 631 655 671 679 711 735 751 759 767 
X^596:  194 258 402 410 418 434 442 450 482 490 506 514 554 562 570 594 602 610 642 658 666 682 690 698 706 722 738 746 
X^597:  189 253 461 477 493 501 517 549 557 581 605 629 637 645 669 677 693 709 717 725 749 757 
X^598:  192 400 496 512 560 568 576 592 608 616 632 640 648 696 712 720 728 736 768 
X^599:  243 251 259 411 427 435 491 507 515 539 555 563 571 579 595 603 611 619 643 675 683 699 707 723 747 755 
X^600:  190 398 414 422 430 438 446 478 494 510 558 566 574 590 622 630 662 670 686 694 702 710 718 742 766 
X^601:  193 241 257 401 425 441 481 545 553 561 569 577 617 633 641 673 697 705 713 729 753 769 
X^602:  188 396 404 420 428 444 452 476 484 492 500 516 548 564 580 588 596 604 620 628 644 652 660 676 684 692 708 724 732 748 756 764 772 
X^603:  239 247 407 415 431 439 487 503 535 543 559 567 599 623 631 639 647 655 679 703 711 743 767 
X^604:  186 394 402 418 426 434 458 474 498 506 546 554 602 642 658 674 682 698 722 762 
X^605:  181 245 253 261 445 453 461 469 493 501 509 517 565 573 589 597 613 621 629 645 653 677 693 701 717 749 765 773 
X^606:  184 256 392 408 416 432 448 456 464 472 480 488 504 544 568 576 592 608 616 624 632 656 664 704 720 728 736 744 768 
X^607:  235 411 483 491 499 531 539 547 563 579 587 595 611 627 635 643 651 667 675 699 715 755 771 
X^608:  182 254 390 414 422 446 454 478 486 494 502 542 550 566 574 598 606 614 622 630 646 670 678 726 734 742 766 
X^609:  185 193 233 241 249 257 393 401 433 441 457 473 481 497 537 569 577 593 633 657 665 673 681 689 705 713 729 753 761 
X^610:  180 244 388 396 404 412 420 428 444 468 484 492 500 540 548 564 580 596 612 628 636 644 652 668 692 700 708 716 756 
X^611:  231 239 247 255 447 463 479 495 503 527 543 551 559 567 591 599 607 615 631 639 655 671 679 687 703 727 735 743 
X^612:  242 386 394 402 410 418 450 474 490 498 506 538 546 554 570 578 586 610 618 634 650 658 666 682 690 698 722 730 746 754 762 770 
X^613:  173 237 421 445 453 485 493 509 517 533 549 565 581 589 605 629 645 661 669 693 701 709 717 733 
X^614:  384 408 416 424 432 456 496 504 512 544 576 584 608 624 632 640 664 672 680 688 712 728 736 760 768 
X^615:  227 259 395 403 427 443 459 467 475 483 499 523 547 555 563 611 651 659 667 675 699 715 731 739 763 
X^616:  382 398 422 430 446 454 462 486 510 574 582 598 606 638 662 670 686 702 718 726 766 
X^617:  225 257 385 409 433 449 457 465 489 513 529 537 561 577 593 601 633 649 657 665 681 721 737 753 769 
X^618:  380 388 412 428 436 444 460 468 476 484 500 532 540 548 580 588 612 620 628 644 652 668 692 700 716 724 740 748 756 764 772 
X^619:  223 391 407 423 439 447 455 463 471 487 495 503 519 527 535 551 575 583 591 599 623 631 639 647 663 679 687 711 759 
X^620:  258 378 386 410 418 426 434 442 450 458 482 498 514 530 578 586 602 618 626 634 642 650 682 690 730 738 770 
X^621:  165 229 245 421 429 453 469 477 485 493 501 509 517 533 549 557 565 581 605 653 677 701 709 773 
X^622:  376 392 408 424 432 440 448 456 488 496 512 528 536 560 568 576 600 608 648 704 728 744 752 760 768 
X^623:  219 227 243 251 259 403 411 435 443 451 467 475 483 499 515 523 531 539 547 571 587 603 619 627 651 659 675 683 691 699 707 715 731 739 
X^624:  374 414 422 430 438 454 462 478 494 502 510 526 534 558 566 582 606 614 630 646 654 662 678 718 726 734 766 
X^625:  217 225 377 385 417 425 433 441 449 465 481 489 497 521 537 553 561 569 585 593 641 657 665 697 713 729 737 745 753 
X^626:  228 252 372 380 388 404 412 428 436 444 460 468 476 484 492 508 516 524 532 580 620 628 636 644 660 676 684 692 708 716 748 
X^627:  215 239 391 399 407 431 447 471 503 511 527 535 543 551 559 583 607 623 655 679 703 711 727 735 767 
X^628:  162 194 226 370 378 386 402 418 426 434 442 450 466 474 482 498 522 530 538 578 602 610 618 626 642 650 666 682 698 706 714 754 762 770 
X^629:  157 197 221 237 253 261 413 429 445 453 469 477 493 509 525 549 589 597 605 613 637 653 677 685 701 749 757 765 773 
X^630:  160 192 256 368 408 416 432 472 496 504 512 528 536 560 576 584 600 608 624 640 648 656 664 680 688 704 720 728 768 
X^631:  211 219 227 259 379 395 403 411 427 467 475 499 507 523 539 547 563 571 595 603 611 619 635 659 675 707 739 747 755 771 
X^632:  158 190 366 382 390 398 414 430 446 470 478 510 526 534 558 590 598 606 614 638 646 678 710 726 734 
X^633:  161 193 209 225 249 257 369 393 409 433 449 465 481 505 513 521 537 593 601 609 617 641 649 697 737 753 761 769 
X^634:  156 188 260 364 372 388 396 404 412 428 436 468 484 492 508 532 540 548 612 620 636 652 668 676 692 700 724 732 748 756 772 
X^635:  207 215 239 247 255 375 383 399 423 431 471 495 503 535 559 607 631 639 647 679 687 703 711 719 727 743 767 
X^636:  154 186 242 258 362 370 386 394 418 434 466 474 482 490 498 506 522 538 562 578 586 610 626 634 666 682 722 730 770 
X^637:  149 197 213 221 245 261 405 413 429 477 485 533 541 549 597 629 653 669 685 693 701 717 725 757 773 
X^638:  152 184 224 256 360 376 384 416 432 440 448 456 464 472 480 496 504 544 552 584 592 616 632 656 672 680 688 712 720 736 752 760 768 
X^639:  195 203 227 243 379 419 427 435 443 451 459 467 491 523 547 571 579 603 611 619 635 659 683 707 715 731 739 747 763 
X^640:  150 182 222 246 358 382 398 406 414 422 430 446 454 462 478 486 542 550 558 574 582 598 614 630 646 662 678 686 710 726 758 
X^641:  153 161 185 193 201 209 217 225 233 257 361 369 401 409 417 433 473 481 489 497 513 521 529 553 577 585 593 601 625 633 649 673 689 697 713 721 737 745 761 769 
X^642:  148 180 212 236 260 356 364 372 380 428 444 452 460 468 476 492 500 508 532 548 580 596 604 620 628 644 652 660 668 684 724 764 
X^643:  191 199 207 215 231 247 255 439 455 463 479 511 527 535 559 599 607 647 655 679 703 711 727 743 
X^644:  210 258 354 362 370 378 394 410 418 434 450 458 466 474 482 490 506 522 530 538 546 554 602 610 618 626 642 650 658 666 674 690 698 706 714 722 730 746 770 
X^645:  141 181 189 205 221 253 397 421 429 437 445 461 469 477 485 501 509 517 533 541 549 565 573 581 597 605 613 661 669 685 741 749 
X^646:  352 376 448 456 464 472 480 488 504 512 552 560 576 584 608 624 632 640 656 672 696 704 712 720 728 736 
X^647:  235 363 371 459 467 483 499 507 515 579 587 603 619 635 643 659 675 691 707 755 763 771 
X^648:  350 366 446 454 462 486 502 550 566 574 598 622 630 654 686 694 702 734 742 766 
X^649:  241 249 257 353 377 449 465 497 513 553 617 633 641 665 673 681 689 705 729 737 745 753 769 
X^650:  244 252 260 348 356 380 388 444 468 500 508 548 556 564 612 620 628 644 652 660 676 716 740 764 
X^651:  231 239 247 255 359 375 455 463 471 479 559 567 591 607 615 623 655 671 679 687 695 711 727 751 759 
X^652:  242 346 354 378 442 474 490 538 546 554 570 578 602 610 618 634 642 650 674 690 698 722 730 738 754 762 
X^653:  133 245 261 389 453 493 501 509 517 533 541 565 605 621 629 637 661 741 765 773 
X^654:  240 248 344 360 376 384 440 448 456 496 512 536 584 624 648 688 696 704 712 720 736 
X^655:  227 235 243 259 371 379 451 459 491 499 507 515 547 563 579 595 603 611 627 643 651 667 675 683 691 715 723 755 
X^656:  238 246 342 438 446 454 494 510 534 542 558 574 582 606 630 638 646 678 686 694 710 750 758 
X^657:  233 257 345 353 385 441 449 457 489 497 505 537 545 553 585 593 609 617 625 665 681 689 705 713 745 753 769 
X^658:  236 244 260 340 348 356 372 436 452 468 484 492 508 516 532 540 548 556 564 596 604 612 644 668 676 684 692 700 716 732 756 
X^659:  223 239 359 367 375 447 455 495 503 511 551 583 615 623 631 639 647 671 695 703 727 751 
X^660:  130 234 242 250 338 346 354 370 378 434 450 458 466 474 490 498 530 538 546 570 578 586 602 626 642 650 682 690 698 722 730 746 754 762 
X^661:  125 229 237 261 381 445 517 525 541 549 565 573 581 613 645 653 685 693 701 717 725 757 773 
X^662:  128 240 248 256 336 384 432 440 448 488 504 512 528 544 552 560 576 584 600 616 624 640 664 688 696 704 736 744 752 760 768 
X^663:  219 235 243 251 259 347 363 371 443 459 499 539 547 587 619 675 691 755 763 
X^664:  126 238 246 254 334 350 358 366 374 430 438 454 502 526 542 558 574 582 606 614 630 662 694 702 710 718 726 750 
X^665:  129 225 233 241 249 257 337 361 377 385 433 481 489 505 513 529 609 617 625 649 657 697 713 721 737 745 753 761 769 
X^666:  124 228 244 260 332 340 356 364 388 428 444 460 468 476 500 508 524 532 548 596 612 628 636 644 668 700 716 732 740 764 772 
X^667:  215 223 239 247 343 351 367 375 439 471 479 487 495 535 551 559 583 607 615 655 679 687 711 719 751 767 
X^668:  122 226 234 330 338 354 362 370 378 426 442 450 474 482 490 498 514 530 562 570 578 586 594 610 618 634 642 658 666 690 706 722 738 746 770 
X^669:  117 245 253 373 381 437 445 453 485 493 501 509 525 533 557 581 597 613 637 645 677 693 701 725 733 741 757 
X^670:  120 224 248 256 328 344 352 368 376 384 424 432 512 528 536 544 552 560 584 592 600 608 616 688 728 
X^671:  211 219 227 243 347 435 451 459 467 475 483 491 555 595 611 651 659 675 683 707 715 723 731 739 771 
X^672:  118 222 230 246 254 326 350 358 374 382 422 430 438 454 470 494 502 534 542 550 558 566 574 582 590 614 638 646 678 694 702 710 758 766 
X^673:  121 129 217 249 257 329 337 369 385 425 433 473 481 489 497 505 513 529 545 553 569 577 601 609 641 649 673 681 689 697 705 713 721 729 745 753 769 
X^674:  116 220 228 244 260 324 332 340 348 356 364 372 380 388 420 436 444 452 468 476 484 492 500 524 532 572 588 604 644 652 676 700 716 724 732 740 764 772 
X^675:  207 223 231 239 247 255 383 431 447 455 463 471 479 495 527 535 551 599 607 615 623 631 647 655 663 671 687 703 711 727 735 
X^676:  218 226 234 250 258 322 330 338 346 354 418 434 506 522 530 538 554 562 570 578 594 602 626 634 650 658 674 682 690 698 706 730 738 746 762 770 
X^677:  109 213 229 245 261 357 365 389 429 501 509 533 573 589 597 605 621 629 669 693 701 709 733 741 773 
X^678:  224 256 320 344 352 360 368 384 416 424 432 440 456 464 480 520 544 568 576 584 592 608 624 632 640 656 672 696 704 720 728 760 768 
X^679:  203 227 235 243 331 339 363 379 427 435 451 459 467 491 499 507 515 531 539 547 563 571 579 595 603 611 619 627 635 643 651 667 691 715 723 731 763 771 
X^680:  254 318 334 358 366 414 422 430 446 454 470 478 494 502 518 534 542 566 574 582 614 630 638 694 702 734 742 750 
X^681:  209 217 241 257 321 345 369 417 433 449 465 489 497 505 521 529 545 553 569 585 609 617 649 657 673 681 689 697 729 745 753 761 769 
X^682:  212 220 228 316 324 348 364 372 412 436 444 452 460 468 476 492 500 508 516 524 548 580 588 596 604 612 620 628 636 660 676 684 692 708 724 748 764 772 
X^683:  199 207 215 231 327 343 359 375 383 423 431 439 447 455 463 479 487 495 503 543 567 599 623 639 655 671 695 711 735 751 767 
X^684:  210 250 258 314 322 346 354 362 370 378 386 410 442 450 466 522 530 602 626 642 658 682 690 698 722 730 738 746 770 
X^685:  101 213 229 237 245 253 365 373 381 389 421 437 445 453 461 469 485 501 509 517 541 557 565 573 581 629 637 645 661 685 701 717 741 765 773 
X^686:  208 216 240 256 312 328 344 360 368 376 384 408 416 424 448 464 472 480 512 528 536 544 560 568 584 592 600 616 640 648 656 688 704 728 744 760 768 
X^687:  195 203 211 219 227 243 251 339 347 371 379 419 427 467 499 515 523 539 579 611 619 635 651 667 675 715 723 731 755 
X^688:  206 214 238 254 310 350 358 366 374 382 406 414 422 454 462 470 478 486 510 518 534 542 558 614 630 638 654 662 670 686 702 718 726 742 750 
X^689:  201 217 233 241 249 257 313 321 353 361 369 377 385 409 417 425 449 457 465 473 489 497 513 585 609 641 649 657 673 681 713 737 745 
X^690:  204 212 244 308 316 324 340 348 364 372 380 388 404 420 436 444 484 540 548 572 580 588 596 612 620 644 652 660 668 676 684 700 716 740 748 764 772 
X^691:  191 207 215 223 231 247 327 335 343 367 383 415 423 447 463 471 479 495 503 511 527 551 583 623 647 655 663 679 695 735 743 767 
X^692:  98 130 202 210 218 242 250 258 306 314 322 338 362 370 378 402 418 426 434 458 474 506 514 522 530 562 570 578 602 610 618 626 634 658 682 706 714 730 746 762 
X^693:  93 133 197 205 229 253 389 413 429 453 469 493 501 509 517 525 533 557 597 605 613 637 661 669 677 709 725 741 749 757 765 
X^694:  96 128 208 216 256 304 344 368 400 408 416 440 448 456 480 488 520 544 552 560 592 600 648 656 664 672 680 696 704 720 736 752 760 
X^695:  187 203 219 227 251 315 331 339 347 363 387 411 427 475 491 499 523 555 571 651 659 683 691 715 723 731 739 747 
X^696:  94 126 206 214 302 318 326 334 366 382 398 406 422 438 454 470 478 550 574 582 598 646 654 662 678 694 718 750 
X^697:  97 129 193 201 217 305 329 345 353 369 401 441 449 457 473 481 497 505 545 553 561 569 577 585 601 625 633 641 665 673 681 713 721 729 737 745 753 761 769 
X^698:  92 124 196 212 220 228 236 244 252 300 308 324 332 340 364 372 396 412 428 452 460 476 484 524 532 540 548 556 588 596 604 612 628 644 652 660 676 684 700 708 724 756 764 772 
X^699:  183 191 215 239 311 319 335 359 367 383 407 439 463 479 487 495 503 511 551 567 583 591 599 607 615 623 735 743 751 767 
X^700:  90 122 194 202 218 242 250 258 298 306 322 330 346 354 362 370 386 394 410 418 426 434 450 506 514 546 554 586 610 618 634 658 666 674 690 698 738 754 
X^701:  85 133 213 221 229 237 245 349 357 373 389 405 413 429 453 469 477 485 501 509 517 533 549 557 581 589 605 613 621 629 637 661 669 677 685 717 741 749 773 
X^702:  88 120 192 224 232 240 256 296 312 320 344 352 360 376 384 392 400 424 464 480 488 496 520 528 536 544 576 592 600 616 648 664 672 680 688 712 752 
X^703:  131 179 187 195 203 235 251 315 355 363 371 403 419 427 443 459 491 499 507 515 563 571 579 603 611 627 635 643 659 675 707 739 747 771 
X^704:  86 118 190 222 230 238 294 318 326 334 350 366 382 390 398 406 430 438 446 454 502 518 534 566 590 606 622 630 646 654 662 678 686 694 726 734 750 758 766 
X^705:  89 97 121 129 185 201 209 233 241 257 297 305 337 361 369 377 393 401 425 433 449 465 497 505 545 553 561 569 577 601 609 649 657 673 705 713 729 745 761 
X^706:  84 116 188 212 228 292 300 308 316 324 340 356 364 372 388 404 412 428 452 460 468 476 508 516 524 532 540 556 564 572 580 596 628 644 668 676 692 708 716 748 756 
X^707:  127 175 191 207 215 223 239 255 367 383 399 415 423 431 447 463 471 519 527 551 567 575 583 599 623 631 639 647 671 703 711 719 743 751 767 
X^708:  186 202 210 218 226 242 290 298 306 314 322 330 346 386 402 418 426 450 474 482 490 498 506 546 562 570 602 610 626 682 698 706 714 746 
X^709:  77 117 125 181 213 221 229 237 245 253 325 349 357 365 373 397 413 429 445 509 533 541 557 581 597 613 621 677 693 725 733 741 749 757 765 
X^710:  256 288 312 320 352 360 368 384 392 400 408 416 424 432 440 448 456 480 488 496 504 512 528 536 552 560 576 600 632 640 656 664 672 712 728 736 744 768 
X^711:  131 171 235 243 299 307 363 387 395 403 419 475 483 491 499 507 515 531 539 563 579 595 603 619 627 635 643 651 667 675 683 707 731 763 771 
X^712:  254 286 302 350 358 366 382 390 398 422 438 454 462 470 486 502 510 518 526 534 550 574 590 598 614 638 646 654 702 710 718 726 742 766 
X^713:  129 177 185 193 233 241 257 289 313 353 361 401 449 465 473 481 489 505 529 545 553 561 569 577 585 601 609 625 641 657 665 673 689 697 705 713 721 729 737 753 761 
X^714:  180 188 196 244 284 292 316 324 348 364 388 404 444 452 468 492 508 532 548 580 628 644 692 708 716 732 748 756 
X^715:  127 167 175 183 191 223 247 255 295 311 359 383 391 399 407 415 431 439 463 503 511 519 535 567 591 607 615 623 639 655 671 679 687 695 759 767 
X^716:  178 226 258 282 290 314 362 370 386 410 426 434 442 450 466 474 482 490 498 506 538 554 562 578 586 610 618 626 650 658 666 674 690 706 714 722 730 738 746 754 762 770 
X^717:  69 133 181 213 229 325 341 349 389 429 437 453 469 485 501 509 517 549 565 597 605 613 637 661 685 701 717 733 741 749 773 
X^718:  176 184 256 280 296 312 320 360 368 384 392 440 456 464 480 488 504 536 544 552 600 616 624 664 688 696 712 728 736 744 760 768 
X^719:  123 131 163 171 179 195 211 235 243 251 259 307 315 355 363 387 395 443 459 467 475 483 507 523 547 563 571 579 635 667 707 731 739 771 
X^720:  174 182 238 246 254 278 350 382 390 422 438 446 462 470 502 510 534 542 558 582 598 606 630 638 646 654 678 694 734 750 
X^721:  121 129 169 193 217 241 249 257 281 289 321 361 369 377 393 433 457 465 473 481 497 505 529 537 545 569 617 641 665 673 697 713 721 729 745 769 
X^722:  132 172 180 196 220 228 236 276 284 292 308 372 380 388 404 436 452 460 492 508 532 548 572 580 596 604 612 636 644 652 660 668 684 716 732 748 772 
X^723:  119 159 175 207 215 223 231 255 295 303 311 359 367 375 383 391 423 471 479 495 503 527 551 559 567 575 591 599 655 671 679 687 695 727 751 759 
X^724:  66 130 170 178 186 194 242 250 274 282 290 306 314 354 362 370 378 386 394 402 410 418 434 442 450 458 466 474 490 506 514 554 586 602 618 634 642 674 682 698 738 746 762 770 
X^725:  61 125 165 173 189 197 205 229 317 333 349 365 373 389 421 437 445 453 461 485 541 549 557 589 597 637 661 669 693 709 733 741 757 773 
X^726:  64 176 184 256 272 320 376 416 424 448 456 480 512 520 528 544 576 584 608 616 624 632 640 664 688 704 712 728 736 744 
X^727:  115 123 131 155 171 179 187 195 211 235 243 283 299 307 363 371 379 395 419 427 443 475 507 515 579 611 627 635 643 651 659 675 723 747 755 771 
X^728:  62 174 182 222 238 254 270 286 294 302 310 350 374 382 390 438 446 462 494 502 510 526 534 550 582 598 606 614 622 630 646 670 678 686 710 718 726 734 742 758 
X^729:  65 113 129 161 169 177 185 209 233 249 273 297 313 321 353 385 425 449 457 465 481 489 497 513 529 545 561 593 601 609 625 649 673 681 697 705 713 721 745 753 769 
X^730:  60 164 180 188 196 220 228 244 252 260 268 276 292 300 324 348 356 372 380 388 396 404 412 420 556 564 572 588 612 620 636 644 652 660 676 684 692 716 740 748 772 
X^731:  111 119 151 159 175 183 231 239 247 255 279 287 303 311 359 367 375 407 431 455 463 519 527 543 559 567 583 591 615 623 639 671 679 687 695 711 719 751 759 767 
X^732:  58 162 170 186 210 218 234 242 258 266 274 290 298 306 314 330 346 362 370 386 410 442 450 474 482 490 498 506 522 554 570 586 602 634 658 666 674 714 722 746 754 
X^733:  53 117 125 133 189 197 229 245 309 317 325 333 341 365 373 381 389 437 461 469 485 493 509 525 557 565 589 613 669 677 709 717 725 741 765 773 
X^734:  56 128 160 192 216 232 240 248 256 264 280 288 304 312 320 328 336 344 352 368 376 384 416 424 432 448 464 488 496 504 512 520 528 544 560 568 576 584 592 608 624 632 648 680 704 720 728 736 768 
X^735:  107 147 155 163 179 195 203 211 227 251 259 283 355 387 395 403 427 443 451 459 523 531 547 555 563 571 579 587 595 611 627 675 683 691 699 739 755 
X^736:  54 126 158 166 190 230 238 246 262 286 294 310 318 326 350 382 390 414 430 454 462 478 494 534 558 598 606 614 638 646 654 662 694 710 718 726 734 742 750 758 
X^737:  57 65 105 113 121 129 153 225 233 249 265 273 305 321 329 345 353 369 377 385 417 449 457 473 497 505 513 521 537 545 561 569 577 585 593 617 625 633 641 649 665 689 697 713 737 
X^738:  52 116 156 164 196 204 244 252 268 276 284 292 300 308 316 340 364 372 380 388 420 436 460 468 476 492 508 548 564 596 620 652 668 676 684 700 716 724 740 756 764 
X^739:  103 111 119 127 143 159 167 175 183 223 231 319 335 351 359 367 391 399 423 431 439 455 471 479 487 511 535 543 559 567 575 583 615 623 631 639 671 695 703 719 735 751 759 767 
X^740:  114 154 162 170 186 194 210 218 242 258 266 274 282 290 322 346 354 362 370 378 402 410 426 434 450 458 482 498 506 530 546 554 578 594 618 650 666 674 690 730 738 746 754 770 
X^741:  45 109 149 165 173 181 189 197 205 213 221 245 253 261 293 301 317 325 357 365 381 389 405 413 421 429 437 445 453 469 501 517 533 549 573 645 653 669 677 685 693 701 709 717 725 733 749 757 773 
X^742:  160 192 224 232 248 280 288 296 304 328 352 360 384 392 416 432 448 480 488 496 528 552 584 600 608 648 680 688 712 728 736 752 
X^743:  99 131 139 163 171 179 211 219 227 235 251 267 275 299 315 331 339 347 363 395 411 419 435 443 491 507 515 523 531 555 571 579 603 611 635 643 691 699 707 747 755 763 771 
X^744:  190 222 230 238 246 254 270 294 302 318 326 334 350 366 390 406 438 462 470 486 502 510 526 534 542 558 566 574 606 622 662 686 710 718 726 750 758 
X^745:  97 129 145 153 177 193 201 217 225 233 241 257 281 305 321 329 337 361 369 385 417 425 449 457 465 489 497 505 521 529 537 545 553 569 577 625 641 649 657 665 673 681 689 697 705 721 729 745 761 
X^746:  148 156 164 220 236 252 260 284 300 308 316 332 340 356 380 388 396 420 468 476 484 500 516 524 540 556 564 572 580 588 596 612 644 660 668 676 684 692 708 716 724 732 740 748 772 
X^747:  95 135 143 151 167 191 199 207 215 231 247 263 279 295 311 319 327 335 343 351 383 391 407 415 439 463 471 487 503 511 519 543 567 591 599 631 639 695 703 727 743 767 
X^748:  130 146 186 210 234 242 250 282 290 298 306 314 322 330 346 354 370 378 386 418 426 450 466 474 482 490 514 522 562 594 602 618 626 634 682 690 706 714 722 730 746 770 
X^749:  37 101 117 149 173 189 197 237 245 253 261 301 325 341 349 357 365 373 397 405 413 421 429 453 501 517 525 533 541 557 565 581 597 605 629 645 693 701 709 717 741 765 773 
X^750:  144 152 176 192 208 216 224 232 240 264 280 296 304 312 320 328 344 352 368 408 416 424 432 440 448 496 512 536 544 568 592 656 664 680 688 696 704 720 736 744 760 768 
X^751:  91 99 115 123 139 147 155 163 187 195 219 243 275 283 307 315 323 339 355 363 379 387 395 427 435 459 467 475 491 499 515 523 539 547 571 579 587 595 651 659 667 683 699 707 723 731 739 771 
X^752:  142 150 174 190 222 238 286 294 302 310 326 334 342 358 366 374 382 406 430 438 446 494 502 510 526 534 542 582 590 622 638 662 694 702 742 758 766 
X^753:  89 97 137 153 169 177 193 201 209 233 249 289 297 305 313 321 337 353 369 385 401 409 417 449 457 473 481 489 505 529 585 593 601 609 617 625 633 649 657 665 673 681 697 713 729 753 761 769 
X^754:  100 124 140 148 180 188 196 212 220 228 236 244 252 260 276 284 300 308 316 332 348 356 364 372 380 396 412 460 476 484 492 500 508 556 572 580 588 612 628 652 660 700 716 732 740 
X^755:  87 111 127 143 151 159 167 175 199 207 215 239 255 263 271 279 303 319 351 359 367 375 383 391 415 439 447 479 511 543 551 575 591 599 607 631 647 655 663 687 727 735 743 
X^756:  34 66 98 138 146 154 162 178 186 202 218 226 250 274 298 306 314 346 354 362 386 402 418 426 450 474 482 498 506 514 522 538 546 554 578 586 602 610 618 634 658 698 706 714 738 762 
X^757:  29 69 93 109 125 141 157 165 173 189 197 221 229 237 253 301 317 341 349 365 413 429 437 445 469 477 493 509 533 541 557 597 629 637 661 669 693 709 725 741 757 765 
X^758:  32 64 128 144 152 160 208 224 232 240 280 304 320 336 352 368 392 400 416 424 432 464 480 488 496 504 512 520 544 568 576 640 656 672 704 728 736 744 752 
X^759:  83 91 99 123 131 139 155 163 179 203 219 235 259 267 275 283 299 347 355 363 371 395 403 411 419 427 459 475 483 507 523 539 555 563 579 595 619 651 715 723 731 739 
X^760:  30 62 142 150 158 222 230 238 254 262 270 302 334 350 358 374 382 390 398 430 454 470 486 494 502 510 534 550 566 574 614 622 638 662 678 686 694 718 750 
X^761:  33 65 81 97 121 137 153 161 177 209 217 225 249 257 265 281 289 305 337 377 385 393 401 417 425 441 449 457 473 521 529 537 553 561 569 577 585 609 633 641 665 681 697 705 713 745 753 761 769 
X^762:  28 60 148 164 172 180 188 212 260 268 276 300 308 316 332 340 348 356 380 404 412 436 444 452 460 468 476 508 516 532 556 564 572 580 604 612 628 652 660 676 692 716 724 756 764 772 
X^763:  79 87 111 151 175 183 191 207 223 231 247 255 271 295 303 335 343 383 391 399 407 423 431 447 455 463 471 479 487 535 551 559 567 583 591 615 639 647 663 679 711 743 767 
X^764:  26 58 114 138 186 218 226 266 282 290 306 314 330 338 370 378 402 426 434 466 490 498 514 522 530 538 546 562 570 594 602 618 642 650 666 674 682 690 698 738 762 770 
X^765:  21 69 85 93 117 133 157 173 181 197 229 237 245 261 285 301 325 349 357 365 373 389 397 405 429 437 445 453 461 469 477 509 517 533 549 573 605 629 653 685 693 709 733 749 757 765 773 
X^766:  24 56 96 152 160 168 176 200 208 216 280 288 304 320 344 360 368 376 384 400 416 424 432 472 488 496 504 520 544 560 568 592 600 608 616 624 648 672 704 712 752 
X^767:  67 75 99 123 131 139 163 195 203 211 219 243 291 299 307 315 379 395 403 419 435 451 459 475 515 539 547 563 579 587 595 603 627 635 667 683 691 699 707 715 731 739 747 763 771 
X^768:  6 22 54 94 118 126 150 158 166 174 182 190 198 206 214 222 230 254 270 286 294 302 310 318 342 358 366 374 382 390 398 406 422 446 478 494 502 510 526 534 566 574 590 598 606 614 622 630 638 662 678 686 710 718 734 750 
X^769:  25 33 57 65 73 81 89 97 105 121 129 137 145 153 161 169 177 193 201 209 241 249 273 305 313 321 361 385 401 409 417 425 433 449 457 465 481 489 505 513 569 577 585 593 601 617 633 641 649 657 665 673 681 697 721 729 753 761 769 
X^770:  4 20 52 84 108 124 132 164 172 180 188 204 220 236 244 252 260 276 300 308 316 332 340 364 380 404 412 420 436 444 452 476 484 492 532 540 556 572 588 612 620 628 636 644 668 676 684 716 724 740 748 764 772 
X^771:  63 71 79 87 103 111 119 143 151 207 223 247 311 319 335 343 383 391 407 423 447 455 479 487 503 511 519 575 583 607 631 647 671 679 703 711 719 727 743 751 767 
X^772:  2 82 122 130 138 146 154 162 218 226 258 266 282 290 306 330 338 346 370 378 394 410 418 450 474 490 498 546 578 586 594 602 618 634 666 674 682 690 698 722 730 746 762 770 
X^773:  5 13 53 61 77 93 117 125 141 149 165 229 237 253 293 301 333 341 349 357 365 373 389 397 413 421 429 453 461 469 477 493 517 525 549 581 605 621 629 637 653 661 677 685 701 717 725 733 741 749 765 773 
X^774:  0 
checksum: 6219416