457
X^0:  458 
X^1:  
X^2:  456 
X^3:  
X^4:  
X^5:  
X^6:  
X^7:  
X^8:  450 
X^9:  
X^10:  448 
X^11:  
X^12:  
X^13:  
X^14:  
X^15:  
X^16:  
X^17:  457 
X^18:  456 
X^19:  
X^20:  
X^21:  
X^22:  
X^23:  
X^24:  450 
X^25:  449 
X^26:  456 
X^27:  455 
X^28:  454 
X^29:  
X^30:  452 
X^31:  451 
X^32:  450 
X^33:  441 457 
X^34:  440 448 456 
X^35:  447 
X^36:  446 454 
X^37:  
X^38:  444 452 
X^39:  443 
X^40:  434 442 450 
X^41:  433 449 457 
X^42:  
X^43:  
X^44:  
X^45:  
X^46:  
X^47:  
X^48:  
X^49:  425 
X^50:  424 456 
X^51:  
X^52:  454 
X^53:  
X^54:  452 
X^55:  
X^56:  418 450 
X^57:  417 
X^58:  424 
X^59:  423 
X^60:  422 
X^61:  
X^62:  420 
X^63:  419 
X^64:  394 418 
X^65:  409 425 
X^66:  392 408 416 424 440 
X^67:  415 455 
X^68:  414 422 438 454 
X^69:  
X^70:  412 420 436 
X^71:  411 451 
X^72:  386 402 410 418 434 
X^73:  401 417 425 457 
X^74:  384 
X^75:  
X^76:  446 454 
X^77:  453 
X^78:  444 452 
X^79:  
X^80:  442 
X^81:  
X^82:  440 
X^83:  
X^84:  438 446 
X^85:  445 
X^86:  436 444 452 
X^87:  
X^88:  434 450 
X^89:  449 457 
X^90:  432 448 456 
X^91:  455 
X^92:  430 438 454 
X^93:  437 
X^94:  428 436 452 
X^95:  451 
X^96:  442 450 
X^97:  457 
X^98:  
X^99:  455 
X^100:  422 430 438 454 
X^101:  429 453 
X^102:  420 428 452 
X^103:  
X^104:  434 450 
X^105:  433 441 457 
X^106:  448 
X^107:  
X^108:  414 422 446 454 
X^109:  421 
X^110:  412 420 
X^111:  451 
X^112:  410 
X^113:  425 449 
X^114:  408 424 440 456 
X^115:  439 447 455 
X^116:  406 414 446 454 
X^117:  413 445 453 
X^118:  404 412 420 
X^119:  435 451 
X^120:  402 434 450 
X^121:  425 441 449 457 
X^122:  400 416 
X^123:  
X^124:  398 406 446 454 
X^125:  405 437 453 
X^126:  396 404 428 436 444 
X^127:  435 451 
X^128:  330 410 426 450 
X^129:  409 433 441 449 
X^130:  328 408 416 424 440 448 
X^131:  415 431 439 447 455 
X^132:  390 398 406 414 422 454 
X^133:  397 421 437 445 453 
X^134:  388 396 412 420 428 436 444 452 
X^135:  411 419 435 
X^136:  322 410 434 
X^137:  409 417 425 441 
X^138:  320 
X^139:  447 
X^140:  382 390 
X^141:  389 453 
X^142:  380 388 452 
X^143:  443 
X^144:  378 442 450 
X^145:  329 
X^146:  328 376 440 448 456 
X^147:  439 
X^148:  374 382 446 454 
X^149:  381 445 
X^150:  372 380 388 
X^151:  435 
X^152:  322 370 386 434 450 
X^153:  321 385 393 
X^154:  328 368 384 392 432 456 
X^155:  327 391 431 455 
X^156:  326 366 374 390 446 454 
X^157:  373 437 453 
X^158:  324 364 372 388 436 444 
X^159:  323 387 427 
X^160:  322 378 386 426 434 
X^161:  313 329 393 441 
X^162:  312 320 328 424 432 
X^163:  319 391 423 455 
X^164:  318 326 358 366 374 390 430 
X^165:  365 389 429 445 
X^166:  316 324 356 364 388 436 444 452 
X^167:  315 419 443 
X^168:  306 314 322 370 386 418 442 450 
X^169:  305 321 329 369 377 393 433 
X^170:  384 416 440 
X^171:  415 439 447 
X^172:  350 358 382 390 438 
X^173:  357 421 
X^174:  348 356 420 436 
X^175:  387 411 435 443 451 
X^176:  346 410 418 434 450 
X^177:  297 361 385 441 449 457 
X^178:  296 328 344 360 376 392 408 416 424 432 448 
X^179:  375 383 391 407 431 439 447 455 
X^180:  326 342 350 382 390 414 422 430 454 
X^181:  349 381 389 413 453 
X^182:  324 340 348 356 428 
X^183:  371 387 403 427 435 451 
X^184:  290 322 338 370 386 402 418 426 450 
X^185:  289 361 377 385 393 433 441 449 
X^186:  296 336 352 400 448 
X^187:  295 399 431 
X^188:  294 334 342 382 390 414 
X^189:  341 373 389 405 421 
X^190:  292 332 340 364 372 380 404 412 420 444 
X^191:  291 371 387 395 419 427 435 451 
X^192:  266 290 346 362 386 402 418 434 
X^193:  281 297 345 369 377 385 409 425 433 441 449 
X^194:  264 280 288 296 312 344 352 360 376 384 400 416 432 440 448 456 
X^195:  287 327 351 367 375 383 415 431 439 447 455 
X^196:  286 294 310 334 342 350 358 390 398 414 446 454 
X^197:  333 357 373 381 389 397 413 437 
X^198:  284 292 308 324 332 348 356 364 372 380 388 404 420 436 444 
X^199:  283 323 347 355 371 387 419 435 451 
X^200:  258 274 282 290 306 346 370 418 442 450 
X^201:  273 289 297 329 345 353 361 377 401 417 425 433 449 
X^202:  256 432 440 
X^203:  455 
X^204:  430 438 446 454 
X^205:  445 
X^206:  428 436 452 
X^207:  443 451 
X^208:  426 434 442 450 
X^209:  393 441 457 
X^210:  392 424 432 456 
X^211:  447 
X^212:  422 430 446 
X^213:  
X^214:  420 428 436 444 
X^215:  451 
X^216:  386 418 426 
X^217:  385 433 449 
X^218:  392 416 424 432 
X^219:  391 431 455 
X^220:  390 414 422 430 
X^221:  429 437 453 
X^222:  388 412 420 444 
X^223:  387 435 451 
X^224:  386 410 418 426 
X^225:  377 393 425 441 
X^226:  376 384 392 408 416 424 432 440 448 
X^227:  383 423 431 439 447 
X^228:  382 390 406 414 422 438 446 454 
X^229:  429 453 
X^230:  380 388 404 412 436 444 452 
X^231:  379 419 427 443 
X^232:  370 378 386 402 410 418 442 
X^233:  369 385 393 417 425 449 457 
X^234:  400 408 416 440 456 
X^235:  423 439 447 455 
X^236:  398 406 414 422 438 
X^237:  413 437 445 
X^238:  396 404 420 436 452 
X^239:  411 419 435 
X^240:  394 402 418 434 442 450 
X^241:  361 409 425 441 449 
X^242:  360 400 408 424 448 
X^243:  415 439 447 
X^244:  398 414 422 446 454 
X^245:  429 453 
X^246:  396 404 412 
X^247:  419 435 443 
X^248:  354 394 402 418 434 450 
X^249:  353 401 417 425 457 
X^250:  360 384 392 416 432 448 456 
X^251:  359 399 431 439 447 
X^252:  358 382 390 398 414 438 
X^253:  397 405 429 437 445 
X^254:  356 380 388 428 436 
X^255:  355 403 435 443 
X^256:  202 354 378 386 410 426 442 450 
X^257:  345 361 393 433 441 449 
X^258:  200 344 352 360 384 400 408 424 440 448 
X^259:  351 399 407 415 423 447 455 
X^260:  350 358 382 406 446 
X^261:  397 413 437 445 
X^262:  348 356 380 452 
X^263:  347 395 411 427 443 
X^264:  194 338 346 354 378 402 426 442 450 
X^265:  337 353 361 385 401 409 425 457 
X^266:  192 368 376 408 440 456 
X^267:  391 407 415 439 447 
X^268:  366 374 406 422 446 454 
X^269:  381 389 453 
X^270:  364 372 380 404 420 428 444 452 
X^271:  379 387 403 411 419 435 
X^272:  362 370 386 402 418 426 
X^273:  201 329 377 393 409 417 441 
X^274:  200 328 360 368 376 392 400 416 432 
X^275:  383 399 407 415 423 431 447 
X^276:  358 366 374 398 414 422 430 438 454 
X^277:  381 421 
X^278:  356 364 388 396 412 420 428 436 
X^279:  387 395 403 419 427 
X^280:  194 322 354 362 370 386 394 434 
X^281:  193 321 369 393 401 409 457 
X^282:  200 328 352 360 384 416 424 440 
X^283:  199 327 367 391 399 423 439 447 
X^284:  198 326 350 358 374 406 438 454 
X^285:  365 389 429 437 
X^286:  196 324 348 356 364 372 380 404 428 
X^287:  195 323 371 387 395 403 435 451 
X^288:  194 322 346 354 362 378 402 410 426 450 
X^289:  185 201 313 329 361 377 401 417 425 433 441 449 457 
X^290:  184 192 200 312 320 328 344 352 360 368 376 400 432 456 
X^291:  191 319 359 367 375 399 407 423 455 
X^292:  190 198 318 326 342 350 366 398 406 430 438 454 
X^293:  405 421 445 
X^294:  188 196 316 324 340 348 356 364 372 396 404 452 
X^295:  187 315 355 363 387 403 411 435 443 451 
X^296:  178 186 194 306 314 322 338 346 354 370 386 410 434 450 
X^297:  177 193 201 305 321 329 353 361 369 377 393 417 425 433 441 
X^298:  336 344 352 384 392 400 416 432 
X^299:  359 391 407 415 431 439 
X^300:  334 342 382 398 406 414 438 
X^301:  349 357 373 381 413 421 
X^302:  332 340 348 404 436 452 
X^303:  347 355 379 403 411 427 443 451 
X^304:  330 338 346 354 378 402 450 
X^305:  169 297 345 385 417 425 433 441 449 457 
X^306:  168 200 296 336 368 376 408 416 440 448 456 
X^307:  351 367 375 383 399 407 415 423 455 
X^308:  198 334 342 358 366 382 406 414 422 430 
X^309:  349 365 381 389 429 437 445 
X^310:  196 332 356 364 380 404 412 428 436 452 
X^311:  355 363 371 379 395 403 411 427 443 
X^312:  162 194 290 330 354 362 386 394 410 434 450 
X^313:  161 289 337 353 369 385 401 417 433 449 457 
X^314:  168 296 320 328 336 360 368 384 392 440 448 
X^315:  167 295 335 359 375 383 391 399 431 
X^316:  166 294 318 326 342 350 358 398 430 438 446 
X^317:  333 365 381 389 405 421 445 
X^318:  164 292 316 324 332 340 356 372 388 396 404 420 428 436 444 452 
X^319:  163 291 339 355 363 371 379 387 403 411 435 451 
X^320:  138 162 290 314 322 354 370 378 386 402 418 426 434 
X^321:  153 169 281 297 329 345 361 369 385 417 425 
X^322:  136 152 160 168 184 280 288 296 320 336 368 376 384 392 400 432 448 456 
X^323:  159 199 287 335 343 351 391 415 423 431 447 455 
X^324:  158 166 182 198 286 294 318 326 334 358 366 390 406 414 446 454 
X^325:  349 357 373 421 445 453 
X^326:  156 164 180 284 292 316 324 332 356 372 396 412 420 428 436 452 
X^327:  155 195 283 331 347 363 411 419 435 451 
X^328:  130 146 154 162 178 274 282 290 314 338 362 378 394 402 418 426 450 
X^329:  145 161 169 201 273 289 297 321 337 361 377 393 441 
X^330:  128 304 312 400 424 
X^331:  327 383 
X^332:  190 198 302 310 318 326 422 430 438 
X^333:  197 317 389 405 421 437 445 
X^334:  188 196 300 308 324 388 420 436 452 
X^335:  315 323 379 435 
X^336:  186 298 306 314 322 386 394 410 426 450 
X^337:  265 313 329 417 425 457 
X^338:  184 264 296 304 328 384 392 408 424 432 448 
X^339:  319 375 415 431 447 455 
X^340:  182 190 294 302 318 382 390 414 422 430 438 454 
X^341:  189 381 397 
X^342:  180 188 196 292 300 308 316 388 412 420 436 
X^343:  323 371 411 427 443 
X^344:  178 194 258 290 298 402 410 418 426 434 442 
X^345:  193 201 257 305 321 393 417 425 433 441 449 457 
X^346:  176 192 200 264 288 296 304 400 408 424 432 440 448 
X^347:  199 263 303 327 367 391 407 423 447 455 
X^348:  174 182 198 262 286 294 302 406 414 422 430 438 
X^349:  181 301 309 325 373 
X^350:  172 180 196 260 284 292 316 372 388 404 412 436 444 
X^351:  195 259 307 323 363 403 427 435 451 
X^352:  186 194 258 282 290 298 370 386 426 434 442 450 
X^353:  201 249 265 297 313 393 401 409 425 
X^354:  248 256 264 280 288 296 304 312 320 368 384 408 424 448 456 
X^355:  199 255 295 303 311 319 359 423 439 455 
X^356:  166 174 182 198 254 262 278 286 294 310 318 326 366 374 382 398 406 422 438 454 
X^357:  173 197 301 325 365 389 397 
X^358:  164 172 196 252 260 276 284 308 316 324 372 388 396 404 412 420 452 
X^359:  251 291 299 315 355 379 411 419 427 443 
X^360:  178 194 242 250 258 274 282 290 314 370 386 394 402 410 418 434 450 
X^361:  177 185 201 241 257 265 289 297 321 329 377 385 401 409 417 441 449 
X^362:  192 272 280 288 312 328 368 384 392 400 408 416 432 456 
X^363:  295 311 319 327 351 407 415 423 439 447 455 
X^364:  158 166 190 198 270 278 286 294 310 382 390 438 
X^365:  165 285 309 317 357 373 437 453 
X^366:  156 164 268 276 292 308 324 356 380 388 396 404 412 
X^367:  195 283 291 307 347 403 443 
X^368:  154 266 274 290 306 314 322 354 362 402 410 434 442 450 
X^369:  169 193 233 281 297 313 321 385 393 409 425 
X^370:  152 168 184 200 232 272 280 296 320 352 360 392 408 416 424 456 
X^371:  183 191 199 287 311 319 343 383 399 415 431 439 455 
X^372:  150 158 190 198 270 286 294 318 326 350 358 374 382 390 398 406 414 430 454 
X^373:  157 189 197 301 325 349 365 381 397 437 445 
X^374:  148 156 164 268 276 284 356 372 380 388 396 404 412 420 428 436 444 
X^375:  179 195 291 307 315 339 379 419 427 435 443 
X^376:  146 178 194 226 266 274 290 306 322 378 386 410 434 450 
X^377:  169 185 193 201 225 273 289 297 329 361 385 409 417 425 441 457 
X^378:  144 160 232 256 264 288 304 320 328 376 384 408 424 432 456 
X^379:  231 271 303 311 319 335 359 375 407 439 447 
X^380:  142 150 190 198 230 254 262 270 286 310 366 374 414 422 430 
X^381:  149 181 197 269 277 301 309 317 341 373 389 397 421 429 453 
X^382:  140 148 172 180 188 228 252 260 300 308 340 356 364 372 428 436 
X^383:  179 195 227 275 307 315 331 371 403 411 
X^384:  74 154 170 194 226 250 258 282 298 314 322 338 354 362 378 386 402 418 450 
X^385:  153 177 185 193 217 233 265 305 313 321 361 369 377 449 
X^386:  72 152 160 168 184 192 216 224 232 256 272 280 296 312 320 336 352 360 376 384 400 416 424 432 448 456 
X^387:  159 175 183 191 199 223 271 279 287 295 319 415 439 447 455 
X^388:  134 142 150 158 166 198 222 230 254 278 318 334 342 350 358 366 374 398 422 438 446 454 
X^389:  141 165 181 189 197 269 285 309 317 333 357 381 413 437 453 
X^390:  132 140 156 164 172 180 188 196 220 228 252 324 340 364 372 404 412 420 444 452 
X^391:  155 163 179 219 267 283 299 315 323 347 403 419 427 435 
X^392:  66 154 178 210 218 226 250 274 298 314 322 338 362 370 410 418 426 434 
X^393:  153 161 169 185 209 225 233 257 273 281 297 329 345 353 369 409 417 425 433 441 457 
X^394:  64 240 248 280 312 328 336 360 400 456 
X^395:  191 263 279 287 311 415 447 455 
X^396:  126 134 238 246 278 294 318 326 358 366 374 414 430 
X^397:  133 197 253 261 341 357 373 381 405 413 421 445 
X^398:  124 132 196 236 244 252 276 292 300 316 356 372 388 404 412 428 436 444 452 
X^399:  187 251 259 275 283 291 307 315 371 403 411 435 451 
X^400:  122 186 194 234 242 258 274 290 298 322 330 346 362 386 394 402 434 450 
X^401:  73 201 249 265 281 289 313 353 361 425 449 
X^402:  72 120 184 192 232 240 248 264 272 288 304 320 328 344 360 368 384 400 408 432 440 448 456 
X^403:  183 255 271 279 287 295 303 311 319 351 367 383 391 399 431 447 455 
X^404:  118 126 190 198 230 238 246 270 286 294 302 310 318 350 358 366 374 390 398 406 414 422 430 438 446 
X^405:  125 189 253 293 317 333 397 413 421 437 445 
X^406:  116 124 132 228 236 260 268 284 292 300 308 324 348 356 372 404 412 420 452 
X^407:  179 259 267 275 291 299 307 347 363 379 419 443 
X^408:  66 114 130 178 226 234 242 258 266 306 338 346 354 362 370 378 402 418 442 
X^409:  65 129 137 193 241 265 273 281 353 361 369 377 393 441 457 
X^410:  72 112 128 136 176 224 232 256 288 296 312 336 344 360 368 376 392 424 432 440 
X^411:  71 135 175 239 263 271 295 303 311 319 327 343 359 383 399 415 447 455 
X^412:  70 110 118 134 190 222 230 246 278 310 326 342 350 358 366 374 390 398 406 422 454 
X^413:  117 181 197 237 261 301 389 397 405 421 429 445 453 
X^414:  68 108 116 132 180 188 196 220 228 236 244 252 276 300 308 324 340 348 372 380 396 404 420 428 436 
X^415:  67 131 171 195 243 259 267 275 299 307 323 339 363 371 387 395 411 419 427 
X^416:  66 122 130 170 178 194 218 226 234 250 274 282 298 306 362 370 386 426 434 
X^417:  57 73 137 201 233 249 273 289 297 305 313 321 337 345 361 377 393 433 441 449 
X^418:  56 64 72 168 176 184 192 200 216 224 232 240 248 272 320 328 344 360 384 392 408 432 448 456 
X^419:  63 135 167 191 199 231 239 247 271 279 327 359 375 391 407 415 423 439 455 
X^420:  62 70 102 110 118 134 174 190 198 214 222 238 270 278 318 326 334 342 358 374 390 406 414 422 430 446 454 
X^421:  109 133 173 189 277 293 301 317 325 333 381 397 405 413 429 
X^422:  60 68 100 108 132 180 212 220 228 236 244 268 276 308 332 340 348 356 380 388 404 412 420 436 444 452 
X^423:  59 163 227 235 259 275 283 291 307 323 347 355 363 419 443 
X^424:  50 58 66 114 130 162 178 210 218 226 242 258 282 330 338 346 354 370 378 386 410 426 434 
X^425:  49 65 73 113 121 137 193 201 225 233 241 249 265 289 297 305 321 337 345 353 369 377 393 401 433 441 
X^426:  128 160 184 208 216 224 256 264 272 288 320 328 336 344 352 392 416 424 440 448 456 
X^427:  159 183 191 231 263 279 303 311 343 351 359 375 391 415 431 439 455 
X^428:  94 102 126 134 182 206 214 254 270 278 286 310 318 326 374 382 398 414 438 446 
X^429:  101 165 221 229 245 253 285 309 381 413 421 437 445 453 
X^430:  92 100 164 180 204 212 220 276 292 308 316 332 340 348 372 380 396 404 420 444 
X^431:  131 155 179 187 195 219 227 251 275 299 315 323 339 371 403 427 435 
X^432:  90 154 162 178 194 202 210 218 226 250 274 290 298 322 338 346 362 378 386 402 410 418 442 
X^433:  41 105 129 169 185 193 201 217 257 289 297 305 313 345 393 417 425 441 449 457 
X^434:  40 72 88 104 120 136 152 160 176 192 208 240 248 280 296 312 320 344 352 360 368 376 392 400 416 424 
X^435:  119 127 135 151 175 183 191 199 223 239 247 255 271 287 295 319 327 335 351 375 391 399 431 439 447 
X^436:  70 86 94 126 134 158 166 174 198 206 214 230 238 254 278 302 310 318 326 334 342 350 374 382 398 414 422 438 446 454 
X^437:  93 125 133 157 197 221 237 253 261 285 309 333 365 373 389 405 429 445 453 
X^438:  68 84 92 100 172 204 228 236 252 276 284 292 300 316 332 340 348 356 364 388 404 428 436 444 452 
X^439:  115 131 147 171 179 195 227 235 243 251 267 283 299 355 363 371 379 387 419 427 435 
X^440:  34 66 82 114 130 146 170 194 202 226 234 258 266 282 306 314 346 402 410 426 442 
X^441:  33 105 121 129 137 161 177 185 193 209 225 241 257 273 289 297 305 329 345 361 377 393 409 417 425 433 441 
X^442:  40 80 96 144 168 200 208 232 240 256 264 344 352 368 408 432 440 456 
X^443:  39 143 167 175 207 231 247 255 263 295 303 311 343 359 367 375 407 423 455 
X^444:  38 78 86 126 134 158 166 190 198 214 222 230 270 318 350 374 390 398 422 430 438 
X^445:  85 117 133 149 165 205 237 253 261 293 309 317 325 333 373 397 405 413 429 437 
X^446:  36 76 84 108 116 124 148 156 196 204 212 228 244 260 268 316 324 388 404 420 428 436 
X^447:  35 115 131 139 171 179 195 211 227 235 243 251 259 267 275 283 323 339 347 363 379 387 395 403 411 435 451 
X^448:  10 34 90 106 130 146 178 186 194 226 242 250 258 306 314 322 338 346 354 386 402 418 426 
X^449:  25 41 89 113 121 129 177 185 193 201 217 233 241 257 289 305 313 345 361 385 401 417 433 457 
X^450:  8 24 32 40 56 88 96 104 120 128 144 152 168 176 184 200 208 240 248 256 264 288 296 304 312 328 336 352 360 368 376 384 400 456 
X^451:  31 71 95 111 119 127 175 183 191 199 207 215 223 287 295 303 319 327 351 399 447 
X^452:  30 38 54 78 86 94 102 134 142 166 206 230 238 262 270 294 302 310 318 326 334 358 390 398 406 422 438 454 
X^453:  77 101 117 125 133 141 157 181 221 229 245 269 325 365 381 389 413 429 437 
X^454:  28 36 52 68 76 92 100 108 116 124 132 148 156 180 196 204 228 244 268 276 284 292 324 340 356 372 388 412 420 436 452 
X^455:  27 67 91 99 115 131 155 163 179 195 203 219 235 259 291 307 323 339 347 355 363 371 387 395 403 411 419 427 443 
X^456:  2 18 26 34 50 90 114 146 154 194 210 234 250 266 290 306 322 354 362 370 378 386 394 402 418 426 442 450 
X^457:  17 33 41 73 89 97 105 121 177 209 233 249 265 281 289 305 313 337 345 377 393 409 433 449 457 
X^458:  0 
checksum: 1185169