647
X^0:  648 
X^1:  
X^2:  
X^3:  
X^4:  
X^5:  
X^6:  646 
X^7:  647 
X^8:  640 
X^9:  
X^10:  
X^11:  
X^12:  
X^13:  
X^14:  
X^15:  647 
X^16:  
X^17:  
X^18:  
X^19:  
X^20:  
X^21:  645 
X^22:  
X^23:  639 647 
X^24:  
X^25:  
X^26:  
X^27:  643 
X^28:  
X^29:  645 
X^30:  
X^31:  631 647 
X^32:  
X^33:  641 
X^34:  
X^35:  635 
X^36:  
X^37:  629 637 
X^38:  646 
X^39:  623 631 647 
X^40:  
X^41:  
X^42:  
X^43:  643 
X^44:  
X^45:  637 
X^46:  646 
X^47:  615 631 639 647 
X^48:  
X^49:  641 
X^50:  
X^51:  643 
X^52:  644 
X^53:  613 637 
X^54:  638 
X^55:  607 615 623 639 
X^56:  
X^57:  633 641 
X^58:  642 
X^59:  611 
X^60:  
X^61:  613 621 629 637 
X^62:  630 638 
X^63:  599 623 639 
X^64:  640 
X^65:  609 625 633 
X^66:  634 642 
X^67:  603 619 627 643 
X^68:  628 
X^69:  597 605 629 
X^70:  614 622 646 
X^71:  591 599 607 615 631 639 
X^72:  
X^73:  
X^74:  
X^75:  627 643 
X^76:  
X^77:  629 637 645 
X^78:  
X^79:  583 615 639 
X^80:  
X^81:  625 641 
X^82:  
X^83:  619 
X^84:  
X^85:  581 613 621 645 
X^86:  630 
X^87:  575 583 607 615 623 631 
X^88:  640 
X^89:  633 
X^90:  642 
X^91:  579 627 643 
X^92:  644 
X^93:  581 637 
X^94:  630 
X^95:  567 583 599 639 647 
X^96:  616 632 640 
X^97:  577 
X^98:  634 642 
X^99:  571 619 627 635 643 
X^100:  628 636 
X^101:  565 573 597 637 
X^102:  582 614 622 638 646 
X^103:  559 567 583 591 599 615 631 647 
X^104:  608 
X^105:  617 625 
X^106:  626 642 
X^107:  579 595 611 627 635 
X^108:  636 644 
X^109:  573 597 621 637 645 
X^110:  582 614 622 630 646 
X^111:  551 567 575 599 623 647 
X^112:  624 640 
X^113:  577 593 617 625 633 
X^114:  618 626 634 
X^115:  579 587 603 611 619 627 635 
X^116:  580 612 636 
X^117:  549 573 581 589 637 
X^118:  574 598 606 622 638 646 
X^119:  543 551 559 583 599 615 639 647 
X^120:  608 
X^121:  569 577 601 625 
X^122:  578 610 626 634 
X^123:  547 611 619 627 635 
X^124:  612 620 628 
X^125:  549 557 565 573 589 605 613 621 629 645 
X^126:  566 574 614 630 
X^127:  535 559 567 575 583 591 607 631 647 
X^128:  520 576 600 608 624 640 
X^129:  545 561 569 593 
X^130:  570 578 602 610 618 642 
X^131:  539 555 563 579 587 603 611 
X^132:  564 604 620 644 
X^133:  533 541 589 597 621 637 645 
X^134:  518 550 558 582 614 622 630 646 
X^135:  519 527 535 543 551 559 607 615 623 631 647 
X^136:  512 640 
X^137:  
X^138:  
X^139:  643 
X^140:  
X^141:  637 645 
X^142:  
X^143:  631 639 
X^144:  632 
X^145:  
X^146:  
X^147:  643 
X^148:  636 
X^149:  
X^150:  638 646 
X^151:  623 639 647 
X^152:  624 
X^153:  633 641 
X^154:  642 
X^155:  
X^156:  628 644 
X^157:  621 637 645 
X^158:  630 
X^159:  615 623 
X^160:  616 632 
X^161:  633 641 
X^162:  634 642 
X^163:  619 627 
X^164:  
X^165:  621 629 
X^166:  630 
X^167:  607 623 639 647 
X^168:  608 624 
X^169:  633 641 
X^170:  642 
X^171:  611 627 
X^172:  
X^173:  605 613 645 
X^174:  630 638 646 
X^175:  599 607 615 631 647 
X^176:  600 616 632 640 
X^177:  625 633 641 
X^178:  634 
X^179:  611 619 635 
X^180:  604 636 
X^181:  613 637 645 
X^182:  606 614 622 638 646 
X^183:  591 639 
X^184:  592 608 640 
X^185:  601 609 617 625 
X^186:  610 626 634 642 
X^187:  
X^188:  596 628 636 
X^189:  589 605 621 645 
X^190:  598 622 630 646 
X^191:  583 591 599 623 647 
X^192:  584 616 624 
X^193:  601 609 617 625 641 
X^194:  602 610 618 634 642 
X^195:  587 595 627 635 643 
X^196:  604 620 
X^197:  589 605 621 
X^198:  598 638 
X^199:  575 599 607 615 623 
X^200:  576 608 624 640 
X^201:  617 625 641 
X^202:  626 
X^203:  579 635 
X^204:  612 644 
X^205:  573 581 605 621 629 637 
X^206:  614 630 646 
X^207:  567 575 599 607 615 639 
X^208:  568 600 632 
X^209:  617 641 
X^210:  618 626 634 642 
X^211:  579 603 611 635 
X^212:  572 620 636 
X^213:  605 629 637 645 
X^214:  574 582 614 622 
X^215:  559 575 583 591 615 631 647 
X^216:  560 592 
X^217:  569 577 617 625 641 
X^218:  578 642 
X^219:  595 619 627 635 
X^220:  564 580 636 644 
X^221:  557 573 581 589 597 613 629 645 
X^222:  566 614 622 630 638 
X^223:  551 559 583 591 615 631 
X^224:  552 568 584 616 624 632 
X^225:  569 577 609 625 633 
X^226:  570 578 618 626 642 
X^227:  555 563 595 635 643 
X^228:  588 644 
X^229:  557 565 605 621 629 
X^230:  566 590 598 606 622 630 
X^231:  543 559 583 591 599 623 631 647 
X^232:  544 560 576 624 632 
X^233:  569 577 585 593 601 617 633 
X^234:  578 594 610 618 634 
X^235:  547 563 603 611 627 
X^236:  580 596 620 628 636 
X^237:  541 549 573 581 589 605 637 
X^238:  566 574 598 606 614 646 
X^239:  535 543 551 575 583 599 607 615 647 
X^240:  536 552 576 584 600 608 616 640 
X^241:  561 569 577 585 601 609 641 
X^242:  570 586 594 610 626 642 
X^243:  547 555 579 603 611 619 635 
X^244:  540 572 604 620 636 
X^245:  549 589 597 605 613 629 637 
X^246:  542 550 558 574 590 638 646 
X^247:  527 559 591 599 623 631 639 
X^248:  528 544 560 608 616 624 632 
X^249:  537 545 553 561 601 617 641 
X^250:  546 562 570 578 594 610 618 634 
X^251:  563 579 587 595 603 611 
X^252:  532 564 572 604 612 620 628 636 644 
X^253:  525 541 565 597 605 613 637 645 
X^254:  534 558 566 582 598 606 630 646 
X^255:  519 527 535 551 567 583 615 623 647 
X^256:  520 560 568 600 616 624 
X^257:  537 545 553 561 577 585 593 609 625 633 
X^258:  538 546 554 570 578 594 626 634 
X^259:  523 531 579 587 595 611 627 643 
X^260:  540 588 604 612 620 636 
X^261:  525 541 557 565 573 589 605 629 637 645 
X^262:  534 558 566 574 590 598 
X^263:  511 535 551 559 591 599 623 
X^264:  512 576 592 608 632 
X^265:  601 609 617 625 633 
X^266:  610 
X^267:  515 579 595 627 635 643 
X^268:  612 628 
X^269:  509 517 573 581 605 613 621 
X^270:  598 606 638 
X^271:  503 511 567 575 583 607 647 
X^272:  504 568 584 608 616 640 
X^273:  593 601 609 617 641 
X^274:  602 626 634 642 
X^275:  515 579 587 611 619 
X^276:  508 572 604 628 644 
X^277:  581 613 621 629 637 
X^278:  510 518 574 582 590 606 630 638 646 
X^279:  495 511 519 559 591 607 615 631 647 
X^280:  496 560 576 592 616 632 
X^281:  505 513 569 577 585 593 625 641 
X^282:  514 578 594 602 626 634 642 
X^283:  595 611 619 627 635 
X^284:  500 516 564 596 604 644 
X^285:  493 509 517 557 573 597 613 621 
X^286:  502 566 590 598 614 630 638 646 
X^287:  487 495 551 559 567 583 623 647 
X^288:  488 504 552 592 600 616 624 
X^289:  505 513 569 577 585 593 617 633 641 
X^290:  506 514 570 578 586 610 626 642 
X^291:  491 499 555 563 611 635 643 
X^292:  572 620 628 
X^293:  493 501 557 573 589 629 637 
X^294:  502 566 590 598 606 622 630 638 
X^295:  479 495 511 519 543 567 583 599 623 639 
X^296:  480 496 544 600 608 624 
X^297:  505 513 617 625 641 
X^298:  514 594 618 626 642 
X^299:  483 499 547 595 611 627 635 643 
X^300:  628 
X^301:  477 485 517 541 549 605 613 
X^302:  502 510 518 598 622 630 638 
X^303:  471 479 487 503 519 535 543 583 599 607 615 639 
X^304:  472 488 504 512 536 608 624 632 
X^305:  497 505 513 601 609 617 625 633 
X^306:  506 586 626 642 
X^307:  483 491 507 547 587 611 627 635 
X^308:  476 508 540 596 612 620 636 644 
X^309:  485 509 517 581 605 621 629 
X^310:  478 486 494 510 518 542 550 590 598 630 
X^311:  463 511 527 543 551 575 583 591 607 623 631 
X^312:  464 480 512 528 584 592 600 608 616 632 
X^313:  473 481 489 497 537 545 593 601 609 617 641 
X^314:  482 498 506 514 546 578 594 602 610 626 634 642 
X^315:  595 619 627 
X^316:  468 500 508 532 548 596 604 612 628 644 
X^317:  461 477 493 517 525 541 549 581 589 605 637 
X^318:  470 494 502 518 534 598 630 638 646 
X^319:  455 463 471 495 527 567 583 591 599 623 631 
X^320:  456 488 496 520 536 600 616 632 640 
X^321:  473 481 489 497 513 537 545 577 601 617 
X^322:  474 482 490 506 514 538 546 570 586 602 610 642 
X^323:  459 467 499 507 515 523 531 595 627 
X^324:  476 492 596 636 644 
X^325:  461 477 493 525 533 565 573 605 621 629 637 
X^326:  470 510 534 590 598 614 646 
X^327:  447 471 479 487 495 511 527 543 551 559 567 591 607 631 647 
X^328:  448 480 496 528 568 576 592 616 624 632 
X^329:  489 497 513 537 545 585 601 609 617 633 
X^330:  498 546 562 578 586 594 602 610 618 626 634 642 
X^331:  451 507 515 531 563 579 595 627 
X^332:  484 516 588 596 604 612 628 
X^333:  445 453 477 493 501 517 549 581 597 605 613 637 645 
X^334:  486 502 518 534 542 550 566 582 614 622 630 646 
X^335:  439 447 471 479 487 503 519 535 583 647 
X^336:  440 472 520 536 544 584 600 608 624 
X^337:  489 513 529 537 545 569 593 609 625 633 
X^338:  490 498 506 514 538 554 570 586 594 602 634 642 
X^339:  451 475 483 507 515 523 539 555 571 587 603 611 619 627 635 643 
X^340:  444 492 540 564 580 588 612 628 
X^341:  477 501 509 541 589 597 605 645 
X^342:  446 454 486 494 510 518 526 542 550 558 566 614 622 630 
X^343:  431 447 455 463 487 495 503 519 551 583 599 607 615 639 
X^344:  432 464 496 512 544 552 560 568 576 592 600 616 640 
X^345:  441 449 489 497 505 521 529 561 585 609 617 633 
X^346:  450 530 538 570 586 594 618 626 642 
X^347:  467 491 499 507 595 611 619 635 
X^348:  436 452 500 508 516 532 540 564 572 580 588 604 620 628 636 
X^349:  429 445 453 461 469 485 493 501 509 517 525 565 589 597 605 637 645 
X^350:  438 486 494 510 526 534 550 566 606 614 622 638 646 
X^351:  423 431 455 463 495 527 535 551 567 583 599 615 623 631 
X^352:  424 440 456 496 504 520 528 560 592 608 624 632 
X^353:  441 449 481 497 513 521 529 561 577 585 593 601 609 617 633 
X^354:  442 450 490 498 506 522 546 586 610 626 634 
X^355:  427 435 467 491 499 507 515 531 539 547 595 603 611 635 643 
X^356:  460 508 516 524 564 572 588 596 612 
X^357:  429 437 477 501 509 525 533 541 565 589 
X^358:  438 462 470 478 494 542 566 582 590 598 606 614 638 
X^359:  415 431 455 463 471 479 495 511 535 543 575 583 599 615 623 631 639 
X^360:  416 432 448 480 496 504 512 528 536 560 568 576 584 600 608 616 624 632 640 
X^361:  441 449 457 465 473 489 505 521 529 545 553 561 585 601 609 625 633 
X^362:  450 466 482 490 506 554 578 586 602 618 626 634 
X^363:  419 435 475 499 531 539 547 563 571 595 603 611 619 627 635 643 
X^364:  452 468 492 500 508 516 548 564 604 620 644 
X^365:  413 421 445 453 461 485 525 533 549 565 605 613 621 637 645 
X^366:  438 446 470 478 486 550 558 566 574 582 590 598 606 
X^367:  407 415 423 447 455 487 503 511 519 535 575 583 599 631 639 647 
X^368:  408 424 448 456 480 488 504 512 536 544 560 568 576 584 592 600 608 616 
X^369:  433 441 449 457 473 481 513 521 537 553 569 577 593 617 633 
X^370:  442 458 466 482 498 514 530 538 546 554 562 586 602 610 618 626 642 
X^371:  419 427 451 475 491 515 523 539 547 563 579 587 595 611 619 635 643 
X^372:  412 444 492 508 524 532 540 548 556 588 596 628 644 
X^373:  421 461 469 477 485 501 517 533 565 573 613 645 
X^374:  414 422 430 446 462 478 486 510 534 566 582 590 598 606 614 630 638 
X^375:  399 431 471 479 487 503 527 535 567 583 591 607 615 623 
X^376:  400 416 432 464 480 488 504 520 528 536 544 560 568 584 592 608 616 632 640 
X^377:  409 417 425 433 481 489 513 521 537 553 585 593 617 
X^378:  418 434 442 450 466 490 506 514 530 538 546 562 578 586 594 618 626 642 
X^379:  435 451 459 467 475 483 499 523 539 547 555 563 595 603 619 627 
X^380:  404 436 444 468 476 492 500 508 516 532 572 580 596 604 612 628 636 644 
X^381:  397 413 437 461 469 493 501 509 517 525 533 541 549 557 573 621 629 
X^382:  406 430 438 454 478 502 526 542 550 566 574 582 598 606 614 622 630 638 646 
X^383:  391 399 407 423 439 463 503 519 527 535 551 591 639 647 
X^384:  392 432 440 456 496 528 552 560 576 584 616 624 632 640 
X^385:  409 417 425 433 449 457 465 473 497 505 529 561 569 577 601 617 625 
X^386:  410 418 426 442 450 466 474 482 498 530 562 586 594 610 618 634 
X^387:  395 403 451 483 515 531 547 555 563 571 579 587 603 611 619 635 
X^388:  412 460 476 484 508 532 556 564 572 580 628 644 
X^389:  397 413 429 437 445 469 477 509 517 525 541 557 597 621 629 645 
X^390:  406 430 438 446 462 494 502 510 518 542 582 590 598 606 614 622 630 638 
X^391:  383 407 423 431 447 471 487 495 519 527 551 559 575 583 591 599 607 623 631 647 
X^392:  384 544 560 592 640 
X^393:  553 561 577 601 625 641 
X^394:  562 618 626 
X^395:  387 515 571 579 595 611 619 643 
X^396:  548 580 612 628 
X^397:  381 389 509 517 541 557 565 581 605 613 621 637 
X^398:  550 566 582 598 614 622 630 
X^399:  375 383 503 511 519 535 543 551 567 647 
X^400:  376 504 536 584 600 624 632 
X^401:  553 577 593 609 633 641 
X^402:  554 562 570 578 610 626 634 
X^403:  387 515 539 547 571 579 587 603 627 643 
X^404:  380 508 556 612 620 628 636 
X^405:  517 541 565 573 581 605 613 621 637 645 
X^406:  382 390 510 518 550 558 574 582 590 614 630 646 
X^407:  367 383 391 495 527 551 559 567 575 591 647 
X^408:  368 496 528 560 576 608 616 624 
X^409:  377 385 505 513 553 561 569 585 601 617 633 
X^410:  386 514 602 610 618 
X^411:  515 531 555 563 571 579 611 627 635 643 
X^412:  372 388 500 516 564 572 580 604 612 628 636 644 
X^413:  365 381 389 493 509 525 533 549 557 565 573 605 613 621 629 
X^414:  374 502 550 558 574 606 614 630 646 
X^415:  359 367 487 495 503 527 559 567 591 607 623 631 
X^416:  360 376 488 504 520 560 568 584 608 640 
X^417:  377 385 505 545 561 593 609 617 625 633 
X^418:  378 386 506 514 554 562 570 594 602 610 626 634 642 
X^419:  363 371 491 499 507 531 555 563 579 587 595 611 619 627 
X^420:  524 572 580 596 604 628 636 
X^421:  365 373 493 509 541 589 597 613 
X^422:  374 502 518 526 534 542 558 582 606 622 638 
X^423:  351 367 383 391 479 503 527 535 543 567 583 591 599 615 623 639 
X^424:  352 368 480 496 512 544 560 568 576 592 600 608 616 624 632 
X^425:  377 385 505 513 521 529 537 553 569 577 585 593 601 609 617 641 
X^426:  386 514 530 546 554 570 578 586 594 602 610 626 
X^427:  355 371 483 499 515 539 563 587 595 603 619 627 643 
X^428:  516 532 556 564 572 596 620 636 644 
X^429:  349 357 389 477 485 517 525 549 597 605 621 629 637 645 
X^430:  374 382 390 502 510 518 534 542 550 574 582 590 598 606 622 630 646 
X^431:  343 351 359 375 391 471 479 503 567 583 615 623 631 647 
X^432:  344 360 376 384 472 488 512 520 544 552 568 592 608 616 624 
X^433:  369 377 385 497 505 521 537 545 569 593 601 617 633 641 
X^434:  378 506 522 530 546 562 570 610 618 
X^435:  355 363 379 483 491 539 555 587 595 627 635 
X^436:  348 380 476 508 516 556 596 604 612 620 628 
X^437:  357 381 389 509 525 533 541 565 573 581 589 597 621 637 645 
X^438:  350 358 366 382 390 478 486 494 526 542 550 574 582 622 638 
X^439:  335 383 463 479 487 511 535 567 583 591 607 615 623 631 639 
X^440:  336 352 384 464 480 496 528 544 552 568 592 608 616 624 640 
X^441:  345 353 361 369 473 481 489 497 505 513 545 553 561 577 585 593 633 641 
X^442:  354 370 378 386 482 498 506 530 554 562 570 602 626 634 642 
X^443:  483 499 515 523 531 539 563 579 587 603 611 
X^444:  340 372 380 468 500 508 532 540 556 572 620 644 
X^445:  333 349 365 389 461 477 485 493 509 525 533 549 557 573 589 645 
X^446:  342 366 374 390 470 494 510 518 542 558 566 598 622 
X^447:  327 335 343 367 391 455 463 487 495 503 511 527 535 551 559 567 583 591 599 607 615 631 639 
X^448:  328 360 368 456 496 504 512 520 584 608 624 632 640 
X^449:  345 353 361 369 385 473 489 505 513 521 529 537 545 553 569 577 593 625 641 
X^450:  346 354 362 378 386 474 482 490 530 538 546 554 570 602 610 634 642 
X^451:  331 339 371 379 387 459 467 475 491 499 539 547 563 571 579 595 603 619 635 
X^452:  348 364 476 500 524 540 548 556 588 596 604 612 620 644 
X^453:  333 349 365 461 469 493 509 581 605 621 637 645 
X^454:  342 382 470 486 502 510 518 526 550 574 582 598 630 638 
X^455:  319 343 351 359 367 447 463 479 495 503 527 559 567 575 583 607 615 623 647 
X^456:  320 352 368 384 448 568 592 616 632 
X^457:  361 369 385 545 561 593 609 625 
X^458:  370 546 554 586 618 626 634 
X^459:  323 379 451 499 515 547 555 595 603 611 619 635 643 
X^460:  356 388 548 564 580 588 644 
X^461:  317 325 349 365 373 381 445 453 501 509 517 541 557 565 581 589 605 613 621 645 
X^462:  358 374 390 542 558 574 590 598 622 638 646 
X^463:  311 319 343 351 359 383 439 447 455 487 511 519 535 551 583 591 615 
X^464:  312 344 376 440 544 560 576 584 592 600 608 616 
X^465:  361 385 497 513 537 561 569 585 593 601 609 
X^466:  362 370 378 386 538 546 554 562 570 578 594 618 634 
X^467:  323 347 355 379 451 491 563 587 603 611 
X^468:  316 364 380 444 540 548 556 572 604 620 628 644 
X^469:  349 373 381 389 453 485 493 573 
X^470:  318 326 358 366 446 454 502 542 558 566 574 582 590 614 638 
X^471:  303 319 327 335 359 375 391 431 479 487 495 503 511 519 527 543 559 567 591 599 615 631 639 
X^472:  304 336 432 512 560 568 616 
X^473:  313 321 361 369 385 441 449 505 529 537 553 569 601 625 
X^474:  322 386 450 514 530 546 554 562 578 594 602 610 618 634 642 
X^475:  339 363 371 379 451 499 547 563 579 587 603 627 635 
X^476:  308 324 380 388 436 452 516 532 548 580 604 612 620 628 
X^477:  301 317 325 333 341 357 373 389 429 445 509 517 525 541 549 557 573 613 629 
X^478:  310 358 366 374 382 438 502 526 534 542 558 574 582 590 606 622 630 638 
X^479:  295 303 327 335 359 375 423 431 439 455 471 503 511 519 543 551 567 575 583 607 631 639 
X^480:  296 312 328 360 368 376 424 440 488 504 512 528 544 552 576 584 624 640 
X^481:  313 321 353 369 377 441 513 521 545 617 641 
X^482:  314 322 362 370 386 442 450 506 514 522 530 538 554 570 578 586 594 618 634 642 
X^483:  299 307 339 379 387 427 435 443 491 499 515 523 539 555 563 579 587 595 603 635 
X^484:  332 388 500 508 524 532 540 556 580 612 620 636 644 
X^485:  301 309 349 365 373 429 445 469 501 533 541 549 557 573 589 605 
X^486:  310 334 342 350 366 374 438 454 486 494 510 558 574 598 606 614 622 630 646 
X^487:  287 303 327 335 343 367 375 391 415 439 447 463 471 487 495 511 535 543 551 559 567 599 607 615 631 639 647 
X^488:  288 304 320 368 376 416 432 480 552 560 568 576 584 592 616 
X^489:  313 321 329 337 345 361 377 441 449 489 497 513 537 545 569 577 585 601 609 617 633 
X^490:  322 338 354 362 378 450 498 522 530 538 554 578 602 618 626 642 
X^491:  291 307 347 355 371 419 435 451 467 483 499 507 523 531 547 555 571 603 611 627 643 
X^492:  324 340 364 372 380 508 532 556 572 580 596 604 612 620 628 636 
X^493:  285 293 317 325 333 349 381 413 421 445 453 469 493 509 517 525 533 541 557 565 573 589 597 613 645 
X^494:  310 318 342 350 358 390 438 446 486 494 502 510 526 534 550 566 582 598 606 638 
X^495:  279 287 295 319 327 343 351 359 391 407 415 447 455 471 487 495 511 543 551 559 567 575 
X^496:  280 296 320 328 344 352 360 384 408 424 440 448 496 528 544 576 584 592 608 624 640 
X^497:  305 313 321 329 345 353 385 433 441 465 489 497 513 521 537 553 569 577 593 601 609 625 633 641 
X^498:  314 330 338 354 370 386 442 490 498 514 530 546 554 562 570 586 602 610 618 626 
X^499:  291 299 323 347 355 363 379 419 427 443 451 459 475 483 491 499 507 515 523 531 539 547 571 595 603 611 635 
X^500:  284 316 348 364 380 412 444 452 484 524 556 564 572 580 588 596 604 612 636 
X^501:  293 333 341 349 357 373 381 461 485 517 549 565 573 589 597 613 629 645 
X^502:  286 294 302 318 334 382 390 414 422 430 454 470 478 494 510 550 566 574 582 598 606 630 
X^503:  271 303 335 343 367 375 383 399 415 423 431 447 455 471 479 519 559 575 591 599 623 631 639 
X^504:  272 288 304 352 360 368 376 400 416 448 480 520 528 536 560 568 576 584 600 608 616 632 
X^505:  281 289 297 305 345 361 385 409 417 425 433 441 449 473 537 545 561 569 585 633 641 
X^506:  290 306 314 322 338 354 362 378 418 434 442 482 506 514 538 546 562 570 578 594 602 618 634 
X^507:  307 323 331 339 347 355 419 491 499 507 515 531 539 555 563 579 595 619 
X^508:  276 308 316 348 356 364 372 380 388 404 436 444 484 492 516 532 556 564 572 604 620 628 636 
X^509:  269 285 309 341 349 357 381 389 397 413 421 437 445 453 461 477 493 525 533 557 565 573 637 
X^510:  278 302 310 326 342 350 374 390 406 430 446 454 486 494 502 550 566 574 582 598 614 622 630 638 646 
X^511:  263 271 279 295 311 327 359 367 399 439 447 463 471 479 487 495 567 575 583 591 599 607 
X^512:  136 264 304 312 344 360 368 424 432 448 472 480 512 536 544 552 568 624 632 640 
X^513:  281 289 297 305 321 329 337 353 369 377 409 425 441 449 465 481 489 497 513 521 529 545 561 577 585 593 617 625 633 
X^514:  282 290 298 314 322 338 370 378 410 418 426 474 482 498 506 514 522 546 562 586 602 618 626 634 642 
X^515:  267 275 323 331 339 355 371 387 395 403 411 427 443 459 483 499 507 531 539 555 571 587 603 627 635 
X^516:  284 332 348 356 364 380 412 428 436 476 508 516 532 572 620 628 636 
X^517:  269 285 301 309 317 333 349 373 381 389 397 405 429 461 477 493 501 517 525 533 557 565 589 621 629 645 
X^518:  134 278 302 310 318 334 342 390 406 422 430 446 454 518 526 534 542 550 558 566 574 590 598 606 614 622 638 646 
X^519:  135 255 279 295 303 335 343 367 383 391 399 463 471 479 503 519 543 551 567 575 583 599 607 615 631 639 
X^520:  128 256 320 336 352 376 416 432 448 504 528 552 560 568 584 592 600 608 616 624 632 640 
X^521:  345 353 361 369 377 425 433 449 481 497 513 521 537 553 577 585 593 601 617 633 641 
X^522:  354 434 482 490 514 522 530 538 578 586 602 610 642 
X^523:  259 323 339 371 379 443 483 491 499 531 555 563 579 587 611 619 627 643 
X^524:  356 372 420 452 484 500 524 532 540 580 588 596 604 612 620 628 636 644 
X^525:  253 261 317 325 349 357 365 381 389 413 429 437 445 477 493 509 517 533 541 549 557 573 581 605 613 621 
X^526:  342 350 382 422 438 454 478 494 518 542 590 638 646 
X^527:  135 247 255 311 319 327 351 375 383 391 407 415 423 447 455 471 543 599 607 631 639 647 
X^528:  248 312 328 352 360 376 384 408 440 480 496 504 520 536 576 592 600 608 616 624 
X^529:  337 345 353 361 385 425 449 473 513 529 537 553 577 609 617 625 
X^530:  346 370 378 386 426 434 442 450 474 482 490 498 522 530 546 562 570 578 586 594 602 618 642 
X^531:  259 323 331 355 363 387 411 419 443 491 499 507 515 523 539 555 571 579 603 619 643 
X^532:  252 316 348 372 380 388 428 444 476 484 492 508 516 524 540 548 556 564 572 580 596 604 612 620 
X^533:  133 325 357 365 373 381 413 437 445 485 493 509 517 525 533 557 573 581 589 605 613 645 
X^534:  254 262 318 326 334 350 374 422 430 478 494 518 558 590 606 614 622 630 646 
X^535:  127 135 239 255 263 303 335 351 359 367 375 383 399 423 439 447 463 487 535 543 559 567 575 599 607 615 631 
X^536:  240 304 320 336 360 368 376 400 504 512 528 536 560 568 600 616 624 640 
X^537:  249 257 313 321 329 337 369 377 425 433 449 465 473 489 497 505 521 529 545 553 593 601 609 617 641 
X^538:  258 322 338 346 370 378 450 466 482 490 506 522 546 554 562 570 578 586 602 610 634 642 
X^539:  131 339 355 363 371 379 403 427 435 443 451 483 499 507 515 531 555 563 579 603 611 619 627 
X^540:  244 260 308 340 348 372 444 452 468 484 524 532 540 548 556 564 572 588 596 612 620 636 644 
X^541:  133 237 253 261 301 317 341 357 381 389 397 405 421 437 461 477 485 493 525 541 549 557 573 605 613 621 629 637 
X^542:  246 310 334 342 358 382 390 422 430 438 446 462 470 478 518 526 542 550 558 566 590 606 614 622 630 638 
X^543:  119 135 231 239 295 303 311 327 359 399 423 471 479 487 495 519 527 535 559 599 607 615 623 631 639 647 
X^544:  232 248 296 336 344 368 376 392 424 432 440 464 480 496 512 544 552 560 568 584 592 608 624 632 640 
X^545:  129 249 257 313 321 329 337 361 417 433 441 449 457 481 489 505 513 537 561 577 593 609 633 641 
X^546:  250 258 314 322 330 354 370 378 426 434 450 458 466 474 498 506 514 530 538 546 554 578 586 594 626 634 642 
X^547:  123 235 243 299 307 355 363 371 379 387 403 451 459 475 491 499 547 563 571 595 619 
X^548:  316 364 372 396 452 460 468 476 532 540 548 556 564 572 580 612 628 636 644 
X^549:  117 125 237 245 301 317 333 365 381 413 429 445 477 485 501 525 541 589 597 645 
X^550:  134 246 310 334 342 350 366 382 398 406 414 430 438 454 494 502 510 518 542 574 582 646 
X^551:  111 119 135 223 239 255 263 287 311 327 343 351 383 391 399 407 447 463 479 487 495 519 567 575 599 607 623 631 639 647 
X^552:  224 240 288 344 384 432 440 480 488 512 520 544 552 568 584 592 616 624 640 
X^553:  249 257 361 369 377 393 401 409 425 441 449 473 497 521 529 537 553 561 601 609 617 625 633 
X^554:  258 338 362 370 402 418 426 442 450 458 466 474 482 490 498 538 546 562 578 586 618 634 642 
X^555:  131 227 243 291 339 379 387 411 419 435 459 483 491 507 515 523 531 539 555 587 595 619 643 
X^556:  372 388 404 428 436 444 452 468 484 492 500 508 532 540 548 564 572 580 588 604 612 628 644 
X^557:  125 221 229 261 285 293 381 389 397 413 445 461 477 485 493 509 517 525 533 541 557 565 581 589 621 637 
X^558:  134 246 254 262 342 366 406 414 422 446 462 470 478 486 518 534 542 574 598 606 638 646 
X^559:  103 119 127 135 215 223 231 247 263 279 287 327 391 407 415 447 455 471 487 495 503 535 543 567 575 583 591 599 607 615 647 
X^560:  216 232 248 256 280 344 352 360 368 376 384 392 408 416 424 464 472 488 504 520 536 544 568 576 592 600 608 616 624 640 
X^561:  129 241 249 257 345 353 361 385 393 409 417 441 457 465 505 513 545 553 561 569 585 593 609 617 641 
X^562:  250 330 370 378 386 394 402 418 434 442 466 474 498 506 514 530 538 554 562 570 578 586 594 618 634 
X^563:  131 227 235 251 291 331 363 371 379 387 411 419 427 443 451 467 475 483 507 523 539 547 563 579 587 619 627 
X^564:  132 220 252 284 340 348 356 364 388 412 428 460 500 508 532 540 548 556 564 572 612 644 
X^565:  101 125 229 253 261 325 349 357 365 373 397 405 413 437 461 493 501 509 517 557 581 597 605 613 629 637 
X^566:  126 222 230 238 254 262 286 294 334 342 350 358 366 374 382 398 446 470 494 502 510 518 542 566 582 590 614 630 638 
X^567:  95 103 111 127 207 255 271 287 295 319 327 351 375 399 407 415 423 431 439 447 455 471 479 487 495 511 519 535 551 559 567 591 607 623 631 639 647 
X^568:  208 224 256 272 328 344 360 368 376 416 424 432 440 456 472 488 504 512 520 536 544 552 560 568 584 600 616 632 640 
X^569:  121 129 217 225 233 241 281 289 337 369 385 409 425 433 449 465 473 489 497 505 561 577 585 601 609 625 633 641 
X^570:  130 226 242 250 258 290 322 338 346 402 418 426 434 442 450 466 482 498 506 530 538 562 570 578 602 610 626 642 
X^571:  99 339 363 387 395 403 411 451 491 499 515 531 547 595 603 611 619 635 
X^572:  212 244 252 276 292 348 356 380 388 412 420 428 444 468 492 500 508 516 532 540 548 556 564 580 596 612 636 644 
X^573:  101 109 117 125 205 221 237 261 269 285 293 325 373 381 405 413 437 445 469 477 485 493 501 509 525 533 541 573 605 629 
X^574:  118 126 214 238 246 262 278 366 382 406 414 430 438 454 462 470 478 486 502 510 518 550 558 582 598 606 614 638 
X^575:  87 111 127 199 207 215 239 271 311 359 367 391 407 455 479 495 503 511 519 535 551 559 575 583 599 607 631 647 
X^576:  128 200 232 240 264 280 328 344 360 368 384 408 424 464 480 488 496 504 528 560 584 608 
X^577:  97 113 121 217 225 233 241 257 281 289 321 353 369 385 393 401 425 441 449 489 497 513 521 529 545 569 577 585 601 609 617 625 
X^578:  122 130 218 226 234 250 258 282 290 314 330 362 378 402 426 466 474 482 490 506 522 530 538 546 554 562 570 586 594 626 634 642 
X^579:  91 107 115 131 203 211 243 251 259 267 275 331 371 387 395 403 411 419 443 451 475 483 507 523 531 539 563 587 611 635 643 
X^580:  116 220 236 340 348 380 388 396 412 420 460 476 484 492 500 524 532 548 556 572 588 596 
X^581:  85 93 117 205 221 237 269 277 309 317 333 397 405 437 453 461 525 533 557 565 589 597 629 637 
X^582:  102 110 134 214 254 278 334 358 366 374 382 390 398 406 422 430 438 454 470 478 494 502 510 550 566 574 598 606 630 638 
X^583:  79 87 95 103 119 127 191 215 223 231 239 255 271 287 295 303 311 319 335 343 351 359 367 375 391 423 431 439 447 455 463 479 511 519 559 575 631 647 
X^584:  192 224 240 272 312 336 360 368 376 384 400 416 448 464 480 488 496 504 520 544 552 568 576 592 608 624 640 
X^585:  233 241 257 281 289 329 345 353 361 377 409 425 441 465 489 505 513 521 561 569 577 593 609 617 
X^586:  242 290 306 322 330 338 346 354 362 370 378 386 426 458 482 498 514 522 530 538 546 554 562 578 586 602 610 618 634 
X^587:  115 131 195 251 259 275 307 339 371 387 403 419 427 435 443 467 475 483 515 523 555 563 579 603 627 
X^588:  228 260 332 340 348 356 372 452 460 500 524 540 556 580 588 596 604 628 636 644 
X^589:  117 125 133 189 197 221 237 245 261 293 317 341 349 357 421 437 445 461 485 493 501 517 533 549 557 581 589 605 613 621 629 
X^590:  230 246 262 278 286 294 310 326 358 366 374 390 406 430 462 470 478 518 526 534 542 566 590 598 606 614 622 630 638 646 
X^591:  71 103 127 183 191 215 223 231 247 263 279 311 319 327 375 383 391 407 415 423 439 447 463 471 503 511 559 567 607 615 623 631 639 647 
X^592:  184 216 264 280 288 312 328 344 352 368 376 392 424 432 440 456 464 488 496 520 528 544 552 560 584 616 640 
X^593:  113 129 233 257 273 281 289 313 337 353 369 377 401 417 425 433 441 449 457 465 497 513 521 537 545 561 585 601 609 617 641 
X^594:  234 242 250 258 282 298 314 330 338 346 378 386 418 426 466 474 482 506 530 546 562 578 594 602 626 
X^595:  107 195 219 227 251 259 267 283 299 315 323 331 347 355 363 371 379 395 419 427 435 451 459 483 499 507 547 555 571 627 635 643 
X^596:  188 236 284 308 316 324 332 356 372 380 420 428 436 452 492 500 524 532 540 572 580 588 596 604 636 
X^597:  69 101 109 133 221 245 253 285 333 341 349 389 421 429 437 493 501 549 565 581 597 605 613 621 629 637 
X^598:  118 190 198 230 238 254 262 270 286 294 302 310 318 326 358 366 374 382 390 398 430 446 454 462 486 494 502 510 518 558 574 582 590 598 614 622 638 
X^599:  63 71 95 103 111 119 175 191 199 207 231 239 247 263 295 303 319 343 351 359 367 391 423 447 471 487 503 511 519 527 535 543 551 559 575 599 647 
X^600:  128 176 208 240 256 288 296 312 320 336 344 360 368 400 424 464 504 520 528 536 560 568 624 
X^601:  121 185 193 233 241 249 265 273 305 313 321 329 353 361 385 393 409 425 433 465 473 489 497 521 537 553 569 577 593 601 609 617 641 
X^602:  130 194 274 282 314 322 330 338 362 370 410 418 426 442 450 474 490 498 506 514 522 530 538 570 586 594 602 626 634 
X^603:  67 115 131 211 235 243 251 339 355 363 379 387 403 427 443 451 459 467 475 483 491 499 515 531 539 571 587 603 643 
X^604:  132 180 196 244 252 260 276 284 316 332 348 364 380 412 420 436 452 468 476 492 500 508 524 532 556 588 596 620 636 
X^605:  69 125 173 189 197 205 213 229 237 245 253 261 269 301 309 317 325 333 341 349 365 397 405 413 429 453 461 485 525 533 541 565 573 589 597 613 621 645 
X^606:  118 182 230 238 254 270 278 294 350 358 366 374 382 390 414 422 430 478 486 494 502 518 534 542 558 574 582 590 606 614 630 646 
X^607:  55 71 87 127 135 167 175 199 207 239 271 279 303 311 327 343 375 391 415 439 447 455 479 487 511 519 527 535 543 551 559 567 575 591 615 623 631 
X^608:  104 120 128 168 184 200 240 248 264 272 296 304 312 336 352 360 368 376 408 416 424 432 440 448 464 496 504 520 528 544 560 576 584 608 616 624 
X^609:  65 185 193 225 241 257 265 273 305 313 329 337 345 353 361 401 417 425 457 465 489 497 529 537 545 553 561 569 577 585 593 601 609 641 
X^610:  122 130 186 194 234 242 250 266 290 314 322 330 354 370 386 402 410 418 426 434 450 474 498 522 538 570 586 610 618 626 642 
X^611:  59 107 115 123 131 171 179 211 235 243 251 259 275 283 291 299 307 339 347 355 363 371 387 395 411 419 443 459 467 491 499 523 539 571 579 611 619 643 
X^612:  116 124 204 252 260 268 308 316 332 340 356 380 396 404 412 436 452 476 484 492 500 524 532 540 548 556 564 572 612 636 644 
X^613:  53 61 85 125 173 181 221 245 253 269 277 285 301 333 365 373 397 405 413 421 461 477 493 501 525 533 541 565 589 597 605 637 645 
X^614:  70 102 110 126 134 182 206 214 222 238 286 326 334 342 350 358 374 382 390 398 406 414 470 486 510 518 534 542 566 574 590 598 606 
X^615:  47 55 71 79 87 103 119 135 159 175 199 207 215 223 239 255 279 303 343 351 359 375 423 431 439 447 455 463 471 487 519 535 543 559 591 607 615 639 647 
X^616:  96 160 176 192 224 240 248 256 272 280 288 312 320 328 344 360 368 376 384 408 424 432 440 456 464 472 488 504 520 528 536 552 560 568 592 608 624 632 
X^617:  105 113 185 193 201 209 217 233 249 265 273 289 297 305 313 321 329 345 353 369 377 385 409 417 425 433 481 489 513 521 529 537 553 561 577 585 593 601 617 625 
X^618:  114 130 194 210 226 234 250 298 330 346 362 370 378 386 394 410 434 458 466 474 482 490 498 506 514 530 554 562 586 610 642 
X^619:  67 83 99 115 123 163 179 219 243 275 283 315 339 347 363 371 379 387 395 419 427 451 459 507 523 531 539 547 555 563 571 611 619 
X^620:  124 132 196 212 236 244 252 260 292 308 348 364 404 428 436 444 452 468 476 484 492 508 516 524 532 540 604 620 628 644 
X^621:  61 85 109 125 133 157 165 189 197 205 229 269 277 285 309 325 365 381 389 397 405 413 429 437 453 461 517 525 541 557 589 597 605 629 
X^622:  70 102 110 118 134 182 190 214 222 230 294 302 334 342 350 382 390 398 422 430 438 446 462 478 486 510 518 534 542 590 598 622 638 
X^623:  39 55 63 87 111 135 151 159 167 191 199 231 247 255 263 287 295 311 319 351 359 375 391 415 423 431 439 455 503 543 551 567 591 607 631 639 
X^624:  112 128 152 168 192 200 224 232 248 256 288 296 304 328 336 352 360 384 400 408 424 432 440 448 480 496 512 520 528 536 544 552 560 584 600 608 616 
X^625:  65 81 105 113 121 177 185 193 201 217 225 257 265 281 297 305 337 361 385 393 417 449 457 473 497 513 529 553 569 577 617 625 
X^626:  106 114 122 186 202 210 226 242 258 274 282 290 298 306 314 330 346 354 362 370 378 394 402 418 426 442 458 490 498 514 546 570 578 594 602 610 
X^627:  67 75 91 99 107 115 123 163 171 195 219 235 259 267 283 299 307 315 323 331 339 363 379 403 411 419 427 435 475 491 515 523 539 563 587 595 635 643 
X^628:  68 100 124 156 188 236 252 268 276 292 300 316 332 340 348 372 380 388 396 404 412 420 436 468 476 492 508 516 524 548 556 588 620 628 644 
X^629:  37 61 69 77 125 165 205 213 221 229 245 261 277 293 309 325 381 389 413 429 477 501 517 541 565 573 581 589 597 621 629 637 645 
X^630:  62 86 94 110 126 134 158 166 174 190 206 222 230 254 278 286 294 302 310 318 334 342 374 382 390 398 406 414 430 454 478 486 502 510 534 542 566 582 590 606 
X^631:  31 39 47 71 87 103 127 135 143 175 215 223 231 247 279 311 319 327 351 359 367 391 415 431 439 447 471 479 487 503 519 527 535 543 551 567 575 583 591 607 623 631 639 647 
X^632:  96 144 160 176 208 224 232 248 264 280 304 312 320 328 352 360 376 384 400 424 448 456 504 512 520 544 568 616 640 
X^633:  57 65 89 113 153 161 169 177 225 233 257 265 289 305 329 337 345 353 361 369 401 409 417 433 441 489 497 505 513 521 545 553 569 633 641 
X^634:  66 98 114 122 162 178 186 194 210 234 250 258 274 282 314 330 338 354 362 386 402 418 442 450 458 466 474 482 506 514 538 546 554 562 578 586 602 634 642 
X^635:  35 99 107 115 123 179 195 203 211 219 227 243 267 283 291 299 307 339 347 355 363 371 387 411 435 451 459 475 483 499 515 571 579 595 627 635 
X^636:  100 108 116 148 180 188 212 220 236 244 252 260 308 324 348 380 404 412 420 428 484 492 500 508 516 524 540 548 572 588 596 604 612 
X^637:  37 45 53 61 77 93 101 109 117 133 141 157 181 205 213 237 245 253 261 277 293 317 325 333 349 365 397 405 429 437 453 509 541 557 565 581 597 613 629 637 645 
X^638:  54 62 102 118 150 174 182 198 222 246 270 278 286 294 302 318 350 358 374 382 390 422 438 454 462 470 478 494 510 518 526 542 558 566 574 582 590 598 622 
X^639:  23 47 55 63 71 79 95 119 143 151 167 183 207 247 295 303 343 359 367 383 423 439 447 471 479 487 503 519 527 543 551 567 591 615 623 631 647 
X^640:  8 64 88 96 112 128 136 176 184 200 240 272 320 344 360 376 384 392 416 440 448 480 496 512 520 536 544 552 560 568 584 592 632 640 
X^641:  33 49 57 81 153 161 169 177 193 201 209 217 241 249 273 281 289 297 313 393 401 425 433 441 449 481 497 505 521 537 545 561 569 593 601 609 633 
X^642:  58 66 90 98 106 130 154 162 170 186 194 210 218 226 242 274 282 290 298 306 314 322 330 338 346 370 378 418 442 450 474 482 490 514 522 530 538 546 554 570 578 610 618 634 
X^643:  27 43 51 67 75 91 99 139 147 195 227 259 267 291 299 339 355 363 371 395 403 411 427 459 491 523 531 555 579 595 603 611 627 
X^644:  52 92 108 132 156 204 220 228 252 276 284 308 316 324 364 372 380 388 412 428 444 452 460 468 484 524 540 548 556 564 572 588 612 620 628 644 
X^645:  21 29 77 85 109 125 133 141 157 173 181 189 213 221 253 261 333 341 349 365 373 389 405 429 437 445 453 461 493 501 517 533 549 605 613 629 637 645 
X^646:  6 38 46 70 102 110 118 134 150 174 182 190 206 238 246 254 278 286 318 326 334 350 382 406 414 430 462 486 510 518 526 534 550 558 590 606 646 
X^647:  7 15 23 31 39 47 95 103 111 119 127 135 151 167 175 191 215 231 239 255 271 279 287 327 335 367 383 391 399 407 431 455 487 527 543 551 559 567 575 583 591 599 615 631 639 647 
X^648:  0 
checksum: 3692492