853
X^0:  854 
X^1:  
X^2:  852 
X^3:  
X^4:  850 
X^5:  853 
X^6:  848 
X^7:  
X^8:  
X^9:  
X^10:  
X^11:  
X^12:  
X^13:  853 
X^14:  
X^15:  
X^16:  838 
X^17:  
X^18:  836 
X^19:  
X^20:  834 850 
X^21:  837 845 853 
X^22:  832 848 
X^23:  
X^24:  846 
X^25:  849 
X^26:  844 
X^27:  
X^28:  842 
X^29:  853 
X^30:  840 
X^31:  851 
X^32:  838 
X^33:  841 849 
X^34:  836 852 
X^35:  847 
X^36:  834 
X^37:  845 
X^38:  832 848 
X^39:  851 
X^40:  830 846 
X^41:  833 849 
X^42:  828 844 
X^43:  847 
X^44:  826 842 
X^45:  837 
X^46:  824 840 
X^47:  835 843 851 
X^48:  822 838 
X^49:  825 833 841 849 
X^50:  820 
X^51:  831 839 847 
X^52:  818 834 850 
X^53:  829 
X^54:  816 848 
X^55:  
X^56:  814 846 
X^57:  817 849 
X^58:  812 844 
X^59:  
X^60:  810 842 850 
X^61:  821 
X^62:  808 840 
X^63:  819 851 
X^64:  790 806 838 
X^65:  809 817 841 
X^66:  788 804 820 836 844 
X^67:  815 
X^68:  786 802 834 
X^69:  789 813 853 
X^70:  784 800 816 832 848 
X^71:  819 843 851 
X^72:  798 814 830 846 
X^73:  801 817 833 
X^74:  796 812 828 
X^75:  815 839 847 
X^76:  794 810 826 834 850 
X^77:  789 805 
X^78:  792 808 824 840 848 
X^79:  803 811 819 843 
X^80:  774 790 806 822 838 
X^81:  793 801 809 817 825 849 
X^82:  772 788 820 828 844 852 
X^83:  799 807 815 831 839 847 
X^84:  770 802 850 
X^85:  773 781 789 797 837 845 
X^86:  768 840 848 
X^87:  851 
X^88:  838 846 
X^89:  849 
X^90:  844 852 
X^91:  
X^92:  842 
X^93:  837 845 853 
X^94:  832 840 
X^95:  835 851 
X^96:  830 838 
X^97:  841 
X^98:  
X^99:  831 839 847 
X^100:  
X^101:  829 845 
X^102:  824 832 
X^103:  835 851 
X^104:  822 830 
X^105:  833 841 849 
X^106:  828 844 852 
X^107:  839 847 
X^108:  826 850 
X^109:  821 829 837 845 853 
X^110:  816 824 
X^111:  819 843 851 
X^112:  814 822 846 
X^113:  825 849 
X^114:  836 
X^115:  815 823 839 847 
X^116:  826 834 842 
X^117:  813 829 845 
X^118:  808 816 848 
X^119:  819 827 843 851 
X^120:  806 814 838 846 
X^121:  817 833 
X^122:  812 820 828 
X^123:  823 847 
X^124:  810 826 834 
X^125:  805 813 821 837 845 
X^126:  800 808 
X^127:  803 851 
X^128:  798 806 846 
X^129:  809 825 841 
X^130:  820 828 836 
X^131:  799 807 839 
X^132:  818 834 842 
X^133:  797 813 829 837 845 853 
X^134:  792 800 824 
X^135:  803 811 819 835 843 
X^136:  790 798 
X^137:  801 809 833 841 849 
X^138:  796 820 836 
X^139:  815 823 
X^140:  794 810 834 850 
X^141:  789 797 805 813 821 829 837 
X^142:  784 792 816 824 832 848 
X^143:  787 803 811 819 827 835 851 
X^144:  782 790 822 838 
X^145:  793 809 817 833 849 
X^146:  812 828 844 852 
X^147:  783 791 799 807 815 823 831 847 
X^148:  794 810 834 842 
X^149:  781 797 813 837 
X^150:  776 784 832 848 
X^151:  787 
X^152:  774 782 838 
X^153:  785 841 
X^154:  780 788 828 836 844 
X^155:  847 
X^156:  778 818 826 834 842 850 
X^157:  773 781 789 853 
X^158:  768 776 832 
X^159:  771 787 851 
X^160:  766 774 
X^161:  777 817 841 
X^162:  812 828 844 852 
X^163:  767 775 783 815 831 839 
X^164:  818 826 834 
X^165:  765 781 821 829 845 
X^166:  760 768 840 
X^167:  771 787 811 843 851 
X^168:  758 766 822 838 
X^169:  769 777 785 817 825 833 
X^170:  764 780 788 820 828 836 852 
X^171:  775 783 807 
X^172:  762 786 802 826 834 842 
X^173:  757 765 773 781 789 829 837 845 
X^174:  752 760 848 
X^175:  755 779 787 803 819 827 835 843 
X^176:  750 758 782 822 
X^177:  761 785 801 809 833 841 
X^178:  772 796 804 828 844 852 
X^179:  751 759 775 783 815 823 
X^180:  762 770 778 810 818 842 850 
X^181:  749 765 781 805 821 829 845 
X^182:  744 752 784 808 832 840 848 
X^183:  755 763 779 787 819 827 835 851 
X^184:  742 750 774 782 814 830 
X^185:  753 769 809 817 825 833 841 
X^186:  748 756 764 796 804 828 836 852 
X^187:  759 783 815 831 
X^188:  746 762 770 786 794 802 818 
X^189:  741 749 757 773 781 805 813 829 837 845 
X^190:  736 744 808 824 840 
X^191:  739 787 803 827 835 843 
X^192:  734 742 782 790 798 806 822 830 838 
X^193:  745 761 777 785 841 849 
X^194:  756 764 772 780 788 796 812 828 844 
X^195:  735 743 775 783 815 823 831 839 847 
X^196:  754 770 778 794 802 810 818 826 834 850 
X^197:  733 749 765 773 781 789 829 845 
X^198:  728 736 760 784 792 800 808 816 832 840 
X^199:  739 747 755 771 803 811 819 827 843 
X^200:  726 734 798 806 814 830 838 846 
X^201:  737 745 769 777 793 817 825 841 
X^202:  732 756 772 788 812 820 828 836 852 
X^203:  751 759 775 839 
X^204:  730 746 786 802 826 850 
X^205:  725 733 741 749 757 765 773 813 837 
X^206:  720 728 752 760 768 792 808 824 840 848 
X^207:  723 739 747 755 763 787 795 811 819 851 
X^208:  718 726 758 782 806 814 830 838 
X^209:  729 745 753 777 785 793 801 817 841 849 
X^210:  748 780 788 796 804 812 820 828 836 844 852 
X^211:  719 727 735 743 751 759 767 783 799 815 
X^212:  730 746 802 810 826 
X^213:  717 733 749 773 813 821 829 845 
X^214:  712 720 784 808 832 840 848 
X^215:  723 795 819 827 835 
X^216:  710 718 782 838 846 
X^217:  721 785 801 817 825 841 849 
X^218:  716 724 780 796 836 844 
X^219:  791 807 831 847 
X^220:  714 778 794 802 818 834 842 
X^221:  709 717 725 789 813 821 837 845 853 
X^222:  704 712 776 800 808 816 832 840 848 
X^223:  707 723 811 827 835 843 
X^224:  702 710 774 798 806 
X^225:  713 777 785 793 825 841 849 
X^226:  772 796 812 828 852 
X^227:  703 711 719 807 815 823 839 
X^228:  770 786 810 818 
X^229:  701 717 781 821 829 837 
X^230:  696 704 768 784 800 816 824 
X^231:  707 723 779 787 795 803 811 819 827 835 843 851 
X^232:  694 702 766 782 790 798 814 830 838 846 
X^233:  705 713 721 769 817 841 
X^234:  700 716 724 764 804 812 836 844 
X^235:  711 719 775 783 799 807 815 823 839 
X^236:  698 722 762 786 802 810 834 842 
X^237:  693 701 709 717 725 773 789 797 821 
X^238:  688 696 760 776 808 816 824 832 840 
X^239:  691 715 723 779 787 803 811 827 843 
X^240:  686 694 718 758 774 798 806 814 
X^241:  697 721 761 769 785 793 809 817 825 841 849 
X^242:  708 756 772 780 788 796 804 820 
X^243:  687 695 711 719 775 783 791 807 823 847 
X^244:  698 706 714 754 834 842 850 
X^245:  685 701 717 765 781 789 797 805 813 829 837 
X^246:  680 688 720 752 776 784 816 832 
X^247:  691 699 715 723 763 787 803 811 819 827 835 851 
X^248:  678 686 710 718 750 782 806 838 846 
X^249:  689 705 753 769 793 801 841 
X^250:  684 692 700 748 764 780 812 836 
X^251:  695 719 759 775 791 799 807 815 839 847 
X^252:  682 698 706 746 762 770 778 786 802 810 834 850 
X^253:  677 685 693 709 717 757 781 789 805 
X^254:  672 680 744 768 784 824 832 840 848 
X^255:  675 723 779 795 827 843 851 
X^256:  598 670 678 718 742 766 790 798 806 814 830 
X^257:  681 697 713 745 753 761 777 785 809 817 833 841 
X^258:  596 692 700 708 740 764 772 780 796 804 812 844 852 
X^259:  671 679 711 775 783 791 799 807 
X^260:  594 690 706 714 738 754 770 778 794 802 810 826 850 
X^261:  597 669 685 701 709 717 725 749 797 805 813 821 
X^262:  592 664 672 696 736 752 784 792 800 808 832 
X^263:  675 683 691 707 715 747 755 763 771 803 
X^264:  662 670 734 750 758 790 814 830 846 
X^265:  673 681 705 713 721 737 769 785 793 809 849 
X^266:  668 692 708 732 764 772 788 820 
X^267:  687 695 743 751 767 799 815 831 839 847 
X^268:  666 682 706 722 730 754 762 770 818 826 
X^269:  597 661 669 677 685 693 701 709 741 757 765 789 797 805 821 829 837 853 
X^270:  656 664 688 696 704 720 728 744 760 784 808 816 824 832 840 
X^271:  659 675 683 691 699 707 723 747 755 771 787 795 843 851 
X^272:  582 654 662 694 710 726 742 758 766 774 782 798 814 822 830 838 846 
X^273:  665 681 689 705 721 729 737 753 769 777 809 825 833 849 
X^274:  580 684 700 716 740 748 764 812 820 844 852 
X^275:  655 663 671 679 687 695 703 719 743 751 759 783 807 815 823 839 
X^276:  578 594 666 682 706 714 722 754 778 818 826 842 
X^277:  581 589 597 653 669 685 709 733 749 757 765 781 813 821 829 845 853 
X^278:  576 592 648 656 704 744 768 776 800 832 840 848 
X^279:  659 731 755 763 771 795 803 827 843 
X^280:  590 646 654 710 718 774 798 806 814 838 846 
X^281:  593 657 713 721 737 753 761 777 809 
X^282:  588 652 660 700 708 732 772 820 828 836 
X^283:  719 727 743 767 783 791 799 807 815 831 839 847 
X^284:  586 650 690 698 706 722 730 738 754 770 802 810 818 
X^285:  597 645 653 661 749 757 773 781 813 821 845 
X^286:  584 640 648 704 712 736 744 752 768 784 792 808 824 832 848 
X^287:  595 643 659 723 747 763 771 779 795 819 835 843 851 
X^288:  582 638 646 710 734 742 774 790 814 822 846 
X^289:  585 593 649 689 721 729 761 841 
X^290:  580 596 684 700 708 716 724 732 748 764 772 796 804 812 836 
X^291:  591 639 647 655 687 703 711 743 751 759 775 791 823 847 
X^292:  578 690 698 722 746 754 770 802 818 842 850 
X^293:  589 637 653 693 701 757 765 773 781 813 821 
X^294:  576 592 632 640 704 712 720 736 752 760 768 792 824 832 848 
X^295:  595 643 659 683 731 739 747 755 763 771 787 795 819 827 
X^296:  574 590 630 638 694 702 710 718 726 734 750 774 782 798 830 838 846 
X^297:  577 593 641 649 657 689 697 753 769 777 785 793 833 841 849 
X^298:  572 588 636 652 660 692 708 724 740 748 764 772 796 844 
X^299:  591 647 655 679 711 719 735 743 751 759 823 847 
X^300:  570 586 634 658 674 706 714 722 738 746 762 770 786 802 818 826 834 
X^301:  581 629 637 645 653 661 701 717 725 733 757 773 789 797 805 837 845 853 
X^302:  568 584 624 632 696 712 720 744 752 768 776 784 792 800 816 824 
X^303:  579 587 595 627 651 659 675 691 699 707 723 739 747 763 779 787 795 827 835 843 
X^304:  566 582 622 630 654 710 734 742 750 758 782 814 838 
X^305:  569 577 585 593 633 657 673 681 697 713 721 729 745 753 769 817 
X^306:  564 644 668 676 692 700 708 732 740 780 788 796 804 812 820 852 
X^307:  575 583 591 623 631 647 655 687 695 711 719 727 743 759 799 807 823 831 839 847 
X^308:  562 578 594 634 642 650 682 714 722 754 778 786 794 826 842 
X^309:  573 621 637 653 677 693 725 733 741 749 773 781 789 797 805 829 837 845 853 
X^310:  560 592 616 624 656 680 688 704 784 800 816 
X^311:  627 635 651 659 691 707 739 747 755 787 803 811 819 851 
X^312:  558 590 614 622 646 654 702 718 742 750 766 782 798 806 830 846 
X^313:  561 593 625 641 681 697 713 729 737 753 785 817 841 849 
X^314:  556 588 620 628 636 668 676 684 708 716 724 772 780 788 820 828 844 852 
X^315:  631 655 687 695 703 711 727 735 743 751 759 767 791 807 815 839 
X^316:  554 586 594 618 634 642 658 666 674 682 690 698 706 714 722 738 794 810 826 850 
X^317:  565 613 621 629 645 653 677 685 693 701 709 725 741 757 781 789 837 
X^318:  552 584 608 616 696 704 712 720 744 768 776 784 824 
X^319:  563 595 611 659 675 699 707 731 779 795 835 843 
X^320:  534 550 582 606 614 654 662 670 694 710 726 734 750 758 766 774 782 798 
X^321:  553 561 585 617 633 649 657 681 689 697 769 785 817 833 849 
X^322:  532 548 564 580 588 628 636 644 652 660 668 676 684 708 732 748 756 764 788 804 812 820 828 836 
X^323:  559 607 615 647 655 687 695 703 727 735 743 759 799 839 847 
X^324:  530 546 578 626 642 650 666 682 698 714 722 730 746 762 786 794 826 834 842 850 
X^325:  533 557 597 605 621 637 645 653 661 685 701 717 733 741 757 781 789 821 837 845 
X^326:  528 544 560 576 592 600 608 632 656 664 680 704 712 720 728 744 760 792 800 808 832 
X^327:  563 587 595 611 619 627 643 675 707 715 739 747 763 779 787 795 827 851 
X^328:  542 558 574 590 598 606 678 694 702 710 718 726 734 750 766 782 790 798 814 
X^329:  545 561 577 609 617 641 649 665 673 689 697 705 713 721 729 737 745 753 761 769 809 817 825 833 841 
X^330:  540 556 572 604 628 644 660 668 684 692 732 748 756 788 796 804 812 828 844 852 
X^331:  559 583 591 623 631 647 679 687 703 711 735 743 751 767 783 791 799 839 
X^332:  538 554 570 578 594 602 618 658 666 674 690 706 722 730 746 770 786 794 818 842 850 
X^333:  533 549 597 605 613 621 629 637 645 677 685 693 701 709 725 733 797 805 813 829 837 853 
X^334:  536 552 568 584 600 624 632 640 712 728 744 760 776 784 800 824 832 840 848 
X^335:  547 555 563 587 595 611 619 627 635 659 667 707 731 755 763 779 795 819 827 843 851 
X^336:  518 534 550 566 582 590 598 630 654 662 686 694 718 726 734 766 774 798 822 838 
X^337:  537 545 553 561 569 593 601 617 625 649 657 705 721 729 737 753 777 785 793 801 817 833 
X^338:  516 532 564 572 588 596 620 652 668 692 708 716 756 764 788 804 812 852 
X^339:  543 551 559 575 583 599 607 615 623 631 639 655 671 679 695 719 743 759 767 783 807 831 839 847 
X^340:  514 546 594 602 618 658 674 682 690 698 714 722 738 786 802 810 826 
X^341:  517 525 533 541 581 605 621 645 669 733 773 797 821 829 837 845 
X^342:  512 768 840 
X^343:  819 827 835 843 
X^344:  814 
X^345:  825 849 
X^346:  804 828 
X^347:  815 831 
X^348:  802 826 834 
X^349:  805 813 821 829 837 
X^350:  808 832 840 
X^351:  803 811 819 835 851 
X^352:  814 838 
X^353:  825 849 
X^354:  796 804 812 828 836 844 
X^355:  799 807 
X^356:  794 802 810 818 826 842 850 
X^357:  797 829 845 853 
X^358:  840 848 
X^359:  803 811 827 851 
X^360:  798 822 830 846 
X^361:  817 825 
X^362:  788 804 820 828 836 852 
X^363:  799 807 815 823 831 839 847 
X^364:  786 802 818 842 
X^365:  789 797 821 837 845 853 
X^366:  792 800 816 832 848 
X^367:  787 795 811 819 835 843 
X^368:  830 846 
X^369:  809 817 825 833 849 
X^370:  780 788 804 812 820 
X^371:  783 791 799 823 831 
X^372:  778 786 810 818 826 842 
X^373:  781 797 821 829 853 
X^374:  816 832 840 848 
X^375:  787 811 843 
X^376:  782 806 814 822 830 
X^377:  793 801 809 833 
X^378:  772 796 804 812 820 828 836 
X^379:  783 791 807 823 831 839 
X^380:  770 794 802 818 834 
X^381:  773 781 789 797 813 821 837 845 853 
X^382:  776 800 816 824 840 
X^383:  771 779 795 803 811 819 827 
X^384:  726 782 806 814 822 830 846 
X^385:  809 833 841 
X^386:  724 764 772 780 796 812 820 828 836 844 852 
X^387:  767 775 783 791 807 823 831 
X^388:  722 762 770 778 786 802 818 826 842 
X^389:  725 765 813 821 
X^390:  720 792 808 824 832 840 
X^391:  771 787 803 811 819 851 
X^392:  766 830 
X^393:  801 809 817 833 
X^394:  756 772 788 796 812 828 844 852 
X^395:  767 791 807 815 823 831 839 847 
X^396:  754 770 794 810 826 
X^397:  725 757 765 789 797 805 821 829 837 853 
X^398:  760 768 784 792 808 816 824 848 
X^399:  755 763 771 787 811 827 843 851 
X^400:  710 790 806 
X^401:  785 817 825 833 
X^402:  708 748 756 772 796 804 836 
X^403:  751 759 775 791 815 831 839 
X^404:  706 722 746 754 778 810 818 842 
X^405:  709 717 725 749 765 813 821 829 837 853 
X^406:  704 720 776 792 808 832 840 
X^407:  755 763 771 779 803 811 835 
X^408:  718 750 790 814 838 
X^409:  721 761 785 817 825 833 
X^410:  716 740 764 788 804 812 820 828 836 844 852 
X^411:  751 767 807 815 823 831 847 
X^412:  714 738 762 770 786 810 826 842 
X^413:  725 741 749 757 765 773 789 805 853 
X^414:  712 744 768 776 800 808 816 824 832 848 
X^415:  723 739 747 755 771 787 835 
X^416:  710 750 774 798 806 822 838 846 
X^417:  713 721 761 809 825 841 
X^418:  708 724 732 740 748 764 772 804 836 844 
X^419:  719 735 743 783 791 823 839 
X^420:  706 730 738 746 754 762 786 794 802 826 834 
X^421:  717 733 765 797 805 813 829 837 853 
X^422:  704 720 784 800 808 824 832 840 
X^423:  723 739 747 763 779 787 795 811 835 843 
X^424:  702 718 734 758 766 774 782 790 798 806 814 822 
X^425:  705 721 753 761 785 801 825 833 841 849 
X^426:  700 716 724 740 756 764 796 812 828 844 
X^427:  719 735 743 751 759 767 791 807 823 839 
X^428:  698 714 722 738 754 770 778 786 794 802 810 850 
X^429:  709 725 733 757 781 805 813 829 837 845 853 
X^430:  696 712 728 736 752 768 792 808 824 832 840 848 
X^431:  707 715 731 747 755 795 811 819 827 835 843 
X^432:  694 710 766 798 806 830 838 846 
X^433:  697 705 713 721 745 753 761 777 793 801 833 849 
X^434:  692 716 724 740 748 756 764 788 796 828 844 
X^435:  703 711 727 735 759 767 783 799 807 831 839 847 
X^436:  690 706 714 746 754 778 794 802 818 834 850 
X^437:  701 717 733 757 773 789 
X^438:  688 720 752 760 768 784 808 816 824 832 840 848 
X^439:  723 747 771 787 827 851 
X^440:  686 742 750 766 798 822 838 
X^441:  689 721 729 737 745 769 785 793 809 817 825 
X^442:  684 708 716 732 740 748 764 772 780 812 828 844 
X^443:  719 727 743 759 767 791 799 815 831 839 847 
X^444:  682 706 714 722 730 738 778 786 810 818 826 834 850 
X^445:  693 709 717 725 733 749 773 789 813 821 829 845 853 
X^446:  680 736 752 760 768 776 808 832 
X^447:  691 707 715 723 731 739 747 755 763 771 779 787 803 819 827 843 
X^448:  662 678 710 718 742 750 758 774 782 830 838 
X^449:  681 689 713 745 753 769 809 817 833 
X^450:  660 676 692 700 732 756 772 780 788 804 812 852 
X^451:  687 703 711 719 727 743 751 775 799 807 
X^452:  658 674 698 714 722 738 746 754 762 778 786 810 818 826 
X^453:  661 685 701 725 773 813 821 829 845 853 
X^454:  656 672 688 704 720 728 760 784 792 832 848 
X^455:  691 707 715 739 755 763 771 811 819 851 
X^456:  670 686 718 742 758 766 774 798 814 822 
X^457:  673 689 705 737 745 777 785 801 809 849 
X^458:  668 684 692 700 708 724 732 740 748 788 796 804 828 844 
X^459:  687 703 711 719 727 791 807 823 839 
X^460:  666 682 690 698 722 730 738 746 770 778 786 802 810 818 826 834 
X^461:  661 677 693 701 725 733 757 773 789 797 805 821 829 845 853 
X^462:  664 680 704 712 728 744 760 792 832 840 848 
X^463:  675 683 699 707 715 723 739 755 763 771 787 795 803 835 843 851 
X^464:  646 662 678 694 710 726 742 750 790 806 822 
X^465:  665 673 681 689 697 737 745 785 793 809 825 841 
X^466:  644 660 684 700 708 716 724 740 748 780 788 796 812 820 844 
X^467:  671 679 695 703 719 727 751 759 791 799 823 839 847 
X^468:  642 674 682 690 714 722 730 770 802 810 834 842 850 
X^469:  645 653 661 669 685 701 709 717 733 741 757 765 773 789 797 805 813 829 853 
X^470:  640 720 776 792 824 832 
X^471:  691 699 707 715 723 763 771 779 787 803 811 835 843 
X^472:  686 710 718 774 782 790 798 830 838 846 
X^473:  697 769 777 785 793 801 809 817 841 849 
X^474:  676 700 716 724 788 804 828 844 
X^475:  687 703 759 767 783 791 815 823 847 
X^476:  674 698 706 714 770 778 794 802 810 826 842 
X^477:  677 685 693 701 717 725 781 789 797 805 813 821 837 
X^478:  680 776 784 792 816 832 840 
X^479:  675 683 691 755 763 787 827 835 851 
X^480:  686 702 758 774 782 798 822 830 838 
X^481:  697 713 721 761 777 801 
X^482:  668 676 684 700 708 716 756 764 772 780 788 796 804 836 844 852 
X^483:  671 679 703 711 719 751 759 791 799 815 823 831 839 847 
X^484:  666 674 682 690 698 714 722 754 770 778 786 802 818 826 834 850 
X^485:  669 725 757 773 813 837 845 
X^486:  696 704 712 720 752 760 768 784 808 832 
X^487:  675 683 699 707 747 755 787 795 811 827 835 
X^488:  670 718 758 766 774 790 798 806 846 
X^489:  689 697 705 713 721 753 761 769 785 793 801 809 817 825 833 841 
X^490:  660 676 692 708 716 756 764 780 788 820 844 852 
X^491:  671 679 687 695 703 743 751 759 775 791 807 815 831 
X^492:  658 674 690 698 714 722 794 802 810 818 826 834 842 
X^493:  661 669 701 765 773 797 805 821 845 853 
X^494:  664 672 696 704 720 760 768 800 816 824 840 848 
X^495:  659 667 683 707 723 739 747 763 771 787 803 811 835 843 
X^496:  686 694 702 742 766 774 782 790 814 846 
X^497:  681 689 705 745 761 769 785 793 817 833 
X^498:  652 660 676 684 692 708 740 756 764 780 804 820 828 836 844 
X^499:  655 663 671 687 703 711 719 735 743 759 767 799 807 815 823 831 
X^500:  650 658 682 690 706 738 746 826 
X^501:  653 669 685 693 717 725 741 757 773 789 797 813 821 845 
X^502:  680 704 712 736 744 752 800 808 816 848 
X^503:  659 683 691 699 723 731 739 747 755 763 771 779 787 803 811 835 843 851 
X^504:  654 694 702 710 718 742 766 774 790 806 822 838 
X^505:  665 673 681 689 737 745 761 777 785 801 817 833 849 
X^506:  644 668 676 708 748 772 780 788 804 812 828 844 852 
X^507:  655 663 679 703 711 719 727 735 751 767 791 799 807 823 839 
X^508:  642 666 674 682 690 698 738 754 762 770 810 818 826 
X^509:  645 653 661 669 677 725 749 757 765 773 781 797 805 813 821 845 853 
X^510:  648 680 688 696 712 752 760 768 784 792 808 824 832 840 848 
X^511:  643 651 667 683 691 699 731 755 763 787 795 803 819 827 
X^512:  342 598 654 670 686 694 702 750 774 814 822 838 846 
X^513:  697 705 729 761 793 801 809 817 825 833 849 
X^514:  340 596 636 644 652 668 684 716 724 732 812 828 844 852 
X^515:  639 647 655 663 671 695 703 711 719 727 751 759 775 783 799 823 839 847 
X^516:  338 594 634 642 650 658 674 698 706 754 762 770 810 818 826 834 
X^517:  341 597 637 669 693 701 709 717 725 741 757 765 789 813 821 845 
X^518:  336 592 672 680 704 712 728 744 760 768 776 808 816 824 848 
X^519:  643 659 707 755 763 779 827 851 
X^520:  638 662 670 702 726 750 758 774 798 806 814 830 
X^521:  689 713 729 761 769 777 809 817 
X^522:  628 644 660 684 692 700 708 716 740 764 772 780 796 820 844 852 
X^523:  639 663 679 703 727 743 751 759 767 775 791 799 831 847 
X^524:  626 642 698 706 722 730 738 746 770 778 786 794 802 826 
X^525:  341 597 629 637 685 733 741 757 805 813 821 829 
X^526:  632 640 680 704 736 744 752 760 792 800 832 840 848 
X^527:  627 635 643 675 691 731 747 755 795 803 
X^528:  326 582 654 678 694 710 726 734 758 774 790 814 830 
X^529:  657 665 681 697 713 721 737 745 761 769 777 785 793 809 825 833 849 
X^530:  324 580 620 628 644 668 676 684 700 708 716 724 748 764 780 812 836 852 
X^531:  623 631 647 655 671 679 695 703 719 727 735 767 791 799 815 823 831 839 
X^532:  322 338 578 594 618 626 650 666 690 706 714 730 738 746 754 762 778 826 850 
X^533:  325 333 341 581 589 597 621 637 653 669 693 701 717 725 749 765 773 789 797 805 813 821 837 
X^534:  320 336 576 592 656 664 680 728 752 760 768 792 808 816 824 
X^535:  627 635 643 651 659 675 683 699 715 723 739 747 755 771 779 795 819 827 
X^536:  334 590 622 646 654 662 686 710 726 734 766 798 838 
X^537:  337 593 633 689 697 729 737 745 761 769 777 801 809 841 
X^538:  332 588 612 636 652 676 684 692 716 748 772 796 812 820 836 844 
X^539:  623 639 679 687 719 727 791 799 807 815 839 847 
X^540:  330 586 610 634 642 650 658 682 690 722 730 754 770 786 802 810 818 850 
X^541:  341 597 613 621 629 637 653 677 717 733 765 789 805 829 837 845 853 
X^542:  328 584 616 672 680 688 696 728 752 784 832 840 
X^543:  339 595 611 619 627 691 699 707 723 739 747 755 771 787 803 811 819 835 
X^544:  326 582 622 638 670 678 710 734 742 750 758 766 782 790 798 806 830 846 
X^545:  329 337 585 593 633 649 681 689 721 737 745 769 777 785 801 809 817 825 
X^546:  324 340 580 596 604 612 620 636 644 676 684 692 708 716 724 740 764 772 788 812 828 836 844 852 
X^547:  335 591 607 615 639 647 663 703 719 727 743 807 831 
X^548:  322 578 602 610 618 626 634 658 666 674 714 722 730 738 746 762 770 778 786 810 834 842 850 
X^549:  333 589 605 653 669 677 685 725 733 749 757 765 773 805 813 821 829 853 
X^550:  320 336 576 592 632 640 656 672 680 688 704 736 744 752 760 816 832 840 848 
X^551:  339 595 611 619 635 643 651 667 683 691 707 723 731 739 795 803 819 827 835 843 
X^552:  318 334 574 590 606 646 654 662 670 678 686 694 718 726 734 742 750 774 782 798 806 814 830 838 
X^553:  321 337 577 593 625 633 641 649 673 697 713 721 729 745 753 769 777 785 801 817 
X^554:  316 332 572 588 596 612 628 652 660 668 684 708 716 724 732 740 764 772 788 796 820 852 
X^555:  335 591 607 615 623 631 639 647 655 663 679 687 719 727 735 775 831 
X^556:  314 330 570 586 594 610 626 634 642 650 666 682 706 738 746 762 770 778 802 834 842 850 
X^557:  325 581 597 605 637 645 661 677 685 701 741 757 789 797 805 837 
X^558:  312 328 568 584 600 608 632 640 664 680 696 744 752 760 824 
X^559:  323 331 339 579 587 603 619 651 659 667 699 715 723 731 763 779 795 803 811 819 827 843 
X^560:  310 326 566 582 622 630 638 654 670 710 742 750 758 774 822 838 846 
X^561:  313 321 329 337 569 577 585 593 617 625 649 657 665 721 769 777 793 809 825 841 849 
X^562:  308 564 588 596 612 620 628 636 644 660 700 724 732 748 772 780 788 804 828 836 852 
X^563:  319 327 335 575 583 599 607 623 639 647 687 703 719 727 743 751 775 783 791 807 831 839 847 
X^564:  306 322 338 562 578 586 618 626 634 642 666 690 722 746 810 818 826 834 
X^565:  317 573 589 605 621 629 637 645 653 661 709 725 741 749 757 765 773 797 805 829 837 
X^566:  304 336 560 592 616 632 640 672 680 688 696 736 744 752 768 776 784 800 808 824 832 840 848 
X^567:  595 619 627 635 643 651 667 675 683 699 715 731 747 755 763 779 795 803 811 819 827 835 851 
X^568:  302 334 558 638 646 654 670 678 694 718 726 750 758 774 790 814 822 830 
X^569:  305 337 561 593 601 609 617 625 657 665 673 681 689 697 705 721 729 737 745 769 785 793 817 833 841 849 
X^570:  300 332 556 580 588 604 612 628 644 652 668 676 684 708 732 740 756 764 772 780 788 812 844 852 
X^571:  591 599 615 639 655 687 703 711 727 751 759 783 815 831 839 
X^572:  298 330 338 554 578 586 594 602 610 618 634 642 650 666 690 706 722 730 738 746 762 770 778 794 802 810 818 826 834 850 
X^573:  309 565 581 589 597 605 613 629 653 661 677 685 693 701 709 749 757 773 789 797 805 
X^574:  296 328 552 616 624 632 640 648 680 688 720 728 776 784 808 816 824 840 
X^575:  307 339 563 579 587 595 603 619 627 635 643 651 659 667 691 699 715 731 747 803 819 843 851 
X^576:  278 294 326 534 550 582 590 606 622 630 646 662 670 686 694 710 718 734 750 758 766 822 830 846 
X^577:  297 305 329 553 561 585 625 633 641 649 657 665 697 705 713 721 761 777 793 801 833 849 
X^578:  276 292 308 324 332 532 548 564 572 604 636 692 708 724 732 740 748 756 764 804 812 820 836 844 
X^579:  303 559 575 583 591 599 607 623 663 671 679 687 711 735 743 751 759 783 799 807 823 831 839 847 
X^580:  274 290 322 530 546 570 586 594 610 618 634 642 658 666 690 706 714 730 738 754 770 786 802 826 842 
X^581:  277 301 341 533 557 573 597 605 621 637 653 661 677 733 765 773 805 829 837 853 
X^582:  272 288 304 320 336 528 544 560 576 592 608 664 696 704 720 728 776 784 792 800 816 824 848 
X^583:  307 331 339 563 579 587 619 635 651 659 675 707 715 723 739 755 763 771 779 787 811 827 835 843 
X^584:  286 302 318 334 542 558 590 598 606 614 630 638 646 662 670 678 718 734 742 758 766 774 798 806 822 830 838 846 
X^585:  289 305 321 545 561 577 641 681 705 745 753 761 801 809 825 833 849 
X^586:  284 300 316 540 556 564 572 580 596 612 620 628 644 660 700 708 732 740 748 756 764 788 836 844 852 
X^587:  303 327 335 559 575 583 591 599 623 631 655 719 727 735 743 767 807 847 
X^588:  282 298 314 322 338 538 554 562 570 594 610 642 650 674 682 706 714 722 730 754 770 778 794 802 810 834 842 
X^589:  277 293 533 549 565 573 613 621 637 677 685 693 709 717 741 757 765 781 789 797 805 813 845 853 
X^590:  280 296 312 328 336 536 552 576 584 592 616 624 640 664 672 680 688 696 728 768 776 784 808 832 848 
X^591:  291 299 307 331 547 555 571 579 587 619 651 667 683 699 707 723 787 795 819 
X^592:  262 278 294 310 326 518 534 550 566 582 590 614 622 630 654 662 670 678 686 702 718 734 750 758 766 782 790 814 838 846 
X^593:  281 289 297 305 313 337 537 545 553 561 569 601 609 625 665 673 681 705 729 745 753 777 785 793 801 809 817 825 833 841 
X^594:  260 276 308 316 332 340 516 532 556 572 580 588 596 612 660 676 692 732 772 780 804 812 836 852 
X^595:  287 295 303 319 327 335 543 551 567 575 607 615 647 655 679 687 711 719 727 735 767 775 783 799 815 831 
X^596:  258 290 338 514 546 554 562 586 594 618 642 650 658 666 690 706 714 722 738 770 778 794 818 826 834 850 
X^597:  261 269 277 285 325 333 517 525 533 541 557 573 581 613 621 629 637 653 661 677 693 709 717 725 733 741 765 773 781 829 837 845 853 
X^598:  256 328 336 512 584 656 680 704 728 744 752 776 784 800 824 848 
X^599:  339 563 571 579 587 667 691 699 707 723 731 739 763 771 803 811 827 835 843 851 
X^600:  326 334 558 654 726 742 750 814 822 
X^601:  337 569 593 657 673 689 697 713 737 753 761 777 793 817 841 
X^602:  332 340 548 572 652 668 708 732 748 764 772 780 788 796 812 820 828 836 844 852 
X^603:  559 575 663 679 703 719 727 743 751 783 791 823 839 847 
X^604:  330 546 570 578 650 666 674 690 706 722 730 746 754 762 786 794 
X^605:  325 333 341 549 557 565 573 581 661 685 693 725 741 781 797 813 837 845 
X^606:  320 328 552 576 584 648 672 680 688 720 736 760 776 800 824 832 
X^607:  323 339 547 555 563 579 595 683 699 715 739 747 755 763 779 819 
X^608:  318 326 558 582 646 670 678 702 710 734 742 750 758 782 798 822 830 846 
X^609:  329 569 593 649 657 665 697 729 769 785 809 817 825 
X^610:  540 548 556 572 580 588 644 668 684 700 716 740 756 772 780 796 804 820 836 844 
X^611:  319 327 335 543 551 679 687 695 703 719 727 735 751 759 791 799 823 847 
X^612:  538 546 554 562 570 586 594 642 658 682 690 714 722 738 746 762 770 778 794 818 834 850 
X^613:  317 333 541 573 589 597 653 693 709 725 733 749 757 781 797 813 821 837 845 853 
X^614:  312 320 584 592 640 656 672 688 704 712 728 736 744 760 768 784 792 800 808 824 840 848 
X^615:  323 339 547 555 571 595 651 659 667 675 683 691 699 715 731 771 819 827 
X^616:  310 318 542 566 574 590 638 654 662 670 686 694 718 726 742 750 774 814 846 
X^617:  321 329 337 561 569 641 689 705 721 769 809 833 841 849 
X^618:  316 332 340 532 548 564 572 580 596 636 676 684 700 716 724 732 740 764 772 788 796 804 812 844 
X^619:  327 335 543 551 559 567 575 583 591 647 655 671 679 687 695 735 759 767 775 791 799 807 823 831 
X^620:  314 338 530 546 562 586 634 658 674 682 698 730 754 762 770 778 794 810 826 
X^621:  309 317 325 333 341 533 541 565 581 589 597 645 661 669 701 717 725 741 757 765 773 781 813 821 829 
X^622:  304 312 536 544 560 576 592 632 648 680 704 712 728 736 744 768 792 800 824 832 
X^623:  307 331 339 531 539 555 563 579 587 651 659 675 683 691 699 715 731 739 755 763 787 795 803 819 843 851 
X^624:  302 310 334 574 590 630 646 670 678 694 718 726 790 822 830 838 846 
X^625:  313 337 553 561 569 577 593 633 641 657 665 681 689 705 713 721 729 753 761 777 785 793 809 825 
X^626:  324 524 532 548 556 564 628 644 652 660 668 676 692 700 732 748 764 772 796 804 828 836 
X^627:  303 311 327 335 527 535 543 567 575 647 655 663 679 687 703 711 735 751 759 807 
X^628:  314 322 330 522 530 554 562 570 586 626 706 714 738 754 762 770 786 794 810 834 
X^629:  301 317 333 525 541 565 573 597 637 653 661 669 677 701 741 749 781 789 805 845 
X^630:  296 304 336 560 576 584 592 624 648 656 680 696 704 712 736 752 760 792 800 808 
X^631:  307 315 331 339 531 555 587 635 659 675 683 699 715 723 739 747 755 763 771 795 803 827 835 843 
X^632:  294 302 326 334 526 550 558 566 574 622 654 686 694 710 734 742 750 758 774 782 798 814 830 838 
X^633:  305 321 537 545 553 577 625 641 665 673 689 713 721 729 761 785 801 809 817 825 841 
X^634:  300 308 316 516 540 548 556 564 572 580 620 636 652 716 724 732 740 756 788 812 820 852 
X^635:  311 335 527 535 551 567 575 583 631 647 663 671 679 687 727 735 751 767 783 815 847 
X^636:  298 314 322 514 538 546 562 578 618 634 642 650 658 674 690 706 714 730 754 762 778 810 850 
X^637:  293 301 309 325 333 517 525 533 541 557 565 581 589 597 629 653 661 685 709 749 757 765 773 797 821 829 837 845 853 
X^638:  288 296 520 544 560 568 584 616 640 656 672 680 696 744 768 784 808 832 848 
X^639:  291 339 515 523 539 547 555 563 571 651 667 675 691 699 715 723 747 763 771 787 795 803 811 819 835 843 
X^640:  286 294 334 470 526 550 558 566 574 590 614 638 662 686 710 750 774 790 814 822 838 846 
X^641:  297 313 329 553 577 585 617 625 633 649 657 705 721 737 753 761 793 817 
X^642:  308 316 324 468 508 516 524 540 556 564 572 580 588 596 612 636 644 652 668 676 708 748 756 764 780 788 796 804 812 836 844 
X^643:  287 295 327 511 519 527 535 551 567 575 647 655 663 695 719 727 743 759 767 775 783 791 815 831 
X^644:  306 322 330 466 506 514 522 530 546 562 570 586 610 626 642 650 666 674 706 722 730 746 794 810 818 826 834 
X^645:  285 301 317 325 333 341 469 509 557 565 621 677 685 701 709 717 725 765 773 789 797 813 821 837 
X^646:  280 288 312 464 536 552 568 576 584 608 624 656 712 720 736 744 752 760 776 792 800 816 824 
X^647:  291 299 307 323 331 515 531 547 555 563 595 619 627 635 643 683 691 699 755 763 787 795 803 843 851 
X^648:  278 286 510 574 606 622 630 670 678 686 694 710 718 726 750 758 766 774 798 814 838 846 
X^649:  289 297 321 329 337 545 553 561 577 609 641 657 665 673 705 721 729 737 753 785 801 809 825 833 
X^650:  284 308 324 500 516 532 540 556 572 588 596 604 636 644 660 668 676 684 692 700 732 740 748 764 772 780 812 820 852 
X^651:  303 311 511 535 551 559 567 575 583 591 615 623 639 671 687 695 703 711 719 735 743 751 767 775 783 799 815 823 839 
X^652:  282 298 322 338 498 514 538 554 570 602 626 634 642 666 674 690 722 738 754 818 834 
X^653:  277 285 293 301 309 317 325 469 501 509 533 541 549 565 573 581 597 613 629 637 677 685 693 701 717 725 733 749 765 789 845 853 
X^654:  272 280 304 312 320 336 504 512 528 536 552 560 568 592 600 616 632 664 680 704 712 728 736 744 760 776 784 808 816 824 832 
X^655:  275 291 299 307 315 323 339 499 507 515 531 555 571 587 595 619 627 643 667 675 691 699 707 723 731 747 755 763 795 803 811 827 
X^656:  270 278 310 326 454 534 550 598 614 630 638 646 662 670 686 694 710 718 774 790 798 806 830 838 846 
X^657:  281 297 305 321 337 529 561 569 577 601 609 625 641 649 665 673 705 729 785 793 817 
X^658:  300 316 332 340 452 492 500 516 540 548 580 596 612 620 636 668 676 684 732 740 748 764 772 796 804 828 836 844 852 
X^659:  271 279 287 295 303 311 319 335 495 503 519 535 559 575 583 615 623 631 663 687 695 703 719 743 759 767 783 791 807 823 839 
X^660:  282 298 322 330 450 466 490 498 522 554 562 586 594 626 650 674 682 690 714 730 746 762 770 794 810 818 826 842 
X^661:  269 285 301 325 453 461 469 493 509 557 565 573 581 597 605 621 629 637 677 693 701 709 717 733 749 765 781 853 
X^662:  264 272 320 336 448 464 520 536 552 576 584 592 616 640 656 664 672 680 688 744 768 792 808 832 840 848 
X^663:  275 499 507 515 523 547 555 579 603 627 635 643 659 699 739 747 755 795 819 835 843 851 
X^664:  262 270 326 462 494 534 558 582 590 654 662 670 718 742 758 782 806 814 
X^665:  273 329 465 505 529 561 569 577 593 609 625 633 649 657 673 681 689 697 705 713 729 737 753 761 777 785 793 817 825 849 
X^666:  268 276 316 324 332 460 484 508 532 548 556 564 572 580 596 604 644 652 668 684 692 700 708 716 724 740 756 772 788 804 820 
X^667:  335 495 511 551 559 567 575 591 599 615 639 655 671 695 711 727 743 751 775 783 791 807 823 839 
X^668:  266 306 314 322 330 338 458 482 506 514 530 554 570 602 610 626 642 650 658 666 674 690 714 722 778 794 842 850 
X^669:  261 269 277 341 469 485 493 501 509 517 533 549 621 629 677 685 693 709 733 741 749 757 765 773 781 789 797 805 813 837 853 
X^670:  256 264 320 456 488 512 520 544 552 560 568 576 584 592 608 616 624 648 656 664 672 680 704 712 752 760 776 784 792 824 840 848 
X^671:  259 275 339 467 483 491 499 515 531 579 619 635 651 667 675 683 691 723 739 763 771 787 803 811 835 851 
X^672:  254 262 454 494 518 542 550 566 590 606 614 638 662 670 678 694 702 718 726 742 750 766 774 782 806 814 822 830 846 
X^673:  265 305 329 457 465 505 553 569 593 601 633 649 657 665 689 697 705 729 745 753 761 769 777 785 793 801 809 833 841 849 
X^674:  300 316 332 340 452 468 476 484 492 508 516 548 588 604 620 636 644 652 660 668 708 724 732 740 748 764 796 812 820 828 836 844 
X^675:  255 263 271 303 319 327 463 479 487 527 535 567 583 615 623 631 639 655 671 687 695 727 743 767 791 799 807 815 823 831 847 
X^676:  306 314 322 450 474 482 490 498 506 530 538 546 570 594 618 626 642 650 658 682 690 706 714 722 754 762 778 786 794 810 818 826 842 850 
X^677:  253 269 309 317 333 461 477 509 541 549 557 573 581 589 597 629 645 653 661 669 709 725 757 773 789 805 813 821 829 837 845 853 
X^678:  248 256 328 448 464 528 544 552 568 584 592 608 624 648 672 680 688 752 760 768 784 800 808 816 848 
X^679:  259 275 299 331 339 467 483 491 507 523 531 539 555 579 595 603 611 619 627 635 699 715 723 731 739 747 755 763 771 779 787 795 811 827 835 851 
X^680:  246 254 310 326 446 462 478 502 510 518 526 534 542 550 558 566 574 590 598 606 622 630 638 654 662 670 678 686 694 702 710 726 742 774 782 798 814 822 830 838 846 
X^681:  257 265 273 305 313 321 449 465 497 505 529 545 569 585 593 625 665 705 713 721 745 761 777 785 801 809 833 841 849 
X^682:  252 268 276 308 316 324 340 444 460 468 484 500 508 540 556 588 612 620 660 676 716 724 732 740 748 772 780 788 796 812 828 844 
X^683:  263 271 295 463 479 487 495 503 511 535 551 567 591 607 615 623 631 647 671 687 695 703 719 727 735 759 767 799 807 823 831 847 
X^684:  250 274 290 314 322 330 442 458 466 482 498 514 522 530 538 546 554 570 610 618 650 658 666 714 722 738 746 762 778 826 850 
X^685:  245 253 261 269 277 317 325 333 453 469 477 501 525 549 557 573 589 605 637 645 653 669 717 725 741 749 781 789 821 829 837 845 
X^686:  240 248 336 440 456 472 480 496 512 536 552 576 592 616 632 640 648 656 680 696 712 720 744 752 760 768 776 792 800 808 816 824 832 840 
X^687:  243 267 275 291 307 315 323 331 451 459 475 491 499 539 555 563 571 579 595 611 619 627 635 651 659 675 683 691 739 763 779 827 843 
X^688:  238 246 270 310 438 454 510 542 550 566 574 590 606 614 662 678 702 710 718 726 734 742 750 758 766 774 790 798 806 814 822 
X^689:  249 273 289 297 321 329 441 449 457 465 489 497 505 521 537 545 569 601 617 625 633 665 673 697 705 713 721 729 745 753 777 809 825 
X^690:  260 284 292 316 332 340 436 460 468 484 492 500 508 532 540 564 572 580 596 604 612 636 652 660 668 676 716 732 740 756 764 772 780 804 812 828 844 
X^691:  239 247 263 271 303 311 447 455 471 479 503 511 527 543 551 575 599 615 623 639 647 655 671 687 695 719 727 735 743 751 775 791 799 807 815 823 839 
X^692:  250 258 266 298 306 330 338 434 450 458 490 498 522 538 546 578 594 626 650 666 698 722 730 738 746 762 770 778 794 802 826 842 
X^693:  237 253 269 293 309 317 333 445 461 477 501 517 533 573 589 597 605 613 653 661 669 709 717 725 733 741 749 765 773 837 853 
X^694:  232 240 272 296 320 328 336 432 464 496 504 512 528 552 568 576 616 624 632 648 656 672 680 712 720 728 744 752 760 768 776 784 792 
X^695:  243 251 267 275 307 315 323 339 467 491 515 531 611 619 643 651 659 667 675 683 691 771 803 811 827 843 851 
X^696:  230 238 262 270 302 318 430 486 494 510 542 558 566 582 590 630 638 686 710 726 734 758 782 790 798 814 822 
X^697:  241 257 297 305 313 321 329 433 465 473 481 489 513 529 537 553 569 577 601 609 665 673 689 721 729 737 753 761 769 793 801 809 817 841 
X^698:  236 244 252 284 292 316 324 340 428 452 460 476 484 492 508 516 524 620 692 708 716 740 764 772 780 788 828 
X^699:  247 271 303 319 463 471 487 503 511 535 543 559 567 575 591 599 607 615 623 631 639 647 655 663 679 703 711 727 735 767 775 799 815 839 847 
X^700:  234 250 258 274 282 290 306 426 450 458 466 474 482 522 530 562 586 610 618 626 650 666 730 738 762 786 794 818 826 842 850 
X^701:  229 237 245 261 269 293 301 317 325 333 437 453 461 469 477 493 517 533 557 573 621 629 645 653 661 709 717 749 757 765 773 781 797 829 845 
X^702:  224 232 296 312 328 424 480 496 504 512 520 592 608 672 680 688 712 720 768 800 808 824 832 840 
X^703:  227 275 291 315 323 331 435 451 459 467 475 483 491 499 507 515 523 531 547 563 571 603 611 627 651 659 683 699 707 731 747 755 771 787 803 827 843 
X^704:  222 230 270 278 286 294 310 318 326 406 422 454 462 486 494 502 518 526 550 582 598 614 622 630 654 670 710 734 750 758 774 790 798 814 
X^705:  233 249 265 273 329 337 425 433 457 489 497 513 569 577 585 593 617 625 641 649 657 665 673 681 689 713 729 737 761 793 817 833 841 
X^706:  244 252 260 268 276 284 300 316 332 404 420 436 444 476 500 516 524 532 556 572 580 588 596 604 628 636 644 676 708 716 724 732 740 748 756 764 780 796 820 828 836 844 852 
X^707:  223 231 263 271 303 311 319 327 335 431 447 455 463 471 487 495 519 543 551 583 591 599 655 703 711 735 743 751 759 767 775 783 791 815 823 831 
X^708:  242 258 266 282 290 298 306 314 322 338 402 418 442 458 466 482 490 498 506 522 530 546 554 570 578 586 602 642 666 674 698 706 714 730 754 770 778 786 810 834 850 
X^709:  221 237 253 261 269 277 317 333 405 429 445 469 517 565 573 589 597 613 637 645 661 669 677 693 701 725 733 781 805 813 821 829 837 845 853 
X^710:  216 224 248 272 280 288 296 304 320 328 400 416 432 448 464 472 504 528 536 544 560 576 608 632 640 648 656 680 688 696 704 712 720 728 736 744 752 760 816 840 848 
X^711:  227 235 243 259 291 299 307 315 331 435 451 459 483 499 507 515 571 579 595 627 651 667 699 707 723 731 739 747 755 771 779 787 843 851 
X^712:  214 222 286 294 302 318 326 334 414 430 462 486 502 510 518 614 622 630 646 654 670 686 694 702 710 734 742 758 766 774 782 806 822 830 838 
X^713:  225 233 257 265 281 305 313 329 417 433 449 481 489 521 529 553 577 601 625 633 665 681 689 705 721 737 745 761 769 801 809 825 833 841 
X^714:  220 244 260 276 300 308 316 324 340 412 428 436 444 452 468 476 484 492 532 548 580 588 596 612 628 636 660 668 676 684 708 716 724 740 748 764 772 796 804 820 836 844 852 
X^715:  239 247 263 327 431 447 455 463 471 535 559 567 575 583 607 615 623 631 639 679 727 735 751 767 831 839 
X^716:  218 234 274 290 314 338 410 426 434 442 466 474 482 490 514 522 530 538 546 554 610 618 634 666 682 690 698 706 714 738 746 754 762 802 810 818 842 
X^717:  213 221 229 237 245 253 261 301 325 405 421 437 445 469 477 501 517 533 541 589 597 621 645 653 661 685 693 701 749 765 789 797 805 813 829 837 845 
X^718:  208 216 240 248 256 280 296 312 328 336 408 424 448 456 472 488 504 552 568 576 584 592 616 624 648 656 664 672 688 720 744 752 760 768 784 792 800 832 840 848 
X^719:  211 227 235 243 251 275 283 299 307 339 419 427 443 451 459 467 483 499 507 515 531 539 547 555 563 587 595 603 611 643 651 659 683 691 723 731 747 755 763 779 787 803 819 827 843 851 
X^720:  206 214 246 270 294 302 318 326 390 406 422 438 454 470 486 494 574 582 606 646 686 694 702 710 718 726 742 750 758 774 782 798 822 830 846 
X^721:  217 233 241 265 273 281 289 305 329 337 409 417 425 433 441 481 489 529 545 553 561 569 577 617 625 633 641 649 681 689 697 713 729 745 777 793 801 809 817 825 833 
X^722:  236 268 276 284 292 300 308 316 324 332 340 388 404 428 444 452 460 468 484 492 524 540 548 564 572 588 596 604 612 644 652 668 676 684 692 724 732 740 748 756 772 788 820 836 844 852 
X^723:  207 215 223 231 239 247 255 271 287 303 415 423 439 447 463 471 495 503 535 543 551 559 583 591 599 631 639 655 671 679 711 719 735 759 767 775 791 799 823 831 
X^724:  218 234 290 298 314 386 418 426 434 458 466 474 514 530 546 554 562 578 618 634 666 674 682 706 714 722 730 738 754 778 834 842 850 
X^725:  205 221 237 261 301 309 317 333 389 397 405 413 429 445 453 461 477 485 501 509 517 533 549 565 597 605 613 621 645 653 677 685 693 709 757 773 797 829 845 853 
X^726:  200 208 272 296 320 328 336 384 464 520 528 536 552 568 600 616 624 648 672 680 688 696 720 728 736 744 760 768 784 800 808 832 
X^727:  211 283 307 315 323 435 443 451 459 467 507 515 523 531 539 547 555 563 571 587 595 603 611 635 643 667 675 683 691 699 715 731 763 827 835 851 
X^728:  198 206 270 326 334 430 454 462 518 534 542 574 582 590 598 614 622 654 694 710 726 758 766 790 830 838 846 
X^729:  209 273 289 305 313 329 337 441 513 521 537 553 569 593 609 625 633 649 657 665 673 689 697 705 721 737 745 785 793 801 809 817 825 841 849 
X^730:  204 212 268 284 324 332 420 444 460 468 524 532 540 548 572 580 588 604 620 636 644 660 692 700 708 724 732 748 756 764 788 804 820 844 852 
X^731:  279 295 319 335 431 447 503 511 527 551 559 567 575 599 615 623 655 679 703 711 719 727 735 743 751 759 767 775 783 791 799 831 
X^732:  202 266 282 290 306 322 330 418 442 450 458 514 554 562 570 578 586 594 602 618 626 634 650 658 674 682 690 706 722 730 746 754 762 778 786 794 834 842 850 
X^733:  197 205 213 277 301 309 325 333 341 421 429 437 445 461 469 525 541 549 581 597 613 653 661 669 693 709 741 757 765 781 789 797 813 829 853 
X^734:  192 200 264 288 296 304 320 328 336 424 528 536 544 552 576 584 592 608 632 688 696 704 712 744 752 768 776 784 792 832 840 848 
X^735:  195 211 299 315 323 331 419 427 435 499 507 531 555 579 587 595 611 619 627 635 651 683 691 699 707 715 723 731 755 763 779 787 851 
X^736:  190 198 262 286 294 430 446 502 526 550 566 606 614 622 630 646 654 710 726 742 750 758 766 774 782 790 798 806 846 
X^737:  201 265 273 281 313 329 337 441 457 465 505 529 537 545 569 601 641 649 665 697 705 713 729 745 753 777 793 809 833 841 849 
X^738:  260 284 300 316 340 412 420 428 444 452 460 500 508 524 532 548 556 572 580 596 612 628 652 684 692 700 716 724 772 796 804 820 828 836 844 
X^739:  191 199 207 295 303 311 327 415 423 447 455 463 495 503 535 543 551 583 599 607 623 631 663 671 679 687 711 743 759 783 791 799 815 839 
X^740:  258 274 298 306 410 418 426 434 442 458 466 498 522 546 554 570 578 586 610 618 634 650 658 666 674 682 690 698 706 714 722 746 794 802 810 826 842 
X^741:  189 205 269 309 317 325 413 469 501 517 525 557 565 589 597 605 621 629 669 685 693 733 773 789 805 821 829 837 845 853 
X^742:  184 192 256 272 288 304 312 440 448 456 464 496 504 544 552 560 584 600 608 616 632 664 672 680 688 712 720 736 744 768 824 832 
X^743:  195 211 267 275 283 291 299 307 315 323 331 339 419 427 443 451 491 499 523 547 563 579 587 603 643 651 659 667 675 691 707 731 739 755 763 771 811 819 835 851 
X^744:  182 190 254 270 278 286 302 318 326 334 414 462 502 518 526 550 558 566 598 614 622 638 646 654 662 686 694 710 718 726 734 742 758 790 798 806 814 830 846 
X^745:  193 201 209 257 305 329 433 441 449 457 465 497 505 529 537 545 553 569 585 593 673 681 689 713 721 729 737 753 761 769 777 785 793 809 817 833 849 
X^746:  188 204 212 252 292 300 324 332 404 420 436 452 460 500 524 532 548 556 564 572 604 612 644 660 684 692 716 732 740 748 764 772 780 804 828 836 844 
X^747:  199 207 263 271 287 295 303 311 327 415 423 431 439 447 487 495 503 527 535 543 567 575 607 631 639 655 663 679 703 711 719 751 759 767 791 815 831 847 
X^748:  186 210 250 274 290 298 322 330 402 418 434 442 458 466 506 530 538 562 578 586 602 626 642 650 658 674 682 706 714 722 730 746 762 778 802 826 834 842 
X^749:  181 189 197 205 213 261 277 285 309 405 413 445 509 533 549 565 573 613 629 637 653 661 669 685 693 701 717 773 781 789 797 821 829 845 
X^750:  176 184 248 264 296 304 312 320 328 408 416 440 448 464 512 520 544 552 560 568 576 592 600 608 616 632 640 648 672 688 704 720 736 752 816 824 832 840 848 
X^751:  179 203 211 267 275 291 299 315 331 403 411 427 451 467 483 491 507 515 523 563 571 579 603 611 627 635 651 667 691 707 715 731 747 755 763 771 779 795 803 819 827 835 843 
X^752:  174 182 206 246 262 286 294 302 430 438 446 486 502 510 526 534 542 550 558 566 598 630 646 670 678 686 694 710 718 734 750 758 774 782 798 806 822 830 
X^753:  185 209 249 257 273 281 297 305 313 329 337 425 433 449 489 553 585 593 601 625 641 649 665 673 689 697 737 745 753 769 777 793 801 809 833 841 
X^754:  196 244 260 268 276 284 292 308 396 404 420 428 436 452 484 508 516 532 540 580 588 604 620 628 636 652 676 708 716 724 732 756 764 780 796 804 828 836 844 852 
X^755:  175 183 199 207 263 271 279 295 311 335 399 407 415 431 447 455 463 479 487 503 511 519 527 535 543 567 583 607 623 631 647 655 663 679 703 711 719 735 743 751 767 775 783 799 831 839 847 
X^756:  186 194 202 242 322 330 338 394 402 426 434 450 482 490 498 570 578 586 610 634 642 666 690 706 722 730 754 786 794 802 818 826 834 842 850 
X^757:  173 189 205 253 269 277 285 293 301 317 325 397 413 429 437 461 469 485 501 509 517 525 549 557 565 573 589 613 621 637 669 677 701 725 733 757 781 797 813 837 853 
X^758:  168 176 208 240 264 272 304 320 424 448 456 480 488 520 528 544 560 568 576 584 592 608 632 648 664 688 696 704 712 720 728 736 744 752 760 776 792 800 824 
X^759:  179 187 203 211 251 275 291 299 307 315 323 339 403 427 435 443 467 475 483 491 499 515 523 571 579 611 619 627 643 659 683 707 723 731 739 747 763 779 819 835 851 
X^760:  166 174 198 206 238 270 294 326 334 398 438 446 454 462 486 494 510 518 526 534 550 558 606 614 630 646 654 670 678 686 694 710 718 726 758 766 774 806 814 830 838 846 
X^761:  177 193 241 257 281 289 329 409 417 425 433 481 489 497 505 513 521 529 537 577 585 601 625 633 641 665 673 681 697 705 713 745 769 801 809 825 
X^762:  172 180 188 236 252 268 300 324 388 412 420 452 508 516 532 548 556 572 604 612 620 628 636 660 676 684 692 700 716 732 748 772 804 828 836 844 852 
X^763:  183 207 247 263 279 287 295 303 327 335 399 407 423 447 455 463 471 479 495 503 511 519 559 567 583 599 607 623 631 639 647 655 671 679 687 719 727 735 743 751 759 767 775 783 791 799 815 831 839 847 
X^764:  170 186 194 234 250 258 266 274 290 298 322 338 386 410 418 426 434 442 482 490 498 522 530 546 554 570 578 586 602 618 626 642 650 658 674 690 698 706 714 730 746 754 770 778 802 818 826 
X^765:  165 173 181 197 205 245 269 277 293 389 397 405 413 421 469 493 509 517 533 541 549 565 581 589 597 621 637 645 653 661 669 693 701 717 733 781 797 805 813 853 
X^766:  160 168 232 256 272 312 320 328 336 392 424 432 440 456 488 496 504 536 544 576 584 592 648 672 688 712 728 736 760 768 776 800 808 824 832 840 848 
X^767:  163 211 267 283 315 331 339 387 395 411 427 435 443 475 499 507 523 531 587 595 619 635 643 651 659 675 683 699 707 715 723 731 747 755 763 771 787 795 811 827 
X^768:  86 158 166 206 230 254 278 286 294 302 318 342 398 414 430 438 446 486 494 510 518 534 566 590 614 622 638 662 678 686 694 702 718 726 734 742 766 790 806 814 822 830 
X^769:  169 185 201 233 241 249 265 273 297 305 321 329 441 449 473 489 497 521 529 537 545 553 561 569 609 617 673 697 713 745 753 761 769 785 809 817 833 841 
X^770:  84 180 188 196 228 252 260 268 284 292 300 332 380 388 396 412 428 460 468 476 484 508 516 524 540 548 556 572 580 588 596 612 620 628 660 692 708 764 772 788 796 812 844 
X^771:  159 167 199 263 271 279 287 295 383 391 399 407 415 439 447 455 463 471 495 503 535 543 583 599 615 631 639 671 679 695 703 711 743 751 767 783 807 815 823 839 
X^772:  82 178 194 202 226 242 258 266 282 290 298 314 378 386 394 402 418 442 450 482 506 522 538 546 554 562 570 594 602 610 618 626 650 658 666 682 690 698 714 722 738 746 762 770 778 786 794 802 810 826 842 850 
X^773:  85 157 173 189 197 205 213 237 285 293 301 309 341 381 413 437 445 453 461 469 485 493 501 509 533 549 565 573 581 597 621 637 645 669 677 693 701 725 741 749 781 813 829 845 
X^774:  80 152 160 184 224 240 272 280 288 296 320 336 416 424 448 456 472 480 488 496 504 512 520 528 552 560 568 584 616 632 640 648 656 672 680 688 704 712 720 736 752 760 776 784 792 800 816 840 
X^775:  163 171 179 195 203 235 243 251 259 291 387 403 451 491 515 523 555 563 595 619 643 651 667 691 699 707 723 731 755 763 795 835 851 
X^776:  150 158 222 238 246 278 302 318 334 382 406 414 446 470 478 518 566 574 582 590 598 606 646 654 670 686 694 734 758 766 774 782 790 798 806 814 846 
X^777:  161 169 193 201 209 225 257 273 281 297 337 433 457 473 481 505 521 529 537 545 553 561 577 593 601 625 665 673 681 689 721 737 745 753 777 785 793 801 809 817 841 
X^778:  156 180 196 220 252 260 276 308 372 388 404 428 436 444 452 460 476 484 524 532 548 556 572 588 596 612 620 636 668 676 684 692 708 724 732 748 764 772 780 812 828 836 844 852 
X^779:  175 183 231 239 255 287 303 319 327 335 383 407 423 447 471 503 519 535 559 567 583 607 679 687 711 719 735 751 759 799 807 815 823 831 839 847 
X^780:  154 170 194 210 218 242 250 258 306 314 370 386 442 450 466 482 490 498 506 522 530 562 570 594 602 610 642 650 682 690 698 706 746 754 778 786 794 
X^781:  85 149 157 165 173 181 189 197 229 245 253 277 285 293 309 317 325 373 381 429 477 509 589 597 605 613 621 629 661 669 685 701 709 733 749 757 765 773 789 845 853 
X^782:  144 152 176 184 192 208 216 232 248 272 296 304 312 320 328 376 384 424 448 472 480 496 544 552 592 608 632 664 672 680 696 712 720 736 752 776 792 824 848 
X^783:  147 163 171 179 187 195 211 235 243 259 275 283 331 339 371 379 387 419 435 475 515 563 571 579 595 603 635 643 651 659 667 707 731 739 755 763 771 787 811 835 
X^784:  70 142 150 182 198 214 230 246 254 262 270 286 302 310 318 334 398 422 438 454 478 486 510 542 566 574 582 590 598 614 638 654 670 678 694 718 726 734 774 798 814 830 838 
X^785:  153 169 177 193 209 217 225 241 257 265 297 313 321 337 401 409 425 441 457 465 473 489 497 505 529 545 553 569 593 609 625 633 649 657 665 673 681 729 745 769 777 785 817 849 
X^786:  68 172 188 204 228 236 252 300 308 324 332 340 364 372 388 412 420 428 444 452 460 484 524 540 548 580 604 628 676 700 708 732 756 772 780 788 820 828 844 852 
X^787:  143 151 159 167 175 183 191 207 231 239 247 271 295 303 311 327 367 375 391 399 415 423 439 447 463 471 479 487 495 503 511 543 583 591 623 639 647 671 679 703 711 719 735 767 783 791 799 807 815 
X^788:  66 82 154 170 194 202 210 242 266 306 314 322 330 338 362 370 394 410 434 450 458 466 474 482 490 506 546 554 562 570 586 602 618 634 642 666 682 698 722 730 770 786 810 826 842 850 
X^789:  69 77 85 141 157 173 197 221 237 245 253 269 301 309 317 325 365 381 397 413 437 445 461 469 477 501 517 533 541 557 573 589 629 645 653 669 677 685 717 733 741 749 781 797 805 829 
X^790:  64 80 136 144 192 232 256 264 288 328 400 408 424 464 472 488 496 504 528 544 568 592 624 640 656 688 696 704 728 736 744 768 776 792 800 808 840 
X^791:  147 219 243 251 259 283 291 315 331 371 379 387 395 403 419 427 443 459 467 475 483 491 507 523 531 539 563 603 611 619 643 659 667 675 691 707 723 731 739 747 763 787 795 811 827 851 
X^792:  78 134 142 198 206 262 286 294 302 326 366 390 398 406 430 454 462 470 478 510 526 534 582 614 622 630 646 662 670 686 694 718 734 758 774 782 790 814 822 830 838 
X^793:  81 145 201 209 225 241 249 265 297 337 377 433 441 465 473 489 497 513 529 561 569 577 593 601 625 641 657 665 673 697 705 721 729 737 745 753 777 793 825 849 
X^794:  76 140 148 188 196 220 260 308 316 324 332 356 380 396 420 428 436 476 492 524 572 588 596 604 612 620 628 644 660 668 676 692 700 732 740 756 772 780 812 820 836 
X^795:  207 215 231 255 271 279 287 295 303 319 327 335 367 383 423 431 463 487 511 527 535 551 559 567 591 623 631 639 647 655 663 679 751 767 775 791 807 815 839 847 
X^796:  74 138 178 186 194 210 218 226 242 258 290 298 306 330 354 378 386 394 402 426 434 458 466 482 522 538 554 602 610 618 626 642 658 674 682 706 714 738 754 770 802 810 818 834 
X^797:  85 133 141 149 237 245 261 269 301 309 333 341 357 365 373 381 397 421 461 469 477 493 501 509 533 557 565 573 589 605 613 637 645 669 701 717 725 733 749 757 765 789 797 821 829 837 853 
X^798:  72 128 136 192 200 224 232 240 256 272 280 296 312 320 328 336 360 416 424 432 440 456 472 480 488 520 536 544 552 584 608 632 648 656 680 688 696 704 720 736 744 752 776 784 800 808 816 824 840 
X^799:  83 131 147 211 235 251 259 267 283 307 323 331 355 363 371 435 443 451 467 483 499 507 515 523 531 539 579 595 611 619 651 675 683 691 699 723 731 739 755 763 779 787 803 811 827 835 843 
X^800:  70 126 134 198 222 230 262 278 302 310 326 334 366 382 414 422 494 502 526 566 582 598 606 614 622 630 646 678 686 702 718 726 758 766 774 790 798 806 822 838 
X^801:  73 81 137 177 209 217 249 337 377 393 425 433 457 473 481 489 505 513 537 545 553 577 585 593 633 649 673 681 697 713 721 729 753 761 777 809 817 
X^802:  68 84 172 188 196 204 212 220 236 252 260 284 292 300 340 348 356 364 380 388 420 428 436 460 468 476 484 492 524 540 556 572 580 588 692 716 740 748 756 764 772 796 804 836 844 
X^803:  79 127 135 143 175 191 199 231 239 247 263 279 311 351 359 383 391 407 447 463 471 495 503 511 527 543 551 559 567 575 599 623 631 639 647 655 671 695 703 719 751 799 815 839 
X^804:  66 178 186 210 234 242 258 290 306 322 330 338 346 354 362 370 378 402 410 418 450 458 474 482 498 506 562 578 594 610 618 626 642 658 666 690 714 730 738 746 754 762 802 810 842 850 
X^805:  77 125 141 181 189 245 253 261 269 301 309 333 349 397 413 421 429 461 469 477 493 509 525 533 541 549 557 565 573 581 589 629 669 677 709 717 741 765 789 813 821 837 845 853 
X^806:  64 80 120 128 192 200 208 224 240 248 256 280 312 376 384 400 416 424 432 464 488 504 520 544 552 584 656 664 672 688 712 736 744 752 760 768 776 800 816 840 848 
X^807:  83 131 147 171 219 227 235 243 251 259 275 283 307 315 339 355 363 379 387 395 411 427 435 451 459 491 499 507 539 547 563 579 587 619 627 659 667 675 683 691 771 779 787 795 835 843 851 
X^808:  62 78 118 126 182 190 198 206 214 222 238 262 270 286 326 350 390 398 406 414 422 430 438 446 486 502 510 518 534 566 574 590 614 630 638 654 662 678 686 702 726 766 790 798 814 822 830 838 846 
X^809:  65 81 129 137 145 177 185 241 257 265 273 281 329 369 377 385 393 417 441 449 457 465 473 489 513 521 529 537 545 561 585 593 609 617 625 633 649 673 681 689 697 713 721 729 737 745 753 761 769 777 801 817 825 833 
X^810:  60 76 124 140 148 180 196 212 228 236 252 260 284 316 340 356 372 396 404 412 428 444 452 460 468 476 492 508 516 540 548 564 572 588 620 628 636 644 660 676 708 716 740 772 788 796 804 844 
X^811:  79 135 143 167 199 207 223 231 239 247 311 351 359 367 375 383 391 399 407 423 431 455 471 487 495 503 543 559 567 583 599 639 655 671 679 695 743 767 783 791 799 831 839 847 
X^812:  58 74 122 146 162 194 202 210 226 234 250 258 274 290 306 322 330 338 354 370 378 386 394 410 426 442 450 466 506 514 530 538 546 570 578 594 602 618 634 642 650 674 682 690 770 778 794 826 834 850 
X^813:  69 117 125 133 141 149 189 205 213 221 245 261 277 285 293 333 349 381 389 405 421 429 445 453 469 477 485 501 509 517 525 533 549 589 605 613 621 645 669 677 709 717 733 757 765 773 805 821 837 845 853 
X^814:  56 72 112 120 184 200 208 232 240 256 264 272 280 288 304 328 344 352 376 384 408 424 456 496 512 520 528 552 568 592 600 616 632 640 648 664 672 680 688 696 704 744 760 768 776 784 792 808 816 832 848 
X^815:  67 75 83 115 139 147 163 179 187 195 211 227 235 251 267 275 283 315 347 363 395 403 411 443 475 483 491 499 531 539 571 595 635 643 651 675 691 699 707 739 747 763 771 779 787 795 803 835 
X^816:  54 70 110 118 142 198 222 230 238 246 270 302 310 366 374 382 398 414 438 478 494 502 518 534 550 574 582 646 654 678 686 710 750 774 798 806 814 822 830 
X^817:  57 65 73 81 121 145 161 169 185 201 209 217 233 241 257 305 313 321 329 337 361 369 393 401 409 441 449 473 489 497 505 513 521 545 553 569 593 601 609 633 641 657 665 697 705 721 729 745 769 777 785 801 809 825 833 841 849 
X^818:  52 132 156 164 180 188 196 220 228 268 276 284 292 300 332 356 364 372 380 388 404 436 444 452 460 484 492 508 516 540 564 572 596 612 644 652 660 676 700 716 756 764 796 820 836 
X^819:  63 71 79 111 119 135 143 175 183 199 207 215 231 247 287 295 311 335 343 351 367 383 391 431 447 455 511 535 543 551 559 567 575 591 607 615 623 639 663 719 743 751 759 831 
X^820:  50 66 82 122 130 138 170 202 210 242 266 274 282 306 314 322 362 370 378 386 410 466 490 498 522 538 554 578 602 610 634 650 666 674 706 714 722 730 738 786 794 818 826 834 842 
X^821:  61 109 125 141 165 181 213 221 229 237 261 269 277 285 293 325 341 349 365 373 381 389 397 405 445 453 461 477 493 501 509 517 525 533 549 613 621 637 645 677 685 709 741 749 797 805 813 829 845 853 
X^822:  48 80 104 112 144 168 176 192 272 288 336 360 376 384 416 424 440 456 464 480 504 512 560 568 576 584 600 608 624 640 672 680 688 696 712 720 752 768 792 800 808 816 824 832 848 
X^823:  115 123 139 147 179 195 227 235 243 275 291 299 307 363 371 379 387 395 411 419 427 459 467 475 483 499 507 515 531 579 603 611 619 651 659 667 675 683 691 707 723 771 779 827 843 
X^824:  46 78 102 110 134 142 190 206 230 238 254 270 286 294 302 318 334 382 390 398 414 422 430 438 470 494 510 518 534 558 566 574 582 598 606 614 622 646 654 670 686 702 742 750 758 766 782 798 822 838 846 
X^825:  49 81 113 129 169 185 201 217 225 241 273 329 345 353 361 369 401 409 417 425 441 465 489 513 529 545 561 585 593 609 625 633 649 665 689 713 721 729 761 793 809 817 841 
X^826:  44 76 108 116 124 156 164 172 196 204 212 260 268 276 300 308 316 324 340 348 356 372 388 396 412 420 444 452 460 476 484 492 500 508 516 524 532 564 572 580 596 620 644 660 676 684 692 700 740 748 756 764 772 788 812 820 828 836 
X^827:  119 143 175 183 191 199 215 223 231 239 247 255 279 295 303 327 335 343 359 383 399 431 439 447 479 487 511 519 535 551 559 567 583 599 615 631 655 679 687 695 703 719 727 751 767 791 799 823 
X^828:  42 74 82 106 122 130 146 154 162 170 178 186 194 202 210 226 282 314 322 330 346 354 362 378 386 394 410 426 434 442 458 474 498 506 514 546 562 602 626 658 674 682 690 698 706 738 746 754 762 778 786 826 834 
X^829:  53 101 109 117 133 141 165 173 181 189 197 213 229 245 269 277 309 333 341 349 357 373 397 405 421 429 445 453 461 469 525 541 549 565 581 597 621 637 677 685 701 709 717 725 733 741 749 773 789 797 821 829 837 853 
X^830:  40 72 96 104 184 192 200 208 232 256 264 272 296 312 360 368 376 384 392 432 448 472 480 520 528 544 552 568 576 584 608 624 632 656 672 680 712 720 728 744 752 760 768 784 792 808 816 
X^831:  51 83 99 147 163 187 195 219 267 283 307 339 347 363 371 379 387 395 403 411 435 443 483 491 499 523 531 547 555 563 571 579 595 619 643 675 683 707 715 723 731 747 755 763 779 811 819 835 851 
X^832:  22 38 70 94 102 142 150 158 182 198 214 222 238 246 254 262 270 278 286 294 326 334 350 366 374 390 406 414 422 430 438 446 454 462 470 478 486 510 526 542 550 566 590 606 622 638 654 662 686 702 718 726 734 742 750 766 814 822 838 
X^833:  41 49 73 105 121 137 145 169 177 185 257 273 297 321 329 337 369 377 385 393 401 409 425 433 449 489 497 505 513 529 569 577 585 593 617 649 673 681 705 713 721 737 745 753 769 809 817 841 
X^834:  20 36 52 68 76 116 124 132 140 148 156 164 172 196 220 236 244 252 300 324 348 380 420 436 444 460 468 484 492 516 548 556 564 572 588 596 612 628 644 652 708 724 732 748 756 796 812 820 828 844 852 
X^835:  47 95 103 135 143 175 183 191 215 223 231 247 287 303 319 343 351 367 407 415 423 431 463 471 479 487 495 503 543 551 567 583 599 631 639 663 671 679 727 743 751 759 775 783 799 807 815 831 
X^836:  18 34 66 114 130 138 154 170 186 202 210 218 234 250 282 290 322 354 362 378 386 402 410 418 482 498 530 538 546 562 578 586 594 602 610 626 642 658 674 706 714 722 738 746 754 762 778 794 802 818 826 850 
X^837:  21 45 85 93 109 125 133 141 149 173 189 205 221 229 245 269 301 309 317 325 333 341 349 365 381 397 405 421 429 477 485 533 541 557 565 581 597 605 613 637 645 669 677 685 693 709 717 741 757 797 805 813 829 
X^838:  16 32 48 64 80 88 96 120 144 152 168 192 200 208 216 232 248 272 280 296 304 336 352 408 416 432 440 448 472 480 504 512 536 552 560 584 592 624 632 640 648 656 680 712 728 760 784 792 800 808 824 832 840 848 
X^839:  51 75 83 99 107 115 131 163 195 203 227 235 251 267 275 283 307 315 323 331 339 363 379 395 403 419 427 435 443 459 467 483 507 515 531 539 563 571 579 603 651 659 667 691 699 715 739 755 763 771 779 795 803 811 851 
X^840:  30 46 62 78 86 94 166 182 190 198 206 214 222 238 254 270 278 334 342 350 358 374 382 390 406 422 430 438 462 478 494 510 526 542 550 566 574 614 662 670 686 702 710 718 734 750 766 774 790 798 806 838 846 
X^841:  33 49 65 97 105 129 137 153 161 177 185 193 201 209 217 225 233 241 249 257 289 297 313 329 385 417 425 465 473 489 537 561 569 593 601 617 633 673 681 697 705 713 729 737 753 769 777 817 825 833 841 
X^842:  28 44 60 92 116 132 148 156 172 180 220 236 244 276 292 308 324 332 356 364 372 388 404 412 468 476 492 548 556 580 588 660 668 676 692 700 716 724 732 740 748 756 772 788 804 820 844 
X^843:  47 71 79 111 119 135 167 175 191 199 223 231 239 255 271 279 287 303 319 335 343 367 375 399 423 431 447 463 471 495 503 551 559 575 583 599 623 631 639 647 663 687 695 703 711 719 751 799 807 823 847 
X^844:  26 42 58 66 82 90 106 146 154 162 178 194 210 218 234 258 274 298 314 330 354 386 394 410 418 426 434 442 458 466 474 482 490 498 506 514 522 538 546 570 578 586 602 610 618 642 658 674 682 690 706 714 722 730 738 746 754 762 770 778 786 802 810 834 842 
X^845:  21 37 85 93 101 109 117 125 133 165 173 181 189 197 213 221 277 285 301 309 325 341 357 365 381 429 445 453 461 485 493 501 509 517 541 589 597 605 613 629 637 653 677 685 701 709 717 725 741 749 773 781 805 813 821 845 853 
X^846:  24 40 56 72 88 112 120 128 200 216 232 248 264 272 280 288 296 312 360 368 384 416 432 472 488 496 512 544 560 576 584 592 608 616 624 640 648 656 672 680 720 728 736 744 760 776 808 824 840 848 
X^847:  35 43 51 75 83 99 107 115 123 147 155 195 219 243 251 267 283 291 299 307 323 339 363 395 411 435 443 467 475 483 515 523 539 563 579 587 603 611 635 675 683 699 747 755 763 779 795 811 843 851 
X^848:  6 22 38 54 70 78 86 118 142 150 174 182 206 214 222 254 278 286 294 334 358 366 374 398 414 430 438 454 462 494 502 510 518 526 550 566 582 590 598 614 638 662 670 678 710 718 734 750 766 782 806 814 822 838 846 
X^849:  25 33 41 49 57 81 89 105 113 137 145 193 209 217 225 241 265 273 297 313 321 345 353 369 425 433 457 473 505 513 529 561 569 577 585 617 665 673 681 729 737 745 785 793 817 
X^850:  4 20 52 60 76 84 108 140 156 180 196 204 244 252 260 292 316 324 332 356 428 436 444 468 484 532 540 548 556 572 596 612 636 668 676 684 700 708 724 732 756 772 788 804 812 836 
X^851:  31 39 47 63 71 87 95 103 111 119 127 143 159 167 183 207 231 247 255 271 287 311 327 335 351 359 391 399 439 455 463 479 503 519 567 575 599 623 647 663 671 679 695 711 719 727 735 743 759 775 791 807 831 839 847 
X^852:  2 34 82 90 106 146 162 170 178 186 202 210 226 258 274 306 314 330 338 362 386 394 410 450 482 490 506 514 522 530 546 554 562 570 586 594 602 634 650 658 706 714 722 730 754 762 778 786 834 
X^853:  5 13 21 29 69 93 109 133 157 221 269 277 301 309 333 357 365 373 381 397 405 413 421 429 445 453 461 469 493 509 541 549 581 589 597 613 637 653 661 669 677 693 709 725 733 741 757 765 781 797 805 813 821 829 845 853 
X^854:  0 
checksum: 8972154