269
X^0:  270 
X^1:  
X^2:  268 
X^3:  
X^4:  266 
X^5:  269 
X^6:  264 
X^7:  
X^8:  262 
X^9:  
X^10:  260 
X^11:  
X^12:  258 
X^13:  261 
X^14:  256 
X^15:  
X^16:  
X^17:  
X^18:  
X^19:  
X^20:  266 
X^21:  
X^22:  264 
X^23:  
X^24:  262 
X^25:  265 
X^26:  260 268 
X^27:  
X^28:  266 
X^29:  269 
X^30:  
X^31:  267 
X^32:  
X^33:  
X^34:  268 
X^35:  263 
X^36:  250 
X^37:  
X^38:  248 264 
X^39:  259 
X^40:  246 262 
X^41:  249 265 
X^42:  244 252 
X^43:  255 
X^44:  250 258 
X^45:  253 
X^46:  
X^47:  267 
X^48:  
X^49:  
X^50:  268 
X^51:  263 
X^52:  234 266 
X^53:  
X^54:  232 
X^55:  259 
X^56:  230 
X^57:  233 
X^58:  228 236 260 
X^59:  255 
X^60:  234 258 
X^61:  237 269 
X^62:  264 
X^63:  235 251 267 
X^64:  262 
X^65:  265 
X^66:  236 252 268 
X^67:  231 247 
X^68:  218 250 
X^69:  
X^70:  216 232 256 
X^71:  227 243 267 
X^72:  214 230 254 262 
X^73:  217 233 257 265 
X^74:  212 220 244 260 268 
X^75:  223 239 255 263 
X^76:  218 226 242 
X^77:  221 253 261 
X^78:  256 264 
X^79:  267 
X^80:  254 262 
X^81:  
X^82:  252 
X^83:  
X^84:  202 250 266 
X^85:  253 261 269 
X^86:  200 248 256 264 
X^87:  259 267 
X^88:  198 246 254 
X^89:  201 
X^90:  196 204 244 252 260 268 
X^91:  263 
X^92:  202 242 250 258 266 
X^93:  205 245 269 
X^94:  240 248 264 
X^95:  203 267 
X^96:  238 246 262 
X^97:  257 265 
X^98:  204 236 252 260 268 
X^99:  199 247 263 
X^100:  186 234 250 258 266 
X^101:  237 245 269 
X^102:  184 200 232 240 
X^103:  195 251 259 267 
X^104:  182 198 230 238 246 262 
X^105:  185 201 
X^106:  180 188 228 236 244 252 
X^107:  191 239 247 263 
X^108:  186 194 226 234 250 
X^109:  189 229 245 253 269 
X^110:  224 232 248 
X^111:  203 235 251 259 
X^112:  222 230 246 254 
X^113:  249 
X^114:  204 220 260 268 
X^115:  199 255 
X^116:  170 202 218 234 266 
X^117:  221 229 237 
X^118:  168 216 224 232 240 256 264 
X^119:  195 227 235 
X^120:  166 214 222 238 254 
X^121:  169 241 265 
X^122:  164 172 196 212 220 228 236 260 
X^123:  191 231 239 255 263 
X^124:  170 194 210 218 226 234 
X^125:  173 205 213 237 253 269 
X^126:  200 208 216 240 248 
X^127:  171 187 203 243 
X^128:  198 206 214 246 254 
X^129:  201 225 
X^130:  172 188 220 228 
X^131:  167 183 215 231 239 247 
X^132:  154 186 202 218 226 242 
X^133:  205 213 253 261 
X^134:  152 168 192 200 208 224 232 
X^135:  163 179 203 219 227 235 243 251 259 267 
X^136:  150 166 190 206 214 222 246 
X^137:  153 169 193 201 225 265 
X^138:  148 156 180 212 220 228 252 
X^139:  159 175 191 199 207 215 223 231 239 263 
X^140:  154 162 178 194 202 218 226 242 250 258 266 
X^141:  157 189 213 221 229 237 245 253 
X^142:  240 248 264 
X^143:  235 259 267 
X^144:  238 246 254 
X^145:  249 257 265 
X^146:  260 268 
X^147:  231 255 263 
X^148:  138 234 250 
X^149:  237 253 261 
X^150:  136 240 
X^151:  227 251 259 
X^152:  134 238 246 254 262 
X^153:  137 233 241 265 
X^154:  132 140 228 236 268 
X^155:  223 247 255 
X^156:  138 234 242 250 266 
X^157:  141 229 253 
X^158:  224 256 264 
X^159:  139 219 243 259 267 
X^160:  222 246 254 262 
X^161:  241 
X^162:  140 236 
X^163:  135 215 231 239 247 255 263 
X^164:  122 218 242 250 
X^165:  221 253 269 
X^166:  120 136 240 256 264 
X^167:  131 211 227 251 259 267 
X^168:  118 134 254 262 
X^169:  121 137 217 241 249 265 
X^170:  116 124 212 220 244 260 
X^171:  127 207 239 247 255 
X^172:  122 130 218 226 266 
X^173:  125 213 253 
X^174:  208 216 248 256 264 
X^175:  139 203 227 235 251 259 
X^176:  206 214 230 246 254 262 
X^177:  217 225 233 241 249 257 265 
X^178:  140 220 228 244 252 260 
X^179:  135 199 223 247 255 263 
X^180:  106 138 202 242 258 
X^181:  205 
X^182:  104 208 216 224 232 256 
X^183:  131 195 219 227 235 243 259 
X^184:  102 206 230 246 254 
X^185:  105 201 209 
X^186:  100 108 132 196 204 212 220 236 244 252 260 268 
X^187:  127 191 215 231 
X^188:  106 130 202 234 250 258 
X^189:  109 141 197 213 221 229 245 253 
X^190:  136 192 208 216 224 240 248 256 
X^191:  107 123 139 187 211 219 227 235 
X^192:  134 190 222 246 262 
X^193:  137 209 233 241 257 
X^194:  108 124 140 204 236 252 
X^195:  103 119 183 199 207 215 223 247 
X^196:  90 122 186 210 218 234 242 250 258 266 
X^197:  189 213 253 
X^198:  88 104 128 264 
X^199:  99 115 139 179 195 211 243 267 
X^200:  86 102 126 134 206 214 246 254 
X^201:  89 105 129 137 185 209 225 241 249 257 
X^202:  84 92 116 132 140 180 188 204 212 236 252 260 
X^203:  95 111 127 135 175 207 223 231 239 247 263 
X^204:  90 98 114 186 194 202 210 226 242 266 
X^205:  93 125 133 181 221 229 237 245 269 
X^206:  128 136 176 184 200 216 224 232 240 248 256 264 
X^207:  139 171 195 203 219 227 235 267 
X^208:  126 134 174 182 190 214 230 246 254 
X^209:  185 193 201 217 249 257 265 
X^210:  124 196 204 220 244 252 260 
X^211:  167 191 199 223 255 
X^212:  74 122 138 170 186 202 218 226 242 
X^213:  125 133 141 173 189 197 221 245 253 269 
X^214:  72 120 128 136 176 200 208 216 232 240 256 
X^215:  131 139 163 187 195 235 243 267 
X^216:  70 118 126 174 182 190 206 214 238 262 
X^217:  73 169 177 209 241 265 
X^218:  68 76 116 124 132 140 164 172 196 212 260 
X^219:  135 159 183 191 207 
X^220:  74 114 122 130 138 170 178 186 210 226 250 258 266 
X^221:  77 117 141 165 189 205 213 237 245 269 
X^222:  112 120 136 160 192 232 240 248 256 
X^223:  75 139 155 179 195 203 211 235 251 259 267 
X^224:  110 118 134 158 182 190 206 230 246 254 262 
X^225:  129 137 177 201 233 
X^226:  76 108 124 132 140 172 204 212 220 228 236 244 252 268 
X^227:  71 119 135 151 167 175 183 191 207 239 247 255 
X^228:  58 106 122 130 138 154 178 226 234 242 258 
X^229:  109 117 141 157 189 205 237 245 269 
X^230:  56 72 104 112 176 184 208 224 232 256 
X^231:  67 123 131 139 147 163 187 203 243 259 
X^232:  54 70 102 110 118 134 182 206 214 222 230 246 254 
X^233:  57 73 153 177 193 225 233 249 265 
X^234:  52 60 100 108 116 124 148 156 188 196 228 268 
X^235:  63 111 119 135 143 175 183 191 207 215 223 247 263 
X^236:  58 66 98 106 122 154 162 186 194 202 226 258 
X^237:  61 101 117 125 141 149 205 221 229 237 253 269 
X^238:  96 104 120 144 152 216 248 264 
X^239:  75 107 123 131 139 163 171 203 227 243 259 
X^240:  94 102 118 126 142 150 166 190 206 214 222 254 262 
X^241:  121 153 161 169 177 193 201 217 249 257 
X^242:  76 92 132 140 156 164 180 196 204 212 228 268 
X^243:  71 127 135 159 183 199 215 231 239 255 
X^244:  42 74 90 106 170 178 186 210 226 266 
X^245:  93 101 109 141 189 205 213 221 229 245 269 
X^246:  40 88 96 104 112 128 136 144 152 160 176 184 192 200 208 224 232 264 
X^247:  67 99 107 131 155 163 171 179 195 203 227 235 267 
X^248:  38 86 94 110 126 142 174 190 206 222 238 254 262 
X^249:  41 113 145 169 177 201 209 233 241 257 
X^250:  36 44 68 84 92 100 108 140 148 156 164 188 196 220 252 260 
X^251:  63 103 111 135 151 167 175 223 
X^252:  42 66 82 90 98 106 138 178 186 194 202 210 226 250 258 266 
X^253:  45 77 85 109 125 133 141 149 157 165 173 189 197 213 237 261 
X^254:  72 80 88 112 120 128 144 152 160 168 176 184 200 208 224 232 240 248 
X^255:  43 59 75 115 123 147 155 163 171 179 211 227 243 267 
X^256:  14 70 78 86 118 158 166 174 182 190 206 214 222 230 
X^257:  73 97 145 177 193 201 209 241 249 
X^258:  12 44 60 92 100 140 180 188 196 220 228 236 252 260 
X^259:  39 55 87 103 111 135 143 151 159 167 175 183 223 231 239 263 
X^260:  10 26 58 74 90 98 114 122 146 170 178 186 202 210 218 250 258 266 
X^261:  13 77 85 133 149 253 261 269 
X^262:  8 24 40 64 72 80 96 104 152 160 168 176 192 216 224 240 248 264 
X^263:  35 51 75 91 99 107 123 139 147 163 179 203 235 259 267 
X^264:  6 22 38 62 78 86 94 118 142 158 166 174 198 206 238 246 262 
X^265:  25 41 65 73 97 121 137 145 153 169 177 209 217 233 
X^266:  4 20 28 52 84 92 100 116 140 156 172 196 204 220 244 252 260 
X^267:  31 47 63 71 79 87 95 103 135 143 159 167 199 207 215 223 247 255 263 
X^268:  2 26 34 50 66 74 90 98 114 146 154 186 226 234 242 
X^269:  5 29 61 85 93 101 109 125 165 205 213 221 229 237 245 261 269 
X^270:  0 
checksum: 279494