673
X^0:  674 
X^1:  
X^2:  672 
X^3:  
X^4:  
X^5:  
X^6:  
X^7:  
X^8:  
X^9:  673 
X^10:  672 
X^11:  
X^12:  670 
X^13:  
X^14:  668 
X^15:  
X^16:  666 
X^17:  665 673 
X^18:  
X^19:  
X^20:  
X^21:  
X^22:  
X^23:  
X^24:  
X^25:  657 673 
X^26:  656 
X^27:  
X^28:  654 
X^29:  
X^30:  652 
X^31:  
X^32:  642 650 
X^33:  649 657 665 
X^34:  640 672 
X^35:  671 
X^36:  
X^37:  
X^38:  
X^39:  667 
X^40:  
X^41:  673 
X^42:  
X^43:  663 671 
X^44:  
X^45:  
X^46:  668 
X^47:  659 667 
X^48:  658 666 
X^49:  673 
X^50:  656 
X^51:  655 
X^52:  670 
X^53:  
X^54:  
X^55:  651 667 
X^56:  666 
X^57:  665 
X^58:  656 664 
X^59:  647 655 663 671 
X^60:  654 
X^61:  669 
X^62:  660 
X^63:  643 651 667 
X^64:  642 
X^65:  649 657 
X^66:  640 672 
X^67:  639 671 
X^68:  670 
X^69:  669 
X^70:  668 
X^71:  635 667 
X^72:  
X^73:  641 673 
X^74:  
X^75:  631 639 663 
X^76:  662 
X^77:  661 
X^78:  636 660 
X^79:  627 635 659 
X^80:  626 634 
X^81:  641 673 
X^82:  624 664 
X^83:  623 655 
X^84:  638 654 662 
X^85:  653 
X^86:  652 660 
X^87:  619 635 651 
X^88:  634 658 
X^89:  633 657 665 
X^90:  624 632 656 
X^91:  615 623 631 639 647 
X^92:  622 646 654 
X^93:  637 645 
X^94:  628 644 652 
X^95:  611 619 635 643 
X^96:  610 642 650 
X^97:  617 625 665 
X^98:  608 
X^99:  607 
X^100:  670 
X^101:  
X^102:  668 
X^103:  603 
X^104:  
X^105:  609 641 673 
X^106:  640 664 672 
X^107:  599 607 663 
X^108:  638 662 
X^109:  669 
X^110:  604 636 660 668 
X^111:  595 603 659 
X^112:  594 602 634 
X^113:  609 633 641 673 
X^114:  592 656 664 672 
X^115:  591 663 671 
X^116:  606 654 662 670 
X^117:  669 
X^118:  652 668 
X^119:  587 603 659 667 
X^120:  602 650 666 
X^121:  601 625 641 665 673 
X^122:  592 600 624 664 
X^123:  583 591 599 607 647 655 663 
X^124:  590 622 646 654 670 
X^125:  605 653 661 669 
X^126:  596 620 644 652 660 668 
X^127:  579 587 603 643 651 
X^128:  546 578 618 642 666 
X^129:  585 593 617 625 633 657 665 
X^130:  544 576 608 640 648 656 664 672 
X^131:  575 607 639 655 663 671 
X^132:  606 638 646 654 
X^133:  605 661 669 
X^134:  604 636 644 652 668 
X^135:  571 603 635 651 659 
X^136:  642 650 658 666 
X^137:  545 577 649 
X^138:  544 608 632 648 656 672 
X^139:  567 575 599 639 647 655 663 671 
X^140:  542 598 606 630 638 646 662 
X^141:  597 637 653 
X^142:  540 572 596 604 628 636 644 
X^143:  563 571 595 635 643 651 
X^144:  538 562 570 602 626 642 650 
X^145:  537 545 577 601 641 673 
X^146:  560 600 648 656 664 
X^147:  559 591 623 631 647 655 663 
X^148:  574 590 598 622 638 654 662 670 
X^149:  589 637 645 653 661 669 
X^150:  588 596 620 628 
X^151:  555 571 587 619 627 635 643 659 667 
X^152:  570 594 618 626 634 642 650 
X^153:  529 545 569 601 609 633 641 657 673 
X^154:  528 560 568 632 640 656 672 
X^155:  551 559 567 575 583 631 647 663 
X^156:  526 558 582 614 622 630 638 654 
X^157:  573 581 621 629 637 
X^158:  524 564 580 612 628 636 644 652 660 
X^159:  547 555 571 579 627 651 
X^160:  514 522 546 578 618 626 
X^161:  521 529 537 553 561 585 593 617 625 633 649 665 
X^162:  512 640 648 664 
X^163:  639 671 
X^164:  638 646 
X^165:  637 653 
X^166:  636 644 
X^167:  635 667 
X^168:  634 642 666 
X^169:  641 665 
X^170:  632 640 672 
X^171:  631 
X^172:  630 638 670 
X^173:  629 645 661 
X^174:  628 636 
X^175:  627 667 
X^176:  626 634 658 666 
X^177:  633 641 665 
X^178:  624 632 656 664 
X^179:  623 663 671 
X^180:  622 630 662 670 
X^181:  621 637 653 
X^182:  620 628 668 
X^183:  619 659 
X^184:  618 626 642 666 
X^185:  625 649 657 673 
X^186:  616 624 640 648 672 
X^187:  615 647 655 663 671 
X^188:  614 622 654 670 
X^189:  613 629 
X^190:  612 620 668 
X^191:  611 643 667 
X^192:  610 618 634 658 
X^193:  617 625 665 
X^194:  608 616 632 648 656 664 
X^195:  607 639 655 
X^196:  606 614 646 654 662 670 
X^197:  605 621 669 
X^198:  604 612 644 652 660 668 
X^199:  603 635 651 667 
X^200:  602 610 634 642 650 658 666 
X^201:  609 633 
X^202:  600 608 648 656 
X^203:  599 647 671 
X^204:  598 606 646 670 
X^205:  597 613 629 661 669 
X^206:  596 604 636 644 
X^207:  595 635 643 659 
X^208:  594 602 626 642 650 658 666 
X^209:  601 609 633 673 
X^210:  592 600 624 640 648 656 
X^211:  591 631 655 
X^212:  590 598 646 
X^213:  589 605 621 653 661 
X^214:  588 596 628 644 
X^215:  587 627 635 
X^216:  586 594 610 626 642 
X^217:  593 617 625 641 665 673 
X^218:  584 592 608 616 624 632 648 656 664 
X^219:  583 615 623 639 647 663 671 
X^220:  582 590 630 638 646 670 
X^221:  581 597 645 653 661 669 
X^222:  580 588 620 628 636 644 652 660 668 
X^223:  579 611 627 635 651 667 
X^224:  578 586 602 618 634 666 
X^225:  585 593 633 657 
X^226:  576 584 600 664 
X^227:  575 607 663 
X^228:  574 582 654 662 670 
X^229:  573 589 653 661 669 
X^230:  572 580 660 
X^231:  571 603 651 659 
X^232:  570 578 602 650 658 
X^233:  577 601 
X^234:  568 576 608 648 656 664 
X^235:  567 647 
X^236:  566 574 606 670 
X^237:  565 581 597 645 661 
X^238:  564 572 644 660 
X^239:  563 603 667 
X^240:  562 570 594 602 650 
X^241:  569 577 601 665 
X^242:  560 568 592 600 648 656 672 
X^243:  559 599 607 647 655 663 
X^244:  558 566 598 606 638 646 670 
X^245:  557 573 589 637 645 653 669 
X^246:  556 564 604 644 652 660 
X^247:  555 595 635 643 651 659 667 
X^248:  554 562 578 602 634 642 
X^249:  561 585 593 609 641 657 665 
X^250:  552 560 576 584 608 632 640 648 656 664 
X^251:  551 583 591 599 607 631 647 671 
X^252:  550 558 590 606 646 662 
X^253:  549 565 629 645 653 661 669 
X^254:  548 556 604 628 652 
X^255:  547 579 603 643 651 659 667 
X^256:  546 554 570 594 634 642 650 658 
X^257:  553 561 601 633 657 
X^258:  544 552 568 584 592 600 632 640 672 
X^259:  543 575 591 631 639 655 663 
X^260:  542 550 582 590 598 606 622 630 646 670 
X^261:  541 557 605 621 629 637 653 661 669 
X^262:  540 548 580 588 596 604 628 636 644 652 
X^263:  539 571 587 603 619 627 635 
X^264:  538 546 570 578 586 594 602 618 626 634 658 
X^265:  545 569 657 665 673 
X^266:  536 544 584 592 616 624 640 656 
X^267:  535 583 607 615 631 639 
X^268:  534 542 582 606 630 638 646 654 670 
X^269:  533 549 565 597 605 613 629 637 645 661 
X^270:  532 540 572 580 612 652 660 
X^271:  531 571 579 595 627 643 667 
X^272:  530 538 562 578 586 594 602 618 626 634 650 
X^273:  537 545 569 609 633 641 
X^274:  528 536 560 576 584 592 616 640 648 664 
X^275:  527 567 591 615 631 639 655 663 671 
X^276:  526 534 582 606 614 622 630 654 662 670 
X^277:  525 541 557 589 597 605 613 621 637 645 653 669 
X^278:  524 532 564 580 612 636 652 660 668 
X^279:  523 563 571 603 611 627 643 659 
X^280:  522 530 546 562 578 602 610 618 634 658 666 
X^281:  529 553 561 577 601 625 633 641 649 657 
X^282:  520 528 544 552 560 568 584 592 608 648 664 672 
X^283:  519 551 559 575 583 607 623 631 639 647 
X^284:  518 526 566 574 582 606 662 
X^285:  517 533 581 589 605 613 629 637 645 653 661 669 
X^286:  516 524 556 564 572 580 588 604 612 620 628 652 660 668 
X^287:  515 547 563 571 587 603 635 667 
X^288:  514 522 538 554 570 626 642 650 658 666 
X^289:  521 529 569 593 601 633 649 
X^290:  512 520 536 
X^291:  511 543 
X^292:  510 518 638 646 654 
X^293:  509 525 645 669 
X^294:  508 516 644 
X^295:  507 539 635 659 
X^296:  506 514 538 634 666 
X^297:  513 537 625 641 673 
X^298:  504 512 544 648 
X^299:  503 647 
X^300:  502 510 542 630 638 670 
X^301:  501 517 533 637 645 669 
X^302:  500 508 636 
X^303:  499 539 627 635 667 
X^304:  498 506 530 538 634 658 666 
X^305:  505 513 537 617 641 665 
X^306:  496 504 528 536 640 
X^307:  495 535 543 623 639 663 671 
X^308:  494 502 534 542 638 646 654 662 670 
X^309:  493 509 525 637 645 669 
X^310:  492 500 540 620 644 
X^311:  491 531 635 643 659 667 
X^312:  490 498 514 538 634 650 658 666 
X^313:  497 521 529 545 609 657 665 673 
X^314:  488 496 512 520 544 616 624 632 656 672 
X^315:  487 519 527 535 543 615 623 631 639 647 
X^316:  486 494 526 542 622 638 646 654 662 
X^317:  485 501 621 629 645 653 661 669 
X^318:  484 492 540 612 620 628 636 660 
X^319:  483 515 539 627 635 643 
X^320:  482 490 506 530 610 626 658 666 
X^321:  489 497 537 601 617 625 649 657 665 
X^322:  480 488 504 520 528 536 608 648 664 672 
X^323:  479 511 527 631 639 655 
X^324:  478 486 518 526 534 542 606 614 630 638 
X^325:  477 493 541 613 621 629 637 645 653 661 
X^326:  476 484 516 524 532 540 612 628 644 652 668 
X^327:  475 507 523 539 603 619 635 651 
X^328:  474 482 506 514 522 530 538 602 618 634 642 650 
X^329:  481 505 593 609 649 657 
X^330:  472 480 520 528 640 656 
X^331:  471 519 543 655 663 
X^332:  470 478 518 542 598 606 630 646 654 662 670 
X^333:  469 485 501 533 541 605 653 661 669 
X^334:  468 476 508 516 604 612 644 652 
X^335:  467 507 515 531 595 603 643 
X^336:  466 474 498 514 522 530 538 602 634 642 658 
X^337:  473 481 505 545 585 609 633 641 657 665 
X^338:  464 472 496 512 520 528 608 624 632 648 656 672 
X^339:  463 503 527 591 607 615 631 647 655 
X^340:  462 470 518 622 630 646 654 670 
X^341:  461 477 493 525 533 637 653 
X^342:  460 468 500 516 588 620 636 644 652 660 
X^343:  459 499 507 627 635 
X^344:  458 466 482 498 514 618 634 642 666 
X^345:  465 489 497 513 537 545 577 609 625 649 657 673 
X^346:  456 464 480 488 496 504 520 528 536 584 592 624 640 664 
X^347:  455 487 495 511 519 535 543 583 591 607 623 663 
X^348:  454 462 502 510 518 542 590 606 614 622 638 646 670 
X^349:  453 469 517 525 533 541 589 613 629 661 669 
X^350:  452 460 492 500 508 516 524 532 540 580 588 604 612 620 636 652 660 
X^351:  451 483 499 507 523 539 595 603 627 643 651 659 667 
X^352:  450 458 474 490 506 538 578 594 618 626 634 650 658 666 
X^353:  457 465 505 529 569 585 593 601 633 657 665 
X^354:  448 456 472 536 576 608 624 640 656 672 
X^355:  447 479 535 607 663 671 
X^356:  446 454 526 534 542 574 582 590 606 614 622 630 646 662 
X^357:  445 461 525 533 541 581 605 621 629 637 645 653 669 
X^358:  444 452 532 580 604 612 628 636 644 668 
X^359:  443 475 523 531 571 595 603 619 627 643 
X^360:  442 450 474 522 530 570 618 626 634 642 650 658 
X^361:  449 473 561 577 609 633 641 673 
X^362:  440 448 480 520 528 536 584 600 608 616 624 640 664 672 
X^363:  439 519 583 599 607 615 623 647 655 663 671 
X^364:  438 446 478 542 566 574 598 606 638 646 662 
X^365:  437 453 469 517 533 573 581 613 629 637 645 653 661 
X^366:  436 444 516 532 572 596 612 636 652 
X^367:  435 475 539 563 571 595 619 627 643 651 
X^368:  434 442 466 474 522 570 610 618 634 650 
X^369:  441 449 473 537 553 577 601 609 633 673 
X^370:  432 440 464 472 520 528 544 576 592 608 616 640 656 672 
X^371:  431 471 479 519 527 535 559 575 591 599 607 615 623 631 647 671 
X^372:  430 438 470 478 510 518 542 574 582 606 614 630 638 646 654 662 
X^373:  429 445 461 509 517 525 541 573 581 605 613 621 629 653 
X^374:  428 436 476 516 524 532 556 580 588 596 612 628 652 660 
X^375:  427 467 507 515 523 531 539 571 579 587 595 603 627 643 651 667 
X^376:  426 434 450 474 506 514 570 594 602 634 642 650 658 666 
X^377:  433 457 465 481 513 529 537 545 593 601 609 617 633 673 
X^378:  424 432 448 456 480 504 512 520 528 536 552 560 568 584 608 616 
X^379:  423 455 463 471 479 503 519 543 551 559 567 575 591 607 631 639 655 663 671 
X^380:  422 430 462 478 518 534 558 574 590 598 606 614 646 662 
X^381:  421 437 501 517 525 533 541 557 565 581 597 605 613 621 629 637 653 661 669 
X^382:  420 428 476 500 524 548 556 564 572 580 596 604 652 668 
X^383:  419 451 475 515 523 531 539 563 571 587 603 635 643 651 
X^384:  418 426 442 466 506 514 522 530 562 578 586 602 610 626 658 
X^385:  425 433 473 505 529 537 553 561 585 625 649 657 665 673 
X^386:  416 424 440 456 464 472 504 512 544 576 584 592 600 608 616 632 640 672 
X^387:  415 447 463 503 511 527 535 567 591 615 623 655 671 
X^388:  414 422 454 462 470 478 494 502 518 550 566 582 590 598 606 614 622 630 638 654 662 670 
X^389:  413 429 477 493 501 509 525 533 541 549 557 565 573 581 605 613 629 645 661 
X^390:  412 420 452 460 468 476 500 508 516 524 548 564 572 588 596 612 620 636 652 660 
X^391:  411 443 459 475 491 499 507 539 555 595 603 635 643 651 659 667 
X^392:  410 418 442 450 458 466 474 490 498 506 530 538 554 578 594 618 650 
X^393:  417 441 537 545 585 601 649 665 
X^394:  408 416 456 464 488 496 512 528 544 568 584 624 632 648 
X^395:  407 455 479 487 503 511 567 575 583 599 607 615 623 631 647 663 
X^396:  406 414 454 478 502 510 518 526 534 542 582 590 622 630 670 
X^397:  405 421 437 469 477 485 501 509 517 533 541 573 581 589 621 629 637 653 661 
X^398:  404 412 444 452 484 524 532 548 564 588 604 612 636 644 652 660 668 
X^399:  403 443 451 467 499 515 531 563 571 579 587 619 635 643 
X^400:  402 410 434 450 458 466 474 490 498 506 522 562 586 594 602 610 634 642 650 
X^401:  409 417 441 481 505 513 521 537 569 585 593 609 649 665 
X^402:  400 408 432 448 456 464 488 512 520 536 544 568 576 592 600 608 616 624 632 640 648 664 672 
X^403:  399 439 463 487 503 511 535 551 559 567 591 607 615 631 655 663 
X^404:  398 406 454 478 486 494 502 526 534 542 590 614 630 638 646 662 670 
X^405:  397 413 429 461 469 477 485 493 509 517 525 541 573 581 613 621 653 661 
X^406:  396 404 436 452 484 508 532 540 564 572 596 628 644 660 
X^407:  395 435 443 475 483 499 515 531 555 563 571 619 627 651 659 
X^408:  394 402 418 434 450 474 482 490 506 530 538 570 578 594 626 650 666 
X^409:  401 425 433 449 473 497 505 521 561 577 593 601 609 633 641 665 
X^410:  392 400 416 424 432 440 456 464 480 536 544 552 576 608 616 648 656 
X^411:  391 423 431 447 455 479 495 503 511 527 543 551 575 583 599 607 615 631 655 
X^412:  390 398 438 446 454 478 534 542 558 622 630 638 646 654 662 670 
X^413:  389 405 453 461 477 485 501 509 517 533 541 549 557 565 581 589 597 605 613 621 629 645 669 
X^414:  388 396 428 436 444 452 460 476 484 492 500 516 524 532 556 580 588 604 660 668 
X^415:  387 419 435 443 459 475 507 531 547 555 563 571 579 627 635 643 659 
X^416:  386 394 410 426 442 498 514 538 546 570 594 618 634 642 666 
X^417:  393 401 441 465 473 521 561 569 585 593 617 625 641 665 673 
X^418:  384 392 408 544 608 616 632 640 656 672 
X^419:  383 415 543 599 607 615 639 655 
X^420:  382 390 590 598 606 622 638 662 670 
X^421:  381 397 589 597 621 629 645 653 661 669 
X^422:  380 388 596 620 652 668 
X^423:  379 411 539 587 595 603 611 619 659 
X^424:  378 386 410 586 602 610 618 626 634 642 666 
X^425:  385 409 545 609 617 625 657 
X^426:  376 384 416 584 608 616 624 632 648 672 
X^427:  375 535 543 583 599 607 615 623 631 647 671 
X^428:  374 382 414 614 646 654 670 
X^429:  373 389 405 581 613 621 637 653 
X^430:  372 380 540 580 596 612 668 
X^431:  371 411 531 539 595 619 643 651 659 667 
X^432:  370 378 402 410 530 538 594 618 634 642 658 666 
X^433:  377 385 409 545 609 633 641 
X^434:  368 376 400 408 528 616 624 656 664 672 
X^435:  367 407 415 527 583 607 639 647 
X^436:  366 374 406 414 542 574 582 598 606 622 630 638 654 662 670 
X^437:  365 381 397 573 581 613 621 637 645 653 
X^438:  364 372 412 580 588 644 660 
X^439:  363 403 523 539 571 579 603 643 651 667 
X^440:  362 370 386 410 538 570 586 610 626 634 650 658 666 
X^441:  369 393 401 417 537 577 609 625 641 665 673 
X^442:  360 368 384 392 416 528 536 568 592 600 608 616 640 
X^443:  359 391 399 407 415 519 527 535 543 567 591 623 631 663 
X^444:  358 366 398 414 526 582 598 606 614 622 654 670 
X^445:  357 373 541 565 589 613 629 637 645 661 669 
X^446:  356 364 412 532 564 604 612 620 636 644 652 668 
X^447:  355 387 411 515 523 539 635 
X^448:  354 362 378 402 514 602 610 626 642 650 658 
X^449:  361 369 409 521 529 569 585 617 633 649 657 673 
X^450:  352 360 376 392 400 408 512 544 584 600 608 624 632 664 
X^451:  351 383 399 511 543 567 583 591 599 623 639 647 655 
X^452:  350 358 390 398 406 414 542 558 566 582 590 606 662 670 
X^453:  349 365 413 541 557 565 605 645 653 
X^454:  348 356 388 396 404 412 540 564 572 580 604 620 628 644 652 
X^455:  347 379 395 411 507 539 555 563 579 587 603 627 635 643 659 
X^456:  346 354 378 386 394 402 410 554 578 586 610 634 642 666 
X^457:  353 377 513 545 577 585 601 609 625 633 657 665 673 
X^458:  344 352 392 400 552 568 584 608 648 672 
X^459:  343 391 415 503 511 535 551 583 591 607 623 639 647 671 
X^460:  342 350 390 414 534 566 590 598 614 630 646 670 
X^461:  341 357 373 405 413 533 549 573 589 597 605 621 637 669 
X^462:  340 348 380 388 508 532 548 580 588 604 612 620 628 652 
X^463:  339 379 387 403 499 507 531 571 579 587 595 611 627 643 651 667 
X^464:  338 346 370 386 394 402 410 498 506 570 594 610 626 650 666 
X^465:  345 353 377 417 513 545 601 657 673 
X^466:  336 344 368 384 392 400 496 536 560 600 624 632 648 656 672 
X^467:  335 375 399 495 527 551 559 599 623 
X^468:  334 342 390 510 526 534 542 550 558 590 606 630 646 
X^469:  333 349 365 397 405 525 541 549 597 613 621 629 645 653 661 669 
X^470:  332 340 372 388 524 532 548 564 572 596 604 612 636 660 
X^471:  331 371 379 491 507 523 539 547 555 579 587 595 603 635 643 
X^472:  330 338 354 370 386 506 530 538 570 578 586 602 610 618 626 634 642 
X^473:  337 361 369 385 409 417 505 529 537 545 585 609 617 633 641 657 
X^474:  328 336 352 360 368 376 392 400 408 496 504 528 536 552 576 584 592 600 608 624 632 648 656 
X^475:  327 359 367 383 391 407 415 487 495 503 511 519 535 551 567 599 607 615 623 639 647 
X^476:  326 334 374 382 390 414 494 518 526 574 598 606 614 630 646 654 
X^477:  325 341 389 397 405 413 509 517 533 589 597 637 645 653 661 669 
X^478:  324 332 364 372 380 388 396 404 412 500 516 524 532 548 564 572 588 596 604 612 628 644 652 
X^479:  323 355 371 379 395 411 483 491 507 515 547 555 563 579 587 603 611 619 643 659 667 
X^480:  322 330 346 362 378 410 482 514 522 546 554 570 610 626 650 658 666 
X^481:  329 337 377 401 489 497 553 561 569 593 601 617 625 633 649 657 
X^482:  320 328 344 408 480 544 552 568 592 616 632 648 672 
X^483:  319 351 407 479 535 543 551 575 591 607 639 647 663 
X^484:  318 326 398 406 414 526 534 558 582 590 598 614 622 630 638 670 
X^485:  317 333 397 405 413 525 533 557 565 589 597 613 629 645 653 661 
X^486:  316 324 404 532 540 556 580 588 628 644 660 
X^487:  315 347 395 403 475 523 531 539 547 555 571 603 619 627 643 659 667 
X^488:  314 322 346 394 402 522 538 546 554 562 578 610 618 650 666 
X^489:  321 345 481 513 553 609 617 625 649 665 673 
X^490:  312 320 352 392 400 408 512 520 536 552 560 568 576 624 632 640 648 664 
X^491:  311 391 471 479 519 543 551 559 567 599 623 639 655 663 671 
X^492:  310 318 350 414 510 534 550 566 582 590 598 606 622 646 662 
X^493:  309 325 341 389 405 517 541 549 557 581 589 605 613 621 629 645 653 661 669 
X^494:  308 316 388 404 476 508 516 540 548 596 620 628 636 660 668 
X^495:  307 347 411 467 475 555 563 571 579 587 603 627 635 643 659 
X^496:  306 314 338 346 394 466 474 506 530 554 570 578 594 602 610 626 634 642 666 
X^497:  313 321 345 409 481 505 513 553 577 585 601 617 625 649 665 673 
X^498:  304 312 336 344 392 400 416 464 528 536 544 552 560 576 592 616 632 656 664 672 
X^499:  303 343 351 391 399 407 463 519 535 559 583 599 607 647 
X^500:  302 310 342 350 382 390 414 478 510 518 526 558 566 582 622 638 646 654 662 670 
X^501:  301 317 333 381 389 397 413 509 517 541 549 557 589 597 621 637 645 661 669 
X^502:  300 308 348 388 396 404 516 540 556 628 644 668 
X^503:  299 339 379 387 395 403 411 459 475 507 515 531 571 587 595 627 635 643 659 
X^504:  298 306 322 346 378 386 474 506 538 546 562 586 594 610 650 658 
X^505:  305 329 337 353 385 401 409 473 497 537 545 577 593 601 617 633 649 657 673 
X^506:  296 304 320 328 352 376 384 392 400 408 464 472 496 504 528 544 568 576 584 592 600 608 624 672 
X^507:  295 327 335 343 351 375 391 415 455 463 471 479 503 519 535 551 575 583 647 663 
X^508:  294 302 334 350 390 406 462 494 526 534 550 558 574 582 590 598 614 630 638 646 662 670 
X^509:  293 309 373 389 397 405 413 477 501 533 541 549 557 573 605 621 629 653 669 
X^510:  292 300 348 372 396 468 492 500 516 524 532 556 564 580 612 620 636 660 
X^511:  291 323 347 387 395 403 411 451 459 475 515 523 563 579 603 611 635 651 659 
X^512:  162 290 298 314 338 378 386 394 402 450 490 514 554 578 586 610 618 626 634 650 
X^513:  297 305 345 377 401 457 465 489 497 521 529 553 569 593 601 617 625 657 665 
X^514:  160 288 296 312 328 336 344 376 384 416 448 480 512 528 544 560 568 616 624 640 648 656 664 
X^515:  287 319 335 375 383 399 407 447 479 503 511 519 543 559 567 583 599 607 647 655 663 
X^516:  286 294 326 334 342 350 366 374 390 414 478 494 502 510 550 566 582 606 614 662 
X^517:  285 301 349 365 373 381 397 405 413 477 493 501 533 549 557 565 573 581 589 613 637 
X^518:  284 292 324 332 340 348 372 380 388 396 476 500 524 548 556 572 596 604 620 628 644 652 660 668 
X^519:  283 315 331 347 363 371 379 443 475 491 499 507 515 531 555 563 579 587 595 603 611 643 651 
X^520:  282 290 314 322 330 338 346 362 370 378 402 490 530 546 554 578 586 594 602 610 626 634 642 666 
X^521:  161 289 313 401 409 417 449 513 529 537 545 569 577 593 601 617 633 665 
X^522:  160 280 288 328 336 360 368 384 400 480 488 528 544 592 600 608 632 672 
X^523:  279 327 351 359 375 383 439 447 471 487 511 535 559 575 607 623 631 647 663 
X^524:  158 278 286 326 350 374 382 390 398 414 470 478 510 518 526 534 550 566 574 590 598 614 622 646 654 670 
X^525:  277 293 309 341 349 357 373 381 389 405 469 485 533 557 573 605 613 621 637 661 
X^526:  156 276 284 316 324 356 396 404 444 468 476 484 500 508 524 540 556 604 612 628 652 
X^527:  275 315 323 339 371 387 411 435 443 467 539 547 563 587 595 603 635 643 651 659 
X^528:  154 274 282 306 322 330 338 346 362 370 378 394 434 442 474 498 506 514 522 530 546 562 570 594 602 610 618 642 650 666 
X^529:  153 161 281 289 313 353 377 385 449 473 513 521 545 553 569 593 609 641 
X^530:  272 280 304 320 328 336 360 384 392 408 432 472 496 520 528 544 560 568 576 608 632 640 648 
X^531:  271 311 335 359 375 383 399 407 415 431 463 487 503 519 543 551 567 591 623 655 671 
X^532:  270 278 326 350 358 366 374 398 406 414 446 462 470 478 486 510 534 558 598 606 614 622 638 662 670 
X^533:  269 285 301 333 341 349 357 365 381 389 397 413 461 477 485 509 517 525 541 549 557 573 581 589 597 605 613 621 629 637 645 669 
X^534:  268 276 308 324 356 380 396 404 412 460 468 484 492 508 524 532 540 548 556 564 580 588 604 612 620 636 644 668 
X^535:  267 307 315 347 355 371 387 403 427 443 459 475 483 499 507 523 555 563 603 611 651 659 
X^536:  266 274 290 306 322 346 354 362 378 402 410 442 466 474 490 498 538 546 554 586 610 634 650 
X^537:  145 161 273 297 305 321 345 369 377 385 393 401 441 473 505 521 545 553 561 569 593 601 609 617 633 641 657 673 
X^538:  144 264 272 288 296 304 312 328 336 352 392 408 416 432 440 472 488 504 536 552 560 584 592 608 624 632 
X^539:  263 295 303 319 327 351 367 375 383 391 423 431 439 447 455 471 487 527 559 567 599 607 639 647 655 663 
X^540:  142 262 270 310 318 326 350 406 430 454 486 494 502 526 534 558 566 574 598 614 630 638 670 
X^541:  261 277 325 333 349 357 373 381 389 397 405 413 445 453 469 493 501 509 533 549 557 573 581 589 597 605 637 669 
X^542:  140 260 268 300 308 316 324 332 348 356 364 372 396 404 412 436 452 468 572 580 596 620 636 644 660 
X^543:  259 291 307 315 331 347 379 411 419 427 443 451 483 491 515 531 563 595 619 635 651 659 667 
X^544:  130 138 258 266 282 298 314 370 386 394 402 410 418 450 482 498 506 514 522 530 554 570 586 594 602 610 634 650 666 
X^545:  137 145 153 265 273 313 337 345 377 393 425 433 457 465 473 505 521 529 537 561 577 593 601 617 649 
X^546:  128 160 256 264 280 416 480 488 504 520 528 536 560 576 592 616 664 
X^547:  159 255 287 415 471 479 487 527 647 663 
X^548:  254 262 382 390 398 462 470 478 494 518 534 550 558 566 590 598 606 614 622 638 654 662 
X^549:  253 269 389 413 461 469 493 501 509 517 533 541 557 565 605 613 637 653 661 
X^550:  252 260 388 468 492 508 516 524 548 564 572 588 604 620 628 644 668 
X^551:  155 251 283 379 403 411 459 467 475 483 491 507 531 555 563 579 595 603 611 619 635 643 667 
X^552:  250 258 282 378 410 458 474 482 490 498 538 554 562 578 586 594 610 634 642 650 658 
X^553:  161 257 281 369 385 481 489 497 513 529 537 569 577 617 625 633 649 657 673 
X^554:  248 256 288 392 456 480 488 496 512 520 536 544 552 560 568 584 616 624 656 
X^555:  151 159 247 391 407 415 455 471 479 487 495 519 535 551 559 575 591 599 647 663 
X^556:  246 254 286 374 382 414 486 502 510 518 526 534 574 606 614 622 662 670 
X^557:  245 261 277 381 389 413 453 485 493 501 509 517 525 533 541 549 573 581 597 605 621 629 653 669 
X^558:  156 244 252 380 412 452 468 484 500 508 532 540 548 572 588 604 628 636 668 
X^559:  147 155 243 283 371 379 403 467 491 499 515 523 539 555 563 571 579 587 611 643 651 
X^560:  146 154 242 250 274 282 378 466 490 498 514 530 538 546 554 562 586 610 634 642 
X^561:  161 249 257 281 361 385 409 417 481 537 545 577 585 633 641 649 665 
X^562:  144 240 248 272 280 384 400 488 504 528 552 560 568 576 592 608 616 624 640 656 664 672 
X^563:  143 239 279 287 367 383 399 407 415 455 479 495 511 519 527 535 543 551 559 567 583 599 623 631 647 663 671 
X^564:  158 238 246 278 286 382 390 398 406 446 454 470 478 510 534 550 566 574 598 614 622 630 638 646 662 670 
X^565:  237 253 269 381 389 413 445 453 485 517 549 581 589 605 621 645 653 661 
X^566:  236 244 284 364 388 452 460 492 500 516 524 540 548 564 572 580 604 628 652 668 
X^567:  139 155 235 275 379 387 395 403 443 451 475 491 515 531 539 563 571 579 587 603 627 651 
X^568:  154 234 242 258 282 378 394 402 442 458 482 490 506 514 530 554 562 578 586 594 610 618 626 634 658 
X^569:  153 241 265 273 289 353 401 417 449 481 513 521 529 537 553 609 617 625 649 657 665 
X^570:  144 152 232 240 256 264 288 360 368 376 408 416 440 464 472 480 496 528 544 608 648 656 664 672 
X^571:  135 143 151 159 231 263 271 279 287 359 367 375 383 399 407 415 439 463 487 495 503 559 567 575 583 591 631 647 655 663 671 
X^572:  142 230 238 270 286 366 382 390 406 454 470 478 518 542 550 558 566 582 598 614 646 662 
X^573:  157 229 245 365 373 389 397 405 437 461 509 517 525 533 541 557 597 605 621 629 637 653 661 669 
X^574:  148 228 236 284 356 364 372 380 436 476 508 524 540 556 564 596 604 612 620 636 644 660 668 
X^575:  131 139 155 227 259 283 371 379 395 411 483 507 523 555 571 587 595 635 643 659 667 
X^576:  130 226 234 250 274 354 370 386 402 410 474 490 498 506 530 546 562 578 586 594 602 634 650 658 666 
X^577:  137 145 233 241 281 345 361 369 409 441 457 497 505 521 545 553 561 593 625 657 665 
X^578:  128 160 224 232 248 264 272 280 352 384 392 408 456 472 488 496 512 520 552 568 576 592 608 624 656 
X^579:  127 159 223 255 271 375 399 415 439 455 463 471 479 495 511 519 551 559 567 583 591 599 607 623 639 647 
X^580:  158 222 230 262 270 278 286 350 358 374 382 414 430 438 454 462 486 510 534 542 566 590 
X^581:  157 221 237 285 357 365 373 381 389 397 405 413 429 437 493 517 533 541 557 565 597 613 629 645 
X^582:  156 220 228 260 268 276 284 356 372 388 396 436 444 452 484 492 500 508 516 572 596 604 612 644 652 660 668 
X^583:  123 155 219 251 267 283 347 363 395 411 427 435 451 459 499 507 515 563 571 579 587 603 627 643 
X^584:  218 226 250 258 266 274 282 346 362 378 386 394 426 450 458 474 506 538 554 586 602 618 626 
X^585:  129 161 225 249 337 353 385 393 401 417 449 457 473 497 561 593 601 609 617 625 633 641 649 657 673 
X^586:  216 224 264 272 384 400 424 440 456 472 504 512 520 536 544 552 560 568 576 584 600 608 616 624 648 656 672 
X^587:  119 127 151 215 263 287 375 383 399 423 455 463 471 479 495 503 519 527 559 567 575 583 591 599 607 623 639 655 671 
X^588:  150 214 222 262 286 342 350 374 390 398 414 438 462 478 486 534 550 558 590 598 638 662 670 
X^589:  149 213 229 245 277 285 349 397 413 421 445 461 477 485 493 501 517 533 541 565 605 637 661 
X^590:  124 148 212 220 252 260 348 356 380 388 396 404 420 452 460 468 484 492 508 524 548 580 588 596 604 612 652 660 668 
X^591:  115 123 147 211 251 259 275 339 347 371 379 387 403 443 451 459 483 531 555 571 579 587 603 611 627 651 659 667 
X^592:  114 122 210 218 242 258 266 274 282 346 370 386 402 442 474 482 498 506 522 538 546 562 578 602 610 658 
X^593:  129 161 217 225 249 289 329 353 377 401 409 417 481 505 513 521 529 537 545 577 585 601 617 673 
X^594:  112 152 208 216 240 256 264 272 352 376 392 400 408 416 432 464 496 504 520 528 544 552 568 576 624 632 640 648 656 
X^595:  111 143 207 247 271 335 351 359 367 375 391 423 431 463 471 503 519 527 543 551 575 599 607 631 639 655 663 
X^596:  126 142 150 206 214 262 366 374 382 390 406 422 430 470 478 494 518 542 574 582 590 598 606 614 670 
X^597:  141 205 221 237 269 277 381 413 421 461 469 477 485 501 533 541 557 573 581 605 613 629 669 
X^598:  140 148 204 212 244 260 332 364 380 388 420 436 444 460 476 484 492 508 524 532 540 548 564 572 588 596 604 612 620 644 660 668 
X^599:  107 123 139 203 243 251 363 371 395 411 419 427 451 467 475 491 499 515 539 555 563 579 587 595 603 611 619 627 635 651 659 
X^600:  122 146 202 210 226 242 258 362 386 402 442 450 466 474 506 522 586 610 626 634 642 650 658 
X^601:  121 145 153 209 233 241 257 281 289 321 353 369 377 393 409 457 465 481 497 505 513 521 537 545 585 593 609 625 641 649 665 673 
X^602:  112 120 144 200 208 224 232 240 248 264 272 280 328 336 376 384 400 424 448 472 496 520 528 544 576 584 592 616 624 632 672 
X^603:  103 111 119 127 135 199 231 239 255 263 279 287 327 335 351 359 375 383 391 423 439 455 471 479 487 495 511 519 527 535 551 567 583 591 599 615 623 639 647 
X^604:  110 134 142 198 206 246 254 262 286 334 350 358 382 398 414 446 454 462 470 478 518 526 534 550 558 566 574 582 590 598 614 622 646 654 662 670 
X^605:  125 133 197 213 261 269 277 285 333 357 373 381 389 413 453 461 493 509 525 533 541 549 557 565 573 589 597 613 629 637 
X^606:  116 132 140 196 204 236 244 252 260 268 276 284 324 332 348 356 364 372 380 388 420 436 444 452 468 476 492 516 532 548 556 596 612 620 628 636 652 660 668 
X^607:  99 107 123 131 195 227 243 251 267 283 339 347 355 363 371 379 395 403 411 419 427 435 459 475 483 499 515 523 539 579 587 595 611 619 627 635 643 651 659 667 
X^608:  98 130 138 194 202 218 234 250 282 322 338 354 362 370 378 386 402 410 418 426 442 450 458 474 506 522 530 538 562 570 578 586 634 666 
X^609:  105 113 153 201 209 249 273 313 329 337 345 361 369 377 401 409 425 433 441 457 473 489 529 537 569 585 601 617 649 657 
X^610:  96 192 200 216 280 320 368 384 400 424 440 448 456 464 472 480 488 496 504 512 520 528 536 544 552 560 568 592 600 616 624 632 640 664 672 
X^611:  95 191 223 279 423 463 479 511 519 535 551 559 591 599 607 615 631 639 655 671 
X^612:  158 190 198 270 278 286 318 326 334 350 358 366 374 390 398 430 446 462 470 478 510 526 534 574 582 590 598 606 614 638 654 662 
X^613:  189 205 269 277 285 325 349 365 373 381 389 405 413 429 437 445 469 485 493 517 525 533 549 581 597 605 621 629 645 653 661 
X^614:  156 188 196 276 324 348 356 372 380 388 404 428 444 460 476 484 508 516 524 532 540 548 556 564 572 596 604 612 628 636 644 660 
X^615:  91 187 219 267 275 315 339 363 371 387 395 403 411 419 427 475 603 611 627 643 659 
X^616:  186 194 218 266 274 314 362 370 378 386 402 410 418 426 434 442 482 498 514 546 554 562 586 602 610 618 626 642 666 
X^617:  97 129 161 193 217 305 321 377 417 425 449 473 481 489 497 505 513 521 537 545 553 569 585 593 609 633 641 649 665 
X^618:  128 152 160 184 192 224 264 272 280 328 344 352 360 368 392 416 424 432 472 488 512 528 568 584 616 632 648 672 
X^619:  87 95 151 183 263 327 359 367 399 407 423 431 479 487 543 551 599 607 647 655 663 
X^620:  126 150 182 190 222 286 310 318 342 350 390 422 446 454 462 494 510 518 534 542 550 574 598 606 638 654 
X^621:  157 181 197 213 261 277 317 325 357 373 381 397 405 413 421 429 437 461 469 493 501 509 525 533 557 565 573 613 669 
X^622:  92 124 148 156 180 188 260 276 316 340 348 356 388 396 412 420 436 444 484 492 500 524 532 548 556 564 604 652 668 
X^623:  83 91 147 179 219 283 307 315 347 363 371 387 395 427 443 451 459 467 475 491 523 531 563 579 587 603 635 643 659 667 
X^624:  82 90 122 178 186 210 218 266 314 338 346 354 362 394 402 426 434 450 466 474 490 506 514 538 554 562 578 586 594 602 610 626 642 650 658 
X^625:  97 121 129 161 185 193 217 281 297 321 345 385 417 425 441 457 481 489 497 513 553 569 577 585 601 625 649 657 665 673 
X^626:  80 144 152 160 176 184 208 216 264 272 288 320 352 360 384 408 424 440 448 464 472 480 496 512 520 568 584 600 616 624 640 648 672 
X^627:  79 151 159 175 215 223 263 271 279 303 319 343 351 359 367 375 407 415 455 463 487 495 503 567 583 591 599 607 615 631 647 655 663 
X^628:  94 142 150 158 174 182 214 222 254 262 286 318 326 358 374 406 454 462 478 486 494 502 518 526 550 558 566 606 614 630 638 646 
X^629:  157 173 189 205 253 261 269 285 317 325 349 357 365 373 381 389 397 413 421 445 469 485 493 509 533 557 573 581 597 605 613 637 645 661 669 
X^630:  140 156 172 180 220 260 268 276 300 324 332 340 356 372 388 396 404 412 436 460 468 476 484 508 540 564 628 636 660 668 
X^631:  75 91 147 155 171 211 251 259 267 275 283 315 323 339 371 379 395 403 411 427 443 523 563 571 595 611 627 643 651 659 
X^632:  90 138 154 170 178 194 218 250 258 314 338 386 394 402 418 426 450 466 474 482 490 498 522 530 538 594 602 610 618 634 650 666 
X^633:  89 113 129 153 161 177 201 209 225 257 273 281 289 337 353 361 369 377 409 433 449 457 473 481 505 521 537 553 561 585 617 633 641 657 665 
X^634:  80 88 112 152 168 176 192 200 224 248 256 264 272 280 296 304 312 328 336 344 352 360 368 376 400 416 424 432 440 456 472 496 512 520 536 544 552 560 568 576 600 608 632 640 648 656 
X^635:  71 79 87 95 135 143 151 167 199 207 215 223 247 263 287 295 303 311 319 327 343 383 391 399 415 447 455 471 495 503 511 527 543 551 575 599 607 623 647 655 663 671 
X^636:  78 110 134 142 158 166 174 206 222 262 278 302 318 342 350 358 366 390 398 446 470 494 510 534 542 558 574 606 614 630 638 646 654 
X^637:  93 141 149 157 165 181 245 261 269 277 285 301 309 325 341 357 365 381 397 429 437 445 461 477 501 517 525 533 541 549 573 589 605 629 669 
X^638:  84 108 132 140 148 156 164 172 220 244 268 292 300 308 316 324 348 364 372 388 404 412 420 436 484 500 508 532 540 548 564 588 612 620 628 636 652 668 
X^639:  67 75 91 131 139 163 195 219 259 267 275 283 307 315 323 379 419 435 451 459 475 483 491 539 579 587 595 603 611 651 
X^640:  34 66 106 130 154 162 170 186 210 250 258 266 274 306 330 346 354 362 370 386 402 418 442 490 514 530 562 594 610 626 634 642 666 
X^641:  73 81 105 113 121 145 153 169 177 217 249 273 281 297 305 337 361 409 417 433 441 473 529 537 561 585 601 617 633 641 649 657 665 
X^642:  32 64 96 128 136 144 152 168 184 200 208 216 248 256 288 328 336 344 360 376 400 416 424 432 448 456 472 496 520 528 552 560 600 616 624 640 648 656 664 
X^643:  63 95 127 143 151 191 207 247 255 271 279 311 319 335 351 359 367 375 383 391 399 415 431 439 455 463 471 479 487 495 503 519 527 551 559 575 583 607 615 623 631 647 655 663 
X^644:  94 126 134 142 158 166 198 206 214 222 238 246 262 294 310 326 334 342 358 398 406 438 446 454 478 486 502 518 534 542 550 574 582 598 614 646 654 662 670 
X^645:  93 149 173 221 237 245 253 269 277 285 293 301 309 317 325 357 365 389 413 421 437 445 453 469 477 485 493 501 533 565 581 613 629 661 
X^646:  92 124 132 140 164 196 204 212 220 244 252 260 268 292 308 316 332 340 348 356 364 372 380 404 412 428 460 468 476 492 500 508 524 564 572 604 628 636 644 660 668 
X^647:  59 91 123 139 147 155 187 203 219 235 243 251 283 299 315 339 363 371 395 427 435 451 459 475 483 499 507 515 523 539 547 555 563 571 579 603 619 627 635 643 667 
X^648:  130 138 146 162 186 194 202 210 218 234 242 250 274 282 298 322 338 394 402 410 426 458 466 474 482 490 514 530 570 586 594 618 626 634 642 650 658 666 
X^649:  33 65 137 161 185 281 289 321 329 345 385 393 401 449 481 489 497 505 545 553 561 569 585 601 609 617 625 641 649 657 665 673 
X^650:  32 96 120 136 144 152 200 208 232 240 256 272 288 312 328 352 360 368 376 392 400 408 440 448 464 480 488 504 512 528 536 544 552 576 600 624 632 648 656 664 
X^651:  55 63 87 127 135 143 159 199 223 231 247 255 327 351 367 375 383 391 407 431 439 463 511 519 527 535 543 559 567 591 599 607 631 639 655 671 
X^652:  30 86 94 118 126 134 158 198 222 246 254 262 270 278 286 326 334 342 350 366 374 382 390 398 422 446 454 462 478 518 526 566 582 590 606 622 638 654 662 
X^653:  85 125 141 149 165 181 213 221 229 245 253 261 277 285 317 325 333 341 357 365 373 381 397 405 421 429 437 453 469 477 485 493 509 549 557 565 573 613 661 669 
X^654:  28 60 84 92 116 124 132 148 156 188 196 228 268 276 292 308 316 332 340 372 388 412 428 436 444 476 500 524 548 604 612 620 636 644 652 660 668 
X^655:  51 59 83 123 131 139 147 187 195 211 243 259 275 323 331 339 363 379 387 403 411 419 451 491 515 531 539 571 587 595 611 619 627 635 643 651 659 667 
X^656:  26 50 58 90 114 130 138 146 154 178 194 202 210 218 234 242 250 266 314 330 338 354 370 410 418 434 466 474 498 514 554 562 570 578 586 594 634 642 650 
X^657:  25 33 65 89 129 153 185 225 249 257 265 281 313 321 329 337 345 353 385 425 449 457 465 473 481 505 513 537 553 569 577 585 609 625 633 641 649 657 665 
X^658:  48 88 136 176 192 200 208 232 256 264 280 288 304 312 320 336 352 360 376 384 432 440 448 480 504 552 568 576 592 600 624 648 
X^659:  47 79 111 119 135 151 183 207 231 247 255 279 295 311 351 391 407 415 423 431 455 479 487 495 503 511 527 535 543 575 591 599 607 615 623 631 655 671 
X^660:  62 78 86 110 126 158 198 222 230 238 246 270 278 286 318 342 350 374 390 398 406 414 438 470 486 494 510 518 542 574 582 590 598 606 614 630 646 654 
X^661:  77 125 133 149 173 205 213 221 229 237 253 261 269 285 317 325 333 349 365 381 389 397 405 421 445 469 477 485 493 501 525 549 565 573 589 613 629 645 653 669 
X^662:  76 84 108 116 140 148 180 196 228 252 276 284 308 316 332 356 364 372 380 388 404 412 420 436 452 492 500 508 516 532 548 556 564 572 588 604 612 644 652 668 
X^663:  43 59 75 107 115 123 131 139 147 155 179 187 219 227 243 259 275 307 331 347 355 363 379 395 403 443 483 491 507 515 523 539 547 555 563 571 595 619 627 635 643 667 
X^664:  58 82 106 114 122 130 146 162 178 194 218 226 234 250 274 282 322 346 362 402 434 450 490 498 514 546 562 570 610 642 650 
X^665:  17 33 57 89 97 121 129 161 169 177 193 217 241 249 265 305 313 321 337 353 385 393 401 409 417 441 457 489 497 513 521 561 569 577 601 617 625 633 641 649 657 673 
X^666:  16 48 56 120 128 136 168 176 184 200 208 224 280 288 296 304 312 320 344 352 376 408 416 424 432 440 456 464 480 488 496 520 528 544 576 608 616 632 640 648 
X^667:  39 47 55 63 71 119 151 167 175 191 199 223 239 247 255 271 287 303 311 351 375 391 431 439 463 479 487 543 551 575 591 607 623 647 655 663 
X^668:  14 46 70 102 110 118 126 134 182 190 198 222 278 286 326 358 382 398 414 422 430 446 494 502 518 534 550 558 566 574 582 590 598 606 622 630 638 646 654 662 
X^669:  61 69 109 117 125 133 149 197 205 221 229 245 253 261 277 285 293 301 309 317 333 349 357 381 413 421 445 461 469 477 493 501 509 533 541 557 573 597 621 629 637 653 661 
X^670:  12 52 68 100 116 124 148 172 180 188 196 204 220 228 236 244 260 268 276 300 308 332 340 348 388 396 404 412 420 428 436 444 452 460 484 500 508 524 532 540 556 564 588 596 604 644 
X^671:  35 43 59 67 115 131 139 163 179 187 203 219 251 275 307 355 363 371 379 387 427 459 491 531 563 571 587 611 635 651 659 
X^672:  2 10 34 66 106 114 130 138 154 170 186 242 258 282 314 322 338 354 362 370 386 402 418 426 434 458 466 482 498 506 522 562 570 586 602 610 618 626 
X^673:  9 17 25 41 49 73 81 105 113 121 145 153 185 209 217 265 297 313 345 361 369 377 385 417 441 449 457 465 489 497 505 537 553 585 593 601 625 649 665 673 
X^674:  0 
checksum: 4154281